/*--------------------------------*- C++ -*----------------------------------*\
| =========                 |                                                 |
| \\      /  F ield         | OpenFOAM: The Open Source CFD Toolbox           |
|  \\    /   O peration     | Version:  4.1                                   |
|   \\  /    A nd           | Web:      www.OpenFOAM.org                      |
|    \\/     M anipulation  |                                                 |
\*---------------------------------------------------------------------------*/
FoamFile
{
    version     2.0;
    format      ascii;
    class       volScalarField;
    location    "1500";
    object      nut;
}
// * * * * * * * * * * * * * * * * * * * * * * * * * * * * * * * * * * * * * //

dimensions      [0 2 -1 0 0 0 0];

internalField   nonuniform List<scalar> 
6820
(
3.5437e-05
5.0672e-05
6.21565e-05
6.89859e-05
7.29393e-05
7.51484e-05
7.62608e-05
7.66561e-05
7.65742e-05
7.61754e-05
7.5569e-05
7.48308e-05
7.40141e-05
7.31561e-05
7.22832e-05
7.14133e-05
7.05589e-05
6.97282e-05
6.89266e-05
6.81574e-05
6.7422e-05
6.67213e-05
6.6055e-05
6.54225e-05
6.48227e-05
6.42545e-05
6.37163e-05
6.32068e-05
6.2723e-05
6.22708e-05
6.18119e-05
6.15226e-05
6.06187e-05
0.00135033
0.000930454
0.000725657
0.000569941
0.000453328
0.000372218
0.000316223
0.000276487
0.000247302
0.000225194
0.000208006
0.000194347
0.000183294
0.000174212
0.000166657
0.000160304
0.000154915
0.000150307
0.000146343
0.000142912
0.000139928
0.000137322
0.000135037
0.000133026
0.000131252
0.000129681
0.000128287
0.000127046
0.000125936
0.000124945
0.000124035
0.000123263
0.000122375
0.0034439
0.00180034
0.00133708
0.00108081
0.000912409
0.000791562
0.000700947
0.00063099
0.000575611
0.000530788
0.000493805
0.000462783
0.000436392
0.000413669
0.000393905
0.000376561
0.000361227
0.000347581
0.000335366
0.000324379
0.000314452
0.000305447
0.000297251
0.000289768
0.000282915
0.000276623
0.000270833
0.000265492
0.000260553
0.000255978
0.000251725
0.000247775
0.000244046
0.00637392
0.00310291
0.00217847
0.00173334
0.00146616
0.00128428
0.00115082
0.00104807
0.000966256
0.000899457
0.000843822
0.000796729
0.000756323
0.000721253
0.000690512
0.000663332
0.000639118
0.000617403
0.000597813
0.000580047
0.000563859
0.000549047
0.000535441
0.000522899
0.000511301
0.000500545
0.000490542
0.000481216
0.0004725
0.000464336
0.000456667
0.000449452
0.000442625
0.00899737
0.00527271
0.00366202
0.00284163
0.00235737
0.00203856
0.00181195
0.00164188
0.00150906
0.00140219
0.00131419
0.00124038
0.00117752
0.0011233
0.00107604
0.00103444
0.000997547
0.000964581
0.000934941
0.000908141
0.000883785
0.00086155
0.000841166
0.000822409
0.000805088
0.000789042
0.000774133
0.000760242
0.000747263
0.000735105
0.000723686
0.000712937
0.000702774
0.0103765
0.00752965
0.00561349
0.00443387
0.0036773
0.00316202
0.00279169
0.00251363
0.00229739
0.00212446
0.001983
0.00186511
0.00176535
0.00167982
0.00160567
0.00154076
0.00148347
0.00143253
0.00138693
0.00134588
0.00130873
0.00127494
0.00124408
0.00121579
0.00118975
0.00116571
0.00114344
0.00112275
0.00110348
0.00108547
0.00106861
0.00105279
0.00103788
0.0109773
0.00922098
0.00752197
0.0062241
0.00528073
0.00458893
0.00406896
0.0036676
0.00335003
0.00309329
0.00288184
0.00270491
0.00255482
0.00242601
0.0023143
0.00221655
0.00213034
0.00205377
0.00198532
0.00192379
0.00186819
0.00181772
0.00177171
0.0017296
0.00169093
0.00165529
0.00162234
0.0015918
0.0015634
0.00153694
0.00151221
0.00148906
0.00146732
0.0112223
0.01026
0.00902119
0.00786209
0.00689742
0.00612295
0.00550365
0.00500431
0.00459663
0.00425931
0.00397662
0.00373691
0.00353146
0.00335369
0.00319854
0.0030621
0.00294126
0.00283359
0.00273709
0.00265017
0.00257151
0.00250001
0.00243477
0.00237503
0.00232013
0.00226953
0.00222276
0.00217941
0.00213912
0.00210159
0.00206655
0.00203377
0.00200304
0.0113196
0.0108286
0.0100355
0.0091472
0.00830321
0.00755759
0.00691829
0.00637539
0.00591434
0.00552102
0.00518335
0.00489139
0.00463719
0.00441434
0.00421771
0.0040432
0.00388744
0.00374772
0.00362179
0.00350779
0.00340418
0.00330966
0.00322313
0.00314367
0.00307047
0.00300286
0.00294025
0.00288212
0.00282803
0.00277759
0.00273046
0.00268635
0.00264498
0.0113579
0.0111187
0.0106546
0.0100468
0.00939296
0.00875749
0.00817148
0.00764509
0.00717794
0.00676519
0.00640062
0.00607795
0.00579147
0.00553616
0.00530774
0.00510254
0.00491748
0.00474995
0.00459774
0.00445899
0.00433208
0.00421566
0.00410856
0.00400976
0.00391838
0.00383367
0.00375497
0.00368169
0.00361333
0.00354943
0.00348961
0.00343351
0.00338082
0.0113728
0.01126
0.0110057
0.0106242
0.0101642
0.00967403
0.00918758
0.0087244
0.00829364
0.0078983
0.00753797
0.00721062
0.00691349
0.00664365
0.00639827
0.0061747
0.00597057
0.00578376
0.00561239
0.00545481
0.00530956
0.0051754
0.00505118
0.00493595
0.00482882
0.00472904
0.00463594
0.00454891
0.00446743
0.00439102
0.00431927
0.0042518
0.00418827
0.0113787
0.0113266
0.011194
0.0109703
0.0106711
0.0103231
0.00995189
0.00957697
0.009211
0.00886139
0.00853191
0.008224
0.0079377
0.00767227
0.0074265
0.00719904
0.00698845
0.00679333
0.00661237
0.00644431
0.00628804
0.00614252
0.00600681
0.00588007
0.00576153
0.0056505
0.00554637
0.00544858
0.00535662
0.00527004
0.00518843
0.00511143
0.0050387
0.0113809
0.0113572
0.0112906
0.0111664
0.010984
0.0107537
0.0104904
0.0102084
0.00991919
0.00963122
0.00935016
0.00907954
0.00882138
0.00857663
0.00834556
0.00812801
0.00792352
0.00773148
0.0075512
0.00738196
0.00722301
0.00707367
0.00693326
0.00680115
0.00667673
0.00655947
0.00644885
0.0063444
0.00624569
0.00615233
0.00606396
0.00598023
0.00590086
0.0113818
0.0113708
0.0113383
0.0112723
0.0111671
0.0110237
0.0108485
0.0106497
0.0104355
0.0102131
0.00998805
0.00976447
0.00954535
0.00933265
0.00912765
0.00893106
0.00874324
0.00856427
0.00839403
0.00823232
0.00807881
0.00793316
0.007795
0.00766392
0.00753955
0.00742152
0.00730945
0.00720301
0.00710186
0.0070057
0.00691423
0.00682718
0.00674431
0.0113822
0.0113768
0.0113611
0.0113273
0.0112692
0.0111846
0.0110744
0.0109422
0.0107927
0.0106307
0.0104607
0.0102863
0.0101104
0.00993551
0.00976318
0.00959469
0.00943091
0.00927239
0.00911948
0.00897237
0.0088311
0.00869564
0.0085659
0.00844172
0.00832293
0.00820933
0.00810072
0.00799688
0.00789762
0.00780271
0.00771195
0.00762516
0.00754214
0.0113823
0.0113794
0.0113717
0.0113547
0.0113238
0.011276
0.0112101
0.0111268
0.0110279
0.0109162
0.0107945
0.0106655
0.0105317
0.0103951
0.0102574
0.01012
0.00998405
0.00985025
0.00971925
0.0095915
0.0094673
0.00934686
0.0092303
0.00911767
0.00900898
0.00890419
0.00880325
0.00870606
0.00861253
0.00852256
0.00843603
0.00835284
0.00827284
0.0113824
0.0113805
0.0113765
0.0113679
0.0113519
0.0113259
0.0112881
0.0112379
0.0111757
0.0111025
0.0110197
0.010929
0.0108321
0.0107305
0.0106258
0.010519
0.0104112
0.0103034
0.0101961
0.01009
0.00998548
0.00988291
0.00978254
0.00968457
0.00958912
0.0094963
0.00940615
0.0093187
0.00923395
0.00915188
0.00907246
0.00899564
0.00892138
0.0113824
0.0113809
0.0113786
0.0113741
0.0113658
0.0113519
0.011331
0.0113021
0.0112646
0.0112187
0.011165
0.0111041
0.0110372
0.0109652
0.0108891
0.0108098
0.0107282
0.010645
0.010561
0.0104765
0.0103922
0.0103084
0.0102255
0.0101436
0.010063
0.00998397
0.0099065
0.00983074
0.00975676
0.00968461
0.00961432
0.0095459
0.00947936
0.0113824
0.0113811
0.0113795
0.0113769
0.0113724
0.0113651
0.0113537
0.0113375
0.0113158
0.0112882
0.0112548
0.0112157
0.0111715
0.0111227
0.0110698
0.0110135
0.0109543
0.0108929
0.0108297
0.0107652
0.0107
0.0106342
0.0105683
0.0105025
0.010437
0.0103722
0.010308
0.0102447
0.0101824
0.0101212
0.0100611
0.0100022
0.00994458
0.0113824
0.0113812
0.0113798
0.0113781
0.0113755
0.0113714
0.0113653
0.0113563
0.011344
0.011328
0.011308
0.0112839
0.0112559
0.0112241
0.0111889
0.0111505
0.0111093
0.0110657
0.0110202
0.0109729
0.0109243
0.0108746
0.0108242
0.0107732
0.0107219
0.0106706
0.0106193
0.0105682
0.0105175
0.0104672
0.0104175
0.0103684
0.01032
0.0113824
0.0113812
0.01138
0.0113786
0.0113768
0.0113744
0.0113709
0.0113659
0.011359
0.0113499
0.0113382
0.0113238
0.0113067
0.0112868
0.0112641
0.011239
0.0112114
0.0111816
0.0111499
0.0111165
0.0110816
0.0110454
0.0110081
0.0109699
0.0109311
0.0108917
0.0108519
0.010812
0.0107719
0.0107318
0.0106918
0.010652
0.0106125
0.0113824
0.0113812
0.01138
0.0113788
0.0113774
0.0113757
0.0113735
0.0113706
0.0113666
0.0113614
0.0113547
0.0113463
0.011336
0.0113238
0.0113097
0.0112937
0.0112758
0.0112561
0.0112347
0.0112117
0.0111873
0.0111616
0.0111348
0.0111069
0.0110782
0.0110487
0.0110186
0.010988
0.010957
0.0109257
0.0108942
0.0108625
0.0108308
0.0113824
0.0113812
0.01138
0.0113789
0.0113776
0.0113763
0.0113747
0.0113728
0.0113703
0.0113672
0.0113632
0.0113582
0.0113521
0.0113447
0.011336
0.0113259
0.0113143
0.0113014
0.0112871
0.0112715
0.0112546
0.0112365
0.0112174
0.0111972
0.0111761
0.0111541
0.0111315
0.0111081
0.0110842
0.0110598
0.011035
0.0110099
0.0109845
0.0113824
0.0113812
0.01138
0.0113789
0.0113777
0.0113765
0.0113752
0.0113737
0.011372
0.0113699
0.0113673
0.0113642
0.0113603
0.0113555
0.0113499
0.0113432
0.0113355
0.0113267
0.0113167
0.0113057
0.0112936
0.0112805
0.0112663
0.0112512
0.0112351
0.0112182
0.0112006
0.0111822
0.0111632
0.0111436
0.0111235
0.0111029
0.011082
0.0113824
0.0113812
0.01138
0.0113789
0.0113777
0.0113766
0.0113753
0.011374
0.0113726
0.0113709
0.0113689
0.0113665
0.0113635
0.0113599
0.0113556
0.0113504
0.0113444
0.0113375
0.0113297
0.0113208
0.011311
0.0113002
0.0112885
0.0112759
0.0112624
0.011248
0.0112329
0.0112171
0.0112006
0.0111835
0.0111658
0.0111476
0.011129
0.0113824
0.0113812
0.01138
0.0113789
0.0113777
0.0113765
0.0113753
0.011374
0.0113725
0.0113707
0.0113686
0.0113661
0.011363
0.0113593
0.0113548
0.0113496
0.0113434
0.0113364
0.0113284
0.0113194
0.0113095
0.0112986
0.0112868
0.0112741
0.0112606
0.0112462
0.0112311
0.0112152
0.0111987
0.0111816
0.011164
0.0111458
0.0111272
0.0113824
0.0113812
0.01138
0.0113789
0.0113777
0.0113764
0.011375
0.0113734
0.0113715
0.0113691
0.0113662
0.0113626
0.0113583
0.011353
0.0113468
0.0113395
0.0113312
0.0113218
0.0113113
0.0112998
0.0112872
0.0112735
0.0112589
0.0112434
0.0112271
0.0112099
0.011192
0.0111734
0.0111542
0.0111344
0.0111142
0.0110935
0.0110725
0.0113824
0.0113812
0.01138
0.0113788
0.0113775
0.011376
0.0113742
0.0113718
0.0113688
0.0113648
0.0113599
0.0113537
0.0113462
0.0113373
0.011327
0.0113153
0.0113021
0.0112875
0.0112715
0.0112543
0.0112359
0.0112164
0.0111959
0.0111744
0.0111521
0.011129
0.0111053
0.011081
0.0110562
0.011031
0.0110054
0.0109796
0.0109535
0.0113824
0.0113812
0.01138
0.0113787
0.011377
0.0113748
0.0113718
0.0113676
0.0113618
0.0113543
0.0113449
0.0113333
0.0113196
0.0113037
0.0112857
0.0112656
0.0112436
0.0112198
0.0111944
0.0111675
0.0111393
0.01111
0.0110797
0.0110486
0.0110167
0.0109843
0.0109514
0.0109182
0.0108847
0.010851
0.0108173
0.0107836
0.0107499
0.0113824
0.0113813
0.0113799
0.0113781
0.0113755
0.0113714
0.0113652
0.0113564
0.0113446
0.0113295
0.0113109
0.0112888
0.0112634
0.0112347
0.0112031
0.0111689
0.0111323
0.0110938
0.0110535
0.0110117
0.0109688
0.010925
0.0108805
0.0108355
0.0107902
0.0107447
0.0106992
0.0106538
0.0106086
0.0105637
0.0105192
0.0104751
0.0104315
0.0113825
0.0113812
0.0113794
0.0113761
0.0113704
0.0113611
0.0113472
0.0113279
0.0113028
0.011272
0.0112356
0.011194
0.0111477
0.0110974
0.0110436
0.0109871
0.0109282
0.0108677
0.0108058
0.0107431
0.0106799
0.0106166
0.0105533
0.0104902
0.0104277
0.0103658
0.0103047
0.0102444
0.0101851
0.0101268
0.0100696
0.0100135
0.00995844
0.0113825
0.0113808
0.011377
0.0113691
0.0113545
0.0113315
0.0112988
0.011256
0.0112036
0.0111424
0.0110735
0.0109982
0.0109178
0.0108335
0.0107465
0.0106576
0.0105676
0.0104773
0.0103873
0.0102978
0.0102094
0.0101224
0.0100368
0.00995292
0.00987086
0.0097907
0.0097125
0.00963628
0.00956207
0.00948985
0.00941962
0.00935135
0.009285
0.0113825
0.0113787
0.0113679
0.0113447
0.0113054
0.011248
0.0111728
0.0110816
0.0109771
0.0108621
0.0107396
0.0106119
0.0104814
0.0103497
0.0102183
0.0100882
0.00996015
0.00983484
0.00971264
0.00959382
0.00947856
0.00936695
0.00925902
0.00915477
0.00905414
0.00895706
0.00886344
0.00877318
0.00868618
0.0086023
0.00852145
0.00844351
0.00836835
0.011382
0.0113691
0.0113325
0.0112633
0.0111587
0.0110222
0.0108601
0.0106799
0.0104883
0.010291
0.0100925
0.00989597
0.00970363
0.00951703
0.00933709
0.00916431
0.0089989
0.00884088
0.00869011
0.0085464
0.00840946
0.008279
0.00815471
0.00803628
0.00792339
0.00781574
0.00771303
0.00761498
0.00752134
0.00743184
0.00734626
0.00726437
0.00718597
0.0113786
0.0113249
0.0111997
0.0110009
0.0107442
0.0104511
0.0101407
0.00982717
0.00952002
0.00922488
0.00894479
0.00868112
0.00843415
0.00820345
0.00798818
0.00778734
0.00759987
0.00742475
0.00726099
0.00710765
0.00696389
0.00682893
0.00670204
0.0065826
0.00647
0.00636371
0.00626326
0.00616821
0.00607815
0.00599273
0.00591162
0.00583452
0.00576115
0.0113536
0.011126
0.0107259
0.0102229
0.00968832
0.00916705
0.00868064
0.00823688
0.00783646
0.00747677
0.00715407
0.00686444
0.00660376
0.00636828
0.00615476
0.00596041
0.00578287
0.00562012
0.00547044
0.00533237
0.00520464
0.00508615
0.00497596
0.00487325
0.0047773
0.00468748
0.00460324
0.00452408
0.00444956
0.00437931
0.00431297
0.00425024
0.00419084
0.0111683
0.0102731
0.00924316
0.00829367
0.00748992
0.00682636
0.00627847
0.00582284
0.00544041
0.00511624
0.00483928
0.00459995
0.00439098
0.00420686
0.00404337
0.00389717
0.00376565
0.00364667
0.00353852
0.00343977
0.00334924
0.00326595
0.00318905
0.00311784
0.00305171
0.00299014
0.00293267
0.0028789
0.0028285
0.00278116
0.0027366
0.0026946
0.00265494
0.00982659
0.0072389
0.00577405
0.00486951
0.00424873
0.00378755
0.00342701
0.00314024
0.00290887
0.00271813
0.00255776
0.00242093
0.0023028
0.00219976
0.00210909
0.00202868
0.00195686
0.0018923
0.00183394
0.00178091
0.0017325
0.00168811
0.00164725
0.0016095
0.00157452
0.001542
0.00151169
0.00148337
0.00145683
0.00143192
0.00140849
0.0013864
0.00136554
0.00414167
0.00254161
0.00204418
0.00174836
0.00154034
0.00137827
0.00124767
0.00114134
0.00105377
0.00098091
0.000919644
0.000867562
0.000822823
0.000784021
0.000750081
0.000720164
0.000693613
0.000669905
0.00064862
0.000629415
0.000612009
0.000596171
0.000581705
0.000568448
0.000556262
0.000545028
0.000534645
0.000525023
0.000516088
0.000507773
0.000500018
0.000492774
0.000485988
0.000119434
0.000124352
0.000129424
0.000134072
0.000138235
0.000142037
0.000145562
0.000148849
0.000151924
0.000154806
0.000157512
0.000160054
0.000162444
0.000164691
0.000166805
0.000168794
0.000170666
0.000172429
0.000174087
0.000175649
0.000177119
0.000178503
0.000179807
0.000181034
0.00018219
0.000183279
0.000184304
0.00018527
0.000186181
0.000187038
0.000187846
0.000188607
0.000189325
6.59677e-05
7.80961e-05
9.79068e-05
0.000124182
0.000156147
0.000192544
0.000232119
0.000273542
0.000315461
0.000356662
0.000396251
0.000433764
0.000469148
0.000502659
0.000534712
0.000565753
0.000596162
0.000626204
0.000656028
0.000685689
0.000715189
0.000744513
0.000773654
0.000802626
0.000831462
0.000860211
0.000888924
0.000917653
0.000946439
0.000975317
0.00100431
0.00103344
0.00106272
0.00109215
0.00112175
0.00115151
0.00118146
0.0012116
0.00124193
0.0012725
0.0013033
0.00133439
0.00136581
0.00139761
0.00142985
0.00146263
0.00149603
0.00153016
0.00156516
0.00160117
0.00163836
0.0016769
0.00171699
0.00175886
0.00180271
0.00184881
0.00189737
0.00194866
0.0020029
0.00206032
0.00212112
0.00218547
0.0022535
0.00232532
0.00240095
0.00248039
0.00256355
0.00265032
0.0027405
0.00283387
0.00293014
0.00302899
0.00313009
0.00323307
0.00333754
0.00344311
0.0035494
0.003656
0.00376252
0.00386858
0.00397379
0.00407779
0.00418021
0.00428072
0.004379
0.00447476
0.00456772
0.00465764
0.00474433
0.00482759
0.00490728
0.00498327
0.00505548
0.00512381
0.00518827
0.00524871
0.00530547
0.00535807
0.00540617
0.00547033
0.000121855
0.000121643
0.000123435
0.000128366
0.000136195
0.000146955
0.000160747
0.000177675
0.000197787
0.000221067
0.000247407
0.000276579
0.000308223
0.000341866
0.000376947
0.000412874
0.000449079
0.00048508
0.000520517
0.000555178
0.000588986
0.000621969
0.000654223
0.000685872
0.000717041
0.000747845
0.000778378
0.000808716
0.000838926
0.000869063
0.000899179
0.000929319
0.000959523
0.000989829
0.00102027
0.00105088
0.00108168
0.00111271
0.001144
0.00117558
0.00120749
0.00123979
0.00127252
0.00130576
0.00133959
0.0013741
0.00140939
0.00144558
0.00148283
0.00152128
0.00156112
0.00160252
0.00164571
0.0016909
0.00173831
0.00178819
0.00184077
0.00189628
0.00195492
0.0020169
0.00208236
0.00215145
0.00222423
0.00230073
0.00238093
0.00246476
0.00255208
0.0026427
0.00273639
0.0028329
0.00293191
0.00303309
0.00313612
0.00324064
0.00334629
0.00345271
0.00355957
0.0036665
0.00377317
0.00387924
0.00398436
0.00408822
0.00419049
0.00429088
0.00438908
0.00448482
0.00457787
0.00466798
0.00475497
0.00483865
0.00491888
0.00499553
0.0050685
0.0051377
0.00520312
0.00526461
0.00532249
0.0053763
0.00542552
0.00549151
0.000240023
0.000235387
0.000230545
0.000226088
0.000222629
0.000220669
0.000220411
0.000221987
0.000225643
0.000231663
0.000240328
0.000251876
0.000266463
0.000284141
0.000304846
0.000328398
0.000354517
0.000382844
0.000412974
0.000444477
0.000476937
0.000509971
0.000543256
0.000576539
0.000609644
0.000642471
0.000674983
0.000707188
0.00073913
0.000770868
0.000802468
0.000833998
0.000865521
0.000897096
0.000928778
0.000960619
0.000992672
0.00102499
0.00105762
0.00109062
0.00112406
0.001158
0.00119251
0.00122769
0.00126363
0.00130043
0.00133823
0.00137717
0.0014174
0.00145908
0.00150242
0.0015476
0.00159484
0.00164436
0.00169637
0.00175111
0.00180876
0.00186954
0.00193359
0.00200107
0.00207206
0.00214661
0.00222474
0.00230639
0.00239145
0.00247979
0.0025712
0.00266545
0.00276226
0.00286135
0.0029624
0.00306508
0.00316909
0.0032741
0.0033798
0.00348589
0.00359207
0.00369805
0.00380356
0.00390832
0.00401205
0.00411449
0.00421535
0.00431438
0.00441132
0.00450594
0.004598
0.00468729
0.00477363
0.00485684
0.00493677
0.0050133
0.00508631
0.00515571
0.00522148
0.00528345
0.00534193
0.00539648
0.00544639
0.00551363
0.000435134
0.000426874
0.000418754
0.000410869
0.000403347
0.000396281
0.000389743
0.000383831
0.000378625
0.000374177
0.000370606
0.000368119
0.000367001
0.000367607
0.000370318
0.000375502
0.00038346
0.000394388
0.000408353
0.000425288
0.000445012
0.000467254
0.000491692
0.000517979
0.000545777
0.00057477
0.000604682
0.000635284
0.000666399
0.000697893
0.000729681
0.000761713
0.000793972
0.000826466
0.000859218
0.000892267
0.000925661
0.000959458
0.000993718
0.00102851
0.00106392
0.00110002
0.0011369
0.00117469
0.00121348
0.00125341
0.00129461
0.00133725
0.00138149
0.00142751
0.0014755
0.00152565
0.00157816
0.00163324
0.00169106
0.00175181
0.00181565
0.00188269
0.00195305
0.00202676
0.00210384
0.00218426
0.00226793
0.00235471
0.00244442
0.00253685
0.00263175
0.00272883
0.00282781
0.00292838
0.00303024
0.00313308
0.00323663
0.00334062
0.00344479
0.00354891
0.00365276
0.00375612
0.0038588
0.00396059
0.00406128
0.00416068
0.00425856
0.00435472
0.00444896
0.00454105
0.0046308
0.00471802
0.00480253
0.00488417
0.00496278
0.00503823
0.0051104
0.00517918
0.00524454
0.00530631
0.00536475
0.00541945
0.00546953
0.00553732
0.000691617
0.000679364
0.000667483
0.000656119
0.000645362
0.0006352
0.000625581
0.000616446
0.000607784
0.000599549
0.000591688
0.000584175
0.00057703
0.000570328
0.000564205
0.000558864
0.000554567
0.000551626
0.000550378
0.000551158
0.000554269
0.000559948
0.000568345
0.000579515
0.000593422
0.000609949
0.000628921
0.000650128
0.000673342
0.00069834
0.000724913
0.000752878
0.000782081
0.0008124
0.000843745
0.000876055
0.000909299
0.000943469
0.000978583
0.00101467
0.0010518
0.00109003
0.00112944
0.00117015
0.00121226
0.00125591
0.00130122
0.00134835
0.00139746
0.00144872
0.00150228
0.00155832
0.001617
0.00167845
0.00174282
0.00181021
0.0018807
0.00195433
0.00203111
0.00211099
0.0021939
0.00227969
0.00236821
0.00245925
0.00255255
0.00264785
0.00274485
0.00284327
0.00294279
0.00304312
0.00314398
0.00324511
0.00334629
0.00344729
0.00354794
0.00364809
0.00374759
0.00384632
0.00394416
0.00404099
0.0041367
0.00423114
0.00432419
0.00441568
0.00450547
0.00459338
0.00467925
0.0047629
0.00484418
0.00492292
0.00499897
0.00507219
0.00514245
0.00520963
0.00527367
0.00533439
0.00539202
0.00544616
0.00549578
0.00556329
0.00102157
0.00100376
0.000986604
0.000970237
0.000954765
0.000940185
0.000926438
0.000913436
0.000901098
0.000889353
0.000878117
0.000867324
0.000856928
0.000846913
0.00083729
0.000828101
0.000819424
0.000811368
0.000804076
0.000797723
0.000792514
0.000788674
0.000786438
0.000786041
0.0007877
0.000791599
0.000797885
0.000806653
0.000817949
0.000831772
0.000848081
0.000866805
0.000887854
0.000911128
0.000936528
0.000963963
0.000993354
0.00102464
0.00105778
0.00109275
0.00112955
0.0011682
0.00120874
0.00125122
0.00129573
0.00134235
0.00139118
0.00144232
0.00149589
0.001552
0.00161076
0.00167228
0.00173664
0.00180392
0.00187417
0.0019474
0.0020236
0.00210272
0.00218467
0.00226932
0.00235651
0.00244601
0.0025376
0.002631
0.00272592
0.00282205
0.00291907
0.00301669
0.00311459
0.0032125
0.00331018
0.0034074
0.00350399
0.0035998
0.00369473
0.00378869
0.00388164
0.00397353
0.00406435
0.00415406
0.00424263
0.00433001
0.00441616
0.00450097
0.00458436
0.00466621
0.00474639
0.00482476
0.00490118
0.00497549
0.00504754
0.00511718
0.00518428
0.00524869
0.00531033
0.00536901
0.00542491
0.00547765
0.00552606
0.00559228
0.0014436
0.00141783
0.00139312
0.00136956
0.00134724
0.00132615
0.00130624
0.00128742
0.00126959
0.00125266
0.00123655
0.00122117
0.00120649
0.00119246
0.00117908
0.00116638
0.00115437
0.00114311
0.00113266
0.0011231
0.00111451
0.001107
0.00110069
0.00109569
0.00109215
0.00109021
0.00109003
0.00109176
0.00109553
0.00110149
0.00110976
0.00112042
0.00113357
0.00114926
0.00116752
0.00118838
0.00121186
0.00123795
0.00126666
0.00129799
0.00133194
0.00136852
0.00140775
0.00144967
0.0014943
0.00154168
0.00159187
0.00164491
0.00170085
0.00175973
0.0018216
0.00188647
0.00195436
0.00202525
0.0020991
0.00217584
0.00225536
0.00233753
0.00242218
0.00250909
0.00259802
0.00268871
0.00278084
0.0028741
0.00296816
0.00306268
0.00315733
0.0032518
0.00334579
0.00343903
0.00353132
0.00362246
0.00371233
0.00380083
0.00388792
0.0039736
0.0040579
0.00414085
0.00422253
0.004303
0.00438232
0.00446054
0.00453768
0.00461375
0.00468871
0.00476251
0.00483507
0.0049063
0.00497607
0.00504424
0.00511068
0.00517523
0.00523774
0.00529805
0.00535606
0.00541155
0.00546465
0.00551501
0.00556134
0.0056251
0.00196954
0.00193324
0.00189849
0.00186534
0.00183385
0.00180399
0.0017757
0.00174888
0.00172345
0.00169929
0.00167632
0.00165447
0.00163366
0.00161388
0.00159512
0.0015774
0.00156073
0.00154518
0.00153078
0.00151759
0.00150568
0.00149509
0.0014859
0.00147817
0.00147195
0.00146734
0.0014644
0.00146321
0.00146388
0.0014665
0.00147118
0.00147802
0.00148714
0.00149865
0.00151264
0.00152923
0.00154849
0.00157052
0.00159539
0.00162317
0.00165392
0.00168769
0.00172453
0.0017645
0.00180761
0.00185392
0.00190344
0.00195619
0.00201218
0.0020714
0.00213384
0.00219946
0.00226819
0.00233996
0.00241464
0.0024921
0.00257216
0.0026546
0.00273919
0.00282565
0.00291368
0.00300295
0.00309312
0.00318382
0.00327469
0.00336537
0.0034555
0.00354478
0.00363289
0.0037196
0.00380468
0.00388799
0.00396943
0.00404895
0.00412655
0.00420228
0.00427625
0.00434856
0.00441937
0.00448883
0.00455709
0.00462429
0.00469055
0.00475596
0.00482057
0.0048844
0.00494745
0.00500967
0.00507096
0.00513123
0.00519036
0.00524818
0.00530455
0.0053593
0.0054123
0.00546332
0.00551243
0.0055593
0.00560256
0.00566252
0.00259986
0.00255097
0.00250415
0.00245941
0.00241677
0.00237619
0.00233759
0.00230087
0.00226594
0.00223269
0.00220104
0.00217089
0.0021422
0.00211493
0.00208906
0.00206463
0.00204166
0.00202019
0.00200027
0.00198197
0.00196535
0.00195045
0.00193732
0.00192602
0.00191658
0.00190905
0.00190346
0.00189987
0.00189831
0.00189883
0.00190149
0.00190637
0.00191352
0.00192304
0.001935
0.00194951
0.00196665
0.00198652
0.00200921
0.00203483
0.00206345
0.00209515
0.00213001
0.0021681
0.00220947
0.00225415
0.00230217
0.00235356
0.00240829
0.00246634
0.00252767
0.0025922
0.00265982
0.00273041
0.00280381
0.00287983
0.00295823
0.00303875
0.00312111
0.00320499
0.00329003
0.00337588
0.00346214
0.00354843
0.00363435
0.00371953
0.0038036
0.00388623
0.00396711
0.004046
0.0041227
0.00419706
0.004269
0.0043385
0.0044056
0.00447038
0.00453298
0.0045936
0.00465242
0.00470969
0.00476563
0.00482048
0.00487443
0.00492768
0.00498038
0.00503263
0.00508449
0.00513599
0.00518711
0.00523779
0.00528792
0.00533739
0.00538605
0.00543372
0.00548027
0.00552545
0.00556928
0.00561143
0.00565055
0.00570522
0.00332324
0.00326076
0.00320081
0.00314337
0.00308842
0.00303592
0.00298577
0.00293789
0.00289218
0.00284854
0.00280688
0.00276711
0.00272919
0.00269306
0.00265873
0.00262621
0.00259554
0.00256675
0.0025399
0.00251505
0.00249226
0.00247159
0.00245309
0.0024368
0.00242278
0.00241104
0.00240163
0.00239456
0.00238985
0.00238754
0.00238765
0.00239022
0.00239527
0.00240285
0.00241302
0.00242583
0.00244134
0.00245963
0.00248076
0.00250482
0.00253187
0.002562
0.00259526
0.00263171
0.00267142
0.0027144
0.00276069
0.00281029
0.00286318
0.00291932
0.00297864
0.00304105
0.00310643
0.00317461
0.00324541
0.0033186
0.00339393
0.00347109
0.00354979
0.00362965
0.00371031
0.00379137
0.00387243
0.00395308
0.00403291
0.00411152
0.00418855
0.00426365
0.00433652
0.00440691
0.00447461
0.0045395
0.00460149
0.00466057
0.00471679
0.00477027
0.00482117
0.0048697
0.00491613
0.00496072
0.00500378
0.0050456
0.00508647
0.00512668
0.00516644
0.00520598
0.00524543
0.00528491
0.00532446
0.0053641
0.00540377
0.0054434
0.00548286
0.00552199
0.00556066
0.00559863
0.00563586
0.00567203
0.00570587
0.00575366
0.00411868
0.00404293
0.00397003
0.00389995
0.00383265
0.00376806
0.00370612
0.00364674
0.00358983
0.0035353
0.00348307
0.00343306
0.00338522
0.00333952
0.00329594
0.00325451
0.00321526
0.00317822
0.00314345
0.00311102
0.00308099
0.00305342
0.00302836
0.00300586
0.00298598
0.00296874
0.00295417
0.00294231
0.00293315
0.00292673
0.00292306
0.00292214
0.00292399
0.00292864
0.00293611
0.00294642
0.00295961
0.00297571
0.00299477
0.00301683
0.00304194
0.00307014
0.00310147
0.00313597
0.00317367
0.00321459
0.00325872
0.00330606
0.00335657
0.00341019
0.00346683
0.00352638
0.0035887
0.0036536
0.00372089
0.00379031
0.00386158
0.0039344
0.00400843
0.00408329
0.0041586
0.00423395
0.00430893
0.00438311
0.00445609
0.00452746
0.00459685
0.00466392
0.00472836
0.00478993
0.00484842
0.0049037
0.0049557
0.0050044
0.00504986
0.00509219
0.00513157
0.00516823
0.00520244
0.00523451
0.00526477
0.00529358
0.00532128
0.00534822
0.00537471
0.00540104
0.00542744
0.00545412
0.00548121
0.0055088
0.0055369
0.00556551
0.00559453
0.00562387
0.00565338
0.00568285
0.00571222
0.00574119
0.00576863
0.00580794
0.00495875
0.00487143
0.00478706
0.00470563
0.00462708
0.00455139
0.00447847
0.00440827
0.00434071
0.00427573
0.00421325
0.00415321
0.00409557
0.00404031
0.00398743
0.00393693
0.00388887
0.00384327
0.00380019
0.00375971
0.00372188
0.00368677
0.00365444
0.00362495
0.00359834
0.00357466
0.00355394
0.00353621
0.00352148
0.00350978
0.00350112
0.00349549
0.00349292
0.00349341
0.00349696
0.00350358
0.00351329
0.0035261
0.00354201
0.00356106
0.00358325
0.0036086
0.00363713
0.00366883
0.00370371
0.00374176
0.00378296
0.00382726
0.0038746
0.00392491
0.00397807
0.00403395
0.00409238
0.00415317
0.00421609
0.00428088
0.00434724
0.00441485
0.00448336
0.00455239
0.00462155
0.00469043
0.00475861
0.00482567
0.0048912
0.0049548
0.00501611
0.0050748
0.00513056
0.00518315
0.00523238
0.0052781
0.00532026
0.00535883
0.00539387
0.00542549
0.00545385
0.0054792
0.00550179
0.00552194
0.00554001
0.00555636
0.00557138
0.00558546
0.00559896
0.00561223
0.0056256
0.00563933
0.00565364
0.00566872
0.00568465
0.0057015
0.00571926
0.00573786
0.00575721
0.00577715
0.00579759
0.00581824
0.00583827
0.00586757
0.00581326
0.00571717
0.00562393
0.00553352
0.00544592
0.0053611
0.00527903
0.00519966
0.00512294
0.00504884
0.0049773
0.00490828
0.00484176
0.00477774
0.00471622
0.00465723
0.0046008
0.00454698
0.00449584
0.00444744
0.00440185
0.00435914
0.00431938
0.00428262
0.00424893
0.00421836
0.00419094
0.0041667
0.00414569
0.00412791
0.00411338
0.00410211
0.00409411
0.00408938
0.00408792
0.00408973
0.00409482
0.00410317
0.00411478
0.00412965
0.00414778
0.00416915
0.00419375
0.00422156
0.00425255
0.00428668
0.00432391
0.00436415
0.00440733
0.00445334
0.00450205
0.00455329
0.00460689
0.00466262
0.00472024
0.00477948
0.00484003
0.00490155
0.00496369
0.00502607
0.00508829
0.00514995
0.00521063
0.00526992
0.00532742
0.00538276
0.00543557
0.00548553
0.00553236
0.00557583
0.00561575
0.00565199
0.00568448
0.00571321
0.00573823
0.00575964
0.0057776
0.00579233
0.00580408
0.00581316
0.00581991
0.0058247
0.00582793
0.00582999
0.00583129
0.0058322
0.0058331
0.00583433
0.00583616
0.00583886
0.00584259
0.00584749
0.00585363
0.00586102
0.00586961
0.00587931
0.00589004
0.00590153
0.00591333
0.00593132
0.00665244
0.00655119
0.00645246
0.00635625
0.00626257
0.00617142
0.00608279
0.00599668
0.00591307
0.00583194
0.00575327
0.00567706
0.00560329
0.005532
0.00546319
0.00539692
0.00533321
0.00527214
0.00521378
0.00515819
0.00510545
0.00505563
0.00500882
0.00496508
0.00492447
0.00488705
0.00485287
0.00482198
0.00479442
0.0047702
0.00474935
0.00473189
0.00471784
0.00470718
0.00469993
0.00469608
0.00469563
0.00469857
0.00470488
0.00471454
0.00472754
0.00474384
0.00476342
0.00478622
0.00481221
0.00484131
0.00487346
0.00490855
0.00494648
0.00498711
0.00503029
0.00507585
0.00512357
0.00517322
0.00522454
0.00527725
0.00533102
0.00538552
0.00544039
0.00549525
0.00554971
0.00560336
0.00565581
0.00570667
0.00575553
0.00580206
0.0058459
0.00588676
0.00592436
0.00595851
0.00598902
0.00601577
0.00603872
0.00605783
0.00607317
0.00608483
0.00609295
0.00609774
0.00609943
0.00609832
0.00609473
0.006089
0.00608151
0.00607265
0.00606283
0.00605244
0.00604188
0.0060315
0.00602164
0.00601261
0.00600464
0.00599794
0.00599265
0.00598885
0.00598656
0.00598574
0.00598638
0.00598821
0.00599124
0.00599699
0.00744966
0.0073472
0.00724675
0.00714834
0.00705201
0.00695779
0.00686571
0.0067758
0.00668807
0.00660254
0.00651921
0.00643812
0.00635929
0.00628275
0.00620854
0.00613673
0.00606736
0.00600053
0.00593629
0.00587474
0.00581596
0.00576003
0.00570703
0.00565705
0.00561016
0.00556642
0.0055259
0.00548866
0.00545472
0.00542415
0.00539696
0.00537318
0.00535283
0.00533592
0.00532247
0.00531245
0.00530588
0.00530274
0.00530301
0.00530668
0.0053137
0.00532404
0.00533765
0.00535449
0.00537447
0.00539752
0.00542355
0.00545243
0.00548405
0.00551825
0.00555485
0.00559366
0.00563445
0.00567699
0.00572099
0.00576616
0.00581218
0.00585871
0.0059054
0.00595185
0.0059977
0.00604256
0.00608603
0.00612775
0.00616735
0.0062045
0.00623887
0.0062702
0.00629824
0.0063228
0.00634374
0.00636094
0.00637435
0.00638399
0.00638989
0.00639214
0.0063909
0.00638633
0.00637867
0.00636818
0.00635514
0.0063399
0.00632278
0.00630417
0.00628444
0.00626397
0.00624316
0.00622237
0.00620195
0.00618223
0.0061635
0.00614601
0.00612995
0.00611546
0.00610264
0.00609151
0.00608211
0.00607419
0.00606827
0.0060613
0.00818328
0.00808348
0.00798505
0.00788806
0.00779259
0.00769869
0.00760642
0.00751585
0.00742701
0.00733995
0.00725472
0.00717137
0.00708995
0.00701052
0.00693314
0.00685789
0.00678484
0.00671408
0.0066457
0.00657979
0.00651645
0.00645577
0.00639785
0.00634277
0.00629061
0.00624146
0.00619539
0.00615246
0.00611273
0.00607626
0.00604307
0.00601322
0.00598671
0.00596359
0.00594385
0.00592751
0.00591457
0.00590501
0.00589882
0.00589597
0.00589644
0.00590017
0.00590712
0.00591721
0.00593038
0.00594653
0.00596555
0.00598731
0.00601168
0.00603848
0.00606753
0.00609862
0.00613151
0.00616595
0.00620167
0.00623836
0.0062757
0.00631335
0.00635095
0.00638816
0.00642458
0.00645987
0.00649365
0.00652556
0.00655528
0.00658249
0.0066069
0.00662828
0.0066464
0.0066611
0.00667225
0.00667978
0.00668364
0.00668386
0.00668047
0.00667358
0.00666333
0.00664988
0.00663344
0.00661425
0.00659258
0.00656871
0.00654298
0.0065157
0.00648723
0.00645793
0.00642814
0.00639823
0.00636855
0.00633941
0.00631113
0.00628397
0.00625816
0.0062339
0.00621132
0.0061905
0.00617153
0.00615418
0.00613953
0.00611989
0.00883775
0.008744
0.00865094
0.00855867
0.00846728
0.00837687
0.00828751
0.00819929
0.00811227
0.00802654
0.00794215
0.0078592
0.00777775
0.00769788
0.00761967
0.00754322
0.00746862
0.00739596
0.00732535
0.0072569
0.00719071
0.00712687
0.00706551
0.00700671
0.00695056
0.00689717
0.00684661
0.00679896
0.00675429
0.00671266
0.00667412
0.00663872
0.00660649
0.00657748
0.0065517
0.00652916
0.00650987
0.00649383
0.00648103
0.00647144
0.00646504
0.00646177
0.00646158
0.00646442
0.00647018
0.00647878
0.0064901
0.00650401
0.00652035
0.00653895
0.00655962
0.00658215
0.00660629
0.00663179
0.00665836
0.00668572
0.00671354
0.00674149
0.00676923
0.00679642
0.0068227
0.00684772
0.00687115
0.00689266
0.00691194
0.00692872
0.00694273
0.00695377
0.00696166
0.00696624
0.00696744
0.00696518
0.00695945
0.00695028
0.00693773
0.0069219
0.00690293
0.00688097
0.00685623
0.00682891
0.00679927
0.00676757
0.00673409
0.00669912
0.00666297
0.00662597
0.00658844
0.00655069
0.00651305
0.00647583
0.00643931
0.00640378
0.00636947
0.0063366
0.00630533
0.00627578
0.00624808
0.00622199
0.00619916
0.00616743
0.00940397
0.00931887
0.00923383
0.00914894
0.00906432
0.00898005
0.00889624
0.00881298
0.00873038
0.0086485
0.00856746
0.00848734
0.00840822
0.00833022
0.00825342
0.00817793
0.00810385
0.0080313
0.00796038
0.00789121
0.00782391
0.00775858
0.00769534
0.0076343
0.00757556
0.00751922
0.00746538
0.00741411
0.00736551
0.00731964
0.00727657
0.00723635
0.00719904
0.00716467
0.00713329
0.0071049
0.00707953
0.00705717
0.00703784
0.0070215
0.00700813
0.00699769
0.00699014
0.00698539
0.00698337
0.00698399
0.00698711
0.00699262
0.00700036
0.00701015
0.0070218
0.00703509
0.00704979
0.00706564
0.00708238
0.0070997
0.00711731
0.00713489
0.00715211
0.00716865
0.00718418
0.00719838
0.00721094
0.00722156
0.00722998
0.00723593
0.00723921
0.00723964
0.00723706
0.00723136
0.00722248
0.00721039
0.00719507
0.00717659
0.00715501
0.00713045
0.00710302
0.0070729
0.00704027
0.00700533
0.0069683
0.00692942
0.00688894
0.00684712
0.00680424
0.00676056
0.00671637
0.00667196
0.0066276
0.00658358
0.00654015
0.00649758
0.00645609
0.00641589
0.00637717
0.00634005
0.0063047
0.00627086
0.0062407
0.00619788
0.00987884
0.0098041
0.00972884
0.00965317
0.00957719
0.00950101
0.00942472
0.00934843
0.00927224
0.00919625
0.00912055
0.00904526
0.00897046
0.00889626
0.00882278
0.00875012
0.00867839
0.00860772
0.00853822
0.00847
0.0084032
0.00833792
0.00827429
0.00821242
0.00815242
0.00809441
0.00803848
0.00798472
0.00793323
0.00788409
0.00783737
0.00779314
0.00775147
0.00771239
0.00767595
0.00764219
0.00761113
0.00758278
0.00755714
0.00753421
0.00751396
0.00749636
0.00748137
0.00746891
0.00745892
0.0074513
0.00744594
0.0074427
0.00744143
0.00744198
0.00744414
0.00744771
0.00745247
0.00745817
0.00746454
0.00747131
0.0074782
0.00748491
0.00749113
0.00749657
0.00750093
0.00750391
0.00750524
0.00750466
0.00750193
0.00749684
0.0074892
0.00747888
0.00746574
0.00744973
0.00743078
0.0074089
0.00738411
0.00735647
0.00732606
0.00729301
0.00725744
0.00721952
0.00717942
0.00713733
0.00709345
0.007048
0.0070012
0.00695328
0.00690448
0.00685502
0.00680515
0.00675512
0.00670516
0.00665551
0.0066064
0.00655805
0.00651067
0.00646446
0.00641957
0.00637615
0.00633436
0.0062939
0.00625743
0.00620488
0.0102644
0.0102007
0.0101361
0.0100705
0.0100042
0.00993721
0.00986962
0.00980153
0.00973304
0.00966426
0.00959527
0.00952618
0.0094571
0.00938813
0.00931937
0.00925095
0.00918297
0.00911556
0.00904883
0.0089829
0.0089179
0.00885394
0.00879115
0.00872965
0.00866954
0.00861095
0.00855398
0.00849874
0.0084453
0.00839378
0.00834424
0.00829677
0.00825143
0.00820828
0.00816738
0.00812875
0.00809244
0.00805847
0.00802685
0.00799757
0.00797063
0.00794599
0.00792362
0.00790347
0.00788546
0.00786951
0.00785551
0.00784334
0.00783286
0.00782391
0.00781632
0.00780988
0.00780438
0.0077996
0.00779529
0.0077912
0.00778706
0.0077826
0.00777755
0.00777164
0.00776459
0.00775617
0.00774612
0.00773422
0.00772026
0.00770409
0.00768554
0.00766451
0.00764092
0.0076147
0.00758586
0.00755441
0.00752039
0.00748387
0.00744496
0.00740378
0.00736047
0.00731517
0.00726807
0.00721934
0.00716917
0.00711775
0.00706528
0.00701195
0.00695798
0.00690355
0.00684888
0.00679417
0.0067396
0.00668538
0.0066317
0.00657875
0.00652668
0.00647568
0.00642588
0.0063774
0.00633041
0.00628454
0.0062429
0.00618214
0.0105667
0.0105137
0.0104596
0.0104041
0.0103476
0.01029
0.0102314
0.0101719
0.0101116
0.0100506
0.0099889
0.0099267
0.00986404
0.00980105
0.00973781
0.00967443
0.00961104
0.00954773
0.00948463
0.00942185
0.00935951
0.00929774
0.00923664
0.00917634
0.00911696
0.0090586
0.00900137
0.00894538
0.00889074
0.00883752
0.00878583
0.00873574
0.00868732
0.00864064
0.00859576
0.00855273
0.00851159
0.00847236
0.00843507
0.00839972
0.00836631
0.00833482
0.00830523
0.00827748
0.00825152
0.00822726
0.00820462
0.00818349
0.00816373
0.00814521
0.00812775
0.00811119
0.00809533
0.00807995
0.00806484
0.00804978
0.00803452
0.00801882
0.00800245
0.00798516
0.00796673
0.00794694
0.00792558
0.00790247
0.00787744
0.00785037
0.00782114
0.00778966
0.0077559
0.00771983
0.00768146
0.00764083
0.007598
0.00755306
0.00750613
0.00745732
0.00740678
0.00735466
0.00730113
0.00724636
0.0071905
0.00713375
0.00707628
0.00701825
0.00695984
0.00690123
0.00684257
0.00678403
0.00672577
0.00666794
0.00661069
0.00655418
0.00649853
0.00644387
0.00639033
0.00633797
0.00628698
0.0062369
0.00619121
0.00612382
0.0107937
0.0107505
0.0107058
0.0106597
0.0106122
0.0105633
0.0105132
0.0104619
0.0104095
0.0103559
0.0103014
0.010246
0.0101897
0.0101327
0.0100751
0.0100169
0.0099583
0.00989933
0.00984012
0.00978079
0.00972145
0.0096622
0.00960317
0.00954447
0.0094862
0.00942848
0.00937142
0.00931511
0.00925967
0.00920518
0.00915173
0.00909941
0.00904829
0.00899845
0.00894995
0.00890284
0.00885718
0.00881298
0.00877029
0.00872912
0.00868947
0.00865133
0.00861468
0.00857949
0.00854571
0.00851327
0.00848209
0.00845209
0.00842313
0.00839511
0.00836787
0.00834126
0.0083151
0.00828922
0.00826342
0.0082375
0.00821126
0.00818449
0.00815698
0.00812854
0.00809897
0.0080681
0.00803576
0.0080018
0.0079661
0.00792856
0.00788911
0.00784769
0.00780429
0.00775892
0.0077116
0.0076624
0.0076114
0.00755869
0.00750438
0.00744862
0.00739155
0.0073333
0.00727404
0.00721392
0.00715311
0.00709175
0.00703001
0.00696803
0.00690596
0.00684393
0.00678208
0.00672055
0.00665945
0.00659891
0.00653903
0.00647993
0.00642169
0.00636442
0.00630819
0.00625306
0.00619918
0.00614602
0.0060974
0.00602494
0.0109546
0.0109193
0.0108824
0.010844
0.0108041
0.0107626
0.0107197
0.0106753
0.0106296
0.0105826
0.0105343
0.0104848
0.0104342
0.0103825
0.0103299
0.0102763
0.010222
0.0101669
0.0101113
0.0100551
0.00999847
0.00994156
0.00988443
0.00982721
0.00976999
0.00971287
0.00965596
0.00959937
0.00954317
0.00948748
0.00943238
0.00937795
0.00932426
0.00927141
0.00921944
0.00916842
0.00911839
0.0090694
0.00902149
0.00897467
0.00892896
0.00888435
0.00884083
0.00879839
0.00875698
0.00871655
0.00867704
0.00863836
0.00860043
0.00856313
0.00852634
0.00848994
0.00845376
0.00841767
0.0083815
0.00834508
0.00830823
0.0082708
0.00823261
0.0081935
0.00815331
0.00811191
0.00806917
0.00802499
0.00797928
0.00793197
0.00788301
0.00783241
0.00778015
0.00772628
0.00767083
0.0076139
0.00755556
0.00749592
0.00743512
0.00737327
0.00731051
0.00724699
0.00718286
0.00711825
0.00705332
0.0069882
0.00692302
0.00685791
0.006793
0.00672839
0.0066642
0.00660051
0.00653743
0.00647504
0.00641341
0.00635262
0.00629274
0.00623381
0.00617589
0.006119
0.00606327
0.00600808
0.00595756
0.00588151
0.0110571
0.0110275
0.0109962
0.0109634
0.0109289
0.0108928
0.0108552
0.010816
0.0107752
0.010733
0.0106893
0.0106442
0.0105978
0.0105501
0.0105011
0.010451
0.0103999
0.0103477
0.0102946
0.0102406
0.010186
0.0101306
0.0100747
0.0100184
0.00996167
0.00990467
0.0098475
0.00979024
0.00973298
0.00967582
0.00961885
0.00956213
0.00950575
0.00944979
0.0093943
0.00933935
0.00928499
0.00923126
0.0091782
0.00912585
0.00907421
0.0090233
0.00897311
0.00892363
0.00887483
0.00882668
0.00877913
0.00873211
0.00868555
0.00863935
0.00859344
0.00854768
0.00850198
0.00845619
0.0084102
0.00836387
0.00831705
0.00826963
0.00822146
0.00817242
0.00812241
0.00807131
0.00801904
0.00796554
0.00791074
0.00785461
0.00779715
0.00773837
0.00767828
0.00761695
0.00755443
0.00749082
0.00742622
0.00736073
0.00729448
0.00722759
0.0071602
0.00709244
0.00702445
0.00695636
0.00688829
0.00682036
0.00675269
0.00668538
0.00661854
0.00655225
0.00648659
0.00642163
0.00635744
0.00629407
0.00623157
0.00616999
0.00610935
0.00604968
0.005991
0.00593329
0.00587668
0.00582044
0.005769
0.00569075
0.0111068
0.0110801
0.0110519
0.011022
0.0109905
0.0109573
0.0109224
0.010886
0.0108479
0.0108082
0.010767
0.0107242
0.01068
0.0106343
0.0105872
0.0105388
0.0104891
0.0104382
0.0103862
0.0103332
0.0102791
0.0102241
0.0101683
0.0101118
0.0100546
0.00999688
0.00993865
0.00988001
0.00982106
0.00976188
0.00970254
0.00964313
0.00958371
0.00952436
0.00946513
0.0094061
0.0093473
0.0092888
0.00923061
0.00917279
0.00911535
0.00905831
0.00900167
0.00894543
0.00888957
0.00883407
0.0087789
0.008724
0.00866933
0.0086148
0.00856036
0.00850592
0.00845139
0.00839666
0.00834165
0.00828625
0.00823036
0.00817389
0.00811673
0.0080588
0.00800002
0.00794033
0.00787968
0.00781802
0.00775534
0.00769164
0.00762692
0.00756121
0.00749458
0.00742707
0.00735877
0.00728978
0.00722019
0.00715011
0.00707967
0.00700899
0.00693818
0.00686738
0.0067967
0.00672625
0.00665616
0.00658651
0.00651741
0.00644893
0.00638116
0.00631415
0.00624798
0.00618268
0.00611829
0.00605484
0.00599236
0.00593087
0.00587035
0.00581082
0.00575227
0.00569465
0.00563807
0.00558173
0.00553027
0.00545115
0.011105
0.0110784
0.0110502
0.0110203
0.0109888
0.0109556
0.0109208
0.0108843
0.0108462
0.0108064
0.0107651
0.0107221
0.0106777
0.0106317
0.0105842
0.0105354
0.0104852
0.0104336
0.0103809
0.0103269
0.0102718
0.0102157
0.0101586
0.0101005
0.0100417
0.00998201
0.00992169
0.00986074
0.00979926
0.00973731
0.00967497
0.0096123
0.00954937
0.00948625
0.00942299
0.00935966
0.00929631
0.00923297
0.00916969
0.00910651
0.00904344
0.00898052
0.00891775
0.00885513
0.00879267
0.00873034
0.00866813
0.008606
0.00854393
0.00848185
0.00841973
0.00835749
0.00829509
0.00823244
0.00816948
0.00810614
0.00804235
0.00797804
0.00791316
0.00784765
0.00778147
0.00771458
0.00764696
0.0075786
0.00750951
0.00743971
0.00736923
0.00729812
0.00722645
0.00715428
0.0070817
0.0070088
0.0069357
0.00686249
0.00678929
0.00671621
0.00664336
0.00657084
0.00649877
0.00642725
0.00635635
0.00628617
0.00621678
0.00614825
0.00608062
0.00601395
0.00594826
0.00588359
0.00581996
0.00575736
0.00569581
0.00563529
0.00557578
0.00551727
0.00545972
0.00540306
0.00534738
0.00529181
0.00524122
0.00516248
0.0110475
0.0110178
0.0109864
0.0109535
0.0109189
0.0108826
0.0108448
0.0108053
0.0107642
0.0107215
0.0106773
0.0106315
0.0105842
0.0105354
0.0104852
0.0104336
0.0103806
0.0103264
0.0102708
0.0102141
0.0101562
0.0100973
0.0100373
0.00997628
0.00991439
0.00985166
0.00978815
0.00972392
0.00965903
0.00959356
0.00952756
0.00946109
0.00939422
0.00932699
0.00925948
0.00919172
0.00912376
0.00905565
0.00898742
0.00891911
0.00885075
0.00878237
0.00871396
0.00864555
0.00857715
0.00850874
0.00844031
0.00837186
0.00830335
0.00823476
0.00816606
0.00809722
0.00802818
0.00795891
0.00788936
0.00781949
0.00774927
0.00767866
0.00760762
0.00753613
0.00746417
0.00739175
0.00731885
0.0072455
0.00717173
0.00709756
0.00702305
0.00694826
0.00687326
0.00679813
0.00672295
0.00664782
0.00657283
0.00649809
0.00642369
0.00634974
0.00627633
0.00620355
0.00613149
0.00606023
0.00598984
0.00592039
0.00585193
0.0057845
0.00571814
0.00565288
0.00558873
0.00552569
0.00546378
0.00540297
0.00534326
0.0052846
0.00522697
0.00517033
0.00511463
0.00505977
0.00500585
0.00495191
0.00490301
0.00482588
0.0109228
0.0108867
0.010849
0.0108097
0.0107689
0.0107265
0.0106826
0.0106372
0.0105903
0.0105419
0.010492
0.0104408
0.0103882
0.0103342
0.0102789
0.0102224
0.0101646
0.0101056
0.0100455
0.00998422
0.00992193
0.00985863
0.00979437
0.00972919
0.00966316
0.00959631
0.00952872
0.00946042
0.00939147
0.00932192
0.00925183
0.00918124
0.00911021
0.00903878
0.00896701
0.00889493
0.00882259
0.00875002
0.00867727
0.00860436
0.00853131
0.00845816
0.00838492
0.00831161
0.00823823
0.00816479
0.00809128
0.00801771
0.00794407
0.00787033
0.00779649
0.00772253
0.00764842
0.00757415
0.00749969
0.00742504
0.00735016
0.00727505
0.0071997
0.00712411
0.00704829
0.00697225
0.00689601
0.00681961
0.00674309
0.00666649
0.00658988
0.00651331
0.00643687
0.00636063
0.00628468
0.00620909
0.00613397
0.00605939
0.00598545
0.00591222
0.0058398
0.00576825
0.00569764
0.00562804
0.00555949
0.00549204
0.00542573
0.00536059
0.00529663
0.00523385
0.00517227
0.00511187
0.00505264
0.00499454
0.00493755
0.00488163
0.00482673
0.00477279
0.00471975
0.0046675
0.00461613
0.00456463
0.00451819
0.00444386
0.0107106
0.0106649
0.0106178
0.0105693
0.0105193
0.010468
0.0104153
0.0103614
0.0103061
0.0102496
0.0101919
0.0101331
0.0100731
0.010012
0.00994979
0.00988658
0.00982237
0.0097572
0.00969111
0.00962413
0.0095563
0.00948767
0.00941825
0.00934811
0.00927727
0.00920578
0.00913368
0.009061
0.00898778
0.00891408
0.00883992
0.00876535
0.00869041
0.00861513
0.00853955
0.00846371
0.00838764
0.00831137
0.00823493
0.00815835
0.00808166
0.00800487
0.007928
0.00785107
0.0077741
0.00769708
0.00762003
0.00754294
0.00746583
0.00738868
0.0073115
0.00723428
0.00715702
0.00707971
0.00700234
0.00692493
0.00684747
0.00676997
0.00669243
0.00661488
0.00653734
0.00645983
0.0063824
0.00630508
0.00622793
0.00615099
0.00607433
0.00599802
0.00592213
0.00584672
0.00577188
0.00569769
0.00562421
0.00555152
0.0054797
0.00540882
0.00533893
0.00527009
0.00520235
0.00513576
0.00507035
0.00500616
0.00494318
0.00488145
0.00482096
0.00476171
0.00470368
0.00464685
0.0045912
0.00453668
0.00448326
0.00443088
0.00437949
0.00432902
0.0042794
0.00423052
0.00418245
0.00413414
0.00409087
0.00402049
0.0103812
0.0103233
0.0102642
0.010204
0.0101427
0.0100803
0.010017
0.00995266
0.00988742
0.00982129
0.00975431
0.00968653
0.00961798
0.00954868
0.00947868
0.009408
0.00933668
0.00926474
0.00919221
0.00911913
0.00904551
0.00897138
0.00889677
0.00882172
0.00874623
0.00867034
0.00859408
0.00851748
0.00844055
0.00836333
0.00828584
0.00820812
0.00813018
0.00805205
0.00797377
0.00789534
0.00781681
0.00773818
0.00765949
0.00758075
0.00750199
0.00742321
0.00734445
0.0072657
0.00718698
0.00710831
0.00702969
0.00695113
0.00687264
0.00679422
0.00671589
0.00663763
0.00655947
0.00648141
0.00640345
0.00632562
0.00624792
0.00617037
0.006093
0.00601584
0.00593891
0.00586225
0.00578591
0.00570993
0.00563436
0.00555925
0.00548468
0.00541069
0.00533735
0.00526473
0.00519289
0.0051219
0.00505181
0.0049827
0.0049146
0.00484758
0.00478169
0.00471695
0.0046534
0.00459108
0.00453001
0.00447018
0.00441162
0.00435432
0.00429826
0.00424345
0.00418984
0.00413742
0.00408614
0.00403597
0.00398686
0.00393874
0.00389156
0.00384524
0.00379973
0.00375488
0.00371079
0.00366637
0.00362689
0.00356158
0.00989559
0.00982397
0.00975164
0.00967865
0.00960505
0.00953091
0.00945625
0.00938113
0.00930559
0.00922966
0.00915338
0.00907678
0.00899988
0.00892273
0.00884533
0.00876771
0.0086899
0.0086119
0.00853373
0.00845541
0.00837696
0.00829838
0.00821969
0.0081409
0.00806203
0.00798307
0.00790405
0.00782497
0.00774585
0.0076667
0.00758754
0.00750836
0.00742919
0.00735005
0.00727094
0.00719187
0.00711286
0.00703393
0.00695509
0.00687634
0.0067977
0.00671919
0.0066408
0.00656257
0.00648448
0.00640656
0.00632882
0.00625126
0.00617389
0.00609672
0.00601976
0.00594303
0.00586653
0.00579028
0.0057143
0.0056386
0.00556321
0.00548814
0.00541344
0.00533913
0.00526524
0.00519181
0.00511889
0.00504653
0.00497476
0.00490364
0.00483322
0.00476356
0.00469471
0.00462672
0.00455965
0.00449354
0.00442845
0.00436442
0.00430149
0.00423969
0.00417907
0.00411964
0.00406142
0.00400444
0.0039487
0.0038942
0.00384093
0.0037889
0.00373808
0.00368845
0.00363999
0.00359265
0.00354641
0.00350121
0.00345702
0.00341376
0.00337137
0.0033298
0.00328896
0.00324873
0.00320922
0.00316931
0.00313418
0.00307502
0.00920985
0.00912502
0.00904016
0.00895533
0.00887056
0.0087859
0.00870137
0.00861702
0.00853286
0.00844892
0.00836522
0.00828177
0.0081986
0.0081157
0.00803308
0.00795076
0.00786873
0.007787
0.00770556
0.00762441
0.00754356
0.00746299
0.0073827
0.00730268
0.00722294
0.00714346
0.00706424
0.00698528
0.00690657
0.00682811
0.0067499
0.00667194
0.00659421
0.00651673
0.0064395
0.00636251
0.00628576
0.00620927
0.00613303
0.00605704
0.00598132
0.00590586
0.00583067
0.00575575
0.00568112
0.00560677
0.00553272
0.00545897
0.00538554
0.00531242
0.00523963
0.00516719
0.0050951
0.00502339
0.00495207
0.00488116
0.00481069
0.00474067
0.00467114
0.00460212
0.00453365
0.00446577
0.00439851
0.00433191
0.00426602
0.00420087
0.0041365
0.00407297
0.00401031
0.00394857
0.00388778
0.00382799
0.00376923
0.00371153
0.00365492
0.00359944
0.0035451
0.00349191
0.0034399
0.00338906
0.00333941
0.00329094
0.00324364
0.0031975
0.0031525
0.00310863
0.00306584
0.00302412
0.00298342
0.0029437
0.00290491
0.002867
0.00282991
0.00279357
0.00275793
0.00272285
0.00268847
0.00265367
0.00262337
0.0025715
0.0082839
0.00818938
0.00809567
0.00800278
0.00791072
0.0078195
0.00772914
0.00763963
0.00755096
0.00746315
0.00737618
0.00729004
0.00720473
0.00712022
0.00703651
0.00695357
0.00687139
0.00678995
0.00670922
0.0066292
0.00654985
0.00647115
0.00639309
0.00631563
0.00623877
0.00616247
0.00608671
0.00601149
0.00593677
0.00586254
0.00578879
0.0057155
0.00564265
0.00557024
0.00549824
0.00542666
0.00535548
0.0052847
0.00521431
0.0051443
0.00507467
0.00500542
0.00493655
0.00486805
0.00479993
0.00473218
0.00466481
0.00459783
0.00453124
0.00446504
0.00439925
0.00433388
0.00426892
0.00420441
0.00414035
0.00407676
0.00401366
0.00395107
0.00388901
0.00382751
0.00376659
0.00370628
0.00364661
0.00358761
0.00352932
0.00347176
0.00341498
0.003359
0.00330385
0.00324958
0.00319621
0.00314377
0.00309229
0.0030418
0.00299232
0.00294388
0.0028965
0.00285018
0.00280494
0.00276079
0.00271773
0.00267577
0.00263489
0.00259508
0.00255634
0.00251865
0.00248197
0.00244628
0.00241156
0.00237776
0.00234484
0.00231276
0.00228146
0.00225089
0.002221
0.00219167
0.00216302
0.00213405
0.00210914
0.00206593
0.00709851
0.00700139
0.00690586
0.00681188
0.00671944
0.00662849
0.00653901
0.00645097
0.00636432
0.00627903
0.00619507
0.00611239
0.00603097
0.00595075
0.0058717
0.00579379
0.00571697
0.0056412
0.00556645
0.00549268
0.00541984
0.0053479
0.00527683
0.00520659
0.00513714
0.00506846
0.0050005
0.00493323
0.00486663
0.00480067
0.00473533
0.00467056
0.00460637
0.00454271
0.00447957
0.00441694
0.0043548
0.00429312
0.0042319
0.00417113
0.00411079
0.00405087
0.00399137
0.00393229
0.0038736
0.00381532
0.00375744
0.00369995
0.00364286
0.00358617
0.00352989
0.003474
0.00341853
0.00336348
0.00330885
0.00325466
0.00320091
0.00314763
0.00309482
0.00304251
0.0029907
0.00293943
0.00288871
0.00283857
0.00278903
0.00274012
0.00269187
0.0026443
0.00259745
0.00255135
0.00250603
0.00246152
0.00241784
0.00237504
0.00233314
0.00229217
0.00225214
0.00221308
0.00217501
0.00213795
0.00210189
0.00206686
0.00203284
0.00199984
0.00196784
0.00193685
0.00190683
0.00187777
0.00184964
0.00182242
0.00179606
0.00177054
0.0017458
0.00172181
0.00169852
0.00167583
0.00165385
0.00163174
0.00161303
0.00158044
0.00567982
0.00559011
0.00550247
0.00541683
0.00533312
0.00525127
0.00517121
0.00509288
0.00501621
0.00494115
0.00486762
0.00479558
0.00472495
0.0046557
0.00458775
0.00452107
0.00445559
0.00439126
0.00432804
0.00426587
0.00420471
0.00414452
0.00408524
0.00402684
0.00396927
0.0039125
0.00385649
0.0038012
0.00374659
0.00369264
0.0036393
0.00358656
0.00353439
0.00348275
0.00343162
0.00338099
0.00333082
0.0032811
0.00323181
0.00318294
0.00313446
0.00308636
0.00303863
0.00299126
0.00294423
0.00289754
0.00285118
0.00280513
0.00275939
0.00271397
0.00266884
0.00262401
0.00257947
0.00253524
0.00249129
0.00244765
0.00240432
0.00236129
0.00231859
0.00227622
0.00223421
0.00219256
0.0021513
0.00211046
0.00207007
0.00203015
0.00199074
0.00195188
0.00191361
0.00187597
0.00183901
0.00180276
0.00176726
0.00173257
0.00169872
0.00166574
0.00163368
0.00160255
0.00157239
0.00154322
0.00151504
0.00148788
0.00146173
0.00143661
0.00141249
0.00138937
0.00136724
0.00134607
0.00132585
0.00130655
0.00128813
0.00127057
0.00125382
0.00123784
0.0012226
0.00120802
0.00119415
0.00118046
0.0011691
0.00114968
0.00412532
0.00405343
0.00398357
0.00391566
0.0038496
0.00378532
0.00372272
0.00366174
0.0036023
0.00354433
0.00348776
0.00343254
0.00337859
0.00332586
0.0032743
0.00322384
0.00317444
0.00312604
0.0030786
0.00303207
0.00298641
0.00294157
0.0028975
0.00285418
0.00281156
0.0027696
0.00272827
0.00268753
0.00264736
0.00260771
0.00256857
0.00252989
0.00249166
0.00245384
0.00241642
0.00237936
0.00234264
0.00230625
0.00227016
0.00223434
0.00219879
0.00216347
0.00212838
0.0020935
0.0020588
0.00202428
0.00198992
0.00195571
0.00192164
0.00188769
0.00185387
0.00182016
0.00178657
0.00175309
0.00171973
0.0016865
0.0016534
0.00162046
0.0015877
0.00155514
0.00152282
0.00149077
0.00145902
0.00142763
0.00139665
0.00136612
0.00133611
0.00130666
0.00127784
0.00124969
0.00122228
0.00119566
0.00116987
0.00114497
0.00112098
0.00109794
0.00107589
0.00105484
0.0010348
0.00101579
0.00099781
0.000980855
0.000964916
0.00094998
0.00093603
0.000923042
0.000910991
0.000899846
0.000889576
0.000880145
0.000871515
0.000863646
0.000856498
0.000850024
0.000844182
0.000838915
0.000834208
0.00082987
0.000826456
0.000821164
0.00261132
0.00256361
0.00251738
0.00247256
0.00242907
0.00238686
0.00234584
0.00230597
0.00226718
0.00222941
0.00219262
0.00215675
0.00212175
0.00208759
0.00205422
0.00202159
0.00198967
0.00195842
0.0019278
0.00189778
0.00186833
0.0018394
0.00181098
0.00178304
0.00175553
0.00172844
0.00170173
0.00167538
0.00164937
0.00162366
0.00159823
0.00157307
0.00154814
0.00152343
0.00149891
0.00147457
0.00145038
0.00142632
0.00140238
0.00137854
0.00135478
0.0013311
0.00130748
0.00128392
0.0012604
0.00123692
0.00121348
0.00119009
0.00116674
0.00114345
0.00112023
0.0010971
0.00107408
0.00105119
0.00102846
0.00100594
0.000983653
0.000961646
0.000939963
0.000918652
0.000897762
0.000877344
0.000857448
0.000838124
0.000819419
0.00080138
0.00078405
0.000767466
0.000751662
0.000736668
0.000722508
0.000709198
0.000696752
0.000685176
0.000674471
0.000664634
0.000655656
0.000647523
0.000640218
0.00063372
0.000628004
0.000623045
0.000618811
0.000615271
0.000612391
0.000610137
0.00060847
0.000607355
0.000606751
0.000606621
0.000606923
0.000607619
0.000608667
0.000610028
0.000611661
0.000613527
0.000615576
0.00061784
0.000619882
0.000623672
0.00134261
0.00131753
0.00129321
0.00126963
0.00124673
0.00122448
0.00120286
0.00118181
0.00116131
0.00114134
0.00112185
0.00110284
0.00108426
0.00106611
0.00104835
0.00103096
0.00101393
0.000997241
0.000980864
0.000964788
0.000948994
0.000933468
0.000918193
0.000903155
0.000888341
0.000873738
0.000859333
0.000845115
0.000831073
0.000817199
0.000803483
0.000789919
0.0007765
0.000763222
0.00075008
0.000737073
0.0007242
0.000711462
0.000698861
0.000686402
0.00067409
0.000661933
0.00064994
0.000638122
0.000626492
0.000615064
0.000603853
0.000592877
0.000582152
0.000571699
0.000561537
0.000551686
0.000542166
0.000532999
0.000524203
0.000515799
0.000507805
0.000500239
0.000493116
0.000486451
0.000480257
0.000474544
0.000469321
0.000464593
0.000460364
0.000456635
0.000453406
0.000450673
0.00044843
0.000446668
0.000445378
0.000444547
0.00044416
0.000444201
0.000444653
0.000445494
0.000446704
0.00044826
0.000450139
0.000452315
0.000454761
0.000457452
0.000460359
0.000463453
0.000466707
0.00047009
0.000473574
0.00047713
0.000480729
0.000484343
0.000487945
0.000491508
0.000495008
0.000498421
0.000501723
0.000504894
0.000507908
0.000510789
0.000513207
0.000516918
0.000478614
0.000470632
0.000462985
0.000455659
0.00044864
0.000441912
0.00043546
0.00042927
0.000423331
0.00041763
0.000412156
0.000406897
0.000401845
0.00039699
0.000392323
0.000387835
0.000383519
0.000379366
0.000375371
0.000371526
0.000367826
0.000364265
0.000360837
0.000357537
0.000354362
0.000351307
0.000348368
0.000345542
0.000342827
0.00034022
0.000337718
0.000335321
0.000333028
0.000330836
0.000328747
0.00032676
0.000324875
0.000323093
0.000321415
0.000319842
0.000318377
0.000317022
0.000315778
0.000314649
0.000313638
0.000312748
0.000311983
0.000311346
0.000310843
0.000310477
0.000310252
0.000310175
0.000310249
0.000310479
0.000310872
0.000311431
0.000312161
0.000313068
0.000314156
0.000315428
0.000316889
0.00031854
0.000320385
0.000322423
0.000324655
0.000327078
0.00032969
0.000332485
0.000335456
0.000338594
0.000341886
0.000345319
0.000348877
0.000352538
0.000356282
0.000360085
0.00036392
0.000367758
0.000371569
0.000375323
0.000378986
0.000382527
0.000385914
0.000389117
0.000392107
0.000394856
0.000397341
0.000399541
0.000401439
0.000403021
0.000404277
0.000405201
0.000405791
0.000406046
0.000405974
0.000405563
0.000404884
0.000403727
0.000402876
0.000399954
0.00019011
0.000190963
0.000191782
0.000192567
0.000193317
0.000194031
0.00019471
0.000195353
0.00019596
0.000196532
0.000197067
0.000197566
0.000198029
0.000198455
0.000198845
0.000199198
0.000199515
0.000199795
0.000200038
0.000200245
0.000200414
0.000200547
0.000200642
0.000200699
0.00020072
0.000200702
0.000200646
0.000200551
0.000200418
0.000200246
0.000200033
0.000199781
0.000199488
0.000199153
0.000198776
0.000198357
0.000197894
0.000197388
0.000196836
0.000196239
0.000195595
0.000194905
0.000194166
0.00019338
0.000192544
0.000191658
0.000190723
0.000189738
0.000188703
0.000187617
0.000186482
0.000185298
0.000184066
0.000182787
0.000181463
0.000180096
0.000178689
0.000177244
0.000175765
0.000174255
0.00017272
0.000171164
0.000169593
0.000168012
0.000166428
0.000164848
0.000163278
0.000161725
0.000160197
0.0001587
0.000157242
0.000155828
0.000154464
0.000153156
0.000151907
0.000150722
0.000149604
0.000148552
0.000147568
0.000146652
0.000145801
0.000145014
0.000144287
0.000143615
0.000142995
0.000142421
0.000141888
0.00014139
0.000140923
0.000140481
0.000140058
0.00013965
0.000139251
0.000138858
0.000138466
0.00013807
0.000137673
0.000137242
0.000136889
0.000136165
2.33763e-07
4.09734e-06
7.68715e-06
1.00271e-05
1.08319e-05
1.05538e-05
9.79006e-06
8.73787e-06
7.69465e-06
6.60342e-06
5.90518e-06
1.4808e-05
1.67647e-05
8.07754e-06
5.17328e-05
7.5946e-05
9.38156e-05
0.000108119
0.000120146
0.000130577
0.000139802
0.000148056
0.000155493
0.000162228
0.000168354
0.000173959
0.000179122
0.000183917
0.000188408
0.00019265
0.000196689
0.000200559
0.000204289
0.000207898
0.000211403
0.000214817
0.000218154
0.000221432
0.000224671
0.000227889
0.000231037
0.000234123
0.00023715
0.000240116
0.000243014
0.000245836
0.000248575
0.000251222
0.000253766
0.000256197
0.000258504
0.000260676
0.0002627
0.000264566
0.00026626
0.00026777
0.000269084
0.00027019
0.000271078
0.000271737
0.000272159
0.000272335
0.00027226
0.000271929
0.000271341
0.000270498
0.000269404
0.000268064
0.000266495
0.000264756
0.0002631
0.000262299
0.000261997
0.000261601
0.000261025
0.000260273
0.000259365
0.000258321
0.000257158
0.000255889
0.000254528
0.000253087
0.000251577
0.000250009
0.000248393
0.00024674
0.000245058
0.000243356
0.000241643
0.000239925
0.000238212
0.000236509
0.000234825
0.000233168
0.000231547
0.000229974
0.000228472
0.000227072
0.00022584
0.000224777
2.66046e-06
9.68865e-06
2.66656e-05
4.5545e-05
5.51528e-05
5.2259e-05
4.00455e-05
2.63443e-05
5.84218e-06
2.27307e-05
7.40559e-05
9.96181e-05
0.00011813
0.000137473
0.000157713
0.000185583
0.000219728
0.000261327
0.000310752
0.000367523
0.00043026
0.000496929
0.000565234
0.000633019
0.000698589
0.000760851
0.000819319
0.000873995
0.000925215
0.00097349
0.00101938
0.0010634
0.00110597
0.00114738
0.00118774
0.00122698
0.00126484
0.0013008
0.00133437
0.0013659
0.0013969
0.00142786
0.00145881
0.00148972
0.00152057
0.0015513
0.00158184
0.00161212
0.00164207
0.0016716
0.00170062
0.00172903
0.00175673
0.0017836
0.00180954
0.00183443
0.00185813
0.00188055
0.00190154
0.00192101
0.00193885
0.00195495
0.00196924
0.00198163
0.00199205
0.00200048
0.00200689
0.00201123
0.00201348
0.00201347
0.0020109
0.00200558
0.00199737
0.0019863
0.00197297
0.00195782
0.00194117
0.00192324
0.00190421
0.00188423
0.00186343
0.00184193
0.00181985
0.0017973
0.00177439
0.0017512
0.00172782
0.00170434
0.00168084
0.00165738
0.00163404
0.00161088
0.00158797
0.00156537
0.00154318
0.00152145
0.00150057
0.00148013
0.00146273
0.00144173
5.96508e-06
3.61277e-05
9.71259e-05
0.000117908
0.000102525
7.60874e-05
5.48596e-05
6.41041e-05
9.12965e-05
0.000123132
0.000149124
0.000169881
0.000195963
0.000232193
0.000285086
0.000357891
0.000452171
0.000567567
0.000699908
0.000842213
0.000986402
0.0011253
0.00125395
0.00136995
0.001473
0.00156418
0.00164519
0.00171791
0.00178407
0.00184514
0.00190228
0.00195641
0.0020082
0.00205815
0.00210664
0.00215401
0.00220062
0.00224697
0.00229371
0.00233981
0.00238549
0.00243081
0.0024757
0.00252009
0.00256392
0.00260709
0.00264953
0.00269117
0.00273193
0.00277173
0.00281049
0.00284812
0.00288456
0.00291972
0.00295352
0.00298589
0.00301675
0.00304603
0.00307365
0.00309954
0.00312364
0.00314589
0.00316624
0.00318462
0.003201
0.00321533
0.0032276
0.00323774
0.00324573
0.00325143
0.00325463
0.00325517
0.00325306
0.00324835
0.00324114
0.00323161
0.0032199
0.00320619
0.0031906
0.00317327
0.00315432
0.00313387
0.00311204
0.00308895
0.00306472
0.00303945
0.00301328
0.0029863
0.00295864
0.00293041
0.0029017
0.00287265
0.00284335
0.00281392
0.00278452
0.00275523
0.00272645
0.0026979
0.00267228
0.00263865
8.79566e-06
8.80872e-05
0.000129609
0.000120553
0.000105647
0.000101614
0.000110747
0.000131007
0.000155013
0.000178744
0.000203888
0.00023828
0.000290195
0.000366423
0.00047281
0.000607664
0.000767112
0.000942514
0.00112315
0.00129927
0.00146401
0.00161383
0.00174784
0.00186684
0.0019725
0.00206678
0.00215157
0.00222862
0.0022994
0.00236517
0.00242695
0.00248555
0.00254163
0.00259571
0.00264821
0.00269951
0.00274995
0.00279991
0.00284907
0.0028972
0.00294432
0.00299048
0.00303564
0.00307977
0.00312283
0.00316476
0.00320553
0.00324511
0.00328347
0.0033206
0.00335649
0.00339113
0.00342455
0.00345675
0.00348775
0.00351758
0.00354628
0.00357387
0.00360039
0.00362587
0.00365033
0.0036738
0.00369628
0.00371779
0.00373832
0.00375784
0.00377632
0.00379372
0.00380996
0.00382494
0.0038385
0.00385051
0.00386086
0.00386947
0.00387624
0.00388111
0.00388405
0.00388506
0.00388414
0.00388129
0.00387652
0.00386988
0.00386138
0.00385108
0.00383903
0.0038253
0.00380996
0.0037931
0.00377481
0.00375517
0.00373431
0.00371232
0.00368933
0.00366544
0.00364082
0.00361558
0.00359001
0.00356389
0.00353959
0.00350565
1.14594e-05
0.000121835
0.000154861
0.000141674
0.000135768
0.000141839
0.000155904
0.00017496
0.000197773
0.000226638
0.000267946
0.000330165
0.000420222
0.000541994
0.000693485
0.000866396
0.00105153
0.00123883
0.00142026
0.00159066
0.0017475
0.00189012
0.00201894
0.00213494
0.00223935
0.00233352
0.00241881
0.0024965
0.00256782
0.00263382
0.00269545
0.0027535
0.0028086
0.0028613
0.00291202
0.00296111
0.00300891
0.00305544
0.00310063
0.00314441
0.0031868
0.00322784
0.00326754
0.00330591
0.00334295
0.00337867
0.00341306
0.00344616
0.00347801
0.00350865
0.00353814
0.00356657
0.00359402
0.00362059
0.00364641
0.00367157
0.00369622
0.00372047
0.00374445
0.00376828
0.00379206
0.00381588
0.00383983
0.00386394
0.00388826
0.00391278
0.00393748
0.0039623
0.00398715
0.00401191
0.00403645
0.00406058
0.00408414
0.00410695
0.0041288
0.0041495
0.00416887
0.00418675
0.004203
0.0042175
0.00423014
0.00424084
0.00424953
0.00425616
0.00426069
0.00426313
0.00426346
0.00426173
0.00425797
0.00425224
0.00424461
0.00423515
0.00422397
0.00421116
0.00419685
0.00418114
0.00416428
0.00414603
0.00412842
0.00410218
1.38344e-05
0.000154118
0.000178469
0.000166252
0.000165177
0.000174155
0.000189885
0.000212086
0.000243349
0.000289073
0.000356101
0.000450049
0.000572881
0.000721751
0.000889188
0.0010663
0.00124538
0.00142024
0.00158678
0.00174271
0.00188698
0.0020193
0.00213988
0.00224924
0.00234817
0.00243759
0.00251856
0.00259215
0.0026594
0.00272131
0.00277872
0.0028324
0.00288296
0.00293092
0.00297668
0.00302058
0.00306283
0.00310353
0.00314268
0.0031803
0.00321642
0.00325108
0.00328432
0.00331618
0.0033467
0.00337592
0.0034039
0.00343069
0.00345639
0.0034811
0.00350492
0.003528
0.00355048
0.00357252
0.00359429
0.00361598
0.00363777
0.00365986
0.00368242
0.00370564
0.00372966
0.00375465
0.00378071
0.00380794
0.00383639
0.00386609
0.00389702
0.00392913
0.00396232
0.00399645
0.00403136
0.00406686
0.00410274
0.00413874
0.00417461
0.00421006
0.00424482
0.00427863
0.00431123
0.00434239
0.00437192
0.00439961
0.0044253
0.00444886
0.00447017
0.00448914
0.00450572
0.00451985
0.00453154
0.00454077
0.00454759
0.00455203
0.00455416
0.00455405
0.0045518
0.00454747
0.0045413
0.00453303
0.00452438
0.00450956
1.61053e-05
0.000181965
0.000199275
0.000188271
0.000190437
0.000203274
0.000225462
0.00025906
0.000308069
0.000377054
0.000469309
0.000585341
0.000722292
0.000874471
0.001035
0.00119787
0.00135841
0.00151323
0.00166014
0.00179786
0.00192571
0.00204342
0.00215109
0.00224907
0.00233792
0.0024184
0.00249135
0.00255767
0.00261825
0.0026739
0.0027254
0.00277337
0.00281839
0.00286086
0.00290114
0.0029395
0.00297617
0.00301127
0.00304486
0.00307698
0.00310768
0.00313701
0.00316502
0.00319177
0.00321731
0.00324173
0.0032651
0.00328751
0.00330909
0.00332996
0.00335027
0.00337018
0.00338988
0.00340957
0.00342945
0.00344974
0.00347068
0.00349248
0.00351536
0.00353954
0.0035652
0.00359253
0.00362168
0.00365275
0.00368583
0.00372096
0.00375814
0.00379732
0.00383839
0.00388124
0.00392566
0.00397146
0.00401838
0.00406616
0.00411447
0.00416299
0.00421139
0.00425933
0.00430648
0.00435253
0.00439719
0.00444019
0.00448129
0.00452028
0.00455696
0.00459119
0.00462284
0.0046518
0.00467802
0.00470145
0.00472208
0.00473991
0.00475497
0.00476731
0.00477699
0.00478406
0.00478875
0.00479075
0.00479157
0.00478925
1.85433e-05
0.000205841
0.000217538
0.000208829
0.000217454
0.000241575
0.000280776
0.000336257
0.000409136
0.000499733
0.000607094
0.000728799
0.000861124
0.000999644
0.00114013
0.00127919
0.00141426
0.00154352
0.00166581
0.00178044
0.00188708
0.00198569
0.0020764
0.00215952
0.00223548
0.00230486
0.00236824
0.0024263
0.00247968
0.00252899
0.00257481
0.00261762
0.00265777
0.00269562
0.00273146
0.00276553
0.00279802
0.00282906
0.00285873
0.0028871
0.00291422
0.00294014
0.00296492
0.00298863
0.00301135
0.00303315
0.00305414
0.00307444
0.00309417
0.00311348
0.00313254
0.00315153
0.00317066
0.00319013
0.00321018
0.00323105
0.00325298
0.0032762
0.00330096
0.00332749
0.003356
0.00338669
0.00341971
0.00345521
0.00349329
0.00353399
0.00357733
0.00362327
0.00367172
0.00372255
0.00377557
0.00383056
0.00388727
0.00394538
0.00400457
0.00406446
0.0041247
0.00418488
0.00424464
0.0043036
0.00436142
0.00441775
0.0044723
0.0045248
0.00457499
0.00462266
0.00466765
0.00470979
0.00474898
0.00478513
0.00481819
0.00484814
0.00487497
0.00489869
0.00491938
0.00493702
0.00495186
0.00496357
0.00497342
0.0049833
2.11127e-05
0.00022582
0.000235969
0.000238351
0.000270422
0.000326796
0.000399956
0.000484172
0.000576093
0.00067414
0.000777391
0.000884759
0.00099471
0.00110533
0.00121486
0.00132177
0.0014249
0.00152343
0.00161689
0.00170504
0.00178784
0.00186534
0.00193769
0.00200507
0.00206774
0.00212597
0.0021801
0.0022305
0.00227751
0.00232153
0.00236284
0.00240167
0.00243833
0.00247305
0.00250605
0.00253752
0.0025676
0.00259641
0.00262403
0.00265052
0.00267596
0.00270039
0.00272388
0.00274651
0.00276835
0.0027895
0.00281008
0.00283019
0.00285
0.00286964
0.00288929
0.00290916
0.00292944
0.00295036
0.00297216
0.00299507
0.00301934
0.00304523
0.00307298
0.00310282
0.00313498
0.00316966
0.00320705
0.00324728
0.00329046
0.00333668
0.00338595
0.00343825
0.0034935
0.00355157
0.00361229
0.00367543
0.00374072
0.00380784
0.00387645
0.00394615
0.00401656
0.00408724
0.00415779
0.0042278
0.00429686
0.0043646
0.00443066
0.00449474
0.00455652
0.00461577
0.00467225
0.00472577
0.0047762
0.00482341
0.00486731
0.00490786
0.00494503
0.0049788
0.00500922
0.00503627
0.00506021
0.00508067
0.0050987
0.00511981
2.31612e-05
0.000241924
0.000266847
0.000313137
0.000403638
0.000508495
0.00061005
0.000703226
0.000788768
0.000869149
0.000946686
0.00102287
0.00109838
0.00117321
0.001247
0.0013193
0.00138968
0.00145782
0.00152353
0.00158673
0.00164739
0.00170554
0.00176118
0.00181436
0.0018651
0.00191346
0.00195951
0.00200336
0.00204509
0.00208476
0.0021225
0.00215847
0.00219279
0.00222562
0.00225709
0.0022873
0.00231636
0.00234435
0.00237135
0.00239742
0.00242263
0.00244702
0.00247067
0.00249365
0.00251606
0.00253798
0.00255953
0.00258083
0.00260204
0.00262331
0.00264482
0.00266676
0.00268934
0.00271278
0.00273731
0.00276317
0.00279061
0.00281989
0.00285123
0.0028849
0.0029211
0.00296005
0.00300195
0.00304693
0.00309514
0.00314664
0.00320149
0.00325967
0.00332112
0.00338571
0.00345328
0.0035236
0.00359639
0.00367133
0.00374806
0.00382618
0.00390526
0.00398488
0.00406458
0.00414392
0.00422248
0.00429985
0.00437563
0.00444948
0.00452105
0.00459007
0.00465628
0.00471945
0.00477942
0.00483603
0.00488918
0.00493879
0.00498482
0.00502723
0.00506606
0.00510126
0.00513313
0.00516123
0.00518643
0.00521751
2.45099e-05
0.000257439
0.00033847
0.000466722
0.000603392
0.000715445
0.000803432
0.00087393
0.000932977
0.000985156
0.00103359
0.00108023
0.00112622
0.00117207
0.00121791
0.0012637
0.00130929
0.00135456
0.0013994
0.00144374
0.00148752
0.0015307
0.00157323
0.00161503
0.00165604
0.00169619
0.00173539
0.0017735
0.0018105
0.00184635
0.00188109
0.00191472
0.00194728
0.00197881
0.00200937
0.00203901
0.00206778
0.00209573
0.00212292
0.00214939
0.00217519
0.00220039
0.00222504
0.00224923
0.00227303
0.00229654
0.00231988
0.00234316
0.00236654
0.00239016
0.00241421
0.00243886
0.00246433
0.00249082
0.00251856
0.0025478
0.00257877
0.00261172
0.00264689
0.00268452
0.00272484
0.00276807
0.0028144
0.00286399
0.00291699
0.00297349
0.00303353
0.00309712
0.00316419
0.00323465
0.00330831
0.00338496
0.0034643
0.00354601
0.00362973
0.00371502
0.00380147
0.00388862
0.003976
0.00406316
0.00414963
0.00423501
0.00431886
0.0044008
0.0044805
0.00455762
0.0046319
0.00470309
0.00477099
0.00483543
0.0048963
0.0049535
0.00500696
0.00505664
0.00510259
0.0051447
0.0051833
0.00521795
0.00524928
0.00528897
2.47787e-05
0.000282242
0.000469355
0.000634707
0.000746511
0.000821546
0.000875467
0.000917259
0.000952156
0.000983381
0.00101294
0.00104202
0.00107131
0.00110112
0.00113155
0.00116258
0.00119413
0.00122614
0.00125854
0.00129128
0.00132431
0.00135761
0.00139113
0.00142481
0.00145855
0.00149219
0.00152567
0.0015589
0.00159179
0.00162428
0.0016563
0.00168781
0.00171878
0.00174918
0.00177901
0.00180827
0.00183698
0.00186516
0.00189282
0.00192001
0.00194675
0.00197311
0.00199912
0.00202487
0.00205042
0.00207588
0.00210133
0.00212692
0.00215276
0.00217901
0.00220584
0.00223343
0.00226196
0.00229166
0.00232274
0.00235542
0.00238996
0.00242659
0.00246556
0.0025071
0.00255145
0.00259883
0.00264944
0.00270345
0.00276101
0.00282221
0.00288712
0.00295572
0.00302797
0.00310375
0.00318289
0.00326515
0.00335024
0.00343783
0.00352753
0.00361891
0.00371155
0.00380496
0.00389869
0.00399225
0.0040852
0.00417708
0.00426747
0.00435597
0.00444223
0.0045259
0.0046067
0.00468437
0.0047587
0.00482952
0.00489667
0.00496006
0.00501962
0.00507529
0.0051271
0.00517495
0.00521916
0.00525928
0.00529572
0.0053427
2.76661e-05
0.000321759
0.000584724
0.000702426
0.000764938
0.000804244
0.000832496
0.00085533
0.000875774
0.000895607
0.000915848
0.000937002
0.000959235
0.000982513
0.0010067
0.00103165
0.00105722
0.00108331
0.00110988
0.00113689
0.00116431
0.00119215
0.00122037
0.00124896
0.00127789
0.00130714
0.00133664
0.00136633
0.00139613
0.00142599
0.00145582
0.00148557
0.00151519
0.00154462
0.00157383
0.0016028
0.00163152
0.00165999
0.0016882
0.00171617
0.00174393
0.00177151
0.00179896
0.00182633
0.00185369
0.00188113
0.00190875
0.00193665
0.00196496
0.00199383
0.00202342
0.00205389
0.00208544
0.00211826
0.00215259
0.00218864
0.00222665
0.00226686
0.00230952
0.00235488
0.00240316
0.0024546
0.00250938
0.0025677
0.00262968
0.00269543
0.00276498
0.00283835
0.00291544
0.00299615
0.00308027
0.00316756
0.00325772
0.00335039
0.00344517
0.00354166
0.00363938
0.00373789
0.0038367
0.00393536
0.0040334
0.00413037
0.00422586
0.00431946
0.0044108
0.00449955
0.00458542
0.00466814
0.00474749
0.00482329
0.0048954
0.00496369
0.0050281
0.00508855
0.00514507
0.00519754
0.00524631
0.00529088
0.0053315
0.0053845
2.57972e-05
0.000369359
0.000574113
0.000648658
0.000682625
0.000702891
0.000717641
0.000730432
0.000743463
0.00075803
0.000774691
0.00079348
0.000814121
0.000836212
0.00085935
0.000883199
0.000907524
0.000932186
0.000957107
0.000982281
0.00100774
0.0010335
0.00105962
0.00108608
0.00111291
0.0011401
0.00116763
0.00119547
0.00122358
0.00125194
0.00128048
0.00130918
0.00133797
0.00136683
0.00139573
0.00142462
0.00145349
0.00148234
0.00151114
0.00153992
0.00156869
0.00159747
0.00162629
0.00165522
0.00168432
0.00171365
0.00174331
0.00177341
0.00180406
0.00183541
0.00186762
0.00190084
0.00193527
0.0019711
0.00200857
0.00204789
0.00208931
0.00213307
0.00217941
0.00222859
0.00228083
0.00233637
0.00239538
0.00245805
0.00252448
0.00259476
0.00266892
0.00274692
0.00282866
0.00291399
0.00300269
0.00309449
0.00318907
0.00328607
0.00338508
0.00348568
0.00358742
0.00368986
0.00379254
0.003895
0.00399679
0.00409748
0.00419666
0.00429394
0.00438897
0.0044814
0.00457095
0.00465735
0.0047404
0.00481989
0.0048957
0.00496768
0.00503577
0.00509988
0.00516004
0.00521611
0.00526846
0.00531657
0.00536048
0.00541831
0.000184157
0.000397302
0.000478916
0.000520345
0.000537334
0.000544933
0.000549938
0.000556839
0.000567537
0.000582444
0.00060114
0.000622811
0.00064656
0.000671595
0.000697324
0.000723368
0.000749528
0.000775727
0.000801959
0.000828251
0.000854637
0.00088115
0.000907815
0.00093465
0.000961669
0.000988888
0.00101632
0.00104397
0.00107185
0.00109995
0.00112826
0.00115678
0.00118548
0.00121435
0.00124337
0.00127252
0.0013018
0.00133119
0.0013607
0.00139033
0.00142011
0.00145006
0.00148021
0.00151061
0.00154133
0.00157243
0.00160402
0.00163619
0.00166907
0.00170279
0.00173752
0.00177342
0.00181069
0.00184952
0.00189016
0.00193282
0.00197775
0.0020252
0.00207541
0.00212863
0.00218508
0.00224497
0.00230846
0.00237569
0.00244676
0.00252171
0.00260051
0.00268309
0.00276931
0.00285898
0.00295184
0.0030476
0.00314593
0.00324645
0.00334877
0.00345247
0.00355712
0.00366231
0.00376759
0.00387254
0.00397674
0.00407979
0.0041813
0.00428089
0.00437822
0.00447299
0.0045649
0.0046537
0.00473919
0.00482117
0.0048995
0.00497405
0.00504474
0.00511148
0.0051743
0.00523303
0.00528805
0.00533885
0.00538527
0.00544684
)
;

boundaryField
{
    outlet
    {
        type            calculated;
        value           nonuniform List<scalar> 
55
(
0.00547033
0.00549151
0.00551363
0.00553732
0.00556329
0.00559228
0.0056251
0.00566252
0.00570522
0.00575366
0.00580794
0.00586757
0.00593132
0.00599699
0.0060613
0.00611989
0.00616743
0.00619788
0.00620488
0.00618214
0.00612382
0.00602494
0.00588151
0.00569075
0.00545115
0.00516248
0.00482588
0.00444386
0.00402049
0.00356158
0.00307502
0.0025715
0.00206593
0.00158044
0.00114968
0.000821164
0.000623672
0.000516918
0.000399954
0.000136165
0.000224777
0.00144173
0.00263865
0.00350565
0.00410218
0.00450956
0.00478925
0.0049833
0.00511981
0.00521751
0.00528897
0.0053427
0.0053845
0.00541831
0.00544684
)
;
    }
    inlet
    {
        type            calculated;
        value           uniform 0.011383;
    }
    lowerWall
    {
        type            nutkWallFunction;
        Cmu             0.09;
        kappa           0.41;
        E               9.8;
        value           nonuniform List<scalar> 
148
(
0
2.21289e-06
3.89096e-06
4.87688e-06
5.44449e-06
5.76077e-06
5.91982e-06
5.97629e-06
5.9646e-06
5.90761e-06
5.82092e-06
5.71534e-06
5.59845e-06
5.47556e-06
5.35043e-06
5.22564e-06
5.10298e-06
4.98363e-06
4.86836e-06
4.75765e-06
4.65175e-06
4.55076e-06
4.45466e-06
4.36337e-06
4.27675e-06
4.19463e-06
4.1168e-06
4.04309e-06
3.97304e-06
3.90753e-06
3.841e-06
3.7987e-06
3.6635e-06
0
0
0
0
0
0
0
0
0
0
0
0
0
0
7.92723e-06
0
0
0
0
0
0
0
0
0
0
0
0
0
0
2.36969e-06
5.87508e-06
8.41197e-06
1.04206e-05
1.2096e-05
1.35396e-05
1.48091e-05
1.59396e-05
1.69538e-05
1.78687e-05
1.86983e-05
1.94548e-05
2.01499e-05
2.07937e-05
2.13954e-05
2.19626e-05
2.25014e-05
2.30169e-05
2.35127e-05
2.39917e-05
2.4456e-05
2.49076e-05
2.53483e-05
2.57806e-05
2.62072e-05
2.66303e-05
2.70437e-05
2.74484e-05
2.78449e-05
2.82328e-05
2.86113e-05
2.89796e-05
2.93366e-05
2.96811e-05
3.0012e-05
3.03278e-05
3.06273e-05
3.09089e-05
3.11713e-05
3.14128e-05
3.1632e-05
3.18272e-05
3.19971e-05
3.214e-05
3.22546e-05
3.23397e-05
3.23941e-05
3.24168e-05
3.2407e-05
3.23643e-05
3.22884e-05
3.21795e-05
3.20382e-05
3.18651e-05
3.16622e-05
3.14372e-05
3.12229e-05
3.1119e-05
3.108e-05
3.10287e-05
3.09541e-05
3.08566e-05
3.07389e-05
3.06036e-05
3.04526e-05
3.02879e-05
3.01111e-05
2.99238e-05
2.97274e-05
2.95233e-05
2.93129e-05
2.90975e-05
2.88781e-05
2.86561e-05
2.84323e-05
2.82079e-05
2.79838e-05
2.77609e-05
2.75404e-05
2.73232e-05
2.71106e-05
2.69042e-05
2.67069e-05
2.65228e-05
2.63609e-05
2.6221e-05
)
;
    }
    upperWall
    {
        type            nutkWallFunction;
        Cmu             0.09;
        kappa           0.41;
        E               9.8;
        value           nonuniform List<scalar> 
133
(
1.19971e-05
1.26791e-05
1.33805e-05
1.40213e-05
1.45939e-05
1.51157e-05
1.55985e-05
1.60478e-05
1.64675e-05
1.68603e-05
1.72284e-05
1.75738e-05
1.7898e-05
1.82026e-05
1.84888e-05
1.87578e-05
1.90107e-05
1.92485e-05
1.94721e-05
1.96825e-05
1.98804e-05
2.00667e-05
2.02419e-05
2.04068e-05
2.05621e-05
2.07082e-05
2.08457e-05
2.09753e-05
2.10972e-05
2.12121e-05
2.13202e-05
2.14221e-05
2.15182e-05
2.16231e-05
2.17372e-05
2.18467e-05
2.19515e-05
2.20516e-05
2.2147e-05
2.22375e-05
2.23233e-05
2.24043e-05
2.24805e-05
2.25518e-05
2.26183e-05
2.268e-05
2.27368e-05
2.27887e-05
2.28357e-05
2.28779e-05
2.29152e-05
2.29476e-05
2.2975e-05
2.29976e-05
2.30152e-05
2.30278e-05
2.30355e-05
2.30382e-05
2.30358e-05
2.30284e-05
2.30158e-05
2.29981e-05
2.29751e-05
2.29469e-05
2.29133e-05
2.28743e-05
2.28297e-05
2.27796e-05
2.27237e-05
2.26621e-05
2.25946e-05
2.25211e-05
2.24415e-05
2.23557e-05
2.22635e-05
2.2165e-05
2.206e-05
2.19484e-05
2.18301e-05
2.17051e-05
2.15734e-05
2.14349e-05
2.12896e-05
2.11376e-05
2.0979e-05
2.08138e-05
2.06422e-05
2.04645e-05
2.02809e-05
2.00917e-05
1.98973e-05
1.96981e-05
1.94948e-05
1.92878e-05
1.90778e-05
1.88656e-05
1.8652e-05
1.84378e-05
1.82238e-05
1.80111e-05
1.78006e-05
1.75932e-05
1.73899e-05
1.71917e-05
1.69993e-05
1.68137e-05
1.66355e-05
1.64653e-05
1.63037e-05
1.61509e-05
1.60073e-05
1.58729e-05
1.57477e-05
1.56313e-05
1.55236e-05
1.5424e-05
1.5332e-05
1.5247e-05
1.51683e-05
1.50953e-05
1.50271e-05
1.4963e-05
1.49023e-05
1.48443e-05
1.47882e-05
1.47335e-05
1.46795e-05
1.46257e-05
1.45712e-05
1.45167e-05
1.44574e-05
1.44089e-05
1.43094e-05
)
;
    }
    frontAndBack
    {
        type            empty;
    }
}


// ************************************************************************* //
