/*--------------------------------*- C++ -*----------------------------------*\
| =========                 |                                                 |
| \\      /  F ield         | OpenFOAM: The Open Source CFD Toolbox           |
|  \\    /   O peration     | Version:  4.1                                   |
|   \\  /    A nd           | Web:      www.OpenFOAM.org                      |
|    \\/     M anipulation  |                                                 |
\*---------------------------------------------------------------------------*/
FoamFile
{
    version     2.0;
    format      ascii;
    class       volScalarField;
    location    "900";
    object      k;
}
// * * * * * * * * * * * * * * * * * * * * * * * * * * * * * * * * * * * * * //

dimensions      [0 2 -2 0 0 0 0];

internalField   nonuniform List<scalar> 
6820
(
0.257082
0.434211
0.59852
0.709382
0.778145
0.818049
0.838547
0.845896
0.844371
0.836963
0.825767
0.812247
0.797426
0.782015
0.766498
0.751201
0.736336
0.722036
0.708378
0.6954
0.683115
0.671515
0.660583
0.650294
0.640616
0.631518
0.622964
0.614924
0.607339
0.600295
0.593189
0.588696
0.574468
0.811277
1.44613
1.51874
1.38792
1.22323
1.07762
0.95922
0.864569
0.788642
0.727157
0.676842
0.635256
0.600578
0.571431
0.546763
0.525758
0.507776
0.49231
0.478954
0.467377
0.45731
0.448532
0.440859
0.434138
0.428241
0.423059
0.418502
0.414494
0.410968
0.407891
0.405164
0.402958
0.400711
0.368869
0.66416
0.797428
0.829397
0.816589
0.786286
0.750411
0.713991
0.679045
0.646311
0.616001
0.588103
0.562514
0.539088
0.517663
0.498078
0.480173
0.4638
0.44882
0.435107
0.422543
0.411025
0.400456
0.390751
0.381831
0.373626
0.366073
0.359115
0.352701
0.346788
0.341329
0.336304
0.331654
0.240027
0.336287
0.412169
0.460222
0.487105
0.500012
0.504037
0.502509
0.497533
0.490424
0.482012
0.472847
0.463295
0.453611
0.443967
0.434484
0.425242
0.416295
0.407676
0.399404
0.39149
0.383933
0.376731
0.369875
0.363356
0.357161
0.351278
0.345693
0.340393
0.335363
0.330591
0.326066
0.321766
0.214145
0.250649
0.284542
0.31208
0.332947
0.348027
0.358469
0.365345
0.369529
0.371681
0.372296
0.371745
0.370308
0.368203
0.365595
0.362617
0.359369
0.355934
0.352375
0.348743
0.345078
0.341412
0.33777
0.334171
0.330629
0.327158
0.323765
0.320457
0.317237
0.31411
0.311077
0.30814
0.305299
0.20564
0.221937
0.238617
0.25366
0.26644
0.276904
0.285273
0.29185
0.296935
0.300784
0.303614
0.305602
0.306896
0.307616
0.307861
0.307715
0.307247
0.306514
0.305564
0.304439
0.303172
0.301793
0.300325
0.29879
0.297204
0.295583
0.293939
0.292283
0.290623
0.288967
0.287321
0.285691
0.284083
0.202357
0.210378
0.219404
0.228106
0.235957
0.242783
0.248605
0.253515
0.257621
0.261027
0.263824
0.266097
0.267914
0.269339
0.270426
0.271218
0.271758
0.272079
0.272212
0.272183
0.272013
0.271725
0.271333
0.270855
0.270303
0.26969
0.269024
0.268315
0.267572
0.2668
0.266007
0.265198
0.264378
0.201008
0.2051
0.210232
0.215526
0.22054
0.225078
0.229098
0.232622
0.235689
0.238346
0.240635
0.242597
0.244268
0.245681
0.246866
0.247847
0.248648
0.249289
0.249788
0.250162
0.250425
0.25059
0.250668
0.250669
0.250602
0.250476
0.250298
0.250075
0.249811
0.249514
0.249188
0.248837
0.248465
0.200424
0.202508
0.205459
0.208754
0.21204
0.21513
0.217953
0.220495
0.222768
0.224789
0.22658
0.228159
0.229548
0.230765
0.231826
0.232746
0.23354
0.23422
0.234797
0.235281
0.235681
0.236006
0.236263
0.236459
0.2366
0.236691
0.236739
0.236747
0.236719
0.236661
0.236574
0.236463
0.236332
0.200163
0.201193
0.202864
0.204904
0.207067
0.20919
0.211193
0.213044
0.214736
0.216272
0.217659
0.218908
0.220029
0.221031
0.221926
0.222722
0.223428
0.224051
0.224599
0.225079
0.225496
0.225856
0.226165
0.226425
0.226643
0.226822
0.226965
0.227076
0.227158
0.227213
0.227245
0.227255
0.227247
0.200044
0.20052
0.201431
0.202661
0.20406
0.205505
0.206921
0.208268
0.209528
0.210694
0.211766
0.212747
0.213641
0.214454
0.215192
0.215859
0.21646
0.217002
0.217488
0.217924
0.218312
0.218657
0.218963
0.219232
0.219467
0.219672
0.219848
0.219999
0.220126
0.220232
0.220318
0.220387
0.22044
0.199989
0.200177
0.20064
0.201347
0.20222
0.203178
0.204159
0.205125
0.206054
0.206932
0.207754
0.208519
0.209227
0.209879
0.210478
0.211028
0.21153
0.211989
0.212406
0.212786
0.21313
0.213441
0.213722
0.213975
0.214201
0.214404
0.214584
0.214744
0.214885
0.215009
0.215117
0.21521
0.215291
0.199965
0.200004
0.200209
0.200585
0.201099
0.201706
0.202361
0.203034
0.203702
0.204351
0.204971
0.205559
0.206111
0.206627
0.207107
0.207553
0.207966
0.208347
0.208698
0.209021
0.209317
0.209589
0.209837
0.210063
0.21027
0.210457
0.210627
0.210781
0.21092
0.211046
0.211158
0.211259
0.211349
0.199954
0.199918
0.199979
0.20015
0.200426
0.200784
0.201198
0.201645
0.202107
0.20257
0.203025
0.203465
0.203886
0.204286
0.204664
0.205019
0.205352
0.205662
0.205951
0.20622
0.206469
0.2067
0.206913
0.20711
0.207291
0.207458
0.207611
0.207752
0.207881
0.207999
0.208108
0.208206
0.208296
0.199949
0.199877
0.199858
0.199908
0.20003
0.200217
0.200456
0.200733
0.201034
0.201348
0.201667
0.201984
0.202294
0.202594
0.202883
0.203158
0.203419
0.203665
0.203898
0.204116
0.204321
0.204512
0.20469
0.204857
0.205011
0.205155
0.205289
0.205413
0.205528
0.205634
0.205733
0.205824
0.205909
0.199947
0.199857
0.199796
0.199776
0.199803
0.199877
0.199994
0.200145
0.200323
0.20052
0.200729
0.200944
0.20116
0.201375
0.201586
0.201791
0.201988
0.202178
0.202358
0.20253
0.202693
0.202846
0.202991
0.203127
0.203256
0.203376
0.203488
0.203594
0.203693
0.203785
0.203872
0.203953
0.204029
0.199947
0.199847
0.199764
0.199706
0.199676
0.199679
0.199713
0.199776
0.199863
0.19997
0.200092
0.200224
0.200363
0.200506
0.200651
0.200794
0.200936
0.201074
0.201208
0.201337
0.201461
0.201579
0.201692
0.2018
0.201902
0.201999
0.202091
0.202177
0.202259
0.202337
0.20241
0.202479
0.202545
0.199946
0.199843
0.199749
0.199669
0.199608
0.199567
0.199548
0.19955
0.199573
0.199614
0.199669
0.199737
0.199814
0.199898
0.199986
0.200078
0.20017
0.200264
0.200356
0.200447
0.200536
0.200622
0.200705
0.200786
0.200864
0.200938
0.201009
0.201077
0.201142
0.201205
0.201264
0.201321
0.201375
0.199946
0.199841
0.199742
0.199651
0.199571
0.199505
0.199453
0.199417
0.199396
0.199389
0.199396
0.199415
0.199444
0.19948
0.199523
0.199572
0.199624
0.199678
0.199735
0.199792
0.199849
0.199907
0.199964
0.20002
0.200074
0.200128
0.20018
0.20023
0.200279
0.200326
0.200372
0.200417
0.200459
0.199946
0.19984
0.199739
0.199642
0.199553
0.199471
0.1994
0.19934
0.19929
0.199252
0.199225
0.199209
0.199201
0.199202
0.199209
0.199223
0.199242
0.199265
0.199291
0.19932
0.199351
0.199383
0.199416
0.19945
0.199485
0.199519
0.199554
0.199588
0.199622
0.199655
0.199688
0.199721
0.199753
0.199946
0.19984
0.199737
0.199638
0.199543
0.199454
0.199372
0.199297
0.19923
0.199172
0.199122
0.199081
0.199048
0.199022
0.199003
0.198991
0.198984
0.198982
0.198984
0.198989
0.198998
0.19901
0.199023
0.199039
0.199056
0.199074
0.199093
0.199113
0.199134
0.199156
0.199177
0.199199
0.199221
0.199946
0.19984
0.199736
0.199635
0.199538
0.199445
0.199356
0.199273
0.199196
0.199125
0.199061
0.199004
0.198954
0.198911
0.198873
0.198842
0.198817
0.198796
0.19878
0.198768
0.19876
0.198755
0.198753
0.198754
0.198757
0.198763
0.19877
0.198778
0.198788
0.198799
0.198812
0.198825
0.198839
0.199946
0.19984
0.199736
0.199634
0.199536
0.19944
0.199349
0.199261
0.199178
0.1991
0.199028
0.198962
0.198901
0.198846
0.198798
0.198754
0.198716
0.198683
0.198655
0.198631
0.198611
0.198595
0.198583
0.198573
0.198567
0.198562
0.198561
0.198561
0.198563
0.198567
0.198572
0.198578
0.198586
0.199946
0.19984
0.199735
0.199634
0.199534
0.199438
0.199345
0.199255
0.19917
0.199089
0.199013
0.198942
0.198876
0.198816
0.198761
0.198711
0.198667
0.198628
0.198593
0.198563
0.198537
0.198514
0.198496
0.198481
0.198468
0.198459
0.198452
0.198447
0.198445
0.198444
0.198446
0.198448
0.198453
0.199946
0.19984
0.199735
0.199633
0.199534
0.199437
0.199344
0.199254
0.199168
0.199087
0.19901
0.198939
0.198873
0.198812
0.198756
0.198706
0.198661
0.198621
0.198586
0.198554
0.198528
0.198505
0.198485
0.198469
0.198456
0.198446
0.198438
0.198433
0.198429
0.198428
0.198428
0.19843
0.198433
0.199946
0.19984
0.199735
0.199634
0.199534
0.199438
0.199346
0.199257
0.199174
0.199095
0.199022
0.198954
0.198892
0.198836
0.198785
0.19874
0.1987
0.198665
0.198635
0.198609
0.198587
0.198569
0.198554
0.198542
0.198533
0.198527
0.198523
0.198521
0.19852
0.198522
0.198524
0.198529
0.198534
0.199946
0.19984
0.199736
0.199635
0.199537
0.199442
0.199353
0.199269
0.19919
0.199118
0.199053
0.198995
0.198943
0.198898
0.198858
0.198825
0.198797
0.198774
0.198756
0.198741
0.19873
0.198723
0.198718
0.198716
0.198716
0.198718
0.198722
0.198728
0.198734
0.198742
0.19875
0.19876
0.19877
0.199946
0.19984
0.199737
0.199637
0.199542
0.199453
0.19937
0.199295
0.199228
0.19917
0.199121
0.199079
0.199046
0.19902
0.199001
0.198988
0.19898
0.198977
0.198978
0.198982
0.198989
0.198998
0.19901
0.199023
0.199037
0.199052
0.199068
0.199085
0.199102
0.199119
0.199136
0.199153
0.199171
0.199946
0.199841
0.19974
0.199645
0.199557
0.199478
0.19941
0.199354
0.199309
0.199277
0.199255
0.199244
0.199241
0.199247
0.199259
0.199277
0.199299
0.199325
0.199353
0.199384
0.199416
0.199448
0.199481
0.199514
0.199547
0.199579
0.199611
0.199642
0.199672
0.199701
0.199729
0.199756
0.199782
0.199947
0.199844
0.199749
0.199664
0.199592
0.199537
0.199499
0.19948
0.199477
0.199489
0.199515
0.199553
0.199599
0.199652
0.19971
0.199772
0.199836
0.199901
0.199965
0.20003
0.200092
0.200154
0.200213
0.20027
0.200324
0.200376
0.200426
0.200473
0.200518
0.20056
0.200599
0.200637
0.200672
0.199948
0.199852
0.19977
0.199711
0.199677
0.199673
0.199697
0.199746
0.199818
0.199907
0.20001
0.200122
0.200239
0.20036
0.20048
0.2006
0.200717
0.20083
0.200939
0.201043
0.201141
0.201234
0.201322
0.201405
0.201482
0.201554
0.201622
0.201685
0.201743
0.201797
0.201848
0.201894
0.201937
0.199951
0.199872
0.199828
0.199831
0.199884
0.199985
0.200128
0.200302
0.200499
0.20071
0.200928
0.201146
0.201361
0.201569
0.201768
0.201958
0.202136
0.202304
0.20246
0.202605
0.20274
0.202865
0.20298
0.203087
0.203184
0.203274
0.203356
0.203431
0.2035
0.203562
0.203619
0.203671
0.203718
0.19996
0.199932
0.199988
0.200141
0.200383
0.200695
0.201055
0.20144
0.201833
0.202222
0.202597
0.202954
0.203288
0.203598
0.203885
0.204149
0.20439
0.204611
0.204811
0.204994
0.205159
0.205309
0.205445
0.205567
0.205677
0.205777
0.205866
0.205946
0.206017
0.20608
0.206137
0.206186
0.20623
0.19999
0.200113
0.200438
0.200945
0.201582
0.202288
0.203012
0.20372
0.20439
0.205011
0.205578
0.206091
0.206552
0.206965
0.207333
0.207661
0.207953
0.208212
0.208442
0.208646
0.208826
0.208985
0.209126
0.209249
0.209357
0.209451
0.209533
0.209603
0.209664
0.209715
0.209757
0.209792
0.20982
0.200097
0.200698
0.201729
0.20303
0.20443
0.205804
0.207078
0.208222
0.209229
0.210107
0.210866
0.211521
0.212084
0.212568
0.212984
0.213341
0.213647
0.21391
0.214135
0.214327
0.21449
0.214628
0.214743
0.214839
0.214917
0.214979
0.215028
0.215064
0.215089
0.215104
0.215111
0.215109
0.2151
0.200521
0.202675
0.205525
0.20847
0.211189
0.21355
0.215527
0.217152
0.218476
0.219552
0.220424
0.221131
0.221704
0.222168
0.222543
0.222845
0.223086
0.223277
0.223425
0.223537
0.223617
0.223671
0.223702
0.223713
0.223707
0.223684
0.223649
0.223601
0.223542
0.223475
0.223398
0.223315
0.223225
0.202177
0.209422
0.217079
0.223316
0.228003
0.231437
0.233925
0.235719
0.23701
0.237936
0.238593
0.239054
0.239367
0.239569
0.239685
0.239733
0.239727
0.239676
0.239588
0.239469
0.239324
0.239157
0.238971
0.238768
0.23855
0.23832
0.23808
0.23783
0.237573
0.237308
0.237039
0.236764
0.236486
0.208503
0.227596
0.245316
0.25869
0.267554
0.272837
0.275658
0.27695
0.277338
0.277195
0.276744
0.276116
0.275385
0.274596
0.273774
0.272932
0.27208
0.271221
0.270359
0.269495
0.268631
0.267768
0.266908
0.266051
0.265198
0.264351
0.263511
0.262678
0.261853
0.261037
0.260232
0.259437
0.258653
0.248308
0.315061
0.34816
0.362157
0.367118
0.367958
0.366701
0.364185
0.360865
0.357053
0.352965
0.348753
0.344525
0.340356
0.336297
0.332383
0.328633
0.32506
0.321669
0.318461
0.315432
0.312577
0.309891
0.307366
0.304994
0.302768
0.30068
0.298722
0.296886
0.295167
0.293555
0.292046
0.290632
0.205354
0.221127
0.238043
0.254121
0.268995
0.282971
0.296258
0.308938
0.321054
0.332632
0.343696
0.354264
0.36435
0.373971
0.38314
0.391874
0.400187
0.408094
0.415611
0.422753
0.429535
0.435971
0.442078
0.447869
0.453358
0.45856
0.463488
0.468156
0.472575
0.476758
0.480716
0.484461
0.488009
0.618299
0.69443
0.816663
0.966131
1.13131
1.29982
1.46296
1.61359
1.74591
1.85588
1.94197
2.00524
2.04868
2.07631
2.09225
2.10005
2.10241
2.10118
2.09745
2.09187
2.0848
2.07648
2.06711
2.05688
2.04594
2.03438
2.02226
2.00956
1.99622
1.98215
1.9672
1.95122
1.93406
1.91555
1.89553
1.87387
1.85042
1.82509
1.7978
1.76848
1.73711
1.70372
1.66835
1.6311
1.59208
1.55148
1.5095
1.46638
1.4224
1.37787
1.33312
1.28847
1.24429
1.20092
1.15871
1.11799
1.07905
1.04219
1.00763
0.975578
0.946197
0.919598
0.895849
0.87498
0.85698
0.841804
0.829379
0.819604
0.812359
0.80751
0.804907
0.804395
0.805812
0.808991
0.813759
0.819944
0.827366
0.835847
0.845203
0.855251
0.86581
0.876699
0.887743
0.898774
0.909631
0.920166
0.930239
0.939727
0.948517
0.956511
0.963625
0.969787
0.974941
0.979032
0.982043
0.983909
0.98473
0.984253
0.983289
0.980022
0.399207
0.404198
0.417507
0.441622
0.477223
0.524784
0.584202
0.654779
0.735206
0.823622
0.917642
1.01444
1.11089
1.20388
1.29056
1.36867
1.43672
1.49408
1.54089
1.57792
1.60627
1.62718
1.64185
1.65133
1.6565
1.65802
1.65644
1.65214
1.64543
1.63653
1.6256
1.61275
1.59805
1.58153
1.56322
1.54314
1.52127
1.49764
1.47226
1.44517
1.41643
1.38611
1.35431
1.32117
1.28684
1.25151
1.21538
1.1787
1.14171
1.10469
1.06791
1.03165
0.996188
0.961803
0.928749
0.897264
0.867563
0.839833
0.814231
0.790878
0.769863
0.75124
0.735033
0.721234
0.709813
0.700715
0.693867
0.689182
0.686559
0.685892
0.687064
0.689958
0.69445
0.700415
0.707723
0.716241
0.72583
0.736349
0.747649
0.759581
0.771991
0.784722
0.79762
0.810533
0.823312
0.835817
0.847912
0.859474
0.870391
0.880558
0.889887
0.898296
0.905723
0.912104
0.917413
0.921577
0.924682
0.926494
0.927649
0.927429
0.326708
0.321613
0.317088
0.313616
0.31192
0.312761
0.316667
0.324284
0.336494
0.354173
0.378148
0.409098
0.447425
0.493123
0.545664
0.603948
0.66635
0.730854
0.79528
0.857522
0.91578
0.968702
1.01545
1.05566
1.08937
1.11689
1.13867
1.15525
1.16716
1.17488
1.17884
1.17941
1.17689
1.17155
1.16362
1.15328
1.1407
1.12605
1.10946
1.09109
1.07107
1.04957
1.02673
1.00274
0.977784
0.952052
0.925757
0.899117
0.872359
0.845711
0.819401
0.793654
0.768684
0.744693
0.721868
0.700377
0.680369
0.661965
0.645266
0.630346
0.617255
0.606019
0.596645
0.58912
0.583414
0.579486
0.577283
0.576743
0.577799
0.580379
0.584407
0.589805
0.596492
0.604383
0.613392
0.623425
0.634384
0.646164
0.658652
0.671731
0.685276
0.699157
0.713241
0.727394
0.741481
0.75537
0.768934
0.78205
0.794604
0.806491
0.817615
0.827888
0.837237
0.84559
0.85291
0.859119
0.864279
0.868184
0.871286
0.873908
0.317034
0.311838
0.306763
0.301844
0.297174
0.292876
0.289096
0.285976
0.283653
0.282369
0.282429
0.284203
0.288113
0.294624
0.304206
0.317293
0.334218
0.355153
0.380048
0.408591
0.440205
0.474079
0.509241
0.544645
0.579276
0.612231
0.642779
0.670385
0.69471
0.715588
0.732987
0.746977
0.757693
0.765308
0.770015
0.772015
0.771507
0.768688
0.76375
0.756882
0.748272
0.738105
0.726569
0.713853
0.700149
0.68565
0.670552
0.655051
0.639341
0.623613
0.60805
0.592829
0.578115
0.564059
0.550799
0.538458
0.527141
0.516937
0.507917
0.500134
0.493626
0.488416
0.484513
0.481915
0.480609
0.480576
0.48179
0.484221
0.487834
0.492593
0.49846
0.505392
0.513346
0.522276
0.53213
0.542853
0.554381
0.566643
0.579562
0.593048
0.607008
0.621336
0.635922
0.650652
0.665406
0.680063
0.694504
0.708611
0.72227
0.735374
0.747822
0.75952
0.770386
0.78034
0.789332
0.797277
0.804215
0.809963
0.814798
0.819994
0.302101
0.298521
0.294967
0.291428
0.287905
0.284416
0.280994
0.277677
0.274506
0.271525
0.268797
0.2664
0.26443
0.263008
0.262279
0.262414
0.263601
0.266042
0.269938
0.275466
0.282762
0.291898
0.302857
0.315529
0.329702
0.345076
0.361277
0.377893
0.394496
0.410674
0.426058
0.440335
0.453258
0.464647
0.474389
0.482426
0.488746
0.49338
0.496387
0.497852
0.497877
0.496578
0.494083
0.490528
0.486054
0.480808
0.474938
0.468592
0.461917
0.455055
0.448145
0.441317
0.434695
0.428392
0.422509
0.41714
0.412366
0.408256
0.404867
0.402248
0.400434
0.399453
0.399323
0.400058
0.401661
0.404136
0.407478
0.411683
0.416742
0.422648
0.429389
0.436952
0.445322
0.454483
0.464413
0.475083
0.486462
0.498508
0.511171
0.524391
0.5381
0.55222
0.566663
0.581334
0.596131
0.610947
0.625673
0.640198
0.654411
0.668205
0.681477
0.694128
0.706068
0.717209
0.72749
0.736819
0.745213
0.752509
0.758821
0.766266
0.282232
0.280117
0.277974
0.275797
0.273576
0.271314
0.269021
0.26671
0.264397
0.262099
0.259835
0.257625
0.255493
0.253469
0.25159
0.249897
0.248444
0.247292
0.246513
0.246184
0.246387
0.247202
0.248705
0.250954
0.25399
0.257823
0.262432
0.267761
0.273719
0.280186
0.287017
0.294052
0.301124
0.308069
0.314736
0.320991
0.32672
0.331837
0.336278
0.340008
0.343011
0.345297
0.34689
0.347832
0.34818
0.347998
0.347361
0.346349
0.345046
0.343536
0.341904
0.340235
0.338607
0.337098
0.335777
0.334711
0.33396
0.333576
0.333605
0.33409
0.335062
0.336552
0.338583
0.341174
0.344341
0.348097
0.352452
0.357417
0.362999
0.369206
0.376045
0.38352
0.391637
0.400398
0.409801
0.419841
0.430507
0.441782
0.453639
0.466044
0.478954
0.492312
0.506055
0.520108
0.534388
0.548805
0.563263
0.577659
0.591892
0.605856
0.619449
0.632569
0.645123
0.657015
0.668174
0.678504
0.687998
0.696513
0.704011
0.713326
0.26341
0.262273
0.261093
0.259864
0.258581
0.257242
0.255849
0.254408
0.252928
0.251417
0.249884
0.248337
0.246785
0.245239
0.243708
0.242205
0.240745
0.239346
0.238031
0.236823
0.235754
0.234856
0.234164
0.233714
0.233541
0.233676
0.234146
0.234967
0.236145
0.237676
0.23954
0.241708
0.244137
0.246774
0.249563
0.25244
0.255342
0.25821
0.260987
0.263626
0.266088
0.268344
0.270375
0.272175
0.273745
0.275098
0.276252
0.277236
0.27808
0.278824
0.279506
0.28017
0.280858
0.281612
0.282476
0.28349
0.284692
0.286118
0.2878
0.289768
0.292049
0.294667
0.297641
0.300992
0.304735
0.308888
0.313465
0.318479
0.323947
0.329883
0.3363
0.343215
0.350642
0.358593
0.367082
0.376116
0.3857
0.395835
0.406513
0.417721
0.429434
0.441621
0.454239
0.467233
0.480543
0.494094
0.507807
0.521594
0.535362
0.549014
0.562452
0.575575
0.588289
0.600496
0.612115
0.623047
0.633266
0.642644
0.651014
0.661783
0.248007
0.247449
0.246849
0.246204
0.245509
0.244761
0.243961
0.243112
0.242218
0.241282
0.240312
0.23931
0.238283
0.237235
0.23617
0.235093
0.234008
0.232923
0.231844
0.230779
0.22974
0.228739
0.22779
0.226908
0.226113
0.225421
0.22485
0.224419
0.224141
0.22403
0.224094
0.224336
0.224756
0.225348
0.226101
0.226999
0.228026
0.229159
0.230377
0.231657
0.232978
0.234321
0.235671
0.237014
0.238344
0.239656
0.240951
0.242234
0.243515
0.244806
0.246123
0.247484
0.248908
0.250416
0.252031
0.253774
0.255667
0.257729
0.259982
0.262443
0.265129
0.268057
0.27124
0.274693
0.278429
0.282462
0.286804
0.29147
0.296474
0.301832
0.30756
0.313677
0.3202
0.327149
0.33454
0.342392
0.350719
0.359533
0.368841
0.378644
0.388936
0.399703
0.410922
0.422562
0.434577
0.446917
0.459518
0.472309
0.48521
0.498138
0.511001
0.523706
0.536159
0.548265
0.55994
0.571081
0.581648
0.591527
0.600444
0.612225
0.236153
0.235917
0.235646
0.235338
0.234989
0.234597
0.234161
0.233682
0.233162
0.232604
0.232011
0.231386
0.230732
0.230053
0.22935
0.228627
0.227884
0.227126
0.226354
0.225573
0.224785
0.223996
0.223212
0.22244
0.221688
0.220964
0.22028
0.219645
0.21907
0.218565
0.218142
0.217807
0.217569
0.217433
0.217404
0.217481
0.217666
0.217955
0.218345
0.218831
0.219407
0.220068
0.220806
0.221618
0.2225
0.223449
0.224465
0.225548
0.226701
0.227929
0.229238
0.230636
0.232133
0.233737
0.235459
0.237311
0.239302
0.241445
0.243748
0.246222
0.248876
0.251718
0.254757
0.258001
0.261458
0.265138
0.269049
0.273203
0.277612
0.282288
0.287248
0.292508
0.298086
0.304002
0.310276
0.316929
0.323981
0.331449
0.339351
0.347698
0.356497
0.365751
0.375451
0.385583
0.396124
0.407039
0.418285
0.429808
0.441546
0.453429
0.465378
0.477312
0.489143
0.50078
0.51214
0.523124
0.533679
0.543706
0.552848
0.565194
0.227215
0.227153
0.227063
0.226944
0.226793
0.226608
0.226388
0.226134
0.225845
0.225525
0.225174
0.224794
0.224389
0.223961
0.22351
0.223039
0.222549
0.222042
0.221519
0.220981
0.220431
0.21987
0.219301
0.218727
0.218152
0.217582
0.21702
0.216473
0.215947
0.21545
0.214989
0.21457
0.214202
0.21389
0.213643
0.213464
0.213359
0.213332
0.213387
0.213526
0.21375
0.214061
0.214461
0.214949
0.215527
0.216196
0.216958
0.217814
0.218767
0.21982
0.220977
0.222242
0.223621
0.225118
0.226738
0.228487
0.23037
0.232392
0.234556
0.236867
0.239328
0.241943
0.244715
0.247648
0.250745
0.254011
0.257452
0.261074
0.264886
0.268899
0.273125
0.277577
0.282273
0.28723
0.292468
0.298007
0.30387
0.310078
0.31665
0.323607
0.330964
0.338733
0.346919
0.355522
0.364535
0.37394
0.383712
0.393816
0.404207
0.414831
0.425625
0.436521
0.447443
0.45831
0.469042
0.479548
0.489766
0.499616
0.50868
0.521159
0.220482
0.220511
0.220518
0.220503
0.220463
0.220398
0.220305
0.220184
0.220037
0.219863
0.219665
0.219444
0.219201
0.218938
0.218656
0.218358
0.218044
0.217715
0.217373
0.217017
0.21665
0.216272
0.215885
0.21549
0.21509
0.214687
0.214284
0.213883
0.213491
0.213109
0.212744
0.212401
0.212086
0.211803
0.21156
0.211361
0.211213
0.211121
0.21109
0.211126
0.211233
0.211415
0.211676
0.212022
0.212454
0.212976
0.213593
0.214307
0.215121
0.21604
0.217067
0.218204
0.219456
0.220825
0.222314
0.223926
0.225662
0.227524
0.229513
0.231629
0.233871
0.23624
0.238736
0.241358
0.244106
0.246983
0.249989
0.253129
0.256408
0.259833
0.263413
0.267158
0.271083
0.275203
0.279535
0.284098
0.288913
0.294003
0.299388
0.305092
0.311133
0.317531
0.3243
0.33145
0.338985
0.346902
0.355192
0.363834
0.372801
0.382057
0.391556
0.401243
0.411057
0.42093
0.430791
0.440559
0.450171
0.459559
0.468279
0.480494
0.215369
0.215443
0.2155
0.215541
0.215562
0.215564
0.215545
0.215504
0.215442
0.21536
0.215257
0.215136
0.214999
0.214845
0.214676
0.214495
0.214301
0.214096
0.21388
0.213655
0.213422
0.21318
0.212932
0.212678
0.212419
0.212157
0.211894
0.211632
0.211373
0.211121
0.210878
0.210649
0.210438
0.210248
0.210086
0.209955
0.209862
0.209811
0.209807
0.209857
0.209965
0.210136
0.210376
0.21069
0.211082
0.211557
0.212119
0.212773
0.213523
0.214371
0.215322
0.216379
0.217544
0.218819
0.220206
0.221705
0.223317
0.225041
0.226875
0.228818
0.230867
0.23302
0.235274
0.237626
0.240074
0.242617
0.245253
0.247984
0.250813
0.253742
0.256779
0.259931
0.263209
0.266625
0.270194
0.273933
0.27786
0.281996
0.286361
0.290979
0.295871
0.301059
0.306561
0.312395
0.318572
0.325099
0.33198
0.339207
0.346767
0.35464
0.362795
0.371194
0.37979
0.38853
0.397355
0.406195
0.414993
0.423695
0.431849
0.44346
0.211442
0.211535
0.211616
0.211684
0.211738
0.211777
0.2118
0.211806
0.211795
0.211769
0.211727
0.21167
0.211601
0.211519
0.211426
0.211323
0.211211
0.211091
0.210964
0.210832
0.210694
0.210551
0.210405
0.210256
0.210105
0.209953
0.209802
0.209654
0.209509
0.209371
0.209241
0.209123
0.209019
0.208934
0.20887
0.208833
0.208825
0.208853
0.208921
0.209033
0.209195
0.209413
0.20969
0.210032
0.210445
0.210932
0.211498
0.212149
0.212887
0.213716
0.21464
0.215661
0.216781
0.218003
0.219325
0.220748
0.222271
0.223893
0.225609
0.227417
0.229312
0.231291
0.233349
0.235481
0.237684
0.239953
0.242287
0.244684
0.247144
0.249668
0.252261
0.254927
0.257675
0.260513
0.263455
0.266513
0.269704
0.273047
0.27656
0.280264
0.284182
0.288334
0.292743
0.297426
0.302403
0.307686
0.313285
0.319204
0.325442
0.331989
0.338831
0.345942
0.353291
0.360838
0.368539
0.376337
0.384182
0.392034
0.399456
0.41019
0.208391
0.20849
0.20858
0.208659
0.208728
0.208786
0.208831
0.208864
0.208884
0.208891
0.208887
0.208872
0.208846
0.208812
0.208769
0.208719
0.208663
0.208603
0.208538
0.20847
0.2084
0.208329
0.208257
0.208185
0.208115
0.208047
0.207983
0.207923
0.20787
0.207825
0.207789
0.207766
0.207758
0.207768
0.207798
0.207853
0.207935
0.208049
0.2082
0.20839
0.208626
0.208912
0.209251
0.20965
0.210112
0.210643
0.211246
0.211926
0.212685
0.213529
0.214458
0.215477
0.216585
0.217784
0.219074
0.220453
0.22192
0.223471
0.225104
0.226812
0.228591
0.230437
0.232341
0.2343
0.236308
0.23836
0.240451
0.242579
0.244741
0.246939
0.249173
0.251447
0.253765
0.256136
0.258568
0.261073
0.263665
0.266359
0.269171
0.272122
0.275231
0.278518
0.282005
0.285711
0.289657
0.293859
0.298332
0.303087
0.308129
0.31346
0.319074
0.324959
0.331096
0.33746
0.344018
0.350727
0.357547
0.364451
0.371034
0.380695
0.205999
0.206095
0.206184
0.206266
0.20634
0.206405
0.206461
0.206508
0.206545
0.206573
0.206592
0.206602
0.206605
0.206601
0.206592
0.206578
0.206561
0.206541
0.20652
0.206498
0.206476
0.206456
0.206438
0.206424
0.206413
0.206408
0.206409
0.206418
0.206435
0.206464
0.206504
0.206559
0.20663
0.206721
0.206832
0.206969
0.207133
0.207328
0.207558
0.207827
0.208139
0.208497
0.208906
0.20937
0.209894
0.210481
0.211135
0.21186
0.212659
0.213535
0.21449
0.215525
0.216642
0.217841
0.21912
0.220479
0.221913
0.223421
0.224995
0.226633
0.228327
0.23007
0.231858
0.233682
0.235537
0.237415
0.239314
0.241227
0.243152
0.245088
0.247034
0.248993
0.250966
0.25296
0.254982
0.257041
0.259148
0.261316
0.26356
0.265897
0.268343
0.270919
0.273643
0.276536
0.279616
0.282903
0.286412
0.290158
0.294153
0.298402
0.30291
0.307673
0.312682
0.317922
0.323374
0.329007
0.334791
0.340708
0.346399
0.354868
0.204111
0.204199
0.204283
0.204361
0.204433
0.2045
0.204559
0.204612
0.204657
0.204696
0.204728
0.204755
0.204776
0.204792
0.204805
0.204815
0.204824
0.204832
0.204841
0.204852
0.204865
0.204881
0.204902
0.204929
0.204963
0.205004
0.205055
0.205115
0.205187
0.205273
0.205373
0.205489
0.205625
0.205781
0.20596
0.206166
0.2064
0.206666
0.206967
0.207306
0.207687
0.208114
0.20859
0.209119
0.209705
0.210351
0.21106
0.211835
0.21268
0.213596
0.214584
0.215647
0.216784
0.217995
0.219278
0.22063
0.222048
0.223528
0.225065
0.226651
0.228282
0.22995
0.231646
0.233365
0.235099
0.236842
0.238586
0.240328
0.242063
0.243789
0.245504
0.247209
0.248905
0.250597
0.252289
0.253989
0.255706
0.257451
0.259237
0.261077
0.262987
0.264984
0.267085
0.269309
0.271675
0.274199
0.2769
0.279792
0.28289
0.286205
0.289743
0.29351
0.297503
0.301717
0.30614
0.310753
0.315535
0.320479
0.325272
0.332503
0.202616
0.202694
0.202769
0.20284
0.202907
0.20297
0.203028
0.203082
0.203131
0.203174
0.203214
0.203249
0.203281
0.20331
0.203337
0.203363
0.20339
0.203417
0.203447
0.20348
0.203517
0.20356
0.203609
0.203666
0.203732
0.203808
0.203894
0.203994
0.204107
0.204236
0.204382
0.204547
0.204733
0.204942
0.205176
0.205437
0.205729
0.206054
0.206414
0.206814
0.207256
0.207743
0.208278
0.208866
0.209509
0.210209
0.21097
0.211795
0.212684
0.213641
0.214666
0.215759
0.216919
0.218147
0.219439
0.220793
0.222204
0.223667
0.225177
0.226727
0.22831
0.229918
0.231544
0.233179
0.234817
0.236449
0.23807
0.239674
0.241255
0.242812
0.24434
0.245841
0.247314
0.248762
0.250189
0.251601
0.253005
0.25441
0.255827
0.257267
0.258745
0.260275
0.261872
0.263553
0.265335
0.267233
0.269266
0.271448
0.273793
0.276316
0.279026
0.28193
0.285033
0.288334
0.29183
0.295511
0.299362
0.303382
0.307313
0.313321
0.201435
0.201501
0.201565
0.201627
0.201687
0.201744
0.201798
0.201849
0.201897
0.201942
0.201984
0.202023
0.202061
0.202097
0.202134
0.20217
0.202208
0.202248
0.202292
0.202341
0.202395
0.202456
0.202525
0.202604
0.202692
0.202793
0.202907
0.203035
0.203179
0.203341
0.203521
0.203723
0.203947
0.204197
0.204473
0.204779
0.205117
0.205489
0.205898
0.206347
0.206839
0.207376
0.207962
0.208599
0.20929
0.210038
0.210845
0.211713
0.212643
0.213636
0.214693
0.215814
0.216998
0.218242
0.219545
0.220902
0.222308
0.22376
0.225249
0.22677
0.228314
0.229874
0.231442
0.233009
0.234567
0.23611
0.237629
0.239119
0.240575
0.241993
0.24337
0.244704
0.245996
0.247247
0.24846
0.24964
0.250792
0.251924
0.253045
0.254165
0.255296
0.25645
0.257642
0.258884
0.260193
0.261584
0.263071
0.264669
0.266393
0.268256
0.270269
0.272442
0.274782
0.277293
0.279976
0.282827
0.285838
0.289012
0.292142
0.296988
0.200507
0.200561
0.200614
0.200666
0.200717
0.200767
0.200815
0.200861
0.200906
0.20095
0.200991
0.201032
0.201072
0.201113
0.201154
0.201197
0.201242
0.20129
0.201343
0.201402
0.201468
0.201541
0.201624
0.201717
0.201822
0.20194
0.202073
0.202221
0.202388
0.202573
0.202779
0.203008
0.203261
0.203541
0.203849
0.204188
0.204561
0.20497
0.205416
0.205904
0.206435
0.207012
0.207638
0.208315
0.209045
0.209832
0.210675
0.211578
0.21254
0.213563
0.214647
0.21579
0.216992
0.218249
0.219559
0.220917
0.222319
0.223759
0.22523
0.226724
0.228234
0.229752
0.231269
0.232777
0.234268
0.235734
0.237167
0.238562
0.239913
0.241216
0.242467
0.243664
0.244808
0.245898
0.246937
0.247928
0.248877
0.249789
0.250673
0.251536
0.252389
0.253242
0.254109
0.255
0.255929
0.256909
0.257955
0.259079
0.260296
0.261616
0.263053
0.264616
0.266315
0.268154
0.270139
0.272269
0.274543
0.276963
0.279372
0.28315
0.199789
0.199831
0.199873
0.199915
0.199957
0.199998
0.20004
0.200081
0.200121
0.200161
0.200201
0.200241
0.200282
0.200324
0.200367
0.200413
0.200462
0.200515
0.200574
0.200639
0.200712
0.200793
0.200885
0.200988
0.201103
0.201233
0.201378
0.20154
0.201721
0.201923
0.202146
0.202393
0.202667
0.202968
0.203299
0.203663
0.20406
0.204495
0.204969
0.205485
0.206045
0.206652
0.207307
0.208013
0.208773
0.209587
0.210457
0.211385
0.212371
0.213415
0.214517
0.215674
0.216887
0.21815
0.219462
0.220817
0.22221
0.223635
0.225085
0.226552
0.228029
0.229506
0.230976
0.23243
0.23386
0.235257
0.236616
0.237928
0.239188
0.240393
0.241537
0.24262
0.24364
0.244598
0.245494
0.246331
0.247115
0.247849
0.248541
0.249198
0.249828
0.250441
0.251047
0.251657
0.252282
0.252935
0.253626
0.254368
0.255174
0.256054
0.25702
0.258082
0.259248
0.260527
0.261924
0.263441
0.26508
0.266845
0.26862
0.271442
0.199247
0.199278
0.199309
0.199342
0.199375
0.199409
0.199444
0.199479
0.199514
0.19955
0.199587
0.199625
0.199665
0.199706
0.19975
0.199797
0.199848
0.199903
0.199965
0.200033
0.20011
0.200196
0.200292
0.2004
0.200522
0.200658
0.200811
0.200981
0.201171
0.201382
0.201616
0.201875
0.202161
0.202475
0.202821
0.2032
0.203614
0.204066
0.204558
0.205092
0.20567
0.206296
0.20697
0.207696
0.208473
0.209305
0.210192
0.211135
0.212134
0.213189
0.214298
0.215461
0.216675
0.217937
0.219242
0.220587
0.221964
0.223369
0.224793
0.22623
0.22767
0.229106
0.230529
0.23193
0.233302
0.234636
0.235924
0.237162
0.238342
0.23946
0.240512
0.241496
0.242411
0.243257
0.244034
0.244745
0.245393
0.245982
0.246519
0.247009
0.24746
0.247881
0.248279
0.248665
0.249048
0.249438
0.249846
0.250283
0.250759
0.251285
0.25187
0.252524
0.253256
0.254073
0.254982
0.255986
0.257091
0.258296
0.259526
0.261514
0.198856
0.198877
0.198899
0.198924
0.198949
0.198976
0.199005
0.199034
0.199065
0.199097
0.199131
0.199166
0.199204
0.199244
0.199287
0.199333
0.199384
0.19944
0.199503
0.199572
0.19965
0.199737
0.199835
0.199946
0.200069
0.200208
0.200364
0.200537
0.20073
0.200946
0.201184
0.201448
0.20174
0.202061
0.202413
0.202799
0.203221
0.203681
0.204182
0.204725
0.205313
0.205948
0.206631
0.207365
0.20815
0.208989
0.209882
0.210828
0.21183
0.212884
0.213992
0.215149
0.216355
0.217604
0.218894
0.220219
0.221573
0.222949
0.224341
0.225741
0.22714
0.22853
0.229903
0.23125
0.232563
0.233834
0.235056
0.236223
0.237328
0.238367
0.239336
0.240234
0.241057
0.241806
0.242482
0.243086
0.243621
0.244091
0.2445
0.244855
0.245162
0.245428
0.24566
0.245867
0.246057
0.246239
0.246422
0.246616
0.246829
0.247072
0.247352
0.247678
0.248058
0.2485
0.24901
0.249592
0.250252
0.250989
0.251761
0.253034
0.198597
0.198611
0.198626
0.198644
0.198664
0.198685
0.198709
0.198734
0.19876
0.198789
0.19882
0.198852
0.198887
0.198925
0.198967
0.199012
0.199062
0.199117
0.199179
0.199247
0.199324
0.199411
0.199508
0.199617
0.19974
0.199878
0.200032
0.200205
0.200397
0.200611
0.200849
0.201112
0.201403
0.201724
0.202076
0.202462
0.202884
0.203345
0.203846
0.204389
0.204976
0.20561
0.206293
0.207024
0.207807
0.208642
0.209529
0.210469
0.211461
0.212504
0.213597
0.214738
0.215924
0.217151
0.218414
0.219709
0.221029
0.222368
0.223719
0.225074
0.226424
0.227763
0.229081
0.230369
0.231621
0.232827
0.233982
0.235079
0.236111
0.237076
0.237968
0.238785
0.239526
0.240189
0.240776
0.241288
0.241727
0.242097
0.242401
0.242644
0.242833
0.242974
0.243072
0.243135
0.243172
0.243188
0.243193
0.243194
0.243199
0.243216
0.243254
0.243318
0.243417
0.243558
0.243745
0.243984
0.24428
0.244631
0.245024
0.245695
0.198459
0.198468
0.19848
0.198494
0.198509
0.198527
0.198547
0.198569
0.198593
0.198619
0.198647
0.198677
0.19871
0.198746
0.198786
0.198829
0.198877
0.19893
0.198989
0.199056
0.19913
0.199214
0.199308
0.199414
0.199532
0.199666
0.199816
0.199983
0.200171
0.200379
0.200611
0.200869
0.201153
0.201468
0.201813
0.202192
0.202607
0.20306
0.203552
0.204087
0.204665
0.205289
0.20596
0.20668
0.207449
0.208269
0.209139
0.21006
0.211031
0.212051
0.213119
0.214231
0.215385
0.216577
0.217802
0.219055
0.22033
0.221621
0.222921
0.224221
0.225515
0.226793
0.228048
0.229272
0.230457
0.231595
0.232679
0.233704
0.234664
0.235554
0.236371
0.237112
0.237775
0.23836
0.238866
0.239296
0.239651
0.239934
0.240148
0.240298
0.240389
0.240427
0.240416
0.240364
0.240277
0.240161
0.240024
0.239872
0.239712
0.239551
0.239396
0.239253
0.239129
0.239029
0.238959
0.238921
0.238925
0.238961
0.239046
0.239219
0.198439
0.198447
0.198457
0.198469
0.198484
0.1985
0.198519
0.198539
0.198561
0.198585
0.198612
0.19864
0.198672
0.198706
0.198743
0.198784
0.19883
0.19888
0.198936
0.198999
0.199069
0.199148
0.199236
0.199336
0.199449
0.199575
0.199717
0.199876
0.200055
0.200254
0.200475
0.200722
0.200995
0.201297
0.201629
0.201995
0.202395
0.202832
0.203309
0.203826
0.204386
0.20499
0.205641
0.206338
0.207083
0.207876
0.208718
0.209609
0.210547
0.211531
0.21256
0.213631
0.21474
0.215884
0.217059
0.218258
0.219476
0.220707
0.221944
0.223179
0.224405
0.225613
0.226797
0.227947
0.229057
0.23012
0.231129
0.232078
0.232961
0.233775
0.234516
0.235181
0.235768
0.236277
0.236708
0.237061
0.23734
0.237545
0.23768
0.237749
0.237757
0.237707
0.237606
0.237459
0.237271
0.237049
0.236798
0.236524
0.236233
0.235931
0.235624
0.235317
0.235016
0.234726
0.234451
0.234194
0.233963
0.233748
0.233586
0.233351
0.198541
0.198551
0.198563
0.198577
0.198593
0.19861
0.198629
0.198649
0.198671
0.198695
0.198721
0.198749
0.198778
0.198811
0.198846
0.198884
0.198926
0.198973
0.199025
0.199082
0.199147
0.199219
0.199301
0.199392
0.199496
0.199612
0.199744
0.199891
0.200056
0.200242
0.200449
0.200679
0.200935
0.201219
0.201533
0.201878
0.202257
0.202671
0.203124
0.203615
0.204148
0.204723
0.205343
0.206007
0.206717
0.207473
0.208275
0.209122
0.210015
0.210951
0.211928
0.212944
0.213995
0.215078
0.216188
0.21732
0.218468
0.219625
0.220786
0.221943
0.223089
0.224216
0.225317
0.226384
0.227411
0.22839
0.229315
0.230181
0.230982
0.231715
0.232375
0.232962
0.233472
0.233905
0.23426
0.23454
0.234745
0.234877
0.234939
0.234935
0.234869
0.234744
0.234565
0.234337
0.234065
0.233755
0.233411
0.233038
0.232641
0.232227
0.231799
0.231362
0.230921
0.23048
0.230044
0.229614
0.229198
0.228782
0.228426
0.227861
0.198782
0.198798
0.198814
0.198832
0.198851
0.198871
0.198892
0.198915
0.198938
0.198962
0.198988
0.199015
0.199044
0.199074
0.199107
0.199142
0.19918
0.199222
0.199268
0.199319
0.199376
0.19944
0.199512
0.199594
0.199685
0.199789
0.199906
0.200039
0.200188
0.200355
0.200543
0.200753
0.200987
0.201247
0.201536
0.201854
0.202205
0.202589
0.203009
0.203466
0.203963
0.204499
0.205077
0.205698
0.206361
0.207068
0.207818
0.20861
0.209444
0.210318
0.21123
0.212177
0.213156
0.214163
0.215194
0.216244
0.217307
0.218377
0.219448
0.220513
0.221565
0.222598
0.223604
0.224575
0.225506
0.226391
0.227222
0.227995
0.228706
0.22935
0.229924
0.230426
0.230854
0.231207
0.231485
0.231689
0.23182
0.23188
0.231871
0.231797
0.231661
0.231466
0.231217
0.230918
0.230572
0.230186
0.229763
0.229307
0.228824
0.228318
0.227792
0.227251
0.226698
0.226138
0.225574
0.225007
0.224446
0.223872
0.223365
0.222537
0.199191
0.199214
0.199237
0.199261
0.199286
0.19931
0.199335
0.19936
0.199385
0.19941
0.199436
0.199462
0.19949
0.199518
0.199547
0.199578
0.199611
0.199646
0.199685
0.199728
0.199776
0.19983
0.19989
0.199958
0.200036
0.200124
0.200224
0.200337
0.200466
0.200611
0.200775
0.200959
0.201166
0.201397
0.201654
0.201939
0.202254
0.2026
0.202979
0.203394
0.203844
0.204332
0.204859
0.205424
0.20603
0.206675
0.20736
0.208084
0.208846
0.209643
0.210475
0.211339
0.21223
0.213146
0.214083
0.215035
0.215997
0.216964
0.217929
0.218887
0.219831
0.220754
0.221649
0.222511
0.223333
0.22411
0.224835
0.225504
0.226112
0.226657
0.227135
0.227543
0.227881
0.228147
0.228341
0.228464
0.228517
0.228501
0.228419
0.228273
0.228067
0.227804
0.227487
0.227119
0.226706
0.226251
0.225757
0.225229
0.224671
0.224087
0.223479
0.222852
0.222209
0.221553
0.220887
0.220212
0.219537
0.21884
0.218217
0.21718
0.199812
0.199844
0.199876
0.199906
0.199937
0.199966
0.199995
0.200022
0.200049
0.200075
0.2001
0.200125
0.20015
0.200174
0.200198
0.200224
0.20025
0.200277
0.200307
0.200339
0.200375
0.200415
0.200461
0.200513
0.200572
0.200641
0.20072
0.20081
0.200914
0.201033
0.201168
0.201321
0.201495
0.20169
0.201909
0.202153
0.202424
0.202724
0.203055
0.203416
0.203811
0.20424
0.204704
0.205203
0.205738
0.206309
0.206916
0.207557
0.208231
0.208938
0.209675
0.210438
0.211226
0.212035
0.21286
0.213697
0.214541
0.215387
0.21623
0.217063
0.217881
0.218677
0.219446
0.220182
0.220879
0.221532
0.222135
0.222685
0.223177
0.223609
0.223977
0.224279
0.224515
0.224682
0.224782
0.224815
0.22478
0.224681
0.224519
0.224296
0.224016
0.22368
0.223292
0.222856
0.222374
0.221851
0.22129
0.220695
0.220068
0.219414
0.218735
0.218035
0.217316
0.216581
0.215832
0.215072
0.214306
0.213513
0.212805
0.211605
0.200711
0.200752
0.200792
0.200829
0.200864
0.200898
0.200929
0.200958
0.200985
0.201009
0.201032
0.201053
0.201073
0.201091
0.201108
0.201125
0.201141
0.201157
0.201174
0.201193
0.201213
0.201236
0.201263
0.201295
0.201333
0.201378
0.201431
0.201493
0.201567
0.201653
0.201754
0.20187
0.202003
0.202156
0.202329
0.202524
0.202743
0.202988
0.203259
0.203558
0.203886
0.204244
0.204633
0.205053
0.205504
0.205987
0.2065
0.207043
0.207615
0.208214
0.208838
0.209485
0.210151
0.210834
0.211529
0.212233
0.21294
0.213647
0.214347
0.215036
0.215709
0.216359
0.216982
0.217572
0.218125
0.218635
0.219098
0.21951
0.219868
0.220169
0.220411
0.22059
0.220708
0.220762
0.220753
0.22068
0.220546
0.220351
0.220097
0.219786
0.219421
0.219004
0.218539
0.218027
0.217473
0.216879
0.216249
0.215586
0.214893
0.214172
0.213427
0.212661
0.211876
0.211075
0.21026
0.20943
0.208596
0.20773
0.20696
0.205641
0.201983
0.202031
0.202076
0.202117
0.202155
0.202189
0.20222
0.202247
0.20227
0.20229
0.202307
0.202321
0.202332
0.20234
0.202345
0.202349
0.20235
0.202351
0.202351
0.20235
0.20235
0.202351
0.202354
0.20236
0.20237
0.202384
0.202405
0.202434
0.20247
0.202517
0.202575
0.202646
0.202732
0.202833
0.202951
0.203088
0.203244
0.203422
0.203623
0.203847
0.204096
0.20437
0.20467
0.204996
0.205348
0.205726
0.206129
0.206557
0.207009
0.207482
0.207975
0.208485
0.20901
0.209546
0.210091
0.21064
0.211189
0.211733
0.21227
0.212792
0.213297
0.213779
0.214233
0.214655
0.21504
0.215385
0.215685
0.215937
0.216139
0.216287
0.21638
0.216416
0.216394
0.216314
0.216176
0.21598
0.215727
0.215419
0.215057
0.214643
0.214179
0.213669
0.213113
0.212516
0.211881
0.211209
0.210505
0.209771
0.20901
0.208224
0.207418
0.206592
0.20575
0.204893
0.204025
0.203144
0.202262
0.201347
0.200542
0.19915
0.203767
0.203817
0.203862
0.203902
0.203936
0.203965
0.203989
0.204008
0.204022
0.204032
0.204036
0.204036
0.204031
0.204023
0.20401
0.203994
0.203974
0.203951
0.203926
0.2039
0.203871
0.203842
0.203814
0.203785
0.203759
0.203735
0.203715
0.2037
0.20369
0.203687
0.203693
0.203708
0.203734
0.203772
0.203823
0.203889
0.20397
0.204068
0.204184
0.204318
0.204471
0.204645
0.204839
0.205053
0.205287
0.205542
0.205816
0.206108
0.206418
0.206743
0.207083
0.207433
0.207793
0.20816
0.208529
0.208898
0.209263
0.20962
0.209966
0.210296
0.210606
0.210892
0.21115
0.211377
0.211567
0.211719
0.211829
0.211894
0.211911
0.21188
0.211797
0.211663
0.211477
0.211238
0.210946
0.210603
0.210209
0.209766
0.209275
0.208739
0.208159
0.207539
0.20688
0.206186
0.20546
0.204704
0.20392
0.203113
0.202285
0.201439
0.200577
0.199702
0.198816
0.197922
0.197022
0.196117
0.195216
0.194287
0.193481
0.192085
0.206273
0.206316
0.206352
0.20638
0.206402
0.206416
0.206424
0.206426
0.20642
0.206408
0.20639
0.206366
0.206336
0.206299
0.206258
0.206211
0.206158
0.206102
0.206041
0.205976
0.205907
0.205836
0.205763
0.205688
0.205612
0.205537
0.205462
0.205389
0.205318
0.205251
0.205189
0.205133
0.205083
0.205041
0.205008
0.204984
0.204972
0.204971
0.204982
0.205006
0.205043
0.205094
0.205159
0.205239
0.205332
0.205438
0.205557
0.205688
0.205829
0.205979
0.206137
0.206299
0.206465
0.206631
0.206795
0.206953
0.207103
0.207242
0.207365
0.20747
0.207552
0.20761
0.207639
0.207636
0.207599
0.207525
0.207411
0.207256
0.207057
0.206813
0.206525
0.20619
0.205809
0.205382
0.20491
0.204394
0.203835
0.203235
0.202596
0.201921
0.201211
0.20047
0.199699
0.198903
0.198084
0.197246
0.196391
0.195522
0.194642
0.193755
0.192863
0.191969
0.191076
0.190186
0.189302
0.188425
0.187564
0.18669
0.185945
0.184674
0.209845
0.209864
0.209875
0.209876
0.209869
0.209853
0.209828
0.209795
0.209753
0.209704
0.209646
0.20958
0.209506
0.209424
0.209335
0.209239
0.209136
0.209025
0.208909
0.208786
0.208658
0.208524
0.208385
0.208242
0.208095
0.207946
0.207794
0.20764
0.207485
0.20733
0.207175
0.207022
0.206871
0.206723
0.206578
0.206438
0.206303
0.206174
0.206051
0.205934
0.205825
0.205722
0.205626
0.205537
0.205455
0.205378
0.205307
0.20524
0.205176
0.205114
0.205052
0.204988
0.204921
0.204848
0.204767
0.204674
0.204569
0.204448
0.204308
0.204148
0.203963
0.203752
0.203513
0.203242
0.202939
0.202601
0.202227
0.201817
0.201368
0.200881
0.200356
0.199793
0.199193
0.198557
0.197886
0.197183
0.196448
0.195686
0.194898
0.194087
0.193256
0.192409
0.191549
0.190679
0.189803
0.188925
0.188048
0.187175
0.186311
0.185457
0.184619
0.183797
0.182997
0.18222
0.18147
0.180748
0.180063
0.179394
0.178844
0.177965
0.215081
0.215049
0.215006
0.214952
0.214886
0.21481
0.214723
0.214626
0.214518
0.214399
0.21427
0.21413
0.21398
0.21382
0.213651
0.213471
0.213281
0.213083
0.212875
0.212657
0.212432
0.212198
0.211956
0.211706
0.211449
0.211185
0.210915
0.21064
0.210359
0.210073
0.209783
0.20949
0.209193
0.208894
0.208593
0.208291
0.207987
0.207682
0.207377
0.207071
0.206765
0.206458
0.206151
0.205843
0.205534
0.205223
0.204909
0.204592
0.204271
0.203943
0.203609
0.203266
0.202914
0.20255
0.202172
0.201779
0.20137
0.200942
0.200494
0.200023
0.19953
0.199011
0.198467
0.197896
0.197298
0.196673
0.196019
0.195339
0.194632
0.193899
0.193143
0.192364
0.191565
0.190749
0.189918
0.189075
0.188225
0.18737
0.186514
0.185662
0.184817
0.183983
0.183166
0.182369
0.181596
0.180852
0.18014
0.179465
0.17883
0.178238
0.177693
0.177198
0.176755
0.176368
0.176039
0.17577
0.175565
0.175425
0.175349
0.175391
0.223112
0.222971
0.222817
0.222648
0.222466
0.222269
0.222059
0.221834
0.221596
0.221344
0.221078
0.220799
0.220506
0.2202
0.21988
0.219547
0.219201
0.218842
0.21847
0.218085
0.217688
0.21728
0.216859
0.216426
0.215983
0.215528
0.215063
0.214587
0.214102
0.213607
0.213103
0.21259
0.212068
0.211538
0.211001
0.210455
0.209903
0.209343
0.208776
0.208202
0.207621
0.207033
0.206438
0.205835
0.205225
0.204608
0.203981
0.203347
0.202703
0.202049
0.201386
0.200711
0.200026
0.199329
0.19862
0.197899
0.197165
0.196419
0.195661
0.19489
0.194109
0.193317
0.192516
0.191707
0.190892
0.190073
0.189253
0.188434
0.18762
0.186814
0.186019
0.185241
0.184482
0.183748
0.183043
0.182372
0.18174
0.181151
0.18061
0.180122
0.179691
0.179321
0.179017
0.178781
0.178618
0.17853
0.178519
0.178587
0.178735
0.178964
0.179275
0.179667
0.180139
0.180691
0.18132
0.182028
0.182805
0.183689
0.184494
0.186117
0.236156
0.235767
0.235358
0.234931
0.234485
0.23402
0.233537
0.233035
0.232515
0.231977
0.231421
0.230847
0.230256
0.229647
0.229021
0.228379
0.22772
0.227045
0.226354
0.225648
0.224926
0.22419
0.223439
0.222675
0.221897
0.221106
0.220302
0.219486
0.218659
0.217821
0.216972
0.216114
0.215246
0.214369
0.213485
0.212593
0.211694
0.21079
0.209881
0.208968
0.208051
0.207133
0.206213
0.205294
0.204376
0.20346
0.202549
0.201644
0.200747
0.19986
0.198985
0.198123
0.197279
0.196454
0.195652
0.194876
0.194129
0.193414
0.192736
0.192099
0.191506
0.190962
0.190472
0.190039
0.189669
0.189366
0.189133
0.188976
0.188899
0.188904
0.188997
0.189179
0.189454
0.189824
0.19029
0.190855
0.191519
0.192282
0.193144
0.194104
0.195158
0.196306
0.197543
0.198864
0.200266
0.201741
0.203282
0.204883
0.206534
0.208228
0.209954
0.211703
0.213465
0.215232
0.216993
0.218742
0.220463
0.222197
0.223682
0.226218
0.257752
0.256717
0.255664
0.254592
0.253504
0.2524
0.25128
0.250147
0.249
0.247842
0.246673
0.245495
0.244308
0.243114
0.241914
0.24071
0.239502
0.238293
0.237083
0.235875
0.234669
0.233468
0.232273
0.231086
0.229908
0.228743
0.227591
0.226455
0.225337
0.22424
0.223167
0.222119
0.221101
0.220114
0.219163
0.218251
0.217382
0.216559
0.215786
0.215068
0.21441
0.213816
0.213292
0.212842
0.212472
0.212188
0.211995
0.211899
0.211907
0.212024
0.212257
0.212612
0.213094
0.213708
0.214461
0.215357
0.2164
0.217594
0.218941
0.220443
0.222101
0.223914
0.225881
0.227998
0.230262
0.232665
0.235201
0.23786
0.240633
0.243507
0.24647
0.249507
0.252604
0.255743
0.25891
0.262085
0.265253
0.268395
0.271494
0.274531
0.27749
0.280353
0.283104
0.285727
0.288207
0.29053
0.292682
0.294651
0.296429
0.298005
0.299373
0.300529
0.30147
0.302195
0.302707
0.303005
0.303112
0.302978
0.302783
0.301957
0.289097
0.287442
0.285868
0.284377
0.28297
0.281647
0.280409
0.279256
0.278189
0.277208
0.276314
0.275507
0.274788
0.274157
0.273617
0.273166
0.272807
0.27254
0.272367
0.272288
0.272306
0.272422
0.272638
0.272955
0.273376
0.273902
0.274535
0.275278
0.276133
0.277103
0.27819
0.279396
0.280723
0.282176
0.283756
0.285465
0.287307
0.289284
0.291398
0.293653
0.296049
0.29859
0.301278
0.304114
0.3071
0.310236
0.313525
0.316966
0.32056
0.324305
0.328201
0.332245
0.336435
0.340766
0.345234
0.349833
0.354555
0.35939
0.364329
0.369358
0.374464
0.379628
0.384833
0.390057
0.395277
0.400465
0.405594
0.410631
0.415545
0.420298
0.424855
0.429175
0.433222
0.436954
0.440333
0.443323
0.445887
0.447995
0.449618
0.450733
0.451323
0.451377
0.450889
0.449862
0.448304
0.446231
0.443665
0.440633
0.437167
0.433305
0.429087
0.424555
0.419754
0.414727
0.409524
0.40417
0.398778
0.3931
0.388324
0.379646
0.491899
0.496148
0.500247
0.504188
0.507968
0.511584
0.515033
0.518311
0.521417
0.524347
0.5271
0.529673
0.532065
0.534274
0.536298
0.538135
0.539785
0.541246
0.542517
0.543597
0.544484
0.545178
0.545676
0.545979
0.546084
0.545991
0.545698
0.545203
0.544504
0.543601
0.542491
0.541172
0.539643
0.5379
0.535942
0.533766
0.531371
0.528754
0.525913
0.522845
0.519551
0.516027
0.512273
0.508288
0.504073
0.499628
0.494955
0.490056
0.484935
0.479597
0.474047
0.468293
0.462345
0.456212
0.449908
0.443447
0.436845
0.430119
0.423291
0.416382
0.409416
0.402418
0.395414
0.388433
0.381503
0.374653
0.367911
0.361307
0.354868
0.34862
0.342587
0.33679
0.331249
0.325978
0.320991
0.316293
0.311891
0.307783
0.303967
0.300434
0.297173
0.294172
0.291413
0.288878
0.286548
0.2844
0.282413
0.280566
0.278836
0.277203
0.275648
0.27415
0.272693
0.271258
0.269834
0.268395
0.26696
0.265404
0.264135
0.261542
0.000276775
0.00118536
0.0023248
0.00312114
0.00340514
0.00330639
0.00303844
0.00267697
0.00232737
0.00197114
0.00173956
0.00408976
0.00566847
0.00245494
0.0260254
0.0483433
0.0695657
0.0895563
0.108463
0.126423
0.143524
0.159795
0.175244
0.189876
0.203721
0.216831
0.229285
0.241175
0.252593
0.263631
0.274366
0.284862
0.295169
0.305322
0.31535
0.325279
0.335137
0.344967
0.354826
0.364758
0.374613
0.384403
0.394133
0.403785
0.413332
0.422742
0.431977
0.440997
0.449759
0.458215
0.466317
0.474012
0.481246
0.487963
0.494106
0.499618
0.504443
0.508525
0.511814
0.514264
0.515834
0.516492
0.516212
0.51498
0.512795
0.509669
0.505629
0.500706
0.494972
0.488662
0.482691
0.479809
0.47873
0.477321
0.475274
0.472611
0.469406
0.465733
0.461653
0.457222
0.45249
0.447502
0.442304
0.436938
0.431442
0.425853
0.420206
0.414532
0.40886
0.403216
0.397624
0.392109
0.386694
0.381403
0.376266
0.371315
0.366618
0.362266
0.358462
0.355196
0.0032462
0.00632185
0.0094693
0.0103271
0.00959833
0.00825706
0.00665857
0.00488377
0.00125436
0.00617772
0.0256038
0.0413744
0.0569232
0.0742218
0.0960109
0.119983
0.146647
0.176813
0.210887
0.248721
0.289639
0.332615
0.376506
0.420267
0.463102
0.504512
0.544291
0.582454
0.619168
0.654673
0.689225
0.723059
0.756363
0.78927
0.821854
0.854136
0.886094
0.917676
0.948833
0.979639
1.0105
1.04151
1.07267
1.10393
1.13523
1.16648
1.19761
1.2285
1.25905
1.28914
1.31862
1.34738
1.37525
1.40207
1.42769
1.45192
1.4746
1.49554
1.51458
1.53156
1.54631
1.55871
1.56861
1.57593
1.5806
1.58257
1.58183
1.57841
1.57236
1.56384
1.55317
1.5409
1.52679
1.51047
1.49212
1.47201
1.45041
1.42756
1.40367
1.37894
1.35354
1.32762
1.30134
1.27483
1.24821
1.22158
1.19506
1.16872
1.14264
1.1169
1.09154
1.06662
1.04218
1.01827
0.994924
0.972113
0.950124
0.928123
0.909287
0.879306
0.00758228
0.0162739
0.0189598
0.0163498
0.013042
0.0099672
0.00876082
0.0139996
0.0270125
0.0462476
0.0656381
0.0832513
0.102785
0.126797
0.156482
0.193814
0.239406
0.292926
0.352865
0.416967
0.482735
0.54791
0.610787
0.670335
0.726154
0.778328
0.827252
0.873465
0.917544
0.960024
1.00137
1.04197
1.08213
1.1221
1.16206
1.20217
1.24255
1.28327
1.32441
1.36592
1.40774
1.44982
1.49204
1.53432
1.57652
1.61854
1.66023
1.70146
1.74207
1.78189
1.82075
1.85846
1.89482
1.92962
1.96266
1.9937
2.02252
2.04891
2.07264
2.09351
2.11133
2.12594
2.13719
2.14498
2.14925
2.14995
2.14711
2.14077
2.131
2.11791
2.10162
2.08243
2.06068
2.03656
2.0102
1.98177
1.95153
1.91973
1.88662
1.85244
1.81744
1.7818
1.74574
1.70942
1.67301
1.63663
1.60043
1.5645
1.52894
1.49384
1.45926
1.42526
1.3919
1.3592
1.32721
1.2959
1.26543
1.23509
1.20784
1.16589
0.0115778
0.0272351
0.0249756
0.019605
0.0171825
0.0192039
0.0266003
0.0402079
0.0578257
0.0759322
0.0933587
0.113474
0.139674
0.174218
0.218235
0.271829
0.333382
0.400475
0.470578
0.541562
0.611846
0.680363
0.746467
0.809845
0.870446
0.928409
0.984004
1.03758
1.08952
1.1402
1.18999
1.23921
1.28814
1.33702
1.38602
1.43528
1.48488
1.53486
1.58511
1.63557
1.68618
1.7369
1.78761
1.8382
1.88853
1.93843
1.98775
2.03628
2.08384
2.13021
2.17518
2.21851
2.25996
2.29929
2.33623
2.37055
2.40198
2.43028
2.45523
2.47661
2.49424
2.50795
2.51762
2.5232
2.52462
2.52192
2.51514
2.50439
2.48979
2.4715
2.44972
2.42468
2.39675
2.36622
2.33334
2.29834
2.2615
2.22309
2.18338
2.14264
2.10112
2.05903
2.01659
1.97398
1.93137
1.88891
1.84672
1.80493
1.76362
1.72288
1.68277
1.64335
1.60467
1.56675
1.52961
1.49323
1.4577
1.42241
1.39005
1.3418
0.0155867
0.0367788
0.0338487
0.0296802
0.030594
0.0370112
0.0480647
0.0622497
0.0778215
0.0945243
0.114688
0.141813
0.178047
0.223956
0.278531
0.339669
0.404985
0.472598
0.541351
0.610625
0.680047
0.749291
0.818005
0.885828
0.952445
1.01764
1.08133
1.14354
1.20441
1.26415
1.32301
1.38124
1.43909
1.49676
1.55442
1.61218
1.67012
1.72819
1.78631
1.84439
1.90237
1.96016
2.01766
2.07473
2.13119
2.18685
2.2415
2.29492
2.34686
2.39706
2.44527
2.49122
2.53462
2.5752
2.61268
2.6468
2.67731
2.70398
2.72659
2.74496
2.75895
2.76847
2.77345
2.77388
2.76982
2.76135
2.7486
2.73176
2.71104
2.68667
2.65891
2.62807
2.59447
2.55844
2.52026
2.48021
2.43857
2.39559
2.35155
2.3067
2.26126
2.21545
2.16945
2.12344
2.07756
2.03196
1.98675
1.94203
1.89787
1.85436
1.81155
1.76948
1.72818
1.68768
1.64799
1.60906
1.57097
1.53317
1.49822
1.44711
0.0193727
0.0479661
0.0449451
0.0421239
0.0451371
0.052799
0.0635429
0.0765243
0.0921166
0.112163
0.139234
0.175068
0.219671
0.271625
0.328787
0.389192
0.451625
0.515653
0.581332
0.648836
0.718197
0.7892
0.86141
0.93426
1.00717
1.07962
1.15126
1.22186
1.29135
1.35978
1.42727
1.49399
1.56012
1.62582
1.69124
1.75648
1.82156
1.88643
1.951
2.01516
2.07881
2.14183
2.20409
2.26542
2.32561
2.38444
2.44165
2.49699
2.55016
2.60089
2.64886
2.6938
2.7354
2.77339
2.80748
2.83745
2.86306
2.88413
2.90052
2.91213
2.91891
2.92087
2.91805
2.91057
2.89858
2.8823
2.86196
2.83783
2.81022
2.77942
2.74577
2.7096
2.67122
2.63097
2.58913
2.54594
2.50166
2.45651
2.41071
2.36446
2.31794
2.27131
2.22472
2.17829
2.13215
2.08638
2.04108
1.99631
1.95214
1.90862
1.86579
1.82367
1.78229
1.74166
1.70177
1.66258
1.62416
1.586
1.55062
1.49935
0.0231862
0.0590039
0.055403
0.0528286
0.0561816
0.0637964
0.074792
0.0896793
0.109866
0.136988
0.171991
0.214506
0.263064
0.315818
0.371251
0.428576
0.487722
0.549073
0.613143
0.680314
0.750674
0.823985
0.899738
0.977255
1.0558
1.1347
1.21338
1.29143
1.3686
1.44477
1.51992
1.59411
1.66742
1.73997
1.81184
1.88307
1.95366
2.02354
2.09261
2.16072
2.22774
2.29351
2.35785
2.42055
2.48139
2.54009
2.59639
2.64998
2.70057
2.74785
2.79151
2.83125
2.86681
2.89792
2.92436
2.94595
2.96256
2.97408
2.98049
2.98183
2.97817
2.96967
2.95654
2.93903
2.91744
2.89211
2.86338
2.83163
2.79723
2.76053
2.72188
2.68162
2.64005
2.59746
2.55408
2.51011
2.46573
2.42109
2.37632
2.33154
2.28686
2.24237
2.19813
2.15422
2.11069
2.0676
2.02499
1.98288
1.94133
1.90034
1.85993
1.82013
1.78094
1.74236
1.70438
1.66695
1.63015
1.59349
1.55947
1.51032
0.0274979
0.0689906
0.0637019
0.0605157
0.0644237
0.0743799
0.0902233
0.112536
0.141766
0.177803
0.219807
0.266409
0.316189
0.368103
0.421685
0.477027
0.53462
0.595103
0.659066
0.726894
0.79867
0.874158
0.952846
1.03404
1.11696
1.20083
1.28498
1.36884
1.45201
1.5342
1.61527
1.69513
1.77378
1.85121
1.92742
2.00239
2.07608
2.14839
2.21918
2.2883
2.35556
2.42076
2.48368
2.5441
2.60174
2.65634
2.70759
2.75521
2.79888
2.83833
2.87326
2.90343
2.92861
2.94863
2.96335
2.97271
2.9767
2.97536
2.96882
2.95728
2.941
2.9203
2.89554
2.86714
2.83554
2.80117
2.7645
2.72595
2.68592
2.64481
2.60293
2.56058
2.51802
2.47545
2.43303
2.39085
2.34901
2.30755
2.26651
2.2259
2.18573
2.146
2.10671
2.06786
2.02943
1.99141
1.95382
1.91663
1.87985
1.84348
1.80752
1.77196
1.7368
1.70204
1.66766
1.63362
1.60001
1.56636
1.53509
1.48981
0.032293
0.0769816
0.0697928
0.0683502
0.0790981
0.100813
0.131487
0.169033
0.211459
0.257149
0.304913
0.353994
0.404047
0.455113
0.507559
0.561958
0.618995
0.679331
0.743507
0.811849
0.884415
0.960982
1.04108
1.12404
1.20911
1.2955
1.38247
1.46939
1.55572
1.64106
1.7251
1.80764
1.88853
1.96765
2.04491
2.12022
2.19348
2.26455
2.33327
2.39945
2.46287
2.52331
2.58054
2.63429
2.6843
2.7303
2.77201
2.80916
2.84149
2.86876
2.89078
2.90736
2.91841
2.92385
2.9237
2.91804
2.90701
2.89086
2.86988
2.84445
2.815
2.782
2.74599
2.70748
2.66702
2.62513
2.5823
2.53898
2.49557
2.45241
2.40977
2.36787
2.32686
2.28685
2.24789
2.20997
2.17306
2.13711
2.10204
2.06777
2.03421
2.00127
1.96887
1.93693
1.90539
1.87417
1.84325
1.81256
1.78209
1.7518
1.72168
1.69171
1.66188
1.63218
1.6026
1.5731
1.54377
1.51418
1.48663
1.44647
0.03631
0.0822763
0.0777534
0.0907705
0.127057
0.178914
0.238032
0.298358
0.356559
0.411534
0.463529
0.513505
0.562589
0.611889
0.66242
0.715068
0.770579
0.829554
0.892418
0.959397
1.03049
1.10548
1.18393
1.26524
1.34872
1.43363
1.51923
1.60485
1.6899
1.77383
1.85624
1.93678
2.0152
2.09127
2.16483
2.23571
2.30375
2.36876
2.43056
2.48894
2.54366
2.59451
2.64123
2.68359
2.72134
2.75425
2.78209
2.80466
2.82178
2.83331
2.83917
2.83931
2.83377
2.82264
2.80609
2.78439
2.75786
2.7269
2.69199
2.65364
2.61245
2.56899
2.52389
2.47774
2.43112
2.38455
2.33851
2.29341
2.24957
2.20725
2.16664
2.12783
2.09088
2.05577
2.02243
1.99076
1.96062
1.93186
1.9043
1.87777
1.85211
1.82715
1.80275
1.77876
1.75508
1.73159
1.70821
1.68486
1.6615
1.63807
1.61454
1.59088
1.56709
1.54313
1.51902
1.4947
1.47029
1.44537
1.4221
1.38779
0.039054
0.086577
0.101259
0.158271
0.247687
0.347896
0.444958
0.531679
0.606085
0.669477
0.724479
0.774017
0.820708
0.866644
0.913385
0.962044
1.01339
1.06794
1.12601
1.18772
1.25305
1.32176
1.39352
1.46781
1.54405
1.62162
1.69981
1.77791
1.85529
1.9314
2.00575
2.07793
2.14761
2.2145
2.27834
2.3389
2.39597
2.44934
2.49879
2.54411
2.58509
2.6215
2.65313
2.67978
2.70127
2.71742
2.7281
2.73321
2.73269
2.72652
2.71476
2.69752
2.675
2.64745
2.61522
2.57871
2.53841
2.49486
2.44866
2.40042
2.35079
2.30042
2.24993
2.19991
2.15088
2.10333
2.05765
2.01413
1.97301
1.93442
1.89843
1.86504
1.83417
1.80571
1.77949
1.75532
1.73298
1.71224
1.69286
1.67462
1.65728
1.64064
1.6245
1.60868
1.59303
1.57741
1.56172
1.54584
1.52972
1.51328
1.49649
1.47931
1.46171
1.44368
1.42523
1.40629
1.38701
1.36699
1.34817
1.31999
0.0395836
0.0982046
0.176487
0.324199
0.492772
0.650693
0.785325
0.893767
0.978695
1.04532
1.09921
1.14516
1.18687
1.22694
1.26708
1.30838
1.35152
1.39691
1.44483
1.49544
1.54873
1.60459
1.66284
1.72313
1.78497
1.84774
1.91086
1.97374
2.03583
2.09659
2.15554
2.21223
2.26629
2.31738
2.36518
2.40944
2.4499
2.48634
2.51853
2.54627
2.56936
2.58763
2.60091
2.60906
2.61198
2.60958
2.60185
2.58879
2.57046
2.54701
2.51862
2.48555
2.44814
2.40678
2.36193
2.31414
2.26396
2.212
2.15892
2.10535
2.05192
1.99923
1.94786
1.89829
1.85096
1.80622
1.76434
1.7255
1.6898
1.65726
1.62784
1.60143
1.57787
1.55697
1.5385
1.52222
1.50785
1.49512
1.48378
1.47354
1.46417
1.45542
1.44708
1.43895
1.43084
1.42262
1.41414
1.4053
1.396
1.38619
1.37579
1.36478
1.35312
1.3408
1.32781
1.3141
1.29982
1.28459
1.27015
1.24798
0.0452068
0.14433
0.407048
0.702192
0.959885
1.16001
1.30643
1.40977
1.48209
1.53412
1.57409
1.6075
1.63771
1.66656
1.69501
1.72357
1.75258
1.78238
1.81338
1.84586
1.87999
1.9158
1.95319
1.99194
2.03178
2.07235
2.1132
2.15387
2.19387
2.23274
2.27002
2.30528
2.33815
2.36825
2.39528
2.41894
2.43897
2.45514
2.46725
2.47509
2.47852
2.47739
2.47161
2.46112
2.44588
2.42591
2.40128
2.37213
2.33862
2.30101
2.25959
2.21474
2.16687
2.11648
2.06407
2.01022
1.95552
1.90056
1.84594
1.79223
1.74
1.68972
1.64184
1.59672
1.55466
1.51585
1.48045
1.4485
1.42
1.39487
1.37298
1.35417
1.33822
1.32491
1.31397
1.30514
1.29815
1.29272
1.28858
1.28546
1.28311
1.28128
1.27975
1.27833
1.27682
1.27506
1.27293
1.27029
1.26705
1.26313
1.25846
1.25301
1.24673
1.2396
1.23162
1.22273
1.21309
1.20234
1.19197
1.17545
0.0356467
0.459198
1.06288
1.51405
1.7912
1.9442
2.02209
2.05669
2.07012
2.07593
2.08097
2.08767
2.09607
2.1053
2.11446
2.12305
2.131
2.13863
2.14632
2.15456
2.16377
2.17421
2.18596
2.19895
2.21299
2.2278
2.24306
2.25841
2.27346
2.2878
2.30105
2.31282
2.32275
2.3305
2.33576
2.33825
2.33772
2.33394
2.32673
2.31592
2.3014
2.28308
2.26092
2.2349
2.20509
2.17157
2.1345
2.09406
2.05053
2.00422
1.95547
1.90472
1.8524
1.799
1.74504
1.69104
1.63752
1.58501
1.53399
1.48492
1.43821
1.3942
1.3532
1.31542
1.28101
1.25006
1.22259
1.19857
1.1779
1.16047
1.14609
1.13457
1.12569
1.11923
1.11493
1.11254
1.11181
1.11247
1.11428
1.117
1.12037
1.12418
1.1282
1.13225
1.13614
1.13972
1.14283
1.14535
1.14719
1.14825
1.14847
1.14779
1.14616
1.14356
1.13997
1.13535
1.12983
1.12309
1.11639
1.10499
0.279791
1.77127
2.61654
2.88689
2.89452
2.79562
2.67376
2.56691
2.48689
2.43292
2.39916
2.37862
2.36514
2.35438
2.34384
2.33249
2.3203
2.30767
2.29516
2.28323
2.27217
2.26217
2.25324
2.24533
2.2383
2.23197
2.22612
2.22051
2.21486
2.20886
2.20222
2.19463
2.18578
2.17539
2.1632
2.14897
2.13248
2.11355
2.09203
2.0678
2.04078
2.01094
1.97827
1.94284
1.90473
1.86408
1.8211
1.77602
1.72913
1.68075
1.63125
1.58101
1.53047
1.48004
1.43017
1.38128
1.3338
1.28811
1.24459
1.20353
1.16521
1.12984
1.09758
1.06853
1.04273
1.02019
1.00085
0.984628
0.971405
0.961029
0.95333
0.948122
0.945207
0.944378
0.945422
0.948123
0.952261
0.957617
0.963972
0.971109
0.978815
0.986888
0.99513
1.00336
1.0114
1.0191
1.02632
1.03293
1.03882
1.0439
1.04809
1.05133
1.05357
1.05476
1.0549
1.05392
1.05195
1.0487
1.04518
1.03828
)
;

boundaryField
{
    outlet
    {
        type            zeroGradient;
    }
    inlet
    {
        type            fixedValue;
        value           uniform 0.2;
    }
    lowerWall
    {
        type            kqRWallFunction;
        value           nonuniform List<scalar> 
148
(
0.257082
0.434211
0.59852
0.709382
0.778145
0.818049
0.838547
0.845896
0.844371
0.836963
0.825767
0.812247
0.797426
0.782015
0.766498
0.751201
0.736336
0.722036
0.708378
0.6954
0.683115
0.671515
0.660583
0.650294
0.640616
0.631518
0.622964
0.614924
0.607339
0.600295
0.593189
0.588696
0.574468
0.000276775
0.0032462
0.00758228
0.0115778
0.0155867
0.0193727
0.0231862
0.0274979
0.032293
0.03631
0.039054
0.0395836
0.0452068
0.0356467
1e-15
0.000276775
0.00118536
0.0023248
0.00312114
0.00340514
0.00330639
0.00303844
0.00267697
0.00232737
0.00197114
0.00173956
1e-15
1e-15
0.00245494
0.0260254
0.0483433
0.0695657
0.0895563
0.108463
0.126423
0.143524
0.159795
0.175244
0.189876
0.203721
0.216831
0.229285
0.241175
0.252593
0.263631
0.274366
0.284862
0.295169
0.305322
0.31535
0.325279
0.335137
0.344967
0.354826
0.364758
0.374613
0.384403
0.394133
0.403785
0.413332
0.422742
0.431977
0.440997
0.449759
0.458215
0.466317
0.474012
0.481246
0.487963
0.494106
0.499618
0.504443
0.508525
0.511814
0.514264
0.515834
0.516492
0.516212
0.51498
0.512795
0.509669
0.505629
0.500706
0.494972
0.488662
0.482691
0.479809
0.47873
0.477321
0.475274
0.472611
0.469406
0.465733
0.461653
0.457222
0.45249
0.447502
0.442304
0.436938
0.431442
0.425853
0.420206
0.414532
0.40886
0.403216
0.397624
0.392109
0.386694
0.381403
0.376266
0.371315
0.366618
0.362266
0.358462
0.355196
)
;
    }
    upperWall
    {
        type            kqRWallFunction;
        value           nonuniform List<scalar> 
133
(
0.205354
0.221127
0.238043
0.254121
0.268995
0.282971
0.296258
0.308938
0.321054
0.332632
0.343696
0.354264
0.36435
0.373971
0.38314
0.391874
0.400187
0.408094
0.415611
0.422753
0.429535
0.435971
0.442078
0.447869
0.453358
0.45856
0.463488
0.468156
0.472575
0.476758
0.480716
0.484461
0.488009
0.491899
0.496148
0.500247
0.504188
0.507968
0.511584
0.515033
0.518311
0.521417
0.524347
0.5271
0.529673
0.532065
0.534274
0.536298
0.538135
0.539785
0.541246
0.542517
0.543597
0.544484
0.545178
0.545676
0.545979
0.546084
0.545991
0.545698
0.545203
0.544504
0.543601
0.542491
0.541172
0.539643
0.5379
0.535942
0.533766
0.531371
0.528754
0.525913
0.522845
0.519551
0.516027
0.512273
0.508288
0.504073
0.499628
0.494955
0.490056
0.484935
0.479597
0.474047
0.468293
0.462345
0.456212
0.449908
0.443447
0.436845
0.430119
0.423291
0.416382
0.409416
0.402418
0.395414
0.388433
0.381503
0.374653
0.367911
0.361307
0.354868
0.34862
0.342587
0.33679
0.331249
0.325978
0.320991
0.316293
0.311891
0.307783
0.303967
0.300434
0.297173
0.294172
0.291413
0.288878
0.286548
0.2844
0.282413
0.280566
0.278836
0.277203
0.275648
0.27415
0.272693
0.271258
0.269834
0.268395
0.26696
0.265404
0.264135
0.261542
)
;
    }
    frontAndBack
    {
        type            empty;
    }
}


// ************************************************************************* //
