/*--------------------------------*- C++ -*----------------------------------*\
| =========                 |                                                 |
| \\      /  F ield         | OpenFOAM: The Open Source CFD Toolbox           |
|  \\    /   O peration     | Version:  4.1                                   |
|   \\  /    A nd           | Web:      www.OpenFOAM.org                      |
|    \\/     M anipulation  |                                                 |
\*---------------------------------------------------------------------------*/
FoamFile
{
    version     2.0;
    format      ascii;
    class       volScalarField;
    location    "900";
    object      omega;
}
// * * * * * * * * * * * * * * * * * * * * * * * * * * * * * * * * * * * * * //

dimensions      [0 0 -1 0 0 0 0];

internalField   nonuniform List<scalar> 
6820
(
7254.63
8569.06
9629.25
10283
10668.4
10885.8
10995.8
11034.9
11026.8
10987.3
10927.3
10854.4
10774
10689.7
10604.1
10519.1
10435.8
10355
10277.3
10202.9
10131.9
10064.5
10000.5
9939.92
9882.59
9828.39
9777.15
9728.76
9682.88
9640.08
9596.68
9568.78
9476.74
600.799
1554.22
2092.91
2435.19
2698.34
2895.12
3033.36
3126.97
3188.98
3229.02
3253.96
3268.67
3276.59
3280.08
3280.77
3279.75
3277.78
3275.36
3272.82
3270.38
3268.18
3266.28
3264.73
3263.55
3262.74
3262.29
3262.23
3262.55
3263.31
3264.57
3266.52
3269.1
3274.44
107.108
368.908
596.394
767.386
894.981
993.334
1070.57
1131.54
1179.69
1217.64
1247.46
1270.8
1289.01
1303.19
1314.18
1322.7
1329.28
1334.37
1338.3
1341.35
1343.75
1345.65
1347.2
1348.5
1349.63
1350.67
1351.66
1352.64
1353.67
1354.76
1355.96
1357.3
1358.99
37.6577
108.378
189.201
265.511
332.231
389.334
437.981
479.462
514.908
545.244
571.226
593.485
612.563
628.92
642.954
655.003
665.358
674.268
681.945
688.572
694.303
699.272
703.59
707.355
710.65
713.545
716.102
718.374
720.407
722.243
723.921
725.474
726.95
23.8008
47.5371
77.7008
109.824
141.237
170.722
197.836
222.517
244.874
265.072
283.289
299.703
314.482
327.786
339.761
350.542
360.253
369.004
376.895
384.019
390.455
396.276
401.549
406.331
410.675
414.627
418.229
421.519
424.533
427.3
429.851
432.212
434.419
19.8177
29.4751
42.5079
57.2096
72.4554
87.572
102.186
116.107
129.248
141.581
153.109
163.852
173.844
183.124
191.734
199.716
207.113
213.967
220.316
226.2
231.654
236.711
241.402
245.758
249.804
253.566
257.067
260.328
263.371
266.213
268.873
271.366
273.714
18.4341
22.8152
29.1685
36.6489
44.6826
52.9063
61.0978
69.1228
76.901
84.3847
91.5472
98.3755
104.866
111.022
116.85
122.361
127.566
132.478
137.113
141.483
145.603
149.486
153.148
156.6
159.855
162.926
165.825
168.561
171.147
173.592
175.906
178.097
180.177
17.9115
19.9902
23.3042
27.4134
31.9742
36.7598
41.6266
46.4842
51.2744
55.9589
60.5126
64.9193
69.1693
73.2571
77.1807
80.9402
84.5377
87.9764
91.2606
94.3949
97.3847
100.236
102.953
105.543
108.012
110.365
112.607
114.744
116.783
118.727
120.582
122.352
124.044
17.7059
18.7013
20.4734
22.8216
25.5371
28.4654
31.5039
34.5854
37.6658
40.7152
43.713
46.645
49.5016
52.2762
54.9648
57.5649
60.0756
62.4967
64.829
67.0737
69.2328
71.3081
73.3022
75.2174
77.0563
78.8218
80.5165
82.1432
83.7047
85.2036
86.6425
88.0241
89.351
17.6233
18.0951
19.0401
20.3949
22.0449
23.887
25.8451
27.8668
29.9162
31.9684
34.006
36.0168
37.9918
39.925
41.8118
43.6493
45.4355
47.1692
48.8499
50.4776
52.0526
53.5755
55.0472
56.4686
57.8411
59.1657
60.4439
61.6771
62.8666
64.0139
65.1205
66.1876
67.2167
17.5896
17.8082
18.3025
19.0753
20.0762
21.243
22.5218
23.8719
25.2637
26.6759
28.0933
29.5047
30.9021
32.2796
33.6328
34.9585
36.2545
37.5192
38.7515
39.9508
41.1168
42.2494
43.3488
44.4153
45.4494
46.4516
47.4226
48.363
49.2735
50.155
51.0082
51.8338
52.6326
17.5758
17.6732
17.924
18.3539
18.9503
19.682
20.5146
21.4186
22.3704
23.3521
24.3503
25.3549
26.3586
27.3555
28.3415
29.3133
30.2685
31.2054
32.1226
33.0192
33.8945
34.7481
35.5799
36.3898
37.1778
37.9442
38.6891
39.4128
40.1158
40.7983
41.4608
42.1038
42.7275
17.5702
17.6104
17.7324
17.9633
18.3084
18.7568
19.2901
19.889
20.5362
21.2175
21.9217
22.6397
23.3649
24.0919
24.8165
25.5356
26.2467
26.9479
27.6377
28.3151
28.9792
29.6294
30.2652
30.8865
31.4929
32.0845
32.6612
33.2232
33.7705
34.3033
34.8218
35.3263
35.8167
17.5678
17.5817
17.6374
17.7559
17.9479
18.2137
18.5461
18.9344
19.3672
19.8343
20.3268
20.8373
21.3597
21.8894
22.4224
22.9557
23.4869
24.014
24.5354
25.0501
25.5569
26.0552
26.5444
27.024
27.4938
27.9536
28.4032
28.8424
29.2714
29.69
30.0985
30.4967
30.8848
17.5669
17.5687
17.5913
17.6483
17.7501
17.9012
18.1009
18.3448
18.6268
18.9402
19.2785
19.6362
20.0084
20.3909
20.7804
21.174
21.5694
21.9647
22.3585
22.7494
23.1365
23.5189
23.8959
24.2672
24.6321
24.9905
25.342
25.6866
26.024
26.3542
26.6771
26.9928
27.3011
17.5665
17.563
17.5695
17.5941
17.6444
17.7258
17.8405
17.9877
18.1651
18.369
18.5955
18.8405
19.1005
19.3722
19.6527
19.9397
20.2311
20.5251
20.8204
21.1156
21.4098
21.7021
21.9918
22.2784
22.5614
22.8405
23.1152
23.3853
23.6508
23.9113
24.1668
24.4172
24.6625
17.5663
17.5605
17.5594
17.5675
17.5897
17.6303
17.6923
17.7769
17.8837
18.0113
18.1577
18.3205
18.4972
18.6856
18.8834
19.0888
19.2999
19.5153
19.7338
19.9541
20.1754
20.3968
20.6176
20.8373
21.0553
21.2713
21.485
21.6959
21.9039
22.1088
22.3104
22.5086
22.7033
17.5662
17.5595
17.5549
17.5548
17.5621
17.5799
17.6107
17.6561
17.7169
17.7929
17.8836
17.9876
18.1036
18.2302
18.3657
18.5089
18.6583
18.8128
18.9713
19.1329
19.2967
19.4619
19.628
19.7944
19.9605
20.1261
20.2906
20.4539
20.6157
20.7757
20.9338
21.0898
21.2435
17.5662
17.559
17.5529
17.5489
17.5487
17.5542
17.5672
17.5891
17.6211
17.6636
17.7166
17.7799
17.8528
17.9345
18.0241
18.1207
18.2233
18.3311
18.4432
18.559
18.6776
18.7985
18.9211
19.045
19.1696
19.2947
19.4198
19.5447
19.6691
19.7928
19.9155
20.0372
20.1576
17.5662
17.5588
17.552
17.5462
17.5424
17.5415
17.5447
17.5532
17.5679
17.5894
17.6181
17.6542
17.6975
17.7477
17.8043
17.8668
17.9347
18.0074
18.0842
18.1648
18.2484
18.3347
18.4233
18.5136
18.6053
18.698
18.7916
18.8857
18.98
19.0743
19.1685
19.2624
19.3558
17.5662
17.5588
17.5516
17.5451
17.5395
17.5354
17.5335
17.5346
17.5394
17.5483
17.562
17.5807
17.6044
17.6332
17.667
17.7055
17.7484
17.7954
17.8462
17.9004
17.9576
18.0175
18.0798
18.1441
18.2101
18.2776
18.3463
18.416
18.4865
18.5576
18.629
18.7006
18.7724
17.5662
17.5587
17.5515
17.5445
17.5381
17.5325
17.5281
17.5253
17.5246
17.5265
17.5312
17.5392
17.5506
17.5656
17.5843
17.6065
17.6322
17.6612
17.6934
17.7286
17.7666
17.807
17.8498
17.8946
17.9413
17.9896
18.0394
18.0905
18.1426
18.1956
18.2494
18.3038
18.3587
17.5662
17.5587
17.5514
17.5443
17.5376
17.5313
17.5256
17.5209
17.5174
17.5153
17.5151
17.517
17.5211
17.5277
17.5369
17.5487
17.5632
17.5804
17.6002
17.6225
17.6471
17.6741
17.7031
17.7342
17.7671
17.8017
17.8378
17.8753
17.914
17.9539
17.9947
18.0364
18.0788
17.5662
17.5587
17.5514
17.5442
17.5373
17.5307
17.5245
17.5189
17.514
17.5101
17.5074
17.506
17.5063
17.5083
17.5122
17.5181
17.5261
17.5363
17.5486
17.563
17.5795
17.5981
17.6186
17.6409
17.665
17.6907
17.718
17.7467
17.7767
17.8079
17.8402
17.8735
17.9077
17.5662
17.5587
17.5514
17.5442
17.5372
17.5306
17.5242
17.5183
17.513
17.5084
17.5048
17.5022
17.501
17.5012
17.503
17.5065
17.5117
17.5189
17.5279
17.5389
17.5517
17.5664
17.5829
17.6012
17.6212
17.6427
17.6657
17.6902
17.716
17.743
17.7711
17.8002
17.8303
17.5662
17.5587
17.5514
17.5442
17.5373
17.5307
17.5244
17.5187
17.5136
17.5094
17.5062
17.5041
17.5034
17.5042
17.5067
17.5108
17.5168
17.5246
17.5343
17.5459
17.5593
17.5746
17.5917
17.6104
17.6308
17.6528
17.6762
17.701
17.727
17.7543
17.7826
17.8119
17.8422
17.5662
17.5587
17.5514
17.5443
17.5376
17.5312
17.5255
17.5205
17.5166
17.5139
17.5127
17.5131
17.5153
17.5194
17.5256
17.5338
17.5442
17.5568
17.5714
17.5881
17.6068
17.6274
17.6498
17.674
17.6998
17.7271
17.7558
17.7858
17.817
17.8493
17.8826
17.9167
17.9517
17.5662
17.5587
17.5515
17.5446
17.5383
17.5328
17.5283
17.5254
17.5242
17.5251
17.5284
17.5344
17.543
17.5544
17.5687
17.5858
17.6056
17.6281
17.6531
17.6805
17.71
17.7417
17.7753
17.8106
17.8475
17.8859
17.9255
17.9663
18.0082
18.0509
18.0944
18.1386
18.1834
17.5662
17.5588
17.5518
17.5455
17.5403
17.5368
17.5355
17.5371
17.542
17.5507
17.5634
17.5803
17.6014
17.6267
17.656
17.689
17.7256
17.7655
17.8084
17.8539
17.902
17.9521
18.0042
18.0579
18.1131
18.1695
18.227
18.2853
18.3443
18.4039
18.4638
18.5241
18.5847
17.5663
17.5591
17.5527
17.548
17.5458
17.5473
17.5535
17.5653
17.5834
17.6079
17.6392
17.677
17.7211
17.771
17.8263
17.8865
17.9509
18.0192
18.0908
18.1651
18.2419
18.3207
18.401
18.4827
18.5654
18.6488
18.7328
18.817
18.9014
18.9857
19.0699
19.1538
19.2372
17.5663
17.5598
17.5555
17.5552
17.5611
17.5751
17.5988
17.6332
17.6786
17.7349
17.8015
17.8776
17.9624
18.0547
18.1535
18.2578
18.3668
18.4796
18.5954
18.7136
18.8335
18.9548
19.0768
19.1992
19.3218
19.4441
19.566
19.6872
19.8076
19.927
20.0452
20.1622
20.278
17.5666
17.5622
17.5642
17.5767
17.6039
17.6486
17.7124
17.7951
17.896
18.0132
18.145
18.289
18.4433
18.606
18.7753
18.9497
19.1279
19.3087
19.4912
19.6745
19.8581
20.0413
20.2236
20.4047
20.5843
20.7619
20.9376
21.111
21.282
21.4505
21.6165
21.7799
21.9405
17.5674
17.5706
17.5924
17.6417
17.7245
17.8427
17.995
18.1778
18.3868
18.6172
18.8646
19.125
19.3951
19.6719
19.953
20.2365
20.5208
20.8047
21.0871
21.3673
21.6445
21.9184
22.1886
22.4546
22.7164
22.9737
23.2264
23.4744
23.7178
23.9564
24.1903
24.4195
24.644
17.5706
17.6016
17.687
17.8408
18.0649
18.3527
18.6933
19.0751
19.4875
19.9213
20.3693
20.8257
21.286
21.7468
22.2053
22.6598
23.1087
23.5511
23.9861
24.4133
24.8323
25.2428
25.6447
26.038
26.4226
26.7986
27.1661
27.5251
27.8759
28.2184
28.553
28.8796
29.1986
17.5854
17.7219
18.012
18.4558
19.0269
19.692
20.4205
21.1884
21.9778
22.7761
23.5742
24.3656
25.1458
25.912
26.6623
27.3959
28.112
28.8104
29.4912
30.1544
30.8003
31.4292
32.0414
32.6374
33.2174
33.782
34.3316
34.8665
35.3873
35.8942
36.3878
36.8683
37.3363
17.6614
18.2163
19.1615
20.3924
21.7983
23.2954
24.8285
26.3633
27.8794
29.3645
30.811
32.214
33.5724
34.8867
36.1579
37.3876
38.5771
39.7282
40.8422
41.9207
42.965
43.9766
44.9566
45.9063
46.8269
47.7195
48.585
49.4246
50.2392
51.0296
51.7968
52.5417
53.265
18.1027
20.3856
23.4853
26.9261
30.4414
33.9034
37.2583
40.4818
43.5648
46.506
49.3034
51.9687
54.5134
56.9472
59.2786
61.5146
63.6615
65.7245
67.7085
69.6178
71.4563
73.2275
74.9347
76.581
78.1693
79.7021
81.182
82.6114
83.9924
85.3272
86.6178
87.8661
89.0739
21.2182
31.4407
42.4859
53.1245
62.9728
72.0352
80.4369
88.194
95.3421
101.98
108.198
114.053
119.587
124.83
129.807
134.537
139.039
143.329
147.42
151.324
155.054
158.62
162.033
165.3
168.431
171.433
174.315
177.082
179.741
182.299
184.76
187.13
189.414
59.9537
123.961
170.318
207.141
238.336
266.971
293.908
319.086
342.453
364.002
383.806
401.992
418.711
434.116
448.348
461.537
473.799
485.233
495.929
505.963
515.403
524.308
532.729
540.71
548.292
555.509
562.392
568.969
575.263
581.296
587.089
592.657
598.022
1719.4
1778.23
1839.24
1895.41
1945.93
1992.23
2035.28
2075.52
2113.26
2148.7
2182.04
2213.4
2242.93
2270.74
2296.93
2321.61
2344.85
2366.75
2387.37
2406.81
2425.12
2442.37
2458.63
2473.95
2488.38
2501.98
2514.8
2526.88
2538.26
2548.99
2559.1
2568.63
2577.62
9372.75
8892
8341.22
7779.93
7245.1
6750.75
6302.6
5898.88
5534.45
5203.46
4900.86
4622.87
4366.8
4130.66
3912.85
3711.95
3526.58
3355.42
3197.2
3050.76
2915.03
2789.05
2671.89
2562.7
2460.65
2364.98
2274.95
2189.89
2109.2
2032.31
1958.75
1888.08
1819.92
1753.93
1689.81
1627.31
1566.22
1506.36
1447.58
1389.77
1332.85
1276.77
1221.51
1167.05
1113.44
1060.73
1008.98
958.281
908.746
860.488
813.631
768.303
724.628
682.727
642.709
604.668
568.684
534.812
503.089
473.527
446.113
420.815
397.577
376.327
356.977
339.427
323.568
309.286
296.464
284.985
274.733
265.596
257.469
250.25
243.844
238.16
233.117
228.637
224.648
221.085
217.887
215.001
212.376
209.969
207.738
205.65
203.673
201.78
199.948
198.157
196.39
194.632
192.872
191.099
189.304
187.479
185.627
183.715
181.901
179.169
3276.09
3322.82
3382.41
3440.35
3503.96
3571.04
3634.28
3685.26
3717.16
3725.66
3709.03
3667.8
3604.18
3521.5
3423.72
3314.98
3199.25
3080.06
2960.32
2842.19
2727.18
2616.17
2509.62
2407.65
2310.19
2217.07
2128.07
2042.92
1961.35
1883.1
1807.87
1735.41
1665.46
1597.78
1532.17
1468.43
1406.4
1345.94
1286.94
1229.33
1173.03
1118.01
1064.26
1011.78
960.603
910.762
862.319
815.344
769.913
726.109
684.015
643.713
605.276
568.77
534.248
501.749
471.294
442.888
416.517
392.15
369.736
349.213
330.503
313.517
298.16
284.328
271.916
260.818
250.928
242.144
234.366
227.501
221.459
216.156
211.513
207.458
203.922
200.841
198.156
195.813
193.761
191.953
190.348
188.907
187.594
186.38
185.236
184.14
183.069
182.005
180.934
179.842
178.719
177.554
176.341
175.072
173.75
172.347
170.995
168.9
1361.15
1366.32
1375.38
1387.14
1401.08
1417.33
1436.72
1460.83
1491.27
1528.83
1573.47
1624.2
1679.13
1735.49
1789.97
1839.08
1879.6
1909.01
1925.74
1929.29
1920.13
1899.53
1869.19
1831.04
1786.9
1738.42
1686.96
1633.59
1579.1
1524.1
1469.02
1414.16
1359.75
1305.94
1252.85
1200.56
1149.12
1098.6
1049.02
1000.42
952.856
906.357
860.974
816.761
773.776
732.084
691.751
652.845
615.434
579.584
545.353
512.795
481.95
452.852
425.519
399.955
376.153
354.091
333.732
315.029
297.922
282.343
268.216
255.458
243.984
233.708
224.541
216.399
209.196
202.854
197.294
192.445
188.239
184.611
181.501
178.854
176.616
174.737
173.172
171.876
170.808
169.93
169.207
168.606
168.096
167.652
167.247
166.862
166.475
166.072
165.637
165.159
164.626
164.03
163.366
162.624
161.808
160.896
159.99
158.514
728.59
730.516
732.562
734.647
736.771
739.063
741.761
745.058
749.167
754.641
762.075
772.043
785.049
801.467
821.475
844.984
871.585
900.517
930.686
960.74
989.2
1014.61
1035.69
1051.48
1061.38
1065.18
1063.01
1055.25
1042.49
1025.36
1004.53
980.655
954.307
926.002
896.182
865.229
833.466
801.169
768.577
735.898
703.315
670.99
639.07
607.688
576.966
547.016
517.94
489.831
462.772
436.834
412.08
388.559
366.309
345.355
325.711
307.377
290.343
274.589
260.084
246.787
234.653
223.629
213.657
204.678
196.631
189.452
183.082
177.459
172.526
168.226
164.508
161.321
158.617
156.352
154.483
152.971
151.776
150.862
150.195
149.74
149.464
149.338
149.333
149.42
149.573
149.77
149.988
150.207
150.409
150.58
150.704
150.769
150.766
150.686
150.522
150.267
149.922
149.469
148.983
148.097
436.804
439.413
441.91
444.169
446.113
447.759
449.172
450.449
451.651
452.883
454.29
456.028
458.26
461.153
464.866
469.55
475.328
482.289
490.46
499.795
510.154
521.295
532.877
544.472
555.596
565.746
574.441
581.261
585.878
588.073
587.738
584.87
579.554
571.945
562.244
550.68
537.498
522.942
507.251
490.651
473.355
455.562
437.453
419.196
400.943
382.833
364.989
347.524
330.534
314.104
298.306
283.2
268.832
255.236
242.438
230.45
219.278
208.916
199.352
190.567
182.538
175.237
168.63
162.685
157.365
152.635
148.458
144.798
141.621
138.894
136.582
134.657
133.087
131.844
130.902
130.232
129.809
129.608
129.602
129.768
130.08
130.515
131.048
131.657
132.32
133.015
133.723
134.425
135.106
135.748
136.338
136.865
137.317
137.685
137.962
138.14
138.22
138.185
138.085
137.747
276.274
279.067
281.749
284.257
286.538
288.575
290.382
291.985
293.417
294.708
295.9
297.034
298.15
299.287
300.481
301.771
303.194
304.785
306.58
308.609
310.893
313.441
316.242
319.264
322.445
325.699
328.91
331.941
334.641
336.855
338.432
339.237
339.159
338.119
336.068
332.992
328.907
323.858
317.911
311.151
303.673
295.582
286.986
277.994
268.713
259.246
249.691
240.137
230.667
221.356
212.27
203.465
194.99
186.883
179.176
171.893
165.05
158.657
152.718
147.233
142.197
137.6
133.432
129.678
126.323
123.35
120.742
118.482
116.55
114.931
113.606
112.559
111.773
111.231
110.917
110.816
110.909
111.18
111.613
112.189
112.89
113.697
114.593
115.558
116.572
117.619
118.68
119.737
120.776
121.78
122.735
123.629
124.45
125.189
125.837
126.385
126.833
127.165
127.408
127.564
182.468
184.982
187.416
189.743
191.935
193.976
195.867
197.611
199.221
200.707
202.082
203.359
204.549
205.658
206.693
207.656
208.552
209.382
210.152
210.867
211.532
212.155
212.743
213.303
213.836
214.34
214.807
215.219
215.553
215.777
215.85
215.73
215.37
214.726
213.755
212.423
210.704
208.579
206.044
203.105
199.777
196.085
192.064
187.753
183.197
178.445
173.545
168.549
163.504
158.457
153.452
148.528
143.723
139.066
134.587
130.306
126.244
122.415
118.83
115.496
112.418
109.598
107.034
104.725
102.667
100.854
99.2798
97.9383
96.822
95.9233
95.2345
94.7476
94.4545
94.3469
94.416
94.6529
95.0478
95.5905
96.2699
97.0741
97.9903
99.0049
100.104
101.271
102.492
103.751
105.032
106.318
107.595
108.848
110.063
111.227
112.327
113.352
114.294
115.142
115.893
116.534
117.068
117.655
125.922
127.997
130.024
131.989
133.877
135.678
137.389
139.01
140.543
141.99
143.356
144.645
145.858
146.996
148.057
149.038
149.935
150.742
151.455
152.07
152.583
152.993
153.301
153.507
153.614
153.626
153.545
153.374
153.115
152.765
152.323
151.781
151.133
150.368
149.474
148.441
147.258
145.914
144.403
142.72
140.866
138.844
136.66
134.327
131.86
129.275
126.593
123.837
121.03
118.194
115.354
112.533
109.752
107.031
104.39
101.845
99.4096
97.0978
94.9198
92.8842
90.9976
89.2652
87.6905
86.2756
85.0217
83.9288
82.9962
82.2227
81.6064
81.1453
80.8367
80.678
80.6661
80.7977
81.069
81.4758
82.0132
82.6756
83.4567
84.349
85.3444
86.4332
87.6052
88.8489
90.1519
91.5013
92.8834
94.2842
95.6896
97.0857
98.4585
99.795
101.082
102.309
103.464
104.537
105.522
106.409
107.179
108.124
90.8329
92.4813
94.1021
95.6885
97.2326
98.7283
100.172
101.563
102.899
104.181
105.41
106.586
107.708
108.776
109.786
110.735
111.618
112.428
113.162
113.812
114.374
114.844
115.217
115.492
115.668
115.746
115.726
115.611
115.403
115.105
114.721
114.252
113.701
113.068
112.353
111.557
110.679
109.718
108.673
107.544
106.332
105.038
103.666
102.221
100.707
99.1325
97.5065
95.8391
94.1411
92.4244
90.7012
88.9838
87.2847
85.6159
83.9888
82.4143
80.9024
79.4621
78.1015
76.8276
75.6464
74.5631
73.5817
72.7056
71.9374
71.2792
70.7322
70.2977
69.9761
69.768
69.6734
69.6923
69.8244
70.0691
70.4257
70.8927
71.4686
72.151
72.9369
73.8223
74.8024
75.8714
77.0224
78.2472
79.5368
80.8809
82.2686
83.6881
85.127
86.5727
88.0121
89.4325
90.8214
92.1663
93.4564
94.68
95.8298
96.8967
97.8435
99.0697
68.3715
69.6625
70.9392
72.1975
73.4332
74.6424
75.8224
76.9716
78.0883
79.1719
80.222
81.2379
82.2186
83.1622
84.0664
84.928
85.7431
86.5072
87.2157
87.8636
88.4462
88.9589
89.3978
89.7598
90.0423
90.2438
90.3637
90.4021
90.3601
90.2393
90.0418
89.7702
89.4271
89.0153
88.5376
87.9965
87.3945
86.734
86.0174
85.2468
84.4248
83.5541
82.6376
81.6789
80.682
79.6515
78.5926
77.511
76.413
75.3052
74.1947
73.0889
71.9949
70.9203
69.8722
68.8576
67.8831
66.955
66.0789
65.2601
64.5034
63.8127
63.1918
62.6438
62.1714
61.777
61.4626
61.2299
61.0805
61.0159
61.0372
61.1457
61.3423
61.6279
62.0033
62.469
63.025
63.6711
64.4066
65.23
66.1392
67.1311
68.2016
69.3456
70.5571
71.8288
73.1523
74.5183
75.9168
77.3368
78.767
80.1955
81.6105
83
84.3529
85.6573
86.9045
88.0865
89.1526
90.5807
53.5324
54.5423
55.5456
56.5399
57.5225
58.491
59.4435
60.3785
61.2946
62.1908
63.0665
63.9207
64.7523
65.5598
66.3411
67.094
67.8155
68.5023
69.1509
69.7575
70.3183
70.8296
71.2879
71.6901
72.0335
72.3159
72.5359
72.6925
72.7853
72.8148
72.7816
72.6871
72.533
72.3214
72.0546
71.735
71.3654
70.9484
70.4868
69.9834
69.4411
68.8629
68.252
67.6115
66.9449
66.256
65.5484
64.8265
64.0944
63.3568
62.6184
61.8839
61.1583
60.4465
59.7533
59.0835
58.4417
57.8322
57.2591
56.7262
56.2371
55.7949
55.4025
55.0625
54.7774
54.5493
54.3801
54.2717
54.2258
54.2441
54.3281
54.4794
54.6996
54.9902
55.3526
55.7881
56.2979
56.883
57.5439
58.2809
59.0936
59.9809
60.9411
61.9716
63.0687
64.2278
65.4431
66.7081
68.0148
69.3548
70.7185
72.0958
73.476
74.8483
76.2019
77.5254
78.8094
80.047
81.1776
82.7314
43.4322
44.2259
45.0173
45.8049
46.5871
47.3623
48.1291
48.8863
49.6329
50.3679
51.0906
51.8001
52.4954
53.1753
53.8383
54.4827
55.1063
55.7067
56.2814
56.8276
57.3424
57.823
58.2665
58.6705
59.0324
59.3502
59.6222
59.8471
60.0239
60.1521
60.2317
60.2631
60.247
60.1844
60.0769
59.9261
59.734
59.5026
59.2343
58.9316
58.5969
58.233
57.8426
57.4286
56.994
56.5418
56.0752
55.5975
55.1121
54.6224
54.132
53.6443
53.163
52.6917
52.2339
51.793
51.3724
50.9752
50.6044
50.2629
49.9533
49.6781
49.4395
49.2396
49.0804
48.9635
48.8909
48.864
48.8844
48.9538
49.0737
49.2457
49.4714
49.7525
50.0906
50.4874
50.9445
51.4633
52.0453
52.6916
53.4029
54.1796
55.0214
55.9276
56.8964
57.9254
59.0112
60.1494
61.3347
62.5606
63.8199
65.1045
66.4055
67.7134
69.0187
70.3107
71.5802
72.8215
73.9683
75.5777
36.3724
37
37.6279
38.255
38.8802
39.5025
40.121
40.7346
41.3425
41.9441
42.5386
43.1252
43.7032
44.2717
44.8295
45.3752
45.9074
46.4245
46.9244
47.4052
47.8648
48.301
48.7118
49.095
49.4488
49.7713
50.061
50.3165
50.5367
50.7209
50.8685
50.9794
51.0538
51.0919
51.0946
51.0628
50.9977
50.9008
50.7737
50.6181
50.4362
50.23
50.0017
49.7537
49.4884
49.2083
48.9161
48.6144
48.3059
47.9934
47.6797
47.3675
47.0596
46.7588
46.4677
46.189
45.9253
45.6788
45.4519
45.2468
45.0654
44.9097
44.7813
44.6819
44.613
44.5762
44.5726
44.6038
44.671
44.7757
44.9191
45.1027
45.3281
45.5967
45.9101
46.2701
46.6783
47.1365
47.6461
48.2089
48.8262
49.499
50.2283
51.0142
51.8566
52.7546
53.7065
54.7101
55.7619
56.8577
57.9924
59.1599
60.3533
61.5649
62.7867
64.0095
65.2247
66.428
67.5506
69.1553
31.3256
31.8248
32.3256
32.8274
33.3295
33.8311
34.3315
34.8299
35.3258
35.8185
36.3076
36.7923
37.272
37.7461
38.2137
38.6738
39.1252
39.5669
39.9975
40.4154
40.8192
41.2073
41.578
41.9299
42.2615
42.5711
42.8577
43.1198
43.3567
43.5673
43.7511
43.9077
44.0368
44.1385
44.2131
44.261
44.2828
44.2796
44.2523
44.2021
44.1306
44.0393
43.9298
43.804
43.6638
43.5112
43.3482
43.177
42.9998
42.8188
42.6362
42.4542
42.2751
42.1009
41.9338
41.7759
41.6291
41.4953
41.3762
41.2734
41.1886
41.1231
41.0783
41.0555
41.0557
41.0802
41.13
41.2063
41.3099
41.4421
41.6041
41.7969
42.0219
42.2803
42.5737
42.9036
43.2714
43.679
44.1278
44.6196
45.156
45.7385
46.3683
47.0466
47.7738
48.5503
49.3758
50.2492
51.1689
52.1324
53.1365
54.177
55.249
56.3466
57.4635
58.5922
59.7251
60.8596
61.9276
63.4791
27.6522
28.0508
28.452
28.8551
29.2597
29.6653
30.0714
30.4773
30.8826
31.2869
31.6897
32.0904
32.4887
32.8839
33.2755
33.6626
34.0446
34.4205
34.7893
35.1501
35.5017
35.8429
36.1726
36.4896
36.7927
37.0809
37.353
37.6081
37.8453
38.0638
38.2631
38.4426
38.6021
38.7414
38.8604
38.9593
39.0385
39.0986
39.14
39.1638
39.1707
39.1621
39.139
39.1029
39.0551
38.9973
38.931
38.8579
38.7798
38.6983
38.6153
38.5325
38.4517
38.3745
38.3027
38.2378
38.1814
38.1348
38.0996
38.0769
38.0678
38.0736
38.0951
38.1334
38.1893
38.2637
38.3573
38.4709
38.6055
38.7618
38.9407
39.1432
39.3702
39.6229
39.9025
40.2102
40.5475
40.9158
41.3166
41.7515
42.2221
42.73
43.2767
43.8635
44.4915
45.1617
45.8745
46.6299
47.4276
48.2662
49.1442
50.059
51.0072
51.9849
52.9873
54.0088
55.0431
56.0889
57.0812
58.5441
24.9424
25.2613
25.5831
25.9076
26.2343
26.5629
26.893
27.2241
27.5559
27.888
28.22
28.5517
28.8825
29.2121
29.54
29.8657
30.1885
30.5079
30.8231
31.1334
31.4381
31.7361
32.0268
32.3091
32.5823
32.8455
33.0979
33.3387
33.5672
33.7828
33.9848
34.173
34.3469
34.5063
34.6511
34.7813
34.897
34.9986
35.0864
35.161
35.223
35.2731
35.3124
35.3417
35.3621
35.3748
35.3811
35.3822
35.3794
35.3742
35.3678
35.3618
35.3574
35.356
35.3589
35.3674
35.3825
35.4056
35.4374
35.4791
35.5315
35.5953
35.6714
35.7603
35.8628
35.9794
36.1106
36.2571
36.4195
36.5983
36.7941
37.0078
37.2401
37.4918
37.7639
38.0573
38.3734
38.7132
39.0782
39.4697
39.8892
40.3382
40.8181
41.3305
41.8766
42.4576
43.0746
43.7281
44.4184
45.1454
45.9084
46.7061
47.5367
48.3975
49.2853
50.1962
51.1253
52.0725
52.9774
54.329
22.9262
23.1809
23.4389
23.6999
23.9637
24.2298
24.4981
24.7682
25.0399
25.3128
25.5867
25.8613
26.1362
26.4111
26.6858
26.9597
27.2326
27.5038
27.773
28.0395
28.3028
28.5623
28.8173
29.0673
29.3115
29.5494
29.7803
30.0037
30.2189
30.4256
30.6232
30.8113
30.9897
31.1581
31.3165
31.4647
31.6027
31.7308
31.8492
31.9582
32.0583
32.15
32.234
32.3109
32.3815
32.4468
32.5076
32.565
32.6199
32.6735
32.7267
32.7807
32.8365
32.8952
32.9577
33.025
33.098
33.1775
33.2642
33.359
33.4623
33.5747
33.6967
33.8289
33.9715
34.125
34.2897
34.466
34.6543
34.8549
35.0684
35.2951
35.5357
35.7907
36.061
36.3472
36.6503
36.9713
37.3113
37.6714
38.053
38.4573
38.8858
39.3398
39.8207
40.3297
40.868
41.4366
42.0363
42.6674
43.3301
44.0239
44.7481
45.5011
46.2811
47.0853
47.9103
48.7572
49.5707
50.7998
21.4202
21.6229
21.829
22.0383
22.2506
22.4658
22.6835
22.9036
23.1258
23.3499
23.5757
23.8029
24.0314
24.2608
24.4909
24.7214
24.9521
25.1825
25.4124
25.6413
25.8688
26.0945
26.3179
26.5386
26.7561
26.9699
27.1797
27.3849
27.5852
27.7802
27.9694
28.1527
28.3299
28.5006
28.6647
28.8223
28.9734
29.1179
29.2561
29.3882
29.5145
29.6353
29.7513
29.8628
29.9706
30.0751
30.1772
30.2776
30.3771
30.4764
30.5764
30.6779
30.7817
30.8886
30.9993
31.1145
31.2349
31.3611
31.4936
31.6328
31.7792
31.9331
32.0949
32.2647
32.4427
32.6293
32.8245
33.0286
33.2416
33.4639
33.6957
33.9372
34.1889
34.4511
34.7244
35.0093
35.3065
35.6168
35.941
36.2801
36.6352
37.0073
37.3978
37.8077
38.2385
38.6913
39.1673
39.6676
40.1932
40.7449
41.3232
41.9284
42.5601
43.218
43.901
44.6075
45.3351
46.0858
46.81
47.9151
20.2966
20.4568
20.6205
20.7876
20.9578
21.1311
21.3073
21.4861
21.6675
21.8512
22.0372
22.2252
22.415
22.6064
22.7994
22.9936
23.1888
23.3848
23.5814
23.7783
23.9751
24.1716
24.3675
24.5624
24.7561
24.9481
25.1382
25.3261
25.5114
25.6939
25.8733
26.0495
26.2223
26.3914
26.5569
26.7187
26.8767
27.0311
27.182
27.3295
27.4738
27.6154
27.7545
27.8915
28.0269
28.1611
28.2948
28.4284
28.5626
28.698
28.8352
28.9749
29.1175
29.2637
29.414
29.5689
29.7289
29.8944
30.0657
30.243
30.4266
30.6167
30.8134
31.0167
31.2268
31.4436
31.6672
31.8975
32.1347
32.3787
32.6296
32.8876
33.1528
33.4254
33.7058
33.9944
34.2916
34.5979
34.9141
35.2409
35.5791
35.9297
36.2936
36.672
37.0658
37.4764
37.9047
38.3519
38.8191
39.3071
39.8167
40.3485
40.9029
41.4798
42.0788
42.6994
43.3399
44.0029
44.6441
45.6309
19.4642
19.5899
19.719
19.8515
19.9872
20.1262
20.2683
20.4132
20.561
20.7115
20.8646
21.0201
21.1779
21.338
21.5
21.664
21.8297
21.997
22.1657
22.3357
22.5066
22.6784
22.8508
23.0236
23.1965
23.3694
23.542
23.7141
23.8856
24.0562
24.2258
24.3943
24.5614
24.7273
24.8917
25.0547
25.2163
25.3766
25.5357
25.6937
25.8508
26.0074
26.1635
26.3197
26.4762
26.6334
26.7917
26.9516
27.1136
27.278
27.4455
27.6163
27.791
27.9699
28.1535
28.342
28.5357
28.735
28.9398
29.1505
29.367
29.5893
29.8174
30.0513
30.2909
30.536
30.7865
31.0422
31.3032
31.5692
31.8401
32.116
32.3969
32.6827
32.9738
33.2702
33.5723
33.8805
34.1952
34.5169
34.8463
35.1842
35.5313
35.8886
36.2569
36.6373
37.0307
37.4383
37.8609
38.2996
38.7552
39.2285
39.7201
40.2303
40.7593
41.3069
41.8724
42.4586
43.026
43.9053
18.8562
18.954
19.0552
19.1598
19.2678
19.3789
19.4933
19.6108
19.7312
19.8546
19.9809
20.11
20.2417
20.376
20.5128
20.652
20.7935
20.9373
21.0831
21.2308
21.3804
21.5317
21.6845
21.8388
21.9944
22.1511
22.3089
22.4676
22.627
22.7871
22.9479
23.1091
23.2708
23.4329
23.5955
23.7585
23.9221
24.0862
24.251
24.4167
24.5834
24.7514
24.9208
25.092
25.2653
25.441
25.6193
25.8007
25.9856
26.1742
26.3669
26.564
26.766
26.9729
27.1852
27.4029
27.6262
27.8553
28.0901
28.3306
28.5769
28.8287
29.0859
29.3483
29.6157
29.8878
30.1644
30.4452
30.7299
31.0184
31.3104
31.6057
31.9043
32.2059
32.5107
32.8187
33.13
33.4448
33.7635
34.0863
34.4138
34.7465
35.085
35.4301
35.7825
36.1431
36.5127
36.8922
37.2825
37.6847
38.0995
38.5278
38.9702
39.4275
39.9
40.388
40.891
41.4125
41.9167
42.7025
18.4233
18.4993
18.5786
18.6613
18.7472
18.8365
18.929
19.0247
19.1235
19.2254
19.3305
19.4385
19.5495
19.6633
19.7801
19.8996
20.0219
20.1468
20.2744
20.4045
20.5371
20.672
20.8093
20.9489
21.0906
21.2344
21.3803
21.5281
21.6779
21.8296
21.9832
22.1386
22.2959
22.4551
22.6162
22.7792
22.9443
23.1116
23.2812
23.4533
23.628
23.8056
23.9862
24.1702
24.3577
24.549
24.7445
24.9445
25.1491
25.3587
25.5735
25.7939
26.0199
26.2518
26.4897
26.7337
26.9839
27.2402
27.5025
27.7708
28.0448
28.3244
28.6092
28.899
29.1934
29.492
29.7944
30.1004
30.4095
30.7213
31.0356
31.352
31.6702
31.9901
32.3116
32.6344
32.9587
33.2845
33.6119
33.9411
34.2726
34.6065
34.9435
35.284
35.6287
35.9783
36.3335
36.695
37.0638
37.4405
37.8262
38.2215
38.6273
39.0443
39.4731
39.914
40.3673
40.8362
41.2884
41.9961
18.1292
18.189
18.252
18.3183
18.3879
18.4607
18.5368
18.6161
18.6987
18.7845
18.8735
18.9657
19.0611
19.1597
19.2613
19.3661
19.4739
19.5848
19.6987
19.8156
19.9355
20.0583
20.1841
20.3127
20.4443
20.5787
20.7159
20.856
20.999
21.1448
21.2936
21.4453
21.5999
21.7577
21.9185
22.0826
22.2501
22.4211
22.5957
22.7741
22.9566
23.1432
23.3343
23.5301
23.7308
23.9366
24.1479
24.3649
24.5877
24.8166
25.0519
25.2937
25.5421
25.7972
26.0592
26.3279
26.6035
26.8856
27.1743
27.4693
27.7702
28.0769
28.3889
28.7057
29.0271
29.3524
29.6812
30.0131
30.3475
30.684
31.0221
31.3615
31.7016
32.0423
32.3833
32.7242
33.0651
33.4058
33.7464
34.0868
34.4274
34.7683
35.1098
35.4524
35.7966
36.1428
36.4917
36.844
37.2004
37.5615
37.9282
38.3013
38.6816
39.0697
39.4663
39.8722
40.2875
40.7158
41.127
41.7727
17.9486
17.9976
18.0498
18.1052
18.1637
18.2255
18.2905
18.3589
18.4305
18.5054
18.5837
18.6652
18.7501
18.8383
18.9299
19.0248
19.123
19.2246
19.3295
19.4378
19.5495
19.6645
19.7829
19.9047
20.03
20.1588
20.291
20.4268
20.5662
20.7093
20.8561
21.0067
21.1613
21.3198
21.4825
21.6496
21.821
21.9971
22.1779
22.3637
22.5548
22.7512
22.9533
23.1612
23.3753
23.5957
23.8226
24.0564
24.2972
24.5452
24.8005
25.0634
25.3337
25.6118
25.8974
26.1906
26.4913
26.7992
27.1141
27.4358
27.764
28.098
28.4377
28.7823
29.1315
29.4846
29.841
30.2002
30.5616
30.9246
31.2887
31.6534
32.018
32.3823
32.7459
33.1083
33.4694
33.8289
34.1868
34.543
34.8975
35.2505
35.6022
35.9529
36.3028
36.6525
37.0024
37.3531
37.7052
38.0593
38.4161
38.7764
39.1409
39.5104
39.8856
40.2672
40.6556
41.0545
41.4353
42.0352
17.8665
17.9101
17.9568
18.0067
18.0596
18.1159
18.1753
18.2381
18.3041
18.3736
18.4464
18.5226
18.6023
18.6854
18.772
18.8621
18.9558
19.053
19.1538
19.2583
19.3664
19.4782
19.5938
19.7132
19.8365
19.9637
20.095
20.2304
20.37
20.5139
20.6622
20.815
20.9726
21.135
21.3023
21.4749
21.6528
21.8363
22.0256
22.2208
22.4223
22.6302
22.8449
23.0665
23.2952
23.5314
23.7753
24.027
24.2867
24.5547
24.831
25.1158
25.4091
25.7109
26.0211
26.3397
26.6665
27.0013
27.3437
27.6934
28.05
28.4129
28.7818
29.1559
29.5348
29.9176
30.3038
30.6927
31.0835
31.4757
31.8685
32.2614
32.6537
33.0449
33.4346
33.8221
34.2073
34.5898
34.9693
35.3458
35.7191
36.0893
36.4565
36.8208
37.1825
37.5418
37.8993
38.2553
38.6104
38.9652
39.3202
39.6762
40.0339
40.3941
40.7574
41.1247
41.4964
41.8766
42.2369
42.8067
17.8786
17.9224
17.9692
18.0192
18.0723
18.1286
18.1881
18.251
18.3172
18.3868
18.4598
18.5363
18.6163
18.6999
18.787
18.8777
18.9722
19.0703
19.1722
19.278
19.3877
19.5013
19.619
19.7408
19.8668
19.9972
20.132
20.2714
20.4155
20.5644
20.7183
20.8774
21.0418
21.2117
21.3874
21.569
21.7567
21.9509
22.1517
22.3594
22.5743
22.7965
23.0264
23.2643
23.5103
23.7648
24.0279
24.2999
24.5809
24.8711
25.1707
25.4796
25.798
26.1258
26.4629
26.8092
27.1645
27.5285
27.9008
28.2811
28.6688
29.0634
29.4643
29.8708
30.2824
30.6981
31.1173
31.5391
31.9629
32.3879
32.8132
33.2381
33.662
34.0842
34.5041
34.9212
35.3349
35.7449
36.1508
36.5525
36.9496
37.3422
37.7303
38.1138
38.4931
38.8682
39.2395
39.6075
39.9725
40.3351
40.6959
41.0555
41.4146
41.7739
42.1343
42.4965
42.8612
43.2327
43.5819
44.1371
17.9934
18.0434
18.0963
18.1524
18.2117
18.2742
18.3399
18.409
18.4814
18.5573
18.6366
18.7194
18.8058
18.8957
18.9893
19.0866
19.1876
19.2925
19.4013
19.5141
19.6309
19.7519
19.8772
20.0068
20.141
20.2798
20.4233
20.5718
20.7254
20.8844
21.0487
21.2188
21.3948
21.5769
21.7654
21.9605
22.1625
22.3716
22.5882
22.8125
23.0447
23.2853
23.5345
23.7925
24.0596
24.3361
24.6223
24.9183
25.2243
25.5405
25.867
26.2039
26.5511
26.9087
27.2765
27.6544
28.0421
28.4392
28.8455
29.2604
29.6834
30.1138
30.5511
30.9944
31.4431
31.8963
32.3531
32.8127
33.2742
33.7367
34.1995
34.6615
35.1221
35.5804
36.0358
36.4876
36.9352
37.3782
37.816
38.2484
38.6751
39.0959
39.5107
39.9195
40.3224
40.7196
41.1113
41.4979
41.8797
42.2573
42.6312
43.002
43.3705
43.7373
44.1033
44.4695
44.8363
45.2089
45.5563
46.1127
18.2363
18.2989
18.3646
18.4335
18.5057
18.5811
18.6598
18.7418
18.8272
18.916
19.0083
19.1042
19.2035
19.3065
19.4132
19.5236
19.6379
19.756
19.8782
20.0044
20.1348
20.2695
20.4087
20.5524
20.7009
20.8542
21.0126
21.1763
21.3455
21.5204
21.7011
21.8881
22.0814
22.2815
22.4885
22.7027
22.9246
23.1542
23.3921
23.6385
23.8937
24.1581
24.4319
24.7155
25.0091
25.3132
25.6278
25.9532
26.2897
26.6374
26.9963
27.3667
27.7484
28.1414
28.5456
28.9607
29.3866
29.8228
30.2689
30.7244
31.1887
31.6612
32.141
32.6275
33.1196
33.6166
34.1175
34.6213
35.1271
35.6338
36.1406
36.6464
37.1503
37.6514
38.149
38.6423
39.1306
39.6132
40.0897
40.5596
41.0226
41.4784
41.9268
42.3679
42.8015
43.2278
43.6471
44.0596
44.4657
44.8659
45.2607
45.6508
46.0369
46.4197
46.8003
47.1796
47.5582
47.9421
48.2971
48.8715
18.6555
18.7384
18.8245
18.9139
19.0066
19.1026
19.2019
19.3046
19.4107
19.5202
19.6332
19.7497
19.8698
19.9935
20.1209
20.2521
20.3871
20.5261
20.6691
20.8163
20.9678
21.1238
21.2843
21.4496
21.6198
21.7951
21.9758
22.1621
22.3541
22.5523
22.7568
22.9679
23.1859
23.4112
23.644
23.8847
24.1337
24.3913
24.6578
24.9336
25.219
25.5145
25.8204
26.137
26.4647
26.8037
27.1543
27.5168
27.8914
28.2783
28.6775
29.0892
29.5132
29.9497
30.3984
30.859
31.3313
31.8149
32.3094
32.814
33.3282
33.8513
34.3825
34.9207
35.4652
36.0149
36.5688
37.1257
37.6847
38.2446
38.8043
39.3627
39.9189
40.4718
41.0205
41.5641
42.1019
42.633
43.1569
43.6731
44.1811
44.6805
45.1712
45.6531
46.1261
46.5902
47.0458
47.493
47.9323
48.364
48.789
49.2076
49.6209
50.0297
50.4349
50.8379
51.2392
51.646
52.0191
52.6313
19.3341
19.4466
19.5623
19.6814
19.8038
19.9296
20.0588
20.1913
20.3273
20.4667
20.6096
20.756
20.906
21.0596
21.2169
21.3781
21.5431
21.7121
21.8853
22.0627
22.2445
22.4309
22.6221
22.8182
23.0194
23.226
23.4383
23.6564
23.8808
24.1116
24.3492
24.5939
24.8461
25.1061
25.3743
25.6511
25.9369
26.232
26.5369
26.852
27.1777
27.5143
27.8623
28.2221
28.594
28.9784
29.3755
29.7856
30.209
30.6459
31.0963
31.5603
32.0379
32.5291
33.0336
33.5513
34.0817
34.6244
35.179
35.7447
36.3209
36.9067
37.5013
38.1036
38.7127
39.3274
39.9466
40.5691
41.1936
41.819
42.4441
43.0676
43.6883
44.3053
44.9173
45.5234
46.1227
46.7144
47.2977
47.8721
48.4369
48.9919
49.5367
50.0711
50.5951
51.1088
51.6123
52.106
52.5902
53.0654
53.5324
53.992
54.4449
54.8922
55.3352
55.7754
56.2132
56.6581
57.0626
57.7387
20.4114
20.5651
20.7223
20.8828
21.0467
21.2141
21.3848
21.5589
21.7364
21.9174
22.1019
22.2899
22.4816
22.6769
22.8759
23.0788
23.2857
23.4967
23.7118
23.9314
24.1555
24.3844
24.6182
24.8572
25.1016
25.3517
25.6078
25.8702
26.1392
26.4152
26.6984
26.9894
27.2885
27.5961
27.9126
28.2385
28.5742
28.9202
29.2769
29.6448
30.0243
30.4159
30.82
31.2371
31.6676
32.1118
32.57
33.0426
33.5298
34.0318
34.5487
35.0806
35.6275
36.1893
36.7658
37.3567
37.9615
38.58
39.2113
39.855
40.51
41.1757
41.8509
42.5346
43.2256
43.9228
44.6248
45.3303
46.0381
46.7467
47.4547
48.1609
48.864
49.5626
50.2557
50.942
51.6206
52.2905
52.9508
53.6009
54.2402
54.8682
55.4845
56.0889
56.6814
57.2621
57.831
58.3886
58.9353
59.4718
59.9988
60.5172
61.0282
61.5329
62.033
62.5302
63.0251
63.5301
63.9854
64.7639
22.1249
22.3361
22.5507
22.7687
22.9902
23.2151
23.4434
23.6751
23.9102
24.1488
24.391
24.6367
24.8861
25.1392
25.3962
25.6571
25.9221
26.1913
26.4648
26.743
27.0259
27.3138
27.6069
27.9056
28.21
28.5205
28.8375
29.1613
29.4922
29.8307
30.1772
30.5321
30.8959
31.269
31.652
32.0453
32.4495
32.865
33.2924
33.7323
34.185
34.6512
35.1312
35.6257
36.135
36.6596
37.1997
37.7559
38.3282
38.917
39.5223
40.1443
40.7829
41.438
42.1093
42.7966
43.4995
44.2173
44.9494
45.6952
46.4536
47.2237
48.0044
48.7946
49.593
50.3982
51.2089
52.0236
52.8409
53.6592
54.477
55.293
56.1055
56.9134
57.7151
58.5095
59.2953
60.0716
60.8373
61.5916
62.3339
63.0635
63.7801
64.4834
65.1733
65.8499
66.5135
67.1643
67.803
68.4304
69.0475
69.6553
70.2553
70.8491
71.4385
72.0262
72.6122
73.2145
73.7527
74.6979
24.9005
25.1931
25.4891
25.7886
26.0914
26.3976
26.7073
27.0204
27.3369
27.657
27.9806
28.3079
28.6389
28.9737
29.3125
29.6553
30.0024
30.3539
30.71
31.071
31.437
31.8083
32.1852
32.5681
32.9572
33.353
33.7558
34.166
34.5842
35.0106
35.446
35.8906
36.3452
36.8101
37.2861
37.7736
38.2732
38.7856
39.3113
39.851
40.4051
40.9744
41.5592
42.1603
42.778
43.4129
44.0654
44.7357
45.4243
46.1314
46.8571
47.6015
48.3645
49.1461
49.9461
50.764
51.5994
52.4518
53.3205
54.2046
55.1032
56.0153
56.9398
57.8754
58.8207
59.7744
60.735
61.7009
62.6706
63.6425
64.6149
65.5862
66.5549
67.5193
68.478
69.4296
70.3726
71.3058
72.2281
73.1385
74.036
74.9202
75.7903
76.646
77.4873
78.3142
79.1269
79.926
80.7123
81.4866
82.2502
83.0047
83.7519
84.4939
85.2331
85.9734
86.714
87.4818
88.1617
89.3905
29.5618
29.9747
30.3908
30.8103
31.2331
31.6592
32.0887
32.5215
32.9577
33.3975
33.8407
34.2877
34.7384
35.193
35.6516
36.1144
36.5816
37.0534
37.53
38.0117
38.4988
38.9916
39.4905
39.9958
40.508
41.0274
41.5546
42.09
42.6341
43.1876
43.7509
44.3248
44.9098
45.5065
46.1156
46.7378
47.3738
48.0243
48.6899
49.3714
50.0693
50.7845
51.5176
52.2691
53.0396
53.8298
54.6401
55.4709
56.3227
57.1957
58.0901
59.0062
59.944
60.9034
61.8843
62.8864
63.9094
64.9527
66.0159
67.0981
68.1986
69.3163
70.4504
71.5996
72.7626
73.9381
75.1246
76.3206
77.5245
78.7345
79.949
81.1661
82.3839
83.6008
84.8148
86.0241
87.227
88.4219
89.6071
90.7814
91.9435
93.0924
94.2271
95.3473
96.4525
97.5428
98.6185
99.68
100.728
101.765
102.791
103.809
104.822
105.831
106.841
107.856
108.876
109.941
110.875
112.606
37.8675
38.4695
39.0744
39.6821
40.2928
40.9064
41.5229
42.1423
42.7649
43.3905
44.0194
44.6516
45.2873
45.9266
46.5697
47.2169
47.8683
48.5242
49.185
49.8509
50.5223
51.1996
51.8832
52.5737
53.2714
53.977
54.691
55.414
56.1466
56.8897
57.6437
58.4096
59.188
59.9797
60.7856
61.6064
62.4431
63.2964
64.1672
65.0565
65.965
66.8937
67.8433
68.8148
69.8089
70.8264
71.8681
72.9348
74.0271
75.1456
76.291
77.4637
78.6644
79.8933
81.1509
82.4374
83.753
85.0977
86.4716
87.8745
89.3061
90.766
92.2538
93.7685
95.3094
96.8752
98.4647
100.076
101.708
103.358
105.025
106.705
108.396
110.095
111.8
113.508
115.215
116.919
118.618
120.308
121.988
123.655
125.308
126.945
128.565
130.169
131.756
133.326
134.88
136.42
137.947
139.465
140.975
142.482
143.989
145.505
147.023
148.61
149.988
152.559
54.0836
55.0081
55.9339
56.861
57.7892
58.7187
59.6495
60.5816
61.5151
62.4501
63.3868
64.3252
65.2656
66.2082
67.1533
68.101
69.0518
70.0059
70.9639
71.9261
72.893
73.8652
74.8433
75.8278
76.8195
77.8191
78.8275
79.8454
80.8737
81.9134
82.9655
84.031
85.1111
86.2069
87.3195
88.4503
89.6007
90.7718
91.9653
93.1825
94.4251
95.6946
96.9927
98.3211
99.6817
101.076
102.507
103.975
105.484
107.034
108.629
110.271
111.96
113.701
115.494
117.342
119.247
121.211
123.234
125.319
127.466
129.675
131.947
134.281
136.677
139.132
141.643
144.209
146.825
149.486
152.189
154.926
157.693
160.483
163.288
166.103
168.92
171.733
174.536
177.322
180.086
182.822
185.527
188.196
190.827
193.417
195.963
198.466
200.924
203.338
205.708
208.036
210.324
212.575
214.792
216.984
219.141
221.35
223.24
226.654
90.4354
91.9667
93.4934
95.0154
96.5327
98.0454
99.5535
101.057
102.557
104.053
105.545
107.035
108.521
110.006
111.488
112.97
114.451
115.933
117.416
118.901
120.389
121.882
123.38
124.885
126.399
127.922
129.458
131.007
132.572
134.154
135.757
137.383
139.034
140.714
142.426
144.173
145.958
147.786
149.661
151.586
153.568
155.61
157.717
159.896
162.151
164.489
166.915
169.436
172.057
174.785
177.626
180.587
183.671
186.886
190.235
193.723
197.352
201.125
205.044
209.106
213.312
217.656
222.135
226.741
231.465
236.296
241.224
246.232
251.306
256.429
261.583
266.749
271.909
277.043
282.133
287.159
292.104
296.952
301.687
306.294
310.762
315.078
319.233
323.218
327.026
330.652
334.092
337.341
340.399
343.263
345.936
348.419
350.714
352.828
354.766
356.537
358.146
359.641
360.851
362.724
191.978
194.848
197.697
200.525
203.335
206.127
208.903
211.664
214.413
217.151
219.88
222.603
225.321
228.039
230.757
233.48
236.211
238.952
241.708
244.484
247.282
250.108
252.967
255.865
258.806
261.798
264.846
267.957
271.14
274.401
277.749
281.192
284.739
288.401
292.186
296.105
300.167
304.385
308.767
313.326
318.073
323.017
328.17
333.542
339.143
344.982
351.067
357.406
364.003
370.864
377.99
385.382
393.037
400.95
409.114
417.516
426.143
434.974
443.989
453.16
462.457
471.846
481.289
490.745
500.17
509.517
518.74
527.788
536.612
545.164
553.395
561.263
568.723
575.739
582.276
588.305
593.803
598.751
603.136
606.95
610.191
612.862
614.968
616.522
617.537
618.033
618.03
617.553
616.626
615.279
613.542
611.445
609.022
606.306
603.336
600.138
596.787
593.158
589.984
584.15
604.029
610.758
617.446
624.1
630.728
637.338
643.938
650.537
657.143
663.765
670.411
677.091
683.814
690.589
697.426
704.335
711.325
718.407
725.592
732.89
740.312
747.869
755.572
763.431
771.459
779.665
788.061
796.656
805.46
814.482
823.732
833.216
842.942
852.916
863.141
873.623
884.361
895.358
906.61
918.115
929.868
941.859
954.079
966.515
979.15
991.967
1004.94
1018.05
1031.26
1044.54
1057.85
1071.15
1084.4
1097.55
1110.53
1123.31
1135.81
1147.96
1159.71
1170.98
1181.69
1191.78
1201.17
1209.78
1217.54
1224.38
1230.24
1235.05
1238.76
1241.32
1242.69
1242.85
1241.77
1239.46
1235.92
1231.17
1225.24
1218.18
1210.06
1200.92
1190.87
1179.99
1168.37
1156.11
1143.32
1130.11
1116.58
1102.84
1088.99
1075.14
1061.36
1047.76
1034.4
1021.37
1008.74
996.56
984.91
973.67
963.874
949.218
2587.45
2598.14
2608.41
2618.25
2627.65
2636.61
2645.13
2653.2
2660.83
2668
2674.72
2680.99
2686.81
2692.16
2697.06
2701.51
2705.49
2709.01
2712.07
2714.66
2716.79
2718.46
2719.65
2720.38
2720.63
2720.41
2719.71
2718.52
2716.84
2714.67
2712
2708.83
2705.14
2700.94
2696.2
2690.94
2685.12
2678.76
2671.83
2664.33
2656.25
2647.58
2638.31
2628.44
2617.96
2606.86
2595.14
2582.8
2569.83
2556.24
2542.04
2527.23
2511.83
2495.85
2479.32
2462.26
2444.71
2426.69
2408.27
2389.48
2370.39
2351.05
2331.53
2311.92
2292.28
2272.7
2253.27
2234.07
2215.18
2196.71
2178.72
2161.29
2144.5
2128.41
2113.06
2098.51
2084.78
2071.89
2059.84
2048.62
2038.21
2028.58
2019.69
2011.48
2003.91
1996.91
1990.41
1984.34
1978.65
1973.26
1968.11
1963.14
1958.29
1953.5
1948.74
1943.92
1939.1
1933.85
1929.57
1920.78
1184.13
289.333
302.457
311.301
314.394
313.321
310.392
306.396
302.497
298.53
294.613
276.186
338.108
303.726
503.06
636.548
741.521
828.323
902.771
968.207
1026.64
1079.31
1127.04
1170.45
1210.1
1246.48
1280.08
1311.35
1340.7
1368.48
1394.96
1420.37
1444.89
1468.64
1491.74
1514.25
1536.28
1557.94
1579.36
1600.65
1621.5
1641.95
1662.02
1681.7
1700.94
1719.69
1737.9
1755.5
1772.43
1788.62
1803.99
1818.48
1831.99
1844.44
1855.76
1865.86
1874.65
1882.05
1888
1892.41
1895.23
1896.41
1895.91
1893.69
1889.75
1884.1
1876.77
1867.81
1857.32
1845.7
1834.65
1829.29
1827.28
1824.66
1820.83
1815.84
1809.82
1802.89
1795.17
1786.73
1777.68
1768.09
1758.04
1747.6
1736.85
1725.85
1714.66
1703.34
1691.95
1680.54
1669.17
1657.87
1646.7
1635.71
1624.97
1614.55
1604.6
1595.33
1587.19
1580.16
1220.27
652.551
355.136
226.76
174.043
158.013
166.289
185.402
214.865
271.713
345.735
415.337
481.881
539.912
608.78
646.532
667.415
676.608
678.65
676.764
673.188
669.356
666.121
663.924
662.924
663.102
664.332
666.437
669.223
672.507
676.126
679.951
683.89
687.89
691.949
696.127
700.561
705.474
711.078
717.225
723.398
729.433
735.322
741.05
746.605
751.973
757.137
762.083
766.793
771.248
775.431
779.321
782.896
786.135
789.016
791.515
793.61
795.278
796.497
797.249
797.515
797.277
796.52
795.235
793.417
791.066
788.186
784.791
780.922
776.702
772.397
768.329
764.425
760.467
756.296
751.866
747.177
742.252
737.118
731.804
726.337
720.744
715.047
709.268
703.429
697.546
691.636
685.713
679.791
673.88
667.988
662.123
656.288
650.484
644.707
638.923
633.157
627.036
621.616
609.877
1271.21
450.481
195.218
138.672
127.215
131.006
159.699
218.383
295.874
375.597
440.169
490.068
524.523
546.095
548.902
541.552
529.468
516.117
504.169
495.095
489.4
486.914
487.104
489.327
492.988
497.609
502.843
508.459
514.311
520.313
526.418
532.606
538.869
545.211
551.632
558.125
564.651
571.126
577.426
583.789
590.142
596.449
602.691
608.849
614.904
620.838
626.629
632.252
637.684
642.895
647.856
652.534
656.895
660.902
664.519
667.707
670.427
672.641
674.312
675.409
675.9
675.762
674.975
673.529
671.42
668.652
665.239
661.202
656.573
651.402
645.761
639.759
633.487
626.977
620.232
613.26
606.089
598.755
591.296
583.752
576.157
568.545
560.945
553.381
545.877
538.449
531.113
523.881
516.763
509.765
502.892
496.145
489.524
483.023
476.636
470.337
464.125
457.793
451.983
441.846
1316.4
309.196
192.707
162.631
162.645
188.99
240.19
306.918
373.046
424.82
457.904
476.229
481.32
475.462
461.577
447.341
434.602
424.909
418.991
416.831
417.934
421.593
427.092
433.818
441.302
449.219
457.355
465.585
473.841
482.095
490.34
498.584
506.836
515.107
523.399
531.701
539.987
548.201
556.38
564.556
572.71
580.829
588.892
596.879
604.763
612.517
620.106
627.495
634.645
641.51
648.044
654.196
659.913
665.139
669.817
673.889
677.297
679.988
681.909
683.016
683.27
682.641
681.113
678.677
675.34
671.121
666.049
660.166
653.526
646.191
638.233
629.743
620.817
611.543
601.986
592.207
582.266
572.221
562.129
552.041
542.003
532.057
522.235
512.568
503.078
493.785
484.702
475.839
467.203
458.798
450.622
442.674
434.949
427.438
420.129
413.001
406.044
399.12
392.718
382.759
1360.25
301.887
218.584
209.503
225.345
260.943
308.304
355.803
393.5
417.082
428.034
429.528
423.703
413.213
401.645
392.054
385.147
381.495
381.172
383.891
389.163
396.434
405.176
414.931
425.334
436.109
447.063
458.069
469.054
479.983
490.847
501.65
512.406
523.126
533.818
544.477
555.085
565.638
576.14
586.591
596.98
607.294
617.511
627.603
637.535
647.266
656.75
665.934
674.762
683.171
691.093
698.458
705.192
711.218
716.459
720.84
724.289
726.736
728.124
728.402
727.533
725.493
722.276
717.891
712.367
705.747
698.092
689.477
679.987
669.719
658.774
647.264
635.301
622.996
610.446
597.743
584.969
572.2
559.504
546.94
534.559
522.404
510.509
498.903
487.605
476.631
465.99
455.686
445.72
436.09
426.789
417.81
409.142
400.77
392.68
384.846
377.257
369.801
362.915
352.777
1400.41
311.242
251.847
253.383
273.274
303.181
334.649
360.829
378.547
388.019
391.004
389.003
383.456
376.348
369.767
365
362.646
363.082
366.367
372.323
380.616
390.839
402.561
415.377
428.927
442.917
457.123
471.382
485.592
499.693
513.659
527.483
541.172
554.737
568.188
581.532
594.76
607.866
620.84
633.672
646.347
658.843
671.131
683.174
694.925
706.33
717.325
727.841
737.801
747.124
755.721
763.502
770.375
776.245
781.023
784.622
786.962
787.975
787.606
785.816
782.583
777.909
771.815
764.346
755.566
745.561
734.434
722.301
709.289
695.53
681.161
666.319
651.138
635.744
620.252
604.765
589.374
574.158
559.187
544.517
530.194
516.255
502.726
489.627
476.969
464.759
452.995
441.676
430.792
420.333
410.285
400.634
391.363
382.451
373.879
365.618
357.655
349.889
342.739
332.498
1439.74
324.273
278.036
280.61
295.025
313.856
331.739
346.184
356.638
363.32
366.485
366.471
364.213
361.159
358.703
357.787
359.046
362.855
369.339
378.41
389.826
403.246
418.279
434.525
451.609
469.205
487.048
504.937
522.731
540.337
557.705
574.809
591.643
608.22
624.552
640.637
656.466
672.025
687.297
702.262
716.892
731.157
745.015
758.415
771.298
783.591
795.216
806.084
816.102
825.169
833.182
840.036
845.627
849.856
852.631
853.869
853.501
851.479
847.77
842.369
835.295
826.593
816.333
804.613
791.55
777.282
761.961
745.749
728.811
711.315
693.422
675.288
657.056
638.858
620.808
603.003
585.528
568.449
551.824
535.692
520.084
505.021
490.515
476.568
463.179
450.341
438.04
426.263
414.993
404.208
393.888
384.012
374.555
365.494
356.804
348.455
340.43
332.636
325.48
315.374
1482.98
335.179
292.846
289.8
296.277
307.91
321.35
334.685
346.512
355.805
362.072
365.552
367.188
368.241
369.862
372.919
378.028
385.555
395.65
408.275
423.237
440.236
458.902
478.838
499.658
521.011
542.597
564.178
585.575
606.661
627.353
647.603
667.411
686.767
705.661
724.081
742.013
759.434
776.319
792.635
808.342
823.394
837.738
851.306
864.024
875.807
886.56
896.182
904.567
911.607
917.192
921.217
923.584
924.206
923.008
919.937
914.96
908.071
899.289
888.667
876.284
862.251
846.705
829.807
811.733
792.677
772.835
752.406
731.585
710.555
689.486
668.533
647.83
627.494
607.619
588.282
569.54
551.435
533.995
517.236
501.164
485.776
471.063
457.008
443.593
430.795
418.59
406.951
395.851
385.262
375.157
365.507
356.286
347.465
339.018
330.913
323.134
315.591
308.68
298.981
1529.63
340.914
295.788
286.781
292.517
308.507
328.768
349.129
367.068
381.455
392.233
400.11
406.202
411.748
417.797
425.161
434.419
445.927
459.844
476.153
494.691
515.184
537.285
560.605
584.758
609.377
634.142
658.784
683.092
706.898
730.111
752.675
774.535
795.656
816.01
835.574
854.321
872.219
889.232
905.314
920.414
934.474
947.425
959.191
969.686
978.818
986.486
992.588
997.02
999.681
1000.48
999.324
996.153
990.916
983.586
974.164
962.68
949.198
933.813
916.652
897.873
877.661
856.223
833.778
810.558
786.793
762.709
738.519
714.421
690.59
667.179
644.316
622.106
600.629
579.942
560.082
541.069
522.909
505.595
489.111
473.433
458.534
444.381
430.938
418.171
406.042
394.515
383.556
373.128
363.2
353.738
344.712
336.092
327.848
319.953
312.377
305.104
298.051
291.594
282.547
1567.79
340.108
291.398
289.894
314.795
351.864
390.196
424.28
452.053
473.497
489.639
502.028
512.202
521.557
531.217
542.01
554.506
569.042
585.761
604.644
625.536
648.178
672.24
697.354
723.141
749.24
775.321
801.091
826.327
850.867
874.564
897.308
919.023
939.65
959.145
977.469
994.582
1010.44
1025
1038.21
1050
1060.32
1069.08
1076.21
1081.63
1085.25
1086.99
1086.74
1084.45
1080.03
1073.44
1064.64
1053.62
1040.4
1025.02
1007.56
988.145
966.916
944.053
919.765
894.284
867.858
840.746
813.208
785.498
757.856
730.504
703.639
677.427
652.008
627.49
603.954
581.453
560.017
539.652
520.351
502.089
484.832
468.538
453.16
438.646
424.945
412.005
399.775
388.207
377.253
366.869
357.014
347.649
338.737
330.245
322.141
314.395
306.979
299.868
293.031
286.458
280.069
274.22
266.011
1593.48
336.317
299.187
339.127
410.502
486.274
553.83
608.384
649.631
679.57
700.942
716.533
728.733
739.42
749.965
761.297
774.004
788.41
804.643
822.68
842.379
863.508
885.774
908.849
932.385
956.042
979.503
1002.49
1024.75
1046.07
1066.28
1085.25
1102.89
1119.12
1133.87
1147.09
1158.74
1168.75
1177.08
1183.68
1188.48
1191.42
1192.43
1191.46
1188.44
1183.3
1176
1166.48
1154.72
1140.7
1124.45
1105.99
1085.4
1062.78
1038.27
1012.02
984.239
955.157
925.023
894.106
862.684
831.037
799.439
768.149
737.404
707.417
678.365
650.394
623.615
598.105
573.91
551.049
529.515
509.282
490.309
472.539
455.911
440.354
425.797
412.168
399.395
387.411
376.149
365.55
355.555
346.113
337.176
328.7
320.646
312.976
305.658
298.662
291.961
285.528
279.341
273.374
267.619
262.004
256.855
249.597
1597.57
347.959
376.032
510.794
660.106
792.04
897.041
974.394
1027.88
1062.99
1085.17
1098.98
1107.87
1114.27
1119.78
1125.42
1131.8
1139.28
1148.03
1158.11
1169.46
1181.93
1195.32
1209.38
1223.81
1238.28
1252.47
1266.12
1278.96
1290.79
1301.42
1310.72
1318.56
1324.85
1329.51
1332.47
1333.67
1333.06
1330.59
1326.2
1319.85
1311.48
1301.05
1288.54
1273.9
1257.12
1238.2
1217.16
1194.02
1168.85
1141.74
1112.82
1082.22
1050.13
1016.77
982.364
947.177
911.482
875.563
839.706
804.19
769.277
735.211
702.205
670.44
640.06
611.174
583.853
558.135
534.025
511.503
490.526
471.032
452.949
436.192
420.671
406.295
392.971
380.608
369.119
358.423
348.442
339.105
330.347
322.11
314.339
306.987
300.013
293.376
287.045
280.988
275.179
269.593
264.208
259.005
253.962
249.074
244.278
239.868
233.608
1634.09
448.572
696.143
999.672
1254.86
1442.36
1569.29
1648.22
1692.32
1712.95
1718.72
1715.58
1707.31
1696.23
1683.73
1670.69
1657.73
1645.32
1633.86
1623.62
1614.68
1607.01
1600.49
1594.88
1589.95
1585.41
1580.98
1576.39
1571.39
1565.75
1559.27
1551.78
1543.15
1533.24
1521.95
1509.2
1494.91
1479.03
1461.48
1442.23
1421.24
1398.48
1373.93
1347.6
1319.48
1289.61
1258.04
1224.85
1190.14
1154.02
1116.66
1078.24
1038.96
999.06
958.781
918.387
878.15
838.34
799.221
761.044
724.037
688.402
654.308
621.891
591.247
562.438
535.49
510.397
487.125
465.616
445.794
427.568
410.837
395.497
381.437
368.55
356.728
345.87
335.877
326.66
318.133
310.219
302.848
295.956
289.486
283.389
277.619
272.137
266.908
261.903
257.095
252.461
247.979
243.632
239.405
235.279
231.252
227.271
223.593
218.324
1381.86
1243.22
1851.33
2334.13
2623.99
2766.01
2817.69
2815.72
2784.43
2738.59
2686.2
2631.03
2574.64
2517.66
2460.54
2403.82
2348.15
2294.21
2242.51
2193.43
2147.16
2103.73
2062.98
2024.66
1988.46
1954.04
1921.04
1889.15
1858.03
1827.41
1797.02
1766.63
1736.02
1705.04
1673.52
1641.32
1608.35
1574.51
1539.72
1503.93
1467.1
1429.2
1390.24
1350.22
1309.2
1267.22
1224.38
1180.79
1136.58
1091.92
1046.98
1001.97
957.097
912.601
868.714
825.67
783.7
743.019
703.826
666.294
630.569
596.764
564.957
535.194
507.487
481.818
458.142
436.389
416.473
398.293
381.737
366.688
353.029
340.638
329.402
319.206
309.944
301.515
293.827
286.791
280.328
274.367
268.843
263.696
258.876
254.336
250.037
245.943
242.025
238.256
234.613
231.077
227.63
224.258
220.949
217.688
214.476
211.267
208.284
203.956
1519.3
4458.23
5463.45
5548.02
5386.8
5130.21
4861.92
4609.79
4381.89
4177.08
3991.03
3819.16
3658.04
3505.66
3361.19
3224.49
3095.68
2974.86
2861.95
2756.69
2658.65
2567.29
2482.05
2402.32
2327.51
2257.05
2190.38
2126.99
2066.39
2008.16
1951.87
1897.19
1843.79
1791.41
1739.8
1688.76
1638.11
1587.72
1537.47
1487.27
1437.06
1386.8
1336.49
1286.13
1235.76
1185.46
1135.31
1085.43
1035.94
987
938.772
891.434
845.166
800.153
756.57
714.588
674.359
636.017
599.672
565.407
533.278
503.31
475.501
449.821
426.216
404.612
384.916
367.024
350.821
336.188
323.003
311.143
300.49
290.928
282.348
274.647
267.726
261.496
255.872
250.778
246.144
241.905
238.005
234.392
231.02
227.85
224.846
221.978
219.219
216.547
213.942
211.387
208.87
206.376
203.897
201.422
198.952
196.449
194.102
190.64
)
;

boundaryField
{
    outlet
    {
        type            zeroGradient;
    }
    inlet
    {
        type            fixedValue;
        value           uniform 17.57;
    }
    lowerWall
    {
        Cmu             0.09;
        kappa           0.41;
        E               9.8;
        beta1           0.075;
        type            omegaWallFunction;
        value           nonuniform List<scalar> 
148
(
7254.63
8569.06
9629.25
10283
10668.4
10885.8
10995.8
11034.9
11026.8
10987.3
10927.3
10854.4
10774
10689.7
10604.1
10519.1
10435.8
10355
10277.3
10202.9
10131.9
10064.5
10000.5
9939.92
9882.59
9828.39
9777.15
9728.76
9682.88
9640.08
9596.68
9568.78
9476.74
1184.13
1220.27
1271.21
1316.4
1360.25
1400.41
1439.74
1482.98
1529.63
1567.79
1593.48
1597.57
1634.09
1381.86
1519.3
1184.13
289.333
302.457
311.301
314.394
313.321
310.392
306.396
302.497
298.53
294.613
276.186
338.108
303.726
503.06
636.548
741.521
828.323
902.771
968.207
1026.64
1079.31
1127.04
1170.45
1210.1
1246.48
1280.08
1311.35
1340.7
1368.48
1394.96
1420.37
1444.89
1468.64
1491.74
1514.25
1536.28
1557.94
1579.36
1600.65
1621.5
1641.95
1662.02
1681.7
1700.94
1719.69
1737.9
1755.5
1772.43
1788.62
1803.99
1818.48
1831.99
1844.44
1855.76
1865.86
1874.65
1882.05
1888
1892.41
1895.23
1896.41
1895.91
1893.69
1889.75
1884.1
1876.77
1867.81
1857.32
1845.7
1834.65
1829.29
1827.28
1824.66
1820.83
1815.84
1809.82
1802.89
1795.17
1786.73
1777.68
1768.09
1758.04
1747.6
1736.85
1725.85
1714.66
1703.34
1691.95
1680.54
1669.17
1657.87
1646.7
1635.71
1624.97
1614.55
1604.6
1595.33
1587.19
1580.16
)
;
    }
    upperWall
    {
        Cmu             0.09;
        kappa           0.41;
        E               9.8;
        beta1           0.075;
        type            omegaWallFunction;
        value           nonuniform List<scalar> 
133
(
1719.4
1778.23
1839.24
1895.41
1945.93
1992.23
2035.28
2075.52
2113.26
2148.7
2182.04
2213.4
2242.93
2270.74
2296.93
2321.61
2344.85
2366.75
2387.37
2406.81
2425.12
2442.37
2458.63
2473.95
2488.38
2501.98
2514.8
2526.88
2538.26
2548.99
2559.1
2568.63
2577.62
2587.45
2598.14
2608.41
2618.25
2627.65
2636.61
2645.13
2653.2
2660.83
2668
2674.72
2680.99
2686.81
2692.16
2697.06
2701.51
2705.49
2709.01
2712.07
2714.66
2716.79
2718.46
2719.65
2720.38
2720.63
2720.41
2719.71
2718.52
2716.84
2714.67
2712
2708.83
2705.14
2700.94
2696.2
2690.94
2685.12
2678.76
2671.83
2664.33
2656.25
2647.58
2638.31
2628.44
2617.96
2606.86
2595.14
2582.8
2569.83
2556.24
2542.04
2527.23
2511.83
2495.85
2479.32
2462.26
2444.71
2426.69
2408.27
2389.48
2370.39
2351.05
2331.53
2311.92
2292.28
2272.7
2253.27
2234.07
2215.18
2196.71
2178.72
2161.29
2144.5
2128.41
2113.06
2098.51
2084.78
2071.89
2059.84
2048.62
2038.21
2028.58
2019.69
2011.48
2003.91
1996.91
1990.41
1984.34
1978.65
1973.26
1968.11
1963.14
1958.29
1953.5
1948.74
1943.92
1939.1
1933.85
1929.57
1920.78
)
;
    }
    frontAndBack
    {
        type            empty;
    }
}


// ************************************************************************* //
