/*--------------------------------*- C++ -*----------------------------------*\
| =========                 |                                                 |
| \\      /  F ield         | OpenFOAM: The Open Source CFD Toolbox           |
|  \\    /   O peration     | Version:  4.1                                   |
|   \\  /    A nd           | Web:      www.OpenFOAM.org                      |
|    \\/     M anipulation  |                                                 |
\*---------------------------------------------------------------------------*/
FoamFile
{
    version     2.0;
    format      ascii;
    class       volScalarField;
    location    "1600";
    object      p;
}
// * * * * * * * * * * * * * * * * * * * * * * * * * * * * * * * * * * * * * //

dimensions      [0 2 -2 0 0 0 0];

internalField   nonuniform List<scalar> 
6820
(
-7.89274
-8.69248
-9.15298
-9.29781
-9.37637
-9.45068
-9.51052
-9.55612
-9.59483
-9.63031
-9.66312
-9.69345
-9.72179
-9.74854
-9.77398
-9.79827
-9.82159
-9.84412
-9.86601
-9.88741
-9.90847
-9.92934
-9.95016
-9.9711
-9.99231
-10.014
-10.0363
-10.0596
-10.0839
-10.1102
-10.1369
-10.1707
-10.1859
-9.56644
-9.73223
-9.71782
-9.63825
-9.596
-9.59276
-9.60281
-9.61638
-9.63368
-9.65448
-9.67717
-9.70056
-9.72413
-9.74763
-9.77086
-9.7937
-9.8161
-9.83806
-9.85963
-9.88088
-9.90189
-9.92278
-9.94365
-9.96464
-9.98588
-10.0076
-10.0298
-10.053
-10.0771
-10.1031
-10.1307
-10.164
-10.2054
-9.54487
-9.35681
-9.3382
-9.37268
-9.41448
-9.46275
-9.50927
-9.54977
-9.58628
-9.62065
-9.65306
-9.68346
-9.71208
-9.73919
-9.76499
-9.78964
-9.81329
-9.83611
-9.85824
-9.87983
-9.90103
-9.92198
-9.94281
-9.96368
-9.98474
-10.0061
-10.0281
-10.0508
-10.0744
-10.0995
-10.1263
-10.1571
-10.1888
-9.46274
-9.36036
-9.40979
-9.47044
-9.50386
-9.53437
-9.56592
-9.59474
-9.62154
-9.6478
-9.67361
-9.69871
-9.72306
-9.74676
-9.76983
-9.79231
-9.81425
-9.83571
-9.85678
-9.87753
-9.89806
-9.91847
-9.93886
-9.95934
-9.98003
-10.0011
-10.0226
-10.0447
-10.0677
-10.0917
-10.1169
-10.1439
-10.1706
-9.45521
-9.41532
-9.44749
-9.48524
-9.50744
-9.53232
-9.56149
-9.58982
-9.61675
-9.64327
-9.66943
-9.69491
-9.71964
-9.74367
-9.76702
-9.78973
-9.81184
-9.83343
-9.85458
-9.87537
-9.89589
-9.91624
-9.93652
-9.95683
-9.97727
-9.99797
-10.019
-10.0406
-10.0627
-10.0855
-10.109
-10.1331
-10.1565
-9.4644
-9.4443
-9.46022
-9.48999
-9.51392
-9.53931
-9.56763
-9.5953
-9.62166
-9.64748
-9.67289
-9.69764
-9.72169
-9.74506
-9.76781
-9.78997
-9.81158
-9.83271
-9.85344
-9.87383
-9.89398
-9.91396
-9.93387
-9.95378
-9.97379
-9.99398
-10.0144
-10.0352
-10.0564
-10.0779
-10.0997
-10.1214
-10.1423
-9.47383
-9.46266
-9.47378
-9.50007
-9.52405
-9.54798
-9.57411
-9.60028
-9.62558
-9.65044
-9.67496
-9.69896
-9.72235
-9.74516
-9.76741
-9.78913
-9.81036
-9.83115
-9.85156
-9.87165
-9.89151
-9.91119
-9.93077
-9.95032
-9.96991
-9.9896
-10.0094
-10.0295
-10.0496
-10.0699
-10.0901
-10.11
-10.1288
-9.48393
-9.47885
-9.4885
-9.51096
-9.53337
-9.55573
-9.58004
-9.60487
-9.62922
-9.6532
-9.67691
-9.7002
-9.72298
-9.74524
-9.767
-9.78828
-9.8091
-9.82952
-9.84957
-9.86933
-9.88884
-9.90816
-9.92736
-9.94649
-9.96559
-9.98472
-10.0039
-10.0231
-10.0423
-10.0614
-10.0802
-10.0984
-10.1156
-9.49481
-9.49347
-9.50226
-9.52137
-9.54212
-9.56324
-9.58602
-9.60955
-9.63289
-9.65598
-9.67886
-9.70142
-9.72355
-9.74524
-9.76648
-9.78728
-9.80767
-9.82768
-9.84735
-9.86673
-9.88586
-9.9048
-9.92358
-9.94224
-9.96083
-9.97936
-9.99783
-10.0162
-10.0345
-10.0525
-10.07
-10.0869
-10.1028
-9.50598
-9.50668
-9.51495
-9.53154
-9.5507
-9.57064
-9.59201
-9.61425
-9.63656
-9.65875
-9.68081
-9.70262
-9.72409
-9.74518
-9.76588
-9.78619
-9.80613
-9.8257
-9.84496
-9.86393
-9.88265
-9.90116
-9.91949
-9.93766
-9.9557
-9.97361
-9.99137
-10.009
-10.0263
-10.0433
-10.0597
-10.0754
-10.0902
-9.51707
-9.51884
-9.52675
-9.54145
-9.55907
-9.57783
-9.5979
-9.61892
-9.64021
-9.66151
-9.68274
-9.70381
-9.72461
-9.74509
-9.76523
-9.78503
-9.80448
-9.82361
-9.84242
-9.86096
-9.87924
-9.89729
-9.91513
-9.93278
-9.95025
-9.96752
-9.98458
-10.0014
-10.0178
-10.0339
-10.0493
-10.064
-10.0778
-9.52788
-9.53017
-9.53776
-9.55097
-9.56717
-9.58477
-9.60366
-9.62353
-9.64382
-9.66423
-9.68465
-9.70497
-9.7251
-9.74496
-9.76454
-9.7838
-9.80276
-9.8214
-9.83975
-9.85783
-9.87564
-9.89321
-9.91054
-9.92765
-9.94453
-9.96116
-9.97752
-9.99355
-10.0092
-10.0243
-10.0389
-10.0527
-10.0657
-9.53828
-9.54077
-9.54803
-9.56005
-9.57497
-9.59147
-9.60926
-9.62804
-9.64735
-9.66689
-9.68651
-9.70609
-9.72554
-9.74478
-9.76378
-9.7825
-9.80094
-9.81909
-9.83696
-9.85455
-9.87188
-9.88894
-9.90575
-9.9223
-9.93858
-9.95457
-9.97024
-9.98553
-10.0004
-10.0147
-10.0285
-10.0415
-10.0538
-9.5482
-9.55072
-9.55762
-9.56866
-9.58243
-9.59789
-9.61464
-9.63241
-9.65078
-9.66946
-9.68829
-9.70715
-9.72592
-9.74454
-9.76295
-9.78112
-9.79903
-9.81667
-9.83404
-9.85113
-9.86795
-9.8845
-9.90077
-9.91675
-9.93243
-9.94779
-9.96279
-9.97737
-9.9915
-10.0051
-10.0181
-10.0304
-10.042
-9.55757
-9.56004
-9.56656
-9.57677
-9.58953
-9.604
-9.61979
-9.6366
-9.65407
-9.67193
-9.68998
-9.70812
-9.72622
-9.74421
-9.76203
-9.77964
-9.79701
-9.81413
-9.83099
-9.84757
-9.86387
-9.87989
-9.89561
-9.91103
-9.92611
-9.94085
-9.95519
-9.96911
-9.98254
-9.99545
-10.0078
-10.0194
-10.0304
-9.56637
-9.56874
-9.57488
-9.58437
-9.59622
-9.60978
-9.62467
-9.64058
-9.6572
-9.67425
-9.69155
-9.70898
-9.72642
-9.74379
-9.76101
-9.77806
-9.79489
-9.81148
-9.82781
-9.84387
-9.85965
-9.87513
-9.8903
-9.90515
-9.91965
-9.93377
-9.94748
-9.96075
-9.97354
-9.98579
-9.99747
-10.0085
-10.019
-9.57457
-9.57682
-9.5826
-9.59143
-9.60249
-9.61521
-9.62925
-9.64432
-9.66012
-9.6764
-9.69297
-9.70971
-9.7265
-9.74325
-9.75989
-9.77637
-9.79265
-9.80871
-9.82451
-9.84004
-9.85529
-9.87023
-9.88485
-9.89914
-9.91305
-9.92658
-9.93969
-9.95234
-9.96451
-9.97616
-9.98725
-9.99775
-10.0076
-9.58216
-9.58429
-9.5897
-9.59796
-9.6083
-9.62025
-9.6335
-9.64778
-9.66281
-9.67835
-9.69422
-9.71029
-9.72644
-9.74258
-9.75863
-9.77455
-9.79029
-9.80581
-9.82108
-9.83608
-9.8508
-9.8652
-9.87928
-9.893
-9.90635
-9.9193
-9.93182
-9.94389
-9.95547
-9.96655
-9.97708
-9.98706
-9.99645
-9.58912
-9.59112
-9.59621
-9.60394
-9.61363
-9.62487
-9.6374
-9.65094
-9.66524
-9.68007
-9.69527
-9.71069
-9.72622
-9.74176
-9.75724
-9.7726
-9.78779
-9.80278
-9.81752
-9.832
-9.84618
-9.86005
-9.87359
-9.88676
-9.89956
-9.91195
-9.92391
-9.93541
-9.94644
-9.95697
-9.96698
-9.97646
-9.98539
-9.59543
-9.59732
-9.6021
-9.60936
-9.61846
-9.62905
-9.6409
-9.65376
-9.66738
-9.68155
-9.6961
-9.71089
-9.72582
-9.74078
-9.75569
-9.77051
-9.78516
-9.79962
-9.81384
-9.82779
-9.84145
-9.85479
-9.8678
-9.88044
-9.89269
-9.90454
-9.91596
-9.92693
-9.93743
-9.94744
-9.95696
-9.96596
-9.97445
-9.60109
-9.60287
-9.60736
-9.61419
-9.62276
-9.63277
-9.644
-9.65622
-9.6692
-9.68273
-9.69667
-9.71087
-9.72522
-9.73961
-9.75398
-9.76826
-9.78239
-9.79632
-9.81002
-9.82346
-9.83661
-9.84943
-9.86192
-9.87404
-9.88577
-9.89709
-9.90799
-9.91845
-9.92845
-9.93797
-9.94701
-9.95557
-9.96363
-9.60608
-9.60776
-9.61199
-9.61842
-9.62651
-9.63599
-9.64665
-9.65828
-9.67066
-9.68361
-9.69697
-9.71061
-9.7244
-9.73825
-9.75209
-9.76585
-9.77946
-9.79289
-9.80609
-9.81902
-9.83166
-9.84399
-9.85596
-9.86758
-9.8788
-9.88963
-9.90003
-9.90999
-9.91951
-9.92856
-9.93716
-9.94528
-9.95293
-9.61038
-9.61196
-9.61595
-9.62203
-9.62969
-9.63868
-9.64882
-9.65992
-9.67175
-9.68416
-9.69698
-9.71008
-9.72334
-9.73668
-9.75001
-9.76327
-9.77638
-9.78932
-9.80203
-9.81447
-9.82663
-9.83846
-9.84995
-9.86107
-9.87181
-9.88215
-9.89208
-9.90157
-9.91063
-9.91924
-9.9274
-9.93511
-9.94236
-9.61397
-9.61547
-9.61924
-9.625
-9.63227
-9.64082
-9.65049
-9.6611
-9.67244
-9.68434
-9.69666
-9.70926
-9.72203
-9.73489
-9.74773
-9.76051
-9.77315
-9.78561
-9.79785
-9.80982
-9.8215
-9.83287
-9.84389
-9.85454
-9.86482
-9.87469
-9.88416
-9.8932
-9.90182
-9.91
-9.91775
-9.92506
-9.93194
-9.61684
-9.61826
-9.62183
-9.6273
-9.63422
-9.64238
-9.65163
-9.6618
-9.67269
-9.68413
-9.69599
-9.70813
-9.72045
-9.73285
-9.74524
-9.75757
-9.76976
-9.78177
-9.79355
-9.80507
-9.81631
-9.82722
-9.83779
-9.84799
-9.85782
-9.86726
-9.87629
-9.88491
-9.89311
-9.90088
-9.90823
-9.91516
-9.92167
-9.61895
-9.6203
-9.6237
-9.6289
-9.6355
-9.64332
-9.6522
-9.66198
-9.67247
-9.68351
-9.69496
-9.70668
-9.71859
-9.73056
-9.74254
-9.75444
-9.7662
-9.77779
-9.78915
-9.80024
-9.81104
-9.82153
-9.83167
-9.84145
-9.85085
-9.85987
-9.86848
-9.87669
-9.88449
-9.89188
-9.89885
-9.90541
-9.91157
-9.62029
-9.62158
-9.6248
-9.62976
-9.63609
-9.6436
-9.65217
-9.66161
-9.67176
-9.68244
-9.69353
-9.70489
-9.71642
-9.72801
-9.7396
-9.75112
-9.76249
-9.77368
-9.78464
-9.79533
-9.80573
-9.81581
-9.82555
-9.83493
-9.84393
-9.85255
-9.86078
-9.8686
-9.87602
-9.88304
-9.88965
-9.89586
-9.90168
-9.62083
-9.62205
-9.62511
-9.62984
-9.63592
-9.64319
-9.65149
-9.66066
-9.67052
-9.68091
-9.69169
-9.70273
-9.71393
-9.7252
-9.73644
-9.7476
-9.75862
-9.76944
-9.78003
-9.79035
-9.80037
-9.81007
-9.81943
-9.82843
-9.83706
-9.8453
-9.85315
-9.86061
-9.86768
-9.87434
-9.88061
-9.88648
-9.89197
-9.62054
-9.62169
-9.62458
-9.62909
-9.63496
-9.64202
-9.65012
-9.65908
-9.66872
-9.67888
-9.68942
-9.7002
-9.71113
-9.72211
-9.73306
-9.74391
-9.75461
-9.76511
-9.77537
-9.78535
-9.79504
-9.80439
-9.8134
-9.82205
-9.83033
-9.83823
-9.84574
-9.85286
-9.85959
-9.86592
-9.87187
-9.87743
-9.8826
-9.6194
-9.62047
-9.62316
-9.62745
-9.63313
-9.64005
-9.64802
-9.65684
-9.66633
-9.67633
-9.68669
-9.69727
-9.70797
-9.71871
-9.72939
-9.73997
-9.75038
-9.76058
-9.77053
-9.7802
-9.78956
-9.79859
-9.80728
-9.8156
-9.82355
-9.83113
-9.83831
-9.84512
-9.85153
-9.85755
-9.86319
-9.86845
-9.87334
-9.61741
-9.61836
-9.62079
-9.62481
-9.63035
-9.6372
-9.64511
-9.65388
-9.66331
-9.67325
-9.68353
-9.69401
-9.70459
-9.71518
-9.7257
-9.73609
-9.74629
-9.75626
-9.76597
-9.77538
-9.78448
-9.79323
-9.80163
-9.80967
-9.81733
-9.82461
-9.8315
-9.83801
-9.84413
-9.84986
-9.85521
-9.86019
-9.86478
-9.61458
-9.61535
-9.61737
-9.62106
-9.62651
-9.63341
-9.64137
-9.65015
-9.65957
-9.66945
-9.67964
-9.68999
-9.70042
-9.71084
-9.72116
-9.73134
-9.74132
-9.75106
-9.76053
-9.7697
-9.77854
-9.78704
-9.79519
-9.80297
-9.81037
-9.81739
-9.82403
-9.83029
-9.83615
-9.84164
-9.84675
-9.8515
-9.85589
-9.611
-9.61142
-9.61277
-9.616
-9.6214
-9.62846
-9.63669
-9.64581
-9.65563
-9.66587
-9.67634
-9.6869
-9.69746
-9.70794
-9.71827
-9.72839
-9.73826
-9.74786
-9.75716
-9.76612
-9.77474
-9.78301
-9.7909
-9.79841
-9.80555
-9.81229
-9.81865
-9.82463
-9.83021
-9.83541
-9.84023
-9.84467
-9.84872
-9.60691
-9.60656
-9.6067
-9.60954
-9.61513
-9.62219
-9.6301
-9.6389
-9.64847
-9.65852
-9.66885
-9.6793
-9.68978
-9.7002
-9.71048
-9.72056
-9.7304
-9.73996
-9.74921
-9.75813
-9.76669
-9.77489
-9.78272
-9.79016
-9.79721
-9.80387
-9.81014
-9.81602
-9.82151
-9.82662
-9.83135
-9.83573
-9.83978
-9.60299
-9.60079
-9.598
-9.6004
-9.60797
-9.61761
-9.62786
-9.63857
-9.64959
-9.66066
-9.67164
-9.68245
-9.69308
-9.70346
-9.71357
-9.72338
-9.73288
-9.74206
-9.75089
-9.75937
-9.76748
-9.77522
-9.78259
-9.78957
-9.79617
-9.80238
-9.80821
-9.81366
-9.81872
-9.8234
-9.8277
-9.83161
-9.83512
-9.60043
-9.59534
-9.58785
-9.58562
-9.58831
-9.59398
-9.60218
-9.61237
-9.6236
-9.63526
-9.64709
-9.65894
-9.67066
-9.68215
-9.69334
-9.70418
-9.71465
-9.72473
-9.73439
-9.74363
-9.75245
-9.76083
-9.76878
-9.77629
-9.78338
-9.79003
-9.79626
-9.80208
-9.80748
-9.81249
-9.81711
-9.82137
-9.8253
-9.60087
-9.58098
-9.58381
-9.60364
-9.62043
-9.63139
-9.64126
-9.65171
-9.66204
-9.67188
-9.6814
-9.69075
-9.69993
-9.7089
-9.71766
-9.72619
-9.73447
-9.7425
-9.75025
-9.75771
-9.76486
-9.7717
-9.7782
-9.78437
-9.7902
-9.79569
-9.80082
-9.80561
-9.81004
-9.81412
-9.81784
-9.82119
-9.82416
-9.63833
-9.51509
-9.45201
-9.45568
-9.47807
-9.49981
-9.52115
-9.54291
-9.56405
-9.58393
-9.60254
-9.62
-9.63637
-9.65171
-9.66612
-9.67965
-9.69239
-9.70437
-9.71564
-9.72624
-9.73621
-9.74556
-9.75433
-9.76254
-9.77021
-9.77735
-9.78398
-9.79013
-9.7958
-9.80101
-9.80578
-9.81014
-9.8141
-9.79824
-9.81139
-9.77008
-9.72792
-9.70395
-9.69344
-9.68893
-9.68699
-9.68712
-9.68932
-9.69315
-9.69806
-9.70367
-9.7098
-9.71627
-9.72296
-9.72974
-9.73652
-9.74325
-9.74985
-9.75629
-9.76252
-9.76852
-9.77427
-9.77973
-9.78491
-9.78977
-9.79433
-9.79857
-9.80249
-9.80609
-9.80937
-9.81232
-8.63398
-8.93431
-9.19935
-9.32528
-9.39026
-9.44636
-9.49589
-9.53425
-9.56394
-9.58884
-9.61068
-9.62996
-9.64711
-9.66261
-9.67679
-9.68988
-9.70201
-9.7133
-9.72383
-9.73368
-9.74289
-9.7515
-9.75954
-9.76705
-9.77404
-9.78053
-9.78654
-9.79208
-9.79718
-9.80184
-9.80607
-9.80989
-9.81332
-10.2739
-10.1758
-10.2256
-10.2801
-10.3047
-10.32
-10.3311
-10.3358
-10.335
-10.3311
-10.3262
-10.3222
-10.321
-10.3238
-10.3319
-10.3459
-10.3661
-10.3924
-10.424
-10.4602
-10.4999
-10.5418
-10.5848
-10.6275
-10.6688
-10.7075
-10.7427
-10.7733
-10.7985
-10.8173
-10.8289
-10.8324
-10.8272
-10.8124
-10.7874
-10.7513
-10.7036
-10.6436
-10.5708
-10.4847
-10.385
-10.2714
-10.1436
-10.0016
-9.84535
-9.67489
-9.49044
-9.29231
-9.08091
-8.8568
-8.62065
-8.37327
-8.11557
-7.84858
-7.57344
-7.29136
-7.00364
-6.7116
-6.41664
-6.12013
-5.82348
-5.52804
-5.23513
-4.94601
-4.66185
-4.38375
-4.11268
-3.84951
-3.59499
-3.34974
-3.11427
-2.88895
-2.67406
-2.46973
-2.27603
-2.09294
-1.92034
-1.75804
-1.6058
-1.46328
-1.33014
-1.20597
-1.09036
-0.982856
-0.883025
-0.790414
-0.704579
-0.625087
-0.551512
-0.483446
-0.420481
-0.362247
-0.308294
-0.258379
-0.211665
-0.168724
-0.126317
-0.0906551
-0.0435137
-0.0296341
-10.2706
-10.2651
-10.2933
-10.3129
-10.3087
-10.2989
-10.2912
-10.2843
-10.2777
-10.2726
-10.2695
-10.2694
-10.2729
-10.2809
-10.2938
-10.3121
-10.3356
-10.3641
-10.397
-10.4336
-10.473
-10.5142
-10.556
-10.5973
-10.6373
-10.6746
-10.7085
-10.7378
-10.7617
-10.7793
-10.7897
-10.7921
-10.7858
-10.7701
-10.7441
-10.7072
-10.6589
-10.5984
-10.5253
-10.4391
-10.3395
-10.2262
-10.0989
-9.95759
-9.80225
-9.63296
-9.4499
-9.25339
-9.04383
-8.82179
-8.58791
-8.34298
-8.08792
-7.82371
-7.55147
-7.27239
-6.98771
-6.69877
-6.40689
-6.11343
-5.81976
-5.52719
-5.23703
-4.95049
-4.66874
-4.39284
-4.12376
-3.86236
-3.60938
-3.36544
-3.13104
-2.90657
-2.69231
-2.48841
-2.29495
-2.11193
-1.93923
-1.77668
-1.62406
-1.48106
-1.34733
-1.2225
-1.10615
-0.997871
-0.897216
-0.803752
-0.717043
-0.636661
-0.562187
-0.493215
-0.429338
-0.370189
-0.31531
-0.264465
-0.216787
-0.172931
-0.129386
-0.0931889
-0.0435716
-0.0330938
-10.2289
-10.235
-10.2402
-10.253
-10.2604
-10.2645
-10.2686
-10.271
-10.2707
-10.2684
-10.2656
-10.2636
-10.2639
-10.2678
-10.2765
-10.2904
-10.3101
-10.3353
-10.3657
-10.4006
-10.4387
-10.4791
-10.5205
-10.5614
-10.6009
-10.6376
-10.6706
-10.6988
-10.7216
-10.7379
-10.7471
-10.7484
-10.741
-10.7242
-10.6974
-10.6598
-10.6108
-10.55
-10.4767
-10.3905
-10.291
-10.1781
-10.0515
-9.91103
-9.75681
-9.58887
-9.40741
-9.21273
-9.00524
-8.78549
-8.55411
-8.31188
-8.05967
-7.79847
-7.52936
-7.25348
-6.97207
-6.6864
-6.39778
-6.10752
-5.81697
-5.5274
-5.24009
-4.95623
-4.67697
-4.40334
-4.13631
-3.87672
-3.6253
-3.38269
-3.14938
-2.92576
-2.71213
-2.50865
-2.31541
-2.13241
-1.95958
-1.79675
-1.6437
-1.50015
-1.36578
-1.24023
-1.12309
-1.01395
-0.912407
-0.818021
-0.730367
-0.649026
-0.573583
-0.503637
-0.438782
-0.37865
-0.322782
-0.270943
-0.222246
-0.177402
-0.132702
-0.0958144
-0.043924
-0.0362176
-10.2019
-10.2187
-10.2299
-10.2471
-10.2595
-10.2646
-10.2661
-10.2656
-10.2632
-10.26
-10.2575
-10.2568
-10.2588
-10.2644
-10.2742
-10.2884
-10.3072
-10.3304
-10.3577
-10.3886
-10.4221
-10.4576
-10.4941
-10.5305
-10.5659
-10.5991
-10.6293
-10.6553
-10.6762
-10.6912
-10.6992
-10.6994
-10.6912
-10.6737
-10.6462
-10.608
-10.5587
-10.4976
-10.4243
-10.3382
-10.2392
-10.1268
-10.001
-9.86167
-9.70876
-9.54238
-9.36273
-9.1701
-8.9649
-8.74764
-8.51898
-8.27964
-8.03049
-7.77249
-7.50667
-7.23417
-6.95617
-6.67391
-6.38868
-6.10176
-5.81443
-5.52798
-5.24362
-4.96254
-4.68585
-4.41458
-4.14968
-3.89197
-3.64219
-3.40097
-3.1688
-2.94609
-2.73312
-2.53008
-2.33708
-2.15413
-1.98116
-1.81804
-1.66455
-1.52044
-1.38539
-1.25907
-1.14109
-1.03105
-0.928561
-0.833194
-0.744535
-0.662172
-0.585697
-0.514713
-0.448815
-0.387636
-0.330716
-0.277821
-0.228047
-0.182146
-0.136268
-0.0985494
-0.0445823
-0.0389661
-10.1824
-10.2017
-10.2141
-10.2274
-10.2372
-10.2417
-10.2439
-10.2452
-10.2456
-10.2454
-10.2456
-10.247
-10.2505
-10.2567
-10.2664
-10.2801
-10.2978
-10.3196
-10.3452
-10.3741
-10.4055
-10.4387
-10.4725
-10.5062
-10.5385
-10.5686
-10.5954
-10.6181
-10.6358
-10.6477
-10.6529
-10.6507
-10.6404
-10.6211
-10.5923
-10.5531
-10.5031
-10.4416
-10.3681
-10.2822
-10.1836
-10.072
-9.94714
-9.809
-9.65755
-9.49289
-9.31521
-9.12478
-8.92202
-8.70742
-8.48161
-8.24532
-7.99937
-7.7447
-7.48231
-7.21331
-6.93886
-6.66015
-6.37844
-6.09497
-5.81101
-5.52779
-5.24652
-4.96835
-4.69437
-4.42559
-4.16294
-3.90725
-3.65924
-3.41952
-3.1886
-2.96689
-2.75469
-2.55219
-2.3595
-2.17666
-2.00361
-1.84023
-1.68632
-1.54166
-1.40595
-1.27885
-1.16001
-1.04906
-0.945585
-0.849199
-0.759491
-0.676058
-0.598498
-0.52642
-0.459422
-0.397139
-0.339109
-0.285096
-0.234193
-0.187166
-0.14009
-0.101398
-0.0455818
-0.0412684
-10.1647
-10.1841
-10.1977
-10.2102
-10.2205
-10.2272
-10.2313
-10.2341
-10.2357
-10.2365
-10.2375
-10.2395
-10.2434
-10.2498
-10.2593
-10.2724
-10.2891
-10.3093
-10.3329
-10.3594
-10.388
-10.4181
-10.4487
-10.4791
-10.5082
-10.5351
-10.5589
-10.5788
-10.5939
-10.6033
-10.6063
-10.6019
-10.5896
-10.5686
-10.5382
-10.4977
-10.4466
-10.3843
-10.3104
-10.2243
-10.1259
-10.0147
-9.89061
-9.75355
-9.60348
-9.44049
-9.26475
-9.07654
-8.87625
-8.66436
-8.44148
-8.2083
-7.96564
-7.71439
-7.45554
-7.19016
-6.91937
-6.64434
-6.36628
-6.0864
-5.80594
-5.52611
-5.24807
-4.97295
-4.70183
-4.43569
-4.17545
-3.92191
-3.67579
-3.43771
-3.20818
-2.9876
-2.77628
-2.57442
-2.38215
-2.19951
-2.02646
-1.8629
-1.70865
-1.56349
-1.42715
-1.29931
-1.17964
-1.06777
-0.96332
-0.865903
-0.775125
-0.690594
-0.611915
-0.538703
-0.470561
-0.407125
-0.347934
-0.29275
-0.240669
-0.192455
-0.144162
-0.104358
-0.0469485
-0.0430632
-10.1489
-10.1677
-10.1819
-10.1942
-10.2045
-10.2118
-10.2167
-10.2202
-10.2227
-10.2247
-10.2268
-10.2299
-10.2345
-10.2414
-10.2509
-10.2635
-10.2792
-10.298
-10.3197
-10.3439
-10.3699
-10.3972
-10.4248
-10.4521
-10.478
-10.5018
-10.5225
-10.5394
-10.5515
-10.5581
-10.5585
-10.5518
-10.5373
-10.5143
-10.4822
-10.4404
-10.3882
-10.3251
-10.2507
-10.1644
-10.0661
-9.95531
-9.83196
-9.69593
-9.5472
-9.38584
-9.21203
-9.02602
-8.8282
-8.61903
-8.39909
-8.16908
-7.92976
-7.682
-7.42678
-7.1651
-6.89807
-6.62682
-6.35252
-6.07636
-5.79952
-5.52319
-5.2485
-4.97656
-4.7084
-4.44501
-4.18727
-3.93598
-3.69186
-3.45551
-3.22745
-3.00808
-2.79771
-2.59657
-2.40478
-2.22241
-2.04943
-1.88575
-1.73122
-1.58562
-1.44871
-1.32018
-1.19971
-1.08696
-0.98155
-0.883117
-0.791277
-0.705644
-0.625835
-0.551469
-0.482156
-0.417533
-0.357145
-0.300747
-0.247447
-0.197992
-0.148465
-0.107426
-0.0486881
-0.0443159
-10.134
-10.1519
-10.1663
-10.1785
-10.1888
-10.1967
-10.2024
-10.2068
-10.2103
-10.2133
-10.2163
-10.2202
-10.2254
-10.2324
-10.2418
-10.2538
-10.2685
-10.2859
-10.3058
-10.3277
-10.3513
-10.3758
-10.4006
-10.4248
-10.4477
-10.4684
-10.4861
-10.5
-10.5092
-10.5131
-10.5109
-10.5018
-10.4851
-10.4602
-10.4263
-10.383
-10.3296
-10.2656
-10.1905
-10.104
-10.0056
-9.89516
-9.77247
-9.63741
-9.48997
-9.33022
-9.15831
-8.9745
-8.77915
-8.57273
-8.35577
-8.12896
-7.89303
-7.64883
-7.39728
-7.13938
-6.87617
-6.60877
-6.3383
-6.06591
-5.79276
-5.51999
-5.24871
-4.97999
-4.71485
-4.45425
-4.19905
-3.95005
-3.70795
-3.47335
-3.24678
-3.02863
-2.81924
-2.61883
-2.42754
-2.24546
-2.07256
-1.90878
-1.75397
-1.60795
-1.47048
-1.34128
-1.22004
-1.10643
-1.00009
-0.900658
-0.807769
-0.721046
-0.640111
-0.56459
-0.494098
-0.428273
-0.366666
-0.309027
-0.254479
-0.203741
-0.152971
-0.11059
-0.0507816
-0.0450271
-10.1198
-10.1368
-10.1511
-10.1632
-10.1735
-10.1818
-10.1882
-10.1933
-10.1976
-10.2014
-10.2052
-10.2097
-10.2153
-10.2225
-10.2317
-10.243
-10.2567
-10.2728
-10.2909
-10.3107
-10.3319
-10.3538
-10.3758
-10.3971
-10.417
-10.4348
-10.4495
-10.4605
-10.467
-10.4683
-10.4635
-10.4521
-10.4333
-10.4064
-10.3709
-10.3261
-10.2715
-10.2065
-10.1308
-10.044
-9.94562
-9.8355
-9.71344
-9.57934
-9.43318
-9.27501
-9.105
-8.92339
-8.73051
-8.52682
-8.31285
-8.08924
-7.8567
-7.61606
-7.36819
-7.11406
-6.85469
-6.59114
-6.32449
-6.05588
-5.78641
-5.5172
-5.24931
-4.98381
-4.72168
-4.46385
-4.21119
-3.96447
-3.72438
-3.49154
-3.26644
-3.04952
-2.8411
-2.64141
-2.45062
-2.26881
-2.09599
-1.9321
-1.77702
-1.63057
-1.49253
-1.36265
-1.24063
-1.12615
-1.01887
-0.918441
-0.824503
-0.736688
-0.654627
-0.57795
-0.506274
-0.439242
-0.376405
-0.317511
-0.261698
-0.20965
-0.157631
-0.113828
-0.0531792
-0.0452393
-10.106
-10.1223
-10.1363
-10.1482
-10.1585
-10.1671
-10.174
-10.1798
-10.1847
-10.1892
-10.1937
-10.1986
-10.2045
-10.2118
-10.2206
-10.2314
-10.2441
-10.2587
-10.2751
-10.293
-10.3119
-10.3312
-10.3505
-10.3691
-10.3861
-10.4009
-10.4128
-10.4211
-10.4249
-10.4235
-10.4163
-10.4026
-10.3817
-10.353
-10.3158
-10.2696
-10.2139
-10.1481
-10.0718
-9.98466
-9.88633
-9.77655
-9.65516
-9.52203
-9.37715
-9.22059
-9.05247
-8.87305
-8.68264
-8.48168
-8.27068
-8.05025
-7.82108
-7.58396
-7.33975
-7.08937
-6.83379
-6.57405
-6.31121
-6.04633
-5.78051
-5.51482
-5.25031
-4.988
-4.72885
-4.47379
-4.22365
-3.97919
-3.74112
-3.51002
-3.28641
-3.07071
-2.86326
-2.6643
-2.47401
-2.29248
-2.11974
-1.95573
-1.80037
-1.65349
-1.51489
-1.38432
-1.26151
-1.14615
-1.03792
-0.936473
-0.84147
-0.752549
-0.669346
-0.591498
-0.518627
-0.450373
-0.386295
-0.326131
-0.26904
-0.215662
-0.162395
-0.117108
-0.0558005
-0.0450362
-10.0927
-10.1082
-10.1218
-10.1336
-10.1438
-10.1526
-10.1599
-10.1661
-10.1716
-10.1766
-10.1816
-10.187
-10.193
-10.2002
-10.2087
-10.2188
-10.2305
-10.2438
-10.2586
-10.2745
-10.2911
-10.3081
-10.3248
-10.3406
-10.3549
-10.3669
-10.3761
-10.3816
-10.3827
-10.3789
-10.3693
-10.3534
-10.3304
-10.2999
-10.2611
-10.2136
-10.1567
-10.0901
-10.0133
-9.92592
-9.82765
-9.71824
-9.59752
-9.46539
-9.3218
-9.16684
-9.00062
-8.82338
-8.63543
-8.43718
-8.22912
-8.01184
-7.78602
-7.5524
-7.3118
-7.06512
-6.81331
-6.55735
-6.29826
-6.03709
-5.77488
-5.51269
-5.25152
-4.99238
-4.7362
-4.48388
-4.23625
-3.99406
-3.75799
-3.52863
-3.30651
-3.09204
-2.88557
-2.68735
-2.49757
-2.31633
-2.14368
-1.97958
-1.82395
-1.67665
-1.53749
-1.40623
-1.28263
-1.1664
-1.05721
-0.954746
-0.858669
-0.768629
-0.68427
-0.605234
-0.531148
-0.461654
-0.396314
-0.334862
-0.276476
-0.221747
-0.167228
-0.120407
-0.0585536
-0.0445406
-10.0797
-10.0945
-10.1076
-10.1192
-10.1294
-10.1383
-10.1459
-10.1525
-10.1583
-10.1638
-10.1691
-10.1747
-10.1809
-10.1879
-10.196
-10.2054
-10.2161
-10.2281
-10.2412
-10.2552
-10.2698
-10.2844
-10.2986
-10.3118
-10.3234
-10.3328
-10.3392
-10.3421
-10.3407
-10.3344
-10.3225
-10.3044
-10.2795
-10.2472
-10.2068
-10.158
-10.1001
-10.0327
-9.95535
-9.86774
-9.76954
-9.66051
-9.54048
-9.40933
-9.26704
-9.11367
-8.94934
-8.77426
-8.58875
-8.39319
-8.18805
-7.9739
-7.75138
-7.52121
-7.28419
-7.04118
-6.79309
-6.54086
-6.28549
-6.02799
-5.76937
-5.51064
-5.25279
-4.99679
-4.74356
-4.49398
-4.24885
-4.00892
-3.77485
-3.54725
-3.32662
-3.11339
-2.90791
-2.71044
-2.52118
-2.34026
-2.16771
-2.00353
-1.84764
-1.69993
-1.56022
-1.4283
-1.30392
-1.18681
-1.07668
-0.9732
-0.876049
-0.784888
-0.699368
-0.619137
-0.543825
-0.473078
-0.406461
-0.343703
-0.284005
-0.227906
-0.172126
-0.123729
-0.0613656
-0.0439019
-10.067
-10.0811
-10.0938
-10.1051
-10.1152
-10.1241
-10.1319
-10.1387
-10.1449
-10.1506
-10.1562
-10.1619
-10.1681
-10.1749
-10.1826
-10.1912
-10.2009
-10.2116
-10.2232
-10.2354
-10.2478
-10.2602
-10.272
-10.2827
-10.2917
-10.2985
-10.3023
-10.3026
-10.2987
-10.29
-10.2759
-10.2557
-10.2289
-10.1948
-10.153
-10.1029
-10.0439
-9.97575
-9.89793
-9.81011
-9.712
-9.60335
-9.484
-9.35384
-9.21284
-9.06105
-8.89859
-8.72566
-8.54256
-8.34965
-8.14739
-7.93633
-7.71708
-7.49033
-7.25685
-7.01746
-6.77304
-6.52451
-6.27283
-6.01896
-5.76388
-5.50859
-5.25404
-5.00117
-4.75087
-4.50401
-4.26137
-4.0237
-3.79164
-3.56579
-3.34666
-3.13467
-2.93019
-2.73349
-2.54477
-2.36417
-2.19174
-2.02749
-1.87137
-1.72326
-1.58302
-1.45044
-1.3253
-1.20733
-1.09625
-0.991761
-0.893543
-0.801264
-0.714584
-0.633156
-0.556616
-0.484611
-0.416711
-0.352638
-0.291619
-0.234135
-0.177088
-0.12709
-0.0641886
-0.043265
-10.0546
-10.068
-10.0802
-10.0913
-10.1012
-10.11
-10.1179
-10.1249
-10.1313
-10.1372
-10.1429
-10.1487
-10.1547
-10.1613
-10.1684
-10.1763
-10.185
-10.1945
-10.2045
-10.2149
-10.2254
-10.2356
-10.2451
-10.2534
-10.2599
-10.2641
-10.2654
-10.2632
-10.257
-10.2459
-10.2296
-10.2074
-10.1787
-10.143
-10.0996
-10.0482
-9.98831
-9.91938
-9.84109
-9.75307
-9.65505
-9.54679
-9.42812
-9.29894
-9.15921
-9.00898
-8.84836
-8.67756
-8.49683
-8.30654
-8.10714
-7.89912
-7.68309
-7.45972
-7.22973
-6.99392
-6.75314
-6.50826
-6.26022
-6.00994
-5.75839
-5.5065
-5.25522
-5.00545
-4.75807
-4.51392
-4.27377
-4.03834
-3.80829
-3.58419
-3.36657
-3.15584
-2.95238
-2.75645
-2.56828
-2.38801
-2.21572
-2.05142
-1.89507
-1.74658
-1.60582
-1.47259
-1.3467
-1.22788
-1.11587
-1.01037
-0.911093
-0.8177
-0.729863
-0.64724
-0.569472
-0.496207
-0.427022
-0.361631
-0.299289
-0.240415
-0.182097
-0.130486
-0.0669819
-0.0427329
-10.0424
-10.0551
-10.0669
-10.0776
-10.0873
-10.0961
-10.104
-10.111
-10.1175
-10.1235
-10.1293
-10.135
-10.1408
-10.147
-10.1536
-10.1608
-10.1685
-10.1766
-10.1852
-10.1939
-10.2025
-10.2106
-10.2179
-10.2238
-10.2279
-10.2297
-10.2286
-10.224
-10.2154
-10.2021
-10.1837
-10.1595
-10.1289
-10.0915
-10.0468
-9.99419
-9.93327
-9.86362
-9.78486
-9.69666
-9.59873
-9.49085
-9.37286
-9.24464
-9.10617
-8.95748
-8.79869
-8.62997
-8.45159
-8.26389
-8.06728
-7.86227
-7.64942
-7.42937
-7.20283
-6.97056
-6.73336
-6.49209
-6.24765
-6.00093
-5.75285
-5.50434
-5.25629
-5.00961
-4.76513
-4.52367
-4.28599
-4.05281
-3.82476
-3.60243
-3.38632
-3.17686
-2.97441
-2.77928
-2.59167
-2.41175
-2.23961
-2.07527
-1.91871
-1.76986
-1.62859
-1.49473
-1.36808
-1.24842
-1.13549
-1.029
-0.928661
-0.834158
-0.745166
-0.661349
-0.582353
-0.507828
-0.437357
-0.370647
-0.30698
-0.246716
-0.187122
-0.133903
-0.0697059
-0.0423555
-10.0303
-10.0425
-10.0538
-10.0642
-10.0737
-10.0823
-10.0901
-10.0971
-10.1036
-10.1096
-10.1153
-10.1209
-10.1265
-10.1322
-10.1383
-10.1446
-10.1513
-10.1582
-10.1653
-10.1724
-10.1791
-10.1852
-10.1904
-10.1941
-10.1959
-10.1953
-10.1918
-10.1849
-10.174
-10.1586
-10.1381
-10.1119
-10.0796
-10.0407
-9.99451
-9.94073
-9.87886
-9.80851
-9.7293
-9.64092
-9.54309
-9.43559
-9.31826
-9.191
-9.05377
-8.9066
-8.74959
-8.58293
-8.40686
-8.2217
-8.02785
-7.8258
-7.61608
-7.39931
-7.17616
-6.94737
-6.71371
-6.476
-6.23511
-5.9919
-5.74727
-5.50209
-5.25726
-5.01362
-4.77202
-4.53324
-4.29803
-4.06709
-3.84104
-3.62047
-3.40587
-3.19768
-2.99627
-2.80194
-2.61491
-2.43535
-2.26337
-2.09901
-1.94226
-1.79305
-1.65129
-1.51681
-1.38943
-1.26894
-1.15509
-1.04761
-0.946217
-0.850608
-0.760464
-0.675455
-0.595231
-0.519446
-0.447689
-0.379659
-0.314666
-0.253012
-0.192134
-0.137321
-0.0723314
-0.0421457
-10.0185
-10.0301
-10.0409
-10.0509
-10.0601
-10.0685
-10.0762
-10.0831
-10.0895
-10.0954
-10.101
-10.1064
-10.1117
-10.117
-10.1224
-10.1279
-10.1336
-10.1393
-10.145
-10.1504
-10.1554
-10.1596
-10.1626
-10.1642
-10.1638
-10.161
-10.1552
-10.1461
-10.133
-10.1155
-10.0929
-10.0649
-10.0309
-9.99037
-9.94286
-9.88793
-9.82514
-9.7541
-9.67446
-9.58591
-9.48818
-9.38106
-9.26438
-9.13806
-9.00204
-8.85637
-8.70112
-8.53648
-8.36267
-8.18001
-7.98888
-7.78974
-7.58309
-7.36955
-7.14973
-6.92437
-6.69419
-6.46
-6.22261
-5.98286
-5.74163
-5.49975
-5.25809
-5.01748
-4.77873
-4.54261
-4.30985
-4.08114
-3.85709
-3.63827
-3.42519
-3.21828
-3.01791
-2.82439
-2.63795
-2.45878
-2.28698
-2.12261
-1.96568
-1.81613
-1.67388
-1.5388
-1.4107
-1.28939
-1.17463
-1.06617
-0.963734
-0.867025
-0.775733
-0.689534
-0.608085
-0.531041
-0.457997
-0.388648
-0.322328
-0.259287
-0.197117
-0.140729
-0.0748464
-0.0420962
-10.0067
-10.0178
-10.0282
-10.0378
-10.0467
-10.0549
-10.0623
-10.0691
-10.0754
-10.0811
-10.0865
-10.0916
-10.0965
-10.1013
-10.106
-10.1107
-10.1154
-10.1199
-10.1242
-10.1281
-10.1314
-10.1337
-10.1348
-10.1342
-10.1317
-10.1267
-10.1188
-10.1075
-10.0923
-10.0727
-10.0483
-10.0184
-9.98274
-9.94071
-9.89189
-9.83584
-9.77216
-9.70046
-9.6204
-9.53169
-9.43406
-9.32731
-9.21128
-9.08588
-8.95106
-8.80684
-8.65332
-8.49066
-8.31908
-8.13887
-7.95041
-7.75411
-7.55049
-7.34011
-7.12358
-6.90158
-6.67483
-6.44409
-6.21015
-5.97382
-5.73594
-5.49732
-5.2588
-5.02118
-4.78525
-4.55177
-4.32144
-4.09494
-3.87288
-3.65582
-3.44425
-3.23863
-3.03931
-2.84661
-2.66077
-2.48199
-2.31038
-2.14602
-1.98893
-1.83906
-1.69635
-1.56067
-1.43186
-1.30974
-1.19409
-1.08466
-0.981186
-0.883384
-0.79095
-0.703567
-0.620896
-0.542595
-0.468267
-0.397601
-0.329954
-0.26553
-0.202058
-0.144118
-0.0772527
-0.0421904
-9.99518
-10.0057
-10.0156
-10.0249
-10.0334
-10.0413
-10.0485
-10.0551
-10.0611
-10.0666
-10.0717
-10.0765
-10.0809
-10.0852
-10.0892
-10.0931
-10.0968
-10.1001
-10.1031
-10.1055
-10.1071
-10.1076
-10.1068
-10.1043
-10.0997
-10.0926
-10.0826
-10.0692
-10.052
-10.0304
-10.0041
-9.97254
-9.93524
-9.89176
-9.84167
-9.78454
-9.71999
-9.64765
-9.56719
-9.47833
-9.3808
-9.27442
-9.15902
-9.03452
-8.90086
-8.75808
-8.60626
-8.44553
-8.27613
-8.09832
-7.91247
-7.71897
-7.51831
-7.31103
-7.09772
-6.87903
-6.65564
-6.4283
-6.19775
-5.96478
-5.7302
-5.49479
-5.25936
-5.0247
-4.79156
-4.56069
-4.33278
-4.10847
-3.88839
-3.67308
-3.46303
-3.25869
-3.06043
-2.86856
-2.68333
-2.50495
-2.33355
-2.16921
-2.01197
-1.8618
-1.71864
-1.58238
-1.45288
-1.32997
-1.21343
-1.10304
-0.998544
-0.899657
-0.806089
-0.717528
-0.633641
-0.55409
-0.478481
-0.406502
-0.337532
-0.27173
-0.206951
-0.147483
-0.0795595
-0.0424059
-9.98376
-9.9938
-10.0032
-10.0121
-10.0203
-10.0278
-10.0347
-10.041
-10.0468
-10.052
-10.0568
-10.0611
-10.0651
-10.0688
-10.0721
-10.0751
-10.0778
-10.08
-10.0817
-10.0826
-10.0826
-10.0814
-10.0788
-10.0744
-10.0678
-10.0587
-10.0467
-10.0313
-10.0121
-9.98871
-9.96059
-9.92732
-9.88846
-9.84358
-9.79226
-9.73409
-9.6687
-9.59575
-9.5149
-9.42589
-9.32847
-9.22245
-9.10767
-8.98405
-8.85154
-8.71016
-8.55998
-8.40116
-8.23388
-8.05842
-7.87512
-7.68435
-7.48659
-7.28235
-7.07219
-6.85674
-6.63666
-6.41264
-6.18542
-5.95576
-5.72442
-5.49217
-5.2598
-5.02805
-4.79767
-4.56937
-4.34384
-4.12172
-3.9036
-3.69003
-3.48149
-3.27844
-3.08123
-2.89019
-2.70559
-2.52763
-2.35645
-2.19215
-2.03477
-1.8843
-1.74071
-1.60389
-1.47372
-1.35003
-1.23262
-1.12129
-1.01577
-0.915816
-0.821124
-0.731394
-0.646299
-0.565504
-0.488622
-0.415337
-0.345047
-0.277876
-0.211787
-0.150817
-0.0817778
-0.042718
-9.97247
-9.98202
-9.991
-9.9994
-10.0072
-10.0144
-10.021
-10.027
-10.0324
-10.0373
-10.0417
-10.0456
-10.0491
-10.0521
-10.0547
-10.0569
-10.0586
-10.0596
-10.06
-10.0595
-10.058
-10.0552
-10.0508
-10.0445
-10.0361
-10.0251
-10.0111
-9.99386
-9.9728
-9.94757
-9.91772
-9.88283
-9.84247
-9.79624
-9.74374
-9.68457
-9.61837
-9.54482
-9.46361
-9.37446
-9.27715
-9.17147
-9.0573
-8.93454
-8.80315
-8.66313
-8.51457
-8.35759
-8.19239
-8.01923
-7.83841
-7.65032
-7.45539
-7.25412
-7.04704
-6.83476
-6.6179
-6.39715
-6.1732
-5.94677
-5.71861
-5.48947
-5.26009
-5.03121
-4.80355
-4.5778
-4.35463
-4.13466
-3.91849
-3.70664
-3.49961
-3.29783
-3.10168
-2.91149
-2.72751
-2.54997
-2.37903
-2.21478
-2.05728
-1.90654
-1.76253
-1.62517
-1.49433
-1.36988
-1.25163
-1.13936
-1.03285
-0.931828
-0.836024
-0.745137
-0.658844
-0.576816
-0.498669
-0.424088
-0.352487
-0.283958
-0.216557
-0.154113
-0.0839174
-0.0431013
-9.96132
-9.97038
-9.97891
-9.98688
-9.99429
-10.0011
-10.0074
-10.013
-10.0181
-10.0226
-10.0265
-10.0299
-10.0329
-10.0353
-10.0371
-10.0384
-10.0391
-10.0391
-10.0382
-10.0364
-10.0334
-10.029
-10.0229
-10.0149
-10.0047
-9.99183
-9.97604
-9.95692
-9.93407
-9.9071
-9.87559
-9.83914
-9.79735
-9.74983
-9.69618
-9.63605
-9.56908
-9.49496
-9.41339
-9.32411
-9.2269
-9.12158
-9.008
-8.88608
-8.75576
-8.61708
-8.47008
-8.31491
-8.15173
-7.9808
-7.80241
-7.61692
-7.42475
-7.22637
-7.0223
-6.81312
-6.59942
-6.38185
-6.16109
-5.93783
-5.7128
-5.4867
-5.26027
-5.0342
-4.80921
-4.58597
-4.36512
-4.14728
-3.93303
-3.72289
-3.51736
-3.31685
-3.12176
-2.9324
-2.74906
-2.57195
-2.40125
-2.23706
-2.07946
-1.92847
-1.78406
-1.64616
-1.51469
-1.38949
-1.2704
-1.15722
-1.04972
-0.947659
-0.850759
-0.758728
-0.671251
-0.588001
-0.508602
-0.432736
-0.359834
-0.28996
-0.221253
-0.157362
-0.0859849
-0.0435324
-9.95032
-9.9589
-9.96697
-9.97451
-9.98151
-9.98794
-9.99379
-9.99905
-10.0037
-10.0078
-10.0113
-10.0142
-10.0165
-10.0183
-10.0194
-10.0198
-10.0196
-10.0184
-10.0164
-10.0132
-10.0088
-10.0029
-9.9952
-9.98554
-9.97358
-9.95899
-9.94144
-9.92057
-9.89601
-9.86738
-9.83428
-9.79635
-9.75318
-9.70441
-9.64968
-9.58862
-9.52091
-9.44624
-9.36433
-9.27494
-9.17783
-9.07285
-8.95984
-8.83873
-8.70947
-8.57208
-8.42661
-8.27318
-8.11197
-7.9432
-7.76717
-7.58421
-7.39473
-7.19917
-6.99803
-6.79186
-6.58123
-6.36677
-6.14913
-5.92897
-5.70699
-5.48387
-5.26032
-5.03702
-4.81464
-4.59386
-4.3753
-4.15956
-3.94721
-3.73876
-3.5347
-3.33546
-3.14141
-2.9529
-2.77019
-2.59353
-2.42307
-2.25896
-2.10127
-1.95003
-1.80524
-1.66684
-1.53474
-1.40881
-1.2889
-1.17483
-1.06636
-0.963275
-0.865294
-0.772136
-0.683491
-0.599034
-0.518398
-0.441261
-0.367071
-0.295869
-0.225863
-0.160554
-0.0879843
-0.0439908
-9.93947
-9.94758
-9.95521
-9.96231
-9.96888
-9.9749
-9.98035
-9.9852
-9.98944
-9.99307
-9.99608
-9.99846
-10.0002
-10.0013
-10.0016
-10.0012
-9.99996
-9.99779
-9.99456
-9.99014
-9.98434
-9.97696
-9.96777
-9.95651
-9.94291
-9.92666
-9.90744
-9.8849
-9.85871
-9.82849
-9.79388
-9.75452
-9.71004
-9.66009
-9.60431
-9.54237
-9.47395
-9.39876
-9.31653
-9.22702
-9.13002
-9.02536
-8.91292
-8.7926
-8.66436
-8.52821
-8.38422
-8.23248
-8.07317
-7.90651
-7.73276
-7.55226
-7.36539
-7.17256
-6.97427
-6.77103
-6.56339
-6.35196
-6.13735
-5.92021
-5.70121
-5.481
-5.26026
-5.03966
-4.81985
-4.60148
-4.38517
-4.17149
-3.961
-3.75422
-3.55161
-3.35362
-3.16062
-2.97294
-2.79087
-2.61465
-2.44445
-2.28042
-2.12266
-1.97119
-1.82603
-1.68714
-1.55443
-1.4278
-1.3071
-1.19214
-1.08273
-0.978637
-0.879595
-0.785329
-0.695533
-0.609889
-0.528032
-0.449642
-0.37418
-0.301668
-0.230376
-0.163678
-0.089916
-0.0444592
-9.92878
-9.93644
-9.94362
-9.95029
-9.95644
-9.96203
-9.96705
-9.97147
-9.97527
-9.97843
-9.98093
-9.98276
-9.98388
-9.98426
-9.98386
-9.98261
-9.98043
-9.97722
-9.97287
-9.96722
-9.96011
-9.95134
-9.94069
-9.92792
-9.91276
-9.89493
-9.87411
-9.84999
-9.82224
-9.79052
-9.75447
-9.71376
-9.66803
-9.61694
-9.56017
-9.49739
-9.42829
-9.35261
-9.27007
-9.18046
-9.08356
-8.97922
-8.86732
-8.74776
-8.62051
-8.48557
-8.343
-8.1929
-8.03543
-7.8708
-7.69926
-7.52114
-7.33678
-7.14661
-6.95107
-6.75067
-6.54594
-6.33744
-6.12579
-5.91158
-5.69547
-5.47809
-5.2601
-5.04213
-4.82483
-4.60882
-4.3947
-4.18304
-3.97438
-3.76924
-3.56807
-3.37131
-3.17934
-2.99249
-2.81105
-2.63527
-2.46534
-2.30141
-2.14358
-1.9919
-1.84638
-1.70702
-1.57373
-1.44641
-1.32493
-1.20912
-1.09879
-0.993707
-0.893625
-0.798272
-0.707347
-0.620536
-0.537478
-0.457857
-0.381143
-0.307342
-0.234779
-0.166722
-0.0917775
-0.0449244
-9.91828
-9.9255
-9.93224
-9.93847
-9.94419
-9.94936
-9.95394
-9.95792
-9.96125
-9.96393
-9.96591
-9.96717
-9.96767
-9.96737
-9.96621
-9.96413
-9.96103
-9.95682
-9.95138
-9.94456
-9.9362
-9.92611
-9.91408
-9.89987
-9.88323
-9.86389
-9.84156
-9.81595
-9.78672
-9.75357
-9.71616
-9.67416
-9.62724
-9.57508
-9.51736
-9.45377
-9.38404
-9.30788
-9.22506
-9.13534
-9.03855
-8.93452
-8.82314
-8.70432
-8.57801
-8.44424
-8.30304
-8.15452
-7.99882
-7.83614
-7.66674
-7.49091
-7.30899
-7.12137
-6.9285
-6.73084
-6.52892
-6.32327
-6.11447
-5.90311
-5.68981
-5.47518
-5.25985
-5.04445
-4.8296
-4.61588
-4.4039
-4.19422
-3.98735
-3.78381
-3.58405
-3.3885
-3.19754
-3.01151
-2.8307
-2.65536
-2.4857
-2.32187
-2.16398
-2.0121
-1.86625
-1.72643
-1.59257
-1.46459
-1.34236
-1.22572
-1.11449
-1.00844
-0.907347
-0.81093
-0.7189
-0.630946
-0.546712
-0.465882
-0.387938
-0.312873
-0.239058
-0.169675
-0.0935628
-0.0453768
-9.90801
-9.91479
-9.9211
-9.9269
-9.93219
-9.93692
-9.94107
-9.94459
-9.94746
-9.94963
-9.95108
-9.95177
-9.95165
-9.95067
-9.94877
-9.94587
-9.94188
-9.93671
-9.93022
-9.92228
-9.91272
-9.90137
-9.88802
-9.87245
-9.85441
-9.83365
-9.8099
-9.78286
-9.75225
-9.71774
-9.67904
-9.63582
-9.58778
-9.5346
-9.47598
-9.41164
-9.3413
-9.26469
-9.1816
-9.09179
-8.9951
-8.89137
-8.78049
-8.66237
-8.53697
-8.40431
-8.26443
-8.11742
-7.96342
-7.80263
-7.63528
-7.46165
-7.28207
-7.09692
-6.90661
-6.7116
-6.51238
-6.30948
-6.10344
-5.89483
-5.68424
-5.47228
-5.25954
-5.04663
-4.83414
-4.62266
-4.41277
-4.205
-3.99988
-3.7979
-3.59952
-3.40515
-3.21519
-3.02996
-2.84977
-2.67487
-2.50548
-2.34175
-2.18382
-2.03175
-1.88558
-1.74532
-1.61092
-1.4823
-1.35934
-1.24189
-1.12978
-1.02281
-0.920719
-0.823267
-0.73016
-0.641089
-0.555706
-0.473695
-0.394547
-0.318244
-0.243199
-0.172524
-0.0952623
-0.0458118
-9.89794
-9.9043
-9.91019
-9.91558
-9.92044
-9.92475
-9.92846
-9.93152
-9.93392
-9.93559
-9.93652
-9.93663
-9.9359
-9.93424
-9.93161
-9.92792
-9.92307
-9.91697
-9.90948
-9.90047
-9.88978
-9.87723
-9.86264
-9.84578
-9.82642
-9.80432
-9.77922
-9.75085
-9.71892
-9.68314
-9.64322
-9.59886
-9.54975
-9.49561
-9.43615
-9.37109
-9.30017
-9.22315
-9.1398
-9.04991
-8.95332
-8.84987
-8.73946
-8.62202
-8.49749
-8.3659
-8.22727
-8.08171
-7.92934
-7.77035
-7.60495
-7.43343
-7.2561
-7.07331
-6.88547
-6.693
-6.49639
-6.29612
-6.09274
-5.88678
-5.67882
-5.46942
-5.25918
-5.04867
-4.83848
-4.62917
-4.42129
-4.21539
-4.01196
-3.8115
-3.61446
-3.42125
-3.23225
-3.04781
-2.86823
-2.69376
-2.52463
-2.36102
-2.20304
-2.0508
-1.90433
-1.76365
-1.62872
-1.49948
-1.37581
-1.25759
-1.14463
-1.03675
-0.933703
-0.835245
-0.74109
-0.650934
-0.564432
-0.48127
-0.400948
-0.323438
-0.247187
-0.175259
-0.0968621
-0.0462306
-9.8882
-9.89416
-9.89964
-9.90461
-9.90905
-9.91293
-9.9162
-9.91882
-9.92074
-9.92192
-9.92231
-9.92186
-9.92051
-9.9182
-9.91486
-9.9104
-9.90472
-9.89773
-9.88928
-9.87926
-9.86749
-9.85382
-9.83805
-9.81997
-9.79938
-9.77602
-9.74966
-9.72003
-9.68687
-9.6499
-9.60883
-9.56339
-9.51328
-9.45824
-9.39798
-9.33225
-9.26079
-9.18337
-9.09978
-9.00981
-8.91331
-8.81014
-8.70019
-8.58338
-8.45968
-8.3291
-8.19167
-8.04748
-7.89666
-7.73938
-7.57586
-7.40635
-7.23116
-7.05063
-6.86514
-6.67511
-6.48099
-6.28326
-6.08242
-5.87901
-5.67357
-5.46665
-5.25881
-5.05062
-4.84264
-4.63541
-4.42949
-4.22538
-4.0236
-3.82461
-3.62886
-3.43676
-3.24871
-3.06503
-2.88604
-2.71199
-2.54313
-2.37962
-2.22161
-2.06919
-1.92244
-1.78135
-1.64592
-1.51608
-1.39174
-1.27276
-1.15899
-1.05023
-0.946258
-0.846827
-0.751658
-0.660451
-0.572863
-0.488585
-0.407121
-0.328439
-0.251009
-0.177866
-0.0983429
-0.0466424
-9.87863
-9.88422
-9.88932
-9.8939
-9.89795
-9.90142
-9.90427
-9.90645
-9.90791
-9.90861
-9.90849
-9.90749
-9.90556
-9.90262
-9.89859
-9.8934
-9.88693
-9.87909
-9.86974
-9.85876
-9.84598
-9.83125
-9.81437
-9.79516
-9.77341
-9.74888
-9.72134
-9.69054
-9.65622
-9.61813
-9.576
-9.52954
-9.47851
-9.42262
-9.36162
-9.29525
-9.22328
-9.14549
-9.06167
-8.97163
-8.87522
-8.77231
-8.66278
-8.54658
-8.42366
-8.29403
-8.15774
-8.01485
-7.8655
-7.70985
-7.5481
-7.38051
-7.20735
-7.02897
-6.84572
-6.65801
-6.46627
-6.27096
-6.07256
-5.87158
-5.66855
-5.46399
-5.25846
-5.05249
-4.84663
-4.64142
-4.43737
-4.23499
-4.03478
-3.83721
-3.64271
-3.45169
-3.26454
-3.08159
-2.90317
-2.72953
-2.56091
-2.39751
-2.23947
-2.08689
-1.93986
-1.79839
-1.66247
-1.53206
-1.40706
-1.28736
-1.17281
-1.06321
-0.958342
-0.857974
-0.761829
-0.669607
-0.580973
-0.495617
-0.413048
-0.333231
-0.254649
-0.180337
-0.0996793
-0.0470692
-9.8697
-9.8749
-9.87961
-9.8838
-9.88745
-9.89051
-9.89293
-9.89467
-9.89567
-9.89589
-9.89526
-9.89372
-9.89121
-9.88765
-9.88297
-9.87707
-9.86985
-9.8612
-9.851
-9.83911
-9.82538
-9.80966
-9.79176
-9.77149
-9.74865
-9.72303
-9.69439
-9.6625
-9.62712
-9.58799
-9.54485
-9.49746
-9.44556
-9.38888
-9.32718
-9.26023
-9.18779
-9.10965
-9.02561
-8.93551
-8.83918
-8.7365
-8.62738
-8.51174
-8.38956
-8.26083
-8.1256
-7.98394
-7.83598
-7.68186
-7.52179
-7.356
-7.18478
-7.00843
-6.82731
-6.6418
-6.45232
-6.2593
-6.06322
-5.86456
-5.66382
-5.46153
-5.25819
-5.05435
-4.85052
-4.64722
-4.44496
-4.24424
-4.04554
-3.84932
-3.65601
-3.46602
-3.27973
-3.09748
-2.9196
-2.74634
-2.57797
-2.41466
-2.25658
-2.10385
-1.95654
-1.8147
-1.67832
-1.54736
-1.42174
-1.30135
-1.18604
-1.07563
-0.969916
-0.868651
-0.77157
-0.678376
-0.588737
-0.502346
-0.418714
-0.337805
-0.2581
-0.182668
-0.10084
-0.0475525
-9.86062
-9.86553
-9.86992
-9.87379
-9.8771
-9.87981
-9.88187
-9.88322
-9.88381
-9.88359
-9.8825
-9.88047
-9.87743
-9.87331
-9.86801
-9.86146
-9.85354
-9.84414
-9.83315
-9.82043
-9.80583
-9.78919
-9.77034
-9.74909
-9.72526
-9.69862
-9.66897
-9.63608
-9.59971
-9.55962
-9.51557
-9.46731
-9.4146
-9.35719
-9.29485
-9.22735
-9.15447
-9.076
-8.99177
-8.9016
-8.80535
-8.7029
-8.59415
-8.47904
-8.35754
-8.22965
-8.09542
-7.95491
-7.80824
-7.65556
-7.49706
-7.33298
-7.16357
-6.98914
-6.81002
-6.62659
-6.43924
-6.24839
-6.05451
-5.85804
-5.65949
-5.45933
-5.25809
-5.05626
-4.85435
-4.65287
-4.45231
-4.25317
-4.0559
-3.86095
-3.66877
-3.47975
-3.29427
-3.11269
-2.9353
-2.76241
-2.59425
-2.43102
-2.2729
-2.12002
-1.97245
-1.83025
-1.69343
-1.56194
-1.43572
-1.31468
-1.19865
-1.08748
-0.980946
-0.878829
-0.780857
-0.686736
-0.59614
-0.508764
-0.424116
-0.342162
-0.261363
-0.184869
-0.101794
-0.0481675
-9.85299
-9.8575
-9.86152
-9.86499
-9.8679
-9.87021
-9.87185
-9.87278
-9.87293
-9.87225
-9.87068
-9.86815
-9.86458
-9.85989
-9.854
-9.84682
-9.83823
-9.82813
-9.8164
-9.8029
-9.78748
-9.76999
-9.75026
-9.72812
-9.70336
-9.6758
-9.64522
-9.61141
-9.57413
-9.53316
-9.48827
-9.43922
-9.38577
-9.32769
-9.26476
-9.19676
-9.12348
-9.04472
-8.96031
-8.87008
-8.7739
-8.67166
-8.56325
-8.44864
-8.32777
-8.20067
-8.06736
-7.92792
-7.78246
-7.63112
-7.4741
-7.3116
-7.14389
-6.97125
-6.79401
-6.61253
-6.42718
-6.23838
-6.04655
-5.85215
-5.65564
-5.45751
-5.25823
-5.0583
-4.8582
-4.65844
-4.45948
-4.26181
-4.06588
-3.87214
-3.68101
-3.49289
-3.30817
-3.12719
-2.95027
-2.7777
-2.60973
-2.44657
-2.2884
-2.13536
-1.98754
-1.845
-1.70775
-1.57576
-1.44899
-1.32732
-1.21062
-1.09872
-0.991419
-0.888501
-0.789689
-0.694691
-0.603189
-0.514885
-0.429277
-0.346332
-0.264471
-0.186975
-0.102522
-0.0490499
-9.84414
-9.84852
-9.85236
-9.85564
-9.85834
-9.86041
-9.8618
-9.86244
-9.86229
-9.86127
-9.85934
-9.8564
-9.8524
-9.84725
-9.84086
-9.83314
-9.82398
-9.81326
-9.80087
-9.78668
-9.77054
-9.75229
-9.73178
-9.70883
-9.68325
-9.65486
-9.62344
-9.5888
-9.5507
-9.50894
-9.46329
-9.41351
-9.3594
-9.30071
-9.23725
-9.16879
-9.09514
-9.01611
-8.93153
-8.84125
-8.74514
-8.64308
-8.535
-8.42083
-8.30055
-8.17416
-8.0417
-7.90325
-7.7589
-7.6088
-7.45313
-7.29211
-7.12596
-6.95499
-6.77949
-6.59981
-6.41633
-6.22942
-6.03951
-5.84704
-5.65244
-5.45618
-5.25873
-5.06057
-4.86217
-4.664
-4.46653
-4.27023
-4.07554
-3.88291
-3.69276
-3.50547
-3.32144
-3.14101
-2.96451
-2.79222
-2.62442
-2.46131
-2.30309
-2.14988
-2.00182
-1.85895
-1.7213
-1.58885
-1.46154
-1.33929
-1.22197
-1.10939
-1.00137
-0.897707
-0.798118
-0.702305
-0.609953
-0.520777
-0.434274
-0.350407
-0.267522
-0.18908
-0.103042
-0.0504311
-9.83873
-9.8426
-9.846
-9.84883
-9.85109
-9.85271
-9.85366
-9.85386
-9.85327
-9.8518
-9.84941
-9.846
-9.84152
-9.83586
-9.82895
-9.82067
-9.81094
-9.79963
-9.78661
-9.77177
-9.75496
-9.73602
-9.71479
-9.69111
-9.6648
-9.63566
-9.6035
-9.56812
-9.5293
-9.48684
-9.44051
-9.39011
-9.3354
-9.27619
-9.21226
-9.14341
-9.06944
-8.99018
-8.90547
-8.81516
-8.71912
-8.61725
-8.50946
-8.39571
-8.27597
-8.15024
-8.01857
-7.88101
-7.73768
-7.58872
-7.43429
-7.2746
-7.1099
-6.94045
-6.76654
-6.58853
-6.40675
-6.22159
-6.03345
-5.84274
-5.64991
-5.45539
-5.25964
-5.06311
-4.86627
-4.66959
-4.4735
-4.27848
-4.08496
-3.89336
-3.70411
-3.5176
-3.33422
-3.15431
-2.97819
-2.80618
-2.63853
-2.47547
-2.3172
-2.16385
-2.01556
-1.87239
-1.73437
-1.60148
-1.47367
-1.35087
-1.23296
-1.11975
-1.01105
-0.906661
-0.806325
-0.70975
-0.616599
-0.52658
-0.439209
-0.354476
-0.270621
-0.191269
-0.103325
-0.052468
-9.82955
-9.83362
-9.8371
-9.84
-9.84229
-9.84392
-9.84483
-9.84496
-9.84425
-9.84264
-9.84005
-9.83643
-9.83169
-9.82574
-9.81849
-9.80985
-9.79971
-9.78796
-9.77448
-9.75913
-9.74178
-9.72227
-9.70046
-9.67617
-9.64923
-9.61946
-9.58666
-9.55064
-9.51119
-9.46812
-9.4212
-9.37024
-9.31502
-9.25533
-9.19098
-9.12176
-9.04751
-8.96804
-8.8832
-8.79284
-8.69685
-8.59512
-8.48759
-8.37419
-8.25492
-8.12976
-7.99877
-7.86201
-7.71958
-7.57162
-7.4183
-7.25982
-7.09641
-6.92833
-6.75588
-6.57938
-6.39916
-6.21561
-6.02909
-5.84003
-5.64883
-5.45593
-5.26176
-5.06677
-4.87139
-4.67609
-4.4813
-4.28746
-4.095
-3.90436
-3.71593
-3.53011
-3.34729
-3.16781
-2.99201
-2.8202
-2.65263
-2.48955
-2.33116
-2.17762
-2.02905
-1.88552
-1.74708
-1.61373
-1.48542
-1.36205
-1.2435
-1.12966
-1.02031
-0.9152
-0.814085
-0.716741
-0.622843
-0.532022
-0.443771
-0.358169
-0.273422
-0.193246
-0.10317
-0.0545171
-9.82715
-9.83047
-9.83333
-9.83559
-9.83726
-9.83831
-9.83867
-9.83827
-9.83706
-9.83497
-9.83191
-9.82783
-9.82263
-9.81623
-9.80853
-9.79943
-9.78884
-9.77662
-9.76266
-9.74683
-9.72898
-9.70898
-9.68666
-9.66186
-9.63441
-9.60412
-9.57081
-9.53429
-9.49436
-9.45082
-9.40346
-9.35208
-9.29647
-9.23644
-9.1718
-9.10234
-9.0279
-8.94832
-8.86342
-8.7731
-8.67721
-8.57568
-8.46843
-8.3554
-8.2366
-8.11201
-7.98168
-7.84569
-7.70413
-7.55714
-7.40488
-7.24755
-7.08538
-6.91863
-6.74758
-6.57253
-6.39384
-6.21184
-6.02691
-5.83945
-5.64985
-5.45852
-5.26589
-5.07238
-4.87842
-4.68443
-4.49086
-4.29812
-4.10664
-3.91683
-3.72909
-3.54383
-3.3614
-3.18218
-3.00649
-2.83466
-2.66697
-2.50365
-2.3449
-2.19094
-2.04189
-1.89781
-1.75874
-1.62473
-1.49578
-1.37174
-1.25245
-1.13785
-1.02782
-0.922054
-0.820197
-0.722065
-0.627477
-0.536049
-0.447117
-0.360745
-0.275297
-0.194518
-0.103288
-0.0549878
-9.81829
-9.82234
-9.82574
-9.82853
-9.83067
-9.83211
-9.83279
-9.83266
-9.83165
-9.8297
-9.82674
-9.8227
-9.81749
-9.81104
-9.80324
-9.79401
-9.78323
-9.77079
-9.75658
-9.74046
-9.72229
-9.70194
-9.67925
-9.65406
-9.6262
-9.59549
-9.56175
-9.5248
-9.48444
-9.44048
-9.39271
-9.34095
-9.28499
-9.22464
-9.15971
-9.09002
-9.01539
-8.93567
-8.85071
-8.76038
-8.66456
-8.56317
-8.45614
-8.34341
-8.22498
-8.10085
-7.97106
-7.83568
-7.69482
-7.54859
-7.39717
-7.24074
-7.07952
-6.91377
-6.74375
-6.56978
-6.39217
-6.21126
-6.02742
-5.84102
-5.65245
-5.46211
-5.2704
-5.07775
-4.88457
-4.69129
-4.49831
-4.30608
-4.11501
-3.9255
-3.73798
-3.55284
-3.37047
-3.19123
-3.01547
-2.8435
-2.67565
-2.51215
-2.35319
-2.19898
-2.0497
-1.90541
-1.76611
-1.6318
-1.50256
-1.3783
-1.25878
-1.14383
-1.03341
-0.927342
-0.825203
-0.726659
-0.631562
-0.539695
-0.450407
-0.363576
-0.277674
-0.196213
-0.105958
-0.0531809
-9.81546
-9.81866
-9.82131
-9.82339
-9.82491
-9.8258
-9.82598
-9.8254
-9.82399
-9.82168
-9.81839
-9.81404
-9.80855
-9.80184
-9.79379
-9.78432
-9.7733
-9.76064
-9.74619
-9.72984
-9.71145
-9.69086
-9.66793
-9.64248
-9.61437
-9.58339
-9.54939
-9.51217
-9.47153
-9.42729
-9.37925
-9.32722
-9.27099
-9.21038
-9.14521
-9.07529
-9.00045
-8.92055
-8.83543
-8.74498
-8.64907
-8.54764
-8.44061
-8.32795
-8.20964
-8.0857
-7.95618
-7.82114
-7.68069
-7.53497
-7.38414
-7.2284
-7.06796
-6.90308
-6.73403
-6.56111
-6.38463
-6.20492
-6.02234
-5.83724
-5.65
-5.46101
-5.27064
-5.0793
-4.88738
-4.69529
-4.50342
-4.31219
-4.122
-3.93326
-3.74637
-3.56173
-3.37972
-3.20073
-3.0251
-2.85316
-2.68523
-2.52158
-2.36242
-2.20794
-2.0583
-1.91364
-1.77397
-1.63927
-1.50956
-1.38481
-1.26486
-1.1495
-1.03859
-0.931996
-0.829424
-0.730502
-0.634957
-0.542596
-0.45292
-0.365759
-0.279711
-0.197599
-0.109586
-0.0494084
-9.81683
-9.82036
-9.82332
-9.82564
-9.82732
-9.82829
-9.82851
-9.82792
-9.82645
-9.82403
-9.82059
-9.81606
-9.81036
-9.80339
-9.79506
-9.78527
-9.77393
-9.7609
-9.74607
-9.72932
-9.71051
-9.68949
-9.66612
-9.64023
-9.61166
-9.58025
-9.54581
-9.50816
-9.46712
-9.42249
-9.3741
-9.32174
-9.26524
-9.2044
-9.13904
-9.06899
-8.9941
-8.9142
-8.82916
-8.73885
-8.64318
-8.54206
-8.43542
-8.32324
-8.20549
-8.08219
-7.95338
-7.81915
-7.67957
-7.5348
-7.38498
-7.23029
-7.07097
-6.90723
-6.73935
-6.56761
-6.3923
-6.21376
-6.03231
-5.8483
-5.66209
-5.47404
-5.28453
-5.09394
-4.90265
-4.71105
-4.51955
-4.32853
-4.13841
-3.94959
-3.76247
-3.57746
-3.39496
-3.21536
-3.03902
-2.86629
-2.6975
-2.53296
-2.3729
-2.2175
-2.06697
-1.92145
-1.78097
-1.6455
-1.51507
-1.38966
-1.26913
-1.15322
-1.04181
-0.934778
-0.831822
-0.732543
-0.636656
-0.543993
-0.45407
-0.366706
-0.280545
-0.198413
-0.111878
-0.0456118
-10.5082
-10.508
-10.51
-10.5138
-10.518
-10.5218
-10.5247
-10.5268
-10.5285
-10.5301
-10.5318
-10.5337
-10.536
-10.5391
-10.5433
-10.5493
-10.5585
-10.5722
-10.5918
-10.6183
-10.6524
-10.6936
-10.7412
-10.7933
-10.8478
-10.9026
-10.9553
-11.0039
-11.0466
-11.0818
-11.1084
-11.1251
-11.1312
-11.1258
-11.1082
-11.0775
-11.0333
-10.9749
-10.9017
-10.8133
-10.7097
-10.5911
-10.4574
-10.3062
-10.1371
-9.95125
-9.74902
-9.53091
-9.29742
-9.04916
-8.78688
-8.51151
-8.22409
-7.92584
-7.61809
-7.30229
-6.97999
-6.65284
-6.32251
-5.99074
-5.65925
-5.32975
-5.00391
-4.68333
-4.3695
-4.06381
-3.76752
-3.48174
-3.2074
-2.94528
-2.69605
-2.46019
-2.23693
-2.0259
-1.82814
-1.6441
-1.47349
-1.31582
-1.17054
-1.03704
-0.914694
-0.802833
-0.700794
-0.607913
-0.523538
-0.447038
-0.377809
-0.315284
-0.258938
-0.208292
-0.162923
-0.122466
-0.0866345
-0.0552005
-0.0281656
-0.00531318
0.0117813
0.0260548
0.0207168
0.0436875
-10.5115
-10.5127
-10.5154
-10.5189
-10.5225
-10.5253
-10.5272
-10.5279
-10.5276
-10.5269
-10.5261
-10.5258
-10.5264
-10.5282
-10.5314
-10.5365
-10.5449
-10.5588
-10.58
-10.6098
-10.6484
-10.6952
-10.7482
-10.8052
-10.8635
-10.9207
-10.9745
-11.0233
-11.0655
-11.0999
-11.1257
-11.1421
-11.1482
-11.1434
-11.127
-11.0982
-11.0564
-11.0008
-10.9308
-10.8457
-10.7449
-10.6273
-10.4924
-10.3415
-10.1757
-9.99424
-9.79702
-9.58416
-9.35602
-9.11312
-8.85615
-8.58596
-8.30357
-8.01013
-7.70692
-7.39535
-7.07694
-6.75326
-6.42597
-6.09676
-5.76732
-5.43935
-5.11449
-4.79431
-4.48028
-4.1738
-3.87615
-3.58844
-3.3116
-3.04635
-2.7933
-2.55292
-2.32681
-2.11554
-1.91755
-1.73249
-1.56029
-1.40059
-1.25295
-1.11684
-0.991692
-0.876909
-0.771872
-0.675958
-0.588547
-0.509039
-0.436853
-0.371442
-0.312299
-0.258958
-0.211006
-0.168086
-0.129918
-0.096272
-0.0671443
-0.0422586
-0.023124
-0.00611295
-0.00753041
0.0296656
-10.5107
-10.5138
-10.5169
-10.5198
-10.5221
-10.5235
-10.524
-10.5238
-10.5229
-10.5218
-10.5208
-10.5203
-10.521
-10.5239
-10.5303
-10.5413
-10.5581
-10.5814
-10.612
-10.6496
-10.6934
-10.7421
-10.7939
-10.8471
-10.8999
-10.9505
-10.9978
-11.0403
-11.0771
-11.107
-11.1294
-11.1432
-11.1476
-11.1419
-11.1252
-11.0966
-11.0555
-11.0011
-10.9328
-10.8498
-10.7518
-10.638
-10.5079
-10.3617
-10.1996
-10.0218
-9.82813
-9.61888
-9.39439
-9.15517
-8.90189
-8.63538
-8.35663
-8.06676
-7.76704
-7.45886
-7.14368
-6.82309
-6.4987
-6.17218
-5.84523
-5.51952
-5.1967
-4.87839
-4.56611
-4.26119
-3.96487
-3.67825
-3.40228
-3.13779
-2.88543
-2.64562
-2.41879
-2.20494
-2.00375
-1.81536
-1.6398
-1.47675
-1.32578
-1.18641
-1.05806
-0.940149
-0.832061
-0.733179
-0.64289
-0.560596
-0.485722
-0.417727
-0.356102
-0.300386
-0.250164
-0.205074
-0.16483
-0.129177
-0.0980845
-0.0711322
-0.0497669
-0.0292054
-0.0265044
0.0248439
-10.5028
-10.5077
-10.5119
-10.5149
-10.5169
-10.518
-10.5184
-10.5182
-10.5177
-10.5173
-10.5175
-10.5188
-10.5221
-10.5285
-10.5391
-10.555
-10.5768
-10.6048
-10.6391
-10.6791
-10.7238
-10.7719
-10.8222
-10.8732
-10.9235
-10.9718
-11.0168
-11.0576
-11.0929
-11.1219
-11.1436
-11.1571
-11.1616
-11.156
-11.1397
-11.1117
-11.0712
-11.0174
-10.9496
-10.8672
-10.7696
-10.6564
-10.5274
-10.3824
-10.2216
-10.0449
-9.85236
-9.6442
-9.42079
-9.18263
-8.9304
-8.66492
-8.38718
-8.0983
-7.79956
-7.49232
-7.17807
-6.85839
-6.53492
-6.20932
-5.88325
-5.5584
-5.23638
-4.91873
-4.60693
-4.30239
-4.00637
-3.71999
-3.44421
-3.17984
-2.92751
-2.68765
-2.46047
-2.246
-2.04423
-1.85528
-1.67905
-1.51523
-1.36341
-1.22309
-1.09375
-0.974777
-0.865585
-0.76556
-0.674099
-0.590612
-0.514531
-0.44532
-0.382477
-0.325543
-0.274104
-0.227796
-0.186319
-0.149396
-0.116948
-0.0884298
-0.0651565
-0.0416452
-0.035196
0.0248136
-10.4897
-10.4968
-10.5033
-10.5072
-10.5095
-10.5109
-10.5118
-10.5122
-10.5126
-10.5132
-10.5147
-10.5178
-10.5232
-10.5321
-10.5454
-10.5639
-10.5883
-10.6186
-10.6547
-10.6959
-10.7412
-10.7896
-10.8397
-10.8902
-10.9398
-10.9873
-11.0316
-11.0717
-11.1066
-11.1352
-11.1567
-11.1701
-11.1745
-11.1689
-11.1526
-11.1247
-11.0842
-11.0304
-10.9627
-10.8803
-10.7828
-10.6698
-10.541
-10.3964
-10.2359
-10.0594
-9.86704
-9.65909
-9.43588
-9.19794
-8.94595
-8.68076
-8.40335
-8.11484
-7.81649
-7.50967
-7.19588
-6.87668
-6.55368
-6.22854
-5.90296
-5.57861
-5.2571
-4.93999
-4.62877
-4.32482
-4.02937
-3.74353
-3.46826
-3.20432
-2.95235
-2.71276
-2.48582
-2.27161
-2.07013
-1.88137
-1.7052
-1.54132
-1.38931
-1.24871
-1.11896
-0.999507
-0.889749
-0.789086
-0.696925
-0.612684
-0.535804
-0.465754
-0.402039
-0.344201
-0.291829
-0.244552
-0.202059
-0.164045
-0.130388
-0.100439
-0.0754082
-0.0494167
-0.0398962
0.0243459
-10.4761
-10.4855
-10.4947
-10.4998
-10.5027
-10.5046
-10.5061
-10.5073
-10.5084
-10.5099
-10.5123
-10.5163
-10.5229
-10.533
-10.5476
-10.5675
-10.5932
-10.6247
-10.6618
-10.7037
-10.7494
-10.798
-10.8481
-10.8985
-10.948
-10.9954
-11.0396
-11.0796
-11.1144
-11.1429
-11.1643
-11.1776
-11.1819
-11.1762
-11.1596
-11.1314
-11.0906
-11.0365
-10.9684
-10.8857
-10.7879
-10.6746
-10.5457
-10.4009
-10.2402
-10.0635
-9.87108
-9.66305
-9.43982
-9.20192
-8.95002
-8.68498
-8.40778
-8.11956
-7.82157
-7.51521
-7.20195
-6.88335
-6.56105
-6.23669
-5.91195
-5.58849
-5.26793
-4.95181
-4.64161
-4.33869
-4.04426
-3.75941
-3.48509
-3.22204
-2.97087
-2.73201
-2.50571
-2.29207
-2.09109
-1.90273
-1.72682
-1.56307
-1.41107
-1.27035
-1.14038
-1.02059
-0.910411
-0.809245
-0.716507
-0.631625
-0.554047
-0.48325
-0.418743
-0.360073
-0.306826
-0.258629
-0.215155
-0.17608
-0.141233
-0.109908
-0.0831947
-0.0551439
-0.0428636
0.0224195
-10.4657
-10.477
-10.4887
-10.4947
-10.4981
-10.5006
-10.5026
-10.5042
-10.5057
-10.5075
-10.5101
-10.5143
-10.521
-10.5312
-10.546
-10.5661
-10.592
-10.6237
-10.6608
-10.7028
-10.7486
-10.7973
-10.8474
-10.8979
-10.9475
-10.995
-11.0393
-11.0794
-11.1141
-11.1426
-11.1638
-11.1768
-11.1807
-11.1746
-11.1575
-11.1287
-11.0873
-11.0326
-10.964
-10.8807
-10.7824
-10.6687
-10.5393
-10.3941
-10.2331
-10.0562
-9.86355
-9.65541
-9.43215
-9.19432
-8.94262
-8.67788
-8.4011
-8.11342
-7.8161
-7.51052
-7.19815
-6.88056
-6.55936
-6.23621
-5.91276
-5.59066
-5.27151
-4.95685
-4.64812
-4.34666
-4.05368
-3.77024
-3.49726
-3.23548
-2.98548
-2.74768
-2.52231
-2.3095
-2.10923
-1.92145
-1.74597
-1.58249
-1.43062
-1.2899
-1.1598
-1.03977
-0.929246
-0.827639
-0.734376
-0.648896
-0.570656
-0.49914
-0.433863
-0.374375
-0.320263
-0.27115
-0.226695
-0.186559
-0.150521
-0.117868
-0.0895095
-0.059794
-0.0447121
0.0191133
-10.4599
-10.4734
-10.4867
-10.4929
-10.4966
-10.4993
-10.5015
-10.5031
-10.5045
-10.5058
-10.5077
-10.511
-10.5168
-10.526
-10.5398
-10.559
-10.584
-10.6149
-10.6515
-10.693
-10.7386
-10.7871
-10.8373
-10.8878
-10.9375
-10.985
-11.0293
-11.0692
-11.1037
-11.1318
-11.1525
-11.165
-11.1683
-11.1615
-11.1437
-11.1142
-11.0721
-11.0168
-10.9475
-10.8636
-10.7648
-10.6506
-10.5208
-10.3753
-10.2141
-10.0371
-9.84438
-9.63633
-9.4133
-9.17584
-8.92463
-8.66054
-8.38456
-8.09782
-7.80158
-7.49722
-7.18621
-6.8701
-6.55049
-6.22903
-5.90736
-5.58711
-5.26985
-4.9571
-4.65029
-4.35073
-4.0596
-3.77795
-3.50666
-3.24646
-2.99791
-2.76141
-2.53721
-2.32542
-2.12602
-1.93893
-1.76398
-1.60087
-1.4492
-1.30853
-1.17834
-1.05809
-0.947234
-0.845193
-0.751406
-0.665324
-0.586412
-0.514165
-0.448103
-0.387781
-0.332786
-0.282737
-0.23728
-0.196072
-0.158832
-0.124893
-0.0948968
-0.063869
-0.0457427
0.0146591
-10.4597
-10.4756
-10.4891
-10.4948
-10.4982
-10.5008
-10.5027
-10.5038
-10.5042
-10.5041
-10.5041
-10.5053
-10.5087
-10.5156
-10.5272
-10.5444
-10.5677
-10.5973
-10.6329
-10.6738
-10.7189
-10.7671
-10.817
-10.8673
-10.9167
-10.9639
-11.0078
-11.0473
-11.0813
-11.1088
-11.129
-11.1408
-11.1433
-11.1358
-11.1174
-11.0872
-11.0445
-10.9886
-10.9187
-10.8344
-10.7351
-10.6207
-10.4907
-10.3452
-10.184
-10.0071
-9.81469
-9.60707
-9.38462
-9.14789
-8.89759
-8.63457
-8.35982
-8.07447
-7.77979
-7.47713
-7.16797
-6.85384
-6.53634
-6.21707
-5.89767
-5.57973
-5.26482
-4.95443
-4.64994
-4.35266
-4.06372
-3.78416
-3.51484
-3.25646
-3.00957
-2.77456
-2.55166
-2.34099
-2.14253
-1.9562
-1.78182
-1.61909
-1.46762
-1.32699
-1.19669
-1.0762
-0.96498
-0.86247
-0.768122
-0.681399
-0.601778
-0.528761
-0.461877
-0.400685
-0.344771
-0.293755
-0.247269
-0.204971
-0.166514
-0.131329
-0.0996871
-0.0676448
-0.0461587
0.00934218
-10.4664
-10.4836
-10.4958
-10.5002
-10.5029
-10.505
-10.506
-10.5055
-10.5036
-10.5006
-10.4974
-10.4952
-10.4952
-10.499
-10.5079
-10.5229
-10.5444
-10.5725
-10.607
-10.6469
-10.6912
-10.7387
-10.788
-10.8376
-10.8864
-10.9329
-10.9761
-11.0148
-11.0481
-11.0749
-11.0942
-11.1053
-11.1072
-11.099
-11.08
-11.0492
-11.006
-10.9495
-10.8793
-10.7947
-10.6953
-10.5807
-10.4509
-10.3055
-10.1446
-9.96817
-9.77639
-9.56955
-9.34804
-9.11244
-8.86344
-8.60191
-8.32883
-8.04534
-7.75267
-7.4522
-7.14536
-6.83368
-6.51874
-6.20211
-5.88542
-5.57022
-5.25805
-4.95037
-4.64854
-4.35383
-4.06735
-3.79011
-3.52295
-3.26654
-3.02144
-2.788
-2.56647
-2.35696
-2.15946
-1.97388
-1.80004
-1.63765
-1.48634
-1.3457
-1.21523
-1.09444
-0.982796
-0.879757
-0.78479
-0.697369
-0.616985
-0.543148
-0.475395
-0.41329
-0.356419
-0.304404
-0.256861
-0.213457
-0.173773
-0.137376
-0.104081
-0.0712599
-0.04612
0.00346561
-10.4805
-10.4971
-10.5062
-10.5086
-10.5103
-10.5109
-10.5097
-10.5064
-10.5012
-10.4947
-10.4878
-10.482
-10.4787
-10.4796
-10.4859
-10.4986
-10.5182
-10.5448
-10.5778
-10.6165
-10.6596
-10.7059
-10.754
-10.8026
-10.8502
-10.8956
-10.9377
-10.9754
-11.0077
-11.0335
-11.052
-11.0622
-11.0632
-11.0543
-11.0346
-11.0032
-10.9594
-10.9026
-10.832
-10.7472
-10.6478
-10.5334
-10.4037
-10.2588
-10.0984
-9.92271
-9.73183
-9.52606
-9.30583
-9.0717
-8.82437
-8.56471
-8.29369
-8.01244
-7.7222
-7.42431
-7.12021
-6.81138
-6.49938
-6.18577
-5.87213
-5.56
-5.25088
-4.94618
-4.64725
-4.35531
-4.07147
-3.79669
-3.53179
-3.27743
-3.03415
-2.80231
-2.58215
-2.37377
-2.17718
-1.99229
-1.81892
-1.6568
-1.50557
-1.36483
-1.23413
-1.11295
-1.00081
-0.897167
-0.801512
-0.713331
-0.632125
-0.557416
-0.488747
-0.425688
-0.367824
-0.31478
-0.266157
-0.221637
-0.180721
-0.143147
-0.108201
-0.074774
-0.0457712
-0.00268056
-10.5017
-10.5154
-10.5187
-10.5181
-10.5179
-10.5164
-10.5127
-10.5062
-10.4972
-10.4867
-10.4759
-10.4664
-10.46
-10.4582
-10.4622
-10.4731
-10.4912
-10.5164
-10.5481
-10.5855
-10.6273
-10.6723
-10.719
-10.7661
-10.8124
-10.8564
-10.8972
-10.9335
-10.9645
-10.989
-11.0063
-11.0154
-11.0154
-11.0055
-10.9849
-10.9527
-10.9083
-10.851
-10.7801
-10.6951
-10.5957
-10.4814
-10.3521
-10.2077
-10.048
-9.87321
-9.68343
-9.47896
-9.26025
-9.02786
-8.78249
-8.525
-8.25636
-7.97768
-7.69019
-7.39521
-7.09415
-6.78848
-6.47972
-6.16941
-5.85908
-5.55024
-5.24436
-4.94282
-4.64693
-4.35789
-4.07675
-3.80448
-3.54186
-3.28956
-3.04808
-2.81779
-2.59893
-2.39161
-2.19584
-2.01155
-1.83855
-1.6766
-1.52535
-1.38443
-1.25338
-1.13174
-1.01901
-0.914697
-0.818287
-0.729284
-0.647202
-0.571573
-0.501947
-0.437898
-0.379014
-0.324919
-0.275203
-0.229563
-0.187422
-0.1487
-0.112125
-0.0782032
-0.0452482
-0.00883595
-10.5335
-10.5351
-10.5288
-10.5275
-10.526
-10.5206
-10.5114
-10.4989
-10.4843
-10.4688
-10.4541
-10.4419
-10.4336
-10.4307
-10.4342
-10.4447
-10.4623
-10.4871
-10.5182
-10.5547
-10.5955
-10.6394
-10.6848
-10.7306
-10.7754
-10.8179
-10.8572
-10.892
-10.9214
-10.9445
-10.9603
-10.9679
-10.9666
-10.9555
-10.9338
-10.9007
-10.8556
-10.7976
-10.7263
-10.641
-10.5415
-10.4274
-10.2985
-10.1546
-9.9957
-9.82189
-9.63334
-9.43034
-9.21333
-8.98288
-8.73969
-8.48459
-8.21856
-7.94268
-7.65818
-7.36634
-7.06855
-6.76625
-6.46092
-6.15408
-5.84721
-5.5418
-5.23926
-4.94096
-4.64816
-4.36202
-4.0836
-3.8138
-3.55342
-3.3031
-3.06334
-2.83451
-2.61685
-2.41048
-2.21542
-2.0316
-1.85886
-1.69697
-1.5456
-1.40439
-1.27291
-1.15072
-1.03733
-0.932273
-0.835046
-0.745169
-0.662166
-0.585579
-0.514963
-0.4499
-0.389977
-0.33482
-0.284008
-0.237253
-0.193902
-0.154063
-0.115902
-0.0815398
-0.0446756
-0.0147781
-10.5538
-10.5575
-10.5432
-10.5362
-10.5221
-10.5033
-10.483
-10.4631
-10.4446
-10.4282
-10.4142
-10.4036
-10.3972
-10.396
-10.4009
-10.4125
-10.431
-10.456
-10.4871
-10.5234
-10.5636
-10.6066
-10.6511
-10.6957
-10.7392
-10.7803
-10.8181
-10.8513
-10.8792
-10.9007
-10.915
-10.9212
-10.9184
-10.906
-10.8831
-10.849
-10.8029
-10.7442
-10.6723
-10.5868
-10.4872
-10.3732
-10.2446
-10.1013
-9.94324
-9.77051
-9.58328
-9.38186
-9.16668
-8.93831
-8.69743
-8.44488
-8.18162
-7.90871
-7.62734
-7.33878
-7.04439
-6.74557
-6.44379
-6.14049
-5.83715
-5.53519
-5.23602
-4.94093
-4.65119
-4.3679
-4.09211
-3.82471
-3.56647
-3.31801
-3.07985
-2.85235
-2.63576
-2.43021
-2.23573
-2.05226
-1.87967
-1.71772
-1.56613
-1.42454
-1.29255
-1.16973
-1.05563
-0.949769
-0.851679
-0.760887
-0.676931
-0.59936
-0.527737
-0.461646
-0.400677
-0.344459
-0.292557
-0.244701
-0.200169
-0.15924
-0.119558
-0.0847651
-0.0441568
-0.0203308
-10.6145
-10.5021
-10.4909
-10.4857
-10.4647
-10.4439
-10.4266
-10.4108
-10.3959
-10.3821
-10.3704
-10.3618
-10.3573
-10.3581
-10.3647
-10.3778
-10.3973
-10.4231
-10.4545
-10.4908
-10.5307
-10.5732
-10.6169
-10.6605
-10.7029
-10.7428
-10.7792
-10.811
-10.8374
-10.8575
-10.8703
-10.8751
-10.871
-10.8573
-10.8332
-10.798
-10.751
-10.6916
-10.6193
-10.5334
-10.4337
-10.3199
-10.1917
-10.049
-9.89183
-9.72023
-9.5344
-9.33464
-9.12138
-8.89518
-8.65671
-8.40681
-8.14639
-7.87653
-7.59837
-7.31316
-7.02221
-6.72692
-6.42868
-6.12893
-5.82908
-5.53054
-5.23466
-4.94272
-4.65593
-4.37539
-4.10211
-3.83697
-3.58072
-3.334
-3.0973
-2.871
-2.65534
-2.45048
-2.25646
-2.07323
-1.90068
-1.73859
-1.58669
-1.44464
-1.31208
-1.18858
-1.07371
-0.967016
-0.868033
-0.776306
-0.691381
-0.612817
-0.540182
-0.473067
-0.411059
-0.353791
-0.300818
-0.251885
-0.206207
-0.164223
-0.123096
-0.0878628
-0.0437499
-0.0253873
)
;

boundaryField
{
    outlet
    {
        type            fixedValue;
        value           uniform 0;
    }
    inlet
    {
        type            zeroGradient;
    }
    lowerWall
    {
        type            zeroGradient;
    }
    upperWall
    {
        type            zeroGradient;
    }
    frontAndBack
    {
        type            empty;
    }
}


// ************************************************************************* //
