/*--------------------------------*- C++ -*----------------------------------*\
| =========                 |                                                 |
| \\      /  F ield         | OpenFOAM: The Open Source CFD Toolbox           |
|  \\    /   O peration     | Version:  4.1                                   |
|   \\  /    A nd           | Web:      www.OpenFOAM.org                      |
|    \\/     M anipulation  |                                                 |
\*---------------------------------------------------------------------------*/
FoamFile
{
    version     2.0;
    format      ascii;
    class       volScalarField;
    location    "800";
    object      epsilon;
}
// * * * * * * * * * * * * * * * * * * * * * * * * * * * * * * * * * * * * * //

dimensions      [0 2 -3 0 0 0 0];

internalField   nonuniform List<scalar> 
6820
(
115.949
152.042
190.661
230.213
269.213
306.364
340.623
371.268
397.899
420.4
438.868
453.554
464.802
473.008
478.579
481.91
483.369
483.291
481.97
479.662
476.585
472.925
468.836
464.445
459.857
455.159
450.419
445.691
441.021
436.443
431.977
427.728
425.1
9.48476
17.5528
23.8082
29.343
34.5615
39.5639
44.3524
48.9032
53.1857
57.1732
60.8488
64.2074
67.2548
70.0053
72.4794
74.7013
76.6972
78.4931
80.1144
81.5843
82.9242
84.1535
85.2893
86.3462
87.3366
88.2708
89.1572
90.003
90.8129
91.5935
92.3438
93.0723
93.7715
4.14146
5.59602
6.98297
8.20862
9.27788
10.2173
11.0506
11.7953
12.4652
13.0716
13.6233
14.1277
14.5907
15.0172
15.4112
15.7762
16.1152
16.4306
16.7248
16.9995
17.2581
17.5083
17.7522
17.9906
18.2241
18.453
18.6779
18.899
19.1167
19.3312
19.5428
19.7519
19.9566
3.60121
3.91796
4.33109
4.75787
5.16049
5.52671
5.85474
6.14666
6.40579
6.6357
6.83984
7.02136
7.18307
7.32748
7.45673
7.57271
7.67703
7.77106
7.85601
7.9329
8.00258
8.0666
8.12604
8.18166
8.23407
8.28375
8.33111
8.37648
8.42016
8.46237
8.50336
8.54326
8.58243
3.52798
3.56982
3.67476
3.81744
3.97488
4.1328
4.28383
4.42458
4.55377
4.67122
4.77737
4.87291
4.95865
5.03543
5.10409
5.1654
5.22009
5.26883
5.31223
5.35082
5.38509
5.41551
5.44254
5.46658
5.48801
5.50713
5.52424
5.53957
5.55335
5.56576
5.57697
5.58712
5.59641
3.5197
3.49572
3.49766
3.52374
3.56745
3.62175
3.681
3.74133
3.80034
3.85661
3.90933
3.95814
4.00291
4.04368
4.08059
4.11385
4.14366
4.17029
4.19396
4.21492
4.23339
4.24958
4.26371
4.27597
4.28654
4.29559
4.30328
4.30973
4.31509
4.31946
4.32294
4.32564
4.32767
3.51928
3.48173
3.4529
3.43487
3.42775
3.42982
3.4388
3.45249
3.46904
3.48707
3.50557
3.52383
3.54138
3.55792
3.57325
3.58728
3.59995
3.61129
3.62131
3.63006
3.63761
3.64407
3.64949
3.65396
3.65752
3.66027
3.66225
3.66354
3.6642
3.66428
3.66384
3.66292
3.6616
3.51938
3.47956
3.44297
3.41081
3.38393
3.36257
3.34634
3.33451
3.32623
3.32072
3.31725
3.31524
3.31422
3.31382
3.31376
3.31382
3.31384
3.31373
3.31338
3.31277
3.31185
3.31061
3.30906
3.30719
3.30501
3.30253
3.29978
3.29677
3.29352
3.29004
3.28636
3.2825
3.27847
3.51942
3.47931
3.44106
3.40504
3.37162
3.34118
3.31388
3.28963
3.26823
3.24937
3.23274
3.218
3.20484
3.19299
3.1822
3.17226
3.16303
3.15434
3.1461
3.13822
3.13062
3.12325
3.11606
3.10902
3.10209
3.09526
3.08851
3.08183
3.07521
3.06865
3.06213
3.05566
3.04924
3.51943
3.47931
3.44074
3.4038
3.36856
3.33518
3.30378
3.27441
3.24705
3.22164
3.19808
3.17623
3.15594
3.13705
3.11941
3.10289
3.08735
3.07269
3.0588
3.04559
3.03299
3.02092
3.00935
2.9982
2.98745
2.97705
2.96698
2.9572
2.94769
2.93844
2.92943
2.92063
2.91204
3.51944
3.47931
3.44068
3.40355
3.36786
3.33364
3.30091
3.26968
3.23994
3.2117
3.18491
3.15952
3.13547
3.1127
3.09111
3.07063
3.05118
3.03267
3.01505
2.99824
2.98217
2.96679
2.95204
2.93788
2.92427
2.91116
2.89853
2.88633
2.87454
2.86314
2.85209
2.84139
2.83101
3.51944
3.47931
3.44066
3.40348
3.3677
3.33326
3.30016
3.26835
3.23781
3.20852
3.18044
3.15355
3.12781
3.10317
3.0796
3.05704
3.03545
3.01477
2.99495
2.97596
2.95773
2.94023
2.92341
2.90724
2.89167
2.87667
2.86221
2.84827
2.8348
2.82179
2.80921
2.79703
2.78524
3.51944
3.47931
3.44064
3.40345
3.36764
3.33315
3.29995
3.26797
3.23718
3.20753
3.17899
3.15152
3.12508
3.09964
3.07516
3.05161
3.02896
3.00716
2.98618
2.96598
2.94653
2.9278
2.90975
2.89234
2.87556
2.85936
2.84373
2.82863
2.81404
2.79993
2.78629
2.77309
2.76031
3.51944
3.4793
3.44063
3.40343
3.36761
3.3331
3.29987
3.26785
3.23698
3.20723
3.17853
3.15087
3.12418
3.09844
3.07362
3.04966
3.02655
3.00426
2.98274
2.96197
2.94191
2.92255
2.90385
2.88578
2.86832
2.85145
2.83513
2.81935
2.80408
2.78931
2.775
2.76115
2.74773
3.51944
3.4793
3.44063
3.40341
3.36758
3.33307
3.29982
3.26778
3.23689
3.2071
3.17836
3.15063
3.12386
3.09801
3.07305
3.04894
3.02564
3.00313
2.98138
2.96035
2.94002
2.92035
2.90133
2.88294
2.86513
2.8479
2.83122
2.81507
2.79942
2.78427
2.76959
2.75535
2.74156
3.51944
3.4793
3.44062
3.4034
3.36756
3.33304
3.29979
3.26774
3.23684
3.20703
3.17827
3.15051
3.12371
3.09783
3.07282
3.04865
3.02529
3.00271
2.98087
2.95974
2.93929
2.91951
2.90035
2.88181
2.86385
2.84646
2.82961
2.81328
2.79745
2.78211
2.76723
2.75281
2.73881
3.51944
3.4793
3.44061
3.40339
3.36754
3.33302
3.29976
3.2677
3.23679
3.20698
3.17821
3.15044
3.12362
3.09772
3.07269
3.0485
3.02512
3.0025
2.98062
2.95945
2.93896
2.91912
2.89991
2.8813
2.86327
2.84581
2.82887
2.81246
2.79655
2.78111
2.76614
2.75161
2.73751
3.51944
3.47929
3.44061
3.40338
3.36753
3.333
3.29974
3.26767
3.23675
3.20693
3.17816
3.15038
3.12355
3.09764
3.07261
3.0484
3.02501
3.00237
2.98048
2.95929
2.93878
2.91892
2.89969
2.88106
2.863
2.84551
2.82854
2.8121
2.79615
2.78067
2.76566
2.75109
2.73695
3.51944
3.47929
3.44061
3.40337
3.36752
3.33299
3.29972
3.26765
3.23672
3.2069
3.17811
3.15033
3.1235
3.09758
3.07253
3.04832
3.02492
3.00228
2.98037
2.95917
2.93865
2.91878
2.89954
2.88089
2.86282
2.84531
2.82833
2.81187
2.7959
2.7804
2.76537
2.75078
2.73661
3.51944
3.47929
3.44061
3.40337
3.36752
3.33298
3.2997
3.26763
3.2367
3.20686
3.17807
3.15028
3.12345
3.09752
3.07247
3.04826
3.02484
3.00219
2.98028
2.95908
2.93855
2.91867
2.89942
2.88077
2.86269
2.84517
2.82818
2.81171
2.79573
2.78023
2.76519
2.75059
2.73641
3.51944
3.47929
3.4406
3.40337
3.36751
3.33297
3.29969
3.26761
3.23668
3.20684
3.17804
3.15025
3.1234
3.09747
3.07242
3.0482
3.02478
3.00212
2.98021
2.959
2.93846
2.91858
2.89932
2.88066
2.86258
2.84505
2.82806
2.81158
2.79559
2.78009
2.76504
2.75043
2.73625
3.51944
3.47929
3.4406
3.40336
3.36751
3.33296
3.29968
3.2676
3.23666
3.20682
3.17802
3.15022
3.12337
3.09743
3.07237
3.04815
3.02472
3.00206
2.98014
2.95892
2.93839
2.9185
2.89923
2.88057
2.86248
2.84495
2.82795
2.81147
2.79548
2.77997
2.76491
2.7503
2.73611
3.51944
3.47929
3.4406
3.40336
3.3675
3.33296
3.29967
3.26759
3.23665
3.2068
3.178
3.15019
3.12334
3.0974
3.07233
3.0481
3.02467
3.00201
2.98008
2.95886
2.93832
2.91843
2.89916
2.88049
2.8624
2.84487
2.82786
2.81138
2.79538
2.77986
2.76481
2.75019
2.736
3.51944
3.47929
3.4406
3.40336
3.3675
3.33295
3.29967
3.26758
3.23664
3.20678
3.17798
3.15017
3.12331
3.09737
3.0723
3.04807
3.02463
3.00197
2.98004
2.95881
2.93827
2.91837
2.8991
2.88043
2.86233
2.84479
2.82778
2.81129
2.79529
2.77977
2.76471
2.75009
2.7359
3.51944
3.47929
3.4406
3.40336
3.3675
3.33295
3.29966
3.26757
3.23663
3.20678
3.17797
3.15016
3.1233
3.09735
3.07228
3.04804
3.02461
3.00194
2.98001
2.95878
2.93823
2.91833
2.89906
2.88038
2.86228
2.84474
2.82773
2.81124
2.79524
2.77972
2.76465
2.75003
2.73584
3.51944
3.47929
3.4406
3.40336
3.3675
3.33295
3.29966
3.26757
3.23662
3.20677
3.17796
3.15015
3.12329
3.09734
3.07227
3.04803
3.02459
3.00192
2.97998
2.95875
2.9382
2.9183
2.89902
2.88034
2.86224
2.84469
2.82768
2.81118
2.79518
2.77965
2.76459
2.74996
2.73576
3.51944
3.47929
3.4406
3.40336
3.3675
3.33295
3.29966
3.26757
3.23662
3.20677
3.17796
3.15014
3.12328
3.09733
3.07226
3.04802
3.02458
3.00191
2.97998
2.95875
2.93819
2.91829
2.89902
2.88034
2.86224
2.84469
2.82768
2.81119
2.79518
2.77966
2.76459
2.74997
2.73577
3.51944
3.47929
3.4406
3.40336
3.3675
3.33295
3.29966
3.26757
3.23662
3.20677
3.17796
3.15014
3.12328
3.09733
3.07226
3.04801
3.02457
3.0019
2.97996
2.95873
2.93818
2.91827
2.89899
2.88031
2.86221
2.84466
2.82764
2.81114
2.79514
2.77961
2.76454
2.74991
2.73571
3.51944
3.47929
3.4406
3.40336
3.3675
3.33295
3.29966
3.26757
3.23663
3.20678
3.17797
3.15016
3.1233
3.09735
3.07228
3.04804
3.02461
3.00194
2.98001
2.95878
2.93823
2.91833
2.89906
2.88038
2.86228
2.84474
2.82773
2.81123
2.79523
2.77971
2.76464
2.75001
2.73582
3.51944
3.47929
3.4406
3.40336
3.3675
3.33296
3.29967
3.26758
3.23663
3.20678
3.17797
3.15016
3.1233
3.09735
3.07227
3.04803
3.02459
3.00192
2.97999
2.95875
2.9382
2.9183
2.89902
2.88034
2.86224
2.8447
2.82769
2.81119
2.79519
2.77967
2.76461
2.74998
2.73579
3.51944
3.47929
3.4406
3.40336
3.3675
3.33296
3.29968
3.26759
3.23666
3.20681
3.17802
3.15022
3.12337
3.09744
3.07238
3.04815
3.02473
3.00207
2.98015
2.95894
2.9384
2.91852
2.89925
2.88059
2.86251
2.84498
2.82799
2.81151
2.79553
2.78002
2.76498
2.75037
2.7362
3.51944
3.47929
3.4406
3.40337
3.36751
3.33297
3.29968
3.2676
3.23666
3.20681
3.178
3.1502
3.12335
3.09742
3.07236
3.04814
3.02472
3.00208
2.98018
2.95898
2.93847
2.91861
2.89938
2.88075
2.86271
2.84522
2.82827
2.81184
2.79591
2.78046
2.76547
2.75093
2.73681
3.51944
3.47929
3.44061
3.40337
3.36753
3.333
3.29975
3.26771
3.23682
3.20703
3.17829
3.15055
3.12378
3.09793
3.07296
3.04883
3.02551
3.00298
2.98118
2.96011
2.93972
2.92
2.90091
2.88242
2.86453
2.8472
2.83042
2.81415
2.79839
2.78311
2.7683
2.75394
2.74
3.51944
3.47929
3.44061
3.40338
3.36754
3.33305
3.29985
3.26787
3.23707
3.2074
3.1788
3.15124
3.12468
3.09906
3.07436
3.05054
3.02756
3.00539
2.98399
2.96333
2.94338
2.92411
2.9055
2.88751
2.87013
2.85332
2.83707
2.82135
2.80613
2.79141
2.77715
2.76335
2.74997
3.51943
3.4793
3.44066
3.40356
3.36794
3.33374
3.30092
3.26945
3.23927
3.21034
3.18261
3.15603
3.13055
3.10613
3.08271
3.06025
3.03869
3.018
2.99812
2.97902
2.96065
2.94298
2.92596
2.90957
2.89378
2.87855
2.86385
2.84966
2.83596
2.82272
2.80992
2.79753
2.78555
3.51942
3.47942
3.4412
3.4049
3.37061
3.33828
3.30787
3.27931
3.25251
3.22735
3.20374
3.18153
3.16063
3.14093
3.12231
3.1047
3.08799
3.07211
3.05699
3.04257
3.02878
3.01558
3.00292
2.99077
2.97909
2.96783
2.95698
2.94651
2.93639
2.9266
2.91712
2.90794
2.89902
3.5196
3.48203
3.4494
3.42177
3.39875
3.37983
3.36442
3.35191
3.34178
3.33354
3.32681
3.32126
3.31662
3.31268
3.30926
3.30623
3.30346
3.30088
3.29841
3.296
3.29362
3.29123
3.28881
3.28635
3.28383
3.28124
3.27859
3.27588
3.27309
3.27025
3.26734
3.26437
3.26135
3.53049
3.53942
3.57109
3.61695
3.67052
3.72753
3.78534
3.84241
3.89782
3.951
4.00161
4.0495
4.09463
4.13704
4.17682
4.21407
4.24892
4.28151
4.31198
4.34046
4.36707
4.39194
4.4152
4.43694
4.45728
4.4763
4.49411
4.51078
4.5264
4.54103
4.55476
4.56763
4.57976
4.00122
4.78105
5.43755
6.00229
6.50073
6.94822
7.35501
7.72857
8.07456
8.39728
8.70007
8.98559
9.25598
9.513
9.75805
9.99234
10.2168
10.4324
10.6397
10.8394
11.032
11.218
11.3977
11.5716
11.7398
11.9028
12.0608
12.214
12.3626
12.5069
12.647
12.7831
12.9158
31.176
33.6247
36.0474
38.4445
40.8147
43.1561
45.4659
47.7407
49.9772
52.1722
54.323
56.4269
58.4817
60.4855
62.4367
64.3341
66.1768
67.964
69.6956
71.3714
72.9915
74.5563
76.0664
77.5224
78.9252
80.2757
81.5751
82.8244
84.025
85.178
86.2849
87.3475
88.3745
437.057
505.786
598.222
699.916
791.87
861.475
904.542
922.691
920.912
905.161
880.656
851.131
819.11
786.221
753.426
721.301
689.938
659.478
629.732
600.696
572.485
545.241
519.099
494.169
470.534
448.248
427.329
407.768
389.532
372.574
356.834
342.246
328.741
316.244
304.678
293.965
284.026
274.783
266.16
258.084
250.487
243.301
236.466
229.924
223.624
217.517
211.561
205.717
199.952
194.237
188.55
182.871
177.187
171.489
165.771
160.031
154.273
148.503
142.727
136.96
131.213
125.503
119.847
114.265
108.775
103.399
98.1545
93.0621
88.1392
83.4021
78.865
74.5396
70.4348
66.557
62.9093
59.4924
56.3041
53.3398
50.5924
48.0529
45.7106
43.5542
41.5718
39.7517
38.0822
36.552
35.1498
33.8648
32.6863
31.6039
30.6075
29.6872
28.8336
28.037
27.291
26.5857
25.9259
25.2984
24.7515
24.1534
95.172
100.442
110.621
127.843
152.632
183.989
219.968
257.893
294.934
328.736
357.702
381.009
398.533
410.666
418.104
421.646
421.959
419.575
415.11
408.982
401.506
392.947
383.536
373.487
363
352.255
341.41
330.6
319.935
309.501
299.365
289.576
280.167
271.157
262.554
254.351
246.536
239.089
231.984
225.19
218.677
212.411
206.359
200.491
194.774
189.181
183.686
178.266
172.901
167.575
162.274
156.988
151.711
146.439
141.172
135.912
130.662
125.431
120.226
115.058
109.94
104.886
99.9108
95.0297
90.2592
85.6153
81.1139
76.7694
72.5951
68.6026
64.8012
61.1982
57.7983
54.6041
51.6154
48.8302
46.2444
43.8521
41.6455
39.6157
37.7525
36.0456
34.4841
33.0578
31.7563
30.5697
29.4884
28.503
27.6043
26.7836
26.032
25.341
24.7026
24.1083
23.5525
23.027
22.5357
22.0678
21.6631
21.2252
20.2133
20.6078
21.3109
22.6339
24.9504
28.6592
33.9891
41.1144
50.1315
61.0303
73.6076
87.5068
102.277
117.435
132.519
147.114
160.866
173.383
184.511
194.185
202.382
209.106
214.389
218.287
220.883
222.28
222.595
221.954
220.482
218.304
215.539
212.297
208.678
204.771
200.652
196.384
192.019
187.597
183.149
178.697
174.254
169.831
165.43
161.052
156.696
152.357
148.03
143.712
139.396
135.079
130.758
126.432
122.099
117.762
113.423
109.088
104.762
100.454
96.1736
91.9307
87.7375
83.6067
79.5517
75.5862
71.7238
67.9779
64.3608
60.8839
57.5568
54.3879
51.3832
48.5471
45.8819
43.388
41.064
38.9069
36.9121
35.0739
33.3854
31.8386
30.4251
29.1361
27.9627
26.8965
25.929
25.0522
24.2584
23.54
22.8896
22.3
21.764
21.2746
20.8252
20.4086
20.0203
19.6532
19.3109
18.9844
18.7056
18.4102
8.62697
8.68172
8.75142
8.85985
9.04317
9.35901
9.88086
10.6903
11.8816
13.5014
15.624
18.3328
21.6993
25.7769
30.5957
36.1546
42.4111
49.2659
56.5582
64.1434
71.8681
79.5696
87.083
94.2521
100.939
107.032
112.448
117.138
121.077
124.269
126.737
128.521
129.671
130.247
130.308
129.916
129.129
128
126.58
124.911
123.029
120.967
118.75
116.401
113.936
111.369
108.712
105.974
103.163
100.285
97.3466
94.3536
91.3125
88.2302
85.1143
81.9733
78.8164
75.6537
72.4958
69.3544
66.2413
63.1688
60.1493
57.1951
54.318
51.5291
48.8386
46.2556
43.7877
41.4411
39.2204
37.1286
35.167
33.3357
31.6333
30.0572
28.6037
27.2682
26.0455
24.9295
23.9138
22.9918
22.1569
21.4027
20.723
20.1117
19.5629
19.0711
18.6305
18.2356
17.8808
17.5606
17.2697
17.0024
16.755
16.5218
16.3057
16.0993
15.9277
15.7541
5.60584
5.61696
5.62974
5.64579
5.66845
5.70372
5.76188
5.85742
6.0091
6.2377
6.56278
7.00523
7.59174
8.35262
9.32107
10.5325
12.0221
13.8224
15.948
18.4128
21.2211
24.3635
27.8144
31.5309
35.4536
39.5103
43.6197
47.6977
51.662
55.4373
58.9593
62.177
65.0539
67.5678
69.7094
71.4802
72.8904
73.9563
74.6987
75.1402
75.3049
75.216
74.8964
74.367
73.6472
72.7545
71.7047
70.5119
69.1889
67.7473
66.1982
64.5518
62.8184
61.008
59.1308
57.1973
55.218
53.2041
51.1666
49.1169
47.0664
45.0266
43.0086
41.0232
39.0807
37.1907
35.3618
33.6017
31.9169
30.3125
28.7928
27.3603
26.0168
24.7626
23.5973
22.5194
21.5267
20.6163
19.7849
19.0285
18.343
17.7238
17.1667
16.6673
16.2214
15.8247
15.4734
15.1633
14.8905
14.6508
14.4403
14.2547
14.0899
13.9415
13.8066
13.6806
13.566
13.4568
13.3718
13.2972
4.32912
4.32999
4.33078
4.33165
4.33294
4.33545
4.3406
4.35069
4.36921
4.40088
4.45145
4.52654
4.63367
4.7813
4.97909
5.23805
5.57048
5.98992
6.5088
7.13982
7.8961
8.79016
9.83282
11.0319
12.3911
13.9086
15.5761
17.3786
19.2944
21.2955
23.3494
25.4208
27.4734
29.4721
31.3846
33.183
34.8442
36.3506
37.6899
38.8545
39.8412
40.6503
41.2847
41.7497
42.0516
42.198
42.1969
42.0565
41.7853
41.3915
40.8836
40.27
39.5591
38.7596
37.8801
36.9296
35.9174
34.8527
33.745
32.6039
31.4389
30.2596
29.0752
27.8946
26.7265
25.5788
24.4588
23.3729
22.3268
21.3253
20.3721
19.4702
18.6217
17.8276
17.0885
16.4043
15.7741
15.1968
14.6706
14.1935
13.7633
13.3774
13.0332
12.7283
12.4601
12.226
12.0234
11.8499
11.7026
11.5789
11.4759
11.3904
11.3195
11.2599
11.2092
11.1639
11.1261
11.0907
11.0713
11.072
3.65948
3.65644
3.65285
3.64898
3.64474
3.64022
3.63566
3.6315
3.62854
3.6278
3.63068
3.63881
3.65429
3.6797
3.71807
3.77294
3.84834
3.94882
4.0792
4.24405
4.44858
4.6981
4.99794
5.35332
5.7691
6.24945
6.79755
7.41519
8.10244
8.85731
9.67553
10.5505
11.4732
12.4329
13.4168
14.4113
15.4022
16.3753
17.317
18.2149
19.0579
19.8366
20.5433
21.172
21.7184
22.1797
22.5544
22.8422
23.0438
23.1605
23.1948
23.1494
23.0278
22.8341
22.5727
22.2487
21.8675
21.4348
20.9568
20.4399
19.8904
19.3152
18.7207
18.1134
17.4998
16.8856
16.2767
15.678
15.0942
14.5294
13.9868
13.4694
12.9794
12.5185
12.0877
11.6879
11.3192
10.9816
10.6748
10.3979
10.1502
9.93039
9.73742
9.57
9.42682
9.30654
9.20771
9.12883
9.06826
9.02421
8.99476
8.97774
8.97104
8.97214
8.97942
8.99
9.00548
9.02184
9.04827
9.10122
3.27352
3.26749
3.26102
3.25424
3.24713
3.23971
3.23201
3.2241
3.21612
3.20829
3.20095
3.19456
3.18973
3.18724
3.18808
3.19345
3.20477
3.22367
3.25202
3.29168
3.34471
3.41321
3.49949
3.60579
3.73426
3.88695
4.06572
4.27218
4.50756
4.77268
5.06786
5.39276
5.74637
6.12692
6.53189
6.95803
7.40137
7.85738
8.32101
8.7869
9.2495
9.70322
10.1426
10.5626
10.9583
11.3254
11.6601
11.9593
12.2201
12.4407
12.6194
12.7554
12.8483
12.8983
12.9063
12.8735
12.8016
12.6929
12.55
12.3759
12.1741
11.9479
11.7013
11.438
11.162
10.8771
10.5869
10.2951
10.0049
9.71924
9.4409
9.17217
8.91505
8.6712
8.44196
8.22837
8.03121
7.85099
7.68799
7.54231
7.41385
7.30236
7.20751
7.12888
7.06595
7.01816
6.98485
6.96523
6.9584
6.96329
6.97867
7.00312
7.03515
7.07294
7.11532
7.16005
7.20834
7.25689
7.31147
7.39601
3.04175
3.03305
3.02408
3.01485
3.00544
2.9958
2.98593
2.97583
2.9655
2.955
2.94443
2.93393
2.92367
2.91387
2.90483
2.89693
2.89065
2.8866
2.88548
2.88813
2.89536
2.90812
2.92738
2.95418
2.98953
3.03444
3.08983
3.15654
3.23526
3.32676
3.43148
3.54968
3.68137
3.82634
3.98417
4.15419
4.33547
4.52684
4.72686
4.9339
5.1461
5.36146
5.57783
5.79298
6.00465
6.21057
6.40849
6.59626
6.77185
6.93336
7.07909
7.20753
7.31745
7.40785
7.47803
7.52761
7.5565
7.56494
7.5535
7.52301
7.47463
7.40975
7.32998
7.23712
7.13311
7.01996
6.89974
6.77451
6.64625
6.51689
6.3882
6.26184
6.13929
6.02187
5.91072
5.80684
5.71104
5.62401
5.54628
5.47825
5.4202
5.3723
5.33465
5.30726
5.2901
5.28303
5.28584
5.29824
5.31977
5.34987
5.38781
5.43266
5.48345
5.53889
5.59814
5.6595
5.72383
5.78845
5.85659
5.95549
2.90223
2.89106
2.87975
2.86829
2.85673
2.84507
2.83326
2.82132
2.80923
2.797
2.78465
2.77221
2.75972
2.74726
2.73491
2.7228
2.71109
2.69998
2.68973
2.68064
2.67303
2.66732
2.66394
2.66337
2.66609
2.67262
2.68345
2.69906
2.71989
2.74632
2.7787
2.81727
2.86217
2.91344
2.97118
3.03527
3.10545
3.18139
3.26264
3.34867
3.43887
3.53252
3.62886
3.72705
3.82618
3.92534
4.02354
4.11982
4.21318
4.30264
4.38724
4.46606
4.53824
4.603
4.65963
4.70756
4.74634
4.77566
4.79537
4.80547
4.80616
4.79776
4.78079
4.75589
4.72383
4.6855
4.64185
4.59392
4.54275
4.48939
4.43489
4.38025
4.32643
4.27431
4.22472
4.17841
4.13603
4.0982
4.06543
4.03816
4.01678
4.00158
3.99285
3.99077
3.99551
4.00717
4.02579
4.05131
4.0836
4.12238
4.16726
4.2177
4.27307
4.33249
4.39538
4.46047
4.52837
4.59689
4.66755
4.76759
2.81925
2.80595
2.79261
2.77922
2.76578
2.7523
2.73877
2.72518
2.71152
2.69779
2.68397
2.67008
2.65613
2.64215
2.62815
2.61418
2.60027
2.58648
2.57292
2.55971
2.54695
2.53479
2.52342
2.51304
2.50386
2.49612
2.49009
2.486
2.48412
2.48468
2.48791
2.494
2.5031
2.51532
2.53073
2.54936
2.57121
2.59626
2.62436
2.65535
2.68899
2.72501
2.7631
2.80292
2.84411
2.88627
2.929
2.97187
3.01443
3.05624
3.09685
3.13581
3.17267
3.20702
3.23843
3.26655
3.29105
3.31164
3.3281
3.34029
3.34813
3.35163
3.35087
3.34604
3.33739
3.32524
3.31
3.29212
3.27208
3.25043
3.2277
3.20446
3.18126
3.15863
3.13711
3.11719
3.09934
3.084
3.0716
3.06249
3.05703
3.05553
3.05827
3.0655
3.07745
3.09432
3.11623
3.14329
3.1755
3.21278
3.25498
3.30179
3.35284
3.40756
3.46557
3.52595
3.58912
3.6533
3.71897
3.8111
2.77193
2.75693
2.74194
2.72695
2.71195
2.69695
2.68195
2.66694
2.65191
2.63686
2.62178
2.60667
2.59154
2.57638
2.5612
2.54603
2.53085
2.51571
2.50062
2.48562
2.47074
2.45605
2.44159
2.42745
2.41373
2.40051
2.38792
2.37607
2.36509
2.35511
2.34626
2.33867
2.33245
2.3277
2.3245
2.32292
2.32302
2.32484
2.32836
2.33356
2.34034
2.34863
2.35829
2.36918
2.38116
2.39405
2.40767
2.42182
2.4363
2.4509
2.46541
2.47961
2.4933
2.50626
2.51829
2.52918
2.53877
2.54688
2.55337
2.55812
2.56105
2.5621
2.56126
2.55855
2.55405
2.54787
2.54017
2.53112
2.52095
2.50992
2.4983
2.48637
2.47445
2.46285
2.45187
2.44184
2.43306
2.42583
2.42044
2.41719
2.41633
2.41813
2.42284
2.43071
2.44194
2.45675
2.47532
2.49779
2.52426
2.55476
2.58926
2.62763
2.66968
2.71507
2.76357
2.81451
2.86823
2.92326
2.97957
3.05849
2.74589
2.72965
2.71343
2.69723
2.68105
2.66489
2.64874
2.63261
2.61649
2.60037
2.58425
2.56813
2.55201
2.53589
2.51977
2.50365
2.48754
2.47144
2.45537
2.43933
2.42333
2.40739
2.39152
2.37576
2.36012
2.34466
2.32941
2.31442
2.29974
2.28545
2.27159
2.25825
2.24549
2.2334
2.22204
2.21147
2.20173
2.19285
2.18487
2.1778
2.17163
2.16634
2.1619
2.15826
2.15537
2.15314
2.1515
2.15036
2.14963
2.14922
2.14901
2.14891
2.14881
2.14861
2.14821
2.1475
2.1464
2.14482
2.14268
2.13991
2.13646
2.13228
2.12736
2.12168
2.11526
2.10814
2.10038
2.09206
2.08327
2.07414
2.0648
2.0554
2.04611
2.0371
2.02855
2.02066
2.01363
2.00763
2.00289
1.99959
1.99795
1.99815
2.0004
2.00491
2.01186
2.02145
2.03386
2.04924
2.06773
2.08942
2.11436
2.14252
2.17385
2.20814
2.24531
2.28487
2.32711
2.37084
2.41586
2.47922
2.73258
2.7155
2.69845
2.68142
2.66441
2.64741
2.63043
2.61347
2.59653
2.57961
2.56269
2.54579
2.5289
2.51203
2.49517
2.47832
2.46149
2.44468
2.42789
2.41112
2.39438
2.37767
2.36099
2.34434
2.32775
2.31121
2.29474
2.27836
2.26209
2.24595
2.22997
2.21418
2.19863
2.18338
2.16846
2.15391
2.13975
2.12602
2.11273
2.09992
2.08758
2.07573
2.06437
2.05349
2.04306
2.03308
2.02351
2.01431
2.00544
1.99687
1.98854
1.98041
1.97243
1.96454
1.9567
1.94886
1.94097
1.93298
1.92487
1.91659
1.90811
1.8994
1.89046
1.88128
1.87186
1.8622
1.85234
1.84231
1.83216
1.82194
1.81172
1.80158
1.79161
1.78191
1.77259
1.76375
1.75551
1.74802
1.74139
1.73576
1.73128
1.72809
1.72635
1.72623
1.72786
1.73143
1.73709
1.745
1.75529
1.76808
1.78346
1.80148
1.82215
1.8454
1.87121
1.89925
1.9298
1.96185
1.99533
2.04282
2.72596
2.70839
2.69082
2.67326
2.65571
2.63818
2.62065
2.60314
2.58565
2.56817
2.5507
2.53325
2.51581
2.49839
2.48098
2.46359
2.44622
2.42887
2.41155
2.39424
2.37697
2.35971
2.34248
2.32527
2.3081
2.29094
2.27382
2.25674
2.23969
2.22271
2.2058
2.18898
2.17226
2.15567
2.13922
2.12293
2.10683
2.09093
2.07525
2.05981
2.04461
2.02968
2.01501
2.00061
1.98649
1.97263
1.95904
1.94569
1.93259
1.9197
1.90702
1.89453
1.88219
1.86999
1.85791
1.84591
1.83399
1.82212
1.81027
1.79843
1.78659
1.77474
1.76285
1.75094
1.739
1.72704
1.71506
1.70308
1.69113
1.67923
1.66742
1.65573
1.64423
1.63295
1.62197
1.61134
1.60114
1.59146
1.58236
1.57395
1.56633
1.55959
1.55386
1.54924
1.54587
1.54388
1.54339
1.54455
1.54748
1.55232
1.55916
1.56808
1.57917
1.5924
1.60783
1.62525
1.64493
1.66601
1.68869
1.72122
2.72298
2.70512
2.68726
2.6694
2.65155
2.63369
2.61584
2.59799
2.58015
2.56232
2.5445
2.52668
2.50888
2.49109
2.47331
2.45555
2.4378
2.42008
2.40238
2.38469
2.36704
2.3494
2.33179
2.3142
2.29663
2.27908
2.26155
2.24404
2.22656
2.2091
2.19168
2.17432
2.15702
2.1398
2.12266
2.10561
2.08865
2.0718
2.05506
2.03845
2.02197
2.00563
1.98944
1.97341
1.95754
1.94182
1.92627
1.91089
1.89566
1.88059
1.86567
1.8509
1.83626
1.82175
1.80736
1.79308
1.77889
1.7648
1.75078
1.73684
1.72296
1.70915
1.69538
1.68167
1.66801
1.65441
1.64086
1.62738
1.61398
1.60066
1.58746
1.57438
1.56146
1.54871
1.53619
1.52391
1.51193
1.50029
1.48905
1.47825
1.46798
1.45829
1.44926
1.44097
1.43353
1.42702
1.42155
1.41723
1.41418
1.41249
1.41229
1.41367
1.41671
1.42147
1.42802
1.43624
1.44642
1.45781
1.47097
1.49006
2.72156
2.70356
2.68555
2.66753
2.64951
2.63148
2.61344
2.5954
2.57737
2.55933
2.5413
2.52327
2.50525
2.48723
2.46922
2.45122
2.43324
2.41527
2.39732
2.37939
2.36147
2.34358
2.3257
2.30785
2.29002
2.2722
2.25441
2.23664
2.2189
2.20119
2.18352
2.16588
2.14829
2.13075
2.11327
2.09584
2.07848
2.06119
2.04397
2.02682
2.00976
1.99279
1.97591
1.95913
1.94245
1.92587
1.9094
1.89304
1.8768
1.86066
1.84464
1.82873
1.81293
1.79724
1.78166
1.76617
1.75079
1.73549
1.7203
1.70519
1.69016
1.67522
1.66036
1.64557
1.63087
1.61625
1.6017
1.58724
1.57287
1.5586
1.54442
1.53036
1.51642
1.50261
1.48896
1.47549
1.46221
1.44916
1.43636
1.42384
1.41165
1.39983
1.38843
1.37751
1.36711
1.35733
1.34821
1.33986
1.33234
1.32576
1.32021
1.31577
1.31254
1.31057
1.30999
1.31071
1.31305
1.3163
1.3215
1.32896
2.72094
2.70288
2.68479
2.6667
2.64859
2.63047
2.61234
2.59421
2.57607
2.55793
2.53978
2.52163
2.50349
2.48534
2.4672
2.44907
2.43094
2.41283
2.39473
2.37664
2.35856
2.34051
2.32247
2.30444
2.28644
2.26846
2.25049
2.23254
2.2146
2.19671
2.17885
2.16104
2.14327
2.12555
2.10788
2.09026
2.07269
2.05518
2.03772
2.02033
2.003
1.98574
1.96855
1.95142
1.93438
1.91741
1.90052
1.88372
1.867
1.85037
1.83383
1.81737
1.80101
1.78474
1.76856
1.75248
1.73648
1.72058
1.70477
1.68904
1.67341
1.65786
1.6424
1.62703
1.61174
1.59653
1.58141
1.56638
1.55143
1.53657
1.5218
1.50713
1.49256
1.47809
1.46373
1.4495
1.43539
1.42144
1.40765
1.39403
1.38062
1.36744
1.35452
1.34188
1.32957
1.31763
1.3061
1.29505
1.28452
1.27458
1.2653
1.25675
1.24901
1.24213
1.23624
1.23126
1.22754
1.22437
1.22328
1.22112
2.72058
2.70248
2.68436
2.66623
2.64808
2.62992
2.61175
2.59356
2.57537
2.55717
2.53897
2.52076
2.50255
2.48434
2.46613
2.44792
2.42972
2.41153
2.39334
2.37516
2.35699
2.33884
2.3207
2.30258
2.28447
2.26638
2.24831
2.23026
2.21224
2.19425
2.1763
2.15838
2.14051
2.12268
2.10489
2.08715
2.06947
2.05183
2.03425
2.01672
1.99926
1.98185
1.9645
1.94721
1.92999
1.91284
1.89575
1.87874
1.8618
1.84494
1.82815
1.81144
1.79482
1.77827
1.76181
1.74543
1.72914
1.71294
1.69682
1.68079
1.66484
1.64899
1.63322
1.61753
1.60193
1.58642
1.57099
1.55564
1.54038
1.52519
1.5101
1.49508
1.48015
1.4653
1.45054
1.43587
1.42129
1.40682
1.39246
1.37821
1.36409
1.35011
1.3363
1.32265
1.30921
1.29599
1.28301
1.27031
1.25793
1.24589
1.23426
1.22306
1.21237
1.20221
1.19269
1.18375
1.17573
1.16787
1.16221
1.15257
2.72037
2.70226
2.68412
2.66597
2.6478
2.62962
2.61143
2.59322
2.57501
2.55678
2.53855
2.52031
2.50207
2.48383
2.46558
2.44734
2.4291
2.41086
2.39263
2.3744
2.35619
2.33799
2.31979
2.30161
2.28345
2.26529
2.24715
2.22903
2.21094
2.19288
2.17486
2.15688
2.13894
2.12104
2.10319
2.08538
2.06762
2.04992
2.03226
2.01466
1.99712
1.97963
1.9622
1.94483
1.92752
1.91028
1.8931
1.87599
1.85895
1.84197
1.82507
1.80825
1.7915
1.77482
1.75823
1.74172
1.72528
1.70894
1.69267
1.67649
1.6604
1.64439
1.62847
1.61263
1.59688
1.58121
1.56562
1.55012
1.53469
1.51935
1.50408
1.48888
1.47376
1.45872
1.44375
1.42885
1.41403
1.39928
1.38462
1.37004
1.35554
1.34114
1.32685
1.31266
1.2986
1.28468
1.2709
1.25729
1.24386
1.23063
1.21764
1.20489
1.19244
1.18029
1.16853
1.15708
1.14628
1.13531
1.12662
1.11165
2.7202
2.70207
2.68393
2.66576
2.64759
2.62939
2.61119
2.59297
2.57474
2.5565
2.53826
2.52001
2.50175
2.48349
2.46522
2.44696
2.4287
2.41044
2.39219
2.37394
2.3557
2.33747
2.31925
2.30103
2.28284
2.26465
2.24648
2.22833
2.21021
2.19212
2.17407
2.15605
2.13807
2.12014
2.10224
2.08439
2.06659
2.04884
2.03114
2.0135
1.9959
1.97837
1.96089
1.94347
1.92611
1.90882
1.89159
1.87442
1.85732
1.84029
1.82334
1.80645
1.78964
1.77291
1.75625
1.73968
1.72318
1.70677
1.69044
1.67419
1.65803
1.64195
1.62596
1.61005
1.59423
1.57849
1.56284
1.54726
1.53176
1.51634
1.501
1.48573
1.47052
1.45539
1.44033
1.42533
1.41039
1.39552
1.38072
1.36598
1.35131
1.33671
1.32218
1.30773
1.29337
1.2791
1.26492
1.25084
1.23688
1.22303
1.20932
1.19574
1.18233
1.16909
1.15607
1.14317
1.13075
1.1179
1.10742
1.089
2.72006
2.70193
2.68377
2.66561
2.64742
2.62922
2.61101
2.59279
2.57455
2.55631
2.53805
2.51979
2.50153
2.48326
2.46499
2.44672
2.42845
2.41018
2.39191
2.37365
2.3554
2.33715
2.31891
2.30069
2.28247
2.26426
2.24607
2.2279
2.20976
2.19165
2.17358
2.15554
2.13754
2.11958
2.10166
2.08379
2.06596
2.04818
2.03045
2.01278
1.99516
1.97759
1.96009
1.94264
1.92525
1.90793
1.89066
1.87347
1.85634
1.83929
1.8223
1.80539
1.78855
1.77179
1.7551
1.7385
1.72197
1.70553
1.68918
1.67291
1.65672
1.64062
1.6246
1.60867
1.59283
1.57707
1.56139
1.5458
1.53028
1.51484
1.49947
1.48418
1.46896
1.4538
1.43871
1.42368
1.40871
1.39381
1.37896
1.36417
1.34944
1.33476
1.32015
1.30561
1.29112
1.2767
1.26235
1.24807
1.23387
1.21973
1.20568
1.1917
1.17782
1.16402
1.15035
1.1367
1.12342
1.10954
1.0981
1.07768
2.71994
2.7018
2.68365
2.66547
2.64728
2.62908
2.61086
2.59263
2.57439
2.55614
2.53789
2.51962
2.50135
2.48308
2.4648
2.44652
2.42825
2.40997
2.3917
2.37343
2.35517
2.33691
2.31867
2.30043
2.2822
2.26398
2.24578
2.22761
2.20946
2.19134
2.17326
2.15521
2.13719
2.11922
2.10129
2.0834
2.06555
2.04776
2.03001
2.01232
1.99468
1.9771
1.95957
1.9421
1.9247
1.90735
1.89008
1.87286
1.85572
1.83865
1.82165
1.80472
1.78787
1.7711
1.7544
1.73779
1.72126
1.70481
1.68845
1.67218
1.65599
1.63989
1.62388
1.60795
1.59211
1.57636
1.56069
1.54511
1.5296
1.51418
1.49883
1.48355
1.46835
1.45321
1.43814
1.42313
1.40818
1.39329
1.37846
1.36368
1.34896
1.33429
1.31968
1.30513
1.29063
1.27619
1.2618
1.24746
1.23318
1.21894
1.20476
1.19063
1.17655
1.1625
1.14854
1.13454
1.12085
1.10645
1.09457
1.07309
2.71983
2.70169
2.68353
2.66535
2.64716
2.62895
2.61073
2.5925
2.57425
2.556
2.53774
2.51947
2.50119
2.48292
2.46464
2.44635
2.42807
2.40979
2.39151
2.37324
2.35497
2.33671
2.31846
2.30021
2.28198
2.26376
2.24556
2.22739
2.20924
2.19112
2.17303
2.15497
2.13695
2.11897
2.10102
2.08312
2.06527
2.04746
2.02971
2.012
1.99435
1.97676
1.95922
1.94174
1.92432
1.90697
1.88968
1.87246
1.85531
1.83823
1.82123
1.8043
1.78745
1.77067
1.75398
1.73737
1.72085
1.70441
1.68806
1.6718
1.65563
1.63955
1.62356
1.60766
1.59185
1.57612
1.56049
1.54494
1.52947
1.51409
1.49878
1.48355
1.4684
1.45331
1.43829
1.42334
1.40844
1.39361
1.37884
1.36412
1.34945
1.33485
1.32029
1.30579
1.29134
1.27695
1.2626
1.24829
1.23403
1.21981
1.20562
1.19146
1.17733
1.16322
1.14916
1.13503
1.12118
1.10656
1.09451
1.07253
2.71977
2.70163
2.68346
2.66528
2.64708
2.62887
2.61065
2.59241
2.57417
2.55591
2.53765
2.51937
2.5011
2.48282
2.46453
2.44625
2.42796
2.40968
2.3914
2.37312
2.35485
2.33658
2.31832
2.30007
2.28182
2.2636
2.24539
2.22721
2.20905
2.19092
2.17283
2.15477
2.13674
2.11876
2.10081
2.08291
2.06505
2.04724
2.02947
2.01176
1.99411
1.97651
1.95897
1.94148
1.92406
1.90671
1.88942
1.8722
1.85505
1.83798
1.82098
1.80406
1.78721
1.77045
1.75378
1.73719
1.72068
1.70427
1.68795
1.67172
1.65558
1.63953
1.62358
1.60773
1.59197
1.57629
1.56072
1.54523
1.52982
1.51451
1.49927
1.48412
1.46904
1.45403
1.4391
1.42423
1.40942
1.39468
1.38
1.36538
1.35082
1.33631
1.32185
1.30745
1.2931
1.2788
1.26455
1.25033
1.23615
1.22201
1.20789
1.19379
1.1797
1.16562
1.15157
1.13743
1.12356
1.10888
1.09681
1.07465
2.71969
2.70155
2.68338
2.66519
2.64699
2.62878
2.61055
2.59231
2.57406
2.5558
2.53753
2.51926
2.50098
2.48269
2.46441
2.44612
2.42783
2.40954
2.39126
2.37298
2.3547
2.33643
2.31817
2.29992
2.28169
2.26347
2.24527
2.2271
2.20895
2.19082
2.17273
2.15466
2.13664
2.11865
2.1007
2.08279
2.06493
2.04712
2.02935
2.01164
1.99399
1.97639
1.95885
1.94137
1.92395
1.9066
1.88932
1.87211
1.85498
1.83792
1.82093
1.80403
1.78721
1.77048
1.75383
1.73727
1.72081
1.70443
1.68816
1.67198
1.65589
1.63991
1.62402
1.60823
1.59254
1.57695
1.56146
1.54605
1.53074
1.51553
1.50039
1.48535
1.47038
1.45549
1.44067
1.42593
1.41125
1.39664
1.38209
1.3676
1.35317
1.3388
1.32449
1.31023
1.29602
1.28186
1.26774
1.25366
1.23961
1.22559
1.21159
1.19759
1.18361
1.16961
1.15564
1.14157
1.12775
1.1131
1.10109
1.07892
2.71969
2.70155
2.68338
2.66519
2.64699
2.62878
2.61055
2.59231
2.57406
2.5558
2.53753
2.51925
2.50097
2.48268
2.4644
2.44611
2.42781
2.40952
2.39124
2.37295
2.35467
2.3364
2.31813
2.29988
2.28163
2.2634
2.24519
2.227
2.20885
2.19072
2.17263
2.15457
2.13655
2.11856
2.10062
2.08272
2.06486
2.04706
2.0293
2.0116
1.99396
1.97637
1.95884
1.94138
1.92399
1.90666
1.8894
1.87222
1.85511
1.83808
1.82114
1.80428
1.7875
1.77082
1.75423
1.73773
1.72132
1.70502
1.68882
1.67272
1.65672
1.64083
1.62504
1.60935
1.59377
1.5783
1.56292
1.54765
1.53248
1.5174
1.50241
1.48751
1.4727
1.45797
1.44332
1.42874
1.41423
1.3998
1.38543
1.37112
1.35687
1.34268
1.32855
1.31447
1.30045
1.28646
1.27252
1.25861
1.24473
1.23087
1.21702
1.20317
1.18932
1.17545
1.1616
1.14763
1.13392
1.11934
1.10745
1.08538
2.71964
2.70149
2.68332
2.66513
2.64693
2.62871
2.61048
2.59224
2.57398
2.55572
2.53745
2.51918
2.5009
2.48261
2.46432
2.44603
2.42774
2.40945
2.39116
2.37288
2.35461
2.33635
2.3181
2.29986
2.28164
2.26343
2.24524
2.22707
2.20893
2.19082
2.17273
2.15469
2.13668
2.1187
2.10077
2.08289
2.06505
2.04727
2.02953
2.01185
1.99423
1.97668
1.95918
1.94175
1.92439
1.90711
1.8899
1.87276
1.85571
1.83874
1.82186
1.80507
1.78837
1.77177
1.75526
1.73886
1.72256
1.70636
1.69027
1.67429
1.65842
1.64267
1.62702
1.61149
1.59607
1.58077
1.56557
1.55048
1.53549
1.52061
1.50582
1.49113
1.47653
1.46202
1.44759
1.43324
1.41896
1.40475
1.39061
1.37654
1.36252
1.34856
1.33466
1.32081
1.307
1.29323
1.2795
1.26579
1.25211
1.23843
1.22476
1.21108
1.19739
1.18367
1.16996
1.15613
1.14256
1.1281
1.11636
1.09446
2.71974
2.7016
2.68343
2.66525
2.64705
2.62883
2.61061
2.59237
2.57412
2.55586
2.5376
2.51932
2.50105
2.48276
2.46448
2.4462
2.42791
2.40963
2.39135
2.37307
2.3548
2.33654
2.31829
2.30005
2.28182
2.26361
2.24542
2.22727
2.20915
2.19106
2.173
2.15498
2.137
2.11907
2.10118
2.08334
2.06555
2.04781
2.03013
2.0125
1.99494
1.97745
1.96002
1.94267
1.92539
1.90819
1.89107
1.87403
1.85708
1.84022
1.82345
1.80678
1.79021
1.77375
1.75739
1.74114
1.725
1.70898
1.69307
1.67728
1.66161
1.64606
1.63064
1.61533
1.60015
1.58508
1.57014
1.55531
1.54059
1.52598
1.51148
1.49707
1.48276
1.46854
1.45441
1.44035
1.42637
1.41246
1.39861
1.38482
1.37109
1.35741
1.34378
1.33018
1.31663
1.3031
1.2896
1.27612
1.26264
1.24917
1.23569
1.22219
1.20868
1.19514
1.1816
1.16794
1.15456
1.14028
1.12876
1.10719
2.71973
2.70159
2.68343
2.66525
2.64706
2.62885
2.61064
2.59241
2.57418
2.55594
2.53769
2.51943
2.50118
2.48292
2.46466
2.4464
2.42814
2.40989
2.39165
2.37342
2.3552
2.33699
2.31879
2.30062
2.28246
2.26432
2.2462
2.22811
2.21005
2.19203
2.17404
2.1561
2.13819
2.12033
2.10253
2.08477
2.06707
2.04943
2.03185
2.01433
1.99688
1.97951
1.96221
1.94498
1.92784
1.91079
1.89382
1.87694
1.86016
1.84348
1.82691
1.81043
1.79407
1.77782
1.76169
1.74568
1.72979
1.71402
1.69838
1.68288
1.6675
1.65225
1.63714
1.62216
1.6073
1.59258
1.57799
1.56352
1.54916
1.53493
1.5208
1.50677
1.49285
1.47901
1.46525
1.45157
1.43795
1.4244
1.4109
1.39744
1.38403
1.37066
1.35731
1.34399
1.33069
1.31741
1.30413
1.29086
1.27759
1.26432
1.25104
1.23774
1.22444
1.21112
1.19783
1.18444
1.17138
1.15746
1.14632
1.12548
2.72015
2.70204
2.68391
2.66576
2.64761
2.62944
2.61126
2.59308
2.57488
2.55669
2.53849
2.52029
2.50209
2.48389
2.46569
2.4475
2.42931
2.41113
2.39296
2.3748
2.35665
2.33852
2.3204
2.3023
2.28422
2.26617
2.24816
2.23019
2.21226
2.19437
2.17652
2.15873
2.14098
2.12328
2.10565
2.08807
2.07055
2.0531
2.03572
2.01841
2.00118
1.98402
1.96695
1.94997
1.93308
1.91628
1.89958
1.88298
1.86649
1.8501
1.83383
1.81768
1.80165
1.78574
1.76996
1.75431
1.7388
1.72342
1.70818
1.69308
1.67813
1.66332
1.64864
1.63412
1.61973
1.60547
1.59135
1.57736
1.56349
1.54974
1.53609
1.52255
1.50909
1.49571
1.48239
1.46914
1.45593
1.44276
1.42962
1.4165
1.40339
1.39029
1.3772
1.36411
1.35102
1.33793
1.32484
1.31177
1.29871
1.28567
1.27267
1.25969
1.24678
1.23391
1.22117
1.20842
1.1961
1.18305
1.17281
1.15372
2.72084
2.70282
2.68478
2.66674
2.64869
2.63063
2.61258
2.59452
2.57647
2.55841
2.54037
2.52232
2.50429
2.48626
2.46824
2.45023
2.43225
2.41428
2.39633
2.3784
2.36049
2.3426
2.32474
2.30691
2.28911
2.27134
2.25361
2.23592
2.21827
2.20066
2.18311
2.16561
2.14817
2.13078
2.11346
2.09621
2.07902
2.06191
2.04487
2.02792
2.01105
1.99427
1.97758
1.96098
1.94449
1.9281
1.91181
1.89564
1.87958
1.86365
1.84784
1.83215
1.8166
1.80119
1.78591
1.77077
1.75578
1.74094
1.72624
1.7117
1.6973
1.68306
1.66897
1.65502
1.64121
1.62754
1.614
1.60058
1.58727
1.57407
1.56096
1.54792
1.53494
1.522
1.5091
1.49621
1.48333
1.47043
1.45752
1.44459
1.43163
1.41864
1.40565
1.39265
1.37967
1.36674
1.35386
1.34109
1.32844
1.31595
1.30365
1.29156
1.27973
1.26816
1.25694
1.24596
1.23566
1.22489
1.21695
1.20218
2.72425
2.70649
2.68872
2.67097
2.65322
2.63548
2.61775
2.60003
2.58233
2.56464
2.54697
2.52931
2.51167
2.49404
2.47644
2.45886
2.44129
2.42375
2.40624
2.38874
2.37127
2.35383
2.33641
2.31903
2.3017
2.28441
2.26717
2.24999
2.23285
2.21577
2.19875
2.18178
2.16488
2.14804
2.13127
2.11457
2.09795
2.08141
2.06494
2.04856
2.03227
2.01608
1.99998
1.98399
1.96809
1.95231
1.93665
1.9211
1.90568
1.89038
1.87521
1.86018
1.84529
1.83053
1.81592
1.80146
1.78715
1.77298
1.75897
1.7451
1.73138
1.7178
1.70436
1.69104
1.67786
1.66478
1.6518
1.6389
1.62608
1.6133
1.60055
1.58781
1.57506
1.56228
1.54946
1.53657
1.52362
1.5106
1.49753
1.48441
1.47129
1.4582
1.44521
1.43236
1.41974
1.40743
1.39549
1.38402
1.37308
1.36274
1.35305
1.34406
1.33579
1.32826
1.32155
1.31553
1.31065
1.30582
1.30364
1.29919
2.73487
2.71785
2.70086
2.68389
2.66694
2.65003
2.63313
2.61627
2.59943
2.58262
2.56583
2.54906
2.53232
2.5156
2.49891
2.48225
2.46562
2.44902
2.43244
2.41589
2.39937
2.38287
2.36641
2.34997
2.33357
2.31721
2.30088
2.28459
2.26835
2.25215
2.236
2.21991
2.20386
2.18788
2.17196
2.1561
2.1403
2.12458
2.10894
2.09338
2.0779
2.0625
2.0472
2.032
2.0169
2.0019
1.987
1.97222
1.95756
1.94301
1.92858
1.91428
1.9001
1.88605
1.87213
1.85832
1.84465
1.83109
1.81764
1.80431
1.79107
1.77792
1.76485
1.75183
1.73886
1.72592
1.71297
1.7
1.687
1.67392
1.66075
1.64748
1.6341
1.62059
1.60698
1.59329
1.57956
1.56585
1.55227
1.53891
1.52592
1.51347
1.50171
1.49084
1.48105
1.47249
1.46533
1.4597
1.45568
1.45333
1.45267
1.45369
1.45636
1.46061
1.46647
1.47375
1.48291
1.49299
1.50508
1.52531
2.77202
2.7568
2.74162
2.72647
2.71134
2.69624
2.68117
2.66611
2.65107
2.63604
2.62102
2.60601
2.59101
2.576
2.561
2.54599
2.53098
2.51597
2.50095
2.48591
2.47088
2.45586
2.44084
2.42584
2.41085
2.39586
2.38089
2.36593
2.35099
2.33605
2.32114
2.30625
2.29138
2.27653
2.26172
2.24693
2.23219
2.21748
2.20281
2.18819
2.17362
2.15911
2.14465
2.13024
2.1159
2.10162
2.08741
2.07326
2.05917
2.04515
2.0312
2.0173
2.00346
1.98966
1.97592
1.96221
1.94853
1.93486
1.9212
1.90754
1.89385
1.88013
1.86635
1.85251
1.83859
1.82457
1.81045
1.79623
1.78191
1.76751
1.75306
1.73862
1.72425
1.71007
1.69622
1.68286
1.67022
1.65856
1.64818
1.63942
1.63267
1.6283
1.62672
1.62829
1.63332
1.64208
1.65473
1.67133
1.69186
1.7162
1.74414
1.77545
1.80987
1.8472
1.88739
1.93022
1.97627
2.02509
2.07393
2.15738
2.88893
2.87751
2.86607
2.85459
2.84306
2.83149
2.81987
2.80818
2.79643
2.78461
2.77273
2.76078
2.74875
2.73665
2.72447
2.71221
2.69986
2.68743
2.67491
2.66231
2.64961
2.63682
2.62395
2.61099
2.59794
2.58481
2.5716
2.5583
2.54492
2.53147
2.51794
2.50434
2.49067
2.47693
2.46312
2.44925
2.43531
2.42131
2.40725
2.39313
2.37895
2.36471
2.35041
2.33605
2.32164
2.30717
2.29263
2.27804
2.2634
2.24869
2.23393
2.21913
2.20428
2.1894
2.1745
2.1596
2.14473
2.12992
2.11519
2.10061
2.08621
2.07208
2.0583
2.04496
2.03217
2.02009
2.00886
1.99869
1.98977
1.98237
1.97676
1.97327
1.97224
1.97407
1.97919
1.98807
2.00121
2.01915
2.04246
2.07172
2.10753
2.15046
2.20106
2.2598
2.32702
2.40292
2.48748
2.58052
2.68163
2.79024
2.90563
3.02702
3.1539
3.2859
3.42307
3.56502
3.71292
3.86653
4.01476
4.26545
3.25773
3.2534
3.24882
3.24397
3.23886
3.23346
3.22777
3.22182
3.2156
3.20911
3.20235
3.19531
3.188
3.18041
3.17255
3.1644
3.15598
3.14728
3.1383
3.12905
3.11953
3.10973
3.09966
3.08932
3.07872
3.06785
3.05672
3.04533
3.03369
3.0218
3.00967
2.99729
2.98469
2.97186
2.95882
2.94558
2.93216
2.91857
2.90484
2.891
2.87708
2.86311
2.84915
2.83525
2.82147
2.80789
2.79459
2.78168
2.76928
2.75754
2.74665
2.73678
2.72817
2.72106
2.71573
2.71251
2.71174
2.71384
2.71926
2.7285
2.74213
2.76079
2.78516
2.81603
2.85424
2.90071
2.95642
3.02243
3.09985
3.18982
3.2935
3.41204
3.54651
3.69791
3.86705
4.05454
4.2607
4.48552
4.7286
4.98918
5.26607
5.55775
5.86243
6.17817
6.50296
6.83492
7.17219
7.51317
7.85638
8.20019
8.54446
8.89056
9.23877
9.58757
9.93532
10.2771
10.6152
10.936
11.2421
11.6935
4.59278
4.60686
4.62033
4.63321
4.6455
4.65721
4.66836
4.67897
4.68904
4.6986
4.70767
4.71626
4.72439
4.73209
4.73938
4.74629
4.75285
4.75908
4.76502
4.7707
4.77615
4.78143
4.78658
4.79164
4.79667
4.80174
4.80692
4.81229
4.81793
4.82396
4.83048
4.83764
4.84557
4.85445
4.86446
4.87583
4.88877
4.90357
4.92051
4.93992
4.96216
4.98764
5.01679
5.0501
5.0881
5.13137
5.18055
5.23635
5.29996
5.37236
5.4545
5.54743
5.65232
5.77044
5.90321
6.05219
6.21912
6.40591
6.61467
6.84774
7.10767
7.39729
7.71968
8.07822
8.47658
8.91871
9.40885
9.95151
10.5514
11.2134
11.9423
12.7428
13.6192
14.575
15.6125
16.7324
17.9328
19.2088
20.5518
21.9486
23.3815
24.8276
26.2602
27.6492
28.9636
30.1733
31.2525
32.1752
32.9248
33.4907
33.9076
34.2232
34.4338
34.5261
34.4937
34.3233
34.0437
33.578
33.1767
32.2803
13.0667
13.2372
13.4081
13.5793
13.751
13.9231
14.0957
14.2687
14.4421
14.6161
14.7906
14.9656
15.1413
15.3176
15.4946
15.6724
15.8511
16.0309
16.2118
16.394
16.5778
16.7632
16.9507
17.1403
17.3325
17.5275
17.7258
17.9277
18.1336
18.3441
18.5595
18.7806
19.0077
19.2415
19.4826
19.7317
19.9895
20.2566
20.5338
20.822
21.1219
21.4344
21.7605
22.1012
22.4576
22.8308
23.2222
23.633
24.065
24.5197
24.9992
25.5056
26.0413
26.609
27.2118
27.8532
28.537
29.2678
30.0506
30.8913
31.7963
32.7733
33.8308
34.9785
36.2276
37.5904
39.0813
40.7159
42.5119
44.4885
46.6668
49.0687
51.717
54.6339
57.8399
61.3512
65.1779
69.3199
73.7636
78.4776
83.4093
88.4816
93.592
98.6131
103.399
107.785
111.63
114.689
116.807
117.9
117.905
116.812
114.722
111.786
108.189
104.074
99.7018
94.8957
90.8061
83.9404
89.6636
90.9369
92.1852
93.4066
94.5991
95.761
96.8905
97.9857
99.0449
100.067
101.049
101.99
102.889
103.744
104.554
105.317
106.032
106.698
107.313
107.877
108.388
108.845
109.248
109.596
109.886
110.12
110.296
110.412
110.469
110.465
110.4
110.272
110.082
109.827
109.508
109.122
108.67
108.15
107.561
106.902
106.172
105.369
104.494
103.543
102.517
101.413
100.232
98.9711
97.6306
96.2094
94.7068
93.1224
91.4562
89.7083
87.8793
85.9703
83.9829
81.9191
79.7819
77.575
75.303
72.9716
70.5878
68.1598
65.6973
63.2116
60.7161
58.2258
55.758
53.3319
50.9692
48.6934
46.5303
44.5073
42.653
40.9969
39.5682
38.3951
37.5031
36.9137
36.6424
36.6968
37.0745
37.7618
38.7324
39.9485
41.3706
43.3435
45.6782
48.1437
50.5301
52.6633
54.4291
55.77
56.6807
57.1689
57.3343
57.0958
57.0962
56.9471
0.635842
0.615111
0.832485
0.973807
1.05941
1.10594
1.12647
1.13063
1.12078
1.1006
1.08876
1.08639
1.0836
1.08325
1.08939
1.10683
1.14082
1.19652
1.27686
1.38644
1.54
1.79292
2.34054
3.22565
4.4405
5.91708
7.56257
9.29847
11.0747
12.8652
14.659
16.4534
18.2475
20.0329
21.7991
23.5368
25.2408
26.9124
28.5494
30.1482
31.7039
33.2099
34.6575
36.0348
37.3272
38.5716
39.8126
41.0577
42.3094
43.5617
44.808
46.0431
47.2635
48.4666
49.6504
50.8136
51.9551
53.0746
54.1716
55.2465
56.2994
57.3312
58.3422
59.3325
60.303
61.2544
62.189
63.1123
64.0405
65.0206
66.2358
67.8254
69.3492
70.7575
72.087
73.3612
74.5659
75.5578
75.9453
75.5463
76.0469
76.7472
77.179
77.4817
77.627
77.6031
77.4181
77.085
76.6185
76.0339
75.3459
74.5695
73.7185
72.8127
71.8675
70.9382
70.0348
69.4642
68.9445
71.2688
1.52668
0.913027
0.771014
0.753106
0.757632
0.764162
0.770877
0.779946
0.795141
0.820063
0.859103
0.917995
1.00162
1.11734
1.2768
1.49686
1.8002
2.21558
2.77679
3.51063
4.41363
5.38484
6.2274
6.84961
7.32842
7.75261
8.17751
8.6404
9.17769
9.82093
10.5895
11.4598
12.2903
13.1022
13.9375
14.8456
15.8661
16.9268
18.0098
19.1082
20.2174
21.3321
22.4467
23.5556
24.6523
25.7311
26.7977
27.8636
28.9298
29.9958
31.061
32.1254
33.1882
34.248
35.3032
36.3518
37.3916
38.4203
39.4353
40.4339
41.4133
42.3707
43.3034
44.2086
45.0835
45.9258
46.7337
47.5077
48.2513
48.9712
49.6588
50.2709
50.7732
51.177
51.4886
51.7101
51.8316
51.8209
51.6403
51.3548
51.1209
50.9254
50.7127
50.4321
50.0519
49.5724
49.0005
48.3455
47.6173
46.8257
45.9793
45.0864
44.1521
43.1854
42.1787
41.1579
40.048
39.0147
37.7175
36.6102
2.49337
1.30299
1.07996
1.02858
1.02193
1.0338
1.05889
1.09736
1.14839
1.21449
1.29989
1.41399
1.5703
1.78738
2.08895
2.50375
3.06083
3.77585
4.62517
5.52139
6.32244
6.88559
7.15438
7.2176
7.2408
7.3669
7.6884
8.25146
9.01222
9.95827
11.1295
12.4096
13.7164
15.0098
16.2759
17.516
18.7365
19.9441
21.1507
22.3666
23.6
24.8564
26.1399
27.4546
28.8057
30.1972
31.6285
33.0974
34.5978
36.1237
37.669
39.228
40.7961
42.369
43.9421
45.5112
47.0717
48.6189
50.1479
51.6537
53.1306
54.5731
55.9753
57.3307
58.6327
59.8751
61.0517
62.1574
63.1877
64.1374
64.9984
65.7547
66.3847
66.8785
67.2379
67.4729
67.588
67.5681
67.3497
66.8938
66.2807
65.6268
64.9313
64.1499
63.2558
62.2477
61.1337
59.9255
58.6359
57.2769
55.8598
54.3946
52.8897
51.3517
49.7808
48.1838
46.5251
44.8824
42.9986
41.3817
3.77565
1.78166
1.47542
1.41121
1.40975
1.43903
1.48669
1.55372
1.64023
1.74904
1.88607
2.06262
2.29512
2.60342
3.00766
3.52174
4.1412
4.82804
5.50281
6.06091
6.41896
6.56893
6.5987
6.65763
6.89256
7.38663
8.07613
8.98096
10.1477
11.5708
13.1397
14.772
16.4292
18.1051
19.8085
21.5485
23.3285
25.1466
26.9981
28.8788
30.7868
32.7232
34.691
36.6941
38.7356
40.8143
42.9239
45.0537
47.1977
49.3535
51.5188
53.6912
55.8672
58.0418
60.2089
62.3619
64.494
66.5977
68.6651
70.6883
72.6585
74.5671
76.4042
78.1591
79.8211
81.3792
82.8227
84.141
85.326
86.3716
87.2723
88.0169
88.5883
88.9762
89.1836
89.2208
89.0929
88.7817
88.2364
87.4061
86.3363
85.1319
83.8281
82.4124
80.8715
79.2068
77.4277
75.5473
73.5807
71.5429
69.4486
67.3104
65.14
62.9446
60.7302
58.4951
56.2313
53.9629
51.584
49.3715
5.13082
2.3027
1.91171
1.83983
1.85127
1.90601
1.98481
2.08583
2.21055
2.36346
2.55026
2.77923
3.0606
3.40339
3.81048
4.27217
4.7598
5.22477
5.60963
5.87387
6.02402
6.12775
6.2988
6.65747
7.2284
8.01057
9.02514
10.3483
11.9337
13.7102
15.6169
17.6279
19.7413
21.9615
24.286
26.7016
29.1883
31.7256
34.2975
36.8946
39.514
42.1558
44.8209
47.5108
50.2264
52.9675
55.7314
58.5132
61.3083
64.1122
66.9201
69.7264
72.5242
75.3054
78.0609
80.781
83.4559
86.0748
88.6266
91.0995
93.4815
95.7609
97.925
99.9595
101.85
103.582
105.141
106.515
107.691
108.663
109.426
109.973
110.294
110.383
110.24
109.873
109.289
108.475
107.394
106.012
104.357
102.508
100.515
98.3893
96.1338
93.7571
91.2724
88.6961
86.0463
83.3407
80.5963
77.8277
75.0484
72.2658
69.4897
66.7138
63.9514
61.1914
58.4527
55.7447
6.412
2.8169
2.35638
2.2913
2.33184
2.43116
2.56346
2.72387
2.9102
3.12426
3.36882
3.64801
3.96361
4.31352
4.68813
5.06819
5.42595
5.73211
5.96918
6.14691
6.31117
6.53842
6.91617
7.51691
8.36637
9.50274
10.936
12.6554
14.6159
16.7776
19.1227
21.6503
24.3611
27.2449
30.279
33.4332
36.6775
39.988
43.3479
46.7475
50.1818
53.6454
57.1306
60.6294
64.1344
67.6357
71.1258
74.6004
78.0562
81.4887
84.894
88.268
91.6023
94.8865
98.1098
101.26
104.325
107.29
110.142
112.866
115.447
117.869
120.118
122.177
124.03
125.66
127.051
128.189
129.063
129.667
129.996
130.049
129.82
129.309
128.522
127.471
126.164
124.603
122.77
120.651
118.265
115.672
112.922
110.04
107.045
103.954
100.786
97.5585
94.2925
91.0061
87.7165
84.4377
81.1831
77.9586
74.7754
71.6235
68.5299
65.4609
62.5193
59.4857
7.69594
3.31663
2.80245
2.76804
2.87094
3.05648
3.29232
3.56907
3.87884
4.2182
4.58333
4.97218
5.38137
5.80182
6.2188
6.61245
6.96325
7.261
7.51443
7.75791
8.05114
8.47053
9.09469
9.98885
11.1961
12.7386
14.606
16.7689
19.1972
21.8774
24.8106
27.9988
31.4321
35.0856
38.9228
42.9042
46.9944
51.1642
55.3915
59.6595
63.9527
68.2504
72.536
76.7961
81.0167
85.1884
89.3056
93.3653
97.3644
101.299
105.163
108.949
112.647
116.243
119.724
123.076
126.284
129.332
132.203
134.882
137.351
139.594
141.594
143.333
144.797
145.967
146.831
147.376
147.595
147.485
147.047
146.284
145.203
143.811
142.121
140.152
137.922
135.444
132.719
129.751
126.56
123.194
119.7
116.111
112.453
108.748
105.017
101.28
97.5549
93.8589
90.2066
86.6095
83.0778
79.6146
76.2294
72.9095
69.6877
66.517
63.5493
60.4009
8.78213
3.76476
3.25321
3.29746
3.52611
3.87915
4.31963
4.83442
5.40903
6.03249
6.69105
7.37005
8.05618
8.73542
9.38655
9.98519
10.5152
10.9785
11.4019
11.8375
12.3602
13.0597
14.0258
15.3303
17.0154
19.0856
21.5141
24.2662
27.3208
30.676
34.3382
38.3053
42.5575
47.0579
51.7591
56.6116
61.5708
66.5991
71.6658
76.7439
81.8066
86.8304
91.7945
96.6833
101.483
106.181
110.769
115.24
119.585
123.798
127.871
131.795
135.56
139.153
142.558
145.762
148.749
151.503
154.007
156.243
158.195
159.846
161.183
162.189
162.853
163.162
163.109
162.688
161.899
160.747
159.24
157.392
155.219
152.739
149.977
146.958
143.712
140.262
136.626
132.82
128.868
124.812
120.691
116.541
112.387
108.252
104.157
100.118
96.1489
92.263
88.4699
84.7759
81.1867
77.701
74.3246
71.0422
67.8867
64.8056
61.9704
58.9057
9.62719
4.18417
3.73611
3.94547
4.42143
5.10467
5.95682
6.96394
8.10525
9.36022
10.6987
12.084
13.4708
14.8209
16.1019
17.2654
18.2883
19.1855
20.0034
20.8177
21.7293
22.858
24.3203
26.2002
28.5329
31.3037
34.4676
37.9779
41.8092
45.9591
50.4328
55.2245
60.3074
65.6357
71.1505
76.7915
82.5034
88.2369
93.9495
99.6086
105.187
110.66
116.008
121.212
126.256
131.124
135.806
140.292
144.575
148.646
152.499
156.125
159.514
162.652
165.527
168.123
170.426
172.421
174.091
175.422
176.401
177.016
177.257
177.116
176.589
175.671
174.366
172.678
170.616
168.196
165.436
162.361
158.996
155.372
151.521
147.478
143.279
138.956
134.538
130.047
125.51
120.96
116.43
111.951
107.543
103.226
99.0124
94.9148
90.9413
87.0976
83.3874
79.8112
76.3691
73.0551
69.8708
66.7987
63.8681
61.027
58.4455
55.6208
10.1766
4.6077
4.34495
4.90764
5.90231
7.27516
8.99029
11.0382
13.3913
16.0162
18.8548
21.8294
24.8329
27.7374
30.4559
32.8811
34.9903
36.8145
38.4211
39.9169
41.449
43.1856
45.2823
47.844
50.9035
54.4295
58.3551
62.6136
67.1636
71.9927
77.1001
82.4751
88.0873
93.889
99.817
105.803
111.783
117.703
123.524
129.213
134.746
140.1
145.256
150.197
154.906
159.369
163.572
167.507
171.165
174.537
177.616
180.394
182.861
185.007
186.82
188.287
189.399
190.142
190.507
190.486
190.073
189.264
188.058
186.458
184.469
182.099
179.36
176.268
172.843
169.11
165.098
160.838
156.368
151.723
146.943
142.069
137.138
132.187
127.246
122.339
117.49
112.723
108.062
103.527
99.1323
94.8884
90.8021
86.8773
83.1153
79.5153
76.0747
72.7885
69.6515
66.6539
63.7932
61.0508
58.451
55.9458
53.6916
51.2056
10.5989
5.12485
5.38059
6.80857
9.02224
11.9651
15.5962
19.9068
24.8396
30.3257
36.2503
42.4695
48.7783
54.9053
60.5422
65.3892
69.5448
73.0579
76.0181
78.562
80.8931
83.2427
85.8247
88.7848
92.1767
95.9743
100.106
104.493
109.083
113.852
118.798
123.909
129.157
134.5
139.874
145.22
150.481
155.617
160.594
165.386
169.971
174.329
178.441
182.29
185.862
189.142
192.117
194.778
197.115
199.12
200.786
202.105
203.071
203.674
203.909
203.768
203.246
202.34
201.048
199.37
197.309
194.871
192.066
188.904
185.4
181.571
177.438
173.027
168.365
163.484
158.421
153.214
147.903
142.529
137.133
131.753
126.427
121.185
116.055
111.056
106.204
101.515
96.9999
92.6694
88.5285
84.579
80.8203
77.2491
73.8607
70.6484
67.6046
64.7201
61.9859
59.3897
56.9259
54.5759
52.3589
50.2329
48.3344
46.2307
10.5052
6.18993
8.0788
12.0953
17.6791
24.6874
32.9723
42.4395
52.8696
64.0715
75.786
87.7737
99.6786
111.141
121.596
130.29
137.302
142.903
147.254
150.564
153.11
155.201
157.13
159.124
161.304
163.703
166.292
169.021
171.853
174.776
177.79
180.884
184.046
187.242
190.44
193.603
196.695
199.681
202.532
205.222
207.728
210.029
212.103
213.933
215.5
216.787
217.78
218.466
218.834
218.874
218.581
217.949
216.974
215.653
213.985
211.97
209.61
206.908
203.87
200.503
196.815
192.819
188.53
183.964
179.142
174.087
168.827
163.393
157.818
152.139
146.394
140.623
134.864
129.157
123.537
118.037
112.687
107.509
102.522
97.7377
93.1629
88.8027
84.6597
80.734
77.0225
73.5202
70.2202
67.1141
64.1924
61.4448
58.8605
56.4277
54.1352
51.9696
49.9234
47.9793
46.1516
44.4055
42.8557
41.1345
11.3778
10.6944
19.7386
32.8316
48.6801
66.5602
85.8471
106.146
126.868
147.541
167.714
187.104
205.351
222.084
236.747
248.73
257.375
263.156
266.562
268.037
268.01
266.909
265.133
263.019
260.804
258.629
256.562
254.628
252.84
251.209
249.744
248.462
247.368
246.45
245.684
245.038
244.476
243.958
243.448
242.911
242.313
241.623
240.814
239.859
238.733
237.416
235.889
234.136
232.145
229.908
227.418
224.669
221.661
218.392
214.862
211.073
207.028
202.731
198.189
193.409
188.403
183.185
177.771
172.184
166.447
160.588
154.637
148.627
142.593
136.57
130.595
124.702
118.925
113.294
107.837
102.576
97.5311
92.7158
88.1385
83.8025
79.7068
75.8484
72.2219
68.8205
65.6356
62.6574
59.8749
57.2768
54.8513
52.5859
50.4686
48.4865
46.628
44.8795
43.233
41.6728
40.2097
38.8154
37.5842
36.2164
15.2986
41.4713
82.7688
125.934
168.69
210.342
249.387
285.009
316.798
344.661
368.759
389.72
407.262
421.268
431.901
439.094
442.016
440.969
436.696
429.924
421.293
411.377
400.694
389.683
378.686
367.943
357.607
347.766
338.468
329.736
321.578
313.993
306.967
300.468
294.455
288.876
283.678
278.804
274.2
269.814
265.598
261.507
257.5
253.54
249.593
245.63
241.624
237.552
233.394
229.134
224.757
220.253
215.61
210.822
205.882
200.789
195.539
190.137
184.586
178.896
173.078
167.149
161.128
155.038
148.905
142.757
136.624
130.536
124.524
118.618
112.848
107.239
101.817
96.6023
91.6121
86.8601
82.3555
78.1032
74.104
70.3543
66.8475
63.5748
60.5266
57.6918
55.0588
52.6156
50.3497
48.2486
46.2997
44.4906
42.809
41.2425
39.7796
38.4078
37.1193
35.9003
34.7589
33.6727
32.7179
31.6595
64.3514
425.684
527.707
606.63
666.661
712.986
747.134
769.071
779.925
781.678
776.25
765.157
750.342
733.115
714.301
694.17
672.756
649.856
625.677
600.667
575.319
550.089
525.366
501.474
478.653
457.065
436.795
417.869
400.274
383.969
368.895
354.986
342.168
330.362
319.484
309.447
300.165
291.552
283.53
276.022
268.956
262.268
255.895
249.784
243.881
238.142
232.523
226.987
221.5
216.031
210.557
205.055
199.508
193.902
188.23
182.484
176.665
170.775
164.822
158.815
152.77
146.702
140.633
134.584
128.579
122.643
116.8
111.075
105.493
100.076
94.8455
89.8186
85.0114
80.4359
76.1012
72.0127
68.1724
64.579
61.228
58.1117
55.2203
52.5428
50.0671
47.7813
45.6728
43.7292
41.9384
40.2881
38.7665
37.3619
36.0628
34.858
33.737
32.6886
31.7056
30.7761
29.9066
29.0797
28.3557
27.5575
)
;

boundaryField
{
    outlet
    {
        type            zeroGradient;
    }
    inlet
    {
        type            fixedValue;
        value           uniform 3.54;
    }
    lowerWall
    {
        Cmu             0.09;
        kappa           0.41;
        E               9.8;
        type            epsilonWallFunction;
        value           nonuniform List<scalar> 
148
(
115.949
152.042
190.661
230.213
269.213
306.364
340.623
371.268
397.899
420.4
438.868
453.554
464.802
473.008
478.579
481.91
483.369
483.291
481.97
479.662
476.585
472.925
468.836
464.445
459.857
455.159
450.419
445.691
441.021
436.443
431.977
427.728
425.1
0.635842
1.52668
2.49337
3.77565
5.13082
6.412
7.69594
8.78213
9.62719
10.1766
10.5989
10.5052
11.3778
15.2986
64.3514
0.635842
0.615111
0.832485
0.973807
1.05941
1.10594
1.12647
1.13063
1.12078
1.1006
1.08876
1.08639
1.0836
1.08325
1.08939
1.10683
1.14082
1.19652
1.27686
1.38644
1.54
1.79292
2.34054
3.22565
4.4405
5.91708
7.56257
9.29847
11.0747
12.8652
14.659
16.4534
18.2475
20.0329
21.7991
23.5368
25.2408
26.9124
28.5494
30.1482
31.7039
33.2099
34.6575
36.0348
37.3272
38.5716
39.8126
41.0577
42.3094
43.5617
44.808
46.0431
47.2635
48.4666
49.6504
50.8136
51.9551
53.0746
54.1716
55.2465
56.2994
57.3312
58.3422
59.3325
60.303
61.2544
62.189
63.1123
64.0405
65.0206
66.2358
67.8254
69.3492
70.7575
72.087
73.3612
74.5659
75.5578
75.9453
75.5463
76.0469
76.7472
77.179
77.4817
77.627
77.6031
77.4181
77.085
76.6185
76.0339
75.3459
74.5695
73.7185
72.8127
71.8675
70.9382
70.0348
69.4642
68.9445
71.2688
)
;
    }
    upperWall
    {
        Cmu             0.09;
        kappa           0.41;
        E               9.8;
        type            epsilonWallFunction;
        value           nonuniform List<scalar> 
133
(
31.176
33.6247
36.0474
38.4445
40.8147
43.1561
45.4659
47.7407
49.9772
52.1722
54.323
56.4269
58.4817
60.4855
62.4367
64.3341
66.1768
67.964
69.6956
71.3714
72.9915
74.5563
76.0664
77.5224
78.9252
80.2757
81.5751
82.8244
84.025
85.178
86.2849
87.3475
88.3745
89.6636
90.9369
92.1852
93.4066
94.5991
95.761
96.8905
97.9857
99.0449
100.067
101.049
101.99
102.889
103.744
104.554
105.317
106.032
106.698
107.313
107.877
108.388
108.845
109.248
109.596
109.886
110.12
110.296
110.412
110.469
110.465
110.4
110.272
110.082
109.827
109.508
109.122
108.67
108.15
107.561
106.902
106.172
105.369
104.494
103.543
102.517
101.413
100.232
98.9711
97.6306
96.2094
94.7068
93.1224
91.4562
89.7083
87.8793
85.9703
83.9829
81.9191
79.7819
77.575
75.303
72.9716
70.5878
68.1598
65.6973
63.2116
60.7161
58.2258
55.758
53.3319
50.9692
48.6934
46.5303
44.5073
42.653
40.9969
39.5682
38.3951
37.5031
36.9137
36.6424
36.6968
37.0745
37.7618
38.7324
39.9485
41.3706
43.3435
45.6782
48.1437
50.5301
52.6633
54.4291
55.77
56.6807
57.1689
57.3343
57.0958
57.0962
56.9471
)
;
    }
    frontAndBack
    {
        type            empty;
    }
}


// ************************************************************************* //
