/*--------------------------------*- C++ -*----------------------------------*\
| =========                 |                                                 |
| \\      /  F ield         | OpenFOAM: The Open Source CFD Toolbox           |
|  \\    /   O peration     | Version:  4.1                                   |
|   \\  /    A nd           | Web:      www.OpenFOAM.org                      |
|    \\/     M anipulation  |                                                 |
\*---------------------------------------------------------------------------*/
FoamFile
{
    version     2.0;
    format      ascii;
    class       volScalarField;
    location    "1000";
    object      k;
}
// * * * * * * * * * * * * * * * * * * * * * * * * * * * * * * * * * * * * * //

dimensions      [0 2 -2 0 0 0 0];

internalField   nonuniform List<scalar> 
6820
(
0.241787
0.289665
0.336844
0.381951
0.423953
0.46211
0.495948
0.525265
0.550093
0.57064
0.587232
0.60026
0.610145
0.617305
0.622142
0.625026
0.626287
0.62622
0.625078
0.623081
0.620414
0.617234
0.613671
0.609834
0.605812
0.601679
0.597494
0.593307
0.589155
0.585072
0.581074
0.577259
0.574892
0.202474
0.204679
0.206995
0.209467
0.212041
0.214681
0.217362
0.220056
0.222733
0.22537
0.227954
0.230479
0.232942
0.235349
0.237707
0.240025
0.242313
0.24458
0.246836
0.249089
0.251344
0.253607
0.255883
0.258175
0.260482
0.262807
0.265146
0.2675
0.269864
0.272236
0.274614
0.276992
0.27989
0.199741
0.199215
0.198471
0.197596
0.196619
0.195573
0.194483
0.193366
0.192235
0.191099
0.18997
0.188855
0.187761
0.186695
0.185662
0.184667
0.183716
0.182812
0.181958
0.181158
0.180414
0.179725
0.17909
0.17851
0.177983
0.177509
0.177086
0.176713
0.176388
0.176112
0.175879
0.175696
0.175594
0.199153
0.198176
0.197113
0.195992
0.194809
0.193571
0.192297
0.191001
0.189694
0.188384
0.187078
0.185782
0.184501
0.183238
0.181997
0.180781
0.179591
0.178431
0.177301
0.176204
0.17514
0.17411
0.173114
0.172153
0.171225
0.170332
0.169471
0.168644
0.167849
0.167087
0.166355
0.165653
0.164982
0.198981
0.1979
0.196807
0.195699
0.194559
0.193388
0.192197
0.190994
0.189785
0.188574
0.187366
0.186167
0.184978
0.183802
0.182643
0.181503
0.180382
0.179283
0.178206
0.177153
0.176124
0.175121
0.174143
0.17319
0.172263
0.171361
0.170485
0.169633
0.168807
0.168005
0.167226
0.166471
0.165731
0.198926
0.197795
0.196678
0.195576
0.194473
0.193363
0.192249
0.191134
0.190019
0.188909
0.187806
0.186711
0.185628
0.184558
0.183504
0.182465
0.181444
0.180441
0.179457
0.178492
0.177548
0.176624
0.17572
0.174837
0.173974
0.173133
0.172312
0.171511
0.17073
0.169969
0.169228
0.168505
0.167791
0.198906
0.197755
0.196631
0.195537
0.194463
0.193399
0.192342
0.191294
0.190254
0.189222
0.188201
0.187192
0.186194
0.18521
0.184241
0.183286
0.182348
0.181426
0.180521
0.179633
0.178762
0.177909
0.177075
0.176258
0.175459
0.174677
0.173914
0.173168
0.17244
0.171729
0.171035
0.170356
0.169684
0.1989
0.19774
0.196611
0.195517
0.194452
0.193408
0.192382
0.191373
0.19038
0.189401
0.188437
0.187487
0.186552
0.185631
0.184727
0.183837
0.182964
0.182107
0.181266
0.180441
0.179633
0.178841
0.178066
0.177307
0.176564
0.175838
0.175127
0.174433
0.173754
0.173091
0.172443
0.171808
0.171178
0.198897
0.197734
0.196603
0.195508
0.194448
0.193415
0.192408
0.191424
0.19046
0.189517
0.188591
0.187683
0.186792
0.185919
0.185061
0.184221
0.183396
0.182588
0.181796
0.18102
0.18026
0.179516
0.178787
0.178074
0.177376
0.176694
0.176026
0.175373
0.174735
0.174111
0.173501
0.172903
0.17231
0.198896
0.197732
0.1966
0.195505
0.194445
0.193417
0.192417
0.191444
0.190496
0.189571
0.188668
0.187785
0.186923
0.186079
0.185254
0.184446
0.183657
0.182884
0.182128
0.181388
0.180664
0.179956
0.179264
0.178587
0.177925
0.177278
0.176645
0.176026
0.175422
0.174831
0.174253
0.173687
0.173124
0.198896
0.197731
0.196599
0.195504
0.194444
0.193417
0.192421
0.191454
0.190514
0.1896
0.18871
0.187844
0.186999
0.186175
0.185371
0.184587
0.183821
0.183073
0.182342
0.181629
0.180931
0.18025
0.179585
0.178935
0.1783
0.177679
0.177073
0.17648
0.175902
0.175336
0.174784
0.174242
0.173704
0.198896
0.19773
0.196599
0.195504
0.194444
0.193418
0.192423
0.191458
0.190521
0.189612
0.188729
0.18787
0.187035
0.186222
0.18543
0.184659
0.183908
0.183176
0.182462
0.181765
0.181086
0.180423
0.179777
0.179146
0.17853
0.177929
0.177342
0.176769
0.17621
0.175664
0.175131
0.174609
0.174091
0.198896
0.19773
0.196599
0.195504
0.194444
0.193418
0.192424
0.19146
0.190525
0.189618
0.188738
0.187884
0.187054
0.186247
0.185463
0.1847
0.183958
0.183235
0.182532
0.181847
0.181179
0.180529
0.179895
0.179277
0.178675
0.178088
0.177515
0.176956
0.176411
0.175879
0.17536
0.174852
0.174348
0.198896
0.19773
0.196599
0.195504
0.194445
0.193419
0.192425
0.191461
0.190527
0.189621
0.188743
0.18789
0.187062
0.186259
0.185478
0.184719
0.183981
0.183264
0.182567
0.181888
0.181227
0.180584
0.179958
0.179349
0.178755
0.178176
0.177612
0.177063
0.176528
0.176006
0.175496
0.174998
0.174504
0.198896
0.19773
0.196599
0.195505
0.194445
0.193419
0.192425
0.191462
0.190528
0.189623
0.188745
0.187893
0.187067
0.186265
0.185486
0.184729
0.183994
0.18328
0.182586
0.181911
0.181254
0.180616
0.179995
0.17939
0.178802
0.178229
0.177671
0.177127
0.176598
0.176082
0.17558
0.175088
0.174601
0.198896
0.19773
0.196599
0.195505
0.194446
0.19342
0.192426
0.191463
0.190529
0.189624
0.188747
0.187895
0.187069
0.186268
0.18549
0.184734
0.184
0.183288
0.182595
0.181922
0.181267
0.180631
0.180012
0.179411
0.178825
0.178255
0.177701
0.177161
0.176635
0.176123
0.175625
0.175137
0.174654
0.198896
0.19773
0.1966
0.195505
0.194446
0.19342
0.192426
0.191463
0.19053
0.189625
0.188748
0.187896
0.187071
0.18627
0.185492
0.184737
0.184004
0.183292
0.1826
0.181928
0.181275
0.18064
0.180023
0.179422
0.178838
0.17827
0.177718
0.17718
0.176657
0.176147
0.175651
0.175166
0.174686
0.198896
0.19773
0.1966
0.195505
0.194446
0.19342
0.192427
0.191464
0.19053
0.189626
0.188748
0.187897
0.187072
0.186271
0.185493
0.184739
0.184006
0.183294
0.182603
0.181931
0.181279
0.180644
0.180028
0.179428
0.178845
0.178278
0.177726
0.17719
0.176667
0.176159
0.175664
0.175181
0.174702
0.198896
0.197729
0.1966
0.195506
0.194446
0.193421
0.192427
0.191464
0.190531
0.189626
0.188749
0.187898
0.187073
0.186272
0.185494
0.18474
0.184007
0.183296
0.182605
0.181933
0.181281
0.180647
0.180031
0.179432
0.178849
0.178283
0.177732
0.177195
0.176674
0.176166
0.175672
0.17519
0.174712
0.198896
0.197729
0.1966
0.195506
0.194446
0.193421
0.192427
0.191464
0.190531
0.189627
0.188749
0.187899
0.187073
0.186272
0.185495
0.184741
0.184008
0.183297
0.182606
0.181935
0.181283
0.180649
0.180033
0.179434
0.178852
0.178285
0.177734
0.177199
0.176677
0.17617
0.175676
0.175194
0.174717
0.198896
0.197729
0.1966
0.195506
0.194447
0.193421
0.192427
0.191465
0.190532
0.189627
0.18875
0.187899
0.187074
0.186273
0.185496
0.184742
0.184009
0.183298
0.182607
0.181936
0.181284
0.18065
0.180034
0.179435
0.178853
0.178287
0.177737
0.177201
0.17668
0.176173
0.175679
0.175197
0.17472
0.198896
0.197729
0.1966
0.195506
0.194447
0.193421
0.192428
0.191465
0.190532
0.189627
0.18875
0.1879
0.187074
0.186274
0.185497
0.184742
0.18401
0.183299
0.182608
0.181937
0.181285
0.180651
0.180035
0.179437
0.178855
0.178288
0.177738
0.177202
0.176681
0.176174
0.175681
0.175199
0.174722
0.198896
0.197729
0.1966
0.195506
0.194447
0.193421
0.192428
0.191465
0.190532
0.189628
0.188751
0.1879
0.187075
0.186274
0.185497
0.184743
0.18401
0.183299
0.182608
0.181937
0.181285
0.180652
0.180036
0.179437
0.178855
0.178289
0.177739
0.177203
0.176683
0.176176
0.175682
0.1752
0.174723
0.198896
0.19773
0.1966
0.195506
0.194447
0.193421
0.192428
0.191465
0.190532
0.189628
0.188751
0.1879
0.187075
0.186274
0.185497
0.184743
0.184011
0.1833
0.182609
0.181938
0.181286
0.180652
0.180037
0.179438
0.178856
0.17829
0.17774
0.177204
0.176683
0.176176
0.175683
0.175201
0.174724
0.198896
0.197729
0.1966
0.195506
0.194447
0.193421
0.192428
0.191465
0.190532
0.189628
0.188751
0.1879
0.187075
0.186274
0.185497
0.184743
0.184011
0.1833
0.182609
0.181938
0.181286
0.180653
0.180037
0.179438
0.178856
0.17829
0.17774
0.177204
0.176683
0.176176
0.175683
0.175201
0.174724
0.198896
0.197729
0.1966
0.195506
0.194447
0.193421
0.192428
0.191465
0.190532
0.189628
0.188751
0.1879
0.187075
0.186274
0.185497
0.184743
0.184011
0.1833
0.182609
0.181938
0.181286
0.180653
0.180037
0.179438
0.178856
0.17829
0.17774
0.177204
0.176683
0.176177
0.175683
0.175201
0.174724
0.198896
0.197729
0.1966
0.195506
0.194447
0.193421
0.192428
0.191465
0.190532
0.189628
0.188751
0.1879
0.187075
0.186274
0.185497
0.184743
0.18401
0.183299
0.182608
0.181937
0.181285
0.180652
0.180036
0.179437
0.178855
0.178289
0.177738
0.177203
0.176682
0.176175
0.175681
0.175199
0.174722
0.198896
0.197729
0.1966
0.195506
0.194447
0.193421
0.192428
0.191465
0.190532
0.189628
0.188751
0.1879
0.187075
0.186274
0.185497
0.184743
0.18401
0.183299
0.182608
0.181937
0.181285
0.180652
0.180036
0.179437
0.178855
0.178289
0.177738
0.177203
0.176682
0.176175
0.175681
0.175199
0.174722
0.198896
0.197729
0.1966
0.195506
0.194447
0.193421
0.192428
0.191465
0.190532
0.189627
0.18875
0.187899
0.187074
0.186273
0.185496
0.184741
0.184009
0.183297
0.182606
0.181935
0.181283
0.180649
0.180033
0.179434
0.178852
0.178285
0.177735
0.177199
0.176678
0.176171
0.175677
0.175195
0.174718
0.198896
0.197729
0.1966
0.195506
0.194447
0.193421
0.192427
0.191465
0.190532
0.189627
0.18875
0.187899
0.187074
0.186273
0.185496
0.184742
0.184009
0.183298
0.182607
0.181936
0.181283
0.18065
0.180034
0.179435
0.178852
0.178286
0.177735
0.177199
0.176678
0.176171
0.175677
0.175195
0.174717
0.198896
0.197729
0.1966
0.195506
0.194447
0.193421
0.192427
0.191464
0.190531
0.189626
0.188749
0.187898
0.187072
0.186271
0.185493
0.184738
0.184005
0.183294
0.182602
0.181931
0.181278
0.180644
0.180028
0.179428
0.178846
0.178279
0.177728
0.177192
0.17667
0.176162
0.175668
0.175185
0.174708
0.198896
0.197729
0.1966
0.195506
0.194446
0.193421
0.192427
0.191464
0.190531
0.189627
0.18875
0.187899
0.187074
0.186273
0.185496
0.184741
0.184008
0.183297
0.182605
0.181934
0.181281
0.180646
0.18003
0.17943
0.178847
0.17828
0.177728
0.177191
0.176669
0.176161
0.175666
0.175182
0.174704
0.198896
0.19773
0.1966
0.195505
0.194446
0.19342
0.192426
0.191462
0.190528
0.189623
0.188745
0.187893
0.187067
0.186265
0.185487
0.184732
0.183998
0.183286
0.182594
0.181921
0.181267
0.180632
0.180014
0.179413
0.178829
0.178261
0.177708
0.17717
0.176646
0.176136
0.175639
0.175154
0.174674
0.198896
0.19773
0.1966
0.195506
0.194447
0.193422
0.192429
0.191467
0.190534
0.18963
0.188753
0.187901
0.187075
0.186274
0.185495
0.184739
0.184004
0.183291
0.182597
0.181923
0.181267
0.180629
0.180009
0.179405
0.178818
0.178247
0.17769
0.177149
0.176621
0.176108
0.175607
0.175118
0.174633
0.198896
0.19773
0.1966
0.195504
0.194443
0.193416
0.192421
0.191457
0.190522
0.189617
0.188738
0.187885
0.187057
0.186253
0.185472
0.184713
0.183975
0.183258
0.18256
0.181881
0.181221
0.180578
0.179952
0.179343
0.17875
0.178172
0.177609
0.177061
0.176527
0.176007
0.175499
0.175004
0.174512
0.198897
0.197733
0.196606
0.195516
0.194462
0.193441
0.19245
0.191489
0.190556
0.18965
0.18877
0.187914
0.187082
0.186273
0.185486
0.18472
0.183974
0.183248
0.182541
0.181852
0.181181
0.180527
0.17989
0.17927
0.178665
0.178075
0.1775
0.17694
0.176393
0.17586
0.175341
0.174832
0.174328
0.1989
0.197735
0.196605
0.195515
0.194465
0.193449
0.192464
0.191508
0.190579
0.189676
0.188796
0.187939
0.187104
0.186291
0.185497
0.184724
0.18397
0.183235
0.182518
0.181819
0.181138
0.180473
0.179825
0.179193
0.178577
0.177976
0.177391
0.176819
0.176262
0.175719
0.175189
0.174672
0.174158
0.198944
0.197852
0.196795
0.195774
0.194787
0.193827
0.192894
0.191986
0.191101
0.190238
0.189397
0.188577
0.187778
0.186998
0.186237
0.185495
0.184771
0.184066
0.183378
0.182708
0.182054
0.181417
0.180797
0.180192
0.179603
0.179029
0.178471
0.177927
0.177397
0.176881
0.176379
0.175889
0.175406
0.199227
0.198572
0.198048
0.197613
0.197233
0.196892
0.196584
0.196305
0.196052
0.195821
0.19561
0.195418
0.195243
0.195084
0.194942
0.194813
0.194699
0.194597
0.194508
0.194431
0.194364
0.194308
0.194261
0.194224
0.194195
0.194174
0.194162
0.194156
0.194157
0.194164
0.194178
0.194197
0.194225
0.209515
0.220347
0.230808
0.24093
0.250733
0.260233
0.269438
0.278351
0.286978
0.295321
0.303382
0.311166
0.318675
0.325913
0.332885
0.339595
0.346049
0.352252
0.35821
0.363929
0.369416
0.374677
0.379719
0.38455
0.389175
0.393602
0.397838
0.401889
0.405764
0.409467
0.413007
0.416391
0.419648
0.644258
0.805082
0.984479
1.16996
1.33647
1.47317
1.57919
1.65841
1.7168
1.76016
1.79287
1.81768
1.83662
1.85104
1.86173
1.86907
1.87287
1.87354
1.87079
1.8649
1.85632
1.84556
1.83316
1.81966
1.80559
1.79144
1.77762
1.76446
1.75223
1.7411
1.73121
1.72268
1.71556
1.70985
1.70554
1.70253
1.70073
1.69998
1.70012
1.70096
1.70229
1.7039
1.70558
1.70712
1.70831
1.70893
1.70881
1.70775
1.70559
1.70218
1.69739
1.69111
1.68326
1.67376
1.66256
1.64965
1.63502
1.61869
1.60071
1.58112
1.56002
1.53751
1.5137
1.48872
1.46273
1.43588
1.40834
1.38029
1.35191
1.32337
1.29487
1.26658
1.23867
1.21131
1.18466
1.15884
1.13399
1.11018
1.0875
1.06598
1.04564
1.02648
1.00849
0.99164
0.975895
0.961195
0.947474
0.934654
0.922649
0.911365
0.900707
0.890573
0.880872
0.871513
0.862471
0.853714
0.845521
0.838063
0.832758
0.829688
0.287841
0.307519
0.34216
0.39611
0.468652
0.556223
0.652979
0.752616
0.849878
0.941056
1.02402
1.09793
1.16298
1.21994
1.2698
1.31345
1.35139
1.38397
1.41195
1.43563
1.4553
1.47126
1.48385
1.49345
1.50047
1.50535
1.50851
1.51033
1.51117
1.51132
1.51107
1.51064
1.51023
1.50999
1.51001
1.51038
1.5111
1.51216
1.51349
1.51503
1.51665
1.51824
1.51965
1.52074
1.52135
1.52134
1.52055
1.51885
1.5161
1.5122
1.50703
1.50052
1.49261
1.48323
1.47237
1.46002
1.44618
1.43087
1.41416
1.39609
1.37676
1.35626
1.3347
1.3122
1.28892
1.26499
1.24058
1.21583
1.19092
1.166
1.14124
1.11679
1.0928
1.06941
1.04675
1.02492
1.00404
0.984158
0.965343
0.94762
0.930999
0.915473
0.901023
0.887618
0.875214
0.863755
0.853176
0.843402
0.834353
0.825939
0.81807
0.810651
0.803598
0.796824
0.790305
0.784011
0.778187
0.772977
0.769588
0.767952
0.175883
0.177379
0.180712
0.187102
0.197762
0.213718
0.236281
0.266322
0.30396
0.348548
0.399029
0.45404
0.512092
0.571731
0.631659
0.690742
0.747969
0.802296
0.85353
0.901453
0.945906
0.986782
1.02403
1.05768
1.08782
1.11462
1.1383
1.15909
1.17729
1.19318
1.20703
1.21913
1.22974
1.2391
1.24742
1.25488
1.26163
1.26776
1.27336
1.27845
1.28304
1.28711
1.29063
1.29354
1.29576
1.29721
1.29781
1.29747
1.29611
1.29365
1.29002
1.28516
1.27903
1.27159
1.26283
1.25274
1.24134
1.22867
1.21476
1.19969
1.18352
1.16637
1.14832
1.12951
1.11005
1.09009
1.06977
1.04922
1.02859
1.00802
0.987645
0.967602
0.948015
0.928999
0.91066
0.893092
0.876374
0.860566
0.84571
0.831828
0.818924
0.806991
0.796009
0.785946
0.77676
0.768401
0.760809
0.753917
0.747649
0.741926
0.736665
0.731779
0.727192
0.722825
0.718654
0.714651
0.71103
0.707905
0.706285
0.705943
0.164172
0.163488
0.163038
0.16304
0.163751
0.165459
0.168527
0.173355
0.180333
0.189998
0.202774
0.219001
0.238948
0.262769
0.290477
0.321908
0.356678
0.394163
0.433606
0.474413
0.515946
0.557566
0.598663
0.638688
0.677184
0.713794
0.748267
0.780444
0.810251
0.837687
0.862805
0.885707
0.906525
0.925415
0.942541
0.958067
0.972147
0.984923
0.996515
1.00702
1.01651
1.02505
1.03265
1.03933
1.04509
1.04991
1.05374
1.05656
1.05832
1.05898
1.05849
1.05683
1.05398
1.0499
1.0446
1.03809
1.03039
1.02154
1.01158
1.00057
0.988605
0.975756
0.962127
0.947825
0.932965
0.917666
0.902051
0.886243
0.870366
0.854539
0.83888
0.823501
0.808505
0.793992
0.78005
0.766757
0.754178
0.742367
0.731357
0.72117
0.711811
0.703272
0.695537
0.688581
0.682368
0.676854
0.671989
0.667713
0.663962
0.660667
0.657754
0.655148
0.652778
0.650575
0.648518
0.646579
0.644943
0.643691
0.643651
0.644443
0.164797
0.163875
0.162998
0.162212
0.161573
0.161149
0.161034
0.161341
0.162195
0.163748
0.166181
0.169688
0.174467
0.180727
0.18868
0.198534
0.210473
0.224621
0.240991
0.259616
0.280453
0.303377
0.328174
0.354552
0.382153
0.410581
0.439426
0.468288
0.4968
0.524644
0.551558
0.57734
0.601852
0.625006
0.646762
0.667119
0.686099
0.703745
0.720109
0.735245
0.749206
0.762037
0.773778
0.784454
0.794084
0.802672
0.810217
0.816709
0.822133
0.826472
0.829708
0.831826
0.832816
0.832675
0.831409
0.82903
0.825564
0.821048
0.815526
0.809058
0.80171
0.79356
0.784694
0.775204
0.765188
0.754748
0.743989
0.733015
0.721931
0.710837
0.699831
0.689009
0.678459
0.668263
0.658498
0.649229
0.640515
0.632403
0.624925
0.618102
0.611943
0.606447
0.601603
0.597394
0.593792
0.590764
0.58827
0.58626
0.584683
0.583479
0.582586
0.581939
0.581477
0.58114
0.580908
0.580755
0.580837
0.581205
0.582518
0.584262
0.166889
0.165976
0.165066
0.164173
0.163312
0.162504
0.161777
0.16117
0.160729
0.160505
0.160562
0.160974
0.16182
0.163187
0.165168
0.167861
0.17137
0.175794
0.181215
0.187723
0.195407
0.204346
0.2146
0.226205
0.239162
0.253434
0.268939
0.285555
0.303121
0.321446
0.340321
0.359527
0.378853
0.398099
0.417088
0.435669
0.453716
0.471132
0.487842
0.503794
0.518948
0.533278
0.546767
0.559399
0.571162
0.582045
0.592034
0.601115
0.609271
0.616486
0.622744
0.628034
0.632345
0.635674
0.638022
0.6394
0.639826
0.639326
0.637937
0.635703
0.632677
0.62892
0.624501
0.619494
0.613977
0.608034
0.601749
0.595207
0.588495
0.581694
0.574889
0.568156
0.56157
0.555203
0.549119
0.543376
0.538027
0.533114
0.52867
0.52472
0.521276
0.518344
0.515922
0.513998
0.512557
0.511576
0.511024
0.510865
0.511056
0.511551
0.512299
0.513244
0.514336
0.515522
0.516785
0.518101
0.519598
0.521299
0.523709
0.526204
0.168835
0.167969
0.1671
0.16623
0.165369
0.16452
0.163693
0.162901
0.16216
0.161491
0.160917
0.160469
0.160182
0.160095
0.160251
0.160697
0.161482
0.162654
0.164262
0.166348
0.168962
0.172151
0.175964
0.180445
0.185636
0.191572
0.198279
0.205771
0.214045
0.223085
0.232854
0.243297
0.254344
0.265909
0.277896
0.290203
0.302725
0.315357
0.328
0.340561
0.352954
0.365103
0.376938
0.388399
0.399432
0.409986
0.420018
0.429487
0.438353
0.446583
0.454144
0.46101
0.467156
0.472565
0.477223
0.481127
0.484278
0.486685
0.488365
0.489345
0.489655
0.489338
0.488439
0.48701
0.48511
0.482798
0.480139
0.477198
0.474041
0.470735
0.467345
0.463935
0.460566
0.457297
0.454183
0.451277
0.448624
0.446265
0.444232
0.442551
0.44124
0.44031
0.439766
0.439606
0.439823
0.440402
0.441323
0.442562
0.444087
0.44586
0.447841
0.449986
0.452253
0.454597
0.457003
0.459447
0.462034
0.46476
0.467996
0.471032
0.170384
0.169571
0.168753
0.16793
0.167106
0.166282
0.16546
0.164646
0.163847
0.16307
0.162326
0.161627
0.160989
0.16043
0.15997
0.159633
0.159443
0.159428
0.159616
0.160032
0.160701
0.161652
0.162909
0.164498
0.166444
0.168769
0.171495
0.17464
0.178221
0.182248
0.186731
0.191669
0.197059
0.202888
0.209138
0.215784
0.222791
0.230122
0.237732
0.245574
0.253596
0.261745
0.269967
0.278209
0.286417
0.294538
0.302521
0.310317
0.317877
0.325155
0.332109
0.338697
0.344883
0.350635
0.355924
0.36073
0.365034
0.368828
0.372109
0.374881
0.377154
0.378945
0.380278
0.381183
0.381694
0.381849
0.381691
0.381264
0.380616
0.379795
0.37885
0.37783
0.376782
0.375754
0.374793
0.373941
0.373238
0.372721
0.372421
0.372364
0.372572
0.373058
0.373834
0.374903
0.376266
0.377916
0.379843
0.382028
0.384451
0.387084
0.389895
0.392849
0.395913
0.399049
0.402243
0.405474
0.408821
0.412262
0.416051
0.419421
0.171562
0.170796
0.170024
0.169247
0.168465
0.167679
0.166891
0.166103
0.165316
0.164535
0.163764
0.163006
0.162269
0.161561
0.160892
0.160272
0.159716
0.159237
0.158851
0.158576
0.158426
0.158419
0.158571
0.158899
0.159419
0.160144
0.161089
0.162265
0.163685
0.165358
0.167291
0.169492
0.171964
0.174712
0.177734
0.181029
0.184592
0.188415
0.192488
0.196796
0.201324
0.206052
0.210956
0.216013
0.221195
0.226472
0.231814
0.237187
0.242557
0.247889
0.253147
0.258297
0.263303
0.268133
0.272755
0.277142
0.281269
0.285115
0.288664
0.291906
0.294834
0.297448
0.299754
0.30176
0.303481
0.304937
0.30615
0.307148
0.307957
0.308611
0.309143
0.309586
0.309976
0.310348
0.310738
0.31118
0.311708
0.312353
0.313142
0.3141
0.315249
0.316605
0.318182
0.319987
0.322026
0.324298
0.326798
0.329517
0.33244
0.335548
0.338817
0.34222
0.345729
0.349316
0.352966
0.35666
0.360457
0.364316
0.368401
0.371911
0.172416
0.17169
0.170959
0.170221
0.169479
0.168731
0.16798
0.167224
0.166466
0.165707
0.164948
0.164191
0.16344
0.162697
0.161967
0.161255
0.160569
0.159915
0.159302
0.158739
0.158237
0.157806
0.157456
0.157199
0.157046
0.157007
0.157093
0.157312
0.157674
0.158185
0.158853
0.159682
0.160678
0.161844
0.163182
0.164695
0.166383
0.168246
0.170282
0.172489
0.174863
0.177399
0.180089
0.182926
0.185899
0.188998
0.192208
0.195515
0.198901
0.202348
0.205836
0.209342
0.212846
0.216323
0.21975
0.223106
0.226368
0.229516
0.232533
0.235403
0.238114
0.240657
0.243026
0.24522
0.247241
0.249095
0.25079
0.252339
0.253757
0.255062
0.256274
0.257414
0.258507
0.259577
0.26065
0.261752
0.262908
0.264144
0.265483
0.266947
0.268556
0.270325
0.272269
0.274398
0.276721
0.27924
0.281955
0.284862
0.287951
0.29121
0.294622
0.298166
0.301821
0.305562
0.309379
0.31325
0.31722
0.321236
0.32539
0.328874
0.173028
0.172334
0.171635
0.170931
0.170221
0.169507
0.168787
0.168063
0.167336
0.166604
0.16587
0.165134
0.164396
0.16366
0.162925
0.162195
0.161473
0.160763
0.160068
0.159394
0.158747
0.158133
0.157558
0.15703
0.156556
0.156143
0.1558
0.155533
0.155349
0.155254
0.155254
0.155354
0.155559
0.155871
0.156295
0.156832
0.157484
0.158253
0.159139
0.160142
0.161262
0.162498
0.163848
0.16531
0.166881
0.168557
0.170333
0.172204
0.174162
0.176199
0.178305
0.180472
0.182686
0.184935
0.187205
0.189483
0.191754
0.194005
0.196221
0.19839
0.2005
0.202542
0.204507
0.206391
0.208188
0.209899
0.211525
0.21307
0.214541
0.215945
0.217295
0.218603
0.219883
0.221153
0.222429
0.223731
0.225077
0.226486
0.227978
0.22957
0.23128
0.233123
0.235111
0.237257
0.239569
0.242053
0.244711
0.247543
0.250544
0.253706
0.257017
0.260462
0.264024
0.267684
0.271433
0.27525
0.279168
0.283123
0.287161
0.290488
0.173439
0.172772
0.172099
0.171421
0.170738
0.170051
0.169359
0.168662
0.167961
0.167256
0.166547
0.165834
0.165117
0.164398
0.163677
0.162955
0.162234
0.161514
0.160799
0.160091
0.159393
0.158709
0.158042
0.157396
0.156777
0.156189
0.155638
0.155127
0.154663
0.154251
0.153894
0.153598
0.153366
0.153203
0.15311
0.153091
0.153149
0.153284
0.153498
0.153792
0.154168
0.154625
0.155163
0.155782
0.156481
0.157259
0.158116
0.159048
0.160053
0.161129
0.16227
0.163473
0.164733
0.166043
0.167396
0.168786
0.170203
0.17164
0.173089
0.17454
0.175987
0.177421
0.178835
0.180225
0.181586
0.182914
0.18421
0.185472
0.186703
0.187907
0.189089
0.190257
0.19142
0.192587
0.193771
0.194984
0.196241
0.197555
0.198942
0.200417
0.201993
0.203683
0.205501
0.207457
0.209561
0.211818
0.214235
0.216812
0.219548
0.222439
0.225477
0.228651
0.23195
0.235357
0.238865
0.242455
0.246149
0.24988
0.253662
0.25674
0.173715
0.173067
0.172414
0.171756
0.171094
0.170428
0.169757
0.169082
0.168403
0.16772
0.167032
0.166341
0.165645
0.164946
0.164243
0.163537
0.162829
0.162119
0.161408
0.160698
0.15999
0.159286
0.158588
0.157899
0.15722
0.156557
0.15591
0.155285
0.154683
0.15411
0.153568
0.153061
0.152592
0.152163
0.151779
0.151441
0.151153
0.150915
0.150729
0.150598
0.150522
0.150502
0.150538
0.150632
0.150784
0.150993
0.151259
0.151583
0.151962
0.152397
0.152885
0.153426
0.154016
0.154653
0.155335
0.156057
0.156815
0.157606
0.158425
0.159266
0.160126
0.161
0.161882
0.16277
0.163659
0.164547
0.165433
0.166315
0.167194
0.168071
0.16895
0.169834
0.170728
0.17164
0.172577
0.173549
0.174564
0.175635
0.176773
0.177988
0.179294
0.180701
0.182221
0.183865
0.185641
0.187556
0.189618
0.191829
0.19419
0.196701
0.199356
0.202149
0.205071
0.208111
0.211261
0.214505
0.217856
0.221249
0.224681
0.227452
0.173885
0.17325
0.172612
0.171969
0.171323
0.170672
0.170018
0.16936
0.168698
0.168031
0.167362
0.166688
0.16601
0.165328
0.164642
0.163953
0.16326
0.162564
0.161865
0.161165
0.160462
0.15976
0.159058
0.158358
0.157662
0.156972
0.156288
0.155614
0.154952
0.154303
0.153671
0.153058
0.152465
0.151897
0.151354
0.150838
0.150353
0.1499
0.14948
0.149095
0.148747
0.148436
0.148164
0.147931
0.147738
0.147585
0.147474
0.147403
0.147373
0.147385
0.147437
0.147529
0.14766
0.14783
0.148037
0.14828
0.148556
0.148865
0.149203
0.149569
0.149959
0.150372
0.150805
0.151255
0.151721
0.1522
0.152692
0.153195
0.15371
0.154237
0.154777
0.155335
0.155912
0.156513
0.157143
0.15781
0.15852
0.159282
0.160103
0.160995
0.161966
0.163027
0.164187
0.165457
0.166845
0.168359
0.170005
0.17179
0.173716
0.175784
0.177993
0.180339
0.182817
0.185418
0.188137
0.190958
0.193891
0.196873
0.199898
0.202332
0.173991
0.173366
0.172737
0.172105
0.17147
0.170831
0.170188
0.169542
0.168892
0.168239
0.167582
0.166922
0.166257
0.16559
0.164918
0.164243
0.163564
0.162882
0.162196
0.161508
0.160816
0.160123
0.159428
0.158732
0.158035
0.15734
0.156647
0.155957
0.155272
0.154592
0.153921
0.153258
0.152607
0.151968
0.151343
0.150733
0.150142
0.149569
0.149016
0.148485
0.147977
0.147493
0.147034
0.146602
0.146196
0.145817
0.145467
0.145145
0.144851
0.144587
0.144353
0.144147
0.143971
0.143824
0.143705
0.143615
0.143552
0.143516
0.143505
0.14352
0.143558
0.143618
0.1437
0.143801
0.143921
0.14406
0.144216
0.144388
0.144578
0.144785
0.145011
0.145257
0.145525
0.145819
0.146142
0.146499
0.146896
0.147338
0.147833
0.148387
0.14901
0.149709
0.150494
0.151373
0.152354
0.153447
0.154658
0.155993
0.157458
0.159056
0.160788
0.162653
0.16465
0.166771
0.169015
0.171368
0.173838
0.176364
0.178948
0.181032
0.17405
0.173431
0.172809
0.172184
0.171556
0.170924
0.170289
0.169652
0.169011
0.168366
0.167719
0.167068
0.166415
0.165757
0.165097
0.164432
0.163765
0.163094
0.16242
0.161742
0.161061
0.160378
0.159692
0.159004
0.158314
0.157623
0.156932
0.156241
0.155551
0.154863
0.154177
0.153496
0.15282
0.152149
0.151486
0.150831
0.150185
0.14955
0.148926
0.148315
0.147718
0.147136
0.146569
0.146018
0.145485
0.14497
0.144473
0.143995
0.143537
0.143099
0.142681
0.142283
0.141907
0.141551
0.141216
0.140902
0.140608
0.140335
0.140082
0.139849
0.139635
0.13944
0.139263
0.139104
0.138963
0.138838
0.138731
0.13864
0.138566
0.138509
0.13847
0.13845
0.138452
0.138476
0.138526
0.138605
0.138717
0.138867
0.139059
0.1393
0.139596
0.139954
0.140383
0.140888
0.141479
0.142164
0.142949
0.143842
0.14485
0.145977
0.147228
0.148603
0.150104
0.151728
0.153475
0.155335
0.157313
0.159357
0.161479
0.163204
0.174085
0.17347
0.172852
0.172231
0.171608
0.170981
0.170352
0.16972
0.169084
0.168446
0.167805
0.167161
0.166514
0.165864
0.165211
0.164555
0.163896
0.163233
0.162568
0.161899
0.161227
0.160553
0.159875
0.159196
0.158513
0.157829
0.157144
0.156457
0.15577
0.155082
0.154395
0.153709
0.153025
0.152343
0.151664
0.150989
0.150318
0.149653
0.148994
0.148342
0.147698
0.147062
0.146435
0.145819
0.145213
0.144618
0.144034
0.143464
0.142905
0.142361
0.141829
0.141312
0.140809
0.14032
0.139846
0.139386
0.138942
0.138512
0.138097
0.137697
0.137311
0.13694
0.136584
0.136241
0.135913
0.135598
0.135298
0.135011
0.134738
0.13448
0.134237
0.13401
0.133799
0.133608
0.133436
0.133287
0.133164
0.133069
0.133007
0.132981
0.132998
0.133062
0.133179
0.133356
0.1336
0.133918
0.134317
0.134804
0.135386
0.13607
0.13686
0.137762
0.138778
0.139909
0.141157
0.142515
0.143992
0.14554
0.147187
0.148542
0.174103
0.17349
0.172875
0.172257
0.171636
0.171012
0.170386
0.169757
0.169125
0.168491
0.167854
0.167214
0.166572
0.165927
0.165279
0.164628
0.163974
0.163318
0.162659
0.161996
0.161331
0.160663
0.159993
0.15932
0.158645
0.157967
0.157288
0.156607
0.155924
0.155241
0.154556
0.153872
0.153187
0.152503
0.15182
0.151138
0.150458
0.14978
0.149106
0.148435
0.147767
0.147105
0.146448
0.145796
0.14515
0.144512
0.14388
0.143256
0.14264
0.142032
0.141434
0.140844
0.140264
0.139694
0.139133
0.138583
0.138043
0.137514
0.136995
0.136486
0.135989
0.135501
0.135025
0.134559
0.134104
0.133659
0.133225
0.132801
0.132388
0.131986
0.131596
0.131217
0.130851
0.130499
0.130161
0.12984
0.129537
0.129254
0.128994
0.12876
0.128556
0.128385
0.128253
0.128164
0.128123
0.128137
0.128211
0.128353
0.128567
0.128862
0.129243
0.129715
0.130284
0.130952
0.131726
0.132599
0.133585
0.134642
0.135812
0.136787
0.174113
0.173502
0.172888
0.172272
0.171652
0.171031
0.170406
0.169779
0.16915
0.168518
0.167883
0.167246
0.166607
0.165964
0.16532
0.164672
0.164022
0.16337
0.162715
0.162057
0.161396
0.160733
0.160068
0.1594
0.15873
0.158057
0.157383
0.156707
0.156029
0.15535
0.15467
0.153988
0.153306
0.152623
0.151941
0.151258
0.150576
0.149894
0.149214
0.148535
0.147858
0.147183
0.146511
0.145842
0.145177
0.144515
0.143857
0.143204
0.142556
0.141913
0.141276
0.140645
0.14002
0.139401
0.138789
0.138184
0.137586
0.136996
0.136412
0.135836
0.135268
0.134707
0.134154
0.133609
0.133071
0.132541
0.132018
0.131504
0.130997
0.130498
0.130007
0.129524
0.12905
0.128586
0.128131
0.127688
0.127257
0.126839
0.126436
0.126051
0.125685
0.125341
0.125023
0.124734
0.124477
0.124258
0.124081
0.123951
0.123873
0.123853
0.123897
0.12401
0.124198
0.124465
0.124817
0.125254
0.125787
0.126384
0.127098
0.127694
0.174119
0.173508
0.172895
0.172279
0.171661
0.17104
0.170417
0.169791
0.169163
0.168532
0.167899
0.167263
0.166625
0.165985
0.165342
0.164697
0.164049
0.163399
0.162746
0.162091
0.161433
0.160773
0.160111
0.159447
0.15878
0.158112
0.157441
0.156769
0.156095
0.155419
0.154742
0.154064
0.153385
0.152705
0.152024
0.151343
0.150661
0.149979
0.149298
0.148617
0.147937
0.147257
0.146579
0.145903
0.145228
0.144555
0.143885
0.143217
0.142552
0.141891
0.141233
0.140578
0.139928
0.139282
0.138641
0.138004
0.137372
0.136745
0.136123
0.135506
0.134895
0.134289
0.133689
0.133094
0.132505
0.131921
0.131343
0.13077
0.130202
0.12964
0.129084
0.128533
0.127988
0.12745
0.126917
0.126392
0.125874
0.125365
0.124865
0.124376
0.123899
0.123435
0.122988
0.122558
0.12215
0.121765
0.121407
0.121079
0.120787
0.120532
0.120321
0.120158
0.120048
0.119995
0.120005
0.120077
0.120227
0.120425
0.120734
0.120976
0.174123
0.173512
0.1729
0.172284
0.171666
0.171046
0.170423
0.169798
0.16917
0.16854
0.167908
0.167273
0.166636
0.165997
0.165355
0.164711
0.164064
0.163415
0.162764
0.162111
0.161455
0.160797
0.160137
0.159475
0.15881
0.158144
0.157476
0.156806
0.156135
0.155462
0.154788
0.154112
0.153435
0.152757
0.152078
0.151399
0.150719
0.150038
0.149357
0.148676
0.147996
0.147315
0.146635
0.145955
0.145277
0.144599
0.143923
0.143248
0.142575
0.141904
0.141236
0.140569
0.139906
0.139245
0.138587
0.137933
0.137281
0.136634
0.13599
0.13535
0.134713
0.134081
0.133453
0.132828
0.132208
0.131591
0.130979
0.13037
0.129765
0.129164
0.128567
0.127973
0.127383
0.126797
0.126215
0.125637
0.125064
0.124495
0.123932
0.123375
0.122825
0.122283
0.12175
0.121228
0.120718
0.120223
0.119743
0.119282
0.118842
0.118425
0.118036
0.117677
0.117352
0.117064
0.116818
0.116615
0.116468
0.11635
0.116331
0.11627
0.174125
0.173515
0.172902
0.172287
0.171669
0.171049
0.170427
0.169802
0.169175
0.168545
0.167913
0.167278
0.166642
0.166003
0.165361
0.164718
0.164072
0.163424
0.162773
0.162121
0.161466
0.160809
0.16015
0.159489
0.158827
0.158162
0.157495
0.156827
0.156157
0.155486
0.154813
0.154139
0.153464
0.152788
0.152111
0.151433
0.150754
0.150075
0.149395
0.148715
0.148034
0.147354
0.146673
0.145993
0.145313
0.144634
0.143955
0.143278
0.142601
0.141926
0.141252
0.14058
0.13991
0.139241
0.138575
0.137911
0.13725
0.136591
0.135935
0.135281
0.134631
0.133983
0.133339
0.132697
0.132059
0.131423
0.13079
0.13016
0.129533
0.128908
0.128286
0.127667
0.127049
0.126434
0.125821
0.125211
0.124603
0.123998
0.123395
0.122796
0.1222
0.121609
0.121022
0.120442
0.119868
0.119301
0.118744
0.118197
0.117662
0.117141
0.116634
0.116146
0.115677
0.11523
0.114809
0.114414
0.114055
0.113709
0.113447
0.113153
0.174126
0.173516
0.172904
0.172289
0.171671
0.171051
0.170429
0.169804
0.169177
0.168547
0.167915
0.167281
0.166645
0.166006
0.165365
0.164721
0.164076
0.163428
0.162778
0.162126
0.161472
0.160815
0.160157
0.159497
0.158835
0.158171
0.157505
0.156838
0.156169
0.155499
0.154827
0.154154
0.15348
0.152805
0.152129
0.151452
0.150774
0.150095
0.149416
0.148737
0.148057
0.147377
0.146696
0.146016
0.145336
0.144657
0.143977
0.143299
0.142621
0.141944
0.141267
0.140593
0.139919
0.139247
0.138577
0.137908
0.137241
0.136577
0.135914
0.135254
0.134596
0.13394
0.133287
0.132636
0.131987
0.13134
0.130696
0.130054
0.129414
0.128775
0.128138
0.127503
0.12687
0.126237
0.125606
0.124976
0.124347
0.12372
0.123093
0.122468
0.121845
0.121224
0.120605
0.119989
0.119377
0.118768
0.118164
0.117565
0.116972
0.116386
0.115807
0.115238
0.11468
0.114132
0.1136
0.113079
0.112583
0.112084
0.11166
0.111201
0.174127
0.173517
0.172905
0.17229
0.171672
0.171052
0.17043
0.169805
0.169178
0.168549
0.167917
0.167283
0.166646
0.166007
0.165366
0.164723
0.164078
0.16343
0.16278
0.162128
0.161474
0.160818
0.16016
0.1595
0.158839
0.158175
0.15751
0.156843
0.156175
0.155505
0.154834
0.154161
0.153488
0.152813
0.152137
0.151461
0.150783
0.150105
0.149427
0.148747
0.148068
0.147388
0.146708
0.146028
0.145348
0.144668
0.143989
0.14331
0.142631
0.141954
0.141277
0.140601
0.139926
0.139252
0.13858
0.137909
0.13724
0.136572
0.135906
0.135242
0.13458
0.13392
0.133262
0.132606
0.131952
0.131299
0.130648
0.129999
0.129352
0.128705
0.12806
0.127416
0.126773
0.12613
0.125488
0.124847
0.124206
0.123565
0.122925
0.122285
0.121646
0.121008
0.12037
0.119734
0.1191
0.118467
0.117836
0.117207
0.116581
0.115958
0.115338
0.114723
0.114112
0.113505
0.112906
0.112311
0.111732
0.11114
0.110614
0.110051
0.174127
0.173517
0.172905
0.17229
0.171672
0.171052
0.17043
0.169805
0.169178
0.168548
0.167916
0.167282
0.166645
0.166007
0.165365
0.164722
0.164077
0.163429
0.162779
0.162127
0.161474
0.160818
0.16016
0.1595
0.158838
0.158175
0.15751
0.156843
0.156175
0.155506
0.154835
0.154162
0.153489
0.152814
0.152139
0.151462
0.150785
0.150107
0.149429
0.14875
0.14807
0.147391
0.146711
0.146031
0.145351
0.144671
0.143991
0.143312
0.142633
0.141955
0.141278
0.140601
0.139926
0.139251
0.138578
0.137906
0.137235
0.136566
0.135899
0.135233
0.134569
0.133907
0.133246
0.132587
0.13193
0.131274
0.13062
0.129967
0.129315
0.128664
0.128014
0.127365
0.126716
0.126068
0.12542
0.124772
0.124124
0.123476
0.122828
0.12218
0.121532
0.120884
0.120237
0.11959
0.118944
0.118299
0.117654
0.117011
0.116368
0.115726
0.115086
0.114446
0.113808
0.113171
0.112537
0.111901
0.111277
0.110633
0.110053
0.109429
0.174127
0.173517
0.172905
0.17229
0.171672
0.171052
0.17043
0.169805
0.169178
0.168548
0.167916
0.167282
0.166645
0.166006
0.165365
0.164722
0.164076
0.163428
0.162779
0.162127
0.161473
0.160817
0.160159
0.159499
0.158837
0.158174
0.157509
0.156842
0.156174
0.155504
0.154833
0.154161
0.153487
0.152813
0.152137
0.15146
0.150783
0.150105
0.149426
0.148747
0.148067
0.147387
0.146707
0.146027
0.145347
0.144666
0.143987
0.143307
0.142628
0.141949
0.141271
0.140594
0.139918
0.139243
0.138569
0.137896
0.137225
0.136555
0.135886
0.135219
0.134554
0.13389
0.133228
0.132567
0.131908
0.13125
0.130593
0.129938
0.129283
0.12863
0.127977
0.127325
0.126673
0.126021
0.125369
0.124718
0.124066
0.123414
0.122762
0.12211
0.121459
0.120807
0.120156
0.119505
0.118855
0.118206
0.117557
0.116908
0.11626
0.115612
0.114965
0.114317
0.113669
0.11302
0.112371
0.11172
0.111076
0.11041
0.109807
0.109154
0.174125
0.173515
0.172902
0.172287
0.17167
0.171049
0.170427
0.169802
0.169174
0.168545
0.167913
0.167278
0.166641
0.166002
0.165361
0.164718
0.164072
0.163424
0.162774
0.162122
0.161468
0.160812
0.160154
0.159494
0.158832
0.158168
0.157503
0.156836
0.156168
0.155498
0.154827
0.154154
0.15348
0.152805
0.152129
0.151452
0.150774
0.150096
0.149417
0.148737
0.148057
0.147376
0.146696
0.146015
0.145334
0.144653
0.143972
0.143292
0.142612
0.141933
0.141254
0.140576
0.139899
0.139223
0.138548
0.137875
0.137202
0.136531
0.135862
0.135193
0.134527
0.133862
0.133198
0.132536
0.131875
0.131215
0.130557
0.1299
0.129244
0.128588
0.127934
0.127279
0.126625
0.125972
0.125318
0.124665
0.124012
0.123359
0.122706
0.122054
0.121402
0.12075
0.1201
0.119451
0.118802
0.118155
0.117509
0.116863
0.116219
0.115574
0.11493
0.114286
0.113641
0.112995
0.112349
0.111699
0.111056
0.110389
0.109785
0.109127
0.174125
0.173515
0.172902
0.172287
0.171669
0.171049
0.170426
0.169801
0.169173
0.168543
0.167911
0.167277
0.16664
0.166
0.165359
0.164715
0.164069
0.163421
0.162771
0.162118
0.161464
0.160807
0.160149
0.159489
0.158827
0.158162
0.157497
0.156829
0.15616
0.15549
0.154818
0.154145
0.15347
0.152794
0.152117
0.15144
0.150761
0.150082
0.149401
0.148721
0.148039
0.147358
0.146676
0.145994
0.145312
0.14463
0.143948
0.143266
0.142585
0.141904
0.141224
0.140545
0.139866
0.139189
0.138512
0.137837
0.137163
0.13649
0.135819
0.135149
0.134481
0.133814
0.133149
0.132485
0.131823
0.131162
0.130502
0.129843
0.129185
0.128529
0.127873
0.127217
0.126563
0.125908
0.125255
0.124602
0.123949
0.123298
0.122647
0.121997
0.121349
0.120702
0.120058
0.119415
0.118774
0.118136
0.1175
0.116866
0.116234
0.115603
0.114973
0.114344
0.113714
0.113084
0.112455
0.111821
0.111195
0.110545
0.109959
0.109315
0.17412
0.17351
0.172897
0.172281
0.171663
0.171043
0.17042
0.169794
0.169167
0.168536
0.167904
0.167269
0.166631
0.165992
0.16535
0.164706
0.164059
0.163411
0.16276
0.162107
0.161452
0.160795
0.160136
0.159475
0.158812
0.158147
0.15748
0.156812
0.156142
0.155471
0.154798
0.154123
0.153447
0.15277
0.152092
0.151413
0.150733
0.150052
0.14937
0.148688
0.148005
0.147321
0.146638
0.145954
0.14527
0.144585
0.143901
0.143218
0.142534
0.141851
0.141169
0.140488
0.139807
0.139127
0.138449
0.137771
0.137095
0.13642
0.135747
0.135075
0.134404
0.133736
0.133068
0.132403
0.131739
0.131076
0.130415
0.129755
0.129097
0.12844
0.127784
0.127129
0.126476
0.125823
0.125172
0.124522
0.123874
0.123228
0.122583
0.121942
0.121303
0.120667
0.120035
0.119407
0.118782
0.118162
0.117546
0.116934
0.116326
0.11572
0.115117
0.114517
0.113917
0.113318
0.112721
0.112121
0.11153
0.110914
0.110366
0.109755
0.17412
0.173509
0.172896
0.17228
0.171662
0.171041
0.170417
0.169791
0.169163
0.168532
0.167899
0.167263
0.166625
0.165985
0.165342
0.164697
0.164049
0.1634
0.162748
0.162094
0.161438
0.160779
0.160119
0.159456
0.158792
0.158125
0.157457
0.156787
0.156115
0.155442
0.154766
0.15409
0.153412
0.152732
0.152052
0.15137
0.150687
0.150003
0.149319
0.148634
0.147948
0.147261
0.146574
0.145887
0.1452
0.144512
0.143825
0.143138
0.142451
0.141765
0.141079
0.140394
0.13971
0.139027
0.138345
0.137664
0.136985
0.136307
0.135631
0.134957
0.134284
0.133613
0.132944
0.132277
0.131612
0.130949
0.130287
0.129628
0.128971
0.128316
0.127663
0.127012
0.126363
0.125716
0.125073
0.124432
0.123794
0.12316
0.12253
0.121905
0.121285
0.120671
0.120063
0.119461
0.118867
0.118279
0.117698
0.117124
0.116556
0.115993
0.115435
0.114882
0.114331
0.113783
0.113238
0.112693
0.112157
0.111598
0.11111
0.110552
0.174109
0.173498
0.172884
0.172268
0.171649
0.171027
0.170403
0.169776
0.169146
0.168514
0.16788
0.167243
0.166603
0.165962
0.165317
0.16467
0.164021
0.16337
0.162716
0.16206
0.161401
0.16074
0.160078
0.159412
0.158745
0.158076
0.157405
0.156732
0.156056
0.15538
0.154701
0.154021
0.153339
0.152656
0.151971
0.151285
0.150598
0.14991
0.149221
0.148532
0.147841
0.14715
0.146458
0.145767
0.145074
0.144382
0.14369
0.142999
0.142307
0.141616
0.140926
0.140237
0.139549
0.138862
0.138176
0.137492
0.13681
0.136129
0.135451
0.134775
0.134101
0.133429
0.13276
0.132093
0.13143
0.130769
0.130112
0.129457
0.128806
0.128158
0.127514
0.126874
0.126238
0.125606
0.124979
0.124358
0.123743
0.123135
0.122534
0.121941
0.121358
0.120783
0.120219
0.119666
0.119123
0.118591
0.118069
0.117558
0.117057
0.116563
0.116078
0.115599
0.115125
0.114655
0.11419
0.113726
0.113274
0.1128
0.1124
0.111919
0.174104
0.173492
0.172876
0.172258
0.171638
0.171014
0.170388
0.169759
0.169127
0.168493
0.167856
0.167216
0.166574
0.165929
0.165281
0.164631
0.163978
0.163323
0.162665
0.162005
0.161342
0.160677
0.160009
0.159339
0.158667
0.157992
0.157316
0.156637
0.155956
0.155274
0.154589
0.153903
0.153215
0.152526
0.151835
0.151142
0.150449
0.149754
0.149059
0.148362
0.147665
0.146967
0.146269
0.145571
0.144872
0.144174
0.143476
0.142778
0.142081
0.141385
0.14069
0.139996
0.139303
0.138612
0.137924
0.137237
0.136553
0.135871
0.135192
0.134517
0.133845
0.133176
0.132512
0.131852
0.131196
0.130545
0.129899
0.129258
0.128623
0.127994
0.127372
0.126757
0.126149
0.12555
0.124959
0.124379
0.123809
0.123251
0.122705
0.122173
0.121655
0.121152
0.120665
0.120194
0.119739
0.1193
0.118876
0.118467
0.11807
0.117684
0.117309
0.116941
0.116581
0.116225
0.115876
0.115528
0.115194
0.11484
0.114565
0.114192
0.174072
0.173457
0.172839
0.172218
0.171594
0.170967
0.170337
0.169704
0.169068
0.168429
0.167787
0.167143
0.166495
0.165845
0.165191
0.164535
0.163876
0.163214
0.16255
0.161883
0.161213
0.16054
0.159865
0.159187
0.158507
0.157825
0.15714
0.156453
0.155764
0.155072
0.154379
0.153684
0.152987
0.152289
0.151589
0.150888
0.150186
0.149482
0.148778
0.148073
0.147368
0.146662
0.145956
0.145251
0.144545
0.14384
0.143136
0.142433
0.141731
0.141031
0.140332
0.139636
0.138942
0.138251
0.137563
0.136879
0.136199
0.135523
0.134852
0.134186
0.133525
0.132871
0.132223
0.131583
0.13095
0.130325
0.129709
0.129102
0.128505
0.127919
0.127345
0.126783
0.126234
0.1257
0.125182
0.12468
0.124196
0.123731
0.123286
0.122863
0.122462
0.122084
0.121729
0.121397
0.121088
0.1208
0.120531
0.12028
0.120044
0.11982
0.119607
0.119402
0.119203
0.119009
0.118821
0.118636
0.118469
0.118284
0.118189
0.117972
0.174026
0.173405
0.172781
0.172153
0.171522
0.170888
0.17025
0.169609
0.168965
0.168318
0.167667
0.167013
0.166356
0.165696
0.165033
0.164366
0.163697
0.163024
0.162349
0.16167
0.160989
0.160305
0.159618
0.158929
0.158237
0.157542
0.156845
0.156146
0.155445
0.154742
0.154037
0.15333
0.152622
0.151912
0.151201
0.15049
0.149777
0.149064
0.14835
0.147636
0.146923
0.146209
0.145497
0.144785
0.144075
0.143366
0.142659
0.141955
0.141253
0.140554
0.139859
0.139168
0.138482
0.137801
0.137125
0.136456
0.135794
0.135139
0.134493
0.133855
0.133228
0.13261
0.132005
0.131411
0.130831
0.130264
0.129713
0.129178
0.12866
0.12816
0.127681
0.127222
0.126785
0.126373
0.125986
0.125625
0.125294
0.124992
0.124722
0.124484
0.124279
0.124107
0.123967
0.123858
0.123777
0.123723
0.12369
0.123677
0.123678
0.12369
0.123711
0.123739
0.123773
0.123813
0.123865
0.123927
0.124021
0.124109
0.124316
0.124369
0.173895
0.173264
0.172629
0.17199
0.171348
0.170702
0.170052
0.169399
0.168742
0.168081
0.167417
0.166749
0.166078
0.165404
0.164726
0.164045
0.16336
0.162673
0.161983
0.161289
0.160593
0.159894
0.159192
0.158488
0.157782
0.157073
0.156362
0.15565
0.154935
0.154219
0.153502
0.152784
0.152064
0.151345
0.150625
0.149904
0.149184
0.148465
0.147747
0.147029
0.146314
0.145601
0.14489
0.144182
0.143478
0.142777
0.142082
0.141391
0.140707
0.140029
0.139358
0.138695
0.138041
0.137396
0.136763
0.13614
0.13553
0.134934
0.134352
0.133786
0.133236
0.132705
0.132192
0.131701
0.131231
0.130784
0.130362
0.129966
0.129599
0.12926
0.128954
0.128681
0.128444
0.128245
0.128086
0.12797
0.127899
0.127876
0.127901
0.127975
0.128099
0.128272
0.12849
0.128751
0.129049
0.129379
0.129736
0.130114
0.130507
0.130913
0.13133
0.131761
0.13221
0.132684
0.133195
0.133748
0.134375
0.13504
0.1359
0.136569
0.173696
0.173049
0.172398
0.171742
0.171083
0.17042
0.169753
0.169082
0.168408
0.16773
0.167048
0.166363
0.165674
0.164983
0.164288
0.16359
0.162889
0.162185
0.161479
0.16077
0.160059
0.159346
0.15863
0.157914
0.157195
0.156475
0.155755
0.155033
0.154312
0.15359
0.152868
0.152147
0.151426
0.150708
0.149991
0.149276
0.148564
0.147855
0.14715
0.14645
0.145755
0.145065
0.144382
0.143706
0.143039
0.14238
0.141731
0.141092
0.140465
0.139851
0.139251
0.138665
0.138096
0.137544
0.13701
0.136496
0.136004
0.135533
0.135087
0.134667
0.134273
0.133908
0.133574
0.133273
0.133006
0.132775
0.132585
0.132436
0.132333
0.132279
0.132279
0.132336
0.132455
0.132642
0.132903
0.133242
0.133664
0.134174
0.134775
0.135468
0.136251
0.137124
0.138079
0.139111
0.14021
0.141367
0.142575
0.143828
0.14512
0.146453
0.147835
0.14928
0.150805
0.152427
0.15417
0.156044
0.158091
0.160256
0.162789
0.165118
0.173513
0.172852
0.172188
0.171521
0.170849
0.170174
0.169496
0.168814
0.16813
0.167442
0.166751
0.166058
0.165362
0.164664
0.163964
0.163262
0.162558
0.161853
0.161147
0.160439
0.159732
0.159024
0.158316
0.157608
0.156902
0.156196
0.155493
0.154791
0.154092
0.153397
0.152706
0.152019
0.151337
0.150661
0.149992
0.14933
0.148677
0.148033
0.147399
0.146776
0.146165
0.145568
0.144985
0.144418
0.143867
0.143335
0.142822
0.14233
0.141861
0.141415
0.140994
0.140601
0.140236
0.139902
0.1396
0.139332
0.139102
0.13891
0.138761
0.138657
0.138601
0.138598
0.138653
0.13877
0.138956
0.139218
0.139564
0.140003
0.140547
0.141206
0.141994
0.142926
0.144017
0.145282
0.146737
0.148398
0.150277
0.152384
0.154725
0.157302
0.16011
0.163141
0.166379
0.169806
0.173402
0.17715
0.181031
0.185031
0.18914
0.193363
0.197731
0.202281
0.207027
0.21196
0.21706
0.222278
0.227608
0.232888
0.238544
0.243885
0.174797
0.174178
0.173556
0.172933
0.172308
0.171682
0.171055
0.170428
0.1698
0.169171
0.168543
0.167915
0.167289
0.166663
0.166039
0.165417
0.164798
0.164182
0.163569
0.162961
0.162357
0.161759
0.161166
0.160581
0.160003
0.159434
0.158874
0.158325
0.157787
0.157261
0.15675
0.156254
0.155774
0.155312
0.154869
0.154447
0.154048
0.153673
0.153325
0.153004
0.152714
0.152456
0.152232
0.152046
0.151898
0.151793
0.151733
0.151722
0.151761
0.151856
0.15201
0.152227
0.152513
0.152873
0.153314
0.153842
0.154467
0.155199
0.156048
0.157029
0.158155
0.159446
0.160919
0.1626
0.164514
0.166691
0.169165
0.171973
0.175156
0.17876
0.182832
0.187422
0.192581
0.198358
0.204797
0.211936
0.219803
0.22841
0.237749
0.247792
0.258483
0.26974
0.281457
0.293505
0.305738
0.317999
0.330115
0.341866
0.353061
0.363563
0.373525
0.383114
0.391967
0.399786
0.406364
0.411526
0.41534
0.417438
0.419497
0.419503
0.194271
0.194326
0.194392
0.194469
0.194556
0.194656
0.194767
0.194891
0.195027
0.195178
0.195342
0.19552
0.195714
0.195924
0.19615
0.196394
0.196657
0.196938
0.197241
0.197565
0.197913
0.198285
0.198683
0.199109
0.199565
0.200053
0.200575
0.201133
0.20173
0.202368
0.203052
0.203782
0.204564
0.205401
0.206296
0.207253
0.208277
0.209373
0.210546
0.211801
0.213144
0.214581
0.216119
0.217766
0.21953
0.22142
0.223445
0.225616
0.227946
0.230447
0.233135
0.236025
0.239136
0.242488
0.246103
0.250006
0.254226
0.258794
0.263746
0.26912
0.274961
0.281319
0.288248
0.29581
0.304074
0.313116
0.32302
0.333876
0.345786
0.358854
0.373192
0.388915
0.406135
0.424958
0.445473
0.467745
0.4918
0.517608
0.54507
0.574001
0.604112
0.635004
0.666166
0.696981
0.726751
0.754716
0.780101
0.801335
0.817752
0.829007
0.834701
0.834693
0.829653
0.820349
0.807601
0.7921
0.774733
0.755402
0.736983
0.717507
0.423719
0.427721
0.431626
0.43543
0.439128
0.442717
0.446191
0.449547
0.452781
0.455889
0.458867
0.461712
0.464421
0.466991
0.469417
0.471698
0.47383
0.475811
0.477638
0.479309
0.480822
0.482174
0.483363
0.484387
0.485243
0.48593
0.486446
0.486789
0.486955
0.486943
0.486751
0.486376
0.485815
0.485066
0.484124
0.482988
0.481652
0.480114
0.47837
0.476414
0.474242
0.47185
0.469232
0.466382
0.463296
0.459966
0.456388
0.452555
0.448461
0.4441
0.439467
0.434555
0.429359
0.423875
0.418099
0.412027
0.405658
0.398992
0.39203
0.384775
0.377235
0.369419
0.36134
0.353018
0.344476
0.335745
0.326863
0.317877
0.308844
0.299831
0.290919
0.282202
0.273787
0.265795
0.258358
0.25162
0.245728
0.240831
0.237066
0.234553
0.233378
0.233585
0.235164
0.238045
0.242096
0.247134
0.252966
0.260878
0.27014
0.279785
0.288991
0.297117
0.303774
0.308789
0.31218
0.313998
0.314623
0.313757
0.313775
0.313235
0.0119525
0.018994
0.0232321
0.02579
0.0272789
0.0280706
0.0284161
0.0284851
0.0283175
0.027975
0.0277792
0.027745
0.0277026
0.0277007
0.027808
0.0281049
0.0286756
0.0295971
0.0309001
0.0326345
0.0349924
0.0387158
0.0462312
0.0572438
0.0708409
0.0857966
0.101064
0.116012
0.130371
0.144085
0.1572
0.169794
0.181935
0.193627
0.204856
0.21561
0.2259
0.235769
0.245236
0.254308
0.26298
0.27124
0.279061
0.2864
0.293201
0.299682
0.306078
0.312429
0.318748
0.325008
0.331176
0.337232
0.343163
0.348959
0.354615
0.360128
0.365497
0.370722
0.375807
0.380753
0.385566
0.39025
0.394808
0.399245
0.403565
0.407773
0.41188
0.415911
0.419935
0.424146
0.42928
0.436022
0.442453
0.448361
0.453921
0.459243
0.464274
0.468421
0.470076
0.468427
0.470505
0.473573
0.475461
0.476853
0.477602
0.477635
0.476976
0.475672
0.473775
0.471345
0.468443
0.465133
0.461475
0.457559
0.453455
0.449409
0.445462
0.442956
0.440669
0.45054
0.0214327
0.0348374
0.044865
0.0511072
0.0555396
0.0589646
0.0617625
0.0641822
0.0663344
0.0683821
0.070557
0.0731702
0.0764925
0.0807729
0.0862829
0.0933223
0.10221
0.113273
0.126263
0.140812
0.156044
0.17006
0.180307
0.186528
0.191519
0.197961
0.207307
0.219997
0.23608
0.255432
0.277798
0.302811
0.329907
0.35832
0.387367
0.416532
0.445489
0.474072
0.502162
0.529678
0.556551
0.582695
0.607993
0.632297
0.655395
0.677231
0.698241
0.718805
0.739121
0.75923
0.779081
0.798652
0.817914
0.83684
0.855399
0.873559
0.891287
0.90855
0.925312
0.941538
0.957193
0.972242
0.986649
1.00038
1.01339
1.02567
1.0372
1.04795
1.05797
1.06727
1.0758
1.08324
1.08926
1.09393
1.09728
1.0993
1.09979
1.09827
1.0943
1.08851
1.08344
1.07928
1.07506
1.06979
1.06308
1.05498
1.0456
1.03509
1.02356
1.01113
0.997924
0.984026
0.969505
0.954461
0.938839
0.922905
0.906038
0.89011
0.871189
0.863712
0.0297223
0.050603
0.0637422
0.0722987
0.0787765
0.0840526
0.08865
0.0929549
0.0971371
0.101412
0.105822
0.110632
0.116211
0.122985
0.131388
0.141804
0.154421
0.168994
0.184576
0.19957
0.212299
0.221818
0.22859
0.23471
0.243032
0.255884
0.274622
0.299673
0.330679
0.36655
0.405761
0.446578
0.487293
0.526676
0.564118
0.599524
0.633113
0.665216
0.69617
0.72627
0.75574
0.784746
0.813405
0.841825
0.870144
0.898518
0.92705
0.95579
0.984488
1.01298
1.04119
1.06903
1.09646
1.12339
1.14978
1.17556
1.20068
1.22509
1.24874
1.27156
1.2935
1.3145
1.3345
1.35342
1.37121
1.38782
1.4032
1.41733
1.43018
1.44169
1.45176
1.46026
1.46698
1.47186
1.47489
1.47612
1.47553
1.47293
1.46782
1.46024
1.4513
1.44199
1.43203
1.42084
1.40815
1.39396
1.37836
1.36147
1.34343
1.32434
1.30433
1.28349
1.26189
1.2396
1.21659
1.19292
1.1683
1.14386
1.11851
1.10472
0.0391974
0.0660393
0.0817032
0.092425
0.100773
0.107872
0.114168
0.120123
0.125942
0.131678
0.137568
0.143947
0.15121
0.159741
0.169812
0.181463
0.194362
0.207729
0.220466
0.231569
0.240672
0.248428
0.256485
0.267096
0.28253
0.304528
0.333852
0.370011
0.41159
0.45669
0.503342
0.549913
0.595447
0.63964
0.682576
0.724468
0.765501
0.805786
0.845378
0.884327
0.9227
0.9606
0.998151
1.03549
1.07274
1.10996
1.14702
1.18356
1.21952
1.25489
1.28967
1.32383
1.35731
1.39006
1.42202
1.45311
1.48327
1.51243
1.54052
1.56746
1.59319
1.61762
1.64064
1.66212
1.68202
1.70026
1.71677
1.73151
1.74445
1.75545
1.76445
1.7714
1.77621
1.77883
1.77931
1.77774
1.77416
1.7684
1.7601
1.74905
1.73584
1.72138
1.70579
1.68887
1.67044
1.6505
1.62912
1.60641
1.58249
1.55748
1.53149
1.50462
1.47696
1.44853
1.41936
1.38942
1.35873
1.32814
1.29865
1.28046
0.0480762
0.0802981
0.0987964
0.111621
0.121707
0.130456
0.138307
0.145604
0.152611
0.159664
0.167026
0.174945
0.18366
0.193334
0.203963
0.215314
0.226903
0.238096
0.248339
0.257483
0.266039
0.275246
0.286895
0.303004
0.325395
0.355092
0.391901
0.434587
0.481386
0.530476
0.580469
0.630607
0.680631
0.730499
0.780168
0.829516
0.87836
0.926527
0.973913
1.0205
1.06636
1.1116
1.15636
1.20075
1.24482
1.28843
1.33134
1.37354
1.41503
1.45579
1.49581
1.53498
1.57321
1.61043
1.64657
1.68155
1.71527
1.74766
1.77863
1.8081
1.836
1.86223
1.88652
1.90882
1.92908
1.94723
1.96318
1.97686
1.98822
1.99719
2.00378
2.00797
2.00974
2.00908
2.00605
2.00075
1.9932
1.98331
1.97079
1.95549
1.93779
1.91837
1.89752
1.87524
1.85149
1.8263
1.79974
1.77193
1.74299
1.71303
1.68218
1.65054
1.61817
1.58513
1.55143
1.51706
1.48231
1.44788
1.41624
1.39533
0.0557528
0.0932626
0.114619
0.129507
0.14128
0.151542
0.160802
0.169564
0.178144
0.18682
0.195807
0.205298
0.215399
0.226121
0.237325
0.248721
0.259913
0.270541
0.280474
0.290018
0.300036
0.311921
0.327417
0.348288
0.375851
0.410492
0.451523
0.497529
0.546926
0.598445
0.651331
0.705238
0.75997
0.815275
0.870836
0.926318
0.981427
1.03597
1.08985
1.14307
1.1957
1.24782
1.29943
1.35044
1.40049
1.44942
1.49725
1.54399
1.58969
1.63435
1.678
1.72036
1.76142
1.80114
1.83944
1.87623
1.91141
1.94489
1.97657
2.00633
2.03409
2.05971
2.08304
2.10402
2.12255
2.13855
2.15195
2.16267
2.17067
2.17594
2.17849
2.17836
2.17557
2.17015
2.16222
2.15187
2.13917
2.12409
2.1065
2.08631
2.06379
2.03943
2.01355
1.98627
1.95766
1.92781
1.89681
1.86478
1.83184
1.79811
1.76369
1.72868
1.69315
1.65711
1.62064
1.58371
1.54681
1.51055
1.47827
1.45602
0.0629516
0.104728
0.128403
0.145163
0.158746
0.170964
0.182347
0.193379
0.204322
0.215407
0.226759
0.238482
0.250626
0.263124
0.2758
0.288375
0.300545
0.312125
0.323218
0.334357
0.346571
0.361334
0.380338
0.405116
0.436596
0.474733
0.518547
0.566719
0.618073
0.671829
0.727568
0.785038
0.843944
0.90372
0.964008
1.02443
1.08469
1.14456
1.20394
1.26277
1.32101
1.37856
1.43501
1.49004
1.54361
1.59571
1.64638
1.69565
1.74354
1.79005
1.8351
1.87861
1.9205
1.96069
1.9991
2.03561
2.07013
2.10255
2.13276
2.16066
2.18614
2.20908
2.22937
2.24694
2.26169
2.27355
2.28247
2.28839
2.29132
2.29126
2.28827
2.28243
2.27381
2.26251
2.24866
2.23242
2.21388
2.1931
2.17004
2.14473
2.11738
2.08836
2.05798
2.02643
1.99384
1.96032
1.926
1.89098
1.85539
1.81933
1.78288
1.74612
1.70909
1.67181
1.63435
1.5967
1.55947
1.52318
1.4916
1.46928
0.0687228
0.113928
0.14001
0.159124
0.17529
0.190401
0.204997
0.219531
0.23419
0.249114
0.264322
0.279767
0.295379
0.311058
0.326589
0.341676
0.356055
0.369659
0.382771
0.396111
0.410851
0.428584
0.450966
0.479284
0.514233
0.555356
0.601319
0.651174
0.70413
0.759711
0.817636
0.877632
0.939311
1.00219
1.06581
1.12974
1.19364
1.25726
1.32044
1.38302
1.44466
1.50481
1.56333
1.62016
1.67527
1.72866
1.78031
1.83021
1.87834
1.92467
1.96914
2.01168
2.05221
2.09065
2.12691
2.1609
2.1925
2.22162
2.24815
2.27199
2.29303
2.31119
2.32639
2.33854
2.34759
2.35349
2.35623
2.3558
2.35222
2.34557
2.33594
2.32343
2.3082
2.29038
2.27016
2.24771
2.22322
2.19678
2.16848
2.1384
2.10673
2.07378
2.03984
2.0051
1.96973
1.93386
1.8976
1.86106
1.82434
1.78751
1.75063
1.71374
1.67687
1.64001
1.60323
1.56651
1.53052
1.49571
1.46595
1.44462
0.0730534
0.121368
0.150331
0.172697
0.192645
0.212124
0.231669
0.251696
0.272274
0.293396
0.314901
0.336557
0.358042
0.37909
0.399491
0.418845
0.436866
0.453645
0.469695
0.485936
0.503668
0.524723
0.550578
0.582043
0.619498
0.662389
0.709726
0.760653
0.814561
0.871119
0.930118
0.991298
1.05428
1.11859
1.18375
1.24929
1.31484
1.38008
1.44463
1.50785
1.56943
1.62923
1.68719
1.74324
1.79732
1.84938
1.8994
1.94733
1.99314
2.03679
2.07822
2.11737
2.15418
2.18854
2.22038
2.24959
2.27608
2.29976
2.32053
2.3383
2.35299
2.36454
2.37289
2.37801
2.37989
2.37851
2.37391
2.36613
2.35525
2.34137
2.32464
2.30522
2.28328
2.25904
2.2327
2.20449
2.17463
2.14329
2.1106
2.07671
2.0418
2.00614
1.96996
1.93347
1.89682
1.86013
1.8235
1.78701
1.75072
1.71468
1.67891
1.64341
1.60819
1.5732
1.53851
1.5041
1.47061
1.43845
1.41135
1.39182
0.0757999
0.127643
0.161042
0.188345
0.214112
0.240357
0.267614
0.296238
0.32611
0.357013
0.388542
0.420191
0.451319
0.4812
0.509527
0.535695
0.559434
0.581061
0.601411
0.621516
0.642595
0.666526
0.694749
0.72809
0.7667
0.810055
0.857337
0.907805
0.960956
1.01653
1.07436
1.13422
1.19574
1.25858
1.32221
1.38621
1.44999
1.51281
1.57418
1.63396
1.692
1.74819
1.80243
1.85464
1.90473
1.95263
1.99827
2.04161
2.08257
2.12111
2.15716
2.19065
2.22152
2.24966
2.27501
2.29747
2.31697
2.33341
2.34674
2.35689
2.36382
2.36751
2.36794
2.36513
2.35911
2.34992
2.33763
2.32234
2.30417
2.28327
2.25983
2.23403
2.2061
2.17629
2.14484
2.11201
2.07804
2.04314
2.0075
1.97127
1.93463
1.8978
1.86098
1.82434
1.788
1.75206
1.71658
1.68162
1.64719
1.61331
1.57995
1.54709
1.51469
1.4827
1.45115
1.42002
1.38992
1.36121
1.33733
1.32015
0.0778809
0.135172
0.175643
0.21112
0.246218
0.283123
0.322348
0.364109
0.407871
0.453172
0.499368
0.545706
0.591205
0.634624
0.674992
0.710879
0.74267
0.770993
0.796728
0.820979
0.845213
0.87112
0.9001
0.933001
0.970026
1.01084
1.05484
1.10145
1.15026
1.20112
1.25391
1.30839
1.3643
1.42147
1.47904
1.53623
1.59256
1.64783
1.70179
1.75429
1.80516
1.85428
1.9015
1.94672
1.98983
2.03071
2.06929
2.10547
2.13919
2.17035
2.19888
2.22472
2.24778
2.26798
2.28526
2.29953
2.31075
2.31886
2.32383
2.32564
2.32428
2.31976
2.31214
2.30144
2.28775
2.27115
2.25175
2.22969
2.20512
2.17824
2.14925
2.11838
2.08588
2.05203
2.01708
1.98131
1.94497
1.90828
1.87144
1.8346
1.79793
1.76158
1.72573
1.69048
1.65593
1.62213
1.58913
1.55691
1.52548
1.49479
1.4648
1.43546
1.4067
1.37844
1.3507
1.32346
1.29726
1.27242
1.25204
1.23748
0.0774225
0.146694
0.202689
0.253246
0.304756
0.359689
0.418202
0.479993
0.543433
0.608069
0.67303
0.737508
0.80021
0.859798
0.914348
0.961525
1.00201
1.03716
1.06783
1.09516
1.12058
1.14567
1.17183
1.20003
1.23073
1.26391
1.2993
1.33661
1.37561
1.41634
1.45874
1.50237
1.54692
1.59169
1.63661
1.6814
1.72577
1.76949
1.81233
1.85408
1.89456
1.93358
1.97099
2.00662
2.04033
2.07198
2.10143
2.12859
2.15333
2.17557
2.19521
2.21218
2.2264
2.23781
2.24636
2.25201
2.25471
2.25445
2.25124
2.24506
2.23596
2.22397
2.20916
2.1916
2.1714
2.14867
2.12356
2.09624
2.06689
2.03572
2.00297
1.96889
1.93373
1.89778
1.86129
1.82454
1.78775
1.75115
1.7149
1.67916
1.64405
1.60969
1.57619
1.54362
1.51203
1.48145
1.45186
1.42325
1.39556
1.36873
1.3427
1.31737
1.29267
1.26851
1.24489
1.22177
1.19965
1.17881
1.16196
1.15008
0.0816668
0.185902
0.271707
0.351818
0.432868
0.516847
0.602584
0.689279
0.775322
0.859924
0.942243
1.02181
1.09755
1.16828
1.23223
1.28759
1.33305
1.37038
1.40096
1.42612
1.44733
1.46611
1.48382
1.50159
1.52014
1.53984
1.56079
1.58299
1.60642
1.63092
1.65635
1.68288
1.71047
1.7389
1.76801
1.79756
1.82732
1.85702
1.88642
1.91528
1.94337
1.97047
1.99637
2.02088
2.04381
2.065
2.08429
2.10155
2.11665
2.1295
2.13999
2.14807
2.15364
2.15668
2.15712
2.15494
2.15012
2.14264
2.13251
2.11975
2.10441
2.08654
2.06623
2.04357
2.0187
1.99175
1.96289
1.93233
1.90025
1.8669
1.8325
1.7973
1.76157
1.72556
1.6895
1.65365
1.61822
1.58338
1.5493
1.51608
1.48382
1.45259
1.42247
1.39348
1.36564
1.33894
1.31334
1.28878
1.2652
1.24253
1.22066
1.19951
1.17897
1.15896
1.13946
1.12043
1.10231
1.08534
1.07188
1.06258
0.099523
0.291065
0.451577
0.586435
0.712346
0.834119
0.948915
1.05579
1.15469
1.24614
1.33101
1.41075
1.48375
1.54931
1.6071
1.65622
1.69483
1.72374
1.74449
1.75857
1.7674
1.77238
1.77487
1.77607
1.77694
1.77816
1.78019
1.78333
1.78774
1.79351
1.80069
1.80935
1.81949
1.83101
1.84376
1.85755
1.87215
1.88732
1.90281
1.91836
1.93374
1.9487
1.96301
1.97648
1.98888
2.00004
2.00979
2.01798
2.02446
2.02911
2.03184
2.03253
2.03112
2.02753
2.0217
2.0136
2.00319
1.99048
1.97546
1.95817
1.93867
1.91703
1.89336
1.86778
1.84042
1.81147
1.7811
1.7495
1.7169
1.6835
1.64953
1.61524
1.58084
1.54657
1.51264
1.47926
1.44661
1.41484
1.38407
1.35438
1.32583
1.29848
1.27234
1.24742
1.22371
1.20117
1.17974
1.15936
1.13994
1.1214
1.10363
1.08653
1.07001
1.05396
1.03837
1.0232
1.00882
0.995445
0.985086
0.978157
0.259438
0.904065
1.07714
1.24797
1.38733
1.50541
1.60464
1.68606
1.75234
1.80657
1.85111
1.88695
1.91669
1.94153
1.96189
1.97737
1.98743
1.99158
1.99017
1.984
1.974
1.96115
1.94641
1.93072
1.91487
1.89952
1.88517
1.87216
1.86073
1.85102
1.84313
1.83709
1.83292
1.83056
1.82988
1.83074
1.83295
1.83628
1.84051
1.8454
1.85069
1.85616
1.86156
1.86666
1.87125
1.87511
1.87805
1.87987
1.88042
1.87955
1.8771
1.87298
1.86706
1.85929
1.84958
1.8379
1.82423
1.80856
1.79094
1.7714
1.75002
1.7269
1.70214
1.6759
1.6483
1.61954
1.58978
1.55921
1.52804
1.49646
1.46468
1.43291
1.40135
1.37019
1.33962
1.30981
1.2809
1.25302
1.22624
1.20064
1.17625
1.15308
1.13114
1.11042
1.09087
1.07246
1.05511
1.03875
1.02329
1.00864
0.994701
0.981361
0.968529
0.956108
0.944074
0.932393
0.921386
0.911245
0.903653
0.898828
)
;

boundaryField
{
    outlet
    {
        type            calculated;
        value           nonuniform List<scalar> 
55
(
0.829688
0.767952
0.705943
0.644443
0.584262
0.526204
0.471032
0.419421
0.371911
0.328874
0.290488
0.25674
0.227452
0.202332
0.181032
0.163204
0.148542
0.136787
0.127694
0.120976
0.11627
0.113153
0.111201
0.110051
0.109429
0.109154
0.109127
0.109315
0.109755
0.110552
0.111919
0.114192
0.117972
0.124369
0.136569
0.165118
0.243885
0.419503
0.717507
0.313235
0.45054
0.863712
1.10472
1.28046
1.39533
1.45602
1.46928
1.44462
1.39182
1.32015
1.23748
1.15008
1.06258
0.978157
0.898828
)
;
    }
    inlet
    {
        type            calculated;
        value           uniform 0.199999;
    }
    lowerWall
    {
        type            calculated;
        value           nonuniform List<scalar> 
148
(
0.241787
0.289665
0.336844
0.381951
0.423953
0.46211
0.495948
0.525265
0.550093
0.57064
0.587232
0.60026
0.610145
0.617305
0.622142
0.625026
0.626287
0.62622
0.625078
0.623081
0.620414
0.617234
0.613671
0.609834
0.605812
0.601679
0.597494
0.593307
0.589155
0.585072
0.581074
0.577259
0.574892
0.0119525
0.0214327
0.0297223
0.0391974
0.0480762
0.0557528
0.0629516
0.0687228
0.0730534
0.0757999
0.0778809
0.0774225
0.0816668
0.099523
0.259438
0.0119525
0.018994
0.0232321
0.02579
0.0272789
0.0280706
0.0284161
0.0284851
0.0283175
0.027975
0.0277792
0.027745
0.0277026
0.0277007
0.027808
0.0281049
0.0286756
0.0295971
0.0309001
0.0326345
0.0349924
0.0387158
0.0462312
0.0572438
0.0708409
0.0857966
0.101064
0.116012
0.130371
0.144085
0.1572
0.169794
0.181935
0.193627
0.204856
0.21561
0.2259
0.235769
0.245236
0.254308
0.26298
0.27124
0.279061
0.2864
0.293201
0.299682
0.306078
0.312429
0.318748
0.325008
0.331176
0.337232
0.343163
0.348959
0.354615
0.360128
0.365497
0.370722
0.375807
0.380753
0.385566
0.39025
0.394808
0.399245
0.403565
0.407773
0.41188
0.415911
0.419935
0.424146
0.42928
0.436022
0.442453
0.448361
0.453921
0.459243
0.464274
0.468421
0.470076
0.468427
0.470505
0.473573
0.475461
0.476853
0.477602
0.477635
0.476976
0.475672
0.473775
0.471345
0.468443
0.465133
0.461475
0.457559
0.453455
0.449409
0.445462
0.442956
0.440669
0.45054
)
;
    }
    upperWall
    {
        type            calculated;
        value           nonuniform List<scalar> 
133
(
0.209515
0.220347
0.230808
0.24093
0.250733
0.260233
0.269438
0.278351
0.286978
0.295321
0.303382
0.311166
0.318675
0.325913
0.332885
0.339595
0.346049
0.352252
0.35821
0.363929
0.369416
0.374677
0.379719
0.38455
0.389175
0.393602
0.397838
0.401889
0.405764
0.409467
0.413007
0.416391
0.419648
0.423719
0.427721
0.431626
0.43543
0.439128
0.442717
0.446191
0.449547
0.452781
0.455889
0.458867
0.461712
0.464421
0.466991
0.469417
0.471698
0.47383
0.475811
0.477638
0.479309
0.480822
0.482174
0.483363
0.484387
0.485243
0.48593
0.486446
0.486789
0.486955
0.486943
0.486751
0.486376
0.485815
0.485066
0.484124
0.482988
0.481652
0.480114
0.47837
0.476414
0.474242
0.47185
0.469232
0.466382
0.463296
0.459966
0.456388
0.452555
0.448461
0.4441
0.439467
0.434555
0.429359
0.423875
0.418099
0.412027
0.405658
0.398992
0.39203
0.384775
0.377235
0.369419
0.36134
0.353018
0.344476
0.335745
0.326863
0.317877
0.308844
0.299831
0.290919
0.282202
0.273787
0.265795
0.258358
0.25162
0.245728
0.240831
0.237066
0.234553
0.233378
0.233585
0.235164
0.238045
0.242096
0.247134
0.252966
0.260878
0.27014
0.279785
0.288991
0.297117
0.303774
0.308789
0.31218
0.313998
0.314623
0.313757
0.313775
0.313235
)
;
    }
    frontAndBack
    {
        type            empty;
    }
}


// ************************************************************************* //
