/*--------------------------------*- C++ -*----------------------------------*\
| =========                 |                                                 |
| \\      /  F ield         | OpenFOAM: The Open Source CFD Toolbox           |
|  \\    /   O peration     | Version:  4.1                                   |
|   \\  /    A nd           | Web:      www.OpenFOAM.org                      |
|    \\/     M anipulation  |                                                 |
\*---------------------------------------------------------------------------*/
FoamFile
{
    version     2.0;
    format      ascii;
    class       volScalarField;
    location    "1000";
    object      nut;
}
// * * * * * * * * * * * * * * * * * * * * * * * * * * * * * * * * * * * * * //

dimensions      [0 2 -1 0 0 0 0];

internalField   nonuniform List<scalar> 
6820
(
4.53774e-05
4.96674e-05
5.35596e-05
5.7033e-05
6.00872e-05
6.27329e-05
6.49892e-05
6.68824e-05
6.84449e-05
6.97114e-05
7.07177e-05
7.14978e-05
7.20841e-05
7.25058e-05
7.27893e-05
7.29578e-05
7.30314e-05
7.30275e-05
7.29609e-05
7.28443e-05
7.26882e-05
7.25016e-05
7.22921e-05
7.20657e-05
7.18277e-05
7.15822e-05
7.13329e-05
7.10825e-05
7.08333e-05
7.05874e-05
7.03459e-05
7.01146e-05
6.99707e-05
0.000389004
0.000214804
0.000161971
0.000134577
0.000117082
0.000104841
9.58724e-05
8.91195e-05
8.39493e-05
7.99547e-05
7.68576e-05
7.44593e-05
7.26133e-05
7.12095e-05
7.01639e-05
6.94111e-05
6.88998e-05
6.85893e-05
6.84468e-05
6.84457e-05
6.85646e-05
6.87854e-05
6.90931e-05
6.94752e-05
6.9921e-05
7.04212e-05
7.09681e-05
7.15548e-05
7.21759e-05
7.28246e-05
7.35008e-05
7.41943e-05
7.51909e-05
0.000867009
0.000638273
0.00050769
0.000428082
0.000375014
0.000336916
0.000308048
0.000285295
0.000266813
0.00025144
0.000238413
0.00022721
0.000217458
0.00020889
0.000201303
0.000194545
0.000188496
0.000183062
0.000178166
0.00017375
0.000169743
0.000166041
0.000162606
0.000159413
0.000156443
0.00015368
0.000151107
0.000148711
0.000146478
0.000144398
0.000142458
0.000140657
0.000139054
0.000991214
0.000902164
0.000807377
0.000726622
0.000661863
0.000610175
0.000568431
0.000534166
0.000505567
0.000481331
0.000460513
0.000442414
0.000426509
0.0004124
0.00039978
0.000388413
0.000378111
0.000368724
0.000360134
0.000352242
0.000344971
0.00033822
0.000331916
0.000326008
0.000320452
0.000315214
0.000310264
0.000305579
0.000301135
0.000296916
0.000292901
0.000289081
0.000285432
0.00101005
0.00098739
0.000948626
0.000902916
0.000857083
0.00081444
0.000776076
0.000742011
0.000711858
0.000685132
0.000661359
0.000640115
0.000621037
0.000603821
0.00058821
0.00057399
0.000560984
0.000549041
0.000538035
0.000527861
0.000518429
0.000509658
0.000501477
0.000493823
0.000486643
0.000479889
0.000473523
0.000467508
0.000461815
0.000456416
0.000451288
0.000446407
0.000441712
0.00101185
0.00100724
0.000995356
0.000976942
0.000954121
0.000929118
0.000903659
0.000878801
0.000855099
0.000832805
0.000812001
0.000792668
0.000774737
0.000758113
0.000742692
0.000728374
0.00071506
0.000702662
0.000691095
0.000680287
0.00067017
0.000660683
0.000651773
0.000643389
0.000635487
0.000628027
0.000620973
0.000614293
0.000607959
0.000601943
0.000596222
0.000590768
0.0005855
0.00101178
0.00101089
0.00100777
0.00100182
0.000992905
0.000981471
0.000968242
0.00095392
0.000939072
0.000924117
0.000909347
0.000894953
0.000881053
0.000867715
0.00085497
0.000842827
0.00083128
0.000820311
0.000809899
0.000800017
0.000790637
0.000781725
0.000773254
0.0007652
0.000757539
0.000750246
0.0007433
0.00073668
0.000730366
0.000724339
0.000718581
0.000713066
0.000707706
0.00101168
0.00101136
0.00101047
0.00100868
0.00100565
0.0010012
0.000995412
0.000988494
0.000980691
0.000972245
0.000963375
0.000954264
0.000945058
0.000935871
0.000926788
0.00091787
0.000909162
0.000900694
0.000892486
0.000884548
0.000876885
0.000869497
0.00086238
0.000855529
0.000848937
0.000842597
0.000836499
0.000830636
0.000824999
0.000819577
0.00081436
0.000809329
0.000804393
0.00101165
0.00101137
0.00101095
0.0010103
0.00100928
0.00100769
0.00100543
0.00100251
0.000998941
0.000994803
0.000990178
0.00098516
0.000979838
0.000974296
0.000968606
0.00096283
0.000957019
0.000951215
0.00094545
0.00093975
0.000934136
0.000928624
0.000923226
0.000917951
0.000912805
0.000907792
0.000902914
0.000898172
0.000893566
0.000889095
0.000884756
0.000880532
0.000876338
0.00101164
0.00101135
0.00101102
0.00101063
0.00101016
0.00100951
0.0010086
0.00100738
0.00100583
0.00100394
0.00100172
0.000999201
0.000996409
0.000993382
0.000990158
0.000986773
0.000983263
0.000979658
0.000975986
0.000972273
0.000968538
0.0009648
0.000961074
0.000957374
0.000953709
0.000950089
0.000946521
0.000943011
0.000939564
0.000936182
0.000932867
0.000929606
0.000926318
0.00101163
0.00101134
0.00101103
0.0010107
0.00101036
0.00100998
0.00100952
0.00100894
0.00100823
0.00100736
0.00100632
0.00100511
0.00100373
0.00100219
0.00100049
0.000998656
0.000996699
0.000994636
0.000992481
0.00099025
0.000987958
0.000985618
0.000983241
0.000980839
0.000978421
0.000975996
0.000973572
0.000971156
0.000968753
0.000966369
0.000964006
0.000961652
0.000959227
0.00101163
0.00101134
0.00101103
0.00101072
0.00101041
0.0010101
0.00100977
0.00100939
0.00100897
0.00100849
0.00100793
0.0010073
0.00100658
0.00100577
0.00100487
0.00100388
0.00100282
0.00100167
0.00100045
0.000999166
0.000997824
0.00099643
0.000994992
0.000993517
0.00099201
0.000990479
0.000988927
0.000987362
0.000985787
0.000984206
0.000982622
0.000981024
0.000979332
0.00101163
0.00101133
0.00101104
0.00101073
0.00101043
0.00101014
0.00100984
0.00100953
0.00100921
0.00100886
0.0010085
0.0010081
0.00100766
0.00100719
0.00100667
0.00100611
0.00100551
0.00100486
0.00100416
0.00100342
0.00100265
0.00100183
0.00100098
0.0010001
0.000999189
0.000998253
0.000997294
0.000996317
0.000995323
0.000994316
0.000993296
0.00099225
0.000991102
0.00101163
0.00101133
0.00101104
0.00101074
0.00101045
0.00101016
0.00100987
0.00100958
0.00100929
0.00100899
0.00100869
0.00100837
0.00100804
0.0010077
0.00100734
0.00100696
0.00100657
0.00100615
0.0010057
0.00100524
0.00100476
0.00100425
0.00100372
0.00100317
0.00100261
0.00100202
0.00100142
0.00100081
0.00100018
0.000999537
0.000998884
0.000998207
0.000997426
0.00101163
0.00101133
0.00101104
0.00101075
0.00101046
0.00101018
0.00100989
0.00100961
0.00100933
0.00100905
0.00100877
0.00100848
0.0010082
0.00100791
0.00100761
0.00100732
0.00100701
0.0010067
0.00100638
0.00100604
0.0010057
0.00100536
0.001005
0.00100463
0.00100425
0.00100386
0.00100346
0.00100306
0.00100264
0.00100222
0.00100179
0.00100134
0.00100078
0.00101163
0.00101133
0.00101105
0.00101075
0.00101047
0.00101019
0.00100991
0.00100963
0.00100936
0.00100908
0.00100881
0.00100854
0.00100827
0.001008
0.00100773
0.00100746
0.00100719
0.00100692
0.00100665
0.00100637
0.0010061
0.00100582
0.00100553
0.00100525
0.00100496
0.00100467
0.00100437
0.00100407
0.00100377
0.00100346
0.00100315
0.00100282
0.0010024
0.00101163
0.00101133
0.00101105
0.00101076
0.00101048
0.0010102
0.00100992
0.00100965
0.00100938
0.00100911
0.00100884
0.00100858
0.00100831
0.00100805
0.0010078
0.00100754
0.00100729
0.00100704
0.00100679
0.00100654
0.00100629
0.00100605
0.0010058
0.00100556
0.00100531
0.00100507
0.00100483
0.00100458
0.00100434
0.0010041
0.00100385
0.00100359
0.00100323
0.00101163
0.00101133
0.00101105
0.00101076
0.00101048
0.00101021
0.00100994
0.00100966
0.0010094
0.00100913
0.00100887
0.00100861
0.00100835
0.00100809
0.00100784
0.00100759
0.00100735
0.00100711
0.00100687
0.00100663
0.00100639
0.00100616
0.00100593
0.00100571
0.00100548
0.00100526
0.00100504
0.00100482
0.00100461
0.00100439
0.00100418
0.00100395
0.00100363
0.00101163
0.00101133
0.00101105
0.00101077
0.00101049
0.00101022
0.00100994
0.00100968
0.00100941
0.00100915
0.00100889
0.00100863
0.00100838
0.00100812
0.00100788
0.00100763
0.00100739
0.00100716
0.00100692
0.00100669
0.00100647
0.00100624
0.00100602
0.00100581
0.00100559
0.00100538
0.00100517
0.00100497
0.00100477
0.00100457
0.00100437
0.00100416
0.00100386
0.00101163
0.00101133
0.00101105
0.00101077
0.00101049
0.00101022
0.00100995
0.00100969
0.00100942
0.00100916
0.0010089
0.00100865
0.0010084
0.00100815
0.00100791
0.00100767
0.00100743
0.0010072
0.00100697
0.00100674
0.00100652
0.0010063
0.00100608
0.00100587
0.00100567
0.00100546
0.00100526
0.00100506
0.00100487
0.00100468
0.00100449
0.00100428
0.00100399
0.00101163
0.00101133
0.00101105
0.00101077
0.0010105
0.00101023
0.00100996
0.00100969
0.00100943
0.00100917
0.00100892
0.00100867
0.00100842
0.00100817
0.00100793
0.00100769
0.00100746
0.00100723
0.001007
0.00100678
0.00100656
0.00100635
0.00100614
0.00100593
0.00100572
0.00100552
0.00100533
0.00100513
0.00100495
0.00100476
0.00100457
0.00100438
0.00100409
0.00101163
0.00101133
0.00101105
0.00101077
0.0010105
0.00101023
0.00100996
0.0010097
0.00100944
0.00100918
0.00100893
0.00100868
0.00100843
0.00100819
0.00100795
0.00100772
0.00100749
0.00100726
0.00100704
0.00100682
0.0010066
0.00100639
0.00100618
0.00100597
0.00100577
0.00100557
0.00100538
0.00100519
0.00100501
0.00100482
0.00100464
0.00100445
0.00100416
0.00101163
0.00101133
0.00101105
0.00101077
0.0010105
0.00101023
0.00100997
0.00100971
0.00100945
0.00100919
0.00100894
0.00100869
0.00100845
0.00100821
0.00100797
0.00100774
0.00100751
0.00100728
0.00100706
0.00100684
0.00100663
0.00100642
0.00100621
0.00100601
0.00100581
0.00100562
0.00100542
0.00100524
0.00100505
0.00100487
0.00100469
0.0010045
0.00100422
0.00101163
0.00101133
0.00101105
0.00101077
0.0010105
0.00101023
0.00100997
0.00100971
0.00100945
0.0010092
0.00100895
0.0010087
0.00100846
0.00100822
0.00100798
0.00100775
0.00100753
0.0010073
0.00100708
0.00100687
0.00100665
0.00100644
0.00100624
0.00100604
0.00100584
0.00100565
0.00100546
0.00100527
0.00100509
0.00100491
0.00100474
0.00100455
0.00100427
0.00101163
0.00101133
0.00101105
0.00101077
0.0010105
0.00101024
0.00100997
0.00100971
0.00100946
0.0010092
0.00100895
0.00100871
0.00100847
0.00100823
0.00100799
0.00100776
0.00100754
0.00100731
0.00100709
0.00100688
0.00100667
0.00100646
0.00100626
0.00100606
0.00100586
0.00100567
0.00100548
0.00100529
0.00100511
0.00100493
0.00100476
0.00100457
0.00100429
0.00101163
0.00101133
0.00101105
0.00101077
0.0010105
0.00101024
0.00100997
0.00100971
0.00100946
0.0010092
0.00100895
0.00100871
0.00100847
0.00100823
0.001008
0.00100777
0.00100754
0.00100732
0.0010071
0.00100689
0.00100668
0.00100647
0.00100627
0.00100607
0.00100588
0.00100568
0.0010055
0.00100531
0.00100513
0.00100496
0.00100478
0.00100459
0.00100432
0.00101163
0.00101133
0.00101105
0.00101077
0.0010105
0.00101024
0.00100997
0.00100971
0.00100946
0.0010092
0.00100896
0.00100871
0.00100847
0.00100823
0.001008
0.00100777
0.00100754
0.00100732
0.0010071
0.00100688
0.00100667
0.00100646
0.00100626
0.00100606
0.00100586
0.00100567
0.00100548
0.0010053
0.00100512
0.00100494
0.00100476
0.00100457
0.00100429
0.00101163
0.00101133
0.00101105
0.00101077
0.0010105
0.00101024
0.00100997
0.00100971
0.00100945
0.0010092
0.00100895
0.00100871
0.00100847
0.00100823
0.00100799
0.00100776
0.00100754
0.00100732
0.0010071
0.00100688
0.00100667
0.00100647
0.00100627
0.00100607
0.00100587
0.00100568
0.00100549
0.00100531
0.00100513
0.00100495
0.00100478
0.00100459
0.00100431
0.00101163
0.00101133
0.00101105
0.00101077
0.0010105
0.00101023
0.00100997
0.00100971
0.00100945
0.0010092
0.00100894
0.0010087
0.00100845
0.00100821
0.00100797
0.00100774
0.00100751
0.00100729
0.00100706
0.00100684
0.00100663
0.00100642
0.00100621
0.00100601
0.00100581
0.00100562
0.00100542
0.00100524
0.00100505
0.00100487
0.00100469
0.0010045
0.00100422
0.00101163
0.00101133
0.00101105
0.00101077
0.0010105
0.00101023
0.00100997
0.0010097
0.00100945
0.00100919
0.00100894
0.00100869
0.00100845
0.00100821
0.00100798
0.00100775
0.00100752
0.0010073
0.00100708
0.00100686
0.00100665
0.00100644
0.00100623
0.00100603
0.00100583
0.00100564
0.00100544
0.00100526
0.00100507
0.00100489
0.00100471
0.00100451
0.00100423
0.00101163
0.00101133
0.00101105
0.00101077
0.0010105
0.00101023
0.00100996
0.00100969
0.00100943
0.00100917
0.00100891
0.00100866
0.00100841
0.00100816
0.00100791
0.00100767
0.00100744
0.0010072
0.00100697
0.00100674
0.00100652
0.0010063
0.00100608
0.00100587
0.00100566
0.00100545
0.00100525
0.00100505
0.00100486
0.00100466
0.00100447
0.00100426
0.00100397
0.00101163
0.00101133
0.00101105
0.00101077
0.00101049
0.00101022
0.00100996
0.0010097
0.00100944
0.00100918
0.00100893
0.00100868
0.00100843
0.00100819
0.00100795
0.00100771
0.00100747
0.00100723
0.00100699
0.00100676
0.00100653
0.0010063
0.00100606
0.00100584
0.00100561
0.00100538
0.00100516
0.00100493
0.00100471
0.00100449
0.00100426
0.00100403
0.00100369
0.00101163
0.00101133
0.00101105
0.00101077
0.00101048
0.0010102
0.00100992
0.00100964
0.00100935
0.00100907
0.00100879
0.00100851
0.00100822
0.00100794
0.00100766
0.00100738
0.0010071
0.00100681
0.00100653
0.00100624
0.00100595
0.00100566
0.00100536
0.00100507
0.00100477
0.00100447
0.00100416
0.00100386
0.00100355
0.00100325
0.00100293
0.00100261
0.00100218
0.00101163
0.00101134
0.00101105
0.00101077
0.00101049
0.00101021
0.00100993
0.00100964
0.00100934
0.00100903
0.00100871
0.00100837
0.00100802
0.00100766
0.00100728
0.00100689
0.00100648
0.00100606
0.00100562
0.00100516
0.00100469
0.00100421
0.00100371
0.0010032
0.00100268
0.00100215
0.00100161
0.00100106
0.00100051
0.000999942
0.00099937
0.000998776
0.000998084
0.00101163
0.00101134
0.00101103
0.00101069
0.00101033
0.00100994
0.00100951
0.00100904
0.00100853
0.00100796
0.00100734
0.00100667
0.00100594
0.00100515
0.00100431
0.00100342
0.00100248
0.00100149
0.00100047
0.000999414
0.000998324
0.000997207
0.000996067
0.000994906
0.00099373
0.000992542
0.000991344
0.000990139
0.00098893
0.00098772
0.000986508
0.000985283
0.000983969
0.00101164
0.00101133
0.00101094
0.00101042
0.00100973
0.00100883
0.0010077
0.00100635
0.00100478
0.001003
0.00100104
0.000998909
0.000996631
0.000994228
0.000991719
0.000989125
0.000986463
0.00098375
0.000981
0.000978226
0.00097544
0.000972653
0.000969872
0.000967103
0.000964354
0.00096163
0.000958937
0.000956278
0.000953656
0.000951075
0.000948535
0.000946023
0.000943466
0.00101162
0.0010106
0.00100853
0.00100543
0.0010014
0.000996513
0.00099091
0.000984747
0.000978174
0.000971314
0.000964272
0.000957136
0.000949978
0.000942854
0.000935809
0.000928876
0.000922082
0.000915443
0.000908975
0.000902685
0.000896578
0.000890657
0.000884923
0.000879373
0.000874006
0.000868819
0.000863806
0.000858963
0.000854286
0.000849769
0.000845405
0.000841179
0.000837016
0.00100895
0.000995379
0.000976042
0.000953694
0.00093032
0.000907093
0.000884657
0.000863329
0.000843228
0.000824388
0.000806781
0.000790352
0.000775024
0.00076072
0.000747357
0.000734861
0.000723158
0.000712183
0.000701876
0.000692182
0.000683051
0.000674439
0.000666305
0.000658613
0.000651329
0.000644424
0.000637871
0.000631645
0.000625722
0.000620084
0.00061471
0.00060958
0.000604632
0.000892788
0.000742255
0.000649202
0.00058554
0.000538566
0.000502138
0.000472884
0.000448753
0.000428416
0.000410981
0.000395823
0.000382492
0.000370655
0.000360056
0.0003505
0.000341831
0.000333927
0.000326686
0.000320026
0.000313879
0.000308188
0.000302904
0.000297984
0.000293395
0.000289104
0.000285084
0.000281313
0.000277768
0.000274431
0.000271286
0.000268317
0.000265514
0.000262862
0.000126722
0.000129956
0.000133005
0.000135891
0.000138628
0.00014123
0.000143705
0.000146063
0.000148309
0.00015045
0.000152489
0.000154433
0.000156285
0.00015805
0.000159732
0.000161334
0.00016286
0.000164313
0.000165696
0.000167014
0.000168268
0.000169462
0.000170599
0.00017168
0.00017271
0.000173689
0.000174621
0.000175508
0.000176352
0.000177155
0.000177919
0.000178647
0.000179344
8.54724e-05
0.000115337
0.000145821
0.000176029
0.000203034
0.000226763
0.000248164
0.000268296
0.000288071
0.000308078
0.000328541
0.000349428
0.000370701
0.000392288
0.000414086
0.000435928
0.000457593
0.000479072
0.000500233
0.000521111
0.000541755
0.000562223
0.000582594
0.000602976
0.000623493
0.000644267
0.000665419
0.000687056
0.000709279
0.000732174
0.000755822
0.000780297
0.000805663
0.00083196
0.000859211
0.000887417
0.000916555
0.000946583
0.000977438
0.00100904
0.00104131
0.00107413
0.00110739
0.00114098
0.00117479
0.00120868
0.00124256
0.00127629
0.00130979
0.00134295
0.00137569
0.00140792
0.00143958
0.00147061
0.00150097
0.00153062
0.00155954
0.00158771
0.00161515
0.00164187
0.00166789
0.00169327
0.00171805
0.0017423
0.0017661
0.00178953
0.00181266
0.0018356
0.00185843
0.00188124
0.00190413
0.00192718
0.00195047
0.00197407
0.00199804
0.00202241
0.00204719
0.00207237
0.00209789
0.00212366
0.00214961
0.00217563
0.00220166
0.00222757
0.00225329
0.0022787
0.00230369
0.00232816
0.00235199
0.00237509
0.00239737
0.00241874
0.00243915
0.00245862
0.00247727
0.00249556
0.00251437
0.00253586
0.00256356
0.00261293
7.83549e-05
8.47446e-05
9.52609e-05
0.000110476
0.000129536
0.000151376
0.000174496
0.000197715
0.000220451
0.000242499
0.000263899
0.000284826
0.000305531
0.000326258
0.000347175
0.000368316
0.000389596
0.000410929
0.000432321
0.000453647
0.000474835
0.000495858
0.000516727
0.000537487
0.000558206
0.000578966
0.000599854
0.000620958
0.000642362
0.000664151
0.000686406
0.000709207
0.000732629
0.000756737
0.00078158
0.000807194
0.000833597
0.000860789
0.000888751
0.000917448
0.00094683
0.000976831
0.00100738
0.00103838
0.00106974
0.00110138
0.00113317
0.00116503
0.00119685
0.00122854
0.00126002
0.00129119
0.001322
0.00135237
0.00138225
0.00141161
0.00144042
0.00146866
0.00149633
0.00152345
0.00155004
0.00157614
0.00160179
0.00162706
0.00165201
0.00167672
0.00170126
0.00172572
0.00175016
0.00177467
0.00179933
0.00182421
0.00184937
0.00187486
0.00190074
0.00192703
0.00195372
0.00198079
0.00200819
0.00203582
0.00206359
0.00209142
0.00211921
0.00214686
0.00217428
0.00220135
0.00222796
0.00225402
0.00227942
0.00230407
0.00232786
0.00235074
0.00237264
0.00239359
0.00241371
0.00243344
0.00245359
0.00247613
0.00250414
0.00254924
0.00013774
0.000137412
0.000137921
0.000139205
0.000141082
0.000143448
0.00014785
0.000155288
0.0001659
0.00017919
0.000194732
0.000212091
0.000230838
0.000250599
0.000271064
0.000291977
0.000313086
0.000334213
0.000355453
0.000376742
0.000398013
0.000419215
0.000440317
0.000461314
0.000482221
0.00050307
0.000523908
0.000544788
0.000565773
0.000586931
0.000608337
0.000630066
0.000652195
0.000674798
0.00069794
0.000721677
0.000746055
0.000771103
0.000796837
0.000823257
0.000850347
0.000878075
0.000906398
0.000935258
0.000964586
0.000994306
0.00102433
0.00105458
0.00108496
0.00111539
0.00114577
0.00117605
0.00120613
0.00123597
0.00126551
0.00129471
0.00132354
0.00135198
0.00138003
0.0014077
0.00143501
0.00146199
0.00148868
0.00151512
0.00154139
0.00156754
0.00159362
0.00161972
0.0016459
0.00167221
0.00169872
0.00172548
0.00175255
0.00177997
0.00180775
0.00183593
0.00186447
0.00189336
0.00192253
0.0019519
0.00198136
0.00201084
0.00204022
0.00206941
0.00209832
0.00212683
0.00215486
0.00218229
0.00220903
0.00223499
0.00226008
0.00228423
0.0023074
0.00232962
0.002351
0.00237197
0.00239326
0.00241662
0.00244471
0.00248502
0.000281176
0.000277081
0.000273363
0.000270019
0.000266855
0.000263255
0.000258688
0.000253003
0.000246341
0.000240657
0.000236884
0.000235501
0.00023687
0.000241145
0.000248272
0.000258025
0.000270045
0.000283906
0.00029928
0.000315902
0.000333477
0.000351748
0.000370508
0.000389609
0.000408954
0.000428483
0.000448172
0.000468014
0.000488022
0.000508221
0.000528646
0.000549341
0.000570356
0.000591746
0.000613564
0.000635865
0.000658695
0.000682095
0.000706096
0.000730719
0.000755971
0.000781845
0.000808324
0.000835376
0.000862958
0.000891017
0.000919491
0.000948312
0.000977409
0.00100671
0.00103614
0.00106562
0.00109511
0.00112453
0.00115384
0.001183
0.00121198
0.00124076
0.00126934
0.0012977
0.00132587
0.00135387
0.00138173
0.00140948
0.00143718
0.00146486
0.00149259
0.0015204
0.00154836
0.0015765
0.00160487
0.00163351
0.00166245
0.00169172
0.00172133
0.00175128
0.00178156
0.0018121
0.00184287
0.00187376
0.00190469
0.00193556
0.00196628
0.00199675
0.00202688
0.00205657
0.00208572
0.00211424
0.00214204
0.00216903
0.00219514
0.0022203
0.00224448
0.00226771
0.0022901
0.00231205
0.00233423
0.00235816
0.00238608
0.00242109
0.000436014
0.000430298
0.000424734
0.000419453
0.000414491
0.000409767
0.000405049
0.000399966
0.000394013
0.000386881
0.000378732
0.000369956
0.000360888
0.000351983
0.00034379
0.000336867
0.000331695
0.000328592
0.000327828
0.000329539
0.000333675
0.000340089
0.000348573
0.000358888
0.000370791
0.000384048
0.000398445
0.000413804
0.000429977
0.000446856
0.000464363
0.000482449
0.000501089
0.000520274
0.000540009
0.000560307
0.000581185
0.000602663
0.000624759
0.000647489
0.000670862
0.00069488
0.000719537
0.000744819
0.0007707
0.000797145
0.000824113
0.000851552
0.000879408
0.000907622
0.000936133
0.000964881
0.000993811
0.00102287
0.00105201
0.00108118
0.00111037
0.00113954
0.00116869
0.0011978
0.00122687
0.00125593
0.00128498
0.00131406
0.00134319
0.00137241
0.00140174
0.00143122
0.00146089
0.00149077
0.00152088
0.00155126
0.00158191
0.00161285
0.00164406
0.00167555
0.00170728
0.00173921
0.00177126
0.00180337
0.00183543
0.00186736
0.00189906
0.00193045
0.00196144
0.00199194
0.00202186
0.00205112
0.00207963
0.00210732
0.00213412
0.00215997
0.00218485
0.00220879
0.0022319
0.00225455
0.00227733
0.00230155
0.00232902
0.0023583
0.000579026
0.000572595
0.000566234
0.000560009
0.000553989
0.000548199
0.00054266
0.000537349
0.000532144
0.000526846
0.000521231
0.000515224
0.000508626
0.000501293
0.000493142
0.000484181
0.000474524
0.000464383
0.00045414
0.000444286
0.000435301
0.00042762
0.000421599
0.000417503
0.000415497
0.000415647
0.000417938
0.000422291
0.000428581
0.000436661
0.000446375
0.000457572
0.000470113
0.000483879
0.000498769
0.000514702
0.000531617
0.000549465
0.000568212
0.000587829
0.000608296
0.000629591
0.000651693
0.00067458
0.000698224
0.000722592
0.000747646
0.000773344
0.000799636
0.000826473
0.0008538
0.000881564
0.00090971
0.000938188
0.000966951
0.000995956
0.00102517
0.00105455
0.0010841
0.00111377
0.00114358
0.00117352
0.00120358
0.00123378
0.00126414
0.00129465
0.00132535
0.00135624
0.00138733
0.00141865
0.00145018
0.00148194
0.00151393
0.00154614
0.00157856
0.00161116
0.00164391
0.00167676
0.00170964
0.00174249
0.00177521
0.00180773
0.00183995
0.00187181
0.00190322
0.0019341
0.00196437
0.00199395
0.00202279
0.00205079
0.00207791
0.00210411
0.00212934
0.00215367
0.00217718
0.00220022
0.0022233
0.00224749
0.00227423
0.00229746
0.000701047
0.000694454
0.00068796
0.000681543
0.000675281
0.000669198
0.000663319
0.00065767
0.000652234
0.00064699
0.00064189
0.000636897
0.000631936
0.000626897
0.000621644
0.00061602
0.000609864
0.000603014
0.000595346
0.000586858
0.000577617
0.000567788
0.000557627
0.000547456
0.000537642
0.000528556
0.000520545
0.000513911
0.000508891
0.000505652
0.000504297
0.000504868
0.00050736
0.000511729
0.000517907
0.000525811
0.000535351
0.000546438
0.000558988
0.000572922
0.000588169
0.000604665
0.000622351
0.000641172
0.000661075
0.000682008
0.000703919
0.000726754
0.000750457
0.000774972
0.000800239
0.000826202
0.000852801
0.00087998
0.000907686
0.000935869
0.000964481
0.000993483
0.00102284
0.00105252
0.00108249
0.00111275
0.00114327
0.00117404
0.00120505
0.0012363
0.00126778
0.00129948
0.0013314
0.00136353
0.00139585
0.00142836
0.00146104
0.00149387
0.00152682
0.00155988
0.00159299
0.00162612
0.0016592
0.00169217
0.00172494
0.00175746
0.00178965
0.00182143
0.00185274
0.00188351
0.00191367
0.00194315
0.00197189
0.00199983
0.00202691
0.00205309
0.00207835
0.00210274
0.00212634
0.00214947
0.00217255
0.00219642
0.00222219
0.0022392
0.000798149
0.000792013
0.000785946
0.000779924
0.000773977
0.000768116
0.000762357
0.00075673
0.000751261
0.000745971
0.000740874
0.000735979
0.000731288
0.000726784
0.000722433
0.000718181
0.000713948
0.000709634
0.00070511
0.000700251
0.000694936
0.000689071
0.000682579
0.000675445
0.000667725
0.000659537
0.000651061
0.000642523
0.000634184
0.000626317
0.000619188
0.000613046
0.000608109
0.000604559
0.000602533
0.00060213
0.000603409
0.000606399
0.000611104
0.000617507
0.000625576
0.00063527
0.00064654
0.000659332
0.00067359
0.000689254
0.000706263
0.000724554
0.000744063
0.000764723
0.000786467
0.000809228
0.000832938
0.00085753
0.000882939
0.0009091
0.000935954
0.000963442
0.000991513
0.00102012
0.00104921
0.00107875
0.00110869
0.00113902
0.00116968
0.00120066
0.00123193
0.00126346
0.00129522
0.00132718
0.00135933
0.00139163
0.00142405
0.00145657
0.00148917
0.0015218
0.00155443
0.00158702
0.00161952
0.00165186
0.001684
0.00171587
0.00174741
0.00177856
0.00180926
0.00183944
0.00186906
0.00189804
0.00192632
0.00195386
0.00198059
0.00200647
0.0020315
0.0020557
0.00207916
0.00210214
0.00212499
0.00214831
0.00217293
0.00218383
0.000870887
0.000865604
0.000860342
0.000855103
0.000849872
0.000844672
0.000839518
0.000834429
0.000829427
0.000824528
0.000819745
0.000815085
0.000810569
0.000806215
0.000802037
0.000798044
0.000794232
0.000790586
0.000787072
0.000783628
0.000780197
0.00077671
0.000773086
0.000769247
0.000765126
0.000760676
0.000755878
0.000750749
0.000745349
0.000739728
0.000734008
0.000728343
0.000722911
0.000717902
0.000713501
0.000709887
0.000707223
0.000705655
0.00070531
0.00070629
0.000708674
0.000712521
0.00071787
0.000724743
0.000733145
0.000743068
0.000754493
0.000767391
0.000781722
0.000797441
0.000814496
0.000832829
0.000852376
0.000873074
0.000894854
0.000917648
0.000941387
0.000966002
0.000991426
0.00101759
0.00104444
0.00107191
0.00109995
0.00112849
0.00115749
0.0011869
0.00121667
0.00124675
0.0012771
0.00130768
0.00133846
0.00136939
0.00140044
0.00143159
0.00146279
0.00149403
0.00152526
0.00155645
0.00158757
0.00161857
0.0016494
0.00168001
0.00171036
0.0017404
0.00177007
0.00179931
0.00182807
0.00185629
0.0018839
0.00191085
0.00193708
0.00196255
0.00198724
0.00201115
0.00203436
0.00205711
0.00207963
0.00210233
0.00212578
0.00213103
0.000921864
0.000917653
0.000913422
0.000909175
0.000904908
0.000900622
0.000896334
0.000892053
0.000887789
0.000883555
0.000879363
0.000875224
0.000871153
0.000867168
0.000863285
0.000859524
0.000855903
0.000852438
0.000849142
0.000846017
0.000843067
0.000840273
0.000837615
0.000835065
0.000832589
0.000830146
0.000827697
0.000825209
0.000822658
0.000820029
0.000817323
0.000814567
0.000811808
0.000809126
0.000806567
0.000804231
0.000802235
0.000800703
0.00079976
0.000799526
0.000800118
0.000801643
0.000804199
0.000807868
0.000812721
0.000818815
0.000826191
0.000834879
0.000844894
0.000856238
0.000868902
0.000882867
0.000898103
0.000914572
0.000932227
0.000951015
0.00097088
0.000991759
0.00101359
0.0010363
0.00105983
0.00108411
0.00110908
0.00113466
0.0011608
0.00118743
0.00121451
0.00124196
0.00126974
0.00129781
0.00132611
0.00135462
0.00138329
0.00141209
0.00144101
0.00147
0.00149906
0.00152815
0.00155725
0.00158634
0.00161537
0.00164432
0.00167314
0.00170178
0.00173022
0.00175837
0.0017862
0.00181362
0.00184058
0.00186701
0.00189283
0.001918
0.00194246
0.00196624
0.00198935
0.002012
0.00203433
0.00205654
0.00207902
0.00207957
0.000955745
0.000952591
0.000949392
0.000946151
0.000942873
0.000939553
0.000936197
0.000932813
0.000929409
0.000925994
0.000922576
0.00091916
0.000915755
0.000912367
0.000909011
0.000905703
0.000902459
0.000899302
0.000896245
0.000893306
0.000890508
0.000887868
0.000885398
0.000883108
0.000881004
0.000879086
0.000877347
0.000875779
0.000874368
0.000873102
0.000871967
0.000870958
0.000870073
0.000869324
0.000868726
0.000868308
0.000868097
0.000868127
0.00086846
0.000869169
0.000870332
0.00087203
0.000874348
0.000877364
0.000881159
0.000885803
0.000891363
0.000897895
0.000905448
0.000914059
0.000923756
0.000934555
0.000946462
0.000959473
0.000973572
0.000988737
0.00100493
0.00102212
0.00104026
0.0010593
0.00107917
0.00109983
0.00112121
0.00114325
0.0011659
0.00118909
0.00121278
0.00123689
0.0012614
0.00128624
0.00131138
0.0013368
0.00136245
0.00138831
0.00141438
0.00144063
0.00146705
0.00149364
0.00152039
0.00154728
0.00157429
0.00160141
0.0016286
0.00165583
0.00168306
0.00171022
0.00173726
0.00176411
0.00179068
0.00181689
0.00184265
0.00186789
0.00189255
0.0019166
0.00194003
0.00196299
0.00198554
0.0020077
0.0020297
0.0020271
0.000976687
0.000974454
0.000972165
0.000969824
0.000967435
0.000965
0.000962515
0.000959986
0.000957418
0.000954815
0.000952179
0.000949516
0.000946828
0.000944122
0.000941403
0.00093868
0.000935963
0.000933266
0.000930605
0.000927997
0.000925461
0.000923022
0.000920699
0.000918512
0.000916484
0.000914631
0.000912972
0.000911519
0.000910282
0.000909269
0.000908484
0.000907928
0.000907605
0.000907514
0.00090766
0.000908052
0.000908688
0.000909575
0.000910732
0.000912189
0.000913983
0.000916156
0.000918755
0.000921831
0.000925437
0.000929627
0.000934454
0.00093997
0.000946222
0.000953255
0.000961105
0.000969804
0.000979374
0.000989832
0.00100118
0.00101343
0.00102655
0.00104054
0.00105537
0.00107101
0.00108743
0.00110457
0.0011224
0.00114087
0.00115994
0.00117955
0.00119967
0.00122025
0.00124125
0.00126263
0.00128437
0.00130645
0.00132884
0.00135155
0.00137455
0.00139787
0.00142149
0.00144544
0.00146971
0.00149432
0.00151926
0.00154453
0.00157012
0.001596
0.00162215
0.0016485
0.00167499
0.00170155
0.00172808
0.00175449
0.00178067
0.00180651
0.00183192
0.00185684
0.00188122
0.00190513
0.00192856
0.00195137
0.00197368
0.00197004
0.000989089
0.00098756
0.000985979
0.000984348
0.00098267
0.000980945
0.000979174
0.000977355
0.000975493
0.000973591
0.000971649
0.000969668
0.00096765
0.000965598
0.000963513
0.000961399
0.000959262
0.000957108
0.000954945
0.000952786
0.000950643
0.000948536
0.00094648
0.000944495
0.000942603
0.000940824
0.000939181
0.000937695
0.000936386
0.000935271
0.000934368
0.000933692
0.000933247
0.000933039
0.000933078
0.000933371
0.000933927
0.000934755
0.000935862
0.000937262
0.000938971
0.000941007
0.000943395
0.000946161
0.000949335
0.000952949
0.000957037
0.000961634
0.000966774
0.000972492
0.000978819
0.000985784
0.000993411
0.00100172
0.00101073
0.00102045
0.00103088
0.00104201
0.00105385
0.00106637
0.00107956
0.00109338
0.00110782
0.00112285
0.00113842
0.00115452
0.0011711
0.00118815
0.00120563
0.00122353
0.00124183
0.00126051
0.00127958
0.00129904
0.0013189
0.00133918
0.00135989
0.00138107
0.00140274
0.00142492
0.00144765
0.00147094
0.0014948
0.00151922
0.00154419
0.00156967
0.00159561
0.00162194
0.00164856
0.00167536
0.00170222
0.00172902
0.00175562
0.00178192
0.00180783
0.00183335
0.00185837
0.00188264
0.00190617
0.00190402
0.000995849
0.00099481
0.00099373
0.000992611
0.000991452
0.000990255
0.000989019
0.000987745
0.000986431
0.000985078
0.000983688
0.00098226
0.000980794
0.000979289
0.000977747
0.000976168
0.000974553
0.000972906
0.000971232
0.000969535
0.000967826
0.000966113
0.00096441
0.00096273
0.00096109
0.000959505
0.000957996
0.00095658
0.000955278
0.000954107
0.000953086
0.000952233
0.00095156
0.000951071
0.000950779
0.000950698
0.000950841
0.00095122
0.000951847
0.000952731
0.000953886
0.000955324
0.000957058
0.000959105
0.000961481
0.000964205
0.000967298
0.000970781
0.000974675
0.000979004
0.000983791
0.000989056
0.00099482
0.0010011
0.00100791
0.00101527
0.00102318
0.00103165
0.00104068
0.00105026
0.00106039
0.00107106
0.00108225
0.00109395
0.00110614
0.00111881
0.00113193
0.00114549
0.00115948
0.00117389
0.00118872
0.00120396
0.00121963
0.00123574
0.0012523
0.00126936
0.00128694
0.00130508
0.00132383
0.00134324
0.00136335
0.0013842
0.00140584
0.00142827
0.00145153
0.00147559
0.00150043
0.00152601
0.00155224
0.00157903
0.00160626
0.0016338
0.00166149
0.0016892
0.00171678
0.00174416
0.00177117
0.00179748
0.00182294
0.00182483
0.000999481
0.000998755
0.000998001
0.000997218
0.000996406
0.000995565
0.000994695
0.000993796
0.000992868
0.000991908
0.000990918
0.000989897
0.000988843
0.000987757
0.000986637
0.000985482
0.000984293
0.000983071
0.000981816
0.000980532
0.000979223
0.000977894
0.000976551
0.000975205
0.000973864
0.000972542
0.00097125
0.000970003
0.000968814
0.000967694
0.000966657
0.00096572
0.000964895
0.000964197
0.000963637
0.000963228
0.000962982
0.000962913
0.000963032
0.00096335
0.00096388
0.000964632
0.000965617
0.000966847
0.000968335
0.000970092
0.000972132
0.000974468
0.000977116
0.000980088
0.000983401
0.000987069
0.000991106
0.000995527
0.00100034
0.00100557
0.00101121
0.00101727
0.00102376
0.00103068
0.00103803
0.00104582
0.00105403
0.00106265
0.00107169
0.00108114
0.00109099
0.00110124
0.00111188
0.00112291
0.00113433
0.00114617
0.00115842
0.00117112
0.00118428
0.00119795
0.00121216
0.00122697
0.00124243
0.0012586
0.00127554
0.00129331
0.00131198
0.0013316
0.00135222
0.00137386
0.00139655
0.00142026
0.00144498
0.00147064
0.00149714
0.00152438
0.00155222
0.0015805
0.00160907
0.00163781
0.00166647
0.0016947
0.00172219
0.00173002
0.00100125
0.00100071
0.00100015
0.00099957
0.000998971
0.000998353
0.000997715
0.000997058
0.00099638
0.000995682
0.000994961
0.000994217
0.000993449
0.000992656
0.000991837
0.00099099
0.000990114
0.00098921
0.000988277
0.000987316
0.000986328
0.000985316
0.000984284
0.000983237
0.000982182
0.000981125
0.000980076
0.000979042
0.000978035
0.000977063
0.000976133
0.00097525
0.000974423
0.000973665
0.000972988
0.000972403
0.000971923
0.000971558
0.000971319
0.000971218
0.000971264
0.000971469
0.000971841
0.000972392
0.000973131
0.000974067
0.00097521
0.000976571
0.000978159
0.000979984
0.000982057
0.000984387
0.000986985
0.00098986
0.000993021
0.000996478
0.00100024
0.00100431
0.00100869
0.0010134
0.00101843
0.00102378
0.00102946
0.00103547
0.00104181
0.00104848
0.00105547
0.00106279
0.00107044
0.00107843
0.00108676
0.00109545
0.00110452
0.00111398
0.00112387
0.00113421
0.00114506
0.00115646
0.00116846
0.00118113
0.00119455
0.00120877
0.00122388
0.00123995
0.00125706
0.00127527
0.00129463
0.00131519
0.00133696
0.00135995
0.00138411
0.00140939
0.0014357
0.00146292
0.00149091
0.00151954
0.00154855
0.00157764
0.00160627
0.00162061
0.00100218
0.00100174
0.00100129
0.00100082
0.00100035
0.000999863
0.000999364
0.000998852
0.000998327
0.000997788
0.000997235
0.000996667
0.000996082
0.00099548
0.000994859
0.000994219
0.000993558
0.000992874
0.000992169
0.00099144
0.00099069
0.000989918
0.000989127
0.00098832
0.0009875
0.000986671
0.00098584
0.000985006
0.000984176
0.000983356
0.000982551
0.000981767
0.00098101
0.000980288
0.000979608
0.000978979
0.000978409
0.000977906
0.00097748
0.000977139
0.000976893
0.000976749
0.000976717
0.000976804
0.000977019
0.00097737
0.000977865
0.000978512
0.000979318
0.00098029
0.000981436
0.000982764
0.000984281
0.000985993
0.000987908
0.000990031
0.000992369
0.000994927
0.000997711
0.00100072
0.00100397
0.00100746
0.00101118
0.00101515
0.00101936
0.00102382
0.00102854
0.0010335
0.00103873
0.00104422
0.00104998
0.00105604
0.00106239
0.00106907
0.00107609
0.00108349
0.00109131
0.00109957
0.00110835
0.00111768
0.00112764
0.00113829
0.00114971
0.00116199
0.0011752
0.00118942
0.00120474
0.00122124
0.00123897
0.00125799
0.00127833
0.00129999
0.00132296
0.00134718
0.00137257
0.00139905
0.00142639
0.00145441
0.00148234
0.00150211
0.00100261
0.00100223
0.00100183
0.00100143
0.00100102
0.00100061
0.00100018
0.000999753
0.000999315
0.000998868
0.000998412
0.000997947
0.000997472
0.000996986
0.000996487
0.000995975
0.00099545
0.00099491
0.000994353
0.00099378
0.00099319
0.000992584
0.000991963
0.000991328
0.000990682
0.000990027
0.000989366
0.000988703
0.000988041
0.000987376
0.000986711
0.000986049
0.000985396
0.000984755
0.000984133
0.000983535
0.000982966
0.000982434
0.000981944
0.000981502
0.000981115
0.000980791
0.000980535
0.000980354
0.000980254
0.000980243
0.000980327
0.000980511
0.000980801
0.000981205
0.000981727
0.000982373
0.000983148
0.000984059
0.000985109
0.000986303
0.000987647
0.000989145
0.0009908
0.000992616
0.000994597
0.000996746
0.000999066
0.00100156
0.00100423
0.00100708
0.00101011
0.00101333
0.00101674
0.00102035
0.00102416
0.00102819
0.00103244
0.00103694
0.00104169
0.00104673
0.00105208
0.00105777
0.00106384
0.00107034
0.00107732
0.00108483
0.00109294
0.00110172
0.00111125
0.0011216
0.00113287
0.00114514
0.0011585
0.00117302
0.00118878
0.00120584
0.00122423
0.00124399
0.0012651
0.00128755
0.00131119
0.001336
0.00136102
0.00138375
0.00100287
0.00100251
0.00100215
0.00100178
0.00100141
0.00100103
0.00100065
0.00100027
0.000999877
0.000999482
0.000999081
0.000998675
0.000998262
0.000997843
0.000997416
0.00099698
0.000996535
0.00099608
0.000995615
0.000995139
0.000994651
0.000994153
0.000993644
0.000993125
0.000992598
0.000992065
0.000991526
0.00099098
0.00099043
0.000989875
0.000989318
0.000988759
0.000988202
0.000987648
0.000987101
0.000986563
0.000986039
0.000985532
0.000985047
0.000984587
0.000984158
0.000983763
0.000983409
0.000983098
0.000982838
0.000982632
0.000982485
0.000982402
0.000982388
0.000982448
0.000982586
0.000982807
0.000983114
0.000983512
0.000984006
0.000984598
0.000985292
0.000986092
0.000987001
0.000988021
0.000989156
0.000990408
0.00099178
0.000993273
0.000994891
0.000996635
0.000998509
0.00100052
0.00100266
0.00100494
0.00100737
0.00100995
0.00101269
0.0010156
0.00101869
0.00102199
0.0010255
0.00102926
0.00103328
0.0010376
0.00104226
0.00104729
0.00105276
0.0010587
0.00106519
0.00107229
0.00108007
0.0010886
0.00109798
0.00110829
0.0011196
0.001132
0.00114557
0.00116038
0.00117646
0.00119387
0.00121254
0.00123263
0.00125297
0.0012758
0.00100301
0.00100267
0.00100232
0.00100197
0.00100161
0.00100126
0.0010009
0.00100054
0.00100017
0.000999801
0.000999429
0.000999054
0.000998675
0.000998292
0.000997904
0.000997511
0.000997112
0.000996707
0.000996295
0.000995875
0.000995449
0.000995015
0.000994574
0.000994128
0.000993677
0.000993223
0.000992767
0.000992309
0.000991845
0.000991375
0.000990901
0.000990423
0.000989943
0.000989462
0.000988983
0.000988507
0.000988037
0.000987574
0.000987122
0.000986682
0.000986259
0.000985854
0.000985472
0.000985115
0.000984788
0.000984493
0.000984234
0.000984015
0.00098384
0.000983712
0.000983634
0.000983611
0.000983645
0.000983739
0.000983898
0.000984123
0.000984418
0.000984785
0.000985227
0.000985747
0.000986345
0.000987025
0.000987789
0.000988637
0.000989572
0.000990596
0.00099171
0.000992916
0.000994216
0.000995614
0.000997112
0.000998715
0.00100043
0.00100226
0.00100421
0.0010063
0.00100853
0.00101092
0.00101349
0.00101626
0.00101926
0.0010225
0.00102603
0.00102988
0.0010341
0.00103873
0.00104382
0.00104945
0.00105566
0.00106254
0.00107015
0.00107857
0.00108788
0.00109817
0.00110948
0.00112193
0.00113545
0.00115036
0.00116535
0.00118607
0.00100312
0.00100278
0.00100244
0.0010021
0.00100176
0.00100141
0.00100107
0.00100072
0.00100036
0.00100001
0.000999654
0.000999296
0.000998934
0.000998571
0.000998204
0.000997835
0.000997462
0.000997084
0.000996703
0.000996316
0.000995925
0.000995529
0.000995129
0.000994726
0.000994321
0.000993916
0.000993508
0.000993097
0.000992682
0.000992263
0.000991842
0.000991418
0.000990992
0.000990566
0.000990139
0.000989713
0.000989289
0.000988869
0.000988454
0.000988045
0.000987646
0.000987257
0.00098688
0.000986519
0.000986174
0.00098585
0.000985548
0.000985271
0.000985021
0.000984801
0.000984614
0.000984463
0.00098435
0.000984277
0.000984247
0.000984263
0.000984327
0.00098444
0.000984605
0.000984824
0.000985099
0.00098543
0.000985819
0.000986268
0.000986778
0.000987349
0.000987983
0.000988681
0.000989444
0.000990273
0.000991171
0.000992139
0.00099318
0.000994298
0.000995498
0.000996784
0.000998164
0.000999646
0.00100124
0.00100296
0.00100483
0.00100685
0.00100905
0.00101146
0.0010141
0.001017
0.0010202
0.00102374
0.00102767
0.00103203
0.00103689
0.0010423
0.00104831
0.00105502
0.00106246
0.00107074
0.00107982
0.00109009
0.00110011
0.00111769
0.0010032
0.00100286
0.00100253
0.00100219
0.00100186
0.00100152
0.00100118
0.00100083
0.00100049
0.00100014
0.000999792
0.000999442
0.00099909
0.000998735
0.000998379
0.00099802
0.000997659
0.000997296
0.00099693
0.00099656
0.000996188
0.000995814
0.000995438
0.000995061
0.000994683
0.000994307
0.00099393
0.000993551
0.000993168
0.000992783
0.000992396
0.000992007
0.000991616
0.000991225
0.000990834
0.000990443
0.000990054
0.000989667
0.000989283
0.000988903
0.000988529
0.000988161
0.000987801
0.000987451
0.000987111
0.000986785
0.000986472
0.000986176
0.000985898
0.00098564
0.000985404
0.000985192
0.000985006
0.000984848
0.00098472
0.000984623
0.00098456
0.000984531
0.00098454
0.000984586
0.000984671
0.000984797
0.000984963
0.000985172
0.000985424
0.000985719
0.000986058
0.000986441
0.000986868
0.000987341
0.000987859
0.000988424
0.000989036
0.000989698
0.000990411
0.000991179
0.000992005
0.000992894
0.000993852
0.000994888
0.000996009
0.000997227
0.000998554
0.00100001
0.0010016
0.00100335
0.00100529
0.00100744
0.00100982
0.00101248
0.00101544
0.00101875
0.00102245
0.0010266
0.00103122
0.00103642
0.00104213
0.00104879
0.00105485
0.00106933
0.00100326
0.00100293
0.0010026
0.00100226
0.00100193
0.00100159
0.00100125
0.00100091
0.00100057
0.00100023
0.000999887
0.000999541
0.000999194
0.000998846
0.000998495
0.000998143
0.000997788
0.000997432
0.000997074
0.000996714
0.000996353
0.00099599
0.000995628
0.000995265
0.000994904
0.000994544
0.000994183
0.00099382
0.000993454
0.000993088
0.00099272
0.000992351
0.000991982
0.000991613
0.000991244
0.000990876
0.000990509
0.000990144
0.000989782
0.000989423
0.000989069
0.000988719
0.000988375
0.000988038
0.000987709
0.000987389
0.00098708
0.000986782
0.000986497
0.000986226
0.000985971
0.000985733
0.000985514
0.000985315
0.000985137
0.000984982
0.000984851
0.000984746
0.000984667
0.000984615
0.000984592
0.000984598
0.000984633
0.000984699
0.000984794
0.000984921
0.000985077
0.000985264
0.000985481
0.000985729
0.000986006
0.000986312
0.000986649
0.000987017
0.000987415
0.000987846
0.000988312
0.000988815
0.000989358
0.000989946
0.000990585
0.00099128
0.00099204
0.000992874
0.000993791
0.000994804
0.000995926
0.000997172
0.00099856
0.00100011
0.00100184
0.00100378
0.00100596
0.00100841
0.00101115
0.00101426
0.00101765
0.00102177
0.00102504
0.00103701
0.00100331
0.00100298
0.00100265
0.00100232
0.00100199
0.00100166
0.00100132
0.00100098
0.00100064
0.0010003
0.000999963
0.00099962
0.000999275
0.000998929
0.000998582
0.000998233
0.000997883
0.000997531
0.000997177
0.000996823
0.000996468
0.000996112
0.000995756
0.000995402
0.000995047
0.000994692
0.000994337
0.00099398
0.000993623
0.000993266
0.000992908
0.00099255
0.000992192
0.000991835
0.000991478
0.000991123
0.000990769
0.000990417
0.000990068
0.000989722
0.00098938
0.000989042
0.000988709
0.000988382
0.000988062
0.000987748
0.000987443
0.000987147
0.000986861
0.000986587
0.000986324
0.000986074
0.000985839
0.000985618
0.000985414
0.000985227
0.000985058
0.000984908
0.000984777
0.000984667
0.000984577
0.000984509
0.000984462
0.000984436
0.000984431
0.000984448
0.000984485
0.000984543
0.00098462
0.000984716
0.00098483
0.000984962
0.000985112
0.000985279
0.000985463
0.000985664
0.000985885
0.000986126
0.000986389
0.000986677
0.000986993
0.000987342
0.000987729
0.00098816
0.000988639
0.000989176
0.000989778
0.000990454
0.000991214
0.00099207
0.000993033
0.00099412
0.000995344
0.00099673
0.000998284
0.00100007
0.00100198
0.00100448
0.00100594
0.0010161
0.00100333
0.001003
0.00100268
0.00100235
0.00100201
0.00100168
0.00100135
0.00100101
0.00100067
0.00100033
0.000999991
0.000999649
0.000999305
0.000998961
0.000998614
0.000998267
0.000997918
0.000997569
0.000997218
0.000996866
0.000996514
0.000996162
0.000995811
0.000995461
0.000995112
0.000994765
0.000994416
0.000994065
0.000993714
0.000993361
0.000993008
0.000992655
0.000992303
0.00099195
0.000991599
0.000991249
0.000990901
0.000990555
0.000990212
0.000989871
0.000989534
0.000989201
0.000988872
0.000988548
0.00098823
0.000987918
0.000987613
0.000987316
0.000987026
0.000986746
0.000986475
0.000986215
0.000985966
0.000985728
0.000985503
0.000985291
0.000985093
0.000984908
0.000984738
0.000984583
0.000984443
0.000984318
0.000984208
0.000984112
0.00098403
0.000983962
0.000983907
0.000983864
0.000983832
0.00098381
0.000983798
0.000983794
0.000983799
0.00098381
0.00098383
0.000983856
0.000983892
0.000983936
0.000983992
0.000984061
0.000984147
0.000984252
0.00098438
0.000984536
0.000984725
0.00098495
0.000985218
0.000985534
0.000985904
0.000986334
0.000986832
0.000987406
0.000988063
0.000988819
0.000989671
0.000990675
0.000991713
0.000993238
0.000993629
0.00100262
0.00100336
0.00100303
0.00100271
0.00100238
0.00100205
0.00100172
0.00100139
0.00100105
0.00100071
0.00100037
0.00100003
0.000999693
0.00099935
0.000999006
0.00099866
0.000998313
0.000997965
0.000997617
0.000997267
0.000996917
0.000996566
0.000996216
0.000995864
0.000995512
0.000995159
0.000994806
0.000994453
0.0009941
0.000993746
0.000993393
0.000993039
0.000992686
0.000992333
0.00099198
0.000991629
0.000991278
0.000990929
0.000990582
0.000990237
0.000989894
0.000989554
0.000989218
0.000988885
0.000988557
0.000988233
0.000987914
0.0009876
0.000987293
0.000986992
0.000986697
0.000986411
0.000986132
0.000985861
0.000985599
0.000985347
0.000985103
0.000984869
0.000984646
0.000984432
0.000984227
0.000984033
0.000983848
0.000983672
0.000983504
0.000983344
0.00098319
0.000983043
0.000982901
0.000982762
0.000982627
0.000982493
0.00098236
0.000982229
0.000982097
0.000981966
0.000981836
0.000981707
0.000981582
0.000981463
0.000981352
0.000981252
0.000981167
0.000981101
0.000981057
0.000981041
0.000981057
0.000981107
0.000981198
0.000981332
0.000981514
0.000981747
0.000982036
0.000982386
0.000982805
0.000983287
0.000983881
0.000984463
0.000985481
0.000985325
0.000993622
0.00100333
0.00100301
0.00100268
0.00100235
0.00100202
0.00100169
0.00100135
0.00100102
0.00100068
0.00100034
0.000999996
0.000999653
0.000999309
0.000998963
0.000998616
0.000998269
0.00099792
0.00099757
0.000997219
0.000996869
0.000996517
0.000996166
0.000995816
0.000995466
0.000995117
0.000994769
0.000994418
0.000994066
0.000993711
0.000993355
0.000992998
0.000992639
0.000992281
0.000991922
0.000991563
0.000991205
0.000990847
0.00099049
0.000990134
0.00098978
0.000989427
0.000989076
0.000988728
0.000988383
0.00098804
0.0009877
0.000987364
0.000987032
0.000986704
0.00098638
0.000986061
0.000985746
0.000985437
0.000985133
0.000984834
0.000984541
0.000984252
0.000983969
0.000983691
0.000983417
0.000983148
0.000982882
0.000982618
0.000982357
0.000982098
0.000981838
0.000981578
0.000981316
0.000981051
0.000980783
0.00098051
0.000980232
0.00097995
0.000979662
0.000979371
0.000979077
0.000978783
0.000978491
0.000978203
0.000977925
0.000977661
0.000977414
0.00097719
0.000976995
0.000976832
0.000976708
0.000976625
0.000976588
0.0009766
0.000976664
0.000976783
0.000976959
0.000977194
0.000977494
0.000977849
0.000978307
0.000978736
0.000979583
0.000979257
0.000987202
0.00100335
0.00100303
0.0010027
0.00100237
0.00100204
0.00100171
0.00100137
0.00100103
0.00100069
0.00100035
0.00100001
0.000999664
0.000999317
0.000998969
0.00099862
0.000998269
0.000997916
0.000997563
0.000997209
0.000996853
0.000996494
0.000996134
0.000995772
0.000995409
0.000995045
0.00099468
0.000994314
0.000993948
0.000993579
0.00099321
0.000992838
0.000992465
0.000992091
0.000991715
0.000991338
0.00099096
0.000990581
0.000990201
0.00098982
0.000989439
0.000989057
0.000988675
0.000988293
0.000987911
0.000987529
0.000987148
0.000986767
0.000986386
0.000986007
0.000985627
0.000985249
0.000984871
0.000984493
0.000984116
0.00098374
0.000983363
0.000982987
0.00098261
0.000982231
0.000981852
0.00098147
0.000981085
0.000980697
0.000980304
0.000979905
0.0009795
0.000979088
0.000978668
0.000978239
0.000977802
0.000977355
0.000976899
0.000976436
0.000975966
0.000975491
0.000975015
0.000974541
0.000974074
0.000973618
0.00097318
0.000972765
0.000972382
0.000972036
0.000971735
0.000971485
0.000971292
0.000971161
0.000971096
0.000971101
0.000971177
0.000971327
0.000971552
0.000971851
0.00097223
0.000972675
0.000973231
0.000973763
0.000974712
0.00097452
0.000982366
0.00100326
0.00100293
0.0010026
0.00100226
0.00100193
0.00100159
0.00100125
0.0010009
0.00100056
0.00100021
0.000999863
0.000999511
0.000999158
0.000998803
0.000998445
0.000998086
0.000997725
0.000997362
0.000996997
0.000996631
0.000996263
0.000995893
0.000995523
0.000995151
0.00099478
0.000994405
0.000994025
0.00099364
0.00099325
0.000992855
0.000992457
0.000992053
0.000991646
0.000991234
0.000990819
0.000990399
0.000989976
0.000989548
0.000989117
0.000988682
0.000988243
0.000987799
0.000987352
0.000986901
0.000986446
0.000985987
0.000985524
0.000985056
0.000984583
0.000984107
0.000983625
0.000983138
0.000982646
0.000982148
0.000981645
0.000981135
0.000980618
0.000980094
0.000979562
0.000979021
0.000978471
0.000977912
0.000977342
0.000976761
0.000976168
0.000975563
0.000974945
0.000974315
0.000973673
0.000973018
0.000972354
0.00097168
0.000971
0.000970318
0.000969637
0.000968963
0.000968302
0.000967662
0.000967051
0.000966477
0.000965951
0.000965482
0.000965079
0.000964753
0.000964512
0.000964362
0.000964311
0.000964362
0.000964519
0.000964782
0.000965152
0.000965627
0.000966204
0.000966884
0.000967651
0.000968547
0.000969432
0.000970735
0.000970947
0.000978866
0.00100326
0.00100292
0.00100259
0.00100225
0.0010019
0.00100156
0.00100121
0.00100085
0.00100049
0.00100013
0.00099977
0.000999403
0.000999032
0.000998657
0.00099828
0.000997898
0.000997513
0.000997123
0.000996728
0.000996327
0.000995922
0.000995511
0.000995096
0.000994676
0.000994251
0.000993822
0.000993387
0.000992946
0.000992498
0.000992043
0.000991582
0.000991112
0.000990635
0.00099015
0.000989657
0.000989156
0.000988646
0.000988128
0.000987601
0.000987065
0.000986519
0.000985964
0.0009854
0.000984826
0.000984242
0.000983647
0.000983042
0.000982426
0.000981799
0.00098116
0.00098051
0.000979847
0.000979172
0.000978484
0.000977782
0.000977067
0.000976338
0.000975594
0.000974835
0.000974061
0.000973271
0.000972465
0.000971643
0.000970805
0.000969952
0.000969083
0.0009682
0.000967305
0.000966398
0.000965483
0.000964563
0.000963643
0.000962727
0.000961824
0.00096094
0.000960084
0.000959268
0.000958503
0.000957802
0.000957177
0.000956643
0.000956213
0.0009559
0.000955716
0.000955671
0.000955773
0.000956027
0.000956436
0.000957
0.000957715
0.000958577
0.000959577
0.000960706
0.000961959
0.000963311
0.000964797
0.000966271
0.000968141
0.00096898
0.000976963
0.00100298
0.00100263
0.00100227
0.00100191
0.00100154
0.00100117
0.00100079
0.00100041
0.00100002
0.000999628
0.000999228
0.000998821
0.000998408
0.000997988
0.000997562
0.00099713
0.00099669
0.000996243
0.000995788
0.000995326
0.000994857
0.00099438
0.000993895
0.000993403
0.000992902
0.000992388
0.000991861
0.00099132
0.000990765
0.000990196
0.000989614
0.000989018
0.000988407
0.000987782
0.000987143
0.000986489
0.00098582
0.000985135
0.000984435
0.000983718
0.000982986
0.000982237
0.000981471
0.000980688
0.000979887
0.000979068
0.000978231
0.000977376
0.000976502
0.000975608
0.000974696
0.000973763
0.000972811
0.000971838
0.000970846
0.000969833
0.000968799
0.000967746
0.000966673
0.00096558
0.000964469
0.00096334
0.000962194
0.000961033
0.000959858
0.000958674
0.000957482
0.000956287
0.000955094
0.00095391
0.000952741
0.000951596
0.000950486
0.000949423
0.000948419
0.000947491
0.000946654
0.000945925
0.000945324
0.000944869
0.000944577
0.000944467
0.000944551
0.000944843
0.000945351
0.000946078
0.000947023
0.000948181
0.000949539
0.000951084
0.000952795
0.00095465
0.000956625
0.000958701
0.000960839
0.000963063
0.000965219
0.000967674
0.000969169
0.000976711
0.00100267
0.00100227
0.00100186
0.00100144
0.00100101
0.00100057
0.00100012
0.000999654
0.000999182
0.000998698
0.000998203
0.000997695
0.000997176
0.000996644
0.000996098
0.000995539
0.000994964
0.000994374
0.000993769
0.000993148
0.000992511
0.000991858
0.00099119
0.000990505
0.000989804
0.000989085
0.000988348
0.000987592
0.000986816
0.00098602
0.000985204
0.000984367
0.000983509
0.000982629
0.000981727
0.000980802
0.000979855
0.000978885
0.000977891
0.000976874
0.000975832
0.000974767
0.000973677
0.000972563
0.000971423
0.000970259
0.000969069
0.000967855
0.000966615
0.00096535
0.00096406
0.000962745
0.000961407
0.000960044
0.000958659
0.000957252
0.000955824
0.000954377
0.000952913
0.000951434
0.000949942
0.000948441
0.000946935
0.000945429
0.000943927
0.000942438
0.000940968
0.000939527
0.000938124
0.000936773
0.000935487
0.000934283
0.000933177
0.000932189
0.000931341
0.000930656
0.000930157
0.000929868
0.000929813
0.000930012
0.000930486
0.000931248
0.000932307
0.000933665
0.000935316
0.000937245
0.000939428
0.000941835
0.000944427
0.000947159
0.000949982
0.000952849
0.000955709
0.000958523
0.000961236
0.00096386
0.000966241
0.000968684
0.000970286
0.000975719
0.00100105
0.00100051
0.000999954
0.00099938
0.000998787
0.000998175
0.000997542
0.000996889
0.000996215
0.00099552
0.000994804
0.000994066
0.000993306
0.000992524
0.000991719
0.000990892
0.000990043
0.00098917
0.000988275
0.000987356
0.000986415
0.000985451
0.000984466
0.000983453
0.00098241
0.000981339
0.000980237
0.000979107
0.000977947
0.000976758
0.00097554
0.000974293
0.000973016
0.000971711
0.000970377
0.000969013
0.000967621
0.000966199
0.000964748
0.000963268
0.00096176
0.000960222
0.000958656
0.000957062
0.00095544
0.000953791
0.000952116
0.000950414
0.000948688
0.000946938
0.000945166
0.000943374
0.000941563
0.000939736
0.000937896
0.000936047
0.000934191
0.000932334
0.000930481
0.000928638
0.000926811
0.00092501
0.000923243
0.00092152
0.000919855
0.00091826
0.000916752
0.000915347
0.000914065
0.000912928
0.000911959
0.000911185
0.000910632
0.00091033
0.000910307
0.000910593
0.000911215
0.000912195
0.000913554
0.000915302
0.000917442
0.000919963
0.000922842
0.000926042
0.000929509
0.000933178
0.000936968
0.000940793
0.000944559
0.000948174
0.000951548
0.000954606
0.00095728
0.000959528
0.000961306
0.000962642
0.000963431
0.000963887
0.000963853
0.00096343
0.000996631
0.000995726
0.000994789
0.00099382
0.000992816
0.000991779
0.000990707
0.000989601
0.000988461
0.000987288
0.00098608
0.000984839
0.000983566
0.000982259
0.000980917
0.000979542
0.000978132
0.000976689
0.000975212
0.000973704
0.000972163
0.000970591
0.000968987
0.000967353
0.000965686
0.000963989
0.00096226
0.0009605
0.000958709
0.000956888
0.000955036
0.000953155
0.000951244
0.000949304
0.000947335
0.000945339
0.000943315
0.000941266
0.00093919
0.00093709
0.000934966
0.00093282
0.000930653
0.000928467
0.000926263
0.000924045
0.000921814
0.000919573
0.000917325
0.000915075
0.000912827
0.000910585
0.000908355
0.000906144
0.000903959
0.000901808
0.0008997
0.000897647
0.000895659
0.00089375
0.000891935
0.00089023
0.000888654
0.000887226
0.000885969
0.000884908
0.000884068
0.000883479
0.00088317
0.000883173
0.000883521
0.000884247
0.000885383
0.000886958
0.000888995
0.000891514
0.00089452
0.000898008
0.000901955
0.000906316
0.000911025
0.000915988
0.000921088
0.000926182
0.000931112
0.000935706
0.000939794
0.000943215
0.00094583
0.000947532
0.00094825
0.000947959
0.000946673
0.000944449
0.000941353
0.000937521
0.000932991
0.000927848
0.000923311
0.000911539
0.000981796
0.000980062
0.000978281
0.000976452
0.000974578
0.000972658
0.000970695
0.000968689
0.000966642
0.000964556
0.000962431
0.00096027
0.000958073
0.000955842
0.000953578
0.000951283
0.000948958
0.000946604
0.000944224
0.000941819
0.000939387
0.000936924
0.000934432
0.000931913
0.000929367
0.000926796
0.000924203
0.000921588
0.000918953
0.000916299
0.000913628
0.000910942
0.000908242
0.00090553
0.000902808
0.000900079
0.000897344
0.000894605
0.000891866
0.00088913
0.0008864
0.000883679
0.000880973
0.000878285
0.00087562
0.000872986
0.000870387
0.000867831
0.000865327
0.000862883
0.000860508
0.000858215
0.000856015
0.000853921
0.000851948
0.000850111
0.000848428
0.000846917
0.000845599
0.000844494
0.000843625
0.000843017
0.000842695
0.000842687
0.000843019
0.000843721
0.00084482
0.000846344
0.00084832
0.000850771
0.000853714
0.000857162
0.000861116
0.000865566
0.000870481
0.000875811
0.000881476
0.000887364
0.000893327
0.000899177
0.000904685
0.000909595
0.000913625
0.000916494
0.000917939
0.000917744
0.000915759
0.000911922
0.000906262
0.0008989
0.00089004
0.000879956
0.000868948
0.000857318
0.000845325
0.000833229
0.000821219
0.000809108
0.000799901
0.000776135
0.000939908
0.000936618
0.000933294
0.000929939
0.000926554
0.000923142
0.000919707
0.00091625
0.000912775
0.000909281
0.00090577
0.000902244
0.000898706
0.000895157
0.0008916
0.000888037
0.00088447
0.0008809
0.000877331
0.000873765
0.000870202
0.000866646
0.000863098
0.000859561
0.000856035
0.000852524
0.00084903
0.000845555
0.000842102
0.000838674
0.000835274
0.000831905
0.000828571
0.000825276
0.000822025
0.000818821
0.00081567
0.000812578
0.000809551
0.000806595
0.000803717
0.000800925
0.000798227
0.000795632
0.000793149
0.000790788
0.000788561
0.000786477
0.000784549
0.000782789
0.00078121
0.000779823
0.000778641
0.000777675
0.000776937
0.000776437
0.000776185
0.000776187
0.00077645
0.000776977
0.000777768
0.00077882
0.000780125
0.000781669
0.000783433
0.000785393
0.000787514
0.000789756
0.000792067
0.000794387
0.000796647
0.000798766
0.000800653
0.000802206
0.000803313
0.000803852
0.000803689
0.000802684
0.000800687
0.00079755
0.000793125
0.000787286
0.000779935
0.000771023
0.000760573
0.000748681
0.000735535
0.000721387
0.000706555
0.000691404
0.000676335
0.000661745
0.000647938
0.000635138
0.000623474
0.000613054
0.000603935
0.000595697
0.000591756
0.000572674
0.000831746
0.000826526
0.000821345
0.000816205
0.000811107
0.000806055
0.000801049
0.000796087
0.000791169
0.000786297
0.000781471
0.000776693
0.000771964
0.000767287
0.000762662
0.000758091
0.000753576
0.000749117
0.000744717
0.000740378
0.000736101
0.000731889
0.000727744
0.000723667
0.000719663
0.000715734
0.000711882
0.000708112
0.000704426
0.00070083
0.000697326
0.000693919
0.000690613
0.000687413
0.000684322
0.000681347
0.000678489
0.000675754
0.000673145
0.000670664
0.000668314
0.000666096
0.000664009
0.000662053
0.000660223
0.000658515
0.000656921
0.000655431
0.000654027
0.000652687
0.000651384
0.000650088
0.000648759
0.000647356
0.00064583
0.000644124
0.000642177
0.000639921
0.000637281
0.000634181
0.000630537
0.000626271
0.000621302
0.00061556
0.000608984
0.000601532
0.00059318
0.000583936
0.000573835
0.00056295
0.00055139
0.000539295
0.000526841
0.000514224
0.000501658
0.000489359
0.000477537
0.000466382
0.000456057
0.000446688
0.000438361
0.000431123
0.000424982
0.000419914
0.000415879
0.000412819
0.000410682
0.000409403
0.000408947
0.00040934
0.000410653
0.00041291
0.000416085
0.000420158
0.000425075
0.00043081
0.000437208
0.000444176
0.000453207
0.000455275
0.000598737
0.000592685
0.000586748
0.000580923
0.000575208
0.000569599
0.000564096
0.000558694
0.000553391
0.000548185
0.000543074
0.000538055
0.000533127
0.000528286
0.000523531
0.000518861
0.000514273
0.000509766
0.000505338
0.000500988
0.000496715
0.000492516
0.00048839
0.000484336
0.000480352
0.000476436
0.000472586
0.000468799
0.000465073
0.000461405
0.000457789
0.000454221
0.000450696
0.000447206
0.000443745
0.000440303
0.00043687
0.000433435
0.000429986
0.000426508
0.000422986
0.000419405
0.000415746
0.000411993
0.000408126
0.000404126
0.000399976
0.000395657
0.000391117
0.000386334
0.000381294
0.000375987
0.000370406
0.000364549
0.00035842
0.000352027
0.000345385
0.000338518
0.000331455
0.000324234
0.0003169
0.000309509
0.000302121
0.000294804
0.000287633
0.000280688
0.00027405
0.000267807
0.000262044
0.000256847
0.0002523
0.000248484
0.000245474
0.000243342
0.000242149
0.000241953
0.000242801
0.000244732
0.000247779
0.000251963
0.000257298
0.000263791
0.00027144
0.000280236
0.000290162
0.000301186
0.000313231
0.00032615
0.000339797
0.000354072
0.000369062
0.000384598
0.000400041
0.000414971
0.000429065
0.000442147
0.000454013
0.000464917
0.000475133
0.000488298
0.000259949
0.000256747
0.000253646
0.000250644
0.000247738
0.000244926
0.000242204
0.000239571
0.000237025
0.000234565
0.000232187
0.000229891
0.000227674
0.000225536
0.000223475
0.000221489
0.000219577
0.000217738
0.00021597
0.000214272
0.000212643
0.000211082
0.000209587
0.000208158
0.000206794
0.000205494
0.000204257
0.000203082
0.000201969
0.000200918
0.000199929
0.000199001
0.000198135
0.000197332
0.000196592
0.000195917
0.000195308
0.000194767
0.000194296
0.000193899
0.000193579
0.000193339
0.000193183
0.000193117
0.000193145
0.000193275
0.000193512
0.000193864
0.00019434
0.000194948
0.000195699
0.000196603
0.000197673
0.000198922
0.000200364
0.000202016
0.000203895
0.000206021
0.000208415
0.000211099
0.0002141
0.000217445
0.000221165
0.000225291
0.000229861
0.000234911
0.000240484
0.000246621
0.000253369
0.000260773
0.000268879
0.000277733
0.000287376
0.000297843
0.00030916
0.000321342
0.000334382
0.000348255
0.000362903
0.000378242
0.000394147
0.000410461
0.000426991
0.000443513
0.00045978
0.000475543
0.000490444
0.000503544
0.000514714
0.000523917
0.000530935
0.000535729
0.000538778
0.000540479
0.000541135
0.000541073
0.000540258
0.000539623
0.00053674
0.000550376
0.000180212
0.000181061
0.000181886
0.000182685
0.000183459
0.000184207
0.000184929
0.000185623
0.000186289
0.000186928
0.000187537
0.000188118
0.000188669
0.00018919
0.000189681
0.000190141
0.00019057
0.000190968
0.000191335
0.000191669
0.000191971
0.000192241
0.000192478
0.000192682
0.000192852
0.000192988
0.000193091
0.000193159
0.000193192
0.000193189
0.000193151
0.000193077
0.000192966
0.000192817
0.000192629
0.000192403
0.000192137
0.00019183
0.000191481
0.000191089
0.000190653
0.000190172
0.000189643
0.000189067
0.00018844
0.000187762
0.00018703
0.000186243
0.000185399
0.000184495
0.00018353
0.000182501
0.000181407
0.000180245
0.000179012
0.000177708
0.000176329
0.000174874
0.000173342
0.00017173
0.000170039
0.000168269
0.000166419
0.000164491
0.000162489
0.000160416
0.00015828
0.000156089
0.000153856
0.000151594
0.000149324
0.00014707
0.000144861
0.000142731
0.00014072
0.000138873
0.000137237
0.000135863
0.000134797
0.00013408
0.000133744
0.000133803
0.000134255
0.000135075
0.000136219
0.000137629
0.000139243
0.000141404
0.000143893
0.000146439
0.000148828
0.000150906
0.000152587
0.000153842
0.000154684
0.000155134
0.000155288
0.000155074
0.000155079
0.000154945
2.02092e-05
5.27865e-05
5.83792e-05
6.15092e-05
6.32597e-05
6.41712e-05
6.45649e-05
6.46431e-05
6.44528e-05
6.40617e-05
6.38371e-05
6.37978e-05
6.3749e-05
6.37469e-05
6.38701e-05
6.42102e-05
6.48589e-05
6.58928e-05
6.73277e-05
6.91914e-05
7.16474e-05
7.53631e-05
8.23538e-05
9.1639e-05
0.000101943
0.000112189
0.000121762
0.000130456
0.000138294
0.000145386
0.000151859
0.000157824
0.00016337
0.000168538
0.000173356
0.000177848
0.000182042
0.000185976
0.000189673
0.000193149
0.000196415
0.000199476
0.000202331
0.000204975
0.000207394
0.000209674
0.000211899
0.000214087
0.000216241
0.000218354
0.000220416
0.000222422
0.00022437
0.000226256
0.000228083
0.000229849
0.000231556
0.000233205
0.000234799
0.000236339
0.000237828
0.000239268
0.000240662
0.00024201
0.000243316
0.000244581
0.000245809
0.000247009
0.000248201
0.000249443
0.000250948
0.000252911
0.000254769
0.000256464
0.000258049
0.000259558
0.000260976
0.00026214
0.000262603
0.000262142
0.000262724
0.00026358
0.000264105
0.000264492
0.0002647
0.000264709
0.000264526
0.000264164
0.000263636
0.000262958
0.000262147
0.000261218
0.000260187
0.00025908
0.000257914
0.00025676
0.000255628
0.000254907
0.000254247
0.000257078
2.70619e-05
0.000119616
0.000234902
0.000312066
0.000366363
0.000409421
0.000445258
0.000475154
0.000497705
0.000512721
0.000520959
0.000524295
0.000525226
0.000525173
0.000524686
0.000523881
0.000522881
0.00052214
0.000517925
0.00050968
0.000497897
0.000484546
0.000470725
0.000457776
0.000450941
0.000455368
0.000473403
0.000504556
0.00054699
0.000598365
0.000656312
0.000720548
0.000797456
0.00088247
0.000969623
0.00105266
0.00112663
0.00119584
0.001261
0.00132227
0.00137971
0.00143332
0.001483
0.00152846
0.00156917
0.0016053
0.00163857
0.00167013
0.00170084
0.00173093
0.00176019
0.00178851
0.00181582
0.00184208
0.00186724
0.00189128
0.00191416
0.00193586
0.00195637
0.00197567
0.00199374
0.00201058
0.00202615
0.00204044
0.00205342
0.0020651
0.00207546
0.00208446
0.00209199
0.00209792
0.00210231
0.00210564
0.00210813
0.00210945
0.00210946
0.00210796
0.00210459
0.00209883
0.00209054
0.0020796
0.00206924
0.00206066
0.00205256
0.00204298
0.00203197
0.00201981
0.00200671
0.00199283
0.00197832
0.00196324
0.00194767
0.00193164
0.0019152
0.00189831
0.00188109
0.0018634
0.00184619
0.00182936
0.00181313
0.00183593
3.18685e-05
0.00017686
0.000338514
0.000457167
0.000546232
0.000614634
0.000667444
0.000708073
0.000738865
0.00076156
0.000774866
0.000778715
0.000773932
0.000761823
0.000744342
0.000723826
0.000702564
0.000682418
0.000664718
0.000650868
0.000642927
0.000644072
0.000657925
0.000687325
0.000734515
0.000800389
0.000883466
0.000980307
0.00109286
0.00121521
0.00133234
0.00144728
0.00155895
0.00166414
0.00176063
0.00184777
0.00192637
0.00199789
0.00206331
0.00212349
0.00217913
0.00223084
0.00227907
0.00232421
0.00236672
0.00240729
0.00244663
0.00248528
0.00252243
0.00255778
0.00259142
0.00262339
0.0026537
0.00268234
0.00270933
0.00273465
0.00275833
0.00278038
0.0028008
0.00281961
0.00283684
0.00285249
0.00286653
0.00287897
0.00288982
0.00289915
0.00290703
0.0029135
0.0029186
0.00292226
0.00292437
0.00292498
0.00292417
0.00292198
0.00291832
0.00291279
0.00290513
0.00289526
0.00288396
0.00287296
0.00286326
0.0028539
0.00284383
0.00283263
0.00282053
0.00280777
0.00279449
0.00278078
0.00276668
0.00275223
0.00273743
0.00272226
0.00270666
0.00269055
0.00267386
0.00265647
0.00263921
0.00262265
0.0026177
0.00265298
3.65973e-05
0.00022027
0.000407151
0.000544685
0.000648137
0.000727489
0.000788701
0.00083543
0.000869939
0.000891945
0.000902968
0.00090425
0.00089702
0.000882887
0.000864006
0.000842993
0.000822715
0.000806167
0.000796568
0.00079755
0.000812986
0.000846057
0.000897571
0.000964861
0.00104311
0.00113087
0.00124313
0.00137316
0.00150376
0.00162351
0.00173647
0.00184345
0.00194323
0.00203472
0.00211773
0.00219295
0.0022615
0.00232453
0.00238303
0.00243779
0.00248942
0.00253844
0.00258531
0.00263046
0.00267435
0.00271731
0.00275926
0.00279904
0.00283677
0.00287258
0.00290656
0.0029387
0.00296898
0.00299739
0.00302396
0.00304871
0.00307166
0.00309285
0.00311229
0.00313002
0.00314609
0.0031605
0.00317311
0.0031839
0.00319297
0.00320044
0.00320639
0.00321095
0.00321425
0.00321593
0.00321586
0.0032142
0.00321108
0.00320664
0.00320091
0.00319379
0.0031852
0.00317517
0.00316426
0.00315357
0.00314372
0.00313434
0.00312471
0.00311456
0.00310394
0.00309298
0.00308175
0.00307029
0.00305863
0.00304674
0.00303459
0.00302211
0.00300919
0.00299567
0.00298138
0.0029663
0.00295113
0.00293816
0.00293871
0.0029846
4.05308e-05
0.000252034
0.000459624
0.000609604
0.000720205
0.000803622
0.00086731
0.000914639
0.000948087
0.000970659
0.000984544
0.000991298
0.000992306
0.000989079
0.00098345
0.000977682
0.000974559
0.000977441
0.000990105
0.0010161
0.00105742
0.00111267
0.0011763
0.00124195
0.0013194
0.00141783
0.00153287
0.00164398
0.00174898
0.00184847
0.00194286
0.00203127
0.0021129
0.0021877
0.00225636
0.00231993
0.00237942
0.00243567
0.00248927
0.00254066
0.0025902
0.0026383
0.0026853
0.00273149
0.002777
0.00282105
0.00286275
0.00290228
0.00293986
0.00297563
0.00300968
0.00304182
0.003072
0.00310025
0.0031266
0.00315109
0.00317373
0.00319456
0.0032136
0.00323091
0.00324662
0.00326072
0.00327255
0.00328242
0.00329049
0.00329689
0.00330172
0.00330506
0.00330696
0.0033074
0.0033064
0.00330405
0.00330045
0.00329576
0.0032901
0.00328349
0.00327591
0.00326738
0.00325815
0.00324887
0.0032401
0.00323188
0.0032238
0.00321561
0.00320726
0.00319878
0.00319017
0.00318146
0.0031726
0.00316356
0.00315425
0.00314459
0.00313441
0.00312356
0.00311185
0.00309939
0.00308698
0.00307797
0.00308306
0.00313797
4.36468e-05
0.000278039
0.00050211
0.000659207
0.000770768
0.000850459
0.000908009
0.000950074
0.000981416
0.00100533
0.00102418
0.0010397
0.00105341
0.00106671
0.0010811
0.00109827
0.00112007
0.00114846
0.00118505
0.00123029
0.00128255
0.0013384
0.00139478
0.00145282
0.00152041
0.00159689
0.00167892
0.00176145
0.00184292
0.00192203
0.00199745
0.00206829
0.00213445
0.00219629
0.0022546
0.0023102
0.00236372
0.00241557
0.00246607
0.00251547
0.00256405
0.00261215
0.00265988
0.00270706
0.00275235
0.00279548
0.00283666
0.00287609
0.00291389
0.0029502
0.00298517
0.00301786
0.00304852
0.00307725
0.00310409
0.00312905
0.00315214
0.00317338
0.00319277
0.00321034
0.00322611
0.00323999
0.00325192
0.00326199
0.0032703
0.00327694
0.003282
0.00328558
0.00328775
0.00328861
0.00328822
0.00328671
0.0032842
0.00328085
0.00327679
0.00327212
0.00326685
0.00326094
0.00325451
0.00324791
0.00324162
0.0032358
0.00323029
0.00322491
0.00321955
0.00321419
0.00320878
0.00320328
0.00319765
0.00319179
0.00318563
0.00317903
0.00317184
0.00316391
0.00315509
0.00314564
0.00313649
0.00313153
0.0031408
0.00320294
4.63791e-05
0.000297896
0.000530044
0.000685824
0.000790655
0.000861217
0.00090937
0.000943249
0.000968753
0.00098992
0.00100944
0.00102901
0.00104986
0.00107308
0.00109964
0.00113034
0.00116561
0.00120536
0.00124883
0.00129451
0.00134049
0.00138554
0.00143046
0.00147827
0.00153226
0.00159254
0.00165722
0.00172411
0.0017913
0.00185716
0.0019206
0.00198138
0.00203972
0.00209527
0.00214899
0.0022015
0.00225316
0.00230421
0.00235484
0.00240523
0.00245547
0.00250569
0.00255472
0.00260164
0.00264663
0.00268984
0.0027314
0.00277138
0.00280982
0.00284669
0.0028819
0.00291522
0.00294669
0.00297632
0.00300411
0.00303003
0.00305409
0.00307628
0.00309661
0.00311508
0.0031317
0.00314645
0.00315934
0.00317045
0.00317984
0.00318762
0.00319387
0.0031987
0.00320222
0.00320455
0.00320581
0.00320614
0.00320568
0.00320458
0.003203
0.00320106
0.00319878
0.00319613
0.00319316
0.00319005
0.00318713
0.00318459
0.0031824
0.00318042
0.00317855
0.00317672
0.00317486
0.0031729
0.00317075
0.00316833
0.00316551
0.00316218
0.00315818
0.00315338
0.00314769
0.00314149
0.00313582
0.00313481
0.0031478
0.00321506
4.84583e-05
0.000310665
0.00054304
0.000691968
0.000785142
0.000841881
0.000876205
0.000897665
0.000912829
0.000925904
0.000939558
0.000955311
0.000973886
0.000995687
0.00102109
0.00105026
0.00108273
0.00111758
0.00115372
0.00119018
0.00122657
0.00126372
0.00130335
0.00134744
0.00139792
0.00145385
0.0015122
0.00157231
0.00163298
0.00169313
0.00175209
0.00180966
0.00186586
0.00192088
0.00197511
0.00202887
0.00208238
0.00213581
0.00218924
0.00224272
0.00229563
0.00234668
0.0023958
0.00244306
0.00248859
0.00253251
0.00257487
0.00261571
0.00265503
0.00269278
0.00272889
0.00276327
0.00279589
0.00282672
0.00285575
0.00288295
0.0029083
0.0029318
0.00295345
0.00297325
0.00299123
0.0030074
0.00302179
0.00303448
0.00304554
0.00305505
0.00306312
0.00306986
0.00307539
0.00307986
0.00308341
0.00308619
0.00308835
0.00309006
0.00309147
0.00309271
0.00309382
0.00309479
0.00309561
0.00309638
0.0030973
0.00309852
0.00310005
0.0031018
0.00310368
0.00310559
0.00310744
0.00310914
0.0031106
0.00311169
0.00311231
0.00311233
0.0031116
0.00311003
0.00310759
0.00310472
0.00310257
0.00310526
0.00312144
0.00319171
4.99617e-05
0.000317314
0.000545244
0.000681332
0.00075645
0.000794272
0.000811711
0.000819391
0.000823656
0.000827967
0.00083421
0.000843364
0.000855874
0.000871687
0.000890659
0.000912742
0.000937177
0.000963111
0.00099018
0.00101844
0.0010484
0.00108201
0.00112003
0.00116229
0.00120938
0.0012605
0.00131442
0.00137038
0.00142761
0.00148543
0.00154336
0.00160108
0.00165842
0.00171543
0.00177219
0.00182887
0.00188556
0.00194231
0.00199881
0.00205387
0.00210704
0.00215839
0.002208
0.00225596
0.00230234
0.00234719
0.00239053
0.00243239
0.00247273
0.00251152
0.0025487
0.00258422
0.00261803
0.00265011
0.00268041
0.00270892
0.00273563
0.00276054
0.00278364
0.00280495
0.0028245
0.00284232
0.00285846
0.00287299
0.00288598
0.00289752
0.00290772
0.0029167
0.00292459
0.00293154
0.0029377
0.00294324
0.00294832
0.0029531
0.00295774
0.00296236
0.00296701
0.0029717
0.0029764
0.00298114
0.00298601
0.00299113
0.00299651
0.00300206
0.00300772
0.00301336
0.0030189
0.00302423
0.00302923
0.00303379
0.00303779
0.00304112
0.00304364
0.00304529
0.00304607
0.00304651
0.00304777
0.00305385
0.0030727
0.00314405
5.08921e-05
0.000318717
0.000538072
0.000651584
0.000700085
0.000715655
0.000717808
0.000716271
0.00071535
0.000716692
0.000720872
0.000727961
0.000737943
0.000750731
0.000766277
0.000784258
0.000803529
0.000823748
0.00084547
0.000869089
0.000894768
0.000924106
0.000957773
0.000995851
0.00103815
0.001084
0.00113269
0.0011837
0.00123661
0.00129107
0.00134673
0.00140326
0.00146036
0.00151797
0.00157591
0.00163419
0.00169241
0.00174957
0.00180515
0.00185924
0.00191182
0.00196293
0.00201258
0.00206079
0.00210757
0.00215292
0.00219684
0.00223931
0.00228032
0.00231983
0.00235779
0.00239416
0.0024289
0.00246197
0.00249334
0.002523
0.00255093
0.00257714
0.00260161
0.00262439
0.00264549
0.00266496
0.00268285
0.00269923
0.00271417
0.00272779
0.00274018
0.00275148
0.00276182
0.00277135
0.00278023
0.00278864
0.00279672
0.00280465
0.00281256
0.00282057
0.00282874
0.00283708
0.00284554
0.00285412
0.00286285
0.00287178
0.0028809
0.00289015
0.00289944
0.00290868
0.00291775
0.00292654
0.00293493
0.00294281
0.00295007
0.00295658
0.00296224
0.00296701
0.00297094
0.00297456
0.00297905
0.0029882
0.00300925
0.00308001
5.15859e-05
0.000321377
0.000516853
0.000590096
0.000605633
0.000603754
0.000600339
0.000600025
0.000603333
0.000609976
0.0006195
0.000631294
0.0006449
0.000659936
0.000676813
0.000694838
0.000712889
0.000731225
0.000750345
0.000770855
0.000793477
0.000819127
0.000848346
0.000881274
0.000917726
0.000957288
0.00099953
0.00104414
0.00109091
0.00113975
0.00119051
0.00124285
0.00129651
0.00135163
0.00140715
0.00146226
0.00151656
0.00157009
0.00162273
0.00167446
0.00172519
0.00177487
0.00182345
0.00187088
0.00191712
0.00196213
0.00200586
0.0020483
0.00208938
0.00212908
0.00216733
0.00220411
0.00223937
0.00227306
0.00230517
0.00233567
0.00236454
0.00239178
0.0024174
0.00244142
0.00246387
0.0024848
0.00250426
0.00252234
0.00253912
0.0025547
0.0025692
0.00258275
0.00259549
0.00260758
0.00261916
0.0026304
0.00264145
0.00265245
0.00266355
0.00267483
0.00268637
0.00269816
0.00271017
0.00272234
0.00273467
0.00274718
0.00275982
0.00277254
0.00278525
0.00279784
0.00281021
0.00282224
0.00283381
0.00284481
0.00285513
0.00286466
0.00287331
0.00288105
0.00288796
0.0028946
0.0029021
0.00291402
0.00293686
0.0030057
5.14338e-05
0.000313314
0.000458303
0.000477847
0.00047339
0.000472165
0.000477834
0.000489007
0.000503132
0.000519774
0.000538276
0.000557973
0.000578282
0.000598595
0.000618595
0.000638296
0.000657667
0.000676894
0.000696225
0.000716123
0.000737225
0.000760214
0.000785598
0.000813633
0.000844326
0.000877518
0.000913007
0.000950647
0.000990396
0.00103241
0.00107665
0.00112256
0.00116974
0.00121737
0.0012655
0.00131394
0.0013625
0.00141103
0.00145937
0.0015074
0.00155498
0.00160199
0.00164833
0.00169389
0.00173858
0.00178233
0.00182505
0.00186668
0.00190716
0.00194642
0.00198442
0.00202108
0.00205638
0.00209025
0.00212266
0.00215359
0.00218302
0.00221094
0.00223737
0.00226231
0.00228582
0.00230793
0.00232874
0.0023483
0.00236673
0.00238413
0.00240061
0.00241631
0.00243136
0.0024459
0.00246008
0.00247404
0.00248792
0.00250186
0.00251597
0.00253033
0.00254501
0.00256
0.00257526
0.00259073
0.00260637
0.00262215
0.00263804
0.00265395
0.0026698
0.00268549
0.0027009
0.00271592
0.00273043
0.00274433
0.0027575
0.00276985
0.00278129
0.00279181
0.00280153
0.00281097
0.00282126
0.00283563
0.00285994
0.00292583
5.28248e-05
0.000291119
0.000336916
0.000339595
0.000346683
0.000361432
0.00038088
0.000403044
0.000426663
0.000451316
0.000476661
0.000502413
0.000528069
0.000553144
0.000577157
0.000599756
0.000621198
0.000641998
0.000662313
0.00068245
0.000702897
0.00072418
0.00074675
0.000770924
0.000796856
0.000824571
0.000854035
0.000885217
0.000918096
0.000952496
0.000988238
0.00102547
0.00106411
0.00110394
0.00114481
0.00118658
0.00122906
0.00127208
0.00131547
0.00135907
0.00140272
0.00144626
0.00148956
0.00153247
0.00157488
0.00161666
0.00165771
0.00169793
0.00173723
0.00177552
0.00181273
0.00184879
0.00188363
0.00191722
0.00194949
0.00198043
0.00201001
0.00203824
0.00206512
0.00209069
0.00211499
0.00213808
0.00216003
0.00218093
0.00220088
0.00221997
0.00223832
0.00225605
0.00227329
0.00229015
0.00230678
0.00232331
0.00233985
0.00235652
0.00237342
0.00239064
0.00240821
0.00242613
0.00244436
0.00246282
0.00248146
0.00250022
0.00251905
0.00253787
0.00255659
0.00257509
0.00259328
0.00261103
0.00262824
0.00264479
0.00266059
0.00267554
0.00268956
0.00270267
0.00271498
0.002727
0.00273981
0.00275636
0.00278184
0.00284404
5.83147e-05
0.000183907
0.000221812
0.00024586
0.000270807
0.000297762
0.000325016
0.000352067
0.000378872
0.000405603
0.000432483
0.000459699
0.000486561
0.00051282
0.000538173
0.000562183
0.000584779
0.000606298
0.000627006
0.000647141
0.000666983
0.000686866
0.000707142
0.000728112
0.000750007
0.000772991
0.000797177
0.000822646
0.000849457
0.000877618
0.000907133
0.000938047
0.000970352
0.00100398
0.00103884
0.00107485
0.00111187
0.00114976
0.00118837
0.00122756
0.00126716
0.00130701
0.00134697
0.00138687
0.00142658
0.00146595
0.00150486
0.00154318
0.0015808
0.00161763
0.00165358
0.00168856
0.00172252
0.0017554
0.00178715
0.00181775
0.0018472
0.00187548
0.00190262
0.00192865
0.00195361
0.00197756
0.00200057
0.00202271
0.00204408
0.00206477
0.00208488
0.00210453
0.00212381
0.00214286
0.00216178
0.00218068
0.00219969
0.0022189
0.00223839
0.00225824
0.00227846
0.00229905
0.00231997
0.00234114
0.00236248
0.00238394
0.00240543
0.00242687
0.00244817
0.00246923
0.00248993
0.00251015
0.00252981
0.00254878
0.00256696
0.00258428
0.00260067
0.00261613
0.00263079
0.00264515
0.00266022
0.00267867
0.00270507
0.00276308
9.41532e-05
0.000172806
0.000197882
0.000231073
0.000259846
0.000286078
0.000310175
0.000332687
0.000354369
0.000375811
0.000397335
0.000418852
0.000440678
0.000462778
0.000484966
0.000506923
0.000528382
0.000549276
0.000569674
0.000589688
0.00060944
0.000629082
0.000648795
0.000668774
0.0006892
0.000710236
0.000732018
0.000754659
0.000778253
0.000802875
0.000828587
0.000855451
0.000883502
0.000912748
0.000943167
0.000974714
0.00100732
0.00104089
0.00107531
0.00111047
0.00114623
0.00118246
0.001219
0.00125572
0.00129247
0.00132912
0.00136553
0.00140159
0.00143718
0.00147219
0.00150656
0.00154018
0.00157301
0.00160498
0.00163606
0.00166623
0.00169545
0.00172374
0.0017511
0.00177756
0.00180316
0.00182793
0.00185195
0.00187528
0.001898
0.0019202
0.00194198
0.00196342
0.00198463
0.00200571
0.00202678
0.00204791
0.00206922
0.00209078
0.00211266
0.00213492
0.00215757
0.0021806
0.00220396
0.00222757
0.00225134
0.00227521
0.00229909
0.00232288
0.0023465
0.00236984
0.00239278
0.00241523
0.00243707
0.0024582
0.00247852
0.00249796
0.00251645
0.00253402
0.00255078
0.00256722
0.00258428
0.00260435
0.00263145
0.00268495
)
;

boundaryField
{
    outlet
    {
        type            calculated;
        value           nonuniform List<scalar> 
55
(
0.00261293
0.00254924
0.00248502
0.00242109
0.0023583
0.00229746
0.0022392
0.00218383
0.00213103
0.00207957
0.0020271
0.00197004
0.00190402
0.00182483
0.00173002
0.00162061
0.00150211
0.00138375
0.0012758
0.00118607
0.00111769
0.00106933
0.00103701
0.0010161
0.00100262
0.000993622
0.000987202
0.000982366
0.000978866
0.000976963
0.000976711
0.000975719
0.00096343
0.000911539
0.000776135
0.000572674
0.000455275
0.000488298
0.000550376
0.000154945
0.000257078
0.00183593
0.00265298
0.0029846
0.00313797
0.00320294
0.00321506
0.00319171
0.00314405
0.00308001
0.0030057
0.00292583
0.00284404
0.00276308
0.00268495
)
;
    }
    inlet
    {
        type            calculated;
        value           uniform 0.00101694;
    }
    lowerWall
    {
        type            nutkWallFunction;
        Cmu             0.09;
        kappa           0.41;
        E               9.8;
        value           nonuniform List<scalar> 
148
(
0
3.97747e-07
1.03823e-06
1.60381e-06
2.09681e-06
2.52084e-06
2.88033e-06
3.18054e-06
3.42734e-06
3.6268e-06
3.78488e-06
3.90721e-06
3.99901e-06
4.06498e-06
4.10929e-06
4.13561e-06
4.14711e-06
4.1465e-06
4.13609e-06
4.11787e-06
4.09348e-06
4.06432e-06
4.03155e-06
3.99613e-06
3.95887e-06
3.92043e-06
3.88136e-06
3.84211e-06
3.80303e-06
3.76444e-06
3.72651e-06
3.69017e-06
3.66756e-06
0
0
0
0
0
0
0
1.97241e-07
4.46455e-07
6.00118e-07
7.1442e-07
6.89393e-07
9.17928e-07
1.8112e-06
7.38324e-06
0
9.1157e-07
1.82157e-06
2.32503e-06
2.60492e-06
2.75019e-06
2.81285e-06
2.82529e-06
2.79501e-06
2.73276e-06
2.69699e-06
2.69072e-06
2.68296e-06
2.68261e-06
2.70226e-06
2.75642e-06
2.85961e-06
3.02377e-06
3.25095e-06
3.54496e-06
3.93062e-06
4.5104e-06
5.59008e-06
7.00393e-06
8.54915e-06
1.00638e-05
1.14616e-05
1.27179e-05
1.38406e-05
1.4849e-05
1.57634e-05
1.66016e-05
1.7377e-05
1.80963e-05
1.87644e-05
1.9385e-05
1.99626e-05
2.05028e-05
2.1009e-05
2.14839e-05
2.1929e-05
2.23452e-05
2.27328e-05
2.30909e-05
2.34182e-05
2.37261e-05
2.40263e-05
2.43209e-05
2.46107e-05
2.48946e-05
2.51713e-05
2.54402e-05
2.57009e-05
2.59532e-05
2.61972e-05
2.64329e-05
2.66605e-05
2.68802e-05
2.70922e-05
2.7297e-05
2.74948e-05
2.7686e-05
2.78709e-05
2.80496e-05
2.82226e-05
2.839e-05
2.85526e-05
2.87112e-05
2.88687e-05
2.90326e-05
2.92312e-05
2.949e-05
2.97347e-05
2.99578e-05
3.01662e-05
3.03643e-05
3.05505e-05
3.07031e-05
3.07638e-05
3.07033e-05
3.07794e-05
3.08916e-05
3.09604e-05
3.1011e-05
3.10382e-05
3.10394e-05
3.10155e-05
3.0968e-05
3.08989e-05
3.08102e-05
3.07039e-05
3.05821e-05
3.04471e-05
3.03018e-05
3.01488e-05
2.99972e-05
2.98485e-05
2.97537e-05
2.9667e-05
3.00396e-05
)
;
    }
    upperWall
    {
        type            nutkWallFunction;
        Cmu             0.09;
        kappa           0.41;
        E               9.8;
        value           nonuniform List<scalar> 
133
(
1.21798e-05
1.2646e-05
1.30841e-05
1.34973e-05
1.38882e-05
1.42588e-05
1.46106e-05
1.49449e-05
1.52627e-05
1.55648e-05
1.58523e-05
1.61257e-05
1.63858e-05
1.66333e-05
1.68687e-05
1.70927e-05
1.73058e-05
1.75085e-05
1.77012e-05
1.78846e-05
1.80589e-05
1.82248e-05
1.83824e-05
1.85324e-05
1.8675e-05
1.88106e-05
1.89395e-05
1.90621e-05
1.91786e-05
1.92895e-05
1.93949e-05
1.94952e-05
1.95913e-05
1.97108e-05
1.98277e-05
1.99411e-05
2.00511e-05
2.01574e-05
2.02602e-05
2.03592e-05
2.04544e-05
2.05458e-05
2.06332e-05
2.07168e-05
2.07963e-05
2.08717e-05
2.0943e-05
2.10101e-05
2.10731e-05
2.11317e-05
2.11861e-05
2.12362e-05
2.12819e-05
2.13231e-05
2.13599e-05
2.13923e-05
2.14201e-05
2.14433e-05
2.1462e-05
2.14759e-05
2.14852e-05
2.14897e-05
2.14894e-05
2.14842e-05
2.1474e-05
2.14588e-05
2.14385e-05
2.1413e-05
2.13821e-05
2.13457e-05
2.13038e-05
2.12562e-05
2.12027e-05
2.11431e-05
2.10773e-05
2.1005e-05
2.09261e-05
2.08404e-05
2.07475e-05
2.06473e-05
2.05394e-05
2.04236e-05
2.02996e-05
2.01671e-05
2.00258e-05
1.98753e-05
1.97154e-05
1.95456e-05
1.93658e-05
1.91755e-05
1.89745e-05
1.87625e-05
1.85394e-05
1.83049e-05
1.8059e-05
1.78018e-05
1.75334e-05
1.72541e-05
1.69645e-05
1.66656e-05
1.63584e-05
1.60445e-05
1.57262e-05
1.5406e-05
1.50874e-05
1.47745e-05
1.44722e-05
1.41863e-05
1.39231e-05
1.36897e-05
1.34933e-05
1.33407e-05
1.32381e-05
1.31899e-05
1.31984e-05
1.32631e-05
1.33805e-05
1.35443e-05
1.37457e-05
1.3976e-05
1.42837e-05
1.46372e-05
1.49981e-05
1.5336e-05
1.56293e-05
1.58661e-05
1.60426e-05
1.6161e-05
1.62242e-05
1.62459e-05
1.62158e-05
1.62165e-05
1.61977e-05
)
;
    }
    frontAndBack
    {
        type            empty;
    }
}


// ************************************************************************* //
