/*--------------------------------*- C++ -*----------------------------------*\
| =========                 |                                                 |
| \\      /  F ield         | OpenFOAM: The Open Source CFD Toolbox           |
|  \\    /   O peration     | Version:  4.1                                   |
|   \\  /    A nd           | Web:      www.OpenFOAM.org                      |
|    \\/     M anipulation  |                                                 |
\*---------------------------------------------------------------------------*/
FoamFile
{
    version     2.0;
    format      ascii;
    class       volScalarField;
    location    "1000";
    object      p;
}
// * * * * * * * * * * * * * * * * * * * * * * * * * * * * * * * * * * * * * //

dimensions      [0 2 -2 0 0 0 0];

internalField   nonuniform List<scalar> 
6820
(
-8.24343
-8.50099
-8.59861
-8.61933
-8.65257
-8.69789
-8.73953
-8.77571
-8.80945
-8.84158
-8.87167
-8.89958
-8.92557
-8.94991
-8.97278
-8.99434
-9.01474
-9.03415
-9.05269
-9.07049
-9.08765
-9.10427
-9.12043
-9.1362
-9.15166
-9.16686
-9.18187
-9.19673
-9.21154
-9.22618
-9.24157
-9.25543
-9.28555
-8.35622
-8.52227
-8.60099
-8.62189
-8.64883
-8.6841
-8.71573
-8.74267
-8.76799
-8.79275
-8.81664
-8.83954
-8.86162
-8.88302
-8.90379
-8.92398
-8.94362
-8.96278
-8.98148
-8.99978
-9.01771
-9.03531
-9.05261
-9.06966
-9.08647
-9.1031
-9.11958
-9.13594
-9.15224
-9.16847
-9.18485
-9.20137
-9.21808
-8.41247
-8.51718
-8.59521
-8.62713
-8.65534
-8.68855
-8.71901
-8.74535
-8.76999
-8.79393
-8.81696
-8.83894
-8.86003
-8.88036
-8.9
-8.919
-8.93741
-8.95529
-8.97271
-8.98971
-9.00633
-9.02262
-9.03862
-9.05438
-9.06992
-9.08529
-9.10053
-9.11567
-9.13077
-9.1458
-9.16098
-9.17587
-9.1914
-8.46226
-8.53725
-8.6099
-8.64507
-8.67256
-8.70414
-8.73417
-8.76053
-8.78493
-8.80837
-8.83075
-8.852
-8.8723
-8.89179
-8.91058
-8.92873
-8.94632
-8.9634
-8.98005
-8.99631
-9.01223
-9.02786
-9.04322
-9.05837
-9.07333
-9.08814
-9.10283
-9.11745
-9.13202
-9.14657
-9.16116
-9.17575
-9.1904
-8.50375
-8.55498
-8.61519
-8.65006
-8.67731
-8.70757
-8.73682
-8.76286
-8.78701
-8.81023
-8.83251
-8.85379
-8.87421
-8.89388
-8.91289
-8.93129
-8.94913
-8.96648
-8.98337
-8.99986
-9.01598
-9.03179
-9.0473
-9.06257
-9.07762
-9.09249
-9.10722
-9.12183
-9.13637
-9.15086
-9.16535
-9.17987
-9.19447
-8.53854
-8.57439
-8.62524
-8.66053
-8.68819
-8.71725
-8.74561
-8.77133
-8.7953
-8.8183
-8.84038
-8.86148
-8.8817
-8.90115
-8.91992
-8.93806
-8.95563
-8.9727
-8.9893
-9.0055
-9.02133
-9.03684
-9.05207
-9.06705
-9.08181
-9.09639
-9.11083
-9.12515
-9.13939
-9.15358
-9.16777
-9.18199
-9.19633
-8.56838
-8.59394
-8.63584
-8.66901
-8.6955
-8.7226
-8.74951
-8.77444
-8.79782
-8.82029
-8.84193
-8.86269
-8.88265
-8.90192
-8.92056
-8.93863
-8.95617
-8.97323
-8.98987
-9.00611
-9.022
-9.03757
-9.05286
-9.06789
-9.0827
-9.09732
-9.11178
-9.12609
-9.14031
-9.15444
-9.16854
-9.18264
-9.19679
-8.59432
-8.6129
-8.64732
-8.67817
-8.7039
-8.72978
-8.75569
-8.7801
-8.80312
-8.82527
-8.84665
-8.86721
-8.88702
-8.90615
-8.92467
-8.94261
-8.96003
-8.97697
-8.99346
-9.00956
-9.0253
-9.0407
-9.05581
-9.07065
-9.08526
-9.09966
-9.11389
-9.12795
-9.1419
-9.15574
-9.1695
-9.18323
-9.19692
-8.61717
-8.631
-8.6593
-8.68741
-8.71187
-8.73618
-8.76065
-8.78407
-8.80634
-8.82785
-8.84867
-8.86878
-8.8882
-8.90701
-8.92524
-8.94295
-8.96017
-8.97694
-8.9933
-9.00927
-9.0249
-9.04021
-9.05524
-9.07
-9.08453
-9.09884
-9.11296
-9.12692
-9.14072
-9.1544
-9.16797
-9.18145
-9.19486
-8.63755
-8.64808
-8.67144
-8.69675
-8.71984
-8.74278
-8.76603
-8.78864
-8.81036
-8.83139
-8.85183
-8.87164
-8.89083
-8.90944
-8.92752
-8.94509
-8.96219
-8.97884
-8.99509
-9.01096
-9.02647
-9.04166
-9.05655
-9.07117
-9.08554
-9.09967
-9.1136
-9.12733
-9.14088
-9.15428
-9.16752
-9.18062
-9.19354
-8.65588
-8.66408
-8.6835
-8.70614
-8.72774
-8.7493
-8.77127
-8.7929
-8.81385
-8.83422
-8.85409
-8.8734
-8.89217
-8.91042
-8.92817
-8.94545
-8.96228
-8.9787
-8.99473
-9.0104
-9.02572
-9.04073
-9.05545
-9.06989
-9.08408
-9.09803
-9.11176
-9.12528
-9.13861
-9.15176
-9.16472
-9.17749
-9.19008
-8.67249
-8.67901
-8.69529
-8.71547
-8.73554
-8.75579
-8.77654
-8.79721
-8.81744
-8.83722
-8.85658
-8.87549
-8.89393
-8.91189
-8.9294
-8.94648
-8.96314
-8.9794
-8.99528
-9.01081
-9.02599
-9.04087
-9.05544
-9.06973
-9.08376
-9.09753
-9.11107
-9.12438
-9.13746
-9.15033
-9.16298
-9.17539
-9.18755
-8.68763
-8.69288
-8.70668
-8.72465
-8.74322
-8.7622
-8.78177
-8.80147
-8.82092
-8.84005
-8.85884
-8.87725
-8.89525
-8.91283
-8.93
-8.94677
-8.96315
-8.97914
-8.99478
-9.01007
-9.02503
-9.03968
-9.05403
-9.0681
-9.0819
-9.09543
-9.10872
-9.12177
-9.13457
-9.14714
-9.15946
-9.17154
-9.18334
-8.70146
-8.70576
-8.71756
-8.73359
-8.75073
-8.76849
-8.78694
-8.8057
-8.82438
-8.84285
-8.86109
-8.87902
-8.89661
-8.91384
-8.93071
-8.94721
-8.96334
-8.97912
-8.99456
-9.00966
-9.02444
-9.03891
-9.05308
-9.06697
-9.08057
-9.09391
-9.10698
-9.1198
-9.13235
-9.14465
-9.15667
-9.16841
-9.17984
-8.71412
-8.71768
-8.72788
-8.74222
-8.75801
-8.77462
-8.79202
-8.80986
-8.82777
-8.84559
-8.86325
-8.88068
-8.89783
-8.91467
-8.93118
-8.94736
-8.9632
-8.9787
-8.99387
-9.00872
-9.02326
-9.03748
-9.05141
-9.06505
-9.07841
-9.09148
-9.10429
-9.11682
-9.12907
-9.14105
-9.15275
-9.16415
-9.17523
-8.7257
-8.72868
-8.73758
-8.75047
-8.76502
-8.78055
-8.79696
-8.81392
-8.83107
-8.84825
-8.86534
-8.88228
-8.89899
-8.91545
-8.93161
-8.94748
-8.96303
-8.97827
-8.9932
-9.00782
-9.02213
-9.03614
-9.04985
-9.06327
-9.0764
-9.08925
-9.10181
-9.11409
-9.12608
-9.13779
-9.14919
-9.16028
-9.17104
-8.73629
-8.73879
-8.74664
-8.75829
-8.77171
-8.78624
-8.80172
-8.81785
-8.83428
-8.85082
-8.86735
-8.88379
-8.90006
-8.91612
-8.93193
-8.94746
-8.96271
-8.97767
-8.99232
-9.00667
-9.02072
-9.03448
-9.04793
-9.0611
-9.07397
-9.08654
-9.09883
-9.11083
-9.12252
-9.13392
-9.14501
-9.15578
-9.16621
-8.74592
-8.74805
-8.75502
-8.76561
-8.77802
-8.79164
-8.80627
-8.82161
-8.83734
-8.85327
-8.86926
-8.88521
-8.90105
-8.91671
-8.93216
-8.94737
-8.96231
-8.97698
-8.99136
-9.00546
-9.01926
-9.03277
-9.04598
-9.0589
-9.07152
-9.08385
-9.09588
-9.10761
-9.11904
-9.13016
-9.14096
-9.15144
-9.16158
-8.75464
-8.75645
-8.76271
-8.77239
-8.78392
-8.7967
-8.81055
-8.82516
-8.84025
-8.85559
-8.87105
-8.88653
-8.90194
-8.91721
-8.9323
-8.94718
-8.96181
-8.97619
-8.99029
-9.00411
-9.01765
-9.03089
-9.04384
-9.0565
-9.06886
-9.08092
-9.09267
-9.10413
-9.11527
-9.1261
-9.13661
-9.1468
-9.15664
-8.76247
-8.76402
-8.76969
-8.7786
-8.78935
-8.80139
-8.81452
-8.82847
-8.84294
-8.85773
-8.8727
-8.88772
-8.90271
-8.9176
-8.93234
-8.94689
-8.96121
-8.9753
-8.98912
-9.00267
-9.01594
-9.02893
-9.04162
-9.05402
-9.06613
-9.07793
-9.08942
-9.10061
-9.11149
-9.12205
-9.13229
-9.1422
-9.15176
-8.76941
-8.77075
-8.77593
-8.7842
-8.79428
-8.80566
-8.81815
-8.83149
-8.84541
-8.85968
-8.87417
-8.88876
-8.90336
-8.91788
-8.93227
-8.9465
-8.96052
-8.97431
-8.98785
-9.00113
-9.01414
-9.02686
-9.0393
-9.05144
-9.06328
-9.07481
-9.08605
-9.09697
-9.10757
-9.11786
-9.12783
-9.13747
-9.14677
-8.77547
-8.77664
-8.78141
-8.78915
-8.79865
-8.80946
-8.82139
-8.83419
-8.8476
-8.8614
-8.87545
-8.88964
-8.90385
-8.91802
-8.93208
-8.946
-8.95972
-8.97322
-8.98649
-8.9995
-9.01224
-9.02471
-9.03688
-9.04876
-9.06035
-9.07163
-9.0826
-9.09326
-9.10361
-9.11364
-9.12334
-9.13273
-9.14178
-8.78063
-8.78166
-8.78611
-8.79341
-8.80244
-8.81275
-8.82419
-8.83652
-8.84948
-8.86285
-8.87651
-8.89031
-8.90418
-8.91801
-8.93176
-8.94537
-8.95881
-8.97203
-8.98503
-8.99778
-9.01026
-9.02247
-9.03439
-9.04602
-9.05735
-9.06837
-9.07909
-9.0895
-9.0996
-9.10937
-9.11883
-9.12797
-9.13678
-8.78486
-8.78579
-8.78998
-8.79694
-8.80558
-8.81549
-8.82652
-8.83844
-8.85101
-8.86401
-8.8773
-8.89077
-8.9043
-8.91783
-8.93128
-8.94461
-8.95776
-8.97072
-8.98345
-8.99594
-9.00817
-9.02012
-9.03179
-9.04317
-9.05425
-9.06502
-9.07549
-9.08565
-9.0955
-9.10503
-9.11424
-9.12314
-9.13171
-8.78814
-8.78899
-8.79299
-8.79969
-8.80803
-8.81763
-8.82832
-8.83991
-8.85214
-8.86482
-8.8778
-8.89096
-8.90421
-8.91745
-8.93062
-8.94368
-8.95657
-8.96928
-8.98176
-8.994
-9.00598
-9.01769
-9.02912
-9.04026
-9.0511
-9.06164
-9.07188
-9.0818
-9.09142
-9.10072
-9.1097
-9.11838
-9.12672
-8.7904
-8.7912
-8.79508
-8.80159
-8.80973
-8.81909
-8.82953
-8.84086
-8.85283
-8.86524
-8.87795
-8.89085
-8.90383
-8.91681
-8.92973
-8.94254
-8.95518
-8.96764
-8.97988
-8.99187
-9.00361
-9.01508
-9.02627
-9.03717
-9.04777
-9.05807
-9.06806
-9.07775
-9.08712
-9.09619
-9.10494
-9.11339
-9.12152
-8.79157
-8.79235
-8.79616
-8.80258
-8.81059
-8.81981
-8.83008
-8.84122
-8.85299
-8.86519
-8.87769
-8.89036
-8.90312
-8.91588
-8.92858
-8.94116
-8.95359
-8.96582
-8.97784
-8.98962
-9.00114
-9.01239
-9.02337
-9.03405
-9.04444
-9.05452
-9.06431
-9.07378
-9.08295
-9.09181
-9.10036
-9.1086
-9.11653
-8.79157
-8.79237
-8.79619
-8.8026
-8.81059
-8.81976
-8.82996
-8.84099
-8.85263
-8.86469
-8.87702
-8.88952
-8.90209
-8.91466
-8.92715
-8.93952
-8.95173
-8.96374
-8.97554
-8.98709
-8.99838
-9.0094
-9.02015
-9.0306
-9.04075
-9.05061
-9.06016
-9.0694
-9.07834
-9.08698
-9.09531
-9.10334
-9.11108
-8.79032
-8.79118
-8.79508
-8.80161
-8.80969
-8.81892
-8.82914
-8.84016
-8.85176
-8.86374
-8.87598
-8.88837
-8.90081
-8.91323
-8.92556
-8.93778
-8.94982
-8.96166
-8.97328
-8.98466
-8.99577
-9.00662
-9.01718
-9.02745
-9.03742
-9.04709
-9.05646
-9.06553
-9.07429
-9.08275
-9.0909
-9.09874
-9.10627
-8.78769
-8.78864
-8.79275
-8.79951
-8.80783
-8.81724
-8.82759
-8.8387
-8.85033
-8.86231
-8.87449
-8.88679
-8.89911
-8.91139
-8.92357
-8.93561
-8.94746
-8.95911
-8.97053
-8.98169
-8.99259
-9.00322
-9.01356
-9.02361
-9.03336
-9.04281
-9.05196
-9.06081
-9.06935
-9.0776
-9.08555
-9.09321
-9.10059
-8.78349
-8.78461
-8.78905
-8.79623
-8.80493
-8.81467
-8.82528
-8.8366
-8.84839
-8.86047
-8.87272
-8.88504
-8.89736
-8.9096
-8.92172
-8.93368
-8.94544
-8.95698
-8.96828
-8.97932
-8.99009
-9.00058
-9.01077
-9.02068
-9.03028
-9.03958
-9.04858
-9.05727
-9.06567
-9.07375
-9.08154
-9.08902
-9.09618
-8.7775
-8.77887
-8.78383
-8.79165
-8.80095
-8.81116
-8.82215
-8.83375
-8.84574
-8.85792
-8.8702
-8.88251
-8.89476
-8.90691
-8.91891
-8.93072
-8.94233
-8.9537
-8.96481
-8.97567
-8.98624
-8.99653
-9.00653
-9.01623
-9.02563
-9.03473
-9.04353
-9.05203
-9.06022
-9.06813
-9.07574
-9.08308
-9.09014
-8.76938
-8.77113
-8.7769
-8.78568
-8.79582
-8.80674
-8.81836
-8.83051
-8.84294
-8.85547
-8.86801
-8.88049
-8.89287
-8.90509
-8.91711
-8.92892
-8.94049
-8.9518
-8.96284
-8.9736
-8.98408
-8.99425
-9.00413
-9.01371
-9.02298
-9.03195
-9.04061
-9.04896
-9.05701
-9.06476
-9.07221
-9.07935
-9.08617
-8.75867
-8.76103
-8.76806
-8.77821
-8.78939
-8.80102
-8.8132
-8.82578
-8.8385
-8.85122
-8.86387
-8.87641
-8.88879
-8.90097
-8.91292
-8.92464
-8.93609
-8.94728
-8.95818
-8.96879
-8.9791
-8.98912
-8.99883
-9.00824
-9.01735
-9.02615
-9.03465
-9.04284
-9.05074
-9.05835
-9.06567
-9.07273
-9.07951
-8.74467
-8.74799
-8.75705
-8.7694
-8.78233
-8.79538
-8.80877
-8.82231
-8.83574
-8.84895
-8.86195
-8.87473
-8.88725
-8.89951
-8.91149
-8.92319
-8.9346
-8.94571
-8.95652
-8.96703
-8.97723
-8.98712
-8.9967
-9.00597
-9.01492
-9.02357
-9.03191
-9.03994
-9.04767
-9.0551
-9.06222
-9.06904
-9.07554
-8.72627
-8.73136
-8.74345
-8.75796
-8.77191
-8.78577
-8.80006
-8.81437
-8.82833
-8.84192
-8.85521
-8.86819
-8.88085
-8.89317
-8.90516
-8.91683
-8.92819
-8.93922
-8.94993
-8.96034
-8.97042
-8.9802
-8.98966
-8.99881
-9.00765
-9.01619
-9.02442
-9.03235
-9.03999
-9.04734
-9.0544
-9.06119
-9.06772
-8.70135
-8.7105
-8.72989
-8.74964
-8.76607
-8.78146
-8.79698
-8.8121
-8.82647
-8.84027
-8.85365
-8.86665
-8.87926
-8.89149
-8.90336
-8.9149
-8.9261
-8.93696
-8.9475
-8.95771
-8.9676
-8.97717
-8.98641
-8.99535
-9.00397
-9.01228
-9.02028
-9.02798
-9.03539
-9.0425
-9.04932
-9.05584
-9.06207
-8.66641
-8.68006
-8.70569
-8.72895
-8.74791
-8.76593
-8.78356
-8.80001
-8.81523
-8.82961
-8.84337
-8.85657
-8.86925
-8.88147
-8.8933
-8.90475
-8.91585
-8.92661
-8.93705
-8.94718
-8.95699
-8.96649
-8.97568
-8.98457
-8.99316
-9.00145
-9.00944
-9.01714
-9.02454
-9.03164
-9.03844
-9.04493
-9.05109
-8.61901
-8.66667
-8.70605
-8.72632
-8.74259
-8.76094
-8.77891
-8.79485
-8.80941
-8.82333
-8.83677
-8.84966
-8.86203
-8.87396
-8.88551
-8.8967
-8.90754
-8.91804
-8.92823
-8.93811
-8.94769
-8.95697
-8.96595
-8.97464
-8.98305
-8.99117
-8.99901
-9.00659
-9.01391
-9.02099
-9.02785
-9.03455
-9.04111
-8.48469
-8.60686
-8.68152
-8.70574
-8.72206
-8.74308
-8.76356
-8.78077
-8.79609
-8.81091
-8.82543
-8.83954
-8.85326
-8.86668
-8.87982
-8.8927
-8.9053
-8.91761
-8.92963
-8.94135
-8.95276
-8.96385
-8.97461
-8.98504
-8.99514
-9.00489
-9.01431
-9.02338
-9.0321
-9.04048
-9.0485
-9.05615
-9.06355
-9.33302
-9.489
-9.70637
-9.81076
-9.92153
-10.0277
-10.1092
-10.1723
-10.2216
-10.258
-10.2828
-10.2973
-10.3035
-10.3037
-10.3001
-10.2952
-10.2898
-10.2812
-10.2763
-10.2793
-10.2914
-10.3121
-10.34
-10.3732
-10.4095
-10.4474
-10.4856
-10.5232
-10.5593
-10.5933
-10.6241
-10.6509
-10.673
-10.6898
-10.7008
-10.7059
-10.7049
-10.6975
-10.6836
-10.6629
-10.6354
-10.6007
-10.5587
-10.5092
-10.452
-10.3871
-10.3141
-10.233
-10.1436
-10.0455
-9.93872
-9.82287
-9.69779
-9.5633
-9.41926
-9.26555
-9.10211
-8.92895
-8.74612
-8.55373
-8.35197
-8.14111
-7.92147
-7.69348
-7.45765
-7.21457
-6.96489
-6.70936
-6.44874
-6.18383
-5.91547
-5.64451
-5.37184
-5.09841
-4.82521
-4.55327
-4.2837
-4.01766
-3.75637
-3.501
-3.25258
-3.01175
-2.77889
-2.55435
-2.33842
-2.13138
-1.93344
-1.74471
-1.5652
-1.39487
-1.23338
-1.0806
-0.935449
-0.798382
-0.665503
-0.541633
-0.410772
-0.302253
-0.144364
-0.095056
-9.2484
-9.30103
-9.39321
-9.4393
-9.49272
-9.5604
-9.62685
-9.69026
-9.75084
-9.80606
-9.85415
-9.89456
-9.92761
-9.95425
-9.97609
-9.99543
-10.0145
-10.0297
-10.0453
-10.0658
-10.0928
-10.1265
-10.1657
-10.2087
-10.2539
-10.2997
-10.3448
-10.3885
-10.4299
-10.4683
-10.5029
-10.5329
-10.5577
-10.5767
-10.5896
-10.5962
-10.5963
-10.5898
-10.5766
-10.5564
-10.5291
-10.4947
-10.4528
-10.4034
-10.3463
-10.2814
-10.2086
-10.1276
-10.0383
-9.94045
-9.83391
-9.71845
-9.59387
-9.46
-9.31671
-9.16392
-9.00156
-8.82964
-8.64823
-8.45745
-8.25748
-8.0486
-7.83113
-7.60551
-7.37222
-7.13185
-6.88505
-6.63253
-6.37505
-6.11339
-5.84837
-5.58082
-5.31162
-5.0417
-4.77201
-4.50357
-4.23745
-3.97477
-3.71671
-3.46439
-3.21877
-2.98051
-2.75001
-2.52762
-2.31364
-2.10833
-1.91191
-1.7245
-1.54611
-1.3767
-1.21594
-1.06375
-0.919022
-0.782287
-0.649675
-0.526176
-0.395894
-0.28868
-0.133417
-0.0882827
-9.20984
-9.23122
-9.27575
-9.30327
-9.32663
-9.35927
-9.39463
-9.42945
-9.46452
-9.49919
-9.53238
-9.56351
-9.59246
-9.61961
-9.64593
-9.67298
-9.70196
-9.7319
-9.763
-9.79806
-9.83867
-9.88483
-9.93559
-9.98943
-10.0447
-10.0999
-10.1538
-10.2054
-10.2541
-10.299
-10.3393
-10.3745
-10.4039
-10.4269
-10.4434
-10.4532
-10.4561
-10.452
-10.4408
-10.4225
-10.3968
-10.3638
-10.3233
-10.2751
-10.2192
-10.1554
-10.0836
-10.0037
-9.91552
-9.81887
-9.71355
-9.5994
-9.47623
-9.34388
-9.20224
-9.05123
-8.8908
-8.72096
-8.54178
-8.3534
-8.15599
-7.94984
-7.73526
-7.51268
-7.28259
-7.04555
-6.80222
-6.55326
-6.29944
-6.0415
-5.78025
-5.51652
-5.25114
-4.98504
-4.71913
-4.45443
-4.19195
-3.93279
-3.67808
-3.42888
-3.18614
-2.95049
-2.72237
-2.50211
-2.29004
-2.08643
-1.89147
-1.7053
-1.52794
-1.35936
-1.19925
-1.04753
-0.903141
-0.766645
-0.634243
-0.511034
-0.381384
-0.275329
-0.123089
-0.0813604
-9.20772
-9.23077
-9.26709
-9.29522
-9.31412
-9.33467
-9.3551
-9.37247
-9.38782
-9.40197
-9.4148
-9.42645
-9.43746
-9.44868
-9.46127
-9.47669
-9.49623
-9.52033
-9.54818
-9.58134
-9.62103
-9.66716
-9.71874
-9.77427
-9.83209
-9.89059
-9.9484
-10.0044
-10.0576
-10.107
-10.152
-10.1916
-10.2253
-10.2525
-10.273
-10.2864
-10.2927
-10.2918
-10.2836
-10.268
-10.245
-10.2143
-10.176
-10.13
-10.0762
-10.0144
-9.94466
-9.86674
-9.78054
-9.68589
-9.58263
-9.47059
-9.34961
-9.21955
-9.08029
-8.93178
-8.77397
-8.60688
-8.4306
-8.24524
-8.051
-7.84816
-7.63703
-7.41803
-7.19164
-6.95841
-6.71897
-6.47399
-6.22419
-5.97031
-5.71313
-5.45347
-5.19214
-4.93004
-4.66808
-4.40722
-4.14848
-3.8929
-3.64157
-3.39552
-3.15564
-2.92258
-2.69678
-2.4786
-2.26837
-2.06635
-1.87275
-1.68772
-1.51127
-1.34339
-1.1838
-1.03243
-0.888264
-0.751887
-0.619615
-0.496581
-0.367594
-0.262495
-0.113619
-0.0744422
-9.21207
-9.23413
-9.26188
-9.2855
-9.30233
-9.31917
-9.33624
-9.35104
-9.36355
-9.37417
-9.3827
-9.38911
-9.39387
-9.39783
-9.40214
-9.40825
-9.41761
-9.43107
-9.44888
-9.47216
-9.50195
-9.53835
-9.58065
-9.62771
-9.67812
-9.73045
-9.78338
-9.83572
-9.88638
-9.93436
-9.97868
-10.0185
-10.0529
-10.0815
-10.1036
-10.119
-10.1275
-10.1288
-10.1229
-10.1096
-10.0889
-10.0605
-10.0245
-9.98077
-9.92918
-9.86966
-9.80212
-9.72645
-9.64251
-9.55017
-9.44928
-9.33968
-9.22121
-9.09377
-8.95724
-8.81157
-8.65674
-8.49275
-8.3197
-8.13771
-7.94697
-7.74775
-7.54037
-7.32523
-7.1028
-6.87363
-6.6383
-6.39748
-6.15186
-5.90218
-5.64919
-5.39368
-5.13647
-4.87842
-4.62042
-4.36341
-4.10838
-3.85634
-3.60833
-3.36535
-3.12825
-2.89767
-2.67409
-2.45787
-2.24934
-2.04877
-1.85639
-1.67233
-1.49664
-1.32932
-1.17009
-1.01892
-0.874833
-0.738433
-0.606186
-0.483196
-0.354859
-0.250507
-0.105192
-0.0677893
-9.21345
-9.23402
-9.25764
-9.28003
-9.29822
-9.31526
-9.33179
-9.34607
-9.35772
-9.36704
-9.37406
-9.37886
-9.38189
-9.38391
-9.38591
-9.38908
-9.39461
-9.40338
-9.41602
-9.43322
-9.45583
-9.48406
-9.51748
-9.55527
-9.59635
-9.63959
-9.68387
-9.72818
-9.77155
-9.81305
-9.85177
-9.88685
-9.9175
-9.94308
-9.96304
-9.97697
-9.98453
-9.98548
-9.97958
-9.96666
-9.94654
-9.91908
-9.88416
-9.84165
-9.79144
-9.73345
-9.66754
-9.59361
-9.51154
-9.42117
-9.32236
-9.21496
-9.09884
-8.97387
-8.83996
-8.69705
-8.54512
-8.38419
-8.21434
-8.03569
-7.84844
-7.65283
-7.44919
-7.2379
-7.01941
-6.79425
-6.563
-6.32629
-6.08481
-5.83926
-5.59038
-5.33895
-5.08576
-4.83165
-4.5775
-4.32422
-4.07277
-3.82413
-3.5793
-3.33923
-3.10476
-2.87652
-2.655
-2.44057
-2.23357
-2.03429
-1.84295
-1.65969
-1.48458
-1.31763
-1.15859
-1.00745
-0.863275
-0.726692
-0.594343
-0.471245
-0.343509
-0.23967
-0.0979935
-0.0616066
-9.21348
-9.23324
-9.25456
-9.27519
-9.2928
-9.30868
-9.32365
-9.33685
-9.34785
-9.35684
-9.36391
-9.36912
-9.37281
-9.37557
-9.37821
-9.38168
-9.38697
-9.39487
-9.40604
-9.42099
-9.44038
-9.46443
-9.4928
-9.52481
-9.55958
-9.59615
-9.63356
-9.67094
-9.70743
-9.74222
-9.77451
-9.80354
-9.82863
-9.84918
-9.86467
-9.87468
-9.87889
-9.87699
-9.86875
-9.85394
-9.83237
-9.80384
-9.76819
-9.72529
-9.67498
-9.61715
-9.55165
-9.47836
-9.39713
-9.30781
-9.21025
-9.1043
-8.98982
-8.8667
-8.73483
-8.59415
-8.44464
-8.28631
-8.11924
-7.94355
-7.75941
-7.56707
-7.36684
-7.15908
-6.94424
-6.72281
-6.49536
-6.26251
-6.02491
-5.78324
-5.53824
-5.29065
-5.04125
-4.79087
-4.54034
-4.29058
-4.04249
-3.79704
-3.55518
-3.31782
-3.08578
-2.85969
-2.64003
-2.4272
-2.22155
-2.02336
-1.83286
-1.65021
-1.47549
-1.30872
-1.14968
-0.99838
-0.853955
-0.717019
-0.584426
-0.461058
-0.333842
-0.230274
-0.0921795
-0.056118
-9.21288
-9.23161
-9.25112
-9.27009
-9.28714
-9.30268
-9.31725
-9.33037
-9.34158
-9.35091
-9.35843
-9.36424
-9.36862
-9.37212
-9.37542
-9.37937
-9.38479
-9.39243
-9.40287
-9.41664
-9.4342
-9.45571
-9.48091
-9.50922
-9.53988
-9.57205
-9.60487
-9.63751
-9.66918
-9.69912
-9.7266
-9.75092
-9.77144
-9.78762
-9.79898
-9.80514
-9.80576
-9.80058
-9.78935
-9.77185
-9.74788
-9.71727
-9.67985
-9.63545
-9.58394
-9.52516
-9.45899
-9.38527
-9.30386
-9.21461
-9.11736
-9.01195
-8.89826
-8.77615
-8.64553
-8.50634
-8.35853
-8.20214
-8.03721
-7.86387
-7.68227
-7.49265
-7.29531
-7.09059
-6.87892
-6.66079
-6.43672
-6.20732
-5.97321
-5.73507
-5.4936
-5.24952
-5.00361
-4.75665
-4.50947
-4.26295
-4.01797
-3.77545
-3.53632
-3.30145
-3.07162
-2.84747
-2.62948
-2.41805
-2.21354
-2.01624
-1.82639
-1.64417
-1.46964
-1.30286
-1.14365
-0.992003
-0.847149
-0.70969
-0.576707
-0.452902
-0.326093
-0.222548
-0.0878578
-0.0514919
-9.21042
-9.22834
-9.24664
-9.26446
-9.28095
-9.29608
-9.31008
-9.32272
-9.33368
-9.34295
-9.35063
-9.35687
-9.36194
-9.36629
-9.37053
-9.37532
-9.38139
-9.38937
-9.39977
-9.41308
-9.4296
-9.44949
-9.47253
-9.49824
-9.52594
-9.55491
-9.58436
-9.61354
-9.64169
-9.6681
-9.69207
-9.71295
-9.73015
-9.74312
-9.75141
-9.75464
-9.75248
-9.74467
-9.73096
-9.71113
-9.68501
-9.65241
-9.61316
-9.56712
-9.51415
-9.4541
-9.38684
-9.31222
-9.23012
-9.14037
-9.04283
-8.93736
-8.82381
-8.70209
-8.57208
-8.43373
-8.287
-8.13191
-7.96851
-7.79692
-7.61728
-7.42983
-7.23483
-7.03264
-6.82364
-6.60832
-6.38718
-6.1608
-5.92978
-5.69478
-5.45647
-5.21557
-4.97281
-4.72897
-4.48485
-4.24129
-3.99916
-3.75934
-3.52271
-3.2901
-3.06229
-2.83987
-2.62336
-2.41315
-2.2096
-2.01302
-1.82364
-1.64165
-1.46715
-1.30019
-1.14062
-0.988468
-0.843024
-0.704881
-0.571365
-0.446962
-0.320429
-0.216663
-0.0850903
-0.0478643
-9.20837
-9.22543
-9.24264
-9.25944
-9.27517
-9.28976
-9.3033
-9.31564
-9.32659
-9.33609
-9.34422
-9.3511
-9.35697
-9.3622
-9.36731
-9.37288
-9.3795
-9.38773
-9.39805
-9.41086
-9.42643
-9.44488
-9.46602
-9.48945
-9.51458
-9.54077
-9.56732
-9.59352
-9.61868
-9.64213
-9.6632
-9.68127
-9.69577
-9.70618
-9.71205
-9.71301
-9.70872
-9.6989
-9.68331
-9.66173
-9.63397
-9.59984
-9.55918
-9.51184
-9.45769
-9.39657
-9.32836
-9.25293
-9.17014
-9.07984
-8.98191
-8.8762
-8.7626
-8.641
-8.51132
-8.37349
-8.22749
-8.07333
-7.91108
-7.74084
-7.56277
-7.37707
-7.18402
-6.98395
-6.77724
-6.56435
-6.34576
-6.12205
-5.89378
-5.66159
-5.42614
-5.18812
-4.94825
-4.70727
-4.46596
-4.22514
-3.98564
-3.7483
-3.51397
-3.28345
-3.05747
-2.83663
-2.62144
-2.4123
-2.20956
-2.01354
-1.82449
-1.64259
-1.46796
-1.30067
-1.14061
-0.987799
-0.841624
-0.702655
-0.568473
-0.443321
-0.31692
-0.212698
-0.0838678
-0.0452992
-9.20453
-9.22092
-9.2373
-9.25329
-9.26843
-9.28257
-9.29577
-9.30789
-9.31877
-9.32837
-9.33676
-9.34405
-9.35048
-9.35637
-9.36217
-9.36838
-9.37549
-9.38401
-9.39433
-9.4068
-9.42166
-9.43895
-9.45854
-9.48007
-9.50303
-9.52685
-9.55091
-9.57455
-9.59712
-9.618
-9.63656
-9.65222
-9.66441
-9.67265
-9.6765
-9.67557
-9.66953
-9.65809
-9.641
-9.61804
-9.58901
-9.55371
-9.51199
-9.46368
-9.40864
-9.34674
-9.27784
-9.20181
-9.11851
-9.02782
-8.92961
-8.82376
-8.71014
-8.58867
-8.45927
-8.3219
-8.17653
-8.02318
-7.86192
-7.69286
-7.51615
-7.332
-7.14067
-6.94249
-6.73784
-6.52714
-6.31088
-6.0896
-5.86385
-5.63426
-5.40146
-5.16612
-4.92893
-4.69063
-4.45196
-4.21371
-3.97667
-3.74167
-3.5095
-3.28093
-3.05667
-2.8373
-2.62331
-2.41512
-2.21309
-2.01753
-1.82869
-1.64677
-1.4719
-1.30416
-1.14348
-0.989896
-0.842873
-0.702961
-0.567997
-0.441967
-0.315547
-0.21065
-0.0841219
-0.0437995
-9.20136
-9.21706
-9.23268
-9.24793
-9.2625
-9.27618
-9.28899
-9.30085
-9.31163
-9.32131
-9.32993
-9.33763
-9.3446
-9.35113
-9.35758
-9.36437
-9.37193
-9.38068
-9.39096
-9.40307
-9.4172
-9.43339
-9.45151
-9.47125
-9.49217
-9.51376
-9.53546
-9.55668
-9.57681
-9.59527
-9.61147
-9.62486
-9.63489
-9.64111
-9.64307
-9.6404
-9.63276
-9.61987
-9.60145
-9.57729
-9.54716
-9.51089
-9.46829
-9.41921
-9.36349
-9.301
-9.2316
-9.15516
-9.07155
-8.98064
-8.88231
-8.77644
-8.66293
-8.54169
-8.41266
-8.27579
-8.13109
-7.97856
-7.81828
-7.65037
-7.47497
-7.29231
-7.10262
-6.90624
-6.70354
-6.49492
-6.28087
-6.0619
-5.83856
-5.61144
-5.38117
-5.14839
-4.91378
-4.67805
-4.44191
-4.20613
-3.97146
-3.7387
-3.50861
-3.28191
-3.05929
-2.84131
-2.62846
-2.42116
-2.21976
-2.02458
-1.83587
-1.65385
-1.47866
-1.31039
-1.149
-0.99456
-0.846599
-0.705652
-0.569812
-0.442791
-0.316202
-0.210426
-0.0857209
-0.0432969
-9.19678
-9.21191
-9.2269
-9.24154
-9.2556
-9.26891
-9.28138
-9.29301
-9.30373
-9.31349
-9.32232
-9.33034
-9.33774
-9.34475
-9.35169
-9.35891
-9.36678
-9.37565
-9.38583
-9.39755
-9.41098
-9.42616
-9.44295
-9.46108
-9.48014
-9.49971
-9.51927
-9.53828
-9.55619
-9.57244
-9.58648
-9.59778
-9.60584
-9.6102
-9.61045
-9.60619
-9.5971
-9.58289
-9.56329
-9.53805
-9.50697
-9.46985
-9.42651
-9.37679
-9.32053
-9.25758
-9.18781
-9.11109
-9.02729
-8.93628
-8.83794
-8.73217
-8.61888
-8.49797
-8.36939
-8.23311
-8.08913
-7.93748
-7.77823
-7.61149
-7.43742
-7.25624
-7.06819
-6.87359
-6.6728
-6.46624
-6.25435
-6.03765
-5.81666
-5.59197
-5.36418
-5.13391
-4.90183
-4.66861
-4.43495
-4.20159
-3.96925
-3.73868
-3.51062
-3.28575
-3.06473
-2.84811
-2.63637
-2.42992
-2.22911
-2.03427
-1.84565
-1.66348
-1.48791
-1.31905
-1.1569
-1.00153
-0.85257
-0.710519
-0.573723
-0.445618
-0.318713
-0.211871
-0.088492
-0.0436714
-9.19276
-9.20733
-9.22175
-9.23582
-9.24938
-9.26229
-9.27444
-9.28581
-9.29641
-9.3062
-9.31518
-9.32346
-9.33119
-9.3386
-9.34594
-9.35351
-9.36162
-9.37056
-9.3806
-9.39193
-9.40467
-9.41887
-9.43439
-9.45097
-9.46827
-9.48591
-9.50342
-9.52031
-9.53608
-9.55019
-9.56214
-9.57142
-9.57757
-9.58012
-9.57868
-9.57288
-9.56238
-9.54688
-9.52612
-9.49985
-9.46786
-9.42994
-9.38591
-9.3356
-9.27884
-9.2155
-9.14544
-9.06851
-8.98459
-8.89356
-8.79531
-8.68972
-8.57672
-8.45622
-8.32818
-8.19256
-8.04937
-7.89865
-7.74047
-7.57495
-7.40225
-7.22258
-7.03619
-6.84339
-6.64453
-6.44002
-6.2303
-6.01585
-5.79722
-5.57494
-5.34961
-5.12185
-4.89228
-4.66156
-4.43037
-4.19941
-3.96939
-3.741
-3.51495
-3.29191
-3.07248
-2.85721
-2.64657
-2.44095
-2.24073
-2.0462
-1.85765
-1.6753
-1.49932
-1.32984
-1.16688
-1.01054
-0.860529
-0.717321
-0.579503
-0.450235
-0.322866
-0.214787
-0.0922376
-0.0447667
-9.18779
-9.20187
-9.21576
-9.22934
-9.24246
-9.25501
-9.26689
-9.27806
-9.28852
-9.29829
-9.30739
-9.31587
-9.32387
-9.33158
-9.33922
-9.34703
-9.35528
-9.3642
-9.37403
-9.38492
-9.39697
-9.41019
-9.42448
-9.4396
-9.45525
-9.47107
-9.48666
-9.50157
-9.51532
-9.52742
-9.5374
-9.54478
-9.54911
-9.54996
-9.54694
-9.53967
-9.52784
-9.51113
-9.48929
-9.46206
-9.42922
-9.39057
-9.34591
-9.29507
-9.23789
-9.17421
-9.10391
-9.02683
-8.94286
-8.85187
-8.75376
-8.64842
-8.53577
-8.41573
-8.28828
-8.15337
-8.01103
-7.86129
-7.70423
-7.53997
-7.36868
-7.19055
-7.00585
-6.81487
-6.61796
-6.41552
-6.20798
-5.99581
-5.77953
-5.55968
-5.33683
-5.11158
-4.88453
-4.65632
-4.42761
-4.19906
-3.97135
-3.74516
-3.52114
-3.29992
-3.0821
-2.8682
-2.65866
-2.45389
-2.25425
-2.06004
-1.87154
-1.689
-1.51258
-1.34245
-1.17866
-1.02133
-0.870225
-0.725819
-0.58692
-0.45642
-0.328438
-0.218962
-0.0967601
-0.0464172
-9.18316
-9.19677
-9.2102
-9.22333
-9.23604
-9.24825
-9.25986
-9.27084
-9.28117
-9.29087
-9.3
-9.30861
-9.31679
-9.32471
-9.33255
-9.34051
-9.34881
-9.35765
-9.36722
-9.37764
-9.389
-9.40127
-9.41437
-9.4281
-9.44216
-9.45625
-9.47
-9.483
-9.49481
-9.50497
-9.51304
-9.51856
-9.52112
-9.52029
-9.5157
-9.50698
-9.49382
-9.47591
-9.45298
-9.42479
-9.3911
-9.35171
-9.30642
-9.25506
-9.19747
-9.13347
-9.06295
-8.98575
-8.90175
-8.81083
-8.71289
-8.60783
-8.49557
-8.37604
-8.24921
-8.11506
-7.97359
-7.82487
-7.66897
-7.50601
-7.33615
-7.1596
-6.97661
-6.78748
-6.59255
-6.3922
-6.18685
-5.97698
-5.76309
-5.54568
-5.32533
-5.10261
-4.8781
-4.65243
-4.42621
-4.2001
-3.97473
-3.75075
-3.52877
-3.30941
-3.09323
-2.88071
-2.6723
-2.46839
-2.26935
-2.07546
-1.88703
-1.70429
-1.52744
-1.35665
-1.19201
-1.03365
-0.881432
-0.735795
-0.595758
-0.463962
-0.335218
-0.224195
-0.10188
-0.0484713
-9.17799
-9.19117
-9.20415
-9.21686
-9.22919
-9.24107
-9.25242
-9.26321
-9.27342
-9.28305
-9.29216
-9.30082
-9.30912
-9.31718
-9.32513
-9.33316
-9.34144
-9.35013
-9.35939
-9.36931
-9.37995
-9.39127
-9.40321
-9.41558
-9.42814
-9.44059
-9.45259
-9.46378
-9.47373
-9.48204
-9.48829
-9.49204
-9.49289
-9.49045
-9.48435
-9.47424
-9.45979
-9.44072
-9.41675
-9.38763
-9.35313
-9.31304
-9.26716
-9.21531
-9.15732
-9.09304
-9.02232
-8.94503
-8.86103
-8.77021
-8.67247
-8.56772
-8.45588
-8.33688
-8.2107
-8.07733
-7.93678
-7.7891
-7.63437
-7.47273
-7.30433
-7.12938
-6.94812
-6.76085
-6.56791
-6.36967
-6.16655
-5.959
-5.7475
-5.53256
-5.31473
-5.09456
-4.87262
-4.6495
-4.42582
-4.20216
-3.97916
-3.75742
-3.53753
-3.32005
-3.10553
-2.89443
-2.68719
-2.48418
-2.28575
-2.09222
-1.90386
-1.72093
-1.54365
-1.3722
-1.2067
-1.04731
-0.89395
-0.747056
-0.605831
-0.472681
-0.343024
-0.230319
-0.107454
-0.0508171
-9.17299
-9.18576
-9.19835
-9.21067
-9.22265
-9.23422
-9.24533
-9.25593
-9.26601
-9.27557
-9.28463
-9.29328
-9.30161
-9.30972
-9.31772
-9.32574
-9.33391
-9.34239
-9.35128
-9.36066
-9.37056
-9.38094
-9.39177
-9.40286
-9.41398
-9.42486
-9.4352
-9.44464
-9.45282
-9.45935
-9.46382
-9.46585
-9.46504
-9.46101
-9.45342
-9.44193
-9.42621
-9.40597
-9.38095
-9.3509
-9.31557
-9.27477
-9.22828
-9.17593
-9.11754
-9.05296
-8.98205
-8.90465
-8.82066
-8.72995
-8.63242
-8.52798
-8.41656
-8.29811
-8.1726
-8.04002
-7.90039
-7.75376
-7.60023
-7.43991
-7.27298
-7.09964
-6.92013
-6.73474
-6.5438
-6.34768
-6.14679
-5.94156
-5.73247
-5.52003
-5.30473
-5.08714
-4.86779
-4.64726
-4.42612
-4.20496
-3.98435
-3.76488
-3.5471
-3.33155
-3.11873
-2.90909
-2.70305
-2.50097
-2.3032
-2.11004
-1.92178
-1.73869
-1.56098
-1.38888
-1.22252
-1.0621
-0.907586
-0.759419
-0.61696
-0.482407
-0.351692
-0.237189
-0.113367
-0.0533823
-9.16772
-9.18011
-9.19231
-9.20426
-9.2159
-9.22717
-9.23803
-9.24842
-9.25835
-9.26781
-9.27682
-9.28543
-9.29371
-9.30179
-9.30974
-9.31768
-9.32571
-9.33391
-9.3424
-9.3512
-9.36036
-9.36986
-9.37961
-9.38946
-9.3992
-9.40858
-9.41732
-9.4251
-9.43158
-9.43639
-9.43917
-9.43953
-9.43711
-9.43156
-9.42252
-9.40967
-9.39271
-9.37134
-9.34529
-9.31432
-9.27819
-9.23668
-9.1896
-9.13676
-9.07799
-9.01313
-8.94202
-8.86454
-8.78056
-8.68996
-8.59265
-8.48854
-8.37756
-8.25966
-8.13482
-8.00303
-7.86433
-7.71876
-7.56642
-7.40744
-7.24198
-7.07024
-6.89248
-6.70896
-6.52003
-6.32603
-6.12737
-5.92448
-5.71782
-5.50787
-5.29513
-5.08012
-4.86338
-4.64546
-4.42689
-4.20825
-3.99007
-3.7729
-3.55727
-3.34367
-3.13259
-2.92445
-2.71964
-2.51852
-2.32144
-2.12868
-1.94055
-1.75731
-1.5792
-1.40645
-1.23925
-1.07779
-0.922128
-0.772679
-0.62895
-0.492957
-0.361051
-0.244658
-0.119512
-0.0561166
-9.16252
-9.17455
-9.1864
-9.19802
-9.20934
-9.22032
-9.23093
-9.24112
-9.25089
-9.26023
-9.26915
-9.27769
-9.2859
-9.29387
-9.3017
-9.30947
-9.31726
-9.32514
-9.33318
-9.34142
-9.34987
-9.3585
-9.36722
-9.37588
-9.3843
-9.39225
-9.39947
-9.40566
-9.4105
-9.41366
-9.41479
-9.41354
-9.40956
-9.40251
-9.39205
-9.37788
-9.35968
-9.33717
-9.3101
-9.2782
-9.24126
-9.19904
-9.15135
-9.09801
-9.03884
-8.97367
-8.90237
-8.82478
-8.7408
-8.65031
-8.55321
-8.44941
-8.33886
-8.22151
-8.09734
-7.96635
-7.82856
-7.68405
-7.5329
-7.37524
-7.21124
-7.04111
-6.86508
-6.68343
-6.49649
-6.30461
-6.10819
-5.90763
-5.70339
-5.49593
-5.28575
-5.07335
-4.85923
-4.64393
-4.42796
-4.21185
-3.99612
-3.78128
-3.56782
-3.35621
-3.1469
-2.94028
-2.73674
-2.53663
-2.34025
-2.14792
-1.95993
-1.77656
-1.59806
-1.42469
-1.25664
-1.09416
-0.937341
-0.786606
-0.641578
-0.504115
-0.370903
-0.252557
-0.125768
-0.0589681
-9.15722
-9.16891
-9.18042
-9.1917
-9.20271
-9.21342
-9.22377
-9.23375
-9.24334
-9.25253
-9.26133
-9.26977
-9.27789
-9.28573
-9.29339
-9.30092
-9.30841
-9.31591
-9.32348
-9.33115
-9.3389
-9.34667
-9.35438
-9.3619
-9.36906
-9.37564
-9.38139
-9.38606
-9.38934
-9.39091
-9.39046
-9.38765
-9.38216
-9.37365
-9.36181
-9.34633
-9.32692
-9.30331
-9.27522
-9.24241
-9.20465
-9.16173
-9.11344
-9.0596
-9.00002
-8.93455
-8.86305
-8.78536
-8.70138
-8.61099
-8.51409
-8.41061
-8.30049
-8.18368
-8.06017
-7.92995
-7.79308
-7.64961
-7.49963
-7.34329
-7.18074
-7.01219
-6.83788
-6.65809
-6.47313
-6.28336
-6.08915
-5.89092
-5.68909
-5.48413
-5.27651
-5.06671
-4.85522
-4.64255
-4.42919
-4.21563
-4.00237
-3.78988
-3.57862
-3.36902
-3.16151
-2.95645
-2.75421
-2.5551
-2.35946
-2.16757
-1.97974
-1.79625
-1.61736
-1.44336
-1.27448
-1.11097
-0.952989
-0.800963
-0.654608
-0.51565
-0.381029
-0.260688
-0.131996
-0.0618657
-9.15194
-9.1633
-9.17449
-9.18546
-9.19618
-9.20661
-9.21671
-9.22647
-9.23587
-9.24489
-9.25355
-9.26186
-9.26985
-9.27756
-9.28504
-9.29234
-9.29951
-9.30662
-9.31371
-9.32078
-9.3278
-9.33472
-9.34144
-9.34785
-9.35378
-9.35903
-9.36338
-9.36658
-9.36836
-9.36841
-9.36643
-9.36212
-9.35515
-9.34523
-9.33204
-9.31528
-9.29468
-9.26996
-9.24086
-9.20714
-9.16858
-9.12494
-9.07604
-9.02168
-8.96169
-8.89591
-8.82419
-8.74639
-8.66239
-8.57208
-8.47538
-8.3722
-8.26248
-8.1462
-8.02333
-7.89388
-7.7579
-7.61545
-7.46663
-7.31158
-7.15046
-6.98347
-6.81086
-6.63291
-6.44991
-6.26222
-6.07022
-5.87429
-5.67487
-5.4724
-5.26733
-5.06013
-4.85128
-4.64124
-4.4305
-4.21951
-4.00873
-3.79861
-3.58957
-3.38201
-3.17632
-2.97284
-2.77191
-2.57384
-2.37894
-2.18751
-1.99983
-1.81621
-1.63694
-1.4623
-1.29256
-1.12802
-0.968861
-0.815526
-0.667809
-0.527329
-0.391209
-0.268843
-0.138052
-0.0647177
-9.14666
-9.15771
-9.16859
-9.17926
-9.18969
-9.19985
-9.2097
-9.21923
-9.22842
-9.23726
-9.24575
-9.2539
-9.26172
-9.26925
-9.27652
-9.28357
-9.29043
-9.29714
-9.30373
-9.31019
-9.31648
-9.32255
-9.32831
-9.33364
-9.33839
-9.34237
-9.34538
-9.34717
-9.3475
-9.34609
-9.34264
-9.33687
-9.32849
-9.31719
-9.30268
-9.28468
-9.26291
-9.23711
-9.20701
-9.17239
-9.13302
-9.08867
-9.03915
-8.98428
-8.92387
-8.85777
-8.78582
-8.70789
-8.62387
-8.53364
-8.43711
-8.33422
-8.2249
-8.10912
-7.98687
-7.85818
-7.72307
-7.58162
-7.43393
-7.28014
-7.12042
-6.95497
-6.78404
-6.60788
-6.42682
-6.24119
-6.05136
-5.85773
-5.66069
-5.46069
-5.25817
-5.05357
-4.84735
-4.63995
-4.43184
-4.22343
-4.01515
-3.80742
-3.60062
-3.39511
-3.19126
-2.98938
-2.78978
-2.59275
-2.3986
-2.20762
-2.0201
-1.83634
-1.65666
-1.48136
-1.31075
-1.14515
-0.984779
-0.830108
-0.680987
-0.538946
-0.401244
-0.276832
-0.143806
-0.0674285
-9.14133
-9.15208
-9.16266
-9.17304
-9.18319
-9.19308
-9.20268
-9.21198
-9.22095
-9.22958
-9.23787
-9.24583
-9.25346
-9.26077
-9.2678
-9.27456
-9.28108
-9.28738
-9.29346
-9.29931
-9.30489
-9.31014
-9.31498
-9.31928
-9.3229
-9.32567
-9.32739
-9.32785
-9.3268
-9.32398
-9.31913
-9.31197
-9.30221
-9.28958
-9.2738
-9.25459
-9.23167
-9.20481
-9.17374
-9.13822
-9.09805
-9.05299
-9.00286
-8.94746
-8.88663
-8.82019
-8.74801
-8.66994
-8.58588
-8.49571
-8.39934
-8.29671
-8.18777
-8.07248
-7.95084
-7.82286
-7.6886
-7.54812
-7.40154
-7.24899
-7.09063
-6.92669
-6.75739
-6.58301
-6.40385
-6.22026
-6.03258
-5.8412
-5.64653
-5.44899
-5.249
-5.04699
-4.8434
-4.63865
-4.43317
-4.22735
-4.02159
-3.81626
-3.61172
-3.40829
-3.2063
-3.00603
-2.80777
-2.6118
-2.4184
-2.22786
-2.04047
-1.85655
-1.67643
-1.50045
-1.32892
-1.16222
-1.00061
-0.844556
-0.69398
-0.550335
-0.410973
-0.284494
-0.149162
-0.0699153
-9.13608
-9.14654
-9.15684
-9.16694
-9.17682
-9.18645
-9.1958
-9.20486
-9.2136
-9.22201
-9.23008
-9.23782
-9.24522
-9.25229
-9.25905
-9.2655
-9.27166
-9.27753
-9.2831
-9.28835
-9.29323
-9.29769
-9.30162
-9.30493
-9.30748
-9.30909
-9.30959
-9.30876
-9.30639
-9.30224
-9.29604
-9.28753
-9.27646
-9.26255
-9.24553
-9.22513
-9.20111
-9.1732
-9.14116
-9.10477
-9.06379
-9.01803
-8.96728
-8.91136
-8.85009
-8.78331
-8.71087
-8.63266
-8.54853
-8.4584
-8.36218
-8.25979
-8.1512
-8.03637
-7.91531
-7.78802
-7.65458
-7.51504
-7.36952
-7.21817
-7.06114
-6.89866
-6.73096
-6.55832
-6.38103
-6.19942
-6.01386
-5.82471
-5.63239
-5.43728
-5.2398
-5.04038
-4.83941
-4.63731
-4.43446
-4.23125
-4.02802
-3.82512
-3.62285
-3.42152
-3.22141
-3.02277
-2.82587
-2.63095
-2.4383
-2.24818
-2.06091
-1.8768
-1.69621
-1.51949
-1.347
-1.17915
-1.01623
-0.858756
-0.706666
-0.561363
-0.420272
-0.291707
-0.154052
-0.0721151
-9.13064
-9.14082
-9.15084
-9.16066
-9.17027
-9.17963
-9.18873
-9.19754
-9.20604
-9.21422
-9.22206
-9.22956
-9.23671
-9.24352
-9.24999
-9.25611
-9.26189
-9.26732
-9.27237
-9.27702
-9.28123
-9.28491
-9.28799
-9.29036
-9.29188
-9.29239
-9.29173
-9.2897
-9.28608
-9.28065
-9.27317
-9.26339
-9.25105
-9.23591
-9.2177
-9.19617
-9.17107
-9.14215
-9.10918
-9.07192
-9.03017
-8.98371
-8.93235
-8.8759
-8.81419
-8.74707
-8.67438
-8.596
-8.5118
-8.4217
-8.3256
-8.22344
-8.11518
-8.00079
-7.88027
-7.75365
-7.62098
-7.48235
-7.33786
-7.18767
-7.03194
-6.87088
-6.70474
-6.53378
-6.35832
-6.17867
-5.99518
-5.80824
-5.61822
-5.42553
-5.23055
-5.0337
-4.83535
-4.6359
-4.4357
-4.23511
-4.03443
-3.83397
-3.63401
-3.43481
-3.2366
-3.0396
-2.84407
-2.65021
-2.45829
-2.26859
-2.0814
-1.89706
-1.71594
-1.53843
-1.36493
-1.19586
-1.03158
-0.872615
-0.718946
-0.57193
-0.429046
-0.298382
-0.158436
-0.0739891
-9.1254
-9.13531
-9.14507
-9.15463
-9.16398
-9.17309
-9.18194
-9.1905
-9.19876
-9.2067
-9.2143
-9.22155
-9.22844
-9.23497
-9.24113
-9.24691
-9.25229
-9.25727
-9.2618
-9.26587
-9.2694
-9.27234
-9.27459
-9.27605
-9.27659
-9.27606
-9.27429
-9.2711
-9.26629
-9.25964
-9.25093
-9.23993
-9.22638
-9.21006
-9.1907
-9.16807
-9.14191
-9.11201
-9.07811
-9.04001
-8.99748
-8.95033
-8.89835
-8.84137
-8.77922
-8.71173
-8.63877
-8.5602
-8.47592
-8.38581
-8.28981
-8.18785
-8.07988
-7.96589
-7.84588
-7.71988
-7.58795
-7.45018
-7.30667
-7.15759
-7.00309
-6.84341
-6.67877
-6.50945
-6.33576
-6.15802
-5.97657
-5.79179
-5.60405
-5.41373
-5.22124
-5.02694
-4.83121
-4.63441
-4.43688
-4.23891
-4.04081
-3.84283
-3.6452
-3.44815
-3.25186
-3.05654
-2.86237
-2.66958
-2.47839
-2.28907
-2.10193
-1.91732
-1.73562
-1.55725
-1.38265
-1.2123
-1.04659
-0.886058
-0.730739
-0.581948
-0.437214
-0.30444
-0.162271
-0.0754935
-9.11976
-9.12941
-9.13891
-9.14821
-9.1573
-9.16616
-9.17476
-9.18308
-9.19109
-9.19879
-9.20614
-9.21313
-9.21975
-9.22599
-9.23183
-9.23725
-9.24224
-9.24676
-9.25079
-9.25428
-9.25718
-9.2594
-9.26086
-9.26146
-9.26107
-9.25954
-9.25673
-9.25246
-9.24653
-9.23874
-9.22887
-9.21671
-9.20202
-9.18457
-9.16412
-9.14043
-9.11328
-9.08242
-9.04764
-9.00872
-8.96544
-8.91761
-8.86504
-8.80753
-8.74494
-8.67709
-8.60386
-8.5251
-8.44071
-8.3506
-8.25467
-8.15288
-8.04519
-7.93157
-7.81204
-7.68663
-7.5554
-7.41845
-7.27588
-7.12785
-6.97455
-6.81619
-6.653
-6.48528
-6.31331
-6.13742
-5.95797
-5.7753
-5.58981
-5.40185
-5.21182
-5.02007
-4.82695
-4.63281
-4.43795
-4.24265
-4.04715
-3.85167
-3.65641
-3.46154
-3.26722
-3.07359
-2.88081
-2.68908
-2.49861
-2.30965
-2.12252
-1.93757
-1.75522
-1.57592
-1.40015
-1.22843
-1.0612
-0.899034
-0.741994
-0.59137
-0.444738
-0.309849
-0.165558
-0.0766375
-9.11468
-9.12409
-9.13334
-9.1424
-9.15125
-9.15986
-9.16822
-9.17629
-9.18405
-9.19149
-9.19858
-9.2053
-9.21164
-9.21757
-9.22307
-9.22812
-9.2327
-9.23677
-9.24029
-9.24321
-9.24547
-9.24699
-9.24769
-9.24746
-9.24618
-9.24371
-9.2399
-9.23458
-9.22758
-9.2187
-9.20773
-9.19446
-9.17867
-9.16013
-9.13863
-9.11392
-9.08579
-9.05401
-9.01836
-8.97862
-8.9346
-8.8861
-8.83291
-8.77488
-8.71183
-8.64361
-8.57008
-8.49111
-8.40659
-8.31642
-8.22054
-8.11888
-8.01141
-7.89812
-7.77902
-7.65414
-7.52356
-7.38735
-7.24566
-7.09863
-6.94645
-6.78934
-6.62754
-6.46133
-6.29102
-6.11693
-5.93941
-5.75882
-5.57552
-5.38989
-5.20229
-5.01307
-4.82257
-4.6311
-4.43893
-4.2463
-4.05344
-3.86051
-3.66767
-3.47502
-3.28269
-3.09078
-2.89941
-2.70875
-2.51898
-2.33035
-2.14317
-1.95782
-1.77474
-1.59442
-1.41738
-1.2442
-1.07535
-0.911455
-0.752611
-0.600083
-0.451499
-0.314483
-0.168172
-0.0773019
-9.10887
-9.11805
-9.12706
-9.13588
-9.14449
-9.15287
-9.16098
-9.16881
-9.17634
-9.18353
-9.19036
-9.19682
-9.20287
-9.2085
-9.21367
-9.21837
-9.22255
-9.22618
-9.2292
-9.23158
-9.23324
-9.2341
-9.23408
-9.23308
-9.23096
-9.22761
-9.22287
-9.21659
-9.20859
-9.19869
-9.18668
-9.17238
-9.15556
-9.13601
-9.11351
-9.08784
-9.05878
-9.02612
-8.98964
-8.94914
-8.9044
-8.85525
-8.80148
-8.74294
-8.67944
-8.61085
-8.53702
-8.45783
-8.37317
-8.28295
-8.18709
-8.08555
-7.97828
-7.86529
-7.74658
-7.62219
-7.4922
-7.35671
-7.21584
-7.06975
-6.91864
-6.76272
-6.60225
-6.4375
-6.26879
-6.09645
-5.92081
-5.74224
-5.5611
-5.37777
-5.19258
-5.00589
-4.81801
-4.62921
-4.43977
-4.24987
-4.05969
-3.86936
-3.67898
-3.48862
-3.29833
-3.10818
-2.91825
-2.72865
-2.53957
-2.35124
-2.16397
-1.97816
-1.79426
-1.61283
-1.43442
-1.25966
-1.08911
-0.923409
-0.762695
-0.608213
-0.457642
-0.318499
-0.17027
-0.0776538
-9.10416
-9.1131
-9.12188
-9.13047
-9.13883
-9.14697
-9.15483
-9.16241
-9.16968
-9.17661
-9.18317
-9.18934
-9.19509
-9.2004
-9.20523
-9.20954
-9.21331
-9.21649
-9.21902
-9.22086
-9.22192
-9.22214
-9.22142
-9.21966
-9.21674
-9.21254
-9.20691
-9.1997
-9.19075
-9.17987
-9.16687
-9.15157
-9.13376
-9.11323
-9.08977
-9.06317
-9.03322
-8.9997
-8.96241
-8.92114
-8.8757
-8.82589
-8.77154
-8.71246
-8.64851
-8.57952
-8.50537
-8.42592
-8.34109
-8.25076
-8.15488
-8.0534
-7.94628
-7.83352
-7.71513
-7.59117
-7.4617
-7.32684
-7.18671
-7.04148
-6.89134
-6.73653
-6.57729
-6.41392
-6.24672
-6.07604
-5.90221
-5.7256
-5.54657
-5.36548
-5.18268
-4.9985
-4.81323
-4.62714
-4.44044
-4.25331
-4.06587
-3.8782
-3.69035
-3.50232
-3.31413
-3.12578
-2.93731
-2.7488
-2.56038
-2.3723
-2.18487
-1.99849
-1.81367
-1.63098
-1.45106
-1.27459
-1.1022
-0.934573
-0.771885
-0.615368
-0.462746
-0.321445
-0.171358
-0.0772337
-9.09808
-9.10683
-9.1154
-9.12378
-9.13194
-9.13986
-9.14751
-9.15487
-9.1619
-9.16859
-9.17491
-9.18082
-9.18629
-9.1913
-9.19581
-9.19978
-9.20317
-9.20593
-9.20801
-9.20934
-9.20986
-9.20948
-9.20812
-9.20567
-9.20202
-9.19704
-9.1906
-9.18254
-9.17271
-9.16094
-9.14703
-9.13082
-9.11209
-9.09066
-9.06631
-9.03884
-9.00805
-8.97373
-8.93568
-8.89369
-8.84758
-8.79715
-8.74223
-8.68265
-8.61826
-8.54889
-8.47442
-8.39473
-8.30971
-8.21927
-8.12336
-8.02192
-7.91492
-7.80236
-7.68426
-7.56069
-7.4317
-7.29742
-7.15797
-7.01354
-6.86432
-6.71055
-6.55248
-6.39042
-6.22468
-6.0556
-5.88353
-5.70883
-5.53187
-5.35301
-5.17259
-4.99093
-4.8083
-4.62494
-4.44105
-4.25675
-4.07214
-3.88722
-3.70199
-3.51641
-3.3304
-3.14393
-2.95698
-2.76958
-2.58185
-2.394
-2.20637
-2.01937
-1.83354
-1.6495
-1.46797
-1.2897
-1.11538
-0.945753
-0.781037
-0.622445
-0.467731
-0.324241
-0.172273
-0.0767654
-9.09374
-9.10225
-9.1106
-9.11874
-9.12666
-9.13434
-9.14174
-9.14884
-9.15562
-9.16205
-9.16808
-9.1737
-9.17888
-9.18356
-9.18772
-9.19132
-9.19431
-9.19664
-9.19825
-9.19908
-9.19905
-9.19808
-9.19609
-9.19297
-9.18861
-9.18288
-9.17566
-9.16679
-9.15612
-9.14348
-9.12871
-9.11162
-9.09202
-9.06972
-9.04451
-9.01621
-8.98461
-8.94951
-8.91071
-8.86801
-8.82124
-8.77019
-8.71471
-8.65461
-8.58975
-8.51997
-8.44515
-8.36517
-8.27992
-8.18932
-8.09331
-7.99184
-7.88489
-7.77245
-7.65456
-7.53127
-7.40266
-7.26884
-7.12997
-6.98622
-6.8378
-6.68495
-6.52793
-6.36706
-6.20266
-6.03507
-5.86465
-5.69178
-5.51681
-5.34012
-5.16203
-4.98286
-4.80287
-4.62228
-4.44124
-4.25984
-4.07812
-3.89604
-3.71353
-3.53047
-3.34673
-3.16219
-2.97678
-2.79048
-2.60339
-2.4157
-2.22773
-2.03995
-1.85292
-1.66732
-1.48396
-1.30369
-1.12727
-0.955513
-0.788682
-0.627971
-0.471129
-0.325413
-0.171497
-0.0748477
-9.08715
-9.09552
-9.10369
-9.11166
-9.1194
-9.12689
-9.1341
-9.141
-9.14757
-9.15378
-9.15959
-9.16497
-9.16989
-9.1743
-9.17817
-9.18145
-9.18409
-9.18605
-9.18725
-9.18763
-9.18712
-9.18564
-9.18309
-9.17938
-9.17439
-9.168
-9.16008
-9.15048
-9.13907
-9.12567
-9.11012
-9.09224
-9.07185
-9.04876
-9.02278
-8.99372
-8.96138
-8.92557
-8.88608
-8.84274
-8.79535
-8.74374
-8.68773
-8.62715
-8.56185
-8.4917
-8.41655
-8.3363
-8.25084
-8.16008
-8.06398
-7.96248
-7.85557
-7.74325
-7.62554
-7.50252
-7.37427
-7.2409
-7.10258
-6.95947
-6.81181
-6.65984
-6.50384
-6.34413
-6.18103
-6.0149
-5.84612
-5.67506
-5.5021
-5.32759
-5.15188
-4.97527
-4.798
-4.62027
-4.44221
-4.26387
-4.08522
-3.90618
-3.72658
-3.54624
-3.36495
-3.18253
-2.99882
-2.81376
-2.6274
-2.43993
-2.25166
-2.06308
-1.8748
-1.68757
-1.50227
-1.31985
-1.14119
-0.967178
-0.798123
-0.635205
-0.476128
-0.328052
-0.171777
-0.0737285
-9.08274
-9.09086
-9.09883
-9.10657
-9.11408
-9.12133
-9.1283
-9.13496
-9.14128
-9.14722
-9.15276
-9.15786
-9.16248
-9.16658
-9.17012
-9.17305
-9.17533
-9.17689
-9.17767
-9.1776
-9.17661
-9.17462
-9.17153
-9.16724
-9.16164
-9.15461
-9.14603
-9.13575
-9.12363
-9.10951
-9.09323
-9.07461
-9.05348
-9.02965
-9.00294
-8.97316
-8.94011
-8.90361
-8.86347
-8.81949
-8.7715
-8.71932
-8.66277
-8.6017
-8.53595
-8.46537
-8.38985
-8.30927
-8.22352
-8.13254
-8.03625
-7.93462
-7.82763
-7.71529
-7.59764
-7.47473
-7.34667
-7.21358
-7.07562
-6.93297
-6.78588
-6.63459
-6.47941
-6.32065
-6.15866
-5.99382
-5.8265
-5.65709
-5.48599
-5.31356
-5.14014
-4.96602
-4.79146
-4.61661
-4.44156
-4.26634
-4.09084
-3.91491
-3.73831
-3.56078
-3.38201
-3.20173
-3.01971
-2.83583
-2.65011
-2.4627
-2.27397
-2.08441
-1.89469
-1.70565
-1.51828
-1.33368
-1.15282
-0.976657
-0.805553
-0.640653
-0.479539
-0.329207
-0.170066
-0.0710934
-9.07504
-9.08305
-9.09083
-9.0984
-9.10575
-9.11284
-9.11965
-9.12614
-9.13228
-9.13804
-9.14339
-9.14829
-9.15269
-9.15657
-9.15986
-9.16253
-9.16452
-9.16577
-9.16621
-9.16579
-9.16441
-9.162
-9.15846
-9.15369
-9.14759
-9.14003
-9.13089
-9.12004
-9.10732
-9.09259
-9.07568
-9.05643
-9.03466
-9.0102
-8.98287
-8.95247
-8.91882
-8.88174
-8.84103
-8.79652
-8.74802
-8.69536
-8.63838
-8.5769
-8.51078
-8.43988
-8.36408
-8.28327
-8.19733
-8.10621
-8.00984
-7.90818
-7.80123
-7.68898
-7.57149
-7.44882
-7.32108
-7.18838
-7.05091
-6.90885
-6.76246
-6.612
-6.45777
-6.30012
-6.1394
-5.976
-5.81032
-5.64276
-5.47373
-5.30361
-5.13273
-4.9614
-4.78984
-4.61821
-4.44656
-4.27485
-4.10295
-3.9306
-3.75749
-3.58325
-3.40747
-3.22978
-3.04986
-2.8675
-2.68267
-2.4955
-2.30635
-2.11574
-1.92438
-1.73319
-1.54334
-1.35609
-1.17261
-0.994009
-0.820698
-0.653808
-0.490677
-0.338139
-0.174486
-0.0747129
-9.069
-9.07689
-9.08456
-9.09194
-9.09906
-9.10593
-9.11252
-9.11878
-9.12469
-9.13021
-9.13532
-9.13997
-9.14413
-9.14774
-9.15076
-9.15315
-9.15485
-9.15578
-9.1559
-9.15513
-9.15339
-9.15059
-9.14665
-9.14146
-9.13491
-9.12688
-9.11726
-9.1059
-9.09266
-9.0774
-9.05995
-9.04016
-9.01784
-8.99283
-8.96494
-8.93399
-8.89981
-8.86219
-8.82097
-8.77596
-8.72697
-8.67384
-8.6164
-8.55449
-8.48796
-8.41668
-8.34051
-8.25935
-8.1731
-8.08169
-7.98506
-7.88317
-7.77602
-7.66362
-7.54602
-7.42328
-7.29551
-7.16286
-7.02551
-6.88365
-6.73754
-6.58748
-6.43377
-6.27678
-6.11689
-5.9545
-5.79005
-5.62395
-5.45663
-5.28849
-5.11989
-4.95114
-4.78246
-4.614
-4.44577
-4.27771
-4.1096
-3.94112
-3.77187
-3.60137
-3.42911
-3.2546
-3.07743
-2.89732
-2.71418
-2.52812
-2.33953
-2.14898
-1.95717
-1.76509
-1.57404
-1.38538
-1.2004
-1.02037
-0.845795
-0.67781
-0.513457
-0.359351
-0.189283
-0.0873994
-9.05787
-9.06558
-9.07313
-9.08045
-9.08752
-9.09434
-9.10086
-9.10706
-9.1129
-9.11835
-9.12338
-9.12795
-9.13201
-9.13552
-9.13844
-9.1407
-9.14226
-9.14305
-9.143
-9.14205
-9.14011
-9.13711
-9.13293
-9.1275
-9.12069
-9.11239
-9.10248
-9.09083
-9.07729
-9.06171
-9.04395
-9.02384
-9.00122
-8.9759
-8.94772
-8.9165
-8.88206
-8.84421
-8.80277
-8.75757
-8.70843
-8.65518
-8.59765
-8.5357
-8.46917
-8.39792
-8.32184
-8.24081
-8.15475
-8.06358
-7.96724
-7.86571
-7.75897
-7.64705
-7.53
-7.40789
-7.28085
-7.14901
-7.01256
-6.87173
-6.72679
-6.57803
-6.4258
-6.27047
-6.11247
-5.95222
-5.79018
-5.62681
-5.46258
-5.29791
-5.13319
-4.96876
-4.80484
-4.64157
-4.47894
-4.31681
-4.15489
-3.99273
-3.82978
-3.66537
-3.49881
-3.32942
-3.15659
-2.97989
-2.7991
-2.61429
-2.42584
-2.23434
-2.04061
-1.84591
-1.65197
-1.4604
-1.27249
-1.08955
-0.912078
-0.741287
-0.574037
-0.417002
-0.238978
-0.122315
-9.04879
-9.0565
-9.06386
-9.07117
-9.07834
-9.08528
-9.09194
-9.09831
-9.10434
-9.11
-9.11526
-9.12006
-9.12437
-9.12815
-9.13133
-9.13387
-9.13571
-9.13679
-9.13703
-9.13637
-9.13472
-9.132
-9.12811
-9.12295
-9.11641
-9.10838
-9.09873
-9.08733
-9.07403
-9.0587
-9.04117
-9.02129
-8.99889
-8.97379
-8.94583
-8.91482
-8.88058
-8.84293
-8.8017
-8.75669
-8.70775
-8.65469
-8.59736
-8.5356
-8.46926
-8.3982
-8.32231
-8.24148
-8.15561
-8.06464
-7.96852
-7.86722
-7.76073
-7.64909
-7.53236
-7.41062
-7.284
-7.15267
-7.01683
-6.87674
-6.73268
-6.58499
-6.43405
-6.28028
-6.12415
-5.96614
-5.80677
-5.64655
-5.486
-5.3256
-5.16579
-5.00692
-4.84924
-4.69284
-4.53768
-4.38352
-4.22996
-4.07638
-3.92206
-3.76611
-3.60761
-3.44566
-3.27944
-3.10829
-2.93184
-2.75004
-2.56317
-2.37143
-2.17537
-1.97636
-1.7763
-1.57739
-1.38166
-1.19073
-1.00534
-0.826906
-0.65295
-0.489387
-0.313318
-0.159252
-9.07181
-9.08134
-9.09049
-9.09925
-9.10776
-9.11602
-9.12395
-9.13151
-9.13868
-9.14543
-9.1517
-9.15747
-9.16267
-9.16728
-9.17123
-9.17446
-9.17692
-9.17855
-9.17927
-9.17901
-9.17768
-9.17521
-9.17149
-9.16642
-9.15989
-9.15179
-9.142
-9.13037
-9.11678
-9.10107
-9.0831
-9.0627
-9.03971
-9.01396
-8.98528
-8.95348
-8.91839
-8.87983
-8.83763
-8.79159
-8.74156
-8.68735
-8.6288
-8.56576
-8.49808
-8.42563
-8.34827
-8.2659
-8.17843
-8.08579
-7.98792
-7.88479
-7.7764
-7.66277
-7.54397
-7.42007
-7.29121
-7.15755
-7.01929
-6.87669
-6.73002
-6.57964
-6.42592
-6.26928
-6.11018
-5.9491
-5.78656
-5.62306
-5.45911
-5.29518
-5.13167
-4.96892
-4.80713
-4.6464
-4.48662
-4.32756
-4.16876
-4.00962
-3.8494
-3.68724
-3.52227
-3.35363
-3.18059
-3.0026
-2.8194
-2.63102
-2.43819
-2.24167
-2.0419
-1.84007
-1.63813
-1.43829
-1.24257
-1.05256
-0.868944
-0.693024
-0.52297
-0.362892
-0.207426
-0.0497294
-9.50409
-9.51341
-9.52737
-9.5406
-9.55321
-9.56522
-9.57572
-9.58406
-9.59025
-9.5942
-9.59599
-9.5962
-9.59533
-9.59372
-9.5918
-9.58997
-9.58851
-9.58736
-9.58628
-9.58485
-9.58268
-9.58058
-9.58067
-9.58469
-9.59437
-9.61351
-9.64541
-9.69149
-9.75014
-9.81723
-9.88735
-9.95524
-10.0167
-10.0688
-10.11
-10.1399
-10.1586
-10.1667
-10.1647
-10.1531
-10.1324
-10.1029
-10.0651
-10.019
-9.96414
-9.90005
-9.82729
-9.74645
-9.65749
-9.56032
-9.45476
-9.34055
-9.21747
-9.08528
-8.94377
-8.79277
-8.63217
-8.46187
-8.28185
-8.09214
-7.89284
-7.68408
-7.46609
-7.2392
-7.00382
-6.7605
-6.50985
-6.25257
-5.98949
-5.72157
-5.44939
-5.17285
-4.89287
-4.61134
-4.32978
-4.04947
-3.77156
-3.49587
-3.22184
-2.95573
-2.70202
-2.45716
-2.21796
-1.98749
-1.76668
-1.55647
-1.35749
-1.17008
-0.994372
-0.830354
-0.677917
-0.536846
-0.407024
-0.288112
-0.18091
-0.0842863
-0.00589832
0.0650149
0.0686431
0.126699
-9.51349
-9.52902
-9.54398
-9.55804
-9.57087
-9.58196
-9.59155
-9.59913
-9.60535
-9.61041
-9.6138
-9.61437
-9.61239
-9.60894
-9.60508
-9.60181
-9.59988
-9.59947
-9.60004
-9.60074
-9.60042
-9.60117
-9.60596
-9.61245
-9.62554
-9.65286
-9.69879
-9.76276
-9.83942
-9.92127
-10.0011
-10.0738
-10.136
-10.1863
-10.2244
-10.2507
-10.266
-10.271
-10.2664
-10.2526
-10.2299
-10.1984
-10.1579
-10.1082
-10.0499
-9.98506
-9.91388
-9.83551
-9.74985
-9.65676
-9.55582
-9.44651
-9.3285
-9.20145
-9.06513
-8.91932
-8.76387
-8.59868
-8.42369
-8.23893
-8.04444
-7.84036
-7.62687
-7.40427
-7.17293
-6.93334
-6.68606
-6.43175
-6.17118
-5.90519
-5.63502
-5.3619
-5.08584
-4.80732
-4.5277
-4.24802
-3.96888
-3.69011
-3.41191
-3.14032
-2.88552
-2.64332
-2.40796
-2.17908
-1.9592
-1.74921
-1.54973
-1.36116
-1.1837
-1.01741
-0.862223
-0.717973
-0.584595
-0.461669
-0.350081
-0.248014
-0.163094
-0.0813749
-0.0546503
0.0404731
-9.51727
-9.537
-9.55355
-9.5672
-9.57963
-9.59101
-9.60029
-9.60714
-9.61269
-9.61671
-9.61944
-9.62057
-9.62031
-9.61905
-9.61747
-9.61627
-9.61598
-9.61694
-9.61918
-9.62254
-9.62689
-9.63387
-9.64673
-9.66832
-9.70226
-9.74973
-9.80855
-9.87405
-9.94097
-10.0051
-10.0637
-10.1158
-10.1609
-10.199
-10.2301
-10.2541
-10.2707
-10.2797
-10.2809
-10.274
-10.2589
-10.2356
-10.2041
-10.1643
-10.116
-10.0597
-9.99575
-9.92407
-9.84426
-9.75606
-9.65934
-9.55395
-9.43968
-9.3163
-9.18358
-9.04135
-8.88945
-8.72778
-8.55628
-8.37496
-8.18388
-7.98315
-7.77293
-7.5535
-7.32526
-7.08869
-6.8444
-6.59308
-6.33552
-6.07255
-5.80497
-5.53341
-5.25842
-4.98113
-4.70276
-4.42421
-4.1461
-3.86858
-3.59269
-3.32232
-3.06589
-2.8195
-2.58047
-2.34892
-2.12639
-1.91357
-1.71109
-1.51936
-1.33859
-1.16885
-1.01008
-0.862115
-0.724844
-0.597831
-0.481657
-0.374413
-0.28196
-0.190314
-0.139546
-0.0185153
-9.51067
-9.53366
-9.55482
-9.57001
-9.58402
-9.59626
-9.60705
-9.61534
-9.62188
-9.62684
-9.63016
-9.63169
-9.63167
-9.6306
-9.62913
-9.62789
-9.62736
-9.62782
-9.6295
-9.63305
-9.6402
-9.65394
-9.67763
-9.71325
-9.76038
-9.81646
-9.87792
-9.94151
-10.0051
-10.0673
-10.127
-10.1825
-10.2323
-10.2748
-10.3094
-10.3355
-10.3533
-10.3627
-10.3639
-10.3571
-10.3422
-10.3194
-10.2887
-10.2501
-10.2037
-10.1496
-10.0876
-10.0179
-9.94061
-9.85529
-9.76168
-9.6594
-9.54817
-9.42775
-9.29789
-9.15841
-9.00914
-8.84997
-8.68085
-8.50179
-8.31284
-8.11409
-7.90565
-7.68782
-7.46101
-7.22568
-6.98245
-6.73204
-6.47528
-6.213
-5.946
-5.67494
-5.40033
-5.12319
-4.84464
-4.56546
-4.28629
-4.00768
-3.73119
-3.46105
-3.20324
-2.95516
-2.71453
-2.48132
-2.25686
-2.042
-1.83733
-1.64329
-1.46008
-1.28778
-1.12631
-0.9755
-0.835142
-0.704796
-0.584564
-0.472665
-0.37237
-0.271656
-0.19607
-0.0577774
-9.49974
-9.52759
-9.55386
-9.57078
-9.58652
-9.59953
-9.61125
-9.62065
-9.62822
-9.63367
-9.63734
-9.63933
-9.63983
-9.63908
-9.63748
-9.63545
-9.63348
-9.63224
-9.63292
-9.63754
-9.64903
-9.67047
-9.70362
-9.7479
-9.80079
-9.85901
-9.91976
-9.98136
-10.0428
-10.103
-10.1605
-10.2139
-10.2618
-10.3033
-10.3379
-10.3654
-10.3858
-10.3989
-10.4047
-10.4031
-10.3937
-10.3766
-10.3515
-10.3183
-10.2772
-10.2281
-10.171
-10.1057
-10.0322
-9.9503
-9.85983
-9.76044
-9.65191
-9.534
-9.40653
-9.26929
-9.12213
-8.96493
-8.79764
-8.62026
-8.43288
-8.23559
-8.02844
-7.81173
-7.5859
-7.35141
-7.10888
-6.859
-6.60258
-6.3404
-6.07317
-5.80153
-5.52618
-5.24819
-4.96864
-4.68837
-4.40822
-4.12908
-3.85277
-3.5825
-3.32262
-3.07169
-2.8284
-2.59299
-2.36647
-2.14954
-1.94276
-1.74651
-1.56101
-1.3863
-1.22229
-1.06881
-0.925534
-0.792044
-0.667852
-0.551573
-0.443477
-0.335152
-0.236358
-0.0900106
-9.48979
-9.52248
-9.5538
-9.57255
-9.59013
-9.60411
-9.61709
-9.6276
-9.63642
-9.64294
-9.64719
-9.64919
-9.64921
-9.64745
-9.64426
-9.64015
-9.63592
-9.63294
-9.63343
-9.64039
-9.65702
-9.68554
-9.72601
-9.77625
-9.83297
-9.89318
-9.95509
-10.018
-10.0814
-10.1442
-10.205
-10.2618
-10.313
-10.3577
-10.3952
-10.4255
-10.4485
-10.4641
-10.4723
-10.473
-10.4658
-10.4508
-10.428
-10.3972
-10.3582
-10.311
-10.2558
-10.1925
-10.121
-10.0411
-9.95268
-9.85515
-9.7483
-9.63194
-9.50586
-9.36987
-9.22379
-9.06752
-8.90099
-8.72419
-8.5372
-8.34013
-8.13308
-7.91632
-7.69026
-7.45539
-7.21232
-6.96174
-6.70445
-6.44124
-6.17284
-5.89998
-5.62338
-5.34403
-5.06297
-4.78112
-4.49941
-4.21896
-3.94169
-3.67049
-3.40874
-3.15585
-2.91089
-2.67401
-2.44603
-2.22759
-2.01925
-1.82137
-1.63416
-1.45766
-1.29176
-1.13625
-0.990687
-0.854695
-0.727175
-0.607274
-0.492271
-0.378212
-0.259512
-0.112557
-9.48346
-9.52117
-9.55623
-9.57651
-9.59573
-9.61091
-9.6252
-9.63712
-9.64728
-9.655
-9.66015
-9.66242
-9.662
-9.65903
-9.65391
-9.64748
-9.64111
-9.63694
-9.63795
-9.64754
-9.66864
-9.7025
-9.74797
-9.80206
-9.86135
-9.92326
-9.9865
-10.0507
-10.1154
-10.1796
-10.2414
-10.299
-10.3512
-10.397
-10.4361
-10.4684
-10.4939
-10.5125
-10.5239
-10.528
-10.5243
-10.5127
-10.4931
-10.4652
-10.4291
-10.3846
-10.3319
-10.2707
-10.201
-10.1227
-10.0355
-9.93904
-9.83311
-9.71749
-9.59196
-9.45634
-9.31047
-9.15424
-8.98758
-8.8105
-8.62307
-8.42538
-8.21759
-7.99996
-7.77292
-7.53696
-7.29269
-7.0408
-6.78208
-6.51729
-6.2472
-5.97254
-5.69413
-5.41295
-5.13009
-4.84652
-4.56331
-4.28177
-4.00379
-3.73186
-3.46862
-3.21397
-2.96739
-2.72913
-2.49989
-2.28028
-2.07078
-1.87173
-1.68331
-1.50553
-1.33824
-1.18123
-1.03392
-0.895975
-0.765728
-0.642959
-0.522147
-0.404232
-0.269366
-0.127645
-9.48208
-9.52478
-9.56215
-9.58426
-9.60529
-9.62213
-9.63812
-9.6517
-9.66344
-9.67248
-9.67862
-9.68128
-9.68043
-9.67636
-9.66955
-9.6615
-9.65392
-9.6495
-9.65159
-9.66361
-9.68808
-9.72559
-9.77435
-9.83115
-9.89276
-9.95681
-10.0221
-10.0882
-10.155
-10.2211
-10.285
-10.345
-10.3996
-10.4481
-10.4898
-10.5247
-10.5526
-10.5734
-10.5868
-10.5926
-10.5906
-10.5802
-10.5616
-10.5345
-10.4989
-10.455
-10.4027
-10.342
-10.2726
-10.1945
-10.1073
-10.0107
-9.90453
-9.78848
-9.66235
-9.52598
-9.3792
-9.22191
-9.05404
-8.87561
-8.68668
-8.48736
-8.27784
-8.05841
-7.82947
-7.59154
-7.34525
-7.0913
-6.83046
-6.56354
-6.29132
-6.0146
-5.73423
-5.45121
-5.16659
-4.88145
-4.59692
-4.31438
-4.0357
-3.76311
-3.49882
-3.24308
-2.99564
-2.75676
-2.52702
-2.30697
-2.09703
-1.89752
-1.70858
-1.53022
-1.36223
-1.2044
-1.05602
-0.916833
-0.784635
-0.6599
-0.534637
-0.414693
-0.267706
-0.135438
-9.48519
-9.53168
-9.57091
-9.59537
-9.61886
-9.63843
-9.65737
-9.67404
-9.68888
-9.70085
-9.70948
-9.71401
-9.71404
-9.71
-9.70275
-9.69385
-9.6858
-9.6816
-9.68475
-9.69852
-9.72504
-9.76459
-9.81517
-9.87357
-9.93671
-10.0023
-10.0692
-10.1368
-10.2047
-10.2717
-10.3363
-10.3969
-10.4522
-10.5013
-10.5438
-10.5794
-10.608
-10.6294
-10.6435
-10.6498
-10.6481
-10.6382
-10.6201
-10.5934
-10.5583
-10.5147
-10.4624
-10.4015
-10.3316
-10.2527
-10.1646
-10.0669
-9.95941
-9.84191
-9.7142
-9.57608
-9.42743
-9.26814
-9.09817
-8.91753
-8.72629
-8.5246
-8.31266
-8.09078
-7.85939
-7.61904
-7.37036
-7.11407
-6.85095
-6.58182
-6.30749
-6.02879
-5.7466
-5.46196
-5.17593
-4.88964
-4.6043
-4.32133
-4.04252
-3.76989
-3.50534
-3.24928
-3.00167
-2.76279
-2.53316
-2.31329
-2.10354
-1.9042
-1.71536
-1.53702
-1.36892
-1.21085
-1.06198
-0.922142
-0.78867
-0.662752
-0.534293
-0.413825
-0.258355
-0.13795
-9.49186
-9.54307
-9.58373
-9.61076
-9.63659
-9.65913
-9.68142
-9.70189
-9.72085
-9.73707
-9.7499
-9.75823
-9.76146
-9.75916
-9.75234
-9.7448
-9.73823
-9.7356
-9.74044
-9.75579
-9.7835
-9.8239
-9.87522
-9.93434
-9.99825
-10.0647
-10.1323
-10.2005
-10.2685
-10.3354
-10.3997
-10.46
-10.5151
-10.5642
-10.6066
-10.6421
-10.6705
-10.6915
-10.7047
-10.71
-10.7071
-10.6958
-10.676
-10.6478
-10.6109
-10.5654
-10.5112
-10.4482
-10.3763
-10.2953
-10.2049
-10.1049
-9.99496
-9.87495
-9.74463
-9.60383
-9.45242
-9.2903
-9.11745
-8.9339
-8.73974
-8.53513
-8.32032
-8.09564
-7.86155
-7.61861
-7.36747
-7.10886
-6.84359
-6.57247
-6.29635
-6.01609
-5.73262
-5.44697
-5.16023
-4.87353
-4.58813
-4.30545
-4.02721
-3.75524
-3.49121
-3.23566
-2.9887
-2.75062
-2.52187
-2.3029
-2.09403
-1.89549
-1.70736
-1.5296
-1.36194
-1.20415
-1.05531
-0.91534
-0.781204
-0.65479
-0.524269
-0.40446
-0.243679
-0.136199
-9.49537
-9.55062
-9.59599
-9.62873
-9.65961
-9.68792
-9.71658
-9.74393
-9.77
-9.79346
-9.81357
-9.82906
-9.83875
-9.84246
-9.83954
-9.83336
-9.82798
-9.8267
-9.83269
-9.84895
-9.87708
-9.91711
-9.96744
-10.0253
-10.0879
-10.1531
-10.2193
-10.2859
-10.3519
-10.4164
-10.4782
-10.5357
-10.5878
-10.6339
-10.6733
-10.7057
-10.7307
-10.7482
-10.758
-10.76
-10.754
-10.7398
-10.7173
-10.6863
-10.6467
-10.5986
-10.5417
-10.4759
-10.4011
-10.3171
-10.2237
-10.1205
-10.0074
-9.8842
-9.75061
-9.60652
-9.45182
-9.28643
-9.11035
-8.92362
-8.72638
-8.5188
-8.30116
-8.07382
-7.83725
-7.59204
-7.33884
-7.07841
-6.81155
-6.5391
-6.26191
-5.98088
-5.69695
-5.41115
-5.12458
-4.8384
-4.55386
-4.27237
-3.99554
-3.72507
-3.46244
-3.20826
-2.96271
-2.72611
-2.49886
-2.28135
-2.07387
-1.87661
-1.68963
-1.51287
-1.34603
-1.18888
-1.04043
-0.900695
-0.766348
-0.639939
-0.508253
-0.389901
-0.226331
-0.131678
-9.49742
-9.56899
-9.61879
-9.65617
-9.69225
-9.72731
-9.76348
-9.79885
-9.83308
-9.86468
-9.89294
-9.91652
-9.93446
-9.94568
-9.94937
-9.94613
-9.94411
-9.94509
-9.95273
-9.96984
-9.99782
-10.0366
-10.0848
-10.1398
-10.1991
-10.2607
-10.3231
-10.3854
-10.4468
-10.5063
-10.5629
-10.6153
-10.6623
-10.703
-10.7371
-10.7641
-10.7841
-10.7967
-10.8018
-10.7992
-10.7888
-10.7702
-10.7434
-10.7082
-10.6646
-10.6124
-10.5515
-10.4817
-10.4031
-10.3152
-10.2179
-10.111
-9.99423
-9.86734
-9.73017
-9.5826
-9.42451
-9.25587
-9.07667
-8.887
-8.68698
-8.47683
-8.25684
-8.02739
-7.78897
-7.54217
-7.28767
-7.02622
-6.75863
-6.48575
-6.20844
-5.92762
-5.64423
-5.3593
-5.07393
-4.78926
-4.50652
-4.22709
-3.95249
-3.68427
-3.42378
-3.17166
-2.92817
-2.69361
-2.46836
-2.25275
-2.04705
-1.85142
-1.66589
-1.4904
-1.32461
-1.16833
-1.0205
-0.88125
-0.747007
-0.62094
-0.48877
-0.37235
-0.207926
-0.125276
-9.47768
-9.56822
-9.64445
-9.70207
-9.75378
-9.80346
-9.85316
-9.90075
-9.94566
-9.98641
-10.0225
-10.0531
-10.0774
-10.0943
-10.1042
-10.105
-10.103
-10.1028
-10.1085
-10.1229
-10.1472
-10.1813
-10.2238
-10.2724
-10.3249
-10.3794
-10.4345
-10.4893
-10.5429
-10.5945
-10.6428
-10.6869
-10.7258
-10.7587
-10.7853
-10.8052
-10.8184
-10.8245
-10.8235
-10.8151
-10.7991
-10.7753
-10.7434
-10.7035
-10.6553
-10.5987
-10.5335
-10.4597
-10.377
-10.2853
-10.1842
-10.0736
-9.95332
-9.82305
-9.68267
-9.53205
-9.3711
-9.1998
-9.01815
-8.82624
-8.62423
-8.41233
-8.19085
-7.9602
-7.72087
-7.47347
-7.21867
-6.95724
-6.68998
-6.41775
-6.14141
-5.86186
-5.58006
-5.29702
-5.0138
-4.73154
-4.45144
-4.17483
-3.90314
-3.63779
-3.38003
-3.1305
-2.88951
-2.65737
-2.43442
-2.22096
-2.01725
-1.82342
-1.63948
-1.46537
-1.30075
-1.14543
-0.998329
-0.859662
-0.725707
-0.600169
-0.467992
-0.353701
-0.189826
-0.117883
-9.48489
-9.64782
-9.74469
-9.80521
-9.8713
-9.93426
-9.99176
-10.0448
-10.0935
-10.1364
-10.1726
-10.2026
-10.2265
-10.2436
-10.2539
-10.2584
-10.2549
-10.2517
-10.2533
-10.2629
-10.2814
-10.3089
-10.3439
-10.3844
-10.4284
-10.4741
-10.5203
-10.5662
-10.6109
-10.6536
-10.6931
-10.7287
-10.7594
-10.7845
-10.8037
-10.8166
-10.823
-10.8228
-10.8157
-10.8015
-10.78
-10.7509
-10.7141
-10.6694
-10.6167
-10.5558
-10.4866
-10.409
-10.3227
-10.2275
-10.1232
-10.0097
-9.88655
-9.75372
-9.61098
-9.45822
-9.29535
-9.12234
-8.93921
-8.74607
-8.54307
-8.33046
-8.10856
-7.87777
-7.63862
-7.3917
-7.1377
-6.87737
-6.61152
-6.34097
-6.0666
-5.7893
-5.51
-5.22968
-4.94941
-4.67026
-4.39343
-4.12016
-3.85182
-3.58973
-3.33504
-3.08839
-2.85013
-2.62058
-2.40005
-2.18884
-1.98716
-1.79515
-1.61281
-1.44007
-1.2766
-1.12223
-0.975853
-0.837784
-0.704192
-0.579247
-0.447362
-0.335195
-0.172821
-0.110067
-9.44197
-9.67856
-9.91126
-9.99595
-10.088
-10.1746
-10.2388
-10.2878
-10.326
-10.3543
-10.3742
-10.3871
-10.3931
-10.3933
-10.3889
-10.3828
-10.3709
-10.3581
-10.3504
-10.3512
-10.3615
-10.3809
-10.4077
-10.4402
-10.4761
-10.5139
-10.5522
-10.5903
-10.6273
-10.6624
-10.6947
-10.7231
-10.7469
-10.7655
-10.7784
-10.7853
-10.786
-10.7804
-10.7681
-10.7491
-10.7231
-10.6899
-10.6493
-10.601
-10.5451
-10.4812
-10.4093
-10.3291
-10.2405
-10.1432
-10.037
-9.92173
-9.79706
-9.66284
-9.5189
-9.36513
-9.20145
-9.02785
-8.84436
-8.65109
-8.44823
-8.23602
-8.0148
-7.78499
-7.54711
-7.30175
-7.04959
-6.79137
-6.52787
-6.25993
-5.98838
-5.7141
-5.43801
-5.16107
-4.8843
-4.60876
-4.33559
-4.066
-3.80127
-3.54264
-3.29118
-3.04755
-2.81211
-2.58518
-2.36707
-2.15807
-1.95838
-1.76812
-1.5873
-1.41586
-1.25347
-1.09997
-0.954269
-0.816754
-0.683545
-0.559177
-0.427787
-0.31758
-0.157393
-0.102217
)
;

boundaryField
{
    outlet
    {
        type            fixedValue;
        value           uniform 0;
    }
    inlet
    {
        type            zeroGradient;
    }
    lowerWall
    {
        type            zeroGradient;
    }
    upperWall
    {
        type            zeroGradient;
    }
    frontAndBack
    {
        type            empty;
    }
}


// ************************************************************************* //
