/*--------------------------------*- C++ -*----------------------------------*\
| =========                 |                                                 |
| \\      /  F ield         | OpenFOAM: The Open Source CFD Toolbox           |
|  \\    /   O peration     | Version:  4.1                                   |
|   \\  /    A nd           | Web:      www.OpenFOAM.org                      |
|    \\/     M anipulation  |                                                 |
\*---------------------------------------------------------------------------*/
FoamFile
{
    version     2.0;
    format      ascii;
    class       volScalarField;
    location    "1800";
    object      omega;
}
// * * * * * * * * * * * * * * * * * * * * * * * * * * * * * * * * * * * * * //

dimensions      [0 0 -1 0 0 0 0];

internalField   nonuniform List<scalar> 
6820
(
7254.63
8569.06
9629.25
10283
10668.4
10885.8
10995.8
11035
11026.8
10987.3
10927.3
10854.4
10774
10689.7
10604.1
10519.1
10435.8
10355
10277.3
10202.9
10131.9
10064.5
10000.5
9939.94
9882.62
9828.42
9777.2
9728.8
9682.93
9640.14
9596.76
9568.85
9477.11
600.799
1554.22
2092.91
2435.19
2698.34
2895.12
3033.36
3126.97
3188.97
3229.02
3253.95
3268.66
3276.58
3280.07
3280.76
3279.74
3277.77
3275.34
3272.8
3270.36
3268.15
3266.25
3264.7
3263.51
3262.69
3262.24
3262.16
3262.46
3263.2
3264.43
3266.32
3268.82
3274.04
107.108
368.908
596.394
767.386
894.981
993.333
1070.57
1131.54
1179.69
1217.64
1247.46
1270.8
1289.01
1303.18
1314.18
1322.7
1329.28
1334.36
1338.29
1341.35
1343.74
1345.64
1347.19
1348.49
1349.62
1350.65
1351.64
1352.62
1353.64
1354.73
1355.93
1357.25
1358.92
37.6577
108.378
189.201
265.511
332.231
389.334
437.981
479.461
514.908
545.244
571.225
593.484
612.561
628.919
642.952
655.001
665.356
674.265
681.943
688.569
694.3
699.268
703.586
707.351
710.645
713.539
716.095
718.366
720.398
722.232
723.908
725.457
726.928
23.8008
47.5371
77.7008
109.824
141.237
170.722
197.836
222.517
244.873
265.071
283.289
299.702
314.481
327.785
339.76
350.541
360.251
369.002
376.894
384.017
390.453
396.274
401.547
406.328
410.672
414.623
418.225
421.514
424.526
427.292
429.842
432.201
434.406
19.8177
29.4751
42.5078
57.2096
72.4553
87.5719
102.186
116.107
129.248
141.581
153.108
163.852
173.844
183.124
191.733
199.715
207.112
213.966
220.315
226.199
231.652
236.709
241.401
245.756
249.802
253.563
257.064
260.325
263.367
266.208
268.867
271.359
273.705
18.4341
22.8152
29.1685
36.6489
44.6826
52.9063
61.0978
69.1227
76.9009
84.3846
91.5471
98.3753
104.866
111.022
116.85
122.36
127.565
132.478
137.112
141.482
145.602
149.485
153.147
156.599
159.854
162.925
165.823
168.559
171.145
173.589
175.902
178.093
180.172
17.9115
19.9902
23.3042
27.4134
31.9742
36.7598
41.6266
46.4842
51.2743
55.9588
60.5125
64.9192
69.1691
73.2569
77.1804
80.94
84.5374
87.9761
91.2602
94.3945
97.3843
100.235
102.953
105.543
108.011
110.364
112.606
114.743
116.781
118.725
120.58
122.35
124.041
17.7059
18.7013
20.4733
22.8216
25.5371
28.4654
31.5038
34.5854
37.6658
40.7151
43.7129
46.6449
49.5015
52.2761
54.9647
57.5648
60.0754
62.4965
64.8287
67.0735
69.2325
71.3078
73.3018
75.2169
77.0559
78.8213
80.5159
82.1425
83.7038
85.2025
86.6414
88.0227
89.3495
17.6233
18.0951
19.0401
20.3949
22.0449
23.887
25.8451
27.8668
29.9161
31.9683
34.006
36.0167
37.9918
39.9249
41.8117
43.6492
45.4354
47.1691
48.8498
50.4775
52.0524
53.5753
55.047
56.4684
57.8408
59.1653
60.4435
61.6766
62.8661
64.0133
65.1198
66.1868
67.2157
17.5896
17.8082
18.3025
19.0753
20.0762
21.243
22.5218
23.8719
25.2637
26.6759
28.0932
29.5047
30.9021
32.2796
33.6328
34.9585
36.2545
37.5191
38.7514
39.9507
41.1167
42.2492
43.3486
44.4151
45.4492
46.4514
47.4223
48.3627
49.2732
50.1547
51.0078
51.8333
52.6321
17.5758
17.6732
17.924
18.3539
18.9503
19.682
20.5146
21.4186
22.3704
23.3521
24.3503
25.3549
26.3585
27.3555
28.3415
29.3133
30.2685
31.2054
32.1225
33.0191
33.8944
34.748
35.5798
36.3897
37.1777
37.944
38.6889
39.4126
40.1156
40.7981
41.4606
42.1035
42.7271
17.5702
17.6104
17.7324
17.9633
18.3084
18.7568
19.2901
19.889
20.5362
21.2175
21.9217
22.6397
23.3649
24.0918
24.8164
25.5355
26.2466
26.9479
27.6377
28.3151
28.9792
29.6293
30.2652
30.8864
31.4928
32.0844
32.6611
33.2231
33.7704
34.3032
34.8217
35.3261
35.8165
17.5678
17.5817
17.6374
17.7559
17.9479
18.2137
18.5461
18.9343
19.3672
19.8343
20.3268
20.8373
21.3597
21.8894
22.4224
22.9557
23.4869
24.014
24.5354
25.05
25.5569
26.0551
26.5443
27.024
27.4938
27.9535
28.4031
28.8423
29.2713
29.69
30.0984
30.4966
30.8847
17.5669
17.5687
17.5913
17.6483
17.7501
17.9012
18.1009
18.3448
18.6268
18.9402
19.2785
19.6362
20.0084
20.3909
20.7804
21.1739
21.5694
21.9647
22.3585
22.7494
23.1365
23.5189
23.8959
24.2671
24.6321
24.9905
25.342
25.6865
26.024
26.3542
26.6771
26.9927
27.301
17.5665
17.563
17.5695
17.5941
17.6444
17.7258
17.8405
17.9877
18.1651
18.369
18.5955
18.8405
19.1005
19.3722
19.6527
19.9397
20.2311
20.5251
20.8203
21.1156
21.4097
21.7021
21.9918
22.2784
22.5614
22.8404
23.1151
23.3853
23.6507
23.9113
24.1668
24.4172
24.6624
17.5663
17.5605
17.5594
17.5675
17.5897
17.6303
17.6923
17.7769
17.8837
18.0113
18.1577
18.3205
18.4972
18.6856
18.8834
19.0888
19.2999
19.5153
19.7338
19.9541
20.1754
20.3967
20.6176
20.8373
21.0553
21.2713
21.4849
21.6959
21.9039
22.1088
22.3104
22.5086
22.7032
17.5662
17.5595
17.5549
17.5548
17.5621
17.5799
17.6107
17.6561
17.7169
17.7929
17.8836
17.9876
18.1036
18.2302
18.3657
18.5089
18.6583
18.8128
18.9713
19.1329
19.2967
19.4619
19.628
19.7943
19.9605
20.126
20.2906
20.4539
20.6157
20.7757
20.9338
21.0897
21.2435
17.5662
17.559
17.5529
17.5489
17.5487
17.5542
17.5672
17.5891
17.6211
17.6636
17.7166
17.7799
17.8528
17.9345
18.0241
18.1207
18.2233
18.3311
18.4432
18.559
18.6776
18.7985
18.9211
19.045
19.1696
19.2947
19.4198
19.5447
19.6691
19.7928
19.9155
20.0372
20.1576
17.5662
17.5588
17.552
17.5462
17.5424
17.5415
17.5447
17.5532
17.5679
17.5894
17.6181
17.6542
17.6975
17.7477
17.8043
17.8668
17.9347
18.0074
18.0842
18.1648
18.2484
18.3347
18.4233
18.5135
18.6053
18.698
18.7916
18.8857
18.98
19.0743
19.1685
19.2624
19.3558
17.5662
17.5588
17.5516
17.5451
17.5395
17.5354
17.5335
17.5346
17.5394
17.5483
17.562
17.5807
17.6044
17.6332
17.667
17.7055
17.7484
17.7954
17.8462
17.9004
17.9576
18.0175
18.0797
18.1441
18.2101
18.2776
18.3463
18.416
18.4865
18.5575
18.629
18.7006
18.7724
17.5662
17.5587
17.5515
17.5445
17.5381
17.5325
17.5281
17.5253
17.5246
17.5265
17.5312
17.5392
17.5506
17.5656
17.5843
17.6065
17.6322
17.6612
17.6934
17.7286
17.7666
17.807
17.8498
17.8946
17.9413
17.9896
18.0394
18.0905
18.1426
18.1956
18.2494
18.3038
18.3587
17.5662
17.5587
17.5514
17.5443
17.5376
17.5313
17.5256
17.5209
17.5174
17.5153
17.5151
17.517
17.5211
17.5277
17.5369
17.5487
17.5632
17.5804
17.6002
17.6225
17.6471
17.6741
17.7031
17.7342
17.7671
17.8017
17.8378
17.8753
17.914
17.9539
17.9947
18.0363
18.0788
17.5662
17.5587
17.5514
17.5442
17.5373
17.5307
17.5245
17.5189
17.514
17.5101
17.5074
17.506
17.5063
17.5083
17.5122
17.5181
17.5261
17.5363
17.5486
17.563
17.5795
17.5981
17.6186
17.6409
17.665
17.6907
17.718
17.7467
17.7767
17.8079
17.8402
17.8735
17.9077
17.5662
17.5587
17.5514
17.5442
17.5372
17.5306
17.5242
17.5183
17.513
17.5084
17.5048
17.5022
17.501
17.5012
17.503
17.5065
17.5117
17.5189
17.5279
17.5389
17.5517
17.5664
17.5829
17.6012
17.6212
17.6427
17.6657
17.6902
17.716
17.743
17.7711
17.8002
17.8303
17.5662
17.5587
17.5514
17.5442
17.5373
17.5307
17.5244
17.5187
17.5136
17.5094
17.5062
17.5041
17.5034
17.5042
17.5067
17.5108
17.5168
17.5246
17.5343
17.5459
17.5593
17.5746
17.5917
17.6104
17.6308
17.6528
17.6762
17.701
17.727
17.7543
17.7826
17.8119
17.8422
17.5662
17.5587
17.5514
17.5443
17.5376
17.5312
17.5255
17.5205
17.5166
17.5139
17.5127
17.5131
17.5153
17.5194
17.5256
17.5338
17.5442
17.5568
17.5714
17.5881
17.6068
17.6274
17.6498
17.674
17.6998
17.7271
17.7558
17.7858
17.817
17.8493
17.8826
17.9167
17.9517
17.5662
17.5587
17.5515
17.5446
17.5383
17.5328
17.5283
17.5254
17.5242
17.5251
17.5284
17.5344
17.543
17.5544
17.5687
17.5858
17.6056
17.6281
17.6531
17.6805
17.71
17.7417
17.7753
17.8106
17.8475
17.8859
17.9255
17.9663
18.0082
18.0509
18.0944
18.1386
18.1834
17.5662
17.5588
17.5518
17.5455
17.5403
17.5368
17.5355
17.5371
17.542
17.5507
17.5634
17.5803
17.6014
17.6267
17.656
17.689
17.7256
17.7655
17.8084
17.8539
17.902
17.9521
18.0042
18.0579
18.1131
18.1695
18.227
18.2853
18.3443
18.4039
18.4638
18.5241
18.5847
17.5663
17.5591
17.5527
17.548
17.5458
17.5473
17.5535
17.5653
17.5834
17.6079
17.6392
17.677
17.7211
17.771
17.8263
17.8865
17.9509
18.0192
18.0908
18.1652
18.2419
18.3207
18.4011
18.4827
18.5654
18.6488
18.7328
18.817
18.9014
18.9857
19.0699
19.1538
19.2372
17.5663
17.5598
17.5555
17.5552
17.5611
17.5751
17.5988
17.6332
17.6786
17.7349
17.8015
17.8776
17.9624
18.0547
18.1535
18.2578
18.3668
18.4796
18.5954
18.7136
18.8335
18.9548
19.0768
19.1992
19.3218
19.4441
19.566
19.6872
19.8076
19.927
20.0452
20.1623
20.278
17.5666
17.5622
17.5642
17.5767
17.6039
17.6486
17.7124
17.7951
17.896
18.0132
18.145
18.289
18.4433
18.606
18.7753
18.9497
19.1279
19.3087
19.4912
19.6746
19.8581
20.0413
20.2236
20.4047
20.5843
20.7619
20.9376
21.111
21.282
21.4506
21.6165
21.7799
21.9406
17.5674
17.5706
17.5924
17.6417
17.7245
17.8427
17.995
18.1778
18.3868
18.6172
18.8646
19.125
19.3951
19.6719
19.953
20.2365
20.5208
20.8047
21.0871
21.3673
21.6446
21.9185
22.1886
22.4546
22.7164
22.9737
23.2264
23.4745
23.7178
23.9564
24.1903
24.4195
24.644
17.5706
17.6016
17.687
17.8408
18.065
18.3527
18.6933
19.0751
19.4875
19.9213
20.3693
20.8257
21.2861
21.7468
22.2053
22.6598
23.1087
23.5511
23.9861
24.4133
24.8323
25.2428
25.6448
26.038
26.4227
26.7987
27.1661
27.5252
27.8759
28.2184
28.553
28.8797
29.1986
17.5854
17.7219
18.012
18.4558
19.0269
19.692
20.4205
21.1884
21.9779
22.7761
23.5742
24.3656
25.1458
25.912
26.6624
27.3959
28.112
28.8105
29.4912
30.1545
30.8004
31.4292
32.0415
32.6374
33.2175
33.7821
34.3316
34.8666
35.3873
35.8942
36.3878
36.8684
37.3363
17.6614
18.2163
19.1616
20.3924
21.7983
23.2954
24.8285
26.3634
27.8795
29.3645
30.811
32.2141
33.5724
34.8867
36.158
37.3876
38.5772
39.7282
40.8422
41.9207
42.9651
43.9766
44.9567
45.9064
46.827
47.7195
48.5851
49.4247
50.2392
51.0297
51.7969
52.5417
53.265
18.1027
20.3856
23.4854
26.9261
30.4414
33.9035
37.2583
40.4819
43.5648
46.506
49.3035
51.9688
54.5134
56.9473
59.2786
61.5147
63.6615
65.7245
67.7086
69.6179
71.4564
73.2276
74.9348
76.5811
78.1693
79.7022
81.1821
82.6114
83.9925
85.3273
86.6179
87.8661
89.074
21.2182
31.4407
42.4859
53.1245
62.9728
72.0352
80.437
88.1941
95.3422
101.98
108.198
114.053
119.587
124.83
129.807
134.537
139.039
143.329
147.42
151.324
155.054
158.621
162.033
165.3
168.431
171.434
174.315
177.082
179.742
182.299
184.76
187.13
189.415
59.9537
123.961
170.318
207.141
238.336
266.971
293.908
319.087
342.453
364.003
383.807
401.994
418.713
434.117
448.35
461.539
473.801
485.235
495.931
505.966
515.406
524.311
532.732
540.713
548.295
555.512
562.395
568.972
575.266
581.3
587.092
592.661
598.025
1719.4
1778.23
1839.24
1895.41
1945.93
1992.23
2035.28
2075.52
2113.26
2148.7
2182.04
2213.4
2242.93
2270.74
2296.93
2321.61
2344.85
2366.74
2387.37
2406.81
2425.12
2442.37
2458.63
2473.95
2488.38
2501.98
2514.8
2526.87
2538.26
2548.99
2559.1
2568.63
2577.62
9372.64
8893.31
8342.74
7781.32
7246.2
6751.58
6303.19
5899.24
5534.61
5203.45
4900.74
4622.68
4366.57
4130.41
3912.6
3711.7
3526.34
3355.18
3196.98
3050.56
2914.85
2788.89
2671.76
2562.59
2460.57
2364.92
2274.91
2189.86
2109.17
2032.3
1958.74
1888.08
1819.92
1753.92
1689.8
1627.31
1566.22
1506.35
1447.57
1389.76
1332.84
1276.75
1221.48
1167.02
1113.41
1060.68
1008.92
958.217
908.669
860.395
813.523
768.179
724.493
682.586
642.569
604.538
568.571
534.725
503.032
473.502
446.119
420.848
397.633
376.398
357.056
339.507
323.644
309.355
296.523
285.034
274.773
265.63
257.498
250.276
243.869
238.187
233.145
228.667
224.68
221.119
217.923
215.038
212.413
210.006
207.775
205.686
203.709
201.816
199.985
198.195
196.429
194.673
192.915
191.143
189.351
187.529
185.679
183.769
181.958
179.23
3275.1
3321.35
3380.52
3438.19
3501.64
3568.7
3632.09
3683.3
3715.46
3724.18
3707.72
3666.62
3603.12
3520.57
3422.92
3314.31
3198.7
3079.63
2959.97
2841.93
2726.98
2616.02
2509.51
2407.57
2310.13
2217.03
2128.04
2042.9
1961.34
1883.09
1807.87
1735.41
1665.46
1597.78
1532.16
1468.42
1406.39
1345.93
1286.93
1229.31
1173.01
1117.99
1064.23
1011.74
960.555
910.706
862.254
815.268
769.824
726.006
683.899
643.584
605.139
568.631
534.115
501.628
471.194
442.813
416.472
392.134
369.749
349.251
330.559
313.586
298.234
284.402
271.986
260.881
250.983
242.19
234.405
227.534
221.488
216.183
211.54
207.486
203.952
200.873
198.19
195.848
193.797
191.99
190.385
188.944
187.631
186.417
185.274
184.177
183.107
182.044
180.974
179.884
178.762
177.599
176.389
175.122
173.803
172.403
171.054
168.961
1361.05
1366.14
1375.12
1386.8
1400.67
1416.9
1436.3
1460.44
1490.9
1528.46
1573.07
1623.77
1678.66
1735.01
1789.51
1838.66
1879.25
1908.74
1925.55
1929.15
1920.05
1899.49
1869.18
1831.04
1786.91
1738.44
1686.98
1633.6
1579.12
1524.12
1469.03
1414.17
1359.75
1305.94
1252.84
1200.55
1149.11
1098.58
1049
1000.4
952.825
906.32
860.932
816.712
773.721
732.021
691.68
652.764
615.343
579.481
545.24
512.673
481.825
452.727
425.401
399.851
376.069
354.031
333.698
315.021
297.939
282.38
268.268
255.519
244.05
233.774
224.604
216.455
209.246
202.896
197.33
192.477
188.267
184.638
181.528
178.882
176.646
174.769
173.205
171.911
170.844
169.967
169.244
168.643
168.133
167.689
167.284
166.899
166.513
166.111
165.678
165.201
164.67
164.076
163.414
162.675
161.862
160.952
160.048
158.575
728.561
730.477
732.512
734.587
736.702
738.988
741.684
744.986
749.102
754.577
762.006
771.964
784.958
801.367
821.372
844.888
871.506
900.461
930.657
960.74
989.223
1014.65
1035.74
1051.54
1061.44
1065.23
1063.05
1055.29
1042.52
1025.38
1004.55
980.663
954.309
925.999
896.175
865.217
833.45
801.149
768.553
735.87
703.282
670.952
639.027
607.64
576.912
546.956
517.873
489.756
462.688
436.743
411.981
388.455
366.204
345.253
325.616
307.295
290.279
274.545
260.061
246.786
234.67
223.662
213.702
204.73
196.686
189.507
183.133
177.506
172.567
168.263
164.54
161.35
158.644
156.378
154.509
152.998
151.804
150.892
150.226
149.772
149.498
149.373
149.368
149.455
149.609
149.806
150.024
150.243
150.447
150.618
150.743
150.811
150.81
150.732
150.57
150.317
149.975
149.524
149.041
148.158
436.786
439.389
441.881
444.137
446.081
447.728
449.144
450.423
451.629
452.864
454.271
456.008
458.24
461.131
464.846
469.532
475.317
482.284
490.465
499.809
510.177
521.325
532.912
544.51
555.634
565.782
574.474
581.289
585.902
588.091
587.75
584.877
579.557
571.943
562.238
550.671
537.486
522.926
507.231
490.627
473.328
455.531
437.418
419.157
400.899
382.784
364.935
347.464
330.468
314.033
298.231
283.121
268.753
255.161
242.369
230.392
219.233
208.886
199.338
190.569
182.554
175.263
168.665
162.725
157.408
152.677
148.498
144.836
141.655
138.924
136.61
134.682
133.111
131.868
130.926
130.257
129.835
129.635
129.631
129.798
130.111
130.547
131.08
131.69
132.353
133.048
133.757
134.46
135.141
135.785
136.376
136.905
137.359
137.729
138.008
138.189
138.271
138.238
138.141
137.806
276.264
279.054
281.732
284.239
286.52
288.558
290.366
291.972
293.406
294.699
295.893
297.027
298.144
299.281
300.477
301.768
303.193
304.788
306.586
308.618
310.905
313.455
316.258
319.281
322.462
325.716
328.925
331.955
334.653
336.864
338.439
339.241
339.161
338.118
336.065
332.986
328.899
323.847
317.898
311.135
303.655
295.561
286.962
277.967
268.683
259.213
249.653
240.095
230.622
221.308
212.219
203.412
194.937
186.833
179.131
171.855
165.021
158.639
152.711
147.236
142.209
137.62
133.458
129.707
126.354
123.381
120.772
118.509
116.576
114.955
113.628
112.58
111.793
111.251
110.938
110.838
110.932
111.205
111.639
112.216
112.918
113.726
114.622
115.587
116.603
117.65
118.711
119.77
120.809
121.814
122.771
123.667
124.49
125.231
125.881
126.432
126.882
127.217
127.461
127.621
182.462
184.974
187.407
189.734
191.925
193.967
195.858
197.604
199.215
200.702
202.078
203.356
204.546
205.656
206.691
207.656
208.553
209.385
210.156
210.872
211.538
212.162
212.751
213.311
213.844
214.348
214.814
215.226
215.559
215.781
215.853
215.731
215.371
214.725
213.753
212.42
210.699
208.573
206.037
203.096
199.766
196.073
192.05
187.737
183.179
178.424
173.522
168.523
163.476
158.427
153.42
148.496
143.69
139.036
134.559
130.284
126.228
122.405
118.827
115.499
112.427
109.611
107.051
104.745
102.688
100.875
99.3004
97.9581
96.8408
95.9412
95.2518
94.7645
94.4714
94.3642
94.434
94.6718
95.0678
95.6116
96.2921
97.0973
98.0145
99.0299
100.129
101.297
102.519
103.779
105.06
106.347
107.626
108.88
110.096
111.262
112.364
113.391
114.335
115.185
115.938
116.582
117.119
117.709
125.918
127.993
130.02
131.984
133.871
135.673
137.385
139.006
140.539
141.987
143.354
144.643
145.857
146.995
148.057
149.039
149.936
150.744
151.458
152.073
152.587
152.997
153.305
153.511
153.618
153.629
153.548
153.377
153.117
152.767
152.324
151.782
151.133
150.367
149.473
148.439
147.255
145.91
144.399
142.715
140.86
138.837
136.652
134.318
131.849
129.263
126.58
123.822
121.013
118.176
115.335
112.513
109.733
107.013
104.374
101.831
99.4
97.0921
94.9182
92.8864
91.0033
89.2738
87.7013
86.288
85.035
83.9425
83.01
82.2363
81.6198
81.1585
80.8499
80.6913
80.6798
80.812
81.084
81.4916
82.0299
82.6933
83.4754
84.3686
85.3648
86.4544
87.6271
88.8715
90.1753
91.5254
92.9083
94.3102
95.7168
97.1141
98.4885
99.8266
101.116
102.344
103.501
104.577
105.564
106.454
107.225
108.174
90.831
92.4791
94.0996
95.6857
97.2297
98.7256
100.17
101.56
102.897
104.179
105.409
106.585
107.708
108.776
109.786
110.735
111.618
112.43
113.163
113.814
114.376
114.846
115.219
115.495
115.67
115.748
115.727
115.612
115.404
115.106
114.722
114.253
113.701
113.067
112.352
111.556
110.677
109.716
108.67
107.541
106.328
105.034
103.661
102.215
100.7
99.1251
97.4982
95.8299
94.131
92.4136
90.6898
88.9723
87.2735
85.6054
83.9796
82.4068
80.8969
79.4589
78.1006
76.8289
75.6497
74.5681
73.5881
72.713
71.9456
71.2877
70.7411
70.3068
69.9855
69.7776
69.6834
69.7027
69.8353
70.0807
70.4379
70.9057
71.4824
72.1656
72.9523
73.8385
74.8194
75.8891
77.0407
78.2663
79.5565
80.9015
82.2901
83.7106
85.1507
86.5976
88.0385
89.4605
90.8512
92.1981
93.4902
94.7159
95.8679
96.9369
97.8858
99.1148
68.3704
69.6612
70.9377
72.196
73.4317
74.6409
75.821
76.9703
78.0872
79.171
80.2213
81.2374
82.2182
83.1621
84.0665
84.9283
85.7436
86.508
87.2167
87.8648
88.4474
88.9602
89.3991
89.761
90.0434
90.2448
90.3645
90.4028
90.3606
90.2396
90.0419
89.7701
89.4268
89.0148
88.5368
87.9955
87.3933
86.7325
86.0156
85.2447
84.4224
83.5512
82.6344
81.6752
80.6778
79.6468
78.5874
77.5052
76.4067
75.2986
74.1879
73.082
71.9883
70.9141
69.8667
68.8531
67.8798
66.9529
66.0781
65.2606
64.505
63.8153
63.1952
62.6479
62.176
61.7821
61.4681
61.2359
61.087
61.0229
61.0447
61.1538
61.351
61.6372
62.0133
62.4795
63.0362
63.683
64.4191
65.2432
66.153
67.1455
68.2166
69.3613
70.5735
71.846
73.1703
74.5374
75.937
77.3582
78.7897
80.2198
81.6365
83.0278
84.3826
85.6889
86.9382
88.1223
89.1903
90.6212
53.5317
54.5416
55.5448
56.539
57.5216
58.4901
59.4427
60.3777
61.2939
62.1903
63.0661
63.9204
64.7521
65.5597
66.3412
67.0943
67.8159
68.5028
69.1515
69.7582
70.3191
70.8303
71.2886
71.6908
72.0341
72.3165
72.5363
72.6928
72.7855
72.8148
72.7815
72.6869
72.5327
72.321
72.054
71.7343
71.3645
70.9473
70.4855
69.9819
69.4394
68.861
68.2497
67.609
66.9421
66.2528
65.545
64.8227
64.0904
63.3526
62.6141
61.8796
61.1542
60.4427
59.75
59.0807
58.4395
57.8307
57.2582
56.726
56.2375
55.7958
55.4039
55.0645
54.7798
54.5522
54.3835
54.2756
54.2303
54.2491
54.3338
54.4857
54.7065
54.9977
55.3606
55.7966
56.307
56.8926
57.554
58.2915
59.1046
59.9925
60.9533
61.9843
63.0821
64.2418
65.458
66.7238
68.0316
69.3727
70.7377
72.1164
73.4982
74.8721
76.2275
77.5528
78.8387
80.0782
81.2106
82.767
43.4318
44.2254
45.0168
45.8044
46.5866
47.3618
48.1286
48.8859
49.6325
50.3676
51.0904
51.7999
52.4953
53.1753
53.8384
54.4829
55.1065
55.707
56.2818
56.828
57.3429
57.8234
58.267
58.6709
59.0328
59.3505
59.6225
59.8472
60.024
60.1521
60.2316
60.2629
60.2467
60.1841
60.0764
59.9255
59.7333
59.5018
59.2334
58.9305
58.5957
58.2316
57.841
57.4268
56.992
56.5396
56.0729
55.5951
55.1095
54.6197
54.1292
53.6416
53.1605
52.6894
52.2318
51.7912
51.3708
50.9739
50.6034
50.2622
49.9529
49.678
49.4397
49.2402
49.0813
48.965
48.8928
48.8665
48.8875
48.9576
49.0781
49.2507
49.4769
49.7585
50.0971
50.4943
50.9518
51.471
52.0534
52.7
53.4117
54.1888
55.0311
55.9377
56.9071
57.9367
59.0232
60.1622
61.3484
62.5753
63.8358
65.1216
66.424
67.7334
69.0402
70.3339
71.6051
72.8482
73.9966
75.6085
36.3722
36.9998
37.6276
38.2547
38.8799
39.5022
40.1207
40.7343
41.3423
41.9439
42.5384
43.1251
43.7032
44.2717
44.8295
45.3753
45.9076
46.4247
46.9246
47.4054
47.865
48.3013
48.7121
49.0953
49.449
49.7715
50.0611
50.3165
50.5367
50.7208
50.8684
50.9793
51.0535
51.0916
51.0943
51.0624
50.9972
50.9002
50.773
50.6174
50.4353
50.229
50.0006
49.7524
49.487
49.2068
48.9145
48.6128
48.3042
47.9917
47.6779
47.3658
47.0579
46.7572
46.4662
46.1876
45.9239
45.6776
45.4508
45.2457
45.0645
44.9089
44.7807
44.6816
44.6131
44.5767
44.5737
44.6054
44.6732
44.7784
44.9225
45.1066
45.3325
45.6015
45.9154
46.2757
46.6842
47.1426
47.6526
48.2156
48.8331
49.5063
50.2359
51.0222
51.865
52.7635
53.7161
54.7203
55.7729
56.8696
58.0052
59.1738
60.3684
61.5813
62.8045
64.0287
65.2454
66.4503
67.5745
69.1814
31.3254
31.8246
32.3254
32.8273
33.3293
33.8309
34.3313
34.8297
35.3257
35.8184
36.3075
36.7922
37.272
37.7461
38.2137
38.6738
39.1254
39.5671
39.9976
40.4156
40.8194
41.2074
41.5782
41.9301
42.2616
42.5712
42.8577
43.1199
43.3566
43.5672
43.751
43.9075
44.0366
44.1383
44.2128
44.2607
44.2825
44.2791
44.2517
44.2016
44.13
44.0385
43.929
43.8031
43.6628
43.5101
43.3471
43.1759
42.9987
42.8177
42.6351
42.4531
42.274
42.0998
41.9327
41.7748
41.6279
41.494
41.3749
41.2721
41.1873
41.1219
41.0773
41.0547
41.0553
41.0802
41.1305
41.2072
41.3114
41.4442
41.6067
41.8
42.0254
42.2843
42.578
42.9081
43.2762
43.6839
44.1329
44.6249
45.1615
45.7442
46.3743
47.0528
47.7804
48.5574
49.3833
50.2573
51.1776
52.1419
53.1468
54.1882
55.2612
56.3598
57.4779
58.6078
59.7421
60.878
61.9472
63.5008
27.6521
28.0507
28.4518
28.855
29.2596
29.6652
30.0713
30.4772
30.8825
31.2868
31.6896
32.0904
32.4887
32.8839
33.2755
33.6627
34.0447
34.4206
34.7894
35.1502
35.5018
35.843
36.1727
36.4897
36.7928
37.0809
37.353
37.6081
37.8452
38.0638
38.263
38.4425
38.602
38.7412
38.8601
38.9591
39.0383
39.0982
39.1396
39.1633
39.1703
39.1615
39.1384
39.1022
39.0544
38.9966
38.9303
38.8572
38.779
38.6976
38.6146
38.5318
38.4509
38.3737
38.3018
38.2368
38.1803
38.1336
38.0982
38.0754
38.0664
38.0722
38.0938
38.1323
38.1885
38.2632
38.3573
38.4715
38.6065
38.7634
38.9427
39.1457
39.3731
39.6261
39.906
40.2139
40.5514
40.9198
41.3207
41.7557
42.2265
42.7345
43.2813
43.8683
44.4966
45.1671
45.8803
46.6362
47.4343
48.2736
49.1522
50.0677
51.0168
51.9953
52.9987
54.0212
55.0566
56.1037
57.0971
58.5618
24.9424
25.2612
25.5831
25.9075
26.2343
26.5628
26.8929
27.224
27.5558
27.8879
28.22
28.5517
28.8825
29.2121
29.54
29.8657
30.1885
30.5079
30.8232
31.1335
31.4381
31.7362
32.0268
32.3092
32.5824
32.8456
33.0979
33.3387
33.5672
33.7827
33.9848
34.1729
34.3468
34.5061
34.6509
34.7811
34.8968
34.9984
35.0861
35.1607
35.2226
35.2728
35.312
35.3413
35.3617
35.3744
35.3806
35.3817
35.3789
35.3737
35.3674
35.3613
35.3568
35.3554
35.3582
35.3665
35.3815
35.4043
35.4361
35.4776
35.5299
35.5938
35.6699
35.7591
35.8618
35.9787
36.1104
36.2573
36.4202
36.5994
36.7957
37.0098
37.2424
37.4944
37.7667
38.0604
38.3765
38.7165
39.0815
39.4731
39.8926
40.3417
40.8217
41.3342
41.8805
42.4618
43.079
43.7329
44.4236
45.151
45.9145
46.7128
47.544
48.4055
49.2942
50.2059
51.1359
52.0841
52.99
54.3431
22.9262
23.1809
23.4389
23.6999
23.9636
24.2298
24.4981
24.7682
25.0399
25.3128
25.5867
25.8612
26.1362
26.4111
26.6858
26.9598
27.2326
27.5039
27.773
28.0395
28.3028
28.5623
28.8174
29.0673
29.3116
29.5494
29.7803
30.0037
30.2189
30.4255
30.6231
30.8112
30.9896
31.1581
31.3164
31.4645
31.6026
31.7307
31.849
31.958
32.0581
32.1498
32.2337
32.3106
32.3812
32.4465
32.5073
32.5647
32.6196
32.6732
32.7264
32.7804
32.8361
32.8947
32.9571
33.0242
33.097
33.1763
33.2629
33.3574
33.4607
33.5731
33.6952
33.8275
33.9703
34.1241
34.2892
34.466
34.6547
34.8558
35.0696
35.2967
35.5376
35.7929
36.0633
36.3497
36.6529
36.9739
37.3139
37.6741
38.0557
38.4601
38.8886
39.3427
39.8237
40.3329
40.8714
41.4402
42.0402
42.6716
43.3347
44.029
44.7536
45.5072
46.2878
47.0927
47.9184
48.7661
49.5803
50.8107
21.4202
21.6228
21.8289
22.0382
22.2506
22.4657
22.6835
22.9036
23.1258
23.3499
23.5757
23.8029
24.0313
24.2608
24.4909
24.7214
24.9521
25.1826
25.4124
25.6413
25.8688
26.0945
26.3179
26.5386
26.7561
26.97
27.1797
27.3849
27.5852
27.7801
27.9694
28.1527
28.3298
28.5005
28.6647
28.8223
28.9733
29.1178
29.2559
29.388
29.5143
29.6352
29.7511
29.8627
29.9704
30.075
30.1771
30.2775
30.3769
30.4762
30.5762
30.6777
30.7814
30.8882
30.9987
31.1138
31.234
31.36
31.4922
31.6313
31.7776
31.9315
32.0933
32.2632
32.4415
32.6283
32.8239
33.0283
33.2418
33.4645
33.6966
33.9385
34.1904
34.4529
34.7263
35.0113
35.3086
35.6189
35.9431
36.2822
36.6373
37.0095
37.3999
37.81
38.2408
38.6937
39.1698
39.6703
40.1961
40.7481
41.3266
41.9321
42.5642
43.2225
43.9059
44.6129
45.3411
46.0925
46.8172
47.9234
20.2966
20.4568
20.6205
20.7876
20.9578
21.1311
21.3072
21.4861
21.6675
21.8512
22.0372
22.2251
22.415
22.6064
22.7994
22.9936
23.1888
23.3849
23.5814
23.7783
23.9751
24.1717
24.3675
24.5625
24.7561
24.9481
25.1382
25.3261
25.5114
25.6939
25.8733
26.0495
26.2222
26.3914
26.5569
26.7186
26.8766
27.031
27.1819
27.3294
27.4738
27.6153
27.7544
27.8914
28.0268
28.1611
28.2947
28.4284
28.5626
28.698
28.8352
28.9747
29.1173
29.2634
29.4135
29.5683
29.7281
29.8933
30.0644
30.2416
30.4251
30.6151
30.8118
31.0152
31.2255
31.4426
31.6664
31.8971
32.1346
32.379
32.6303
32.8885
33.154
33.4268
33.7074
33.996
34.2933
34.5997
34.9159
35.2426
35.5808
35.9314
36.2953
36.6736
37.0675
37.4781
37.9065
38.3539
38.8211
39.3093
39.8191
40.3512
40.9058
41.483
42.0824
42.7033
43.3442
44.0077
44.6493
45.637
19.4642
19.5898
19.7189
19.8514
19.9872
20.1262
20.2682
20.4132
20.561
20.7115
20.8646
21.0201
21.1779
21.338
21.5
21.664
21.8297
21.997
22.1658
22.3357
22.5066
22.6784
22.8508
23.0236
23.1965
23.3694
23.542
23.7141
23.8856
24.0562
24.2258
24.3943
24.5614
24.7272
24.8917
25.0547
25.2163
25.3766
25.5356
25.6937
25.8508
26.0073
26.1635
26.3197
26.4762
26.6334
26.7917
26.9517
27.1136
27.2781
27.4455
27.6162
27.7908
27.9696
28.1531
28.3414
28.535
28.734
28.9387
29.1491
29.3655
29.5877
29.8159
30.0498
30.2895
30.5348
30.7856
31.0417
31.3029
31.5692
31.8405
32.1166
32.3977
32.6838
32.975
33.2716
33.5737
33.8819
34.1966
34.5183
34.8477
35.1855
35.5326
35.8899
36.2582
36.6386
37.032
37.4396
37.8624
38.3011
38.7569
39.2303
39.7221
40.2325
40.7617
41.3096
41.8753
42.4619
43.0296
43.9096
18.8562
18.954
19.0552
19.1598
19.2677
19.3789
19.4933
19.6107
19.7312
19.8546
19.9809
20.11
20.2417
20.376
20.5128
20.652
20.7936
20.9373
21.0831
21.2308
21.3804
21.5317
21.6845
21.8388
21.9944
22.1511
22.3089
22.4676
22.627
22.7872
22.9479
23.1091
23.2708
23.4329
23.5955
23.7585
23.9221
24.0862
24.251
24.4167
24.5834
24.7514
24.9209
25.0921
25.2654
25.441
25.6194
25.8008
25.9857
26.1743
26.3669
26.5641
26.7659
26.9728
27.1848
27.4024
27.6255
27.8544
28.089
28.3294
28.5755
28.8272
29.0844
29.3468
29.6143
29.8866
30.1634
30.4444
30.7295
31.0183
31.3105
31.6061
31.9049
32.2067
32.5117
32.8197
33.1311
33.4459
33.7646
34.0874
34.4148
34.7475
35.086
35.4311
35.7834
36.144
36.5136
36.8931
37.2835
37.6857
38.1006
38.5289
38.9715
39.4289
39.9016
40.3897
40.893
41.4146
41.9191
42.7053
18.4233
18.4993
18.5786
18.6613
18.7472
18.8365
18.929
19.0246
19.1235
19.2254
19.3304
19.4385
19.5495
19.6633
19.7801
19.8996
20.0219
20.1468
20.2744
20.4045
20.5371
20.672
20.8093
20.9489
21.0906
21.2344
21.3803
21.5282
21.678
21.8297
21.9832
22.1386
22.2959
22.4551
22.6162
22.7792
22.9444
23.1117
23.2813
23.4534
23.6281
23.8057
23.9863
24.1703
24.3578
24.5492
24.7447
24.9446
25.1492
25.3588
25.5737
25.7939
26.0199
26.2517
26.4894
26.7333
26.9833
27.2394
27.5015
27.7696
28.0435
28.323
28.6078
28.8975
29.192
29.4907
29.7934
30.0995
30.4089
30.721
31.0355
31.3521
31.6705
31.9906
32.3122
32.6352
32.9595
33.2853
33.6127
33.942
34.2733
34.6073
34.9442
35.2847
35.6294
35.9789
36.3341
36.6956
37.0643
37.4411
37.8268
38.2222
38.6281
39.0451
39.4739
39.915
40.3684
40.8374
41.2898
41.9978
18.1291
18.189
18.252
18.3183
18.3879
18.4607
18.5368
18.6161
18.6987
18.7845
18.8735
18.9657
19.0611
19.1596
19.2613
19.3661
19.4739
19.5848
19.6987
19.8156
19.9355
20.0583
20.1841
20.3127
20.4443
20.5787
20.7159
20.856
20.999
21.1449
21.2936
21.4453
21.6
21.7577
21.9186
22.0827
22.2502
22.4211
22.5957
22.7742
22.9566
23.1433
23.3344
23.5302
23.7309
23.9368
24.1481
24.3651
24.5879
24.8168
25.0521
25.2938
25.5421
25.7972
26.059
26.3276
26.603
26.885
27.1734
27.4682
27.769
28.0756
28.3875
28.7043
29.0257
29.3511
29.6801
30.0121
30.3467
30.6834
31.0218
31.3613
31.7017
32.0426
32.3836
32.7247
33.0657
33.4064
33.747
34.0874
34.4279
34.7688
35.1103
35.4529
35.797
36.1432
36.4921
36.8443
37.2007
37.5618
37.9285
38.3016
38.6819
39.07
39.4667
39.8726
40.288
40.7164
41.1276
41.7736
17.9486
17.9976
18.0498
18.1051
18.1637
18.2255
18.2905
18.3589
18.4305
18.5054
18.5837
18.6652
18.7501
18.8383
18.9299
19.0248
19.123
19.2246
19.3295
19.4378
19.5495
19.6645
19.7829
19.9048
20.03
20.1588
20.291
20.4268
20.5662
20.7093
20.8561
21.0067
21.1613
21.3199
21.4826
21.6496
21.8211
21.9971
22.178
22.3638
22.5549
22.7513
22.9534
23.1614
23.3755
23.5959
23.8229
24.0567
24.2975
24.5454
24.8008
25.0635
25.3339
25.6118
25.8973
26.1904
26.4909
26.7986
27.1134
27.4349
27.7629
28.0968
28.4364
28.781
29.1301
29.4832
29.8398
30.1991
30.5607
30.9239
31.2882
31.653
32.0179
32.3823
32.746
33.1085
33.4697
33.8292
34.1871
34.5433
34.8979
35.2509
35.6025
35.9531
36.303
36.6527
37.0025
37.3532
37.7052
38.0593
38.4161
38.7764
39.1409
39.5104
39.8856
40.2672
40.6556
41.0546
41.4354
42.0354
17.8665
17.9101
17.9568
18.0067
18.0596
18.1158
18.1753
18.2381
18.3041
18.3736
18.4464
18.5226
18.6023
18.6854
18.772
18.8621
18.9558
19.053
19.1538
19.2583
19.3664
19.4782
19.5938
19.7132
19.8365
19.9638
20.095
20.2304
20.37
20.5139
20.6622
20.8151
20.9726
21.135
21.3024
21.475
21.6529
21.8364
22.0257
22.2209
22.4224
22.6304
22.8451
23.0667
23.2955
23.5317
23.7755
24.0273
24.287
24.555
24.8313
25.1161
25.4093
25.711
26.0212
26.3396
26.6663
27.0009
27.3431
27.6926
28.049
28.4119
28.7806
29.1547
29.5334
29.9163
30.3025
30.6915
31.0825
31.4748
31.8678
32.2608
32.6533
33.0447
33.4344
33.8221
34.2073
34.5899
34.9695
35.3459
35.7193
36.0895
36.4566
36.8209
37.1825
37.5418
37.8993
38.2552
38.6103
38.965
39.32
39.676
40.0337
40.3938
40.7571
41.1244
41.4961
41.8763
42.2366
42.8064
17.8786
17.9224
17.9692
18.0192
18.0723
18.1286
18.1881
18.251
18.3172
18.3868
18.4598
18.5363
18.6163
18.6998
18.787
18.8777
18.9722
19.0703
19.1722
19.278
19.3877
19.5013
19.619
19.7408
19.8668
19.9972
20.132
20.2714
20.4155
20.5644
20.7183
20.8774
21.0418
21.2118
21.3874
21.5691
21.7568
21.951
22.1518
22.3595
22.5744
22.7967
23.0266
23.2645
23.5105
23.765
24.0282
24.3002
24.5812
24.8714
25.171
25.4799
25.7983
26.126
26.4631
26.8093
27.1644
27.5283
27.9004
28.2805
28.668
29.0625
29.4632
29.8697
30.2811
30.6968
31.116
31.5379
31.9618
32.3868
32.8122
33.2373
33.6614
34.0837
34.5037
34.9209
35.3347
35.7447
36.1507
36.5524
36.9496
37.3421
37.7302
38.1137
38.4929
38.868
39.2393
39.6072
39.9722
40.3348
40.6955
41.0551
41.4141
41.7734
42.1338
42.496
42.8606
43.2321
43.5813
44.1365
17.9934
18.0434
18.0963
18.1524
18.2117
18.2742
18.3399
18.409
18.4814
18.5573
18.6366
18.7194
18.8057
18.8957
18.9893
19.0866
19.1876
19.2925
19.4013
19.5141
19.6309
19.7519
19.8772
20.0068
20.141
20.2798
20.4233
20.5719
20.7255
20.8844
21.0488
21.2189
21.3948
21.577
21.7654
21.9606
22.1626
22.3717
22.5883
22.8126
23.0449
23.2855
23.5347
23.7927
24.0599
24.3364
24.6226
24.9186
25.2247
25.5409
25.8674
26.2043
26.5515
26.909
27.2768
27.6546
28.0421
28.4392
28.8453
29.26
29.6828
30.1131
30.5502
30.9934
31.442
31.8951
32.3518
32.8114
33.273
33.7356
34.1984
34.6605
35.1212
35.5796
36.0351
36.487
36.9348
37.3778
37.8157
38.2481
38.6748
39.0956
39.5103
39.9192
40.3221
40.7192
41.1109
41.4975
41.8793
42.2568
42.6307
43.0014
43.3698
43.7366
44.1026
44.4687
44.8355
45.2081
45.5555
46.1118
18.2363
18.2989
18.3646
18.4335
18.5057
18.5811
18.6597
18.7418
18.8272
18.916
19.0083
19.1041
19.2035
19.3065
19.4132
19.5236
19.6379
19.756
19.8782
20.0044
20.1348
20.2695
20.4087
20.5524
20.7009
20.8542
21.0127
21.1764
21.3455
21.5204
21.7012
21.8881
22.0815
22.2815
22.4885
22.7028
22.9247
23.1544
23.3923
23.6387
23.8939
24.1583
24.4321
24.7157
25.0094
25.3135
25.6281
25.9536
26.2901
26.6378
26.9968
27.3671
27.7488
28.1418
28.5459
28.961
29.3868
29.8229
30.2689
30.7242
31.1884
31.6607
32.1403
32.6266
33.1186
33.6155
34.1163
34.6201
35.1259
35.6326
36.1394
36.6452
37.1492
37.6504
38.1481
38.6415
39.1298
39.6125
40.0891
40.5591
41.0221
41.4779
41.9263
42.3673
42.8009
43.2272
43.6465
44.059
44.465
44.8652
45.26
45.65
46.0361
46.4189
46.7994
47.1787
47.5573
47.9412
48.2961
48.8704
18.6555
18.7384
18.8245
18.9139
19.0066
19.1026
19.2019
19.3046
19.4107
19.5202
19.6332
19.7497
19.8698
19.9935
20.1209
20.2521
20.3871
20.5261
20.6691
20.8163
20.9678
21.1238
21.2843
21.4496
21.6198
21.7951
21.9758
22.1621
22.3542
22.5523
22.7568
22.9679
23.186
23.4113
23.6441
23.8848
24.1338
24.3914
24.6579
24.9337
25.2192
25.5148
25.8207
26.1373
26.465
26.804
27.1547
27.5172
27.8919
28.2788
28.678
29.0897
29.5138
29.9502
30.3989
30.8595
31.3317
31.8152
32.3095
32.814
33.3281
33.851
34.382
34.9201
35.4644
36.014
36.5677
37.1246
37.6835
38.2433
38.803
39.3615
39.9177
40.4707
41.0194
41.5631
42.1009
42.6321
43.156
43.6722
44.1802
44.6797
45.1705
45.6523
46.1253
46.5894
47.045
47.4922
47.9314
48.3632
48.788
49.2067
49.6199
50.0287
50.4339
50.8368
51.238
51.6449
52.0179
52.6301
19.3341
19.4466
19.5623
19.6814
19.8038
19.9296
20.0588
20.1913
20.3273
20.4667
20.6096
20.756
20.906
21.0596
21.2169
21.3781
21.5431
21.7121
21.8853
22.0627
22.2445
22.4309
22.6221
22.8182
23.0194
23.226
23.4383
23.6565
23.8808
24.1116
24.3492
24.594
24.8462
25.1062
25.3744
25.6512
25.937
26.2321
26.5371
26.8522
27.1778
27.5145
27.8626
28.2224
28.5943
28.9787
29.3759
29.7861
30.2095
30.6464
31.0969
31.5609
32.0386
32.5297
33.0343
33.5519
34.0822
34.6249
35.1794
35.745
36.321
36.9067
37.5011
38.1032
38.7121
39.3267
39.9457
40.5681
41.1925
41.8179
42.4428
43.0663
43.6871
44.304
44.916
45.5222
46.1215
46.7132
47.2966
47.871
48.4359
48.9908
49.5356
50.0701
50.5941
51.1078
51.6113
52.1049
52.5891
53.0643
53.5313
53.9908
54.4437
54.891
55.334
55.7741
56.2119
56.6568
57.0612
57.7373
20.4114
20.5651
20.7223
20.8828
21.0468
21.2141
21.3848
21.5589
21.7364
21.9174
22.1019
22.2899
22.4816
22.6769
22.8759
23.0788
23.2857
23.4967
23.7118
23.9314
24.1555
24.3844
24.6182
24.8572
25.1016
25.3517
25.6078
25.8702
26.1392
26.4152
26.6985
26.9895
27.2885
27.5961
27.9127
28.2386
28.5743
28.9203
29.277
29.6449
30.0245
30.4161
30.8203
31.2375
31.6679
32.1122
32.5704
33.0431
33.5303
34.0324
34.5494
35.0813
35.6283
36.1901
36.7665
37.3574
37.9623
38.5806
39.2119
39.8555
40.5104
41.1759
41.8509
42.5345
43.2253
43.9223
44.6242
45.3296
46.0372
46.7456
47.4536
48.1597
48.8627
49.5613
50.2544
50.9407
51.6193
52.2891
52.9495
53.5996
54.2389
54.8669
55.4832
56.0877
56.6802
57.2608
57.8297
58.3873
58.934
59.4705
59.9974
60.5158
61.0268
61.5315
62.0316
62.5288
63.0236
63.5287
63.9839
64.7624
22.1249
22.3361
22.5507
22.7687
22.9902
23.2151
23.4434
23.6751
23.9102
24.1488
24.391
24.6367
24.8861
25.1392
25.3962
25.6571
25.9221
26.1913
26.4648
26.743
27.0259
27.3138
27.6069
27.9056
28.21
28.5205
28.8375
29.1613
29.4922
29.8307
30.1772
30.5321
30.8959
31.2691
31.6521
32.0454
32.4496
32.8651
33.2926
33.7324
34.1852
34.6514
35.1315
35.626
36.1354
36.66
37.2002
37.7564
38.3288
38.9176
39.5231
40.1451
40.7837
41.4388
42.1102
42.7975
43.5004
44.2182
44.9503
45.6959
46.4542
47.2242
48.0049
48.7949
49.5931
50.3982
51.2087
52.0232
52.8403
53.6584
54.4761
55.2919
56.1044
56.9121
57.7138
58.5081
59.2939
60.0702
60.8359
61.5902
62.3324
63.0621
63.7787
64.482
65.1719
65.8485
66.512
67.1628
67.8015
68.4289
69.0459
69.6537
70.2537
70.8475
71.4369
72.0245
72.6106
73.2128
73.751
74.6961
24.9005
25.1931
25.4891
25.7886
26.0914
26.3977
26.7073
27.0204
27.3369
27.657
27.9806
28.3079
28.6389
28.9737
29.3125
29.6554
30.0024
30.3539
30.71
31.071
31.4369
31.8083
32.1852
32.5681
32.9572
33.353
33.7558
34.166
34.5842
35.0106
35.446
35.8906
36.3452
36.8102
37.2861
37.7736
38.2733
38.7857
39.3115
39.8511
40.4053
40.9746
41.5595
42.1606
42.7784
43.4134
44.0659
44.7363
45.425
46.1321
46.8579
47.6023
48.3655
49.1471
49.9471
50.7651
51.6005
52.4529
53.3216
54.2056
55.1042
56.0162
56.9406
57.876
58.8212
59.7747
60.7351
61.7009
62.6704
63.6421
64.6143
65.5855
66.554
67.5183
68.4769
69.4284
70.3713
71.3045
72.2267
73.137
74.0346
74.9187
75.7887
76.6445
77.4857
78.3126
79.1253
79.9244
80.7105
81.4848
82.2484
83.0029
83.7501
84.492
85.2313
85.9715
86.7121
87.4799
88.1598
89.3886
29.5619
29.9747
30.3909
30.8103
31.2331
31.6592
32.0887
32.5215
32.9577
33.3975
33.8408
34.2877
34.7384
35.193
35.6516
36.1144
36.5816
37.0534
37.53
38.0117
38.4988
38.9916
39.4905
39.9958
40.508
41.0274
41.5545
42.0899
42.6341
43.1876
43.751
44.3248
44.9098
45.5065
46.1157
46.7379
47.3739
48.0244
48.69
49.3715
50.0696
50.7848
51.5179
52.2694
53.0401
53.8303
54.6406
55.4715
56.3234
57.1964
58.091
59.0072
59.945
60.9045
61.8855
62.8877
63.9107
64.9541
66.0172
67.0995
68.1999
69.3176
70.4516
71.6007
72.7635
73.9389
75.1253
76.3211
77.5248
78.7347
79.9489
81.1659
82.3836
83.6003
84.8141
86.0233
87.2261
88.4208
89.606
90.7802
91.9422
93.091
94.2257
95.3458
96.451
97.5412
98.6168
99.6783
100.727
101.763
102.789
103.807
104.82
105.829
106.839
107.854
108.874
109.939
110.873
112.604
37.8676
38.4695
39.0744
39.6822
40.2928
40.9064
41.5229
42.1424
42.7649
43.3905
44.0194
44.6516
45.2873
45.9266
46.5697
47.2169
47.8683
48.5242
49.185
49.8509
50.5223
51.1996
51.8832
52.5736
53.2714
53.9769
54.6909
55.4139
56.1466
56.8896
57.6437
58.4096
59.188
59.9797
60.7856
61.6065
62.4431
63.2965
64.1674
65.0567
65.9653
66.894
67.8437
68.8152
69.8094
70.827
71.8688
72.9355
74.0278
75.1465
76.2919
77.4648
78.6656
79.8947
81.1523
82.4389
83.7546
85.0994
86.4733
87.8762
89.3079
90.7678
92.2555
93.7702
95.311
96.8768
98.4661
100.078
101.709
103.359
105.025
106.705
108.396
110.095
111.8
113.508
115.215
116.919
118.617
120.307
121.987
123.654
125.307
126.944
128.564
130.168
131.754
133.324
134.878
136.418
137.946
139.463
140.973
142.48
143.987
145.503
147.02
148.607
149.986
152.557
54.0836
55.0081
55.934
56.861
57.7893
58.7188
59.6496
60.5817
61.5152
62.4502
63.3868
64.3253
65.2657
66.2083
67.1533
68.101
69.0518
70.0059
70.9639
71.9261
72.893
73.8652
74.8432
75.8277
76.8195
77.8191
78.8274
79.8453
80.8736
81.9133
82.9654
84.031
85.1111
86.2068
87.3195
88.4504
89.6007
90.7719
91.9654
93.1827
94.4253
95.6949
96.993
98.3215
99.6822
101.077
102.508
103.976
105.485
107.036
108.631
110.272
111.962
113.702
115.496
117.344
119.249
121.213
123.236
125.321
127.468
129.678
131.95
134.284
136.68
139.134
141.646
144.211
146.827
149.488
152.191
154.928
157.694
160.484
163.289
166.104
168.921
171.734
174.536
177.322
180.085
182.821
185.526
188.195
190.826
193.415
195.962
198.464
200.922
203.336
205.706
208.034
210.321
212.572
214.789
216.981
219.137
221.347
223.236
226.651
90.4355
91.9668
93.4935
95.0155
96.5328
98.0454
99.5536
101.057
102.557
104.053
105.546
107.035
108.521
110.006
111.488
112.97
114.451
115.933
117.416
118.901
120.389
121.882
123.38
124.885
126.399
127.922
129.458
131.007
132.572
134.154
135.757
137.383
139.034
140.714
142.426
144.173
145.958
147.786
149.661
151.587
153.568
155.61
157.718
159.896
162.152
164.49
166.916
169.437
172.059
174.787
177.629
180.589
183.674
186.889
190.239
193.727
197.356
201.13
205.048
209.111
213.317
217.662
222.14
226.746
231.47
236.301
241.228
246.236
251.31
256.432
261.586
266.752
271.911
277.045
282.133
287.159
292.104
296.952
301.686
306.293
310.76
315.076
319.23
323.215
327.023
330.649
334.088
337.337
340.394
343.259
345.932
348.414
350.709
352.823
354.76
356.532
358.141
359.635
360.845
362.719
191.978
194.848
197.697
200.526
203.335
206.127
208.903
211.665
214.413
217.151
219.88
222.603
225.322
228.039
230.757
233.48
236.211
238.952
241.708
244.484
247.282
250.108
252.967
255.865
258.806
261.797
264.845
267.957
271.139
274.4
277.748
281.192
284.739
288.401
292.186
296.105
300.168
304.385
308.768
313.327
318.074
323.019
328.172
333.545
339.146
344.986
351.072
357.411
364.009
370.87
377.997
385.39
393.046
400.96
409.124
417.527
426.154
434.986
444.001
453.172
462.469
471.857
481.3
490.755
500.179
509.526
518.747
527.793
536.616
545.166
553.396
561.262
568.721
575.736
582.271
588.3
593.796
598.744
603.128
606.941
610.182
612.852
614.958
616.511
617.527
618.023
618.02
617.542
616.616
615.269
613.531
611.434
609.012
606.297
603.326
600.129
596.778
593.15
589.976
584.142
604.032
610.761
617.449
624.103
630.731
637.34
643.94
650.539
657.145
663.767
670.413
677.093
683.816
690.591
697.427
704.336
711.326
718.408
725.592
732.89
740.312
747.868
755.571
763.43
771.458
779.664
788.06
796.655
805.459
814.481
823.731
833.216
842.942
852.916
863.142
873.624
884.363
895.361
906.614
918.12
929.873
941.866
954.087
966.524
979.161
991.978
1004.95
1018.06
1031.27
1044.55
1057.87
1071.17
1084.42
1097.57
1110.56
1123.33
1135.83
1147.98
1159.73
1171
1181.71
1191.79
1201.18
1209.78
1217.54
1224.38
1230.24
1235.04
1238.75
1241.31
1242.68
1242.83
1241.75
1239.44
1235.9
1231.14
1225.22
1218.16
1210.03
1200.9
1190.85
1179.96
1168.34
1156.09
1143.3
1130.09
1116.56
1102.82
1088.98
1075.12
1061.35
1047.74
1034.39
1021.36
1008.73
996.55
984.901
973.661
963.866
949.212
2587.45
2598.14
2608.41
2618.25
2627.65
2636.61
2645.13
2653.2
2660.83
2668
2674.72
2680.99
2686.8
2692.16
2697.06
2701.5
2705.48
2709
2712.06
2714.66
2716.79
2718.45
2719.65
2720.38
2720.63
2720.41
2719.7
2718.51
2716.84
2714.67
2712
2708.83
2705.14
2700.93
2696.2
2690.93
2685.12
2678.75
2671.82
2664.32
2656.24
2647.57
2638.31
2628.44
2617.95
2606.85
2595.13
2582.79
2569.82
2556.23
2542.03
2527.22
2511.82
2495.84
2479.3
2462.24
2444.69
2426.67
2408.25
2389.46
2370.36
2351.02
2331.51
2311.89
2292.26
2272.68
2253.25
2234.05
2215.17
2196.69
2178.7
2161.28
2144.49
2128.4
2113.06
2098.51
2084.78
2071.89
2059.84
2048.62
2038.21
2028.58
2019.69
2011.49
2003.92
1996.91
1990.41
1984.35
1978.65
1973.26
1968.11
1963.14
1958.3
1953.51
1948.75
1943.93
1939.11
1933.86
1929.58
1920.8
1184.13
289.335
302.462
311.308
314.402
313.328
310.398
306.402
302.502
298.534
294.583
276.369
338.147
303.811
503.054
636.548
741.523
828.326
902.775
968.213
1026.65
1079.32
1127.04
1170.46
1210.1
1246.48
1280.09
1311.36
1340.71
1368.48
1394.97
1420.38
1444.9
1468.66
1491.75
1514.27
1536.3
1557.96
1579.38
1600.67
1621.53
1641.98
1662.06
1681.74
1700.98
1719.73
1737.94
1755.54
1772.47
1788.65
1804.01
1818.47
1831.96
1844.39
1855.68
1865.74
1874.49
1881.87
1887.78
1892.17
1894.98
1896.16
1895.66
1893.46
1889.54
1883.94
1876.66
1867.75
1857.3
1845.74
1834.72
1829.39
1827.41
1824.8
1820.98
1815.98
1809.94
1802.99
1795.23
1786.78
1777.7
1768.09
1758.02
1747.57
1736.81
1725.81
1714.62
1703.3
1691.91
1680.51
1669.13
1657.84
1646.67
1635.68
1624.94
1614.52
1604.57
1595.29
1587.14
1580.1
1220.28
652.619
355.207
226.815
174.083
158.042
166.308
185.415
214.869
271.71
345.76
415.398
481.908
539.922
608.78
646.534
667.418
676.612
678.654
676.77
673.195
669.364
666.131
663.936
662.937
663.117
664.349
666.455
669.242
672.527
676.147
679.974
683.913
687.914
691.974
696.151
700.583
705.493
711.095
717.238
723.409
729.441
735.327
741.051
746.602
751.964
757.123
762.063
766.766
771.216
775.393
779.277
782.847
786.082
788.959
791.454
793.546
795.211
796.43
797.181
797.447
797.212
796.458
795.179
793.368
791.025
788.154
784.77
780.912
776.702
772.405
768.343
764.444
760.488
756.318
751.886
747.194
742.264
737.126
731.806
726.335
720.736
715.035
709.254
703.412
697.528
691.617
685.694
679.772
673.861
667.97
662.106
656.272
650.468
644.691
638.908
633.141
627.02
621.6
609.862
1271.22
450.603
195.284
138.697
127.224
131.005
159.685
218.372
295.875
375.613
440.197
490.091
524.534
546.096
548.905
541.555
529.471
516.122
504.176
495.103
489.409
486.924
487.115
489.339
493.001
497.622
502.857
508.473
514.325
520.327
526.433
532.621
538.885
545.227
551.648
558.14
564.667
571.141
577.441
583.802
590.154
596.459
602.699
608.855
614.908
620.839
626.627
632.249
637.679
642.889
647.849
652.526
656.887
660.893
664.508
667.693
670.408
672.616
674.282
675.371
675.856
675.712
674.921
673.473
671.365
668.6
665.193
661.163
656.542
651.379
645.746
639.751
633.483
626.977
620.233
613.261
606.088
598.752
591.291
583.743
576.146
568.531
560.929
553.364
545.858
538.43
531.094
523.862
516.745
509.748
502.875
496.129
489.508
483.008
476.621
470.322
464.111
457.78
451.97
441.833
1316.42
309.305
192.743
162.64
162.632
188.969
240.174
306.917
373.059
424.838
457.916
476.23
481.319
475.464
461.58
447.345
434.607
424.915
418.999
416.839
417.943
421.603
427.102
433.828
441.312
449.229
457.365
465.596
473.852
482.106
490.352
498.596
506.848
515.119
523.412
531.715
540.001
548.214
556.394
564.569
572.724
580.842
588.905
596.891
604.775
612.528
620.118
627.508
634.659
641.526
648.063
654.218
659.937
665.164
669.84
673.908
677.311
679.992
681.902
682.996
683.237
682.596
681.058
678.615
675.275
671.056
665.988
660.112
653.48
646.153
638.205
629.721
620.802
611.531
601.977
592.198
582.256
572.209
562.115
552.025
541.986
532.037
522.215
512.547
503.057
493.764
484.681
475.819
467.184
458.779
450.605
442.657
434.933
427.422
420.115
412.987
406.031
399.108
392.706
382.749
1360.27
301.945
218.602
209.501
225.332
260.933
308.304
355.814
393.515
417.093
428.037
429.527
423.703
413.215
401.649
392.06
385.154
381.502
381.18
383.9
389.172
396.443
405.184
414.939
425.342
436.118
447.071
458.077
469.062
479.991
490.855
501.659
512.415
523.135
533.827
544.487
555.096
565.649
576.151
586.603
596.993
607.308
617.525
627.618
637.551
647.284
656.77
665.958
674.79
683.203
691.131
698.502
705.24
711.269
716.51
720.887
724.327
726.763
728.136
728.397
727.51
725.454
722.223
717.828
712.298
705.677
698.025
689.415
679.933
669.674
658.738
647.234
635.277
622.976
610.429
597.726
584.952
572.182
559.484
546.919
534.537
522.381
510.486
498.88
487.583
476.61
465.969
455.666
445.702
436.072
426.773
417.795
409.127
400.757
392.667
384.835
377.246
369.791
362.906
352.77
1400.42
311.29
251.859
253.386
273.275
303.187
334.662
360.844
378.558
388.023
391.003
389.002
383.457
376.352
369.772
365.007
362.654
363.091
366.377
372.332
380.625
390.847
402.569
415.384
428.933
442.923
457.128
471.387
485.597
499.698
513.664
527.488
541.177
554.743
568.194
581.538
594.766
607.873
620.848
633.681
646.356
658.854
671.143
683.188
694.941
706.349
717.348
727.869
737.835
747.165
755.77
763.56
770.439
776.314
781.093
784.687
787.019
788.019
787.632
785.822
782.569
777.877
771.767
764.287
755.5
745.493
734.368
722.24
709.235
695.483
681.122
666.286
651.11
635.72
620.23
604.743
589.352
574.136
559.164
544.493
530.17
516.231
502.703
489.605
476.948
464.739
452.977
441.658
430.775
420.318
410.271
400.622
391.351
382.44
373.869
365.61
357.648
349.884
342.734
332.496
1439.72
324.315
278.049
280.622
295.04
313.873
331.755
346.193
356.641
363.318
366.482
366.47
364.216
361.165
358.712
357.798
359.058
362.868
369.351
378.421
389.835
403.254
418.286
434.531
451.613
469.208
487.05
504.939
522.732
540.339
557.706
574.811
591.644
608.221
624.554
640.639
656.468
672.027
687.3
702.266
716.898
731.164
745.024
758.426
771.311
783.608
795.237
806.112
816.137
825.212
833.235
840.098
845.698
849.932
852.708
853.942
853.565
851.528
847.802
842.382
835.288
826.567
816.293
804.562
791.493
777.224
761.905
745.697
728.765
711.274
693.387
675.257
657.028
638.832
620.783
602.979
585.504
568.426
551.8
535.669
520.062
505
490.495
476.55
463.162
450.325
438.026
426.25
414.981
404.197
393.879
384.004
374.548
365.488
356.799
348.452
340.428
332.636
325.482
315.378
1482.89
335.22
292.863
289.823
296.3
307.925
321.353
334.679
346.501
355.794
362.065
365.551
367.195
368.253
369.879
372.939
378.048
385.575
395.667
408.289
423.249
440.245
458.908
478.842
499.66
521.01
542.596
564.176
585.573
606.658
627.35
647.601
667.409
686.765
705.659
724.079
742.011
759.433
776.318
792.635
808.343
823.397
837.742
851.313
864.034
875.82
886.577
896.206
904.599
911.647
917.242
921.276
923.651
924.277
923.08
920.005
915.018
908.115
899.317
888.677
876.277
862.23
846.673
829.768
811.691
792.635
772.795
752.37
731.553
710.526
689.459
668.508
647.806
627.47
607.596
588.259
569.517
551.413
533.974
517.217
501.146
485.76
471.048
456.995
443.582
430.786
418.582
406.944
395.844
385.257
375.153
365.505
356.285
347.465
339.02
330.916
323.139
315.598
308.689
298.993
1529.49
340.961
295.813
286.807
292.521
308.484
328.727
349.083
367.028
381.427
392.22
400.113
406.221
411.778
417.834
425.201
434.458
445.962
459.873
476.175
494.707
515.194
537.289
560.606
584.755
609.372
634.136
658.777
683.085
706.891
730.105
752.669
774.53
795.651
816.005
835.569
854.316
872.215
889.228
905.311
920.413
934.474
947.427
959.195
969.693
978.828
986.5
992.607
997.045
999.714
1000.52
999.372
996.207
990.972
983.641
974.212
962.719
949.224
933.825
916.651
897.861
877.641
856.198
833.753
810.533
786.771
762.69
738.503
714.406
690.575
667.164
644.3
622.089
600.61
579.922
560.063
541.051
522.892
505.58
489.098
473.423
458.525
444.374
430.933
418.167
406.04
394.514
383.556
373.129
363.202
353.741
344.716
336.097
327.854
319.962
312.387
305.117
298.065
291.61
282.567
1567.59
340.168
291.419
289.865
314.697
351.726
390.051
424.152
451.955
473.437
489.619
502.045
512.249
521.625
531.295
542.09
554.581
569.106
585.813
604.682
625.561
648.191
672.244
697.351
723.134
749.23
775.309
801.078
826.314
850.855
874.553
897.299
919.014
939.643
959.139
977.463
994.576
1010.44
1025
1038.21
1050
1060.32
1069.08
1076.22
1081.64
1085.26
1087
1086.76
1084.47
1080.06
1073.47
1064.67
1053.65
1040.43
1025.04
1007.58
988.154
966.914
944.043
919.748
894.264
867.839
840.73
813.197
785.493
757.857
730.509
703.644
677.432
652.01
627.489
603.949
581.445
560.005
539.64
520.339
502.078
484.823
468.531
453.155
438.643
424.945
412.007
399.779
388.212
377.259
366.876
357.022
347.657
338.746
330.255
322.152
314.408
306.993
299.883
293.049
286.478
280.092
274.245
266.039
1593.21
336.383
299.11
338.892
410.172
485.925
553.512
608.128
649.453
679.475
700.926
716.586
728.838
739.56
750.118
761.449
774.141
788.525
804.732
822.743
842.419
863.528
885.779
908.843
932.371
956.024
979.484
1002.47
1024.73
1046.05
1066.26
1085.24
1102.88
1119.11
1133.86
1147.09
1158.73
1168.75
1177.08
1183.68
1188.48
1191.42
1192.44
1191.47
1188.44
1183.31
1176
1166.49
1154.73
1140.72
1124.46
1106
1085.41
1062.78
1038.26
1012
984.211
955.124
924.988
894.073
862.657
831.02
799.433
768.155
737.421
707.44
678.392
650.421
623.639
598.124
573.923
551.055
529.516
509.28
490.304
472.535
455.907
440.353
425.798
412.172
399.402
387.42
376.16
365.562
355.569
346.127
337.191
328.715
320.661
312.992
305.675
298.68
291.981
285.549
279.364
273.399
267.646
262.034
256.887
249.633
1597.12
347.912
375.571
510.14
659.422
791.43
896.549
974.036
1027.66
1062.91
1085.21
1099.12
1108.08
1114.52
1120.05
1125.68
1132.03
1139.46
1148.17
1158.21
1169.52
1181.96
1195.32
1209.37
1223.78
1238.25
1252.45
1266.09
1278.94
1290.77
1301.41
1310.7
1318.55
1324.84
1329.5
1332.46
1333.67
1333.06
1330.59
1326.2
1319.85
1311.48
1301.06
1288.54
1273.91
1257.13
1238.21
1217.16
1194.02
1168.85
1141.73
1112.8
1082.19
1050.09
1016.72
982.305
947.113
911.418
875.506
839.66
804.16
769.266
735.219
702.229
670.477
640.105
611.221
583.898
558.174
534.057
511.527
490.542
471.042
452.955
436.196
420.675
406.3
392.978
380.618
369.133
358.439
348.46
339.124
330.367
322.13
314.36
307.009
300.034
293.398
287.067
281.011
275.203
269.619
264.235
259.034
253.993
249.108
244.315
239.907
233.651
1633.45
447.896
694.954
998.564
1253.98
1441.75
1568.9
1648.02
1692.26
1713.02
1718.92
1715.88
1707.68
1696.63
1684.13
1671.06
1658.05
1645.57
1634.05
1623.74
1614.74
1607.04
1600.49
1594.86
1589.91
1585.37
1580.94
1576.36
1571.36
1565.73
1559.25
1551.77
1543.14
1533.23
1521.94
1509.2
1494.91
1479.03
1461.48
1442.24
1421.25
1398.49
1373.94
1347.6
1319.48
1289.61
1258.04
1224.84
1190.12
1154
1116.63
1078.19
1038.9
998.983
958.693
918.293
878.056
838.254
799.15
760.993
724.01
688.4
654.33
621.932
591.302
562.5
535.554
510.457
487.177
465.658
445.826
427.592
410.855
395.51
381.449
368.562
356.742
345.886
335.896
326.681
318.156
310.244
302.874
295.983
289.513
283.416
277.646
272.164
266.936
261.931
257.124
252.491
248.011
243.666
239.441
235.317
231.293
227.314
223.639
218.373
1380.3
1242.01
1850.22
2333.82
2624.17
2766.5
2818.3
2816.32
2784.99
2739.12
2686.72
2631.57
2575.19
2518.19
2461.03
2404.24
2348.49
2294.46
2242.67
2193.51
2147.19
2103.72
2062.94
2024.61
1988.41
1953.98
1921
1889.11
1858
1827.38
1797
1766.61
1736.02
1705.03
1673.51
1641.32
1608.35
1574.51
1539.72
1503.93
1467.1
1429.2
1390.23
1350.22
1309.19
1267.21
1224.37
1180.77
1136.55
1091.87
1046.92
1001.89
957.001
912.491
868.596
825.551
783.587
742.922
703.751
666.247
630.552
596.776
564.994
535.251
507.556
481.893
458.215
436.456
416.531
398.34
381.774
366.718
353.052
340.658
329.42
319.224
309.964
301.538
293.852
286.818
280.358
274.398
268.874
263.728
258.908
254.368
250.068
245.975
242.057
238.288
234.646
231.112
227.667
224.297
220.99
217.731
214.522
211.315
208.335
204.01
1551.18
4469.91
5468.7
5552.65
5390.65
5133.43
4864.45
4611.66
4383.23
4178.04
3991.75
3819.73
3658.51
3506.05
3361.5
3224.72
3095.83
2974.93
2861.96
2756.65
2658.58
2567.21
2481.96
2402.24
2327.44
2256.98
2190.33
2126.95
2066.36
2008.13
1951.86
1897.18
1843.79
1791.4
1739.8
1688.76
1638.11
1587.72
1537.47
1487.27
1437.06
1386.79
1336.47
1286.11
1235.74
1185.44
1135.28
1085.38
1035.88
986.926
938.681
891.326
845.044
800.02
756.434
714.457
674.241
635.921
599.603
565.37
533.273
503.335
475.55
449.888
426.293
404.692
384.993
367.094
350.882
336.238
323.043
311.175
300.516
290.952
282.371
274.67
267.752
261.524
255.902
250.811
246.178
241.94
238.04
234.427
231.055
227.885
224.881
222.013
219.254
216.583
213.979
211.426
208.91
206.418
203.942
201.469
199.002
196.501
194.156
190.698
)
;

boundaryField
{
    outlet
    {
        type            zeroGradient;
    }
    inlet
    {
        type            fixedValue;
        value           uniform 17.57;
    }
    lowerWall
    {
        Cmu             0.09;
        kappa           0.41;
        E               9.8;
        beta1           0.075;
        type            omegaWallFunction;
        value           nonuniform List<scalar> 
148
(
7254.63
8569.06
9629.25
10283
10668.4
10885.8
10995.8
11035
11026.8
10987.3
10927.3
10854.4
10774
10689.7
10604.1
10519.1
10435.8
10355
10277.3
10202.9
10131.9
10064.5
10000.5
9939.94
9882.62
9828.42
9777.2
9728.8
9682.93
9640.14
9596.76
9568.85
9477.11
1184.13
1220.28
1271.22
1316.42
1360.27
1400.42
1439.72
1482.89
1529.49
1567.59
1593.21
1597.12
1633.45
1380.3
1551.18
1184.13
289.335
302.462
311.308
314.402
313.328
310.398
306.402
302.502
298.534
294.583
276.369
338.147
303.811
503.054
636.548
741.523
828.326
902.775
968.213
1026.65
1079.32
1127.04
1170.46
1210.1
1246.48
1280.09
1311.36
1340.71
1368.48
1394.97
1420.38
1444.9
1468.66
1491.75
1514.27
1536.3
1557.96
1579.38
1600.67
1621.53
1641.98
1662.06
1681.74
1700.98
1719.73
1737.94
1755.54
1772.47
1788.65
1804.01
1818.47
1831.96
1844.39
1855.68
1865.74
1874.49
1881.87
1887.78
1892.17
1894.98
1896.16
1895.66
1893.46
1889.54
1883.94
1876.66
1867.75
1857.3
1845.74
1834.72
1829.39
1827.41
1824.8
1820.98
1815.98
1809.94
1802.99
1795.23
1786.78
1777.7
1768.09
1758.02
1747.57
1736.81
1725.81
1714.62
1703.3
1691.91
1680.51
1669.13
1657.84
1646.67
1635.68
1624.94
1614.52
1604.57
1595.29
1587.14
1580.1
)
;
    }
    upperWall
    {
        Cmu             0.09;
        kappa           0.41;
        E               9.8;
        beta1           0.075;
        type            omegaWallFunction;
        value           nonuniform List<scalar> 
133
(
1719.4
1778.23
1839.24
1895.41
1945.93
1992.23
2035.28
2075.52
2113.26
2148.7
2182.04
2213.4
2242.93
2270.74
2296.93
2321.61
2344.85
2366.74
2387.37
2406.81
2425.12
2442.37
2458.63
2473.95
2488.38
2501.98
2514.8
2526.87
2538.26
2548.99
2559.1
2568.63
2577.62
2587.45
2598.14
2608.41
2618.25
2627.65
2636.61
2645.13
2653.2
2660.83
2668
2674.72
2680.99
2686.8
2692.16
2697.06
2701.5
2705.48
2709
2712.06
2714.66
2716.79
2718.45
2719.65
2720.38
2720.63
2720.41
2719.7
2718.51
2716.84
2714.67
2712
2708.83
2705.14
2700.93
2696.2
2690.93
2685.12
2678.75
2671.82
2664.32
2656.24
2647.57
2638.31
2628.44
2617.95
2606.85
2595.13
2582.79
2569.82
2556.23
2542.03
2527.22
2511.82
2495.84
2479.3
2462.24
2444.69
2426.67
2408.25
2389.46
2370.36
2351.02
2331.51
2311.89
2292.26
2272.68
2253.25
2234.05
2215.17
2196.69
2178.7
2161.28
2144.49
2128.4
2113.06
2098.51
2084.78
2071.89
2059.84
2048.62
2038.21
2028.58
2019.69
2011.49
2003.92
1996.91
1990.41
1984.35
1978.65
1973.26
1968.11
1963.14
1958.3
1953.51
1948.75
1943.93
1939.11
1933.86
1929.58
1920.8
)
;
    }
    frontAndBack
    {
        type            empty;
    }
}


// ************************************************************************* //
