/*--------------------------------*- C++ -*----------------------------------*\
| =========                 |                                                 |
| \\      /  F ield         | OpenFOAM: The Open Source CFD Toolbox           |
|  \\    /   O peration     | Version:  4.1                                   |
|   \\  /    A nd           | Web:      www.OpenFOAM.org                      |
|    \\/     M anipulation  |                                                 |
\*---------------------------------------------------------------------------*/
FoamFile
{
    version     2.0;
    format      ascii;
    class       volScalarField;
    location    "1400";
    object      nut;
}
// * * * * * * * * * * * * * * * * * * * * * * * * * * * * * * * * * * * * * //

dimensions      [0 2 -1 0 0 0 0];

internalField   nonuniform List<scalar> 
6820
(
4.53774e-05
4.96674e-05
5.35596e-05
5.7033e-05
6.00872e-05
6.27329e-05
6.49892e-05
6.68824e-05
6.84449e-05
6.97114e-05
7.07177e-05
7.14978e-05
7.20841e-05
7.25058e-05
7.27893e-05
7.29578e-05
7.30314e-05
7.30275e-05
7.29609e-05
7.28442e-05
7.26882e-05
7.25016e-05
7.22921e-05
7.20657e-05
7.18277e-05
7.15822e-05
7.13329e-05
7.10825e-05
7.08333e-05
7.05874e-05
7.03459e-05
7.01145e-05
6.99707e-05
0.000389004
0.000214804
0.000161971
0.000134577
0.000117082
0.000104841
9.58724e-05
8.91195e-05
8.39493e-05
7.99547e-05
7.68576e-05
7.44593e-05
7.26133e-05
7.12095e-05
7.01639e-05
6.94111e-05
6.88998e-05
6.85893e-05
6.84467e-05
6.84457e-05
6.85646e-05
6.87854e-05
6.90931e-05
6.94752e-05
6.99209e-05
7.04211e-05
7.09681e-05
7.15548e-05
7.21759e-05
7.28246e-05
7.35008e-05
7.41943e-05
7.51909e-05
0.000867009
0.000638273
0.00050769
0.000428082
0.000375014
0.000336916
0.000308048
0.000285295
0.000266813
0.00025144
0.000238413
0.00022721
0.000217458
0.00020889
0.000201303
0.000194545
0.000188496
0.000183062
0.000178166
0.00017375
0.000169743
0.000166041
0.000162606
0.000159413
0.000156443
0.00015368
0.000151107
0.000148711
0.000146478
0.000144399
0.000142458
0.000140657
0.000139055
0.000991214
0.000902164
0.000807377
0.000726622
0.000661863
0.000610175
0.000568431
0.000534166
0.000505567
0.000481331
0.000460513
0.000442414
0.000426509
0.0004124
0.00039978
0.000388413
0.000378111
0.000368724
0.000360134
0.000352242
0.000344971
0.00033822
0.000331916
0.000326008
0.000320452
0.000315214
0.000310264
0.000305579
0.000301136
0.000296916
0.000292902
0.000289081
0.000285433
0.00101005
0.00098739
0.000948626
0.000902916
0.000857083
0.00081444
0.000776076
0.000742011
0.000711858
0.000685132
0.000661359
0.000640115
0.000621037
0.000603821
0.00058821
0.00057399
0.000560984
0.000549041
0.000538035
0.000527861
0.000518429
0.000509658
0.000501477
0.000493823
0.000486643
0.000479889
0.000473523
0.000467508
0.000461815
0.000456416
0.000451288
0.000446407
0.000441712
0.00101185
0.00100724
0.000995356
0.000976942
0.000954121
0.000929118
0.000903659
0.000878801
0.000855099
0.000832805
0.000812001
0.000792668
0.000774737
0.000758113
0.000742692
0.000728374
0.00071506
0.000702662
0.000691095
0.000680287
0.00067017
0.000660683
0.000651773
0.000643389
0.000635487
0.000628027
0.000620973
0.000614293
0.000607959
0.000601943
0.000596222
0.000590768
0.0005855
0.00101178
0.00101089
0.00100777
0.00100182
0.000992905
0.000981471
0.000968242
0.00095392
0.000939072
0.000924117
0.000909347
0.000894953
0.000881053
0.000867715
0.00085497
0.000842827
0.00083128
0.000820311
0.000809899
0.000800017
0.000790637
0.000781725
0.000773254
0.0007652
0.000757539
0.000750246
0.0007433
0.00073668
0.000730366
0.000724339
0.000718581
0.000713066
0.000707706
0.00101168
0.00101136
0.00101047
0.00100868
0.00100565
0.0010012
0.000995412
0.000988494
0.000980691
0.000972245
0.000963375
0.000954264
0.000945058
0.000935871
0.000926788
0.00091787
0.000909162
0.000900694
0.000892486
0.000884548
0.000876885
0.000869497
0.00086238
0.000855529
0.000848937
0.000842597
0.000836499
0.000830636
0.000824999
0.000819577
0.00081436
0.000809329
0.000804393
0.00101165
0.00101137
0.00101095
0.0010103
0.00100928
0.00100769
0.00100543
0.00100251
0.000998941
0.000994803
0.000990178
0.00098516
0.000979838
0.000974296
0.000968606
0.00096283
0.000957019
0.000951215
0.00094545
0.00093975
0.000934136
0.000928624
0.000923226
0.000917951
0.000912805
0.000907792
0.000902914
0.000898172
0.000893566
0.000889095
0.000884756
0.000880532
0.000876338
0.00101164
0.00101135
0.00101102
0.00101063
0.00101016
0.00100951
0.0010086
0.00100738
0.00100583
0.00100394
0.00100172
0.000999201
0.000996409
0.000993382
0.000990158
0.000986773
0.000983263
0.000979658
0.000975986
0.000972273
0.000968538
0.0009648
0.000961074
0.000957374
0.000953709
0.000950089
0.000946521
0.000943011
0.000939564
0.000936182
0.000932867
0.000929606
0.000926318
0.00101163
0.00101134
0.00101103
0.0010107
0.00101036
0.00100998
0.00100952
0.00100894
0.00100823
0.00100736
0.00100632
0.00100511
0.00100373
0.00100219
0.00100049
0.000998656
0.000996699
0.000994636
0.000992481
0.00099025
0.000987958
0.000985618
0.000983241
0.000980839
0.000978421
0.000975996
0.000973572
0.000971156
0.000968753
0.000966369
0.000964005
0.000961652
0.000959227
0.00101163
0.00101134
0.00101103
0.00101072
0.00101041
0.0010101
0.00100977
0.00100939
0.00100897
0.00100849
0.00100793
0.0010073
0.00100658
0.00100577
0.00100487
0.00100388
0.00100282
0.00100167
0.00100045
0.000999166
0.000997824
0.00099643
0.000994992
0.000993517
0.00099201
0.000990479
0.000988927
0.000987362
0.000985787
0.000984206
0.000982622
0.000981024
0.000979332
0.00101163
0.00101133
0.00101104
0.00101073
0.00101043
0.00101014
0.00100984
0.00100953
0.00100921
0.00100886
0.0010085
0.0010081
0.00100766
0.00100719
0.00100667
0.00100611
0.00100551
0.00100486
0.00100416
0.00100342
0.00100265
0.00100183
0.00100098
0.0010001
0.000999189
0.000998253
0.000997294
0.000996317
0.000995323
0.000994316
0.000993296
0.00099225
0.000991102
0.00101163
0.00101133
0.00101104
0.00101074
0.00101045
0.00101016
0.00100987
0.00100958
0.00100929
0.00100899
0.00100869
0.00100837
0.00100804
0.0010077
0.00100734
0.00100696
0.00100657
0.00100615
0.0010057
0.00100524
0.00100476
0.00100425
0.00100372
0.00100317
0.00100261
0.00100202
0.00100142
0.00100081
0.00100018
0.000999537
0.000998884
0.000998207
0.000997426
0.00101163
0.00101133
0.00101104
0.00101075
0.00101046
0.00101018
0.00100989
0.00100961
0.00100933
0.00100905
0.00100877
0.00100848
0.0010082
0.00100791
0.00100761
0.00100732
0.00100701
0.0010067
0.00100638
0.00100604
0.0010057
0.00100536
0.001005
0.00100463
0.00100425
0.00100386
0.00100346
0.00100306
0.00100264
0.00100222
0.00100179
0.00100134
0.00100078
0.00101163
0.00101133
0.00101105
0.00101075
0.00101047
0.00101019
0.00100991
0.00100963
0.00100936
0.00100908
0.00100881
0.00100854
0.00100827
0.001008
0.00100773
0.00100746
0.00100719
0.00100692
0.00100665
0.00100637
0.0010061
0.00100582
0.00100553
0.00100525
0.00100496
0.00100467
0.00100437
0.00100407
0.00100377
0.00100346
0.00100315
0.00100282
0.0010024
0.00101163
0.00101133
0.00101105
0.00101076
0.00101048
0.0010102
0.00100992
0.00100965
0.00100938
0.00100911
0.00100884
0.00100858
0.00100831
0.00100805
0.0010078
0.00100754
0.00100729
0.00100704
0.00100679
0.00100654
0.00100629
0.00100605
0.0010058
0.00100556
0.00100531
0.00100507
0.00100483
0.00100458
0.00100434
0.0010041
0.00100385
0.00100359
0.00100323
0.00101163
0.00101133
0.00101105
0.00101076
0.00101048
0.00101021
0.00100994
0.00100966
0.0010094
0.00100913
0.00100887
0.00100861
0.00100835
0.00100809
0.00100784
0.00100759
0.00100735
0.00100711
0.00100687
0.00100663
0.00100639
0.00100616
0.00100593
0.00100571
0.00100548
0.00100526
0.00100504
0.00100482
0.00100461
0.00100439
0.00100418
0.00100395
0.00100363
0.00101163
0.00101133
0.00101105
0.00101077
0.00101049
0.00101022
0.00100994
0.00100968
0.00100941
0.00100915
0.00100889
0.00100863
0.00100838
0.00100812
0.00100788
0.00100763
0.00100739
0.00100716
0.00100692
0.00100669
0.00100647
0.00100624
0.00100602
0.00100581
0.00100559
0.00100538
0.00100517
0.00100497
0.00100477
0.00100457
0.00100437
0.00100416
0.00100386
0.00101163
0.00101133
0.00101105
0.00101077
0.00101049
0.00101022
0.00100995
0.00100969
0.00100942
0.00100916
0.0010089
0.00100865
0.0010084
0.00100815
0.00100791
0.00100767
0.00100743
0.0010072
0.00100697
0.00100674
0.00100652
0.0010063
0.00100608
0.00100587
0.00100567
0.00100546
0.00100526
0.00100506
0.00100487
0.00100468
0.00100449
0.00100428
0.00100399
0.00101163
0.00101133
0.00101105
0.00101077
0.0010105
0.00101023
0.00100996
0.00100969
0.00100943
0.00100917
0.00100892
0.00100867
0.00100842
0.00100817
0.00100793
0.00100769
0.00100746
0.00100723
0.001007
0.00100678
0.00100656
0.00100635
0.00100614
0.00100593
0.00100572
0.00100552
0.00100533
0.00100513
0.00100495
0.00100476
0.00100457
0.00100438
0.00100409
0.00101163
0.00101133
0.00101105
0.00101077
0.0010105
0.00101023
0.00100996
0.0010097
0.00100944
0.00100918
0.00100893
0.00100868
0.00100843
0.00100819
0.00100795
0.00100772
0.00100749
0.00100726
0.00100704
0.00100682
0.0010066
0.00100639
0.00100618
0.00100597
0.00100577
0.00100557
0.00100538
0.00100519
0.00100501
0.00100482
0.00100464
0.00100445
0.00100416
0.00101163
0.00101133
0.00101105
0.00101077
0.0010105
0.00101023
0.00100997
0.00100971
0.00100945
0.00100919
0.00100894
0.00100869
0.00100845
0.00100821
0.00100797
0.00100774
0.00100751
0.00100728
0.00100706
0.00100684
0.00100663
0.00100642
0.00100621
0.00100601
0.00100581
0.00100562
0.00100542
0.00100524
0.00100505
0.00100487
0.00100469
0.0010045
0.00100422
0.00101163
0.00101133
0.00101105
0.00101077
0.0010105
0.00101023
0.00100997
0.00100971
0.00100945
0.0010092
0.00100895
0.0010087
0.00100846
0.00100822
0.00100798
0.00100775
0.00100753
0.0010073
0.00100708
0.00100687
0.00100665
0.00100644
0.00100624
0.00100604
0.00100584
0.00100565
0.00100546
0.00100527
0.00100509
0.00100491
0.00100474
0.00100455
0.00100427
0.00101163
0.00101133
0.00101105
0.00101077
0.0010105
0.00101024
0.00100997
0.00100971
0.00100946
0.0010092
0.00100895
0.00100871
0.00100847
0.00100823
0.00100799
0.00100776
0.00100754
0.00100731
0.00100709
0.00100688
0.00100667
0.00100646
0.00100626
0.00100606
0.00100586
0.00100567
0.00100548
0.00100529
0.00100511
0.00100493
0.00100476
0.00100457
0.00100429
0.00101163
0.00101133
0.00101105
0.00101077
0.0010105
0.00101024
0.00100997
0.00100971
0.00100946
0.0010092
0.00100895
0.00100871
0.00100847
0.00100823
0.001008
0.00100777
0.00100754
0.00100732
0.0010071
0.00100689
0.00100668
0.00100647
0.00100627
0.00100607
0.00100588
0.00100568
0.0010055
0.00100531
0.00100513
0.00100496
0.00100478
0.00100459
0.00100432
0.00101163
0.00101133
0.00101105
0.00101077
0.0010105
0.00101024
0.00100997
0.00100971
0.00100946
0.0010092
0.00100896
0.00100871
0.00100847
0.00100823
0.001008
0.00100777
0.00100754
0.00100732
0.0010071
0.00100688
0.00100667
0.00100646
0.00100626
0.00100606
0.00100586
0.00100567
0.00100548
0.0010053
0.00100512
0.00100494
0.00100476
0.00100457
0.00100429
0.00101163
0.00101133
0.00101105
0.00101077
0.0010105
0.00101024
0.00100997
0.00100971
0.00100945
0.0010092
0.00100895
0.00100871
0.00100847
0.00100823
0.00100799
0.00100776
0.00100754
0.00100732
0.0010071
0.00100688
0.00100667
0.00100647
0.00100627
0.00100607
0.00100587
0.00100568
0.00100549
0.00100531
0.00100513
0.00100495
0.00100478
0.00100459
0.00100431
0.00101163
0.00101133
0.00101105
0.00101077
0.0010105
0.00101023
0.00100997
0.00100971
0.00100945
0.0010092
0.00100894
0.0010087
0.00100845
0.00100821
0.00100797
0.00100774
0.00100751
0.00100729
0.00100706
0.00100684
0.00100663
0.00100642
0.00100621
0.00100601
0.00100581
0.00100562
0.00100542
0.00100524
0.00100505
0.00100487
0.00100469
0.0010045
0.00100422
0.00101163
0.00101133
0.00101105
0.00101077
0.0010105
0.00101023
0.00100997
0.0010097
0.00100945
0.00100919
0.00100894
0.00100869
0.00100845
0.00100821
0.00100798
0.00100775
0.00100752
0.0010073
0.00100708
0.00100686
0.00100665
0.00100644
0.00100623
0.00100603
0.00100583
0.00100564
0.00100544
0.00100526
0.00100507
0.00100489
0.00100471
0.00100451
0.00100423
0.00101163
0.00101133
0.00101105
0.00101077
0.0010105
0.00101023
0.00100996
0.00100969
0.00100943
0.00100917
0.00100891
0.00100866
0.00100841
0.00100816
0.00100791
0.00100767
0.00100744
0.0010072
0.00100697
0.00100674
0.00100652
0.0010063
0.00100608
0.00100587
0.00100566
0.00100545
0.00100525
0.00100505
0.00100486
0.00100466
0.00100447
0.00100426
0.00100397
0.00101163
0.00101133
0.00101105
0.00101077
0.00101049
0.00101022
0.00100996
0.0010097
0.00100944
0.00100918
0.00100893
0.00100868
0.00100843
0.00100819
0.00100795
0.00100771
0.00100747
0.00100723
0.00100699
0.00100676
0.00100653
0.0010063
0.00100606
0.00100584
0.00100561
0.00100538
0.00100516
0.00100493
0.00100471
0.00100449
0.00100426
0.00100403
0.00100369
0.00101163
0.00101133
0.00101105
0.00101077
0.00101048
0.0010102
0.00100992
0.00100964
0.00100935
0.00100907
0.00100879
0.00100851
0.00100822
0.00100794
0.00100766
0.00100738
0.0010071
0.00100681
0.00100653
0.00100624
0.00100595
0.00100566
0.00100536
0.00100507
0.00100477
0.00100447
0.00100416
0.00100386
0.00100355
0.00100325
0.00100293
0.00100261
0.00100218
0.00101163
0.00101134
0.00101105
0.00101077
0.00101049
0.00101021
0.00100993
0.00100964
0.00100934
0.00100903
0.00100871
0.00100837
0.00100802
0.00100766
0.00100728
0.00100689
0.00100648
0.00100606
0.00100562
0.00100516
0.00100469
0.00100421
0.00100371
0.0010032
0.00100268
0.00100215
0.00100161
0.00100106
0.00100051
0.000999942
0.00099937
0.000998776
0.000998084
0.00101163
0.00101134
0.00101103
0.00101069
0.00101033
0.00100994
0.00100951
0.00100904
0.00100853
0.00100796
0.00100734
0.00100667
0.00100594
0.00100515
0.00100431
0.00100342
0.00100248
0.00100149
0.00100047
0.000999414
0.000998324
0.000997207
0.000996066
0.000994906
0.00099373
0.000992542
0.000991344
0.000990139
0.00098893
0.00098772
0.000986508
0.000985283
0.000983969
0.00101164
0.00101133
0.00101094
0.00101042
0.00100973
0.00100883
0.0010077
0.00100635
0.00100478
0.001003
0.00100104
0.000998909
0.000996631
0.000994228
0.000991719
0.000989125
0.000986463
0.00098375
0.000981
0.000978226
0.00097544
0.000972653
0.000969872
0.000967103
0.000964354
0.00096163
0.000958937
0.000956278
0.000953656
0.000951075
0.000948535
0.000946023
0.000943466
0.00101162
0.0010106
0.00100853
0.00100543
0.0010014
0.000996513
0.00099091
0.000984747
0.000978174
0.000971314
0.000964272
0.000957136
0.000949978
0.000942854
0.000935809
0.000928876
0.000922082
0.000915443
0.000908975
0.000902685
0.000896578
0.000890657
0.000884923
0.000879373
0.000874006
0.000868819
0.000863806
0.000858963
0.000854286
0.000849769
0.000845405
0.000841179
0.000837016
0.00100895
0.000995379
0.000976042
0.000953694
0.00093032
0.000907093
0.000884657
0.000863329
0.000843228
0.000824388
0.000806781
0.000790352
0.000775024
0.00076072
0.000747357
0.00073486
0.000723158
0.000712183
0.000701876
0.000692182
0.000683051
0.000674439
0.000666305
0.000658613
0.000651329
0.000644424
0.000637871
0.000631644
0.000625722
0.000620084
0.00061471
0.00060958
0.000604632
0.000892788
0.000742255
0.000649202
0.00058554
0.000538566
0.000502138
0.000472884
0.000448753
0.000428416
0.000410981
0.000395823
0.000382492
0.000370655
0.000360056
0.0003505
0.000341831
0.000333927
0.000326686
0.000320026
0.000313879
0.000308188
0.000302904
0.000297984
0.000293395
0.000289104
0.000285084
0.000281313
0.000277768
0.000274431
0.000271286
0.000268318
0.000265514
0.000262862
0.000126722
0.000129956
0.000133005
0.000135891
0.000138628
0.00014123
0.000143705
0.000146063
0.000148309
0.00015045
0.000152489
0.000154433
0.000156285
0.00015805
0.000159732
0.000161334
0.00016286
0.000164313
0.000165696
0.000167014
0.000168268
0.000169462
0.000170599
0.00017168
0.00017271
0.000173689
0.000174621
0.000175508
0.000176352
0.000177155
0.000177919
0.000178647
0.000179344
8.54723e-05
0.000115337
0.000145822
0.00017603
0.000203031
0.000226757
0.00024816
0.000268299
0.000288081
0.000308084
0.000328532
0.000349405
0.000370681
0.000392291
0.000414112
0.00043595
0.000457581
0.000479027
0.000500192
0.000521107
0.000541782
0.000562241
0.000582573
0.000602927
0.000623453
0.000644261
0.000665431
0.000687056
0.000709254
0.00073214
0.000755802
0.000780295
0.000805663
0.000831951
0.000859195
0.000887404
0.000916551
0.000946584
0.00097744
0.00100904
0.00104131
0.00107413
0.00110739
0.00114099
0.00117479
0.00120869
0.00124256
0.0012763
0.00130979
0.00134295
0.00137568
0.0014079
0.00143956
0.00147058
0.00150093
0.00153056
0.00155947
0.00158763
0.00161505
0.00164176
0.00166777
0.00169313
0.0017179
0.00174213
0.00176592
0.00178933
0.00181245
0.00183537
0.00185819
0.00188099
0.00190387
0.00192691
0.0019502
0.00197381
0.0019978
0.0020222
0.00204704
0.0020723
0.00209793
0.00212384
0.00214996
0.00217619
0.00220243
0.0022286
0.00225457
0.00228023
0.00230546
0.00233014
0.00235415
0.00237738
0.00239971
0.00242106
0.00244136
0.00246063
0.00247898
0.00249688
0.00251519
0.00253611
0.00256317
0.00261193
7.83548e-05
8.47448e-05
9.52613e-05
0.000110475
0.000129531
0.000151368
0.00017449
0.000197718
0.000220461
0.000242507
0.000263892
0.000284803
0.000305507
0.000326255
0.000347196
0.00036834
0.000389594
0.000410895
0.000432281
0.000453631
0.000474848
0.000495875
0.00051672
0.000537455
0.000558172
0.00057895
0.000599853
0.000620954
0.000642346
0.000664127
0.000686387
0.000709198
0.000732623
0.000756727
0.000781567
0.000807182
0.000833589
0.000860785
0.000888748
0.000917446
0.000946827
0.00097683
0.00100738
0.00103838
0.00106975
0.00110138
0.00113317
0.00116503
0.00119685
0.00122854
0.00126001
0.00129117
0.00132197
0.00135233
0.0013822
0.00141155
0.00144035
0.00146858
0.00149624
0.00152334
0.00154992
0.001576
0.00160164
0.00162689
0.00165183
0.00167653
0.00170106
0.0017255
0.00174993
0.00177444
0.00179909
0.00182396
0.00184912
0.00187463
0.00190054
0.00192686
0.00195362
0.00198077
0.00200828
0.00203606
0.00206401
0.00209205
0.00212006
0.00214796
0.00217562
0.00220294
0.00222979
0.00225605
0.00228161
0.00230636
0.00233018
0.002353
0.00237476
0.00239547
0.00241526
0.00243455
0.00245418
0.0024761
0.00250344
0.00254796
0.00013774
0.000137412
0.000137921
0.000139207
0.000141085
0.000143449
0.000147852
0.000155293
0.000165908
0.000179193
0.000194723
0.000212071
0.000230819
0.000250595
0.000271078
0.000291994
0.000313085
0.000334188
0.000355421
0.000376726
0.000398019
0.000419226
0.000440314
0.000461291
0.000482193
0.000503053
0.000523901
0.000544782
0.000565759
0.000586911
0.000608319
0.000630054
0.000652186
0.000674787
0.000697927
0.000721665
0.000746045
0.000771095
0.000796831
0.000823251
0.000850342
0.000878071
0.000906395
0.000935255
0.000964584
0.000994304
0.00102433
0.00105458
0.00108496
0.00111538
0.00114576
0.00117603
0.0012061
0.00123593
0.00126546
0.00129465
0.00132346
0.00135189
0.00137993
0.00140759
0.00143489
0.00146185
0.00148853
0.00151496
0.00154122
0.00156735
0.00159343
0.00161952
0.00164568
0.00167199
0.00169849
0.00172526
0.00175233
0.00177976
0.00180758
0.00183579
0.00186441
0.00189339
0.00192267
0.00195219
0.00198183
0.0020115
0.00204111
0.00207055
0.00209971
0.00212847
0.00215672
0.00218434
0.00221123
0.00223727
0.00226237
0.00228646
0.00230946
0.00233142
0.00235244
0.00237294
0.00239367
0.0024164
0.0024438
0.00248355
0.000281176
0.000277081
0.000273363
0.000270021
0.000266858
0.000263259
0.00025869
0.000253001
0.000246339
0.000240655
0.000236876
0.000235488
0.00023686
0.000241146
0.000248283
0.000258035
0.00027004
0.000283886
0.000299256
0.00031589
0.000333479
0.000351753
0.000370503
0.000389591
0.000408931
0.000428467
0.000448163
0.000468006
0.000488009
0.000508203
0.000528628
0.000549327
0.000570345
0.000591734
0.000613551
0.000635851
0.000658682
0.000682084
0.000706087
0.000730711
0.000755963
0.000781838
0.000808317
0.000835369
0.000862952
0.000891011
0.000919485
0.000948306
0.000977401
0.0010067
0.00103612
0.0010656
0.00109508
0.00112449
0.00115379
0.00118294
0.00121191
0.00124068
0.00126924
0.00129759
0.00132575
0.00135374
0.00138158
0.00140933
0.00143701
0.00146469
0.00149241
0.00152022
0.00154816
0.0015763
0.00160467
0.00163331
0.00166226
0.00169155
0.00172119
0.00175119
0.00178152
0.00181216
0.00184304
0.00187409
0.00190519
0.00193627
0.00196721
0.00199792
0.0020283
0.00205822
0.00208759
0.0021163
0.00214423
0.0021713
0.0021974
0.00222248
0.00224648
0.00226943
0.00229144
0.0023129
0.0023345
0.00235778
0.002385
0.00241948
0.000436014
0.000430299
0.000424734
0.000419453
0.000414492
0.000409768
0.000405051
0.000399965
0.000394012
0.000386881
0.00037873
0.000369952
0.000360885
0.000351986
0.000343798
0.000336873
0.000331692
0.000328578
0.000327813
0.000329531
0.000333677
0.000340091
0.000348567
0.000358874
0.000370774
0.000384033
0.000398435
0.000413794
0.000429964
0.000446839
0.000464345
0.000482434
0.000501075
0.000520261
0.000539995
0.000560292
0.000581171
0.00060265
0.000624747
0.000647477
0.00067085
0.000694869
0.000719527
0.000744809
0.00077069
0.000797136
0.000824103
0.000851543
0.000879397
0.000907608
0.000936115
0.000964857
0.000993779
0.00102283
0.00105196
0.00108112
0.0011103
0.00113946
0.00116859
0.00119769
0.00122676
0.00125581
0.00128485
0.00131392
0.00134304
0.00137225
0.00140158
0.00143106
0.00146072
0.00149059
0.00152071
0.00155109
0.00158175
0.00161271
0.00164396
0.00167549
0.00170729
0.0017393
0.00177147
0.00180372
0.00183596
0.00186808
0.00190001
0.00193164
0.00196287
0.0019936
0.00202373
0.00205317
0.00208181
0.00210956
0.00213635
0.00216211
0.00218679
0.00221044
0.00223315
0.00225531
0.0022775
0.00230105
0.00232781
0.00235658
0.000579025
0.000572595
0.000566233
0.000560009
0.000553989
0.000548199
0.000542661
0.00053735
0.000532144
0.000526846
0.000521229
0.000515222
0.000508625
0.000501294
0.000493146
0.000484183
0.000474523
0.000464377
0.000454133
0.000444283
0.000435302
0.000427621
0.000421595
0.000417494
0.000415486
0.000415638
0.000417931
0.000422282
0.000428569
0.000436646
0.00044636
0.000457558
0.0004701
0.000483865
0.000498754
0.000514687
0.000531601
0.00054945
0.000568197
0.000587815
0.000608282
0.000629577
0.000651679
0.000674566
0.00069821
0.000722579
0.000747633
0.000773331
0.000799622
0.000826457
0.000853781
0.000881539
0.000909679
0.000938149
0.000966903
0.000995899
0.0010251
0.00105448
0.00108401
0.00111368
0.00114348
0.0011734
0.00120346
0.00123366
0.00126401
0.00129452
0.00132521
0.0013561
0.00138719
0.0014185
0.00145004
0.00148181
0.00151381
0.00154604
0.00157848
0.00161113
0.00164394
0.00167688
0.00170988
0.00174287
0.00177576
0.00180846
0.00184091
0.00187299
0.00190463
0.00193574
0.00196621
0.00199597
0.00202493
0.00205299
0.0020801
0.00210619
0.00213123
0.00215526
0.00217836
0.0022009
0.00222338
0.0022469
0.00227294
0.00229567
0.000701047
0.000694453
0.00068796
0.000681542
0.00067528
0.000669198
0.000663319
0.00065767
0.000652234
0.00064699
0.000641889
0.000636896
0.000631935
0.000626897
0.000621644
0.000616021
0.000609863
0.000603011
0.000595343
0.000586855
0.000577616
0.000567787
0.000557624
0.000547451
0.000537636
0.00052855
0.00052054
0.000513905
0.000508882
0.000505641
0.000504285
0.000504857
0.000507349
0.000511717
0.000517894
0.000525796
0.000535336
0.000546423
0.000558973
0.000572907
0.000588154
0.00060465
0.000622335
0.000641156
0.00066106
0.000681993
0.000703905
0.000726739
0.000750441
0.000774954
0.000800219
0.000826177
0.00085277
0.000879943
0.000907642
0.000935816
0.00096442
0.000993414
0.00102276
0.00105243
0.0010824
0.00111265
0.00114316
0.00117393
0.00120494
0.00123619
0.00126766
0.00129937
0.00133129
0.00136341
0.00139574
0.00142826
0.00146095
0.0014938
0.00152678
0.00155988
0.00159306
0.00162627
0.00165946
0.00169255
0.00172549
0.00175819
0.00179058
0.00182259
0.00185412
0.00188511
0.00191547
0.00194512
0.00197398
0.00200197
0.00202904
0.00205512
0.00208019
0.00210428
0.00212748
0.00215011
0.00217259
0.00219579
0.00222086
0.0022374
0.000798149
0.000792013
0.000785946
0.000779924
0.000773977
0.000768116
0.000762357
0.00075673
0.000751261
0.000745971
0.000740873
0.000735978
0.000731287
0.000726784
0.000722433
0.00071818
0.000713947
0.000709632
0.000705107
0.000700249
0.000694934
0.000689069
0.000682576
0.000675442
0.000667721
0.000659533
0.000651056
0.000642517
0.000634177
0.000626309
0.000619179
0.000613037
0.000608101
0.00060455
0.000602523
0.000602118
0.000603397
0.000606387
0.000611092
0.000617494
0.000625562
0.000635256
0.000646525
0.000659317
0.000673575
0.000689239
0.000706249
0.000724539
0.000744047
0.000764706
0.000786448
0.000809205
0.000832911
0.000857497
0.0008829
0.000909054
0.000935901
0.000963383
0.000991448
0.00102005
0.00104913
0.00107866
0.00110861
0.00113893
0.00116959
0.00120057
0.00123184
0.00126337
0.00129513
0.0013271
0.00135925
0.00139155
0.00142399
0.00145653
0.00148915
0.00152183
0.00155452
0.00158718
0.00161978
0.00165225
0.00168454
0.00171658
0.00174831
0.00177967
0.00181058
0.00184098
0.00187079
0.00189993
0.00192834
0.00195593
0.00198265
0.00200845
0.00203329
0.0020572
0.00208026
0.00210276
0.00212502
0.00214769
0.00217162
0.00218206
0.000870887
0.000865604
0.000860342
0.000855102
0.000849871
0.000844671
0.000839517
0.000834429
0.000829427
0.000824528
0.000819745
0.000815085
0.000810568
0.000806214
0.000802037
0.000798044
0.000794231
0.000790585
0.00078707
0.000783626
0.000780196
0.000776708
0.000773083
0.000769244
0.000765122
0.000760672
0.000755874
0.000750744
0.000745343
0.000739722
0.000734001
0.000728336
0.000722904
0.000717894
0.000713493
0.000709878
0.000707213
0.000705645
0.0007053
0.000706279
0.000708662
0.000712509
0.000717858
0.00072473
0.000733132
0.000743055
0.00075448
0.000767377
0.000781708
0.000797427
0.000814479
0.000832809
0.000852353
0.000873047
0.000894822
0.000917611
0.000941344
0.000965953
0.000991373
0.00101754
0.00104438
0.00107185
0.00109988
0.00112842
0.00115742
0.00118683
0.0012166
0.00124668
0.00127703
0.00130762
0.0013384
0.00136934
0.00140041
0.00143157
0.0014628
0.00149407
0.00152535
0.00155661
0.00158782
0.00161893
0.00164989
0.00168067
0.0017112
0.00174143
0.0017713
0.00180075
0.0018297
0.00185808
0.00188582
0.00191284
0.00193907
0.00196446
0.00198898
0.00201263
0.00203547
0.00205775
0.0020797
0.00210176
0.00212454
0.00212934
0.000921864
0.000917653
0.000913422
0.000909175
0.000904908
0.000900622
0.000896334
0.000892053
0.000887789
0.000883555
0.000879362
0.000875223
0.000871153
0.000867167
0.000863285
0.000859524
0.000855902
0.000852437
0.000849141
0.000846016
0.000843065
0.000840271
0.000837613
0.000835063
0.000832586
0.000830143
0.000827694
0.000825205
0.000822653
0.000820023
0.000817317
0.000814561
0.000811802
0.000809118
0.000806559
0.000804223
0.000802227
0.000800695
0.000799751
0.000799516
0.000800108
0.000801633
0.000804188
0.000807857
0.00081271
0.000818804
0.00082618
0.000834868
0.000844882
0.000856226
0.000868889
0.000882852
0.000898085
0.000914551
0.000932202
0.000950986
0.000970847
0.000991722
0.00101355
0.00103626
0.00105978
0.00108406
0.00110902
0.00113461
0.00116074
0.00118738
0.00121445
0.0012419
0.00126969
0.00129776
0.00132607
0.00135458
0.00138326
0.00141208
0.00144101
0.00147004
0.00149914
0.00152829
0.00155747
0.00158665
0.00161581
0.0016449
0.00167388
0.00170271
0.00173134
0.00175969
0.0017877
0.00181529
0.00184239
0.00186889
0.00189473
0.00191984
0.00194417
0.0019677
0.00199048
0.00201268
0.00203448
0.00205608
0.00207792
0.00207804
0.000955744
0.000952591
0.000949392
0.000946151
0.000942872
0.000939552
0.000936196
0.000932812
0.000929409
0.000925994
0.000922575
0.00091916
0.000915755
0.000912367
0.000909011
0.000905702
0.000902459
0.000899301
0.000896244
0.000893305
0.000890507
0.000887867
0.000885396
0.000883107
0.000881003
0.000879084
0.000877345
0.000875776
0.000874364
0.000873097
0.000871963
0.000870953
0.000870067
0.000869318
0.00086872
0.000868302
0.000868089
0.000868119
0.000868452
0.000869161
0.000870323
0.000872021
0.000874338
0.000877355
0.000881149
0.000885794
0.000891354
0.000897886
0.000905439
0.000914049
0.000923745
0.000934543
0.000946448
0.000959457
0.000973553
0.000988715
0.00100491
0.0010221
0.00104023
0.00105926
0.00107913
0.00109979
0.00112117
0.00114321
0.00116585
0.00118905
0.00121273
0.00123684
0.00126135
0.00128619
0.00131134
0.00133675
0.00136241
0.00138829
0.00141437
0.00144064
0.0014671
0.00149374
0.00152055
0.00154753
0.00157465
0.00160189
0.00162923
0.00165663
0.00168403
0.00171139
0.00173861
0.00176563
0.00179234
0.00181864
0.00184445
0.00186967
0.00189422
0.00191806
0.0019412
0.00196376
0.00198582
0.00200741
0.00202881
0.00202579
0.000976687
0.000974454
0.000972165
0.000969824
0.000967435
0.000965
0.000962515
0.000959986
0.000957418
0.000954814
0.000952179
0.000949516
0.000946828
0.000944122
0.000941403
0.000938679
0.000935963
0.000933266
0.000930605
0.000927996
0.00092546
0.000923021
0.000920698
0.000918512
0.000916482
0.00091463
0.00091297
0.000911517
0.00091028
0.000909267
0.000908481
0.000907925
0.000907601
0.00090751
0.000907656
0.000908047
0.000908683
0.000909569
0.000910725
0.000912182
0.000913975
0.000916148
0.000918747
0.000921823
0.000925429
0.000929619
0.000934446
0.000939962
0.000946214
0.000953247
0.000961097
0.000969795
0.000979364
0.00098982
0.00100117
0.00101341
0.00102653
0.00104052
0.00105535
0.00107099
0.0010874
0.00110454
0.00112236
0.00114083
0.0011599
0.00117951
0.00119962
0.0012202
0.00124119
0.00126258
0.00128432
0.0013064
0.0013288
0.0013515
0.00137452
0.00139785
0.00142151
0.00144549
0.00146981
0.00149449
0.00151952
0.0015449
0.00157062
0.00159665
0.00162296
0.00164948
0.00167615
0.00170288
0.00172957
0.0017561
0.00178235
0.0018082
0.00183355
0.00185832
0.00188246
0.00190603
0.00192902
0.00195132
0.00197307
0.00196902
0.000989089
0.00098756
0.000985979
0.000984348
0.00098267
0.000980945
0.000979173
0.000977355
0.000975493
0.000973591
0.000971648
0.000969668
0.00096765
0.000965597
0.000963513
0.000961399
0.000959262
0.000957107
0.000954945
0.000952785
0.000950643
0.000948536
0.00094648
0.000944495
0.000942602
0.000940823
0.00093918
0.000937694
0.000936384
0.00093527
0.000934366
0.00093369
0.000933244
0.000933036
0.000933074
0.000933367
0.000933924
0.000934751
0.000935858
0.000937257
0.000938965
0.000941001
0.000943389
0.000946155
0.000949329
0.000952943
0.000957031
0.000961628
0.000966768
0.000972485
0.000978812
0.000985776
0.000993403
0.00100171
0.00101072
0.00102044
0.00103086
0.001042
0.00105383
0.00106635
0.00107953
0.00109336
0.00110779
0.00112281
0.00113839
0.00115448
0.00117106
0.00118811
0.00120559
0.00122348
0.00124177
0.00126046
0.00127953
0.00129899
0.00131885
0.00133914
0.00135987
0.00138107
0.00140278
0.00142502
0.00144781
0.00147119
0.00149515
0.0015197
0.00154481
0.00157045
0.00159656
0.00162306
0.00164983
0.00167677
0.00170374
0.00173059
0.00175718
0.0017834
0.00180913
0.00183438
0.00185903
0.00188286
0.00190589
0.00190335
0.000995849
0.00099481
0.00099373
0.000992611
0.000991452
0.000990254
0.000989019
0.000987745
0.000986431
0.000985078
0.000983688
0.00098226
0.000980794
0.000979289
0.000977747
0.000976168
0.000974553
0.000972906
0.000971231
0.000969535
0.000967826
0.000966113
0.00096441
0.00096273
0.000961089
0.000959505
0.000957995
0.000956579
0.000955277
0.000954106
0.000953085
0.000952232
0.000951559
0.000951069
0.000950777
0.000950696
0.000950839
0.000951218
0.000951843
0.000952728
0.000953882
0.00095532
0.000957054
0.0009591
0.000961476
0.000964201
0.000967293
0.000970776
0.00097467
0.000978999
0.000983786
0.00098905
0.000994814
0.00100109
0.00100791
0.00101526
0.00102317
0.00103164
0.00104067
0.00105025
0.00106037
0.00107104
0.00108223
0.00109393
0.00110611
0.00111877
0.00113189
0.00114545
0.00115944
0.00117385
0.00118867
0.00120391
0.00121957
0.00123568
0.00125224
0.0012693
0.00128689
0.00130505
0.00132383
0.00134327
0.00136343
0.00138435
0.00140606
0.0014286
0.00145197
0.00147616
0.00150116
0.00152689
0.00155328
0.00158022
0.00160758
0.00163521
0.00166294
0.00169062
0.0017181
0.0017453
0.00177203
0.00179797
0.00182302
0.00182454
0.000999481
0.000998755
0.000998001
0.000997218
0.000996406
0.000995565
0.000994695
0.000993796
0.000992868
0.000991908
0.000990918
0.000989897
0.000988843
0.000987757
0.000986637
0.000985482
0.000984293
0.00098307
0.000981816
0.000980532
0.000979223
0.000977893
0.000976551
0.000975205
0.000973864
0.000972541
0.000971249
0.000970003
0.000968813
0.000967693
0.000966656
0.000965719
0.000964894
0.000964196
0.000963635
0.000963226
0.000962981
0.000962911
0.00096303
0.000963348
0.000963877
0.000964629
0.000965614
0.000966844
0.000968332
0.000970089
0.000972129
0.000974465
0.000977112
0.000980084
0.000983397
0.000987065
0.000991102
0.000995523
0.00100034
0.00100556
0.0010112
0.00101726
0.00102375
0.00103067
0.00103802
0.0010458
0.00105401
0.00106264
0.00107167
0.00108112
0.00109097
0.00110121
0.00111184
0.00112287
0.00113429
0.00114612
0.00115837
0.00117107
0.00118423
0.0011979
0.00121211
0.00122693
0.0012424
0.00125859
0.00127556
0.00129338
0.0013121
0.0013318
0.0013525
0.00137425
0.00139706
0.00142091
0.00144577
0.00147157
0.00149821
0.00152557
0.00155349
0.00158181
0.00161035
0.00163899
0.00166747
0.00169543
0.0017226
0.0017301
0.00100125
0.00100071
0.00100015
0.00099957
0.000998971
0.000998353
0.000997715
0.000997058
0.00099638
0.000995682
0.00099496
0.000994216
0.000993449
0.000992656
0.000991837
0.00099099
0.000990114
0.00098921
0.000988277
0.000987316
0.000986328
0.000985316
0.000984284
0.000983237
0.000982182
0.000981125
0.000980075
0.000979042
0.000978034
0.000977062
0.000976133
0.000975249
0.000974422
0.000973664
0.000972987
0.000972402
0.000971922
0.000971557
0.000971318
0.000971216
0.000971263
0.000971467
0.00097184
0.00097239
0.000973129
0.000974065
0.000975208
0.000976569
0.000978157
0.000979982
0.000982054
0.000984384
0.000986982
0.000989857
0.000993018
0.000996474
0.00100023
0.0010043
0.00100869
0.00101339
0.00101842
0.00102377
0.00102945
0.00103546
0.0010418
0.00104846
0.00105545
0.00106277
0.00107042
0.0010784
0.00108673
0.00109542
0.00110448
0.00111394
0.00112382
0.00113417
0.00114502
0.00115642
0.00116843
0.00118111
0.00119454
0.00120879
0.00122393
0.00124005
0.00125722
0.0012755
0.00129495
0.00131562
0.00133751
0.00136062
0.00138491
0.00141032
0.00143673
0.00146403
0.00149205
0.00152066
0.00154959
0.00157851
0.00160692
0.001621
0.00100218
0.00100174
0.00100129
0.00100082
0.00100035
0.000999863
0.000999364
0.000998852
0.000998327
0.000997788
0.000997235
0.000996667
0.000996082
0.00099548
0.000994859
0.000994219
0.000993558
0.000992874
0.000992169
0.00099144
0.000990689
0.000989918
0.000989127
0.000988319
0.000987499
0.000986671
0.000985839
0.000985006
0.000984176
0.000983355
0.00098255
0.000981766
0.00098101
0.000980288
0.000979608
0.000978978
0.000978408
0.000977905
0.000977479
0.000977138
0.000976892
0.000976748
0.000976716
0.000976803
0.000977018
0.000977369
0.000977864
0.00097851
0.000979316
0.000980288
0.000981435
0.000982763
0.000984279
0.000985991
0.000987906
0.000990029
0.000992367
0.000994925
0.000997708
0.00100072
0.00100397
0.00100745
0.00101118
0.00101514
0.00101936
0.00102382
0.00102852
0.00103349
0.00103871
0.0010442
0.00104996
0.00105602
0.00106237
0.00106904
0.00107606
0.00108346
0.00109127
0.00109954
0.00110832
0.00111766
0.00112762
0.00113829
0.00114973
0.00116203
0.00117528
0.00118955
0.00120493
0.0012215
0.00123932
0.00125844
0.00127888
0.00130066
0.00132373
0.00134804
0.0013735
0.00140002
0.00142735
0.0014553
0.00148311
0.0015027
0.00100261
0.00100223
0.00100183
0.00100143
0.00100102
0.00100061
0.00100018
0.000999753
0.000999315
0.000998868
0.000998412
0.000997947
0.000997472
0.000996986
0.000996487
0.000995975
0.00099545
0.00099491
0.000994353
0.00099378
0.00099319
0.000992584
0.000991963
0.000991328
0.000990682
0.000990026
0.000989366
0.000988703
0.000988041
0.000987376
0.000986711
0.000986049
0.000985395
0.000984755
0.000984133
0.000983534
0.000982966
0.000982434
0.000981943
0.000981501
0.000981115
0.00098079
0.000980534
0.000980353
0.000980254
0.000980243
0.000980326
0.00098051
0.000980801
0.000981204
0.000981726
0.000982372
0.000983147
0.000984058
0.000985108
0.000986302
0.000987646
0.000989143
0.000990798
0.000992614
0.000994595
0.000996744
0.000999063
0.00100156
0.00100423
0.00100707
0.00101011
0.00101332
0.00101673
0.00102034
0.00102415
0.00102818
0.00103243
0.00103692
0.00104167
0.00104671
0.00105206
0.00105775
0.00106382
0.00107032
0.0010773
0.00108482
0.00109294
0.00110174
0.00111128
0.00112167
0.00113297
0.00114529
0.0011587
0.00117329
0.00118913
0.00120627
0.00122475
0.0012446
0.00126578
0.0012883
0.00131197
0.00133679
0.00136176
0.0013844
0.00100287
0.00100251
0.00100215
0.00100178
0.00100141
0.00100103
0.00100065
0.00100027
0.000999877
0.000999482
0.000999081
0.000998675
0.000998262
0.000997843
0.000997416
0.00099698
0.000996535
0.00099608
0.000995615
0.000995139
0.000994651
0.000994153
0.000993644
0.000993125
0.000992598
0.000992065
0.000991526
0.00099098
0.00099043
0.000989875
0.000989318
0.000988759
0.000988202
0.000987648
0.0009871
0.000986563
0.000986039
0.000985532
0.000985047
0.000984587
0.000984157
0.000983763
0.000983408
0.000983098
0.000982837
0.000982631
0.000982484
0.000982401
0.000982388
0.000982447
0.000982585
0.000982806
0.000983113
0.000983512
0.000984005
0.000984597
0.000985291
0.000986091
0.000987
0.00098802
0.000989155
0.000990407
0.000991779
0.000993272
0.000994889
0.000996634
0.000998507
0.00100051
0.00100265
0.00100494
0.00100736
0.00100994
0.00101268
0.00101559
0.00101869
0.00102198
0.00102549
0.00102925
0.00103327
0.00103759
0.00104225
0.00104729
0.00105275
0.00105871
0.0010652
0.00107232
0.00108011
0.00108868
0.00109809
0.00110843
0.0011198
0.00113226
0.00114589
0.00116077
0.00117691
0.0011944
0.00121311
0.00123323
0.00125358
0.00127639
0.00100301
0.00100267
0.00100232
0.00100197
0.00100161
0.00100126
0.0010009
0.00100054
0.00100017
0.000999801
0.000999429
0.000999054
0.000998675
0.000998292
0.000997904
0.000997511
0.000997112
0.000996707
0.000996294
0.000995875
0.000995449
0.000995015
0.000994574
0.000994128
0.000993677
0.000993223
0.000992767
0.000992309
0.000991845
0.000991375
0.000990901
0.000990423
0.000989943
0.000989462
0.000988983
0.000988507
0.000988037
0.000987574
0.000987121
0.000986682
0.000986258
0.000985854
0.000985471
0.000985115
0.000984787
0.000984492
0.000984234
0.000984015
0.00098384
0.000983712
0.000983634
0.00098361
0.000983644
0.000983739
0.000983897
0.000984123
0.000984418
0.000984785
0.000985227
0.000985747
0.000986345
0.000987026
0.000987789
0.000988637
0.000989572
0.000990596
0.000991709
0.000992915
0.000994215
0.000995613
0.000997111
0.000998713
0.00100043
0.00100225
0.00100421
0.00100629
0.00100852
0.00101092
0.00101349
0.00101626
0.00101925
0.0010225
0.00102603
0.00102988
0.0010341
0.00103874
0.00104385
0.00104948
0.00105571
0.00106261
0.00107025
0.00107871
0.00108806
0.00109839
0.00110976
0.00112226
0.00113583
0.00115078
0.0011658
0.00118653
0.00100312
0.00100278
0.00100244
0.0010021
0.00100176
0.00100141
0.00100107
0.00100072
0.00100036
0.00100001
0.000999654
0.000999296
0.000998934
0.000998571
0.000998204
0.000997835
0.000997462
0.000997084
0.000996703
0.000996316
0.000995925
0.000995529
0.000995129
0.000994726
0.000994321
0.000993916
0.000993508
0.000993097
0.000992682
0.000992263
0.000991842
0.000991418
0.000990992
0.000990565
0.000990138
0.000989712
0.000989289
0.000988869
0.000988453
0.000988045
0.000987645
0.000987256
0.00098688
0.000986518
0.000986174
0.00098585
0.000985548
0.00098527
0.000985021
0.000984801
0.000984614
0.000984463
0.000984349
0.000984277
0.000984247
0.000984263
0.000984327
0.00098444
0.000984606
0.000984825
0.000985099
0.00098543
0.00098582
0.000986269
0.000986778
0.00098735
0.000987984
0.000988682
0.000989445
0.000990274
0.000991172
0.00099214
0.000993181
0.000994299
0.000995498
0.000996784
0.000998163
0.000999646
0.00100124
0.00100296
0.00100483
0.00100685
0.00100905
0.00101146
0.0010141
0.001017
0.00102021
0.00102376
0.0010277
0.00103207
0.00103694
0.00104237
0.00104841
0.00105514
0.00106261
0.00107093
0.00108005
0.00109035
0.0011004
0.00111801
0.0010032
0.00100286
0.00100253
0.00100219
0.00100186
0.00100152
0.00100118
0.00100083
0.00100049
0.00100014
0.000999792
0.000999441
0.000999089
0.000998735
0.000998379
0.00099802
0.000997659
0.000997296
0.00099693
0.00099656
0.000996188
0.000995814
0.000995438
0.000995061
0.000994683
0.000994307
0.00099393
0.000993551
0.000993168
0.000992783
0.000992396
0.000992006
0.000991616
0.000991225
0.000990834
0.000990443
0.000990054
0.000989667
0.000989283
0.000988903
0.000988529
0.000988161
0.000987801
0.000987451
0.000987111
0.000986784
0.000986472
0.000986176
0.000985898
0.00098564
0.000985404
0.000985192
0.000985006
0.000984848
0.00098472
0.000984623
0.00098456
0.000984532
0.00098454
0.000984586
0.000984672
0.000984797
0.000984964
0.000985173
0.000985425
0.00098572
0.000986059
0.000986442
0.000986869
0.000987342
0.00098786
0.000988425
0.000989038
0.000989699
0.000990413
0.000991181
0.000992007
0.000992896
0.000993854
0.00099489
0.000996011
0.000997229
0.000998556
0.00100001
0.0010016
0.00100336
0.0010053
0.00100745
0.00100983
0.00101249
0.00101546
0.00101878
0.0010225
0.00102666
0.0010313
0.00103652
0.00104225
0.00104893
0.00105502
0.00106952
0.00100326
0.00100293
0.0010026
0.00100226
0.00100193
0.00100159
0.00100125
0.00100091
0.00100057
0.00100023
0.000999887
0.000999541
0.000999194
0.000998846
0.000998495
0.000998143
0.000997788
0.000997432
0.000997074
0.000996714
0.000996353
0.00099599
0.000995628
0.000995265
0.000994904
0.000994544
0.000994183
0.000993819
0.000993454
0.000993088
0.00099272
0.000992351
0.000991982
0.000991613
0.000991244
0.000990876
0.000990509
0.000990144
0.000989782
0.000989423
0.000989068
0.000988719
0.000988375
0.000988038
0.000987709
0.000987389
0.00098708
0.000986782
0.000986497
0.000986226
0.000985971
0.000985733
0.000985514
0.000985315
0.000985137
0.000984982
0.000984852
0.000984746
0.000984667
0.000984616
0.000984593
0.000984598
0.000984634
0.0009847
0.000984796
0.000984922
0.000985079
0.000985266
0.000985483
0.00098573
0.000986008
0.000986315
0.000986652
0.000987019
0.000987418
0.000987849
0.000988315
0.000988818
0.000989361
0.00098995
0.000990588
0.000991284
0.000992044
0.000992877
0.000993795
0.000994808
0.00099593
0.000997177
0.000998566
0.00100012
0.00100185
0.0010038
0.00100598
0.00100844
0.00101119
0.0010143
0.00101771
0.00102185
0.00102513
0.00103711
0.00100331
0.00100298
0.00100265
0.00100232
0.00100199
0.00100166
0.00100132
0.00100098
0.00100064
0.0010003
0.000999963
0.00099962
0.000999275
0.000998929
0.000998582
0.000998233
0.000997883
0.000997531
0.000997177
0.000996823
0.000996468
0.000996112
0.000995756
0.000995402
0.000995047
0.000994692
0.000994337
0.00099398
0.000993623
0.000993266
0.000992908
0.00099255
0.000992192
0.000991834
0.000991478
0.000991122
0.000990769
0.000990417
0.000990068
0.000989722
0.00098938
0.000989042
0.000988709
0.000988382
0.000988062
0.000987748
0.000987443
0.000987147
0.000986861
0.000986587
0.000986324
0.000986074
0.000985839
0.000985618
0.000985414
0.000985227
0.000985058
0.000984908
0.000984777
0.000984667
0.000984578
0.000984509
0.000984463
0.000984437
0.000984433
0.000984449
0.000984487
0.000984544
0.000984622
0.000984718
0.000984832
0.000984965
0.000985114
0.000985281
0.000985466
0.000985668
0.000985888
0.000986129
0.000986392
0.00098668
0.000986997
0.000987346
0.000987733
0.000988164
0.000988644
0.00098918
0.000989782
0.000990458
0.000991218
0.000992074
0.000993038
0.000994126
0.000995352
0.00099674
0.000998297
0.00100009
0.00100201
0.00100451
0.00100598
0.00101615
0.00100333
0.001003
0.00100268
0.00100235
0.00100201
0.00100168
0.00100135
0.00100101
0.00100067
0.00100033
0.000999991
0.000999649
0.000999305
0.000998961
0.000998614
0.000998267
0.000997918
0.000997569
0.000997218
0.000996866
0.000996514
0.000996162
0.000995811
0.00099546
0.000995112
0.000994764
0.000994416
0.000994065
0.000993714
0.000993361
0.000993008
0.000992655
0.000992302
0.00099195
0.000991599
0.000991249
0.000990901
0.000990555
0.000990211
0.000989871
0.000989534
0.000989201
0.000988872
0.000988548
0.00098823
0.000987918
0.000987613
0.000987316
0.000987026
0.000986746
0.000986475
0.000986215
0.000985966
0.000985728
0.000985503
0.000985291
0.000985093
0.000984909
0.000984739
0.000984584
0.000984444
0.000984319
0.000984209
0.000984113
0.000984031
0.000983964
0.000983908
0.000983866
0.000983834
0.000983812
0.0009838
0.000983797
0.000983801
0.000983813
0.000983833
0.00098386
0.000983895
0.00098394
0.000983996
0.000984065
0.000984151
0.000984256
0.000984384
0.000984541
0.000984729
0.000984954
0.000985222
0.000985538
0.000985907
0.000986337
0.000986834
0.000987408
0.000988065
0.000988821
0.000989674
0.000990679
0.000991719
0.000993246
0.000993639
0.00100264
0.00100336
0.00100303
0.00100271
0.00100238
0.00100205
0.00100172
0.00100139
0.00100105
0.00100071
0.00100037
0.00100003
0.000999693
0.00099935
0.000999006
0.00099866
0.000998313
0.000997965
0.000997616
0.000997267
0.000996916
0.000996566
0.000996216
0.000995864
0.000995512
0.000995159
0.000994806
0.000994453
0.0009941
0.000993746
0.000993393
0.000993039
0.000992686
0.000992333
0.00099198
0.000991629
0.000991278
0.000990929
0.000990582
0.000990237
0.000989894
0.000989554
0.000989218
0.000988885
0.000988557
0.000988233
0.000987914
0.0009876
0.000987293
0.000986992
0.000986697
0.000986411
0.000986132
0.000985861
0.000985599
0.000985347
0.000985103
0.00098487
0.000984646
0.000984432
0.000984228
0.000984034
0.000983849
0.000983672
0.000983505
0.000983345
0.000983192
0.000983044
0.000982902
0.000982764
0.000982628
0.000982495
0.000982363
0.000982231
0.0009821
0.000981969
0.000981839
0.000981711
0.000981586
0.000981467
0.000981356
0.000981256
0.000981171
0.000981105
0.000981062
0.000981045
0.000981061
0.000981111
0.000981201
0.000981335
0.000981516
0.000981748
0.000982037
0.000982385
0.000982804
0.000983285
0.000983878
0.000984459
0.000985477
0.000985321
0.000993622
0.00100333
0.00100301
0.00100268
0.00100235
0.00100202
0.00100169
0.00100135
0.00100102
0.00100068
0.00100034
0.000999996
0.000999653
0.000999309
0.000998963
0.000998616
0.000998268
0.00099792
0.00099757
0.000997219
0.000996869
0.000996517
0.000996166
0.000995816
0.000995466
0.000995117
0.000994769
0.000994418
0.000994066
0.000993711
0.000993355
0.000992997
0.000992639
0.000992281
0.000991922
0.000991563
0.000991205
0.000990847
0.00099049
0.000990134
0.00098978
0.000989427
0.000989076
0.000988728
0.000988382
0.00098804
0.0009877
0.000987364
0.000987032
0.000986704
0.00098638
0.000986061
0.000985747
0.000985437
0.000985133
0.000984834
0.000984541
0.000984253
0.00098397
0.000983691
0.000983418
0.000983148
0.000982882
0.000982619
0.000982358
0.000982099
0.000981839
0.000981579
0.000981317
0.000981053
0.000980784
0.000980512
0.000980234
0.000979952
0.000979665
0.000979374
0.00097908
0.000978786
0.000978494
0.000978207
0.000977929
0.000977664
0.000977418
0.000977194
0.000976999
0.000976836
0.000976712
0.000976628
0.000976591
0.000976603
0.000976666
0.000976784
0.000976959
0.000977192
0.000977491
0.000977844
0.000978301
0.000978728
0.000979573
0.000979245
0.000987191
0.00100335
0.00100303
0.0010027
0.00100237
0.00100204
0.00100171
0.00100137
0.00100103
0.00100069
0.00100035
0.00100001
0.000999664
0.000999317
0.000998969
0.00099862
0.000998269
0.000997916
0.000997563
0.000997209
0.000996853
0.000996494
0.000996134
0.000995772
0.000995409
0.000995045
0.00099468
0.000994314
0.000993948
0.000993579
0.00099321
0.000992838
0.000992465
0.000992091
0.000991715
0.000991338
0.00099096
0.000990581
0.000990201
0.00098982
0.000989439
0.000989057
0.000988675
0.000988293
0.000987911
0.000987529
0.000987148
0.000986767
0.000986386
0.000986007
0.000985627
0.000985249
0.000984871
0.000984493
0.000984117
0.00098374
0.000983364
0.000982987
0.00098261
0.000982232
0.000981852
0.00098147
0.000981086
0.000980697
0.000980304
0.000979906
0.000979501
0.000979089
0.00097867
0.000978241
0.000977803
0.000977357
0.000976901
0.000976438
0.000975968
0.000975494
0.000975018
0.000974544
0.000974077
0.000973621
0.000973183
0.000972769
0.000972386
0.00097204
0.000971739
0.000971489
0.000971296
0.000971164
0.000971099
0.000971103
0.000971179
0.000971328
0.000971551
0.000971849
0.000972225
0.000972668
0.000973221
0.000973751
0.000974697
0.000974501
0.000982348
0.00100326
0.00100293
0.0010026
0.00100226
0.00100193
0.00100159
0.00100125
0.0010009
0.00100056
0.00100021
0.000999863
0.000999511
0.000999158
0.000998802
0.000998445
0.000998086
0.000997725
0.000997362
0.000996997
0.000996631
0.000996263
0.000995893
0.000995523
0.000995151
0.00099478
0.000994405
0.000994025
0.00099364
0.00099325
0.000992855
0.000992456
0.000992053
0.000991646
0.000991234
0.000990819
0.000990399
0.000989976
0.000989548
0.000989117
0.000988682
0.000988243
0.000987799
0.000987352
0.000986901
0.000986446
0.000985987
0.000985523
0.000985056
0.000984583
0.000984107
0.000983625
0.000983138
0.000982646
0.000982148
0.000981645
0.000981135
0.000980618
0.000980094
0.000979562
0.000979022
0.000978472
0.000977913
0.000977343
0.000976762
0.000976169
0.000975564
0.000974947
0.000974317
0.000973674
0.00097302
0.000972355
0.000971682
0.000971002
0.00097032
0.000969639
0.000968965
0.000968305
0.000967665
0.000967054
0.00096648
0.000965954
0.000965485
0.000965083
0.000964757
0.000964515
0.000964366
0.000964314
0.000964365
0.000964521
0.000964783
0.000965152
0.000965625
0.000966199
0.000966877
0.000967642
0.000968534
0.000969415
0.000970714
0.000970921
0.000978839
0.00100326
0.00100292
0.00100259
0.00100225
0.0010019
0.00100156
0.00100121
0.00100085
0.00100049
0.00100013
0.00099977
0.000999403
0.000999032
0.000998657
0.00099828
0.000997898
0.000997513
0.000997123
0.000996728
0.000996327
0.000995922
0.000995511
0.000995096
0.000994676
0.000994251
0.000993822
0.000993387
0.000992945
0.000992498
0.000992043
0.000991581
0.000991112
0.000990635
0.00099015
0.000989657
0.000989156
0.000988646
0.000988128
0.000987601
0.000987064
0.000986519
0.000985964
0.0009854
0.000984826
0.000984242
0.000983647
0.000983042
0.000982426
0.000981799
0.00098116
0.00098051
0.000979847
0.000979172
0.000978484
0.000977782
0.000977067
0.000976338
0.000975594
0.000974835
0.000974061
0.000973271
0.000972465
0.000971644
0.000970806
0.000969953
0.000969084
0.000968201
0.000967306
0.000966399
0.000965484
0.000964564
0.000963644
0.000962729
0.000961825
0.000960942
0.000960087
0.000959271
0.000958506
0.000957805
0.00095718
0.000956646
0.000956216
0.000955904
0.00095572
0.000955674
0.000955776
0.00095603
0.000956438
0.000957001
0.000957715
0.000958575
0.000959573
0.000960699
0.000961948
0.000963296
0.000964777
0.000966246
0.000968111
0.000968943
0.000976924
0.00100298
0.00100263
0.00100227
0.00100191
0.00100154
0.00100117
0.00100079
0.00100041
0.00100002
0.000999628
0.000999228
0.000998821
0.000998408
0.000997988
0.000997562
0.00099713
0.00099669
0.000996243
0.000995788
0.000995326
0.000994857
0.00099438
0.000993895
0.000993403
0.000992902
0.000992388
0.000991861
0.00099132
0.000990765
0.000990196
0.000989614
0.000989018
0.000988407
0.000987782
0.000987143
0.000986489
0.00098582
0.000985135
0.000984435
0.000983718
0.000982986
0.000982237
0.000981471
0.000980688
0.000979887
0.000979068
0.000978231
0.000977376
0.000976502
0.000975608
0.000974696
0.000973763
0.000972811
0.000971838
0.000970846
0.000969833
0.0009688
0.000967746
0.000966673
0.000965581
0.000964469
0.00096334
0.000962194
0.000961033
0.000959859
0.000958674
0.000957483
0.000956288
0.000955095
0.000953911
0.000952742
0.000951598
0.000950488
0.000949425
0.000948421
0.000947493
0.000946656
0.000945928
0.000945327
0.000944872
0.000944581
0.000944471
0.000944556
0.000944848
0.000945355
0.000946082
0.000947026
0.000948183
0.00094954
0.000951082
0.00095279
0.000954642
0.000956612
0.000958683
0.000960815
0.000963032
0.000965181
0.000967627
0.000969113
0.000976653
0.00100267
0.00100227
0.00100186
0.00100144
0.00100101
0.00100057
0.00100012
0.000999654
0.000999182
0.000998698
0.000998203
0.000997695
0.000997176
0.000996644
0.000996098
0.000995539
0.000994964
0.000994374
0.000993769
0.000993148
0.000992511
0.000991858
0.00099119
0.000990505
0.000989804
0.000989085
0.000988347
0.000987591
0.000986816
0.00098602
0.000985204
0.000984367
0.000983509
0.000982629
0.000981727
0.000980802
0.000979855
0.000978884
0.000977891
0.000976873
0.000975832
0.000974767
0.000973677
0.000972563
0.000971423
0.000970259
0.000969069
0.000967855
0.000966615
0.00096535
0.00096406
0.000962746
0.000961407
0.000960045
0.000958659
0.000957252
0.000955824
0.000954377
0.000952913
0.000951434
0.000949942
0.000948441
0.000946935
0.000945429
0.000943928
0.000942439
0.000940969
0.000939527
0.000938125
0.000936774
0.000935489
0.000934284
0.000933178
0.000932191
0.000931344
0.000930659
0.00093016
0.000929872
0.000929817
0.000930017
0.000930491
0.000931254
0.000932313
0.000933671
0.000935321
0.000937249
0.000939431
0.000941836
0.000944424
0.000947152
0.000949971
0.000952831
0.000955684
0.00095849
0.000961195
0.000963808
0.000966179
0.000968611
0.000970202
0.000975631
0.00100105
0.00100051
0.000999954
0.00099938
0.000998787
0.000998175
0.000997542
0.000996889
0.000996215
0.00099552
0.000994804
0.000994066
0.000993306
0.000992524
0.000991719
0.000990892
0.000990043
0.00098917
0.000988275
0.000987356
0.000986415
0.000985451
0.000984466
0.000983453
0.00098241
0.000981338
0.000980237
0.000979106
0.000977947
0.000976758
0.00097554
0.000974293
0.000973016
0.000971711
0.000970377
0.000969013
0.000967621
0.000966199
0.000964748
0.000963268
0.00096176
0.000960222
0.000958656
0.000957062
0.00095544
0.000953791
0.000952116
0.000950414
0.000948688
0.000946938
0.000945166
0.000943374
0.000941563
0.000939736
0.000937897
0.000936047
0.000934191
0.000932334
0.000930481
0.000928638
0.000926812
0.00092501
0.000923243
0.000921521
0.000919856
0.000918261
0.000916753
0.000915348
0.000914066
0.00091293
0.000911961
0.000911188
0.000910636
0.000910334
0.000910312
0.000910599
0.000911221
0.000912203
0.000913562
0.000915311
0.000917451
0.000919972
0.000922851
0.00092605
0.000929516
0.000933182
0.000936969
0.000940788
0.000944548
0.000948155
0.000951521
0.000954569
0.000957232
0.000959468
0.000961234
0.000962558
0.000963334
0.000963778
0.00096373
0.000963308
0.00099663
0.000995726
0.000994789
0.00099382
0.000992816
0.000991779
0.000990707
0.000989601
0.000988461
0.000987288
0.00098608
0.000984839
0.000983566
0.000982259
0.000980917
0.000979542
0.000978132
0.000976689
0.000975212
0.000973704
0.000972163
0.000970591
0.000968987
0.000967353
0.000965686
0.000963989
0.00096226
0.0009605
0.000958709
0.000956888
0.000955036
0.000953155
0.000951244
0.000949304
0.000947335
0.000945339
0.000943315
0.000941265
0.00093919
0.00093709
0.000934966
0.00093282
0.000930653
0.000928467
0.000926263
0.000924045
0.000921814
0.000919573
0.000917325
0.000915075
0.000912827
0.000910585
0.000908355
0.000906144
0.000903959
0.000901808
0.000899701
0.000897647
0.000895659
0.000893751
0.000891936
0.000890231
0.000888655
0.000887227
0.000885971
0.00088491
0.000884071
0.000883482
0.000883174
0.000883178
0.000883527
0.000884254
0.000885391
0.000886967
0.000889006
0.000891526
0.000894534
0.000898023
0.000901971
0.000906333
0.000911042
0.000916004
0.000921101
0.000926192
0.000931117
0.000935704
0.000939784
0.000943195
0.000945799
0.000947487
0.000948192
0.000947887
0.000946586
0.000944348
0.00094124
0.000937396
0.000932854
0.000927702
0.000923155
0.000911396
0.000981796
0.000980062
0.000978281
0.000976452
0.000974578
0.000972658
0.000970695
0.000968689
0.000966642
0.000964556
0.000962431
0.00096027
0.000958073
0.000955842
0.000953578
0.000951283
0.000948958
0.000946604
0.000944224
0.000941819
0.000939387
0.000936924
0.000934432
0.000931912
0.000929367
0.000926796
0.000924203
0.000921588
0.000918953
0.000916299
0.000913628
0.000910942
0.000908242
0.00090553
0.000902808
0.000900079
0.000897343
0.000894605
0.000891866
0.00088913
0.0008864
0.000883679
0.000880973
0.000878285
0.00087562
0.000872986
0.000870387
0.000867831
0.000865327
0.000862883
0.000860508
0.000858215
0.000856015
0.000853921
0.000851948
0.000850112
0.000848429
0.000846919
0.0008456
0.000844495
0.000843627
0.00084302
0.000842699
0.000842691
0.000843024
0.000843727
0.000844827
0.000846353
0.000848331
0.000850783
0.000853728
0.000857179
0.000861135
0.000865587
0.000870504
0.000875836
0.000881502
0.000887391
0.000893354
0.000899201
0.000904707
0.000909611
0.000913635
0.000916495
0.000917928
0.00091772
0.000915721
0.000911869
0.000906193
0.000898816
0.000889942
0.000879846
0.000868827
0.000857189
0.000845189
0.000833089
0.000821077
0.000808966
0.000799756
0.00077602
0.000939908
0.000936618
0.000933294
0.000929939
0.000926554
0.000923142
0.000919707
0.00091625
0.000912775
0.000909281
0.00090577
0.000902244
0.000898706
0.000895157
0.0008916
0.000888037
0.00088447
0.0008809
0.000877331
0.000873765
0.000870202
0.000866646
0.000863098
0.000859561
0.000856035
0.000852524
0.00084903
0.000845555
0.000842102
0.000838674
0.000835274
0.000831905
0.000828571
0.000825276
0.000822024
0.000818821
0.00081567
0.000812578
0.000809551
0.000806594
0.000803716
0.000800924
0.000798226
0.000795631
0.000793149
0.000790788
0.000788561
0.000786477
0.000784549
0.000782789
0.00078121
0.000779823
0.000778641
0.000777676
0.000776939
0.000776439
0.000776187
0.00077619
0.000776454
0.000776982
0.000777774
0.000778827
0.000780133
0.000781678
0.000783445
0.000785406
0.000787529
0.000789772
0.000792085
0.000794407
0.000796668
0.000798788
0.000800675
0.000802229
0.000803335
0.000803872
0.000803708
0.000802699
0.000800698
0.000797555
0.000793125
0.000787278
0.000779918
0.000770997
0.000760537
0.000748636
0.000735479
0.000721323
0.000706483
0.000691325
0.000676251
0.000661658
0.00064785
0.000635048
0.000623384
0.000612964
0.000603845
0.00059561
0.000591665
0.000572608
0.000831746
0.000826526
0.000821345
0.000816204
0.000811107
0.000806054
0.000801049
0.000796087
0.000791169
0.000786296
0.00078147
0.000776692
0.000771964
0.000767287
0.000762662
0.000758091
0.000753575
0.000749117
0.000744717
0.000740378
0.000736101
0.000731889
0.000727743
0.000723667
0.000719663
0.000715733
0.000711881
0.000708111
0.000704426
0.000700829
0.000697325
0.000693918
0.000690612
0.000687412
0.000684322
0.000681346
0.000678488
0.000675753
0.000673144
0.000670663
0.000668313
0.000666095
0.000664009
0.000662052
0.000660223
0.000658515
0.000656921
0.000655431
0.000654027
0.000652688
0.000651385
0.000650089
0.000648761
0.000647359
0.000645832
0.000644127
0.000642181
0.000639925
0.000637286
0.000634185
0.000630542
0.000626275
0.000621306
0.000615564
0.000608987
0.000601533
0.00059318
0.000583934
0.000573831
0.000562944
0.00055138
0.000539283
0.000526827
0.000514208
0.00050164
0.000489339
0.000477516
0.00046636
0.000456035
0.000446666
0.00043834
0.000431103
0.000424962
0.000419896
0.000415861
0.000412801
0.000410662
0.000409382
0.000408923
0.000409313
0.000410623
0.000412876
0.000416047
0.000420114
0.000425026
0.000430756
0.000437149
0.000444111
0.000453135
0.000455209
0.000598737
0.000592685
0.000586747
0.000580923
0.000575208
0.000569599
0.000564096
0.000558694
0.000553391
0.000548185
0.000543074
0.000538055
0.000533126
0.000528286
0.000523531
0.000518861
0.000514273
0.000509766
0.000505338
0.000500988
0.000496714
0.000492515
0.000488389
0.000484335
0.000480351
0.000476435
0.000472585
0.000468799
0.000465073
0.000461404
0.000457788
0.000454221
0.000450695
0.000447206
0.000443745
0.000440303
0.00043687
0.000433435
0.000429985
0.000426507
0.000422986
0.000419405
0.000415746
0.000411993
0.000408126
0.000404127
0.000399976
0.000395657
0.000391117
0.000386334
0.000381294
0.000375987
0.000370406
0.000364549
0.000358419
0.000352026
0.000345384
0.000338516
0.000331452
0.00032423
0.000316896
0.000309504
0.000302116
0.000294798
0.000287627
0.000280681
0.000274043
0.000267799
0.000262035
0.000256838
0.000252292
0.000248476
0.000245467
0.000243335
0.000242143
0.000241948
0.000242797
0.000244729
0.000247777
0.000251962
0.000257298
0.000263792
0.000271441
0.000280238
0.000290163
0.000301187
0.000313231
0.000326148
0.000339793
0.000354067
0.000369061
0.000384597
0.000400037
0.000414963
0.000429051
0.000442126
0.000453985
0.000464881
0.000475088
0.00048825
0.000259949
0.000256747
0.000253646
0.000250645
0.000247739
0.000244926
0.000242204
0.000239571
0.000237026
0.000234565
0.000232187
0.000229891
0.000227675
0.000225537
0.000223475
0.000221489
0.000219578
0.000217738
0.00021597
0.000214272
0.000212643
0.000211082
0.000209588
0.000208159
0.000206794
0.000205494
0.000204257
0.000203082
0.00020197
0.000200919
0.000199929
0.000199001
0.000198135
0.000197332
0.000196592
0.000195917
0.000195308
0.000194767
0.000194297
0.0001939
0.000193579
0.000193339
0.000193183
0.000193117
0.000193145
0.000193275
0.000193512
0.000193864
0.00019434
0.000194948
0.000195699
0.000196603
0.000197673
0.000198922
0.000200364
0.000202016
0.000203896
0.000206021
0.000208415
0.0002111
0.000214101
0.000217446
0.000221166
0.000225293
0.000229863
0.000234914
0.000240487
0.000246625
0.000253374
0.000260778
0.000268886
0.000277741
0.000287385
0.000297853
0.000309173
0.000321356
0.000334398
0.000348271
0.000362921
0.000378261
0.000394167
0.000410481
0.00042701
0.000443531
0.000459795
0.000475556
0.000490452
0.000503542
0.000514702
0.000523894
0.000530894
0.000535674
0.000538711
0.000540401
0.000541049
0.000540979
0.000540158
0.000539519
0.000536632
0.000550266
0.000180212
0.000181061
0.000181886
0.000182685
0.000183459
0.000184207
0.000184929
0.000185623
0.000186289
0.000186928
0.000187537
0.000188118
0.000188669
0.00018919
0.000189681
0.000190141
0.00019057
0.000190968
0.000191335
0.000191669
0.000191971
0.000192241
0.000192478
0.000192682
0.000192852
0.000192988
0.000193091
0.000193159
0.000193192
0.00019319
0.000193151
0.000193077
0.000192966
0.000192817
0.00019263
0.000192403
0.000192137
0.00019183
0.000191481
0.000191089
0.000190653
0.000190172
0.000189644
0.000189067
0.00018844
0.000187762
0.00018703
0.000186243
0.000185399
0.000184495
0.00018353
0.000182501
0.000181407
0.000180245
0.000179012
0.000177708
0.000176329
0.000174874
0.000173341
0.00017173
0.000170039
0.000168268
0.000166418
0.00016449
0.000162488
0.000160415
0.000158279
0.000156087
0.000153853
0.000151592
0.000149321
0.000147067
0.000144858
0.000142727
0.000140716
0.000138869
0.000137234
0.00013586
0.000134794
0.000134078
0.000133742
0.000133802
0.000134254
0.000135075
0.00013622
0.00013763
0.000139245
0.000141408
0.000143898
0.000146445
0.000148835
0.000150912
0.000152592
0.000153845
0.000154686
0.000155135
0.000155288
0.000155074
0.000155077
0.000154943
2.02102e-05
5.27897e-05
5.83832e-05
6.15135e-05
6.32642e-05
6.41758e-05
6.45696e-05
6.46479e-05
6.44577e-05
6.40667e-05
6.38418e-05
6.38021e-05
6.37529e-05
6.37504e-05
6.38733e-05
6.42131e-05
6.48615e-05
6.58952e-05
6.733e-05
6.91937e-05
7.16492e-05
7.53629e-05
8.23483e-05
9.16327e-05
0.000101937
0.000112184
0.000121759
0.000130454
0.000138293
0.000145386
0.000151859
0.000157825
0.000163371
0.000168539
0.000173357
0.00017785
0.000182044
0.000185978
0.000189676
0.000193152
0.000196418
0.000199479
0.000202335
0.000204978
0.000207398
0.000209678
0.000211903
0.00021409
0.000216245
0.000218357
0.00022042
0.000222426
0.000224373
0.00022626
0.000228087
0.000229853
0.00023156
0.000233209
0.000234803
0.000236343
0.000237832
0.000239273
0.000240666
0.000242015
0.00024332
0.000244586
0.000245814
0.000247014
0.000248206
0.000249447
0.00025095
0.000252914
0.000254772
0.000256468
0.000258053
0.000259563
0.000260981
0.000262145
0.000262609
0.000262147
0.000262729
0.000263588
0.000264116
0.000264506
0.000264718
0.000264732
0.000264554
0.000264196
0.000263672
0.000262998
0.00026219
0.000261263
0.000260234
0.000259127
0.00025796
0.000256803
0.000255669
0.000254943
0.000254278
0.000257099
2.70632e-05
0.00011961
0.000234892
0.000312053
0.000366346
0.000409399
0.000445233
0.000475131
0.000497688
0.000512711
0.000520956
0.000524298
0.000525235
0.000525187
0.000524704
0.000523903
0.000522907
0.000522169
0.000517965
0.000509728
0.000497948
0.000484598
0.000470776
0.000457822
0.000450976
0.000455392
0.000473416
0.000504562
0.000546992
0.000598367
0.000656314
0.00072054
0.000797441
0.000882448
0.000969598
0.00105263
0.00112661
0.00119581
0.00126098
0.00132225
0.00137969
0.00143331
0.001483
0.00152846
0.00156918
0.00160532
0.00163859
0.00167015
0.00170087
0.00173095
0.00176021
0.00178853
0.00181585
0.0018421
0.00186726
0.00189129
0.00191417
0.00193588
0.00195638
0.00197568
0.00199375
0.00201059
0.00202616
0.00204044
0.00205343
0.0020651
0.00207546
0.00208445
0.00209198
0.00209791
0.00210229
0.00210561
0.00210811
0.00210942
0.00210942
0.00210791
0.00210454
0.00209877
0.00209048
0.00207954
0.00206918
0.0020606
0.0020525
0.00204293
0.00203193
0.00201978
0.00200669
0.00199282
0.00197832
0.00196325
0.0019477
0.00193168
0.00191525
0.00189837
0.00188116
0.00186347
0.00184626
0.00182944
0.00181316
0.00183602
3.187e-05
0.000176845
0.0003385
0.000457154
0.00054622
0.000614624
0.000667437
0.00070807
0.000738866
0.000761567
0.00077488
0.000778739
0.000773962
0.000761857
0.000744376
0.00072386
0.000702597
0.00068245
0.00066475
0.000650898
0.000642955
0.000644094
0.000657938
0.000687328
0.000734505
0.000800368
0.000883436
0.00098027
0.00109281
0.00121516
0.00133231
0.00144725
0.00155893
0.00166412
0.00176061
0.00184776
0.00192637
0.0019979
0.00206332
0.0021235
0.00217916
0.00223087
0.0022791
0.00232425
0.00236676
0.00240733
0.00244668
0.00248532
0.00252248
0.00255783
0.00259146
0.00262344
0.00265374
0.00268239
0.00270937
0.0027347
0.00275837
0.00278041
0.00280083
0.00281964
0.00283686
0.0028525
0.00286654
0.00287896
0.00288981
0.00289913
0.00290699
0.00291345
0.00291855
0.00292219
0.00292429
0.00292489
0.00292407
0.00292187
0.0029182
0.00291265
0.00290499
0.00289512
0.00288382
0.00287282
0.00286311
0.00285377
0.00284371
0.00283253
0.00282045
0.00280772
0.00279447
0.00278078
0.00276672
0.00275231
0.00273755
0.00272242
0.00270687
0.0026908
0.00267416
0.00265681
0.00263959
0.00262307
0.00261815
0.00265354
3.65987e-05
0.000220265
0.000407141
0.000544674
0.000648128
0.000727482
0.000788698
0.000835429
0.000869944
0.000891957
0.000902987
0.000904273
0.000897045
0.000882909
0.000864023
0.000843004
0.000822721
0.000806169
0.000796566
0.000797543
0.000812975
0.000846039
0.000897548
0.000964835
0.00104308
0.00113084
0.00124309
0.00137313
0.00150375
0.0016235
0.00173646
0.00184345
0.00194323
0.00203473
0.00211775
0.00219298
0.00226153
0.00232457
0.00238308
0.00243784
0.00248947
0.00253849
0.00258536
0.00263052
0.0026744
0.00271736
0.00275931
0.0027991
0.00283684
0.00287265
0.00290663
0.00293877
0.00296904
0.00299745
0.00302402
0.00304876
0.00307172
0.00309289
0.00311233
0.00313005
0.00314611
0.00316051
0.00317311
0.00318389
0.00319295
0.00320039
0.00320634
0.00321088
0.00321416
0.00321583
0.00321575
0.00321406
0.00321093
0.00320648
0.00320073
0.0031936
0.003185
0.00317497
0.00316405
0.00315337
0.00314353
0.00313417
0.00312457
0.00311445
0.00310387
0.00309295
0.00308177
0.00307037
0.00305877
0.00304695
0.00303488
0.00302248
0.00300963
0.00299619
0.00298197
0.00296697
0.00295186
0.00293895
0.00293957
0.00298554
4.05327e-05
0.000252034
0.000459618
0.000609596
0.000720199
0.000803616
0.00086731
0.000914646
0.0009481
0.000970676
0.000984564
0.000991319
0.000992324
0.000989091
0.000983453
0.000977676
0.000974547
0.000977423
0.000990083
0.00101608
0.00105739
0.00111264
0.00117627
0.00124193
0.00131936
0.0014178
0.00153285
0.00164399
0.001749
0.00184849
0.00194289
0.0020313
0.00211294
0.00218774
0.0022564
0.00231997
0.00237948
0.00243573
0.00248933
0.00254071
0.00259026
0.00263835
0.00268536
0.00273155
0.00277706
0.00282111
0.00286282
0.00290235
0.00293993
0.0029757
0.00300975
0.0030419
0.00307208
0.00310032
0.00312667
0.00315116
0.00317379
0.00319461
0.00321364
0.00323095
0.00324664
0.00326072
0.00327254
0.0032824
0.00329045
0.00329683
0.00330164
0.00330497
0.00330685
0.00330726
0.00330625
0.00330387
0.00330026
0.00329555
0.00328987
0.00328325
0.00327566
0.00326712
0.0032579
0.00324862
0.00323988
0.00323168
0.00322364
0.0032155
0.00320721
0.00319879
0.00319027
0.00318164
0.00317288
0.00316394
0.00315475
0.0031452
0.00313513
0.00312438
0.00311276
0.0031004
0.00308806
0.00307911
0.00308426
0.00313919
4.36495e-05
0.000278042
0.000502106
0.000659203
0.000770767
0.000850466
0.00090802
0.000950088
0.000981432
0.00100535
0.0010242
0.00103973
0.00105343
0.00106672
0.00108111
0.00109826
0.00112006
0.00114845
0.00118505
0.00123028
0.00128255
0.00133838
0.00139477
0.00145283
0.00152043
0.00159693
0.00167896
0.00176149
0.00184295
0.00192207
0.0019975
0.00206835
0.0021345
0.00219634
0.00225465
0.00231026
0.00236378
0.00241564
0.00246613
0.00251553
0.00256411
0.00261221
0.00265995
0.00270713
0.00275242
0.00279555
0.00283673
0.00287616
0.00291397
0.00295028
0.00298525
0.00301794
0.0030486
0.00307733
0.00310416
0.00312912
0.0031522
0.00317343
0.00319281
0.00321037
0.00322612
0.00323999
0.0032519
0.00326195
0.00327024
0.00327685
0.0032819
0.00328545
0.00328761
0.00328844
0.00328803
0.0032865
0.00328397
0.00328059
0.00327652
0.00327183
0.00326655
0.00326064
0.00325421
0.00324764
0.00324137
0.00323558
0.00323013
0.00322482
0.00321955
0.00321428
0.00320898
0.00320361
0.00319811
0.00319239
0.00318637
0.00317991
0.00317286
0.00316505
0.00315634
0.00314698
0.0031379
0.00313299
0.00314229
0.00320436
4.63821e-05
0.000297906
0.000530052
0.000685831
0.000790665
0.00086123
0.000909384
0.000943262
0.000968765
0.000989933
0.00100946
0.00102903
0.00104988
0.00107309
0.00109964
0.00113033
0.00116561
0.00120538
0.00124887
0.00129456
0.00134051
0.00138553
0.00143044
0.00147829
0.00153232
0.00159263
0.0016573
0.00172415
0.00179133
0.00185719
0.00192066
0.00198145
0.00203979
0.00209532
0.00214904
0.00220155
0.00225322
0.00230428
0.00235491
0.00240529
0.00245553
0.00250575
0.00255479
0.00260171
0.0026467
0.00268991
0.00273147
0.00277146
0.0028099
0.00284677
0.00288197
0.00291529
0.00294677
0.00297639
0.00300417
0.00303009
0.00305414
0.00307632
0.00309664
0.00311509
0.00313169
0.00314642
0.0031593
0.00317038
0.00317976
0.00318751
0.00319374
0.00319855
0.00320204
0.00320435
0.00320559
0.00320589
0.0032054
0.00320428
0.00320269
0.00320073
0.00319844
0.0031958
0.00319283
0.00318975
0.00318686
0.00318438
0.00318226
0.00318038
0.00317862
0.00317692
0.00317521
0.0031734
0.00317142
0.00316916
0.00316652
0.00316335
0.0031595
0.00315483
0.00314925
0.00314314
0.00313752
0.00313653
0.0031495
0.0032166
4.84618e-05
0.000310677
0.00054305
0.000691977
0.000785153
0.000841894
0.000876218
0.000897673
0.000912831
0.000925905
0.00093957
0.000955338
0.000973921
0.00099571
0.00102109
0.00105023
0.00108271
0.00111761
0.0011538
0.00119028
0.00122662
0.0012637
0.00130329
0.00134743
0.00139799
0.00145398
0.00151231
0.00157235
0.00163298
0.00169314
0.00175215
0.00180974
0.00186593
0.00192092
0.00197514
0.00202892
0.00208245
0.00213587
0.0021893
0.00224277
0.00229568
0.00234674
0.00239586
0.00244312
0.00248866
0.00253258
0.00257494
0.00261578
0.0026551
0.00269285
0.00272895
0.00276333
0.00279595
0.00282678
0.0028558
0.00288299
0.00290834
0.00293182
0.00295346
0.00297324
0.0029912
0.00300735
0.00302173
0.00303439
0.00304543
0.00305492
0.00306296
0.00306968
0.00307519
0.00307963
0.00308316
0.00308591
0.00308805
0.00308973
0.00309113
0.00309235
0.00309345
0.00309443
0.00309527
0.00309608
0.00309705
0.00309834
0.00309996
0.00310183
0.00310385
0.00310592
0.00310795
0.00310984
0.00311149
0.00311278
0.00311359
0.00311378
0.00311321
0.00311178
0.00310943
0.00310663
0.0031045
0.00310716
0.00312326
0.00319327
4.99652e-05
0.000317324
0.000545253
0.000681339
0.00075646
0.000794286
0.000811724
0.000819394
0.000823645
0.000827951
0.000834209
0.000843391
0.000855921
0.000871722
0.000890648
0.000912682
0.000937112
0.000963106
0.000990266
0.00101856
0.00104847
0.00108197
0.00111992
0.00116224
0.00120945
0.00126064
0.00131453
0.0013704
0.00142758
0.00148543
0.00154341
0.00160116
0.00165848
0.00171545
0.00177221
0.00182891
0.00188561
0.00194236
0.00199885
0.00205391
0.00210708
0.00215843
0.00220805
0.00225601
0.00230239
0.00234724
0.00239059
0.00243245
0.00247279
0.00251158
0.00254876
0.00258427
0.00261808
0.00265015
0.00268045
0.00270895
0.00273565
0.00276054
0.00278363
0.00280492
0.00282445
0.00284226
0.00285838
0.00287288
0.00288585
0.00289736
0.00290754
0.00291649
0.00292436
0.00293128
0.00293742
0.00294294
0.00294799
0.00295275
0.00295737
0.00296198
0.00296663
0.00297133
0.00297606
0.00298084
0.00298579
0.002991
0.0029965
0.0030022
0.00300802
0.00301385
0.00301959
0.00302513
0.00303035
0.00303513
0.00303933
0.00304284
0.00304552
0.00304728
0.00304815
0.00304862
0.00304985
0.00305585
0.00307454
0.00314552
5.08955e-05
0.000318726
0.000538077
0.000651589
0.000700096
0.000715675
0.00071783
0.000716279
0.000715331
0.000716656
0.000720852
0.000727982
0.000738
0.000750782
0.00076627
0.000784178
0.000803424
0.000823707
0.000845542
0.000869222
0.000894835
0.000924036
0.00095763
0.000995774
0.00103821
0.00108414
0.00113279
0.0011837
0.00123655
0.00129104
0.00134677
0.00140333
0.0014604
0.00151798
0.00157591
0.00163421
0.00169245
0.00174962
0.00180518
0.00185926
0.00191186
0.00196297
0.00201263
0.00206084
0.00210761
0.00215296
0.00219688
0.00223936
0.00228037
0.00231988
0.00235784
0.0023942
0.00242894
0.002462
0.00249337
0.00252302
0.00255093
0.00257712
0.00260159
0.00262434
0.00264542
0.00266487
0.00268274
0.0026991
0.00271402
0.00272762
0.00273999
0.00275126
0.00276157
0.00277108
0.00277994
0.00278832
0.00279638
0.00280429
0.00281218
0.00282019
0.00282836
0.00283672
0.00284522
0.00285386
0.00286268
0.00287172
0.00288098
0.0028904
0.00289989
0.00290934
0.00291863
0.00292765
0.00293628
0.00294439
0.00295185
0.00295854
0.00296434
0.0029692
0.00297317
0.00297677
0.00298118
0.00299018
0.00301099
0.0030813
5.1589e-05
0.000321383
0.000516855
0.000590096
0.000605644
0.000603783
0.000600375
0.000600044
0.000603315
0.000609931
0.000619464
0.000631307
0.00064496
0.000659996
0.000676811
0.000694753
0.00071277
0.000731172
0.000750409
0.000770975
0.000793528
0.000819041
0.000848189
0.000881184
0.000917774
0.000957411
0.000999605
0.00104411
0.00109083
0.00113971
0.00119054
0.0012429
0.00129654
0.00135162
0.00140714
0.00146228
0.0015166
0.00157012
0.00162276
0.00167448
0.00172521
0.0017749
0.00182348
0.00187091
0.00191715
0.00196216
0.0020059
0.00204834
0.00208942
0.00212911
0.00216736
0.00220414
0.00223939
0.00227308
0.00230518
0.00233566
0.00236452
0.00239175
0.00241736
0.00244136
0.00246379
0.0024847
0.00250414
0.0025222
0.00253895
0.00255451
0.00256899
0.00258252
0.00259524
0.0026073
0.00261886
0.00263007
0.0026411
0.00265209
0.00266317
0.00267446
0.00268601
0.00269783
0.00270988
0.00272213
0.00273457
0.00274721
0.00276001
0.00277293
0.00278585
0.00279868
0.00281129
0.00282356
0.00283538
0.00284661
0.00285712
0.00286681
0.00287557
0.00288337
0.00289028
0.00289683
0.00290419
0.00291588
0.0029384
0.00300671
5.14364e-05
0.000313315
0.000458302
0.000477842
0.000473399
0.000472197
0.000477874
0.00048903
0.000503116
0.000519728
0.00053824
0.000557986
0.000578343
0.000598653
0.000618589
0.000638208
0.000657553
0.000676847
0.000696285
0.00071623
0.000737267
0.00076013
0.000785446
0.000813539
0.000844357
0.000877618
0.000913066
0.000950611
0.000990314
0.00103236
0.00107666
0.0011226
0.00116976
0.00121735
0.00126548
0.00131395
0.00136253
0.00141105
0.00145939
0.00150741
0.001555
0.00160202
0.00164835
0.00169391
0.00173861
0.00178235
0.00182508
0.00186671
0.00190719
0.00194645
0.00198444
0.0020211
0.00205639
0.00209025
0.00212266
0.00215358
0.00218299
0.0022109
0.0022373
0.00226223
0.00228572
0.00230782
0.0023286
0.00234815
0.00236655
0.00238393
0.00240039
0.00241607
0.0024311
0.00244562
0.00245977
0.00247372
0.00248758
0.0025015
0.0025156
0.00252998
0.00254468
0.00255971
0.00257503
0.00259059
0.00260635
0.00262229
0.00263835
0.00265448
0.00267056
0.00268649
0.00270216
0.00271743
0.00273219
0.0027463
0.00275965
0.00277214
0.00278366
0.00279419
0.00280385
0.00281315
0.0028232
0.00283727
0.00286117
0.00292648
5.28268e-05
0.000291129
0.000336913
0.000339588
0.000346689
0.000361459
0.000380913
0.00040306
0.000426644
0.000451274
0.000476633
0.000502429
0.000528127
0.000553196
0.000577149
0.000599678
0.000621099
0.000641956
0.000662362
0.000682541
0.000702945
0.000724126
0.000746627
0.000770832
0.000796861
0.000824641
0.000854081
0.000885188
0.000918024
0.000952455
0.00098825
0.0010255
0.00106412
0.00110391
0.00114479
0.00118658
0.00122908
0.0012721
0.00131548
0.00135908
0.00140273
0.00144628
0.00148958
0.00153249
0.0015749
0.00161668
0.00165773
0.00169795
0.00173725
0.00177553
0.00181274
0.00184879
0.00188363
0.00191721
0.00194947
0.0019804
0.00200997
0.00203818
0.00206505
0.0020906
0.00211488
0.00213795
0.00215989
0.00218077
0.00220069
0.00221976
0.0022381
0.00225581
0.00227302
0.00228987
0.00230648
0.00232299
0.00233951
0.00235618
0.00237309
0.00239032
0.00240792
0.00242589
0.00244419
0.00246276
0.00248153
0.00250047
0.0025195
0.00253854
0.0025575
0.00257626
0.00259471
0.00261271
0.00263015
0.00264691
0.00266286
0.00267791
0.00269197
0.00270503
0.00271721
0.00272902
0.00274153
0.0027577
0.00278269
0.00284427
5.83154e-05
0.000183912
0.000221806
0.000245852
0.000270808
0.000297777
0.000325037
0.000352076
0.000378858
0.000405572
0.000432459
0.000459703
0.000486599
0.00051286
0.000538174
0.000562133
0.000584708
0.000606258
0.000627027
0.000647199
0.000667003
0.00068681
0.000707046
0.000728048
0.000750013
0.000773038
0.000797203
0.00082262
0.000849402
0.000877581
0.000907133
0.000938064
0.000970355
0.00100396
0.00103883
0.00107485
0.00111188
0.00114977
0.00118838
0.00122756
0.00126717
0.00130702
0.00134698
0.00138689
0.00142659
0.00146597
0.00150487
0.00154319
0.00158082
0.00161764
0.00165358
0.00168856
0.00172251
0.00175538
0.00178712
0.00181771
0.00184714
0.00187541
0.00190254
0.00192855
0.00195349
0.00197742
0.00200041
0.00202254
0.00204389
0.00206456
0.00208466
0.00210428
0.00212355
0.00214258
0.00216149
0.00218038
0.00219938
0.00221859
0.00223809
0.00225795
0.00227821
0.00229887
0.00231988
0.00234116
0.00236266
0.0023843
0.002406
0.00242768
0.00244923
0.00247055
0.0024915
0.00251198
0.00253185
0.00255099
0.0025693
0.00258668
0.00260304
0.0026184
0.00263287
0.00264695
0.00266165
0.00267963
0.00270548
0.00276285
9.41516e-05
0.000172806
0.000197881
0.00023107
0.000259843
0.000286079
0.000310181
0.000332694
0.000354367
0.000375798
0.000397317
0.000418848
0.000440691
0.0004628
0.000484974
0.000506902
0.000528337
0.000549238
0.000569672
0.000589718
0.000609465
0.000629065
0.00064874
0.000668718
0.000689182
0.000710255
0.000732036
0.000754647
0.000778215
0.00080284
0.000828576
0.000855457
0.000883504
0.000912736
0.00094315
0.000974704
0.00100732
0.00104089
0.00107532
0.00111047
0.00114623
0.00118246
0.00121901
0.00125573
0.00129248
0.00132913
0.00136554
0.0014016
0.00143718
0.0014722
0.00150655
0.00154017
0.00157299
0.00160496
0.00163603
0.00166617
0.00169539
0.00172366
0.00175101
0.00177746
0.00180303
0.00182779
0.00185179
0.00187511
0.00189782
0.00192
0.00194176
0.00196318
0.00198438
0.00200545
0.0020265
0.00204763
0.00206893
0.00209049
0.00211239
0.00213468
0.00215738
0.00218048
0.00220394
0.00222768
0.00225163
0.00227569
0.00229978
0.00232382
0.0023477
0.00237129
0.00239448
0.00241716
0.00243919
0.00246047
0.00248087
0.00250033
0.00251875
0.00253616
0.00255267
0.00256875
0.00258537
0.00260491
0.0026314
0.00268427
)
;

boundaryField
{
    outlet
    {
        type            calculated;
        value           nonuniform List<scalar> 
55
(
0.00261193
0.00254796
0.00248355
0.00241948
0.00235658
0.00229567
0.0022374
0.00218206
0.00212934
0.00207804
0.00202579
0.00196902
0.00190335
0.00182454
0.0017301
0.001621
0.0015027
0.0013844
0.00127639
0.00118653
0.00111801
0.00106952
0.00103711
0.00101615
0.00100264
0.000993622
0.000987191
0.000982348
0.000978839
0.000976924
0.000976653
0.000975631
0.000963308
0.000911396
0.00077602
0.000572608
0.000455209
0.00048825
0.000550266
0.000154943
0.000257099
0.00183602
0.00265354
0.00298554
0.00313919
0.00320436
0.0032166
0.00319327
0.00314552
0.0030813
0.00300671
0.00292648
0.00284427
0.00276285
0.00268427
)
;
    }
    inlet
    {
        type            calculated;
        value           uniform 0.00101694;
    }
    lowerWall
    {
        type            nutkWallFunction;
        Cmu             0.09;
        kappa           0.41;
        E               9.8;
        value           nonuniform List<scalar> 
148
(
0
3.97747e-07
1.03823e-06
1.60381e-06
2.09681e-06
2.52084e-06
2.88033e-06
3.18054e-06
3.42734e-06
3.6268e-06
3.78488e-06
3.90721e-06
3.999e-06
4.06497e-06
4.10929e-06
4.13561e-06
4.14711e-06
4.14649e-06
4.13609e-06
4.11787e-06
4.09348e-06
4.06432e-06
4.03155e-06
3.99613e-06
3.95887e-06
3.92043e-06
3.88136e-06
3.8421e-06
3.80302e-06
3.76443e-06
3.7265e-06
3.69017e-06
3.66756e-06
0
0
0
0
0
0
0
1.97823e-07
4.47023e-07
6.00646e-07
7.14884e-07
6.89777e-07
9.18204e-07
1.81131e-06
7.38316e-06
0
9.12119e-07
1.82225e-06
2.32575e-06
2.60566e-06
2.75095e-06
2.81362e-06
2.82607e-06
2.79581e-06
2.73358e-06
2.69775e-06
2.69142e-06
2.68359e-06
2.68318e-06
2.70277e-06
2.75688e-06
2.86003e-06
3.02415e-06
3.25133e-06
3.54533e-06
3.93092e-06
4.51042e-06
5.58933e-06
7.00309e-06
8.54836e-06
1.00632e-05
1.14612e-05
1.27176e-05
1.38404e-05
1.48489e-05
1.57635e-05
1.66017e-05
1.73771e-05
1.80965e-05
1.87646e-05
1.93853e-05
1.99629e-05
2.05031e-05
2.10094e-05
2.14843e-05
2.19294e-05
2.23457e-05
2.27333e-05
2.30914e-05
2.34188e-05
2.37267e-05
2.40269e-05
2.43215e-05
2.46113e-05
2.48952e-05
2.51719e-05
2.54408e-05
2.57015e-05
2.59538e-05
2.61978e-05
2.64335e-05
2.66611e-05
2.68808e-05
2.70929e-05
2.72977e-05
2.74955e-05
2.76867e-05
2.78715e-05
2.80503e-05
2.82232e-05
2.83907e-05
2.85532e-05
2.87118e-05
2.88693e-05
2.90331e-05
2.92316e-05
2.94903e-05
2.97351e-05
2.99582e-05
3.01667e-05
3.0365e-05
3.05512e-05
3.07039e-05
3.07647e-05
3.07042e-05
3.07805e-05
3.08931e-05
3.09623e-05
3.10134e-05
3.10412e-05
3.1043e-05
3.10197e-05
3.09728e-05
3.09042e-05
3.08158e-05
3.07098e-05
3.05882e-05
3.04531e-05
3.03077e-05
3.01543e-05
3.00023e-05
2.98531e-05
2.97575e-05
2.967e-05
3.00412e-05
)
;
    }
    upperWall
    {
        type            nutkWallFunction;
        Cmu             0.09;
        kappa           0.41;
        E               9.8;
        value           nonuniform List<scalar> 
133
(
1.21798e-05
1.2646e-05
1.30841e-05
1.34973e-05
1.38882e-05
1.42588e-05
1.46106e-05
1.49449e-05
1.52627e-05
1.55648e-05
1.58523e-05
1.61257e-05
1.63858e-05
1.66333e-05
1.68687e-05
1.70927e-05
1.73058e-05
1.75085e-05
1.77012e-05
1.78846e-05
1.80589e-05
1.82248e-05
1.83824e-05
1.85324e-05
1.8675e-05
1.88106e-05
1.89395e-05
1.90621e-05
1.91786e-05
1.92895e-05
1.93949e-05
1.94952e-05
1.95913e-05
1.97108e-05
1.98277e-05
1.99411e-05
2.00511e-05
2.01574e-05
2.02602e-05
2.03592e-05
2.04544e-05
2.05458e-05
2.06333e-05
2.07168e-05
2.07963e-05
2.08717e-05
2.0943e-05
2.10101e-05
2.10731e-05
2.11318e-05
2.11861e-05
2.12362e-05
2.12819e-05
2.13231e-05
2.136e-05
2.13923e-05
2.14201e-05
2.14433e-05
2.1462e-05
2.14759e-05
2.14852e-05
2.14897e-05
2.14894e-05
2.14842e-05
2.1474e-05
2.14588e-05
2.14385e-05
2.1413e-05
2.13821e-05
2.13458e-05
2.13038e-05
2.12562e-05
2.12027e-05
2.11431e-05
2.10773e-05
2.1005e-05
2.09261e-05
2.08404e-05
2.07475e-05
2.06473e-05
2.05394e-05
2.04236e-05
2.02996e-05
2.01671e-05
2.00258e-05
1.98753e-05
1.97154e-05
1.95456e-05
1.93657e-05
1.91754e-05
1.89744e-05
1.87624e-05
1.85393e-05
1.83048e-05
1.80589e-05
1.78016e-05
1.75332e-05
1.72539e-05
1.69643e-05
1.66653e-05
1.63581e-05
1.60442e-05
1.57258e-05
1.54056e-05
1.5087e-05
1.47741e-05
1.44717e-05
1.41858e-05
1.39226e-05
1.36893e-05
1.34929e-05
1.33404e-05
1.32378e-05
1.31897e-05
1.31983e-05
1.32631e-05
1.33806e-05
1.35444e-05
1.37459e-05
1.39762e-05
1.42843e-05
1.4638e-05
1.4999e-05
1.53369e-05
1.563e-05
1.58667e-05
1.6043e-05
1.61613e-05
1.62243e-05
1.62458e-05
1.62157e-05
1.62162e-05
1.61974e-05
)
;
    }
    frontAndBack
    {
        type            empty;
    }
}


// ************************************************************************* //
