/*--------------------------------*- C++ -*----------------------------------*\
| =========                 |                                                 |
| \\      /  F ield         | OpenFOAM: The Open Source CFD Toolbox           |
|  \\    /   O peration     | Version:  4.1                                   |
|   \\  /    A nd           | Web:      www.OpenFOAM.org                      |
|    \\/     M anipulation  |                                                 |
\*---------------------------------------------------------------------------*/
FoamFile
{
    version     2.0;
    format      ascii;
    class       volScalarField;
    location    "1400";
    object      p;
}
// * * * * * * * * * * * * * * * * * * * * * * * * * * * * * * * * * * * * * //

dimensions      [0 2 -2 0 0 0 0];

internalField   nonuniform List<scalar> 
6820
(
-8.24317
-8.50073
-8.59835
-8.61907
-8.65231
-8.69764
-8.73927
-8.77546
-8.80919
-8.84133
-8.87141
-8.89932
-8.92532
-8.94966
-8.97253
-8.99408
-9.01449
-9.03389
-9.05244
-9.07024
-9.0874
-9.10402
-9.12017
-9.13595
-9.1514
-9.1666
-9.18161
-9.19647
-9.21128
-9.22592
-9.2413
-9.25517
-9.28529
-8.35596
-8.52201
-8.60074
-8.62163
-8.64857
-8.68384
-8.71547
-8.74241
-8.76773
-8.79249
-8.81638
-8.83929
-8.86137
-8.88276
-8.90354
-8.92372
-8.94337
-8.96252
-8.98123
-8.99953
-9.01746
-9.03506
-9.05236
-9.0694
-9.08622
-9.10285
-9.11932
-9.13568
-9.15198
-9.16821
-9.18459
-9.20111
-9.21781
-8.41222
-8.51692
-8.59495
-8.62687
-8.65508
-8.6883
-8.71876
-8.74509
-8.76973
-8.79368
-8.8167
-8.83869
-8.85978
-8.88011
-8.89975
-8.91874
-8.93715
-8.95504
-8.97246
-8.98945
-9.00607
-9.02237
-9.03837
-9.05412
-9.06967
-9.08504
-9.10028
-9.11541
-9.13051
-9.14554
-9.16072
-9.17561
-9.19114
-8.462
-8.537
-8.60965
-8.64482
-8.6723
-8.70388
-8.73392
-8.76027
-8.78468
-8.80811
-8.83049
-8.85175
-8.87204
-8.89154
-8.91033
-8.92848
-8.94606
-8.96315
-8.9798
-8.99606
-9.01198
-9.0276
-9.04297
-9.05811
-9.07307
-9.08788
-9.10258
-9.11719
-9.13176
-9.14631
-9.1609
-9.17549
-9.19014
-8.50349
-8.55472
-8.61494
-8.6498
-8.67705
-8.70731
-8.73656
-8.7626
-8.78675
-8.80997
-8.83225
-8.85354
-8.87395
-8.89363
-8.91264
-8.93103
-8.94888
-8.96622
-8.98312
-8.9996
-9.01573
-9.03153
-9.04705
-9.06231
-9.07737
-9.09224
-9.10696
-9.12157
-9.13611
-9.1506
-9.16509
-9.17961
-9.19421
-8.53828
-8.57414
-8.62498
-8.66027
-8.68793
-8.71699
-8.74535
-8.77107
-8.79504
-8.81805
-8.84013
-8.86122
-8.88144
-8.9009
-8.91967
-8.93781
-8.95538
-8.97244
-8.98905
-9.00524
-9.02108
-9.03659
-9.05181
-9.06679
-9.08155
-9.09614
-9.11057
-9.12489
-9.13913
-9.15332
-9.16751
-9.18173
-9.19607
-8.56812
-8.59368
-8.63558
-8.66876
-8.69524
-8.72234
-8.74925
-8.77418
-8.79756
-8.82004
-8.84167
-8.86243
-8.88239
-8.90166
-8.9203
-8.93837
-8.95591
-8.97298
-8.98961
-9.00586
-9.02174
-9.03732
-9.0526
-9.06764
-9.08245
-9.09707
-9.11152
-9.12584
-9.14005
-9.15419
-9.16828
-9.18238
-9.19654
-8.59406
-8.61264
-8.64706
-8.67791
-8.70364
-8.72952
-8.75544
-8.77984
-8.80287
-8.82502
-8.84639
-8.86696
-8.88676
-8.9059
-8.92441
-8.94236
-8.95978
-8.97671
-8.99321
-9.00931
-9.02504
-9.04045
-9.05555
-9.0704
-9.08501
-9.09941
-9.11363
-9.1277
-9.14164
-9.15548
-9.16925
-9.18297
-9.19667
-8.61691
-8.63075
-8.65905
-8.68715
-8.71161
-8.73592
-8.76039
-8.78381
-8.80609
-8.82759
-8.84841
-8.86852
-8.88794
-8.90675
-8.92499
-8.9427
-8.95992
-8.97669
-8.99304
-9.00902
-9.02465
-9.03996
-9.05498
-9.06975
-9.08427
-9.09858
-9.11271
-9.12666
-9.14047
-9.15415
-9.16772
-9.1812
-9.1946
-8.63729
-8.64783
-8.67118
-8.69649
-8.71958
-8.74252
-8.76577
-8.78839
-8.8101
-8.83114
-8.85158
-8.87138
-8.89057
-8.90919
-8.92726
-8.94483
-8.96193
-8.97859
-8.99483
-9.0107
-9.02622
-9.04141
-9.0563
-9.07092
-9.08528
-9.09942
-9.11334
-9.12707
-9.14063
-9.15402
-9.16727
-9.18036
-9.19329
-8.65562
-8.66383
-8.68324
-8.70588
-8.72748
-8.74905
-8.77102
-8.79264
-8.81359
-8.83397
-8.85383
-8.87315
-8.89192
-8.91016
-8.92791
-8.94519
-8.96203
-8.97845
-8.99448
-9.01014
-9.02547
-9.04048
-9.05519
-9.06963
-9.08382
-9.09777
-9.1115
-9.12503
-9.13836
-9.1515
-9.16446
-9.17724
-9.18982
-8.67224
-8.67875
-8.69504
-8.71521
-8.73529
-8.75553
-8.77628
-8.79695
-8.81718
-8.83696
-8.85633
-8.87524
-8.89367
-8.91163
-8.92915
-8.94622
-8.96288
-8.97914
-8.99502
-9.01055
-9.02574
-9.04061
-9.05519
-9.06948
-9.0835
-9.09728
-9.11081
-9.12412
-9.13721
-9.15007
-9.16272
-9.17514
-9.18729
-8.68737
-8.69263
-8.70642
-8.72439
-8.74296
-8.76194
-8.78151
-8.80122
-8.82067
-8.83979
-8.85859
-8.877
-8.895
-8.91258
-8.92975
-8.94652
-8.96289
-8.97889
-8.99452
-9.00982
-9.02478
-9.03943
-9.05378
-9.06784
-9.08164
-9.09518
-9.10847
-9.12151
-9.13432
-9.14689
-9.15921
-9.17128
-9.18309
-8.7012
-8.7055
-8.71731
-8.73333
-8.75047
-8.76823
-8.78669
-8.80544
-8.82412
-8.8426
-8.86083
-8.87877
-8.89636
-8.91359
-8.93045
-8.94695
-8.96309
-8.97887
-8.9943
-9.0094
-9.02418
-9.03865
-9.05283
-9.06671
-9.08032
-9.09366
-9.10673
-9.11954
-9.1321
-9.14439
-9.15642
-9.16816
-9.17959
-8.71386
-8.71742
-8.72762
-8.74197
-8.75775
-8.77436
-8.79176
-8.8096
-8.82751
-8.84533
-8.86299
-8.88043
-8.89758
-8.91442
-8.93093
-8.94711
-8.96294
-8.97845
-8.99362
-9.00847
-9.023
-9.03723
-9.05116
-9.0648
-9.07815
-9.09123
-9.10403
-9.11656
-9.12882
-9.1408
-9.15249
-9.16389
-9.17498
-8.72545
-8.72842
-8.73733
-8.75022
-8.76476
-8.7803
-8.7967
-8.81366
-8.83082
-8.84799
-8.86508
-8.88202
-8.89874
-8.91519
-8.93136
-8.94722
-8.96278
-8.97802
-8.99295
-9.00756
-9.02187
-9.03588
-9.04959
-9.06301
-9.07614
-9.08899
-9.10156
-9.11384
-9.12583
-9.13753
-9.14894
-9.16003
-9.17078
-8.73603
-8.73854
-8.74638
-8.75803
-8.77145
-8.78599
-8.80147
-8.81759
-8.83402
-8.85056
-8.8671
-8.88354
-8.89981
-8.91587
-8.93167
-8.94721
-8.96246
-8.97741
-8.99207
-9.00642
-9.02047
-9.03422
-9.04768
-9.06084
-9.07371
-9.08629
-9.09858
-9.11057
-9.12227
-9.13367
-9.14475
-9.15552
-9.16596
-8.74566
-8.74779
-8.75476
-8.76535
-8.77777
-8.79138
-8.80601
-8.82135
-8.83709
-8.85302
-8.86901
-8.88496
-8.9008
-8.91646
-8.93191
-8.94711
-8.96206
-8.97673
-8.99111
-9.0052
-9.019
-9.03251
-9.04572
-9.05864
-9.07127
-9.08359
-9.09563
-9.10736
-9.11879
-9.12991
-9.14071
-9.15119
-9.16133
-8.75438
-8.7562
-8.76245
-8.77214
-8.78366
-8.79645
-8.81029
-8.8249
-8.83999
-8.85533
-8.8708
-8.88627
-8.90168
-8.91696
-8.93205
-8.94692
-8.96156
-8.97593
-8.99003
-9.00386
-9.01739
-9.03064
-9.04359
-9.05625
-9.0686
-9.08066
-9.09242
-9.10388
-9.11502
-9.12585
-9.13636
-9.14654
-9.15639
-8.76221
-8.76376
-8.76943
-8.77835
-8.7891
-8.80113
-8.81426
-8.82821
-8.84269
-8.85748
-8.87244
-8.88746
-8.90246
-8.91735
-8.93209
-8.94663
-8.96096
-8.97504
-8.98887
-9.00242
-9.01569
-9.02868
-9.04137
-9.05377
-9.06587
-9.07767
-9.08917
-9.10036
-9.11124
-9.1218
-9.13203
-9.14194
-9.15151
-8.76915
-8.7705
-8.77567
-8.78394
-8.79402
-8.8054
-8.81789
-8.83124
-8.84515
-8.85943
-8.87392
-8.88851
-8.9031
-8.91762
-8.93202
-8.94624
-8.96027
-8.97406
-8.9876
-9.00088
-9.01389
-9.02661
-9.03904
-9.05118
-9.06302
-9.07456
-9.08579
-9.09671
-9.10732
-9.11761
-9.12757
-9.13722
-9.14652
-8.77521
-8.77638
-8.78115
-8.78889
-8.7984
-8.8092
-8.82113
-8.83393
-8.84734
-8.86114
-8.8752
-8.88938
-8.9036
-8.91777
-8.93183
-8.94574
-8.95946
-8.97297
-8.98624
-8.99925
-9.01199
-9.02445
-9.03663
-9.04851
-9.0601
-9.07138
-9.08235
-9.09301
-9.10336
-9.11338
-9.12309
-9.13248
-9.14153
-8.78037
-8.7814
-8.78585
-8.79315
-8.80218
-8.8125
-8.82394
-8.83626
-8.84922
-8.8626
-8.87625
-8.89006
-8.90392
-8.91776
-8.93151
-8.94512
-8.95855
-8.97178
-8.98478
-8.99752
-9.01001
-9.02221
-9.03413
-9.04576
-9.05709
-9.06812
-9.07884
-9.08925
-9.09934
-9.10912
-9.11858
-9.12772
-9.13652
-8.78461
-8.78553
-8.78972
-8.79668
-8.80532
-8.81523
-8.82626
-8.83819
-8.85075
-8.86375
-8.87705
-8.89051
-8.90405
-8.91758
-8.93103
-8.94435
-8.95751
-8.97047
-8.9832
-8.99569
-9.00791
-9.01987
-9.03154
-9.04292
-9.054
-9.06477
-9.07524
-9.0854
-9.09525
-9.10478
-9.11399
-9.12289
-9.13146
-8.78788
-8.78873
-8.79274
-8.79943
-8.80778
-8.81737
-8.82807
-8.83966
-8.85189
-8.86457
-8.87755
-8.89071
-8.90395
-8.91719
-8.93037
-8.94342
-8.95632
-8.96902
-8.9815
-8.99375
-9.00573
-9.01744
-9.02887
-9.04001
-9.05085
-9.06139
-9.07163
-9.08155
-9.09117
-9.10047
-9.10945
-9.11813
-9.12647
-8.79014
-8.79094
-8.79482
-8.80134
-8.80947
-8.81883
-8.82928
-8.84061
-8.85257
-8.86498
-8.87769
-8.89059
-8.90357
-8.91656
-8.92948
-8.94228
-8.95493
-8.96739
-8.97962
-8.99162
-9.00336
-9.01483
-9.02602
-9.03692
-9.04752
-9.05782
-9.06781
-9.07749
-9.08687
-9.09593
-9.10469
-9.11313
-9.12127
-8.79131
-8.79209
-8.7959
-8.80232
-8.81034
-8.81955
-8.82983
-8.84097
-8.85273
-8.86494
-8.87743
-8.89011
-8.90287
-8.91563
-8.92833
-8.94091
-8.95333
-8.96557
-8.97759
-8.98937
-9.00089
-9.01214
-9.02311
-9.0338
-9.04418
-9.05427
-9.06405
-9.07353
-9.0827
-9.09156
-9.10011
-9.10835
-9.11628
-8.79132
-8.79211
-8.79593
-8.80234
-8.81034
-8.8195
-8.8297
-8.84074
-8.85238
-8.86443
-8.87677
-8.88927
-8.90184
-8.9144
-8.92689
-8.93926
-8.95147
-8.96349
-8.97528
-8.98683
-8.99813
-9.00915
-9.01989
-9.03034
-9.0405
-9.05035
-9.05991
-9.06915
-9.07809
-9.08673
-9.09506
-9.10309
-9.11082
-8.79007
-8.79092
-8.79483
-8.80135
-8.80944
-8.81866
-8.82888
-8.83991
-8.8515
-8.86349
-8.87573
-8.88811
-8.90055
-8.91297
-8.92531
-8.93752
-8.94957
-8.96141
-8.97303
-8.98441
-8.99552
-9.00637
-9.01693
-9.02719
-9.03717
-9.04684
-9.05621
-9.06528
-9.07404
-9.08249
-9.09065
-9.09849
-9.10602
-8.78743
-8.78839
-8.79249
-8.79925
-8.80757
-8.81698
-8.82733
-8.83844
-8.85008
-8.86205
-8.87424
-8.88654
-8.89886
-8.91114
-8.92332
-8.93535
-8.94721
-8.95886
-8.97027
-8.98144
-8.99234
-9.00297
-9.01331
-9.02336
-9.03311
-9.04256
-9.05171
-9.06056
-9.0691
-9.07735
-9.0853
-9.09296
-9.10033
-8.78324
-8.78435
-8.78879
-8.79597
-8.80468
-8.81441
-8.82503
-8.83635
-8.84814
-8.86022
-8.87247
-8.88479
-8.89711
-8.90935
-8.92147
-8.93343
-8.94519
-8.95673
-8.96803
-8.97907
-8.98984
-9.00033
-9.01052
-9.02043
-9.03003
-9.03933
-9.04833
-9.05702
-9.06541
-9.0735
-9.08129
-9.08877
-9.09593
-8.77724
-8.77861
-8.78357
-8.7914
-8.8007
-8.8109
-8.8219
-8.8335
-8.84548
-8.85767
-8.86995
-8.88225
-8.89451
-8.90666
-8.91866
-8.93047
-8.94207
-8.95344
-8.96456
-8.97541
-8.98599
-8.99628
-9.00628
-9.01598
-9.02538
-9.03448
-9.04328
-9.05177
-9.05997
-9.06788
-9.07549
-9.08283
-9.08989
-8.76912
-8.77087
-8.77664
-8.78542
-8.79557
-8.80649
-8.81811
-8.83026
-8.84269
-8.85521
-8.86775
-8.88024
-8.89262
-8.90483
-8.91686
-8.92867
-8.94023
-8.95155
-8.96259
-8.97335
-8.98382
-8.994
-9.00388
-9.01346
-9.02273
-9.03169
-9.04036
-9.04871
-9.05676
-9.06451
-9.07196
-9.0791
-9.08592
-8.75842
-8.76077
-8.7678
-8.77795
-8.78913
-8.80077
-8.81294
-8.82552
-8.83825
-8.85096
-8.86361
-8.87615
-8.88853
-8.90071
-8.91267
-8.92439
-8.93584
-8.94702
-8.95792
-8.96854
-8.97885
-8.98887
-8.99858
-9.00799
-9.0171
-9.0259
-9.0344
-9.04259
-9.05049
-9.0581
-9.06542
-9.07248
-9.07926
-8.74441
-8.74773
-8.7568
-8.76914
-8.78207
-8.79513
-8.80851
-8.82206
-8.83548
-8.84869
-8.8617
-8.87447
-8.887
-8.89926
-8.91124
-8.92294
-8.93435
-8.94546
-8.95627
-8.96678
-8.97698
-8.98687
-8.99645
-9.00572
-9.01467
-9.02332
-9.03166
-9.03969
-9.04742
-9.05485
-9.06197
-9.06879
-9.07529
-8.72602
-8.73111
-8.7432
-8.7577
-8.77165
-8.78552
-8.7998
-8.81411
-8.82807
-8.84166
-8.85496
-8.86794
-8.8806
-8.89291
-8.90491
-8.91658
-8.92793
-8.93897
-8.94968
-8.96008
-8.97017
-8.97994
-8.98941
-8.99856
-9.0074
-9.01594
-9.02417
-9.0321
-9.03974
-9.04708
-9.05415
-9.06094
-9.06746
-8.70109
-8.71024
-8.72964
-8.74938
-8.76581
-8.78121
-8.79673
-8.81184
-8.82622
-8.84001
-8.8534
-8.8664
-8.879
-8.89123
-8.90311
-8.91465
-8.92585
-8.93671
-8.94725
-8.95746
-8.96735
-8.97691
-8.98616
-8.9951
-9.00372
-9.01203
-9.02003
-9.02773
-9.03514
-9.04225
-9.04907
-9.05559
-9.06182
-8.66615
-8.67981
-8.70544
-8.7287
-8.74765
-8.76567
-8.78331
-8.79976
-8.81497
-8.82935
-8.84312
-8.85632
-8.869
-8.88122
-8.89304
-8.9045
-8.9156
-8.92636
-8.9368
-8.94692
-8.95673
-8.96623
-8.97543
-8.98432
-8.99291
-9.0012
-9.00919
-9.01689
-9.02429
-9.03139
-9.03819
-9.04468
-9.05084
-8.61876
-8.66642
-8.7058
-8.72607
-8.74234
-8.76069
-8.77865
-8.7946
-8.80915
-8.82308
-8.83651
-8.8494
-8.86177
-8.87371
-8.88526
-8.89644
-8.90728
-8.91779
-8.92798
-8.93786
-8.94744
-8.95672
-8.9657
-8.97439
-8.98279
-8.99092
-8.99876
-9.00634
-9.01366
-9.02074
-9.0276
-9.0343
-9.04086
-8.48443
-8.60661
-8.68126
-8.70549
-8.72181
-8.74283
-8.76331
-8.78051
-8.79584
-8.81065
-8.82518
-8.83929
-8.85301
-8.86642
-8.87957
-8.89245
-8.90505
-8.91736
-8.92938
-8.9411
-8.95251
-8.96359
-8.97436
-8.98479
-8.99488
-9.00464
-9.01406
-9.02313
-9.03185
-9.04022
-9.04825
-9.0559
-9.0633
-9.33275
-9.48874
-9.70608
-9.81043
-9.92125
-10.0275
-10.1091
-10.1721
-10.2213
-10.2574
-10.2823
-10.2972
-10.3037
-10.3038
-10.2998
-10.2945
-10.289
-10.2809
-10.2765
-10.2795
-10.2912
-10.3115
-10.3394
-10.3728
-10.4094
-10.4473
-10.4853
-10.5227
-10.5589
-10.593
-10.6239
-10.6507
-10.6727
-10.6894
-10.7006
-10.7057
-10.7047
-10.6973
-10.6833
-10.6627
-10.6352
-10.6005
-10.5585
-10.509
-10.4519
-10.3869
-10.314
-10.2329
-10.1434
-10.0454
-9.93861
-9.82278
-9.69772
-9.56325
-9.41923
-9.26554
-9.10213
-8.92898
-8.74616
-8.55378
-8.35202
-8.14115
-7.9215
-7.6935
-7.45764
-7.21453
-6.96483
-6.70926
-6.44859
-6.18364
-5.91522
-5.64421
-5.37148
-5.098
-4.82473
-4.55273
-4.28309
-4.01698
-3.75561
-3.50017
-3.25167
-3.01077
-2.77786
-2.55326
-2.33729
-2.13023
-1.93228
-1.74357
-1.56411
-1.39384
-1.23244
-1.07978
-0.934754
-0.797828
-0.665097
-0.541362
-0.410658
-0.302199
-0.144514
-0.0949687
-9.24813
-9.30077
-9.39292
-9.439
-9.49246
-9.56022
-9.62672
-9.69007
-9.7505
-9.80562
-9.85378
-9.89443
-9.92766
-9.95423
-9.97576
-9.99483
-10.014
-10.0294
-10.0453
-10.0658
-10.0926
-10.126
-10.1652
-10.2085
-10.2538
-10.2995
-10.3445
-10.3881
-10.4295
-10.468
-10.5027
-10.5327
-10.5574
-10.5764
-10.5894
-10.596
-10.5961
-10.5896
-10.5763
-10.5562
-10.5289
-10.4945
-10.4526
-10.4032
-10.3462
-10.2813
-10.2084
-10.1274
-10.0381
-9.94033
-9.83381
-9.71836
-9.5938
-9.45995
-9.31669
-9.16391
-9.00157
-8.82967
-8.64827
-8.45749
-8.25753
-8.04864
-7.83116
-7.60552
-7.37221
-7.13181
-6.88498
-6.63242
-6.3749
-6.11319
-5.84812
-5.58052
-5.31127
-5.04129
-4.77154
-4.50304
-4.23685
-3.9741
-3.71596
-3.46356
-3.21787
-2.97954
-2.74898
-2.52653
-2.31251
-2.10718
-1.91075
-1.72336
-1.54501
-1.37566
-1.21499
-1.0629
-0.918298
-0.781699
-0.649232
-0.525863
-0.395738
-0.288576
-0.133535
-0.0881289
-9.20958
-9.23095
-9.27547
-9.30299
-9.32637
-9.35907
-9.39446
-9.42924
-9.46422
-9.49882
-9.53206
-9.56334
-9.59241
-9.6195
-9.64561
-9.67249
-9.70151
-9.73167
-9.76296
-9.79797
-9.83836
-9.88435
-9.93514
-9.98915
-10.0445
-10.0997
-10.1535
-10.2051
-10.2537
-10.2987
-10.3391
-10.3743
-10.4036
-10.4266
-10.4432
-10.453
-10.4558
-10.4517
-10.4406
-10.4222
-10.3966
-10.3636
-10.3231
-10.2749
-10.219
-10.1552
-10.0835
-10.0036
-9.91539
-9.81874
-9.71345
-9.59931
-9.47616
-9.34383
-9.20222
-9.05122
-8.89081
-8.72099
-8.54182
-8.35344
-8.15604
-7.94987
-7.73529
-7.51269
-7.28257
-7.04551
-6.80214
-6.55315
-6.29928
-6.0413
-5.78001
-5.51622
-5.25079
-4.98463
-4.71867
-4.4539
-4.19135
-3.93212
-3.67734
-3.42807
-3.18525
-2.94953
-2.72134
-2.50103
-2.28892
-2.08528
-1.89031
-1.70416
-1.52683
-1.35831
-1.19828
-1.04666
-0.902396
-0.766031
-0.633772
-0.510688
-0.381195
-0.275184
-0.123182
-0.0811546
-9.20746
-9.23051
-9.26683
-9.29495
-9.31387
-9.33445
-9.3549
-9.37225
-9.38754
-9.40165
-9.41452
-9.42626
-9.43733
-9.44851
-9.46097
-9.47629
-9.49586
-9.52011
-9.54806
-9.58118
-9.62072
-9.66675
-9.71836
-9.77401
-9.8319
-9.89037
-9.9481
-10.004
-10.0572
-10.1068
-10.1517
-10.1913
-10.225
-10.2522
-10.2727
-10.2861
-10.2925
-10.2916
-10.2834
-10.2678
-10.2447
-10.2141
-10.1758
-10.1298
-10.076
-10.0143
-9.94451
-9.8666
-9.7804
-9.68577
-9.58253
-9.4705
-9.34954
-9.2195
-9.08027
-8.93177
-8.77398
-8.60691
-8.43063
-8.24528
-8.05104
-7.84819
-7.63705
-7.41803
-7.19162
-6.95837
-6.7189
-6.47388
-6.22403
-5.97011
-5.71289
-5.45317
-5.1918
-4.92964
-4.66762
-4.4067
-4.14789
-3.89224
-3.64084
-3.39471
-3.15476
-2.92163
-2.69576
-2.47752
-2.26724
-2.06519
-1.87158
-1.68656
-1.51014
-1.34232
-1.1828
-1.03153
-0.887485
-0.751236
-0.619104
-0.496194
-0.367365
-0.262306
-0.113684
-0.0741926
-9.21181
-9.23387
-9.26162
-9.28524
-9.30209
-9.31894
-9.33602
-9.35081
-9.36328
-9.37389
-9.38244
-9.3889
-9.3937
-9.39762
-9.40186
-9.40792
-9.41729
-9.43083
-9.4487
-9.47196
-9.50166
-9.53799
-9.58032
-9.62744
-9.67789
-9.73021
-9.78308
-9.83539
-9.88608
-9.93409
-9.97843
-10.0182
-10.0526
-10.0812
-10.1033
-10.1188
-10.1272
-10.1286
-10.1227
-10.1094
-10.0886
-10.0603
-10.0243
-9.98058
-9.929
-9.86949
-9.80196
-9.7263
-9.64238
-9.55005
-9.44917
-9.33959
-9.22114
-9.09372
-8.95721
-8.81156
-8.65674
-8.49277
-8.31973
-8.13774
-7.94701
-7.74778
-7.54039
-7.32524
-7.10279
-6.87358
-6.63823
-6.39737
-6.15172
-5.90199
-5.64896
-5.3934
-5.13614
-4.87803
-4.61997
-4.3629
-4.1078
-3.85569
-3.60761
-3.36455
-3.12737
-2.89672
-2.67307
-2.45679
-2.24821
-2.04762
-1.85522
-1.67117
-1.49551
-1.32823
-1.16908
-1.018
-0.874028
-0.737752
-0.605642
-0.482773
-0.354594
-0.25028
-0.105229
-0.0675037
-9.21319
-9.23376
-9.25738
-9.27977
-9.29798
-9.31503
-9.33155
-9.34584
-9.35746
-9.36677
-9.3738
-9.37863
-9.38168
-9.38368
-9.38564
-9.38878
-9.39432
-9.40313
-9.41581
-9.43299
-9.45554
-9.48374
-9.51718
-9.55501
-9.59611
-9.63933
-9.68358
-9.72788
-9.77126
-9.81279
-9.85151
-9.88658
-9.91723
-9.9428
-9.96277
-9.97671
-9.98428
-9.98523
-9.97934
-9.96642
-9.94631
-9.91887
-9.88395
-9.84145
-9.79126
-9.73327
-9.66738
-9.59346
-9.5114
-9.42104
-9.32225
-9.21487
-9.09876
-8.97381
-8.83993
-8.69704
-8.54512
-8.38421
-8.21437
-8.03573
-7.84847
-7.65286
-7.44921
-7.2379
-7.01939
-6.7942
-6.56292
-6.32618
-6.08466
-5.83907
-5.59015
-5.33867
-5.08543
-4.83127
-4.57706
-4.32372
-4.0722
-3.82349
-3.57858
-3.33844
-3.10389
-2.87558
-2.65398
-2.43949
-2.23244
-2.03313
-1.84177
-1.65852
-1.48343
-1.31652
-1.15756
-1.0065
-0.862441
-0.725979
-0.593765
-0.470786
-0.34321
-0.239408
-0.0980044
-0.0612978
-9.21323
-9.23299
-9.25431
-9.27494
-9.29255
-9.30843
-9.32341
-9.33661
-9.3476
-9.35658
-9.36366
-9.36889
-9.37258
-9.37534
-9.37795
-9.38141
-9.3867
-9.39462
-9.4058
-9.42074
-9.44011
-9.46414
-9.49251
-9.52454
-9.55932
-9.59588
-9.63328
-9.67065
-9.70715
-9.74195
-9.77424
-9.80328
-9.82836
-9.84891
-9.8644
-9.87443
-9.87864
-9.87675
-9.86851
-9.85371
-9.83214
-9.80362
-9.76799
-9.72509
-9.6748
-9.61697
-9.55149
-9.4782
-9.39698
-9.30768
-9.21014
-9.10421
-8.98975
-8.86664
-8.73479
-8.59413
-8.44463
-8.28632
-8.11926
-7.94358
-7.75944
-7.5671
-7.36685
-7.15908
-6.94422
-6.72277
-6.49529
-6.26241
-6.02477
-5.78306
-5.53801
-5.29038
-5.04093
-4.79049
-4.53991
-4.29008
-4.04193
-3.7964
-3.55447
-3.31704
-3.08492
-2.85875
-2.63902
-2.42613
-2.22042
-2.02219
-1.83167
-1.64903
-1.47433
-1.3076
-1.14863
-0.997415
-0.853095
-0.716276
-0.583817
-0.460567
-0.333509
-0.22998
-0.0921633
-0.0557915
-9.21263
-9.23135
-9.25087
-9.26984
-9.28689
-9.30243
-9.31701
-9.33013
-9.34133
-9.35066
-9.35819
-9.364
-9.36839
-9.37188
-9.37517
-9.3791
-9.38453
-9.39217
-9.40262
-9.41638
-9.43393
-9.45543
-9.48063
-9.50895
-9.53961
-9.57178
-9.60459
-9.63723
-9.66891
-9.69885
-9.72633
-9.75065
-9.77118
-9.78736
-9.79873
-9.80489
-9.80551
-9.80033
-9.78911
-9.77161
-9.74766
-9.71706
-9.67964
-9.63526
-9.58375
-9.52499
-9.45883
-9.38512
-9.30372
-9.21448
-9.11724
-9.01186
-8.89818
-8.77609
-8.64549
-8.50631
-8.35853
-8.20214
-8.03723
-7.86389
-7.68229
-7.49267
-7.29532
-7.09059
-6.8789
-6.66074
-6.43665
-6.20721
-5.97307
-5.73489
-5.49337
-5.24925
-5.00329
-4.75627
-4.50904
-4.26245
-4.01741
-3.77482
-3.53562
-3.30067
-3.07077
-2.84653
-2.62847
-2.41698
-2.21241
-2.01508
-1.8252
-1.64297
-1.46847
-1.30173
-1.14257
-0.991016
-0.846265
-0.70892
-0.576068
-0.452381
-0.325731
-0.222228
-0.0878177
-0.0511585
-9.21017
-9.22809
-9.24639
-9.26421
-9.2807
-9.29583
-9.30984
-9.32248
-9.33343
-9.3427
-9.35039
-9.35663
-9.3617
-9.36605
-9.37027
-9.37507
-9.38113
-9.38911
-9.39951
-9.41281
-9.42933
-9.44922
-9.47226
-9.49797
-9.52567
-9.55464
-9.58409
-9.61326
-9.64142
-9.66783
-9.69181
-9.71269
-9.72988
-9.74286
-9.75115
-9.75439
-9.75223
-9.74442
-9.73072
-9.7109
-9.68479
-9.65219
-9.61296
-9.56693
-9.51396
-9.45392
-9.38667
-9.31207
-9.22997
-9.14024
-9.04271
-8.93726
-8.82373
-8.70202
-8.57203
-8.4337
-8.28699
-8.13191
-7.96852
-7.79693
-7.6173
-7.42984
-7.23484
-7.03263
-6.82362
-6.60827
-6.38711
-6.16069
-5.92964
-5.6946
-5.45625
-5.2153
-4.97249
-4.7286
-4.48443
-4.24081
-3.99861
-3.75872
-3.52201
-3.28933
-3.06143
-2.83894
-2.62235
-2.41208
-2.20848
-2.01185
-1.82245
-1.64046
-1.46597
-1.29904
-1.13954
-0.987464
-0.84212
-0.704089
-0.570701
-0.446414
-0.320039
-0.21632
-0.0850263
-0.0475296
-9.20811
-9.22518
-9.24238
-9.25919
-9.27492
-9.28952
-9.30305
-9.3154
-9.32634
-9.33584
-9.34397
-9.35085
-9.35672
-9.36195
-9.36706
-9.37262
-9.37924
-9.38747
-9.39779
-9.4106
-9.42616
-9.44461
-9.46576
-9.48918
-9.51431
-9.5405
-9.56705
-9.59325
-9.61841
-9.64186
-9.66293
-9.681
-9.69551
-9.70592
-9.7118
-9.71276
-9.70847
-9.69866
-9.68308
-9.6615
-9.63375
-9.59962
-9.55898
-9.51165
-9.4575
-9.39639
-9.3282
-9.25278
-9.16999
-9.07971
-8.98179
-8.8761
-8.76252
-8.64094
-8.51127
-8.37345
-8.22747
-8.07333
-7.91109
-7.74085
-7.56277
-7.37707
-7.18402
-6.98393
-6.77721
-6.56429
-6.34568
-6.12194
-5.89364
-5.66141
-5.42592
-5.18785
-4.94793
-4.7069
-4.46554
-4.22465
-3.98509
-3.74768
-3.51327
-3.28268
-3.05662
-2.83571
-2.62044
-2.41123
-2.20844
-2.01238
-1.8233
-1.6414
-1.46678
-1.29952
-1.13951
-0.986781
-0.840702
-0.701843
-0.567787
-0.442753
-0.316507
-0.212339
-0.0837832
-0.0449711
-9.20427
-9.22066
-9.23704
-9.25304
-9.26818
-9.28232
-9.29552
-9.30764
-9.31852
-9.32813
-9.33651
-9.3438
-9.35023
-9.35612
-9.36192
-9.36812
-9.37524
-9.38375
-9.39407
-9.40654
-9.42139
-9.43868
-9.45828
-9.4798
-9.50276
-9.52658
-9.55064
-9.57428
-9.59686
-9.61774
-9.6363
-9.65195
-9.66415
-9.6724
-9.67625
-9.67532
-9.66928
-9.65785
-9.64077
-9.61782
-9.58879
-9.5535
-9.51178
-9.46348
-9.40846
-9.34656
-9.27767
-9.20165
-9.11837
-9.02769
-8.92949
-8.82365
-8.71005
-8.5886
-8.45922
-8.32186
-8.1765
-8.02317
-7.86192
-7.69286
-7.51615
-7.33199
-7.14066
-6.94247
-6.7378
-6.52708
-6.3108
-6.08948
-5.8637
-5.63408
-5.40123
-5.16585
-4.92861
-4.69026
-4.45153
-4.21322
-3.97612
-3.74105
-3.50881
-3.28017
-3.05583
-2.83638
-2.62232
-2.41407
-2.21198
-2.01637
-1.8275
-1.64557
-1.47071
-1.30301
-1.14237
-0.988869
-0.841939
-0.702134
-0.567295
-0.441381
-0.315115
-0.210277
-0.0840182
-0.0434828
-9.20111
-9.21681
-9.23243
-9.24768
-9.26225
-9.27593
-9.28875
-9.3006
-9.31139
-9.32106
-9.32968
-9.33738
-9.34435
-9.35088
-9.35733
-9.36412
-9.37168
-9.38042
-9.3907
-9.40281
-9.41694
-9.43312
-9.45125
-9.47098
-9.4919
-9.51349
-9.53519
-9.55641
-9.57655
-9.59501
-9.61121
-9.6246
-9.63464
-9.64086
-9.64282
-9.64016
-9.63252
-9.61963
-9.60122
-9.57706
-9.54694
-9.51068
-9.46809
-9.41901
-9.36331
-9.30083
-9.23144
-9.15501
-9.0714
-8.98051
-8.88219
-8.77633
-8.66284
-8.54162
-8.4126
-8.27575
-8.13105
-7.97854
-7.81827
-7.65036
-7.47496
-7.29229
-7.1026
-6.90621
-6.70349
-6.49485
-6.28078
-6.06177
-5.8384
-5.61125
-5.38094
-5.14812
-4.91346
-4.67767
-4.44148
-4.20564
-3.97092
-3.73808
-3.50792
-3.28115
-3.05845
-2.8404
-2.62748
-2.42011
-2.21865
-2.02343
-1.83469
-1.65266
-1.47747
-1.30923
-1.1479
-0.993528
-0.845658
-0.704815
-0.569097
-0.442191
-0.315755
-0.210046
-0.0856013
-0.0429968
-9.19653
-9.21166
-9.22665
-9.24129
-9.25535
-9.26866
-9.28113
-9.29277
-9.30348
-9.31324
-9.32207
-9.33009
-9.33749
-9.3445
-9.35144
-9.35865
-9.36652
-9.37539
-9.38557
-9.39729
-9.41072
-9.4259
-9.44269
-9.46081
-9.47988
-9.49944
-9.519
-9.53801
-9.55592
-9.57217
-9.58621
-9.59752
-9.60559
-9.60995
-9.6102
-9.60595
-9.59686
-9.58266
-9.56306
-9.53783
-9.50676
-9.46964
-9.42631
-9.3766
-9.32034
-9.2574
-9.18765
-9.11093
-9.02714
-8.93614
-8.83782
-8.73207
-8.61878
-8.49789
-8.36933
-8.23306
-8.08909
-7.93745
-7.7782
-7.61147
-7.4374
-7.25621
-7.06816
-6.87355
-6.67274
-6.46616
-6.25425
-6.03751
-5.8165
-5.59177
-5.36394
-5.13363
-4.9015
-4.66823
-4.43452
-4.2011
-3.9687
-3.73807
-3.50993
-3.28499
-3.0639
-2.84721
-2.63539
-2.42888
-2.22801
-2.03313
-1.84448
-1.6623
-1.48673
-1.3179
-1.1558
-1.0005
-0.851625
-0.709676
-0.572999
-0.44501
-0.318254
-0.211487
-0.0883584
-0.0433907
-9.1925
-9.20708
-9.22149
-9.23557
-9.24913
-9.26204
-9.27419
-9.28557
-9.29616
-9.30595
-9.31493
-9.32321
-9.33094
-9.33835
-9.34569
-9.35326
-9.36136
-9.37031
-9.38034
-9.39167
-9.40441
-9.41861
-9.43412
-9.45071
-9.46801
-9.48564
-9.50315
-9.52005
-9.53581
-9.54993
-9.56188
-9.57117
-9.57731
-9.57987
-9.57843
-9.57263
-9.56214
-9.54664
-9.52589
-9.49963
-9.46764
-9.42973
-9.38571
-9.3354
-9.27866
-9.21533
-9.14527
-9.06835
-8.98444
-8.89343
-8.79518
-8.68961
-8.57662
-8.45614
-8.3281
-8.1925
-8.04932
-7.89861
-7.74043
-7.57492
-7.40222
-7.22255
-7.03615
-6.84334
-6.64446
-6.43993
-6.23018
-6.01571
-5.79705
-5.57474
-5.34937
-5.12156
-4.89195
-4.66118
-4.42994
-4.19892
-3.96884
-3.74039
-3.51427
-3.29116
-3.07166
-2.85632
-2.6456
-2.43993
-2.23964
-2.04508
-1.85649
-1.67413
-1.49815
-1.3287
-1.16578
-1.00952
-0.859585
-0.716476
-0.578774
-0.449622
-0.322399
-0.214402
-0.0920926
-0.0445077
-9.18754
-9.20161
-9.21551
-9.22909
-9.24221
-9.25476
-9.26664
-9.27781
-9.28827
-9.29804
-9.30714
-9.31562
-9.32362
-9.33133
-9.33897
-9.34678
-9.35502
-9.36395
-9.37377
-9.38466
-9.39671
-9.40993
-9.42422
-9.43934
-9.45499
-9.47081
-9.4864
-9.50131
-9.51505
-9.52716
-9.53714
-9.54453
-9.54886
-9.54971
-9.54669
-9.53943
-9.5276
-9.5109
-9.48906
-9.46184
-9.429
-9.39036
-9.3457
-9.29487
-9.2377
-9.17404
-9.10374
-9.02667
-8.94271
-8.85174
-8.75363
-8.6483
-8.53566
-8.41564
-8.2882
-8.1533
-8.01097
-7.86123
-7.70418
-7.53993
-7.36863
-7.1905
-7.00579
-6.8148
-6.61788
-6.41542
-6.20785
-5.99566
-5.77935
-5.55947
-5.33658
-5.11128
-4.88419
-4.65594
-4.42718
-4.19857
-3.97081
-3.74455
-3.52046
-3.29918
-3.08129
-2.86731
-2.65771
-2.45287
-2.25318
-2.05892
-1.8704
-1.68784
-1.51143
-1.34133
-1.17758
-1.02031
-0.869285
-0.724976
-0.58619
-0.455804
-0.327967
-0.218578
-0.0966056
-0.0461806
-9.18291
-9.19652
-9.20995
-9.22308
-9.23579
-9.248
-9.25961
-9.27059
-9.28092
-9.29062
-9.29975
-9.30836
-9.31654
-9.32446
-9.33229
-9.34025
-9.34855
-9.3574
-9.36696
-9.37739
-9.38874
-9.40101
-9.41411
-9.42783
-9.4419
-9.45599
-9.46974
-9.48274
-9.49455
-9.50471
-9.51278
-9.51831
-9.52087
-9.52004
-9.51545
-9.50674
-9.49358
-9.47568
-9.45275
-9.42457
-9.39088
-9.3515
-9.30622
-9.25487
-9.19728
-9.1333
-9.06278
-8.98559
-8.9016
-8.81069
-8.71276
-8.60771
-8.49546
-8.37594
-8.24912
-8.11498
-7.97353
-7.82481
-7.66891
-7.50595
-7.33609
-7.15954
-6.97654
-6.7874
-6.59245
-6.39208
-6.18672
-5.97682
-5.7629
-5.54546
-5.32507
-5.10231
-4.87776
-4.65204
-4.42578
-4.19961
-3.97418
-3.75013
-3.5281
-3.30867
-3.09242
-2.87983
-2.67136
-2.46739
-2.26829
-2.07437
-1.88591
-1.70315
-1.52631
-1.35554
-1.19094
-1.03264
-0.8805
-0.734957
-0.595031
-0.463348
-0.334744
-0.223816
-0.101718
-0.0482566
-9.17773
-9.19091
-9.2039
-9.21661
-9.22894
-9.24082
-9.25217
-9.26296
-9.27317
-9.2828
-9.29191
-9.30057
-9.30887
-9.31692
-9.32488
-9.33291
-9.34118
-9.34987
-9.35913
-9.36905
-9.37969
-9.39101
-9.40295
-9.41532
-9.42788
-9.44033
-9.45233
-9.46352
-9.47348
-9.48179
-9.48803
-9.49178
-9.49264
-9.4902
-9.4841
-9.474
-9.45956
-9.44049
-9.41652
-9.38741
-9.35292
-9.31283
-9.26696
-9.21511
-9.15714
-9.09286
-9.02215
-8.94486
-8.86088
-8.77007
-8.67234
-8.5676
-8.45576
-8.33678
-8.21061
-8.07725
-7.9367
-7.78903
-7.63431
-7.47266
-7.30426
-7.1293
-6.94804
-6.76076
-6.56781
-6.36955
-6.1664
-5.95882
-5.7473
-5.53233
-5.31446
-5.09425
-4.87227
-4.64911
-4.42538
-4.20167
-3.97861
-3.75681
-3.53685
-3.31932
-3.10473
-2.89357
-2.68626
-2.48319
-2.28472
-2.09114
-1.90276
-1.71982
-1.54254
-1.37111
-1.20565
-1.04632
-0.89303
-0.746228
-0.605109
-0.472071
-0.34255
-0.229945
-0.107285
-0.0506228
-9.17273
-9.18551
-9.1981
-9.21042
-9.2224
-9.23397
-9.24508
-9.25568
-9.26576
-9.27531
-9.28438
-9.29303
-9.30136
-9.30946
-9.31747
-9.32549
-9.33366
-9.34213
-9.35102
-9.36041
-9.3703
-9.38069
-9.39151
-9.4026
-9.41372
-9.4246
-9.43494
-9.44439
-9.45257
-9.45909
-9.46357
-9.46559
-9.46479
-9.46077
-9.45318
-9.44169
-9.42597
-9.40574
-9.38073
-9.35068
-9.31536
-9.27456
-9.22808
-9.17573
-9.11735
-9.05278
-8.98187
-8.90449
-8.8205
-8.7298
-8.63228
-8.52785
-8.41644
-8.298
-8.1725
-8.03993
-7.9003
-7.75368
-7.60015
-7.43984
-7.2729
-7.09955
-6.92004
-6.73463
-6.54368
-6.34754
-6.14663
-5.94138
-5.73227
-5.51979
-5.30446
-5.08682
-4.86744
-4.64686
-4.42568
-4.20446
-3.98381
-3.76428
-3.54644
-3.33083
-3.11794
-2.90824
-2.70214
-2.5
-2.30218
-2.10899
-1.9207
-1.7376
-1.55989
-1.38781
-1.22149
-1.06112
-0.906682
-0.758603
-0.616247
-0.481804
-0.35122
-0.23682
-0.113194
-0.0532062
-9.16747
-9.17986
-9.19206
-9.20401
-9.21565
-9.22692
-9.23777
-9.24817
-9.2581
-9.26756
-9.27657
-9.28518
-9.29346
-9.30153
-9.30949
-9.31743
-9.32545
-9.33366
-9.34214
-9.35095
-9.3601
-9.3696
-9.37935
-9.3892
-9.39894
-9.40832
-9.41706
-9.42485
-9.43133
-9.43614
-9.43891
-9.43928
-9.43686
-9.43131
-9.42228
-9.40944
-9.39248
-9.37111
-9.34507
-9.3141
-9.27797
-9.23647
-9.1894
-9.13657
-9.0778
-9.01295
-8.94185
-8.86438
-8.7804
-8.68981
-8.59251
-8.48841
-8.37743
-8.25955
-8.13471
-8.00293
-7.86424
-7.71867
-7.56634
-7.40736
-7.24189
-7.07015
-6.89237
-6.70885
-6.5199
-6.32588
-6.12721
-5.92429
-5.7176
-5.50762
-5.29484
-5.0798
-4.86302
-4.64505
-4.42645
-4.20775
-3.98952
-3.77229
-3.5566
-3.34295
-3.13181
-2.92361
-2.71874
-2.51758
-2.32044
-2.12765
-1.93949
-1.75624
-1.57814
-1.40541
-1.23824
-1.07684
-0.921242
-0.771878
-0.628249
-0.492362
-0.360584
-0.244297
-0.119336
-0.0559561
-9.16227
-9.1743
-9.18615
-9.19776
-9.20909
-9.22007
-9.23068
-9.24087
-9.25064
-9.25998
-9.2689
-9.27744
-9.28565
-9.29362
-9.30144
-9.30922
-9.317
-9.32488
-9.33292
-9.34116
-9.34961
-9.35824
-9.36696
-9.37562
-9.38404
-9.39199
-9.39921
-9.4054
-9.41025
-9.41341
-9.41454
-9.41329
-9.40932
-9.40227
-9.39181
-9.37764
-9.35944
-9.33695
-9.30987
-9.27798
-9.24104
-9.19883
-9.15115
-9.09781
-9.03865
-8.97349
-8.90219
-8.82462
-8.74064
-8.65016
-8.55306
-8.44928
-8.33873
-8.22139
-8.09723
-7.96624
-7.82846
-7.68395
-7.5328
-7.37514
-7.21114
-7.041
-6.86496
-6.6833
-6.49635
-6.30446
-6.10801
-5.90743
-5.70316
-5.49567
-5.28546
-5.07302
-4.85887
-4.64352
-4.42751
-4.21135
-3.99557
-3.78067
-3.56716
-3.3555
-3.14613
-2.93946
-2.73587
-2.5357
-2.33928
-2.14692
-1.9589
-1.77552
-1.59703
-1.42367
-1.25566
-1.09323
-0.936476
-0.785824
-0.640891
-0.503533
-0.370443
-0.252204
-0.125591
-0.0588212
-9.15697
-9.16866
-9.18017
-9.19145
-9.20246
-9.21317
-9.22352
-9.2335
-9.24308
-9.25227
-9.26108
-9.26952
-9.27764
-9.28548
-9.29313
-9.30067
-9.30815
-9.31566
-9.32322
-9.33089
-9.33864
-9.34642
-9.35413
-9.36165
-9.3688
-9.37538
-9.38114
-9.3858
-9.38908
-9.39066
-9.39021
-9.38741
-9.38191
-9.37341
-9.36157
-9.3461
-9.32669
-9.30308
-9.27499
-9.24219
-9.20444
-9.16152
-9.11324
-9.0594
-8.99983
-8.93437
-8.86287
-8.78519
-8.70122
-8.61083
-8.51394
-8.41047
-8.30036
-8.18355
-8.06004
-7.92984
-7.79297
-7.6495
-7.49953
-7.34318
-7.18063
-7.01207
-6.83775
-6.65795
-6.47298
-6.28319
-6.08896
-5.8907
-5.68885
-5.48386
-5.27621
-5.06637
-4.85485
-4.64214
-4.42873
-4.21513
-4.00182
-3.78928
-3.57797
-3.36832
-3.16075
-2.95564
-2.75334
-2.5542
-2.35851
-2.1666
-1.97874
-1.79524
-1.61636
-1.44237
-1.27352
-1.11007
-0.952147
-0.8002
-0.653937
-0.515081
-0.380579
-0.260345
-0.131821
-0.0617304
-9.15169
-9.16305
-9.17424
-9.18521
-9.19593
-9.20635
-9.21646
-9.22622
-9.23562
-9.24464
-9.2533
-9.26161
-9.2696
-9.27731
-9.28479
-9.29208
-9.29926
-9.30636
-9.31345
-9.32052
-9.32755
-9.33446
-9.34118
-9.34759
-9.35352
-9.35878
-9.36313
-9.36633
-9.3681
-9.36815
-9.36618
-9.36187
-9.35491
-9.34499
-9.3318
-9.31505
-9.29445
-9.26973
-9.24064
-9.20693
-9.16836
-9.12473
-9.07584
-9.02148
-8.9615
-8.89572
-8.82401
-8.74621
-8.66222
-8.57192
-8.47522
-8.37205
-8.26234
-8.14606
-8.0232
-7.89376
-7.75778
-7.61534
-7.46652
-7.31146
-7.15034
-6.98334
-6.81073
-6.63276
-6.44975
-6.26204
-6.07002
-5.87407
-5.67462
-5.47212
-5.26702
-5.05979
-4.8509
-4.64083
-4.43004
-4.21901
-4.00819
-3.79802
-3.58893
-3.38132
-3.17557
-2.97204
-2.77106
-2.57295
-2.37802
-2.18655
-1.99886
-1.81523
-1.63596
-1.46134
-1.29163
-1.12714
-0.968042
-0.814784
-0.667157
-0.526775
-0.39077
-0.268511
-0.13788
-0.0645926
-9.14641
-9.15746
-9.16834
-9.17901
-9.18944
-9.19959
-9.20945
-9.21898
-9.22817
-9.23701
-9.2455
-9.25364
-9.26147
-9.269
-9.27627
-9.28331
-9.29017
-9.29689
-9.30348
-9.30993
-9.31622
-9.32229
-9.32805
-9.33338
-9.33813
-9.34212
-9.34512
-9.34692
-9.34725
-9.34584
-9.34239
-9.33663
-9.32825
-9.31695
-9.30244
-9.28444
-9.26268
-9.23688
-9.20679
-9.17217
-9.1328
-9.08846
-9.03895
-8.98408
-8.92368
-8.85758
-8.78564
-8.70772
-8.6237
-8.53347
-8.43695
-8.33406
-8.22475
-8.10898
-7.98674
-7.85805
-7.72294
-7.58149
-7.43381
-7.28002
-7.12029
-6.95483
-6.78389
-6.60772
-6.42665
-6.241
-6.05116
-5.8575
-5.66044
-5.46041
-5.25786
-5.05323
-4.84697
-4.63954
-4.43138
-4.22293
-4.01461
-3.80683
-3.59998
-3.39443
-3.19052
-2.98859
-2.78895
-2.59189
-2.3977
-2.20669
-2.01915
-1.83538
-1.6557
-1.48043
-1.30985
-1.14429
-0.983984
-0.829387
-0.680353
-0.538409
-0.400818
-0.276511
-0.143639
-0.0673126
-9.14108
-9.15182
-9.16241
-9.17278
-9.18293
-9.19283
-9.20243
-9.21173
-9.2207
-9.22933
-9.23762
-9.24558
-9.2532
-9.26052
-9.26755
-9.27431
-9.28083
-9.28713
-9.29321
-9.29906
-9.30464
-9.30989
-9.31472
-9.31902
-9.32264
-9.32542
-9.32714
-9.3276
-9.32655
-9.32373
-9.31888
-9.31172
-9.30197
-9.28934
-9.27356
-9.25435
-9.23144
-9.20458
-9.17351
-9.13801
-9.09783
-9.05278
-9.00266
-8.94726
-8.88643
-8.82
-8.74782
-8.66977
-8.5857
-8.49554
-8.39918
-8.29656
-8.18762
-8.07233
-7.9507
-7.82272
-7.68846
-7.54799
-7.4014
-7.24885
-7.09049
-6.92654
-6.75723
-6.58284
-6.40367
-6.22006
-6.03236
-5.84096
-5.64627
-5.4487
-5.24868
-5.04664
-4.84302
-4.63823
-4.43271
-4.22685
-4.02105
-3.81568
-3.61109
-3.40761
-3.20557
-3.00526
-2.80696
-2.61095
-2.41752
-2.22695
-2.03955
-1.85562
-1.67551
-1.49954
-1.32805
-1.16139
-0.999833
-0.843857
-0.693365
-0.549814
-0.410561
-0.284184
-0.149
-0.0698075
-9.13583
-9.14629
-9.15659
-9.16669
-9.17657
-9.1862
-9.19555
-9.20461
-9.21335
-9.22176
-9.22983
-9.23757
-9.24497
-9.25204
-9.2588
-9.26525
-9.27141
-9.27728
-9.28284
-9.28809
-9.29298
-9.29743
-9.30137
-9.30468
-9.30722
-9.30884
-9.30934
-9.30851
-9.30615
-9.30199
-9.29579
-9.28729
-9.27622
-9.26231
-9.24529
-9.2249
-9.20087
-9.17297
-9.14094
-9.10455
-9.06358
-9.01782
-8.96708
-8.91116
-8.84989
-8.78312
-8.71069
-8.63248
-8.54836
-8.45823
-8.36201
-8.25963
-8.15104
-8.03622
-7.91516
-7.78788
-7.65443
-7.51489
-7.36938
-7.21802
-7.06099
-6.8985
-6.7308
-6.55814
-6.38083
-6.19921
-6.01363
-5.82447
-5.63211
-5.43698
-5.23948
-5.04002
-4.83902
-4.63689
-4.43401
-4.23075
-4.02748
-3.82454
-3.62223
-3.42086
-3.2207
-3.02202
-2.82508
-2.63013
-2.43744
-2.2473
-2.06001
-1.8759
-1.69531
-1.51861
-1.34615
-1.17834
-1.01549
-0.858077
-0.706069
-0.560858
-0.419872
-0.291409
-0.153896
-0.0720145
-9.13039
-9.14057
-9.15059
-9.16041
-9.17002
-9.17938
-9.18848
-9.19729
-9.20579
-9.21396
-9.2218
-9.2293
-9.23646
-9.24327
-9.24973
-9.25586
-9.26164
-9.26706
-9.27212
-9.27677
-9.28098
-9.28466
-9.28774
-9.29011
-9.29163
-9.29214
-9.29148
-9.28945
-9.28583
-9.2804
-9.27292
-9.26314
-9.25081
-9.23567
-9.21747
-9.19594
-9.17084
-9.14192
-9.10895
-9.0717
-9.02995
-8.9835
-8.93214
-8.8757
-8.81399
-8.74687
-8.67419
-8.59581
-8.51162
-8.42152
-8.32543
-8.22327
-8.11502
-8.00063
-7.88011
-7.7535
-7.62083
-7.4822
-7.33771
-7.18751
-7.03177
-6.87071
-6.70456
-6.53359
-6.35811
-6.17845
-5.99495
-5.80798
-5.61794
-5.42522
-5.23022
-5.03334
-4.83496
-4.63548
-4.43525
-4.23461
-4.0339
-3.8334
-3.6334
-3.43415
-3.2359
-3.03887
-2.84329
-2.6494
-2.45746
-2.26773
-2.08053
-1.89618
-1.71507
-1.53758
-1.3641
-1.19508
-1.03086
-0.871957
-0.718367
-0.571441
-0.428659
-0.298096
-0.158286
-0.0738948
-9.12515
-9.13506
-9.14482
-9.15438
-9.16373
-9.17284
-9.18169
-9.19025
-9.19851
-9.20644
-9.21404
-9.22129
-9.22819
-9.23472
-9.24088
-9.24665
-9.25204
-9.25701
-9.26155
-9.26562
-9.26915
-9.27209
-9.27434
-9.2758
-9.27634
-9.2758
-9.27404
-9.27085
-9.26604
-9.25939
-9.25069
-9.23969
-9.22614
-9.20982
-9.19046
-9.16783
-9.14168
-9.11178
-9.07789
-9.03979
-8.99727
-8.95012
-8.89814
-8.84117
-8.77902
-8.71154
-8.63858
-8.56002
-8.47574
-8.38564
-8.28964
-8.18768
-8.07971
-7.96572
-7.84572
-7.71972
-7.58779
-7.45002
-7.30651
-7.15742
-7.00292
-6.84323
-6.67858
-6.50926
-6.33555
-6.15779
-5.97633
-5.79152
-5.60376
-5.41342
-5.2209
-5.02658
-4.83082
-4.63399
-4.43642
-4.23842
-4.04028
-3.84226
-3.6446
-3.4475
-3.25118
-3.05582
-2.86162
-2.66879
-2.47758
-2.28824
-2.10108
-1.91646
-1.73477
-1.55642
-1.38185
-1.21154
-1.04588
-0.885419
-0.730178
-0.581474
-0.43684
-0.304163
-0.162127
-0.0754047
-9.1195
-9.12916
-9.13866
-9.14796
-9.15705
-9.16591
-9.17451
-9.18283
-9.19084
-9.19853
-9.20588
-9.21288
-9.2195
-9.22574
-9.23157
-9.237
-9.24198
-9.24651
-9.25054
-9.25403
-9.25692
-9.25915
-9.26061
-9.26121
-9.26082
-9.2593
-9.25648
-9.25221
-9.24628
-9.23849
-9.22863
-9.21647
-9.20178
-9.18433
-9.16388
-9.1402
-9.11305
-9.0822
-9.04742
-9.0085
-8.96523
-8.9174
-8.86483
-8.80733
-8.74474
-8.6769
-8.60367
-8.52491
-8.44053
-8.35042
-8.2545
-8.15271
-8.04502
-7.9314
-7.81187
-7.68647
-7.55524
-7.41828
-7.27571
-7.12768
-6.97437
-6.816
-6.65281
-6.48507
-6.31309
-6.13719
-5.95772
-5.77503
-5.58952
-5.40154
-5.21148
-5.0197
-4.82656
-4.63239
-4.4375
-4.24216
-4.04663
-3.85112
-3.65582
-3.46091
-3.26655
-3.07288
-2.88008
-2.68831
-2.49781
-2.30884
-2.12169
-1.93674
-1.7544
-1.57511
-1.39938
-1.2277
-1.06052
-0.898414
-0.74145
-0.59091
-0.444376
-0.309583
-0.165419
-0.0765536
-9.11443
-9.12384
-9.13309
-9.14215
-9.151
-9.15961
-9.16796
-9.17603
-9.1838
-9.19123
-9.19832
-9.20505
-9.21138
-9.21731
-9.22282
-9.22787
-9.23245
-9.23652
-9.24004
-9.24296
-9.24522
-9.24674
-9.24744
-9.24721
-9.24593
-9.24346
-9.23965
-9.23434
-9.22734
-9.21845
-9.20748
-9.19421
-9.17843
-9.15989
-9.13839
-9.11369
-9.08556
-9.05378
-9.01813
-8.9784
-8.93439
-8.88588
-8.8327
-8.77468
-8.71163
-8.64341
-8.56988
-8.49091
-8.4064
-8.31624
-8.22036
-8.1187
-8.01124
-7.89795
-7.77885
-7.65397
-7.52338
-7.38718
-7.24548
-7.09845
-6.94626
-6.78914
-6.62733
-6.46112
-6.29079
-6.11669
-5.93915
-5.75854
-5.57522
-5.38957
-5.20194
-5.0127
-4.82218
-4.63067
-4.43847
-4.24582
-4.05293
-3.85996
-3.66708
-3.4744
-3.28203
-3.09009
-2.89869
-2.708
-2.5182
-2.32955
-2.14237
-1.95702
-1.77394
-1.59364
-1.41663
-1.24348
-1.07468
-0.910852
-0.752082
-0.599637
-0.451148
-0.314225
-0.168037
-0.0772222
-9.10862
-9.1178
-9.12681
-9.13563
-9.14424
-9.15262
-9.16073
-9.16856
-9.17608
-9.18327
-9.19011
-9.19656
-9.20262
-9.20825
-9.21342
-9.21812
-9.2223
-9.22592
-9.22895
-9.23133
-9.23299
-9.23385
-9.23383
-9.23283
-9.23071
-9.22736
-9.22263
-9.21635
-9.20835
-9.19844
-9.18644
-9.17214
-9.15532
-9.13577
-9.11327
-9.08761
-9.05855
-9.0259
-8.98942
-8.94892
-8.90419
-8.85503
-8.80127
-8.74273
-8.67924
-8.61065
-8.53682
-8.45764
-8.37298
-8.28276
-8.18691
-8.08536
-7.9781
-7.8651
-7.7464
-7.62201
-7.49202
-7.35653
-7.21565
-7.06956
-6.91844
-6.76252
-6.60203
-6.43728
-6.26856
-6.0962
-5.92054
-5.74196
-5.5608
-5.37744
-5.19224
-5.00552
-4.81761
-4.62879
-4.43932
-4.24939
-4.05918
-3.86882
-3.67841
-3.48801
-3.29769
-3.10751
-2.91755
-2.72793
-2.53882
-2.35047
-2.16319
-1.97737
-1.79349
-1.61206
-1.43368
-1.25896
-1.08846
-0.922823
-0.76218
-0.60778
-0.457301
-0.318251
-0.170141
-0.077578
-9.1039
-9.11285
-9.12163
-9.13022
-9.13858
-9.14671
-9.15458
-9.16216
-9.16943
-9.17635
-9.18292
-9.18909
-9.19484
-9.20015
-9.20497
-9.20929
-9.21306
-9.21624
-9.21877
-9.22061
-9.22167
-9.22189
-9.22117
-9.21941
-9.21649
-9.21229
-9.20667
-9.19946
-9.1905
-9.17962
-9.16663
-9.15133
-9.13352
-9.11299
-9.08954
-9.06294
-9.03299
-8.99948
-8.96219
-8.92092
-8.87548
-8.82568
-8.77132
-8.71225
-8.6483
-8.57932
-8.50517
-8.42573
-8.34089
-8.25057
-8.1547
-8.05321
-7.94609
-7.83333
-7.71495
-7.59098
-7.46152
-7.32665
-7.18652
-7.04128
-6.89113
-6.73631
-6.57707
-6.41369
-6.24648
-6.07578
-5.90193
-5.72531
-5.54626
-5.36515
-5.18233
-4.99813
-4.81283
-4.62672
-4.43999
-4.25283
-4.06536
-3.87767
-3.68978
-3.50173
-3.31351
-3.12513
-2.93663
-2.74809
-2.55965
-2.37156
-2.18411
-1.99773
-1.81292
-1.63024
-1.45034
-1.27392
-1.10157
-0.934001
-0.771383
-0.614946
-0.462415
-0.321203
-0.171232
-0.0771609
-9.09782
-9.10658
-9.11515
-9.12353
-9.13169
-9.13961
-9.14726
-9.15461
-9.16165
-9.16834
-9.17465
-9.18056
-9.18604
-9.19105
-9.19556
-9.19953
-9.20292
-9.20568
-9.20776
-9.20909
-9.20961
-9.20923
-9.20787
-9.20542
-9.20177
-9.19679
-9.19035
-9.1823
-9.17247
-9.16069
-9.14679
-9.13058
-9.11185
-9.09042
-9.06607
-9.03861
-9.00782
-8.9735
-8.93545
-8.89347
-8.84736
-8.79694
-8.74202
-8.68245
-8.61805
-8.54868
-8.47422
-8.39453
-8.30951
-8.21908
-8.12317
-8.02172
-7.91472
-7.80217
-7.68407
-7.56049
-7.43151
-7.29722
-7.15777
-7.01333
-6.86411
-6.71033
-6.55225
-6.39018
-6.22443
-6.05534
-5.88325
-5.70854
-5.53156
-5.35268
-5.17224
-4.99055
-4.8079
-4.62452
-4.44061
-4.25629
-4.07164
-3.8867
-3.70144
-3.51582
-3.32979
-3.14329
-2.95631
-2.76889
-2.58114
-2.39328
-2.20563
-2.01863
-1.8328
-1.64878
-1.46727
-1.28904
-1.11476
-0.945194
-0.780547
-0.622033
-0.467407
-0.324007
-0.172151
-0.0766955
-9.09349
-9.102
-9.11035
-9.11849
-9.12641
-9.13408
-9.14149
-9.14859
-9.15537
-9.16179
-9.16783
-9.17345
-9.17862
-9.18331
-9.18747
-9.19107
-9.19406
-9.19639
-9.198
-9.19883
-9.1988
-9.19783
-9.19584
-9.19272
-9.18836
-9.18263
-9.17541
-9.16654
-9.15587
-9.14324
-9.12847
-9.11138
-9.09178
-9.06948
-9.04428
-9.01598
-8.98438
-8.94928
-8.91048
-8.86779
-8.82102
-8.76998
-8.71449
-8.6544
-8.58954
-8.51977
-8.44495
-8.36497
-8.27972
-8.18913
-8.09312
-7.99165
-7.88469
-7.77225
-7.65436
-7.53107
-7.40246
-7.26864
-7.12976
-6.98601
-6.83758
-6.68472
-6.5277
-6.36682
-6.2024
-6.0348
-5.86437
-5.69148
-5.5165
-5.33978
-5.16168
-4.98249
-4.80248
-4.62186
-4.4408
-4.25938
-4.07763
-3.89553
-3.71299
-3.5299
-3.34613
-3.16157
-2.97613
-2.78981
-2.6027
-2.41499
-2.22702
-2.03923
-1.8522
-1.66662
-1.48328
-1.30304
-1.12666
-0.954965
-0.788202
-0.627567
-0.470812
-0.325183
-0.171379
-0.0747799
-9.0869
-9.09527
-9.10344
-9.11141
-9.11915
-9.12663
-9.13385
-9.14075
-9.14732
-9.15353
-9.15934
-9.16472
-9.16963
-9.17405
-9.17792
-9.1812
-9.18384
-9.18579
-9.187
-9.18738
-9.18687
-9.18539
-9.18285
-9.17913
-9.17414
-9.16775
-9.15983
-9.15024
-9.13882
-9.12542
-9.10988
-9.092
-9.07161
-9.04853
-9.02255
-8.99349
-8.96115
-8.92534
-8.88586
-8.84252
-8.79513
-8.74352
-8.68751
-8.62694
-8.56164
-8.49149
-8.41635
-8.33609
-8.25063
-8.15988
-8.06378
-7.96228
-7.85537
-7.74304
-7.62534
-7.50232
-7.37406
-7.24069
-7.10236
-6.95925
-6.81158
-6.65961
-6.5036
-6.34387
-6.18076
-6.01462
-5.84583
-5.67475
-5.50177
-5.32725
-5.15152
-4.97489
-4.79761
-4.61986
-4.44178
-4.26342
-4.08474
-3.90567
-3.72605
-3.54569
-3.36438
-3.18193
-2.99819
-2.81311
-2.62673
-2.43924
-2.25097
-2.06238
-1.8741
-1.68688
-1.5016
-1.31921
-1.1406
-0.966639
-0.797649
-0.634806
-0.475816
-0.327825
-0.17166
-0.0736624
-9.08249
-9.09061
-9.09858
-9.10632
-9.11383
-9.12108
-9.12805
-9.13471
-9.14102
-9.14697
-9.15251
-9.1576
-9.16222
-9.16633
-9.16987
-9.1728
-9.17508
-9.17663
-9.17742
-9.17735
-9.17636
-9.17437
-9.17128
-9.16699
-9.16139
-9.15437
-9.14578
-9.13551
-9.12339
-9.10927
-9.09299
-9.07437
-9.05324
-9.02941
-9.00271
-8.97293
-8.93988
-8.90339
-8.86325
-8.81927
-8.77128
-8.7191
-8.66256
-8.60149
-8.53573
-8.46516
-8.38964
-8.30906
-8.22332
-8.13233
-8.03604
-7.93441
-7.82742
-7.71508
-7.59743
-7.47452
-7.34646
-7.21336
-7.07539
-6.93275
-6.78565
-6.63435
-6.47916
-6.32039
-6.15839
-5.99353
-5.8262
-5.65678
-5.48567
-5.31322
-5.13978
-4.96565
-4.79107
-4.6162
-4.44114
-4.26589
-4.09037
-3.91442
-3.7378
-3.56024
-3.38145
-3.20114
-3.0191
-2.8352
-2.64946
-2.46204
-2.27329
-2.08372
-1.894
-1.70497
-1.51763
-1.33305
-1.15223
-0.976125
-0.805085
-0.640259
-0.479229
-0.328982
-0.16995
-0.0710278
-9.07479
-9.0828
-9.09058
-9.09815
-9.1055
-9.11259
-9.1194
-9.12589
-9.13203
-9.13779
-9.14314
-9.14804
-9.15244
-9.15632
-9.15961
-9.16228
-9.16427
-9.16552
-9.16596
-9.16554
-9.16416
-9.16175
-9.15821
-9.15344
-9.14734
-9.13978
-9.13065
-9.11979
-9.10708
-9.09234
-9.07544
-9.05619
-9.03443
-9.00997
-8.98263
-8.95224
-8.91859
-8.88151
-8.84081
-8.7963
-8.7478
-8.69515
-8.63816
-8.57668
-8.51057
-8.43967
-8.36387
-8.28306
-8.19713
-8.10601
-8.00963
-7.90798
-7.80102
-7.68877
-7.57128
-7.44861
-7.32086
-7.18816
-7.05068
-6.90862
-6.76222
-6.61175
-6.45751
-6.29985
-6.13912
-5.97571
-5.81001
-5.64245
-5.4734
-5.30326
-5.13237
-4.96102
-4.78945
-4.6178
-4.44614
-4.27441
-4.10249
-3.93012
-3.75699
-3.58273
-3.40693
-3.22921
-3.04927
-2.86689
-2.68204
-2.49485
-2.30569
-2.11507
-1.92371
-1.73252
-1.54269
-1.35547
-1.17203
-0.993476
-0.820228
-0.653411
-0.490363
-0.337909
-0.174365
-0.0746415
-9.06875
-9.07664
-9.08431
-9.09169
-9.09881
-9.10568
-9.11227
-9.11853
-9.12444
-9.12996
-9.13507
-9.13972
-9.14387
-9.14749
-9.15051
-9.1529
-9.15459
-9.15553
-9.15565
-9.15488
-9.15314
-9.15034
-9.1464
-9.14121
-9.13466
-9.12664
-9.11701
-9.10566
-9.09242
-9.07716
-9.05971
-9.03992
-9.0176
-8.99259
-8.96471
-8.93376
-8.89958
-8.86197
-8.82075
-8.77573
-8.72675
-8.67362
-8.61618
-8.55427
-8.48775
-8.41646
-8.3403
-8.25914
-8.17289
-8.08148
-7.98485
-7.88296
-7.77581
-7.66341
-7.5458
-7.42306
-7.29529
-7.16264
-7.02527
-6.88341
-6.7373
-6.58722
-6.43351
-6.27651
-6.1166
-5.95421
-5.78974
-5.62363
-5.4563
-5.28815
-5.11953
-4.95077
-4.78207
-4.61359
-4.44536
-4.27728
-4.10915
-3.94066
-3.77139
-3.60087
-3.42858
-3.25405
-3.07686
-2.89673
-2.71357
-2.5275
-2.33889
-2.14832
-1.95651
-1.76443
-1.5734
-1.38476
-1.19982
-1.01984
-0.845321
-0.677407
-0.513136
-0.359113
-0.189156
-0.0873201
-9.05762
-9.06533
-9.07288
-9.08019
-9.08727
-9.09409
-9.10061
-9.10681
-9.11265
-9.1181
-9.12313
-9.1277
-9.13176
-9.13527
-9.13819
-9.14045
-9.14201
-9.1428
-9.14275
-9.1418
-9.13987
-9.13686
-9.13269
-9.12725
-9.12044
-9.11215
-9.10224
-9.09058
-9.07705
-9.06147
-9.04371
-9.0236
-9.00098
-8.97567
-8.94749
-8.91627
-8.88183
-8.84398
-8.80254
-8.75734
-8.70821
-8.65496
-8.59743
-8.53548
-8.46895
-8.39771
-8.32163
-8.2406
-8.15454
-8.06337
-7.96703
-7.8655
-7.75876
-7.64684
-7.52978
-7.40767
-7.28062
-7.14877
-7.01232
-6.87149
-6.72654
-6.57777
-6.42553
-6.27019
-6.11218
-5.95192
-5.78987
-5.62649
-5.46224
-5.29756
-5.13283
-4.96839
-4.80446
-4.64117
-4.47853
-4.31639
-4.15446
-3.99228
-3.82931
-3.66489
-3.49831
-3.3289
-3.15605
-2.97932
-2.79851
-2.61368
-2.4252
-2.23369
-2.03995
-1.84524
-1.65132
-1.45977
-1.2719
-1.089
-0.911588
-0.740867
-0.573698
-0.416746
-0.238834
-0.122226
-9.04854
-9.05625
-9.06361
-9.07092
-9.07809
-9.08503
-9.09169
-9.09806
-9.10409
-9.10975
-9.11501
-9.11981
-9.12412
-9.1279
-9.13108
-9.13362
-9.13546
-9.13654
-9.13678
-9.13612
-9.13447
-9.13175
-9.12786
-9.1227
-9.11616
-9.10813
-9.09848
-9.08708
-9.07379
-9.05846
-9.04093
-9.02105
-8.99865
-8.97356
-8.94559
-8.91459
-8.88035
-8.8427
-8.80147
-8.75647
-8.70753
-8.65447
-8.59714
-8.53538
-8.46904
-8.39798
-8.32209
-8.24126
-8.1554
-8.06443
-7.96831
-7.867
-7.76052
-7.64887
-7.53214
-7.41039
-7.28377
-7.15243
-7.01659
-6.87649
-6.73242
-6.58472
-6.43377
-6.28
-6.12385
-5.96583
-5.80645
-5.64622
-5.48566
-5.32526
-5.16544
-5.00656
-4.84886
-4.69245
-4.53729
-4.38312
-4.22955
-4.07596
-3.92162
-3.76566
-3.60715
-3.44518
-3.27893
-3.10776
-2.93128
-2.74946
-2.56257
-2.3708
-2.17473
-1.97571
-1.77564
-1.57675
-1.38105
-1.19017
-1.00484
-0.826473
-0.652598
-0.48912
-0.313158
-0.159165
-9.07156
-9.08109
-9.09024
-9.099
-9.10751
-9.11577
-9.1237
-9.13126
-9.13843
-9.14518
-9.15145
-9.15722
-9.16242
-9.16703
-9.17098
-9.17421
-9.17667
-9.1783
-9.17902
-9.17876
-9.17744
-9.17496
-9.17124
-9.16617
-9.15965
-9.15155
-9.14175
-9.13013
-9.11654
-9.10083
-9.08286
-9.06246
-9.03948
-9.01373
-8.98504
-8.95325
-8.91816
-8.87961
-8.8374
-8.79137
-8.74133
-8.68713
-8.62858
-8.56554
-8.49787
-8.42541
-8.34805
-8.26569
-8.17822
-8.08557
-7.9877
-7.88457
-7.77618
-7.66255
-7.54374
-7.41984
-7.29097
-7.1573
-7.01904
-6.87643
-6.72976
-6.57937
-6.42564
-6.26899
-6.10988
-5.94879
-5.78624
-5.62273
-5.45877
-5.29482
-5.13131
-4.96854
-4.80675
-4.64601
-4.48623
-4.32715
-4.16834
-4.00919
-3.84895
-3.68678
-3.52179
-3.35314
-3.18007
-3.00206
-2.81884
-2.63043
-2.43758
-2.24105
-2.04126
-1.83943
-1.63748
-1.43767
-1.24198
-1.05202
-0.868468
-0.69262
-0.52265
-0.362658
-0.207295
-0.0496758
-9.50384
-9.51316
-9.52712
-9.54036
-9.55297
-9.56498
-9.57549
-9.58383
-9.59002
-9.59397
-9.59576
-9.59597
-9.5951
-9.59349
-9.59156
-9.58974
-9.58827
-9.58712
-9.58604
-9.58461
-9.58244
-9.58034
-9.58043
-9.58443
-9.59411
-9.61323
-9.64513
-9.69119
-9.74984
-9.81693
-9.88706
-9.95495
-10.0164
-10.0685
-10.1097
-10.1396
-10.1584
-10.1665
-10.1645
-10.1529
-10.1322
-10.1027
-10.0649
-10.0188
-9.96396
-9.89988
-9.82713
-9.74631
-9.65736
-9.5602
-9.45465
-9.34046
-9.2174
-9.08522
-8.94373
-8.79276
-8.63217
-8.46189
-8.28189
-8.0922
-7.89291
-7.68416
-7.46617
-7.23927
-7.00388
-6.76054
-6.50987
-6.25256
-5.98944
-5.72149
-5.44927
-5.17268
-4.89265
-4.61107
-4.32945
-4.04908
-3.7711
-3.49535
-3.22125
-2.95507
-2.7013
-2.45637
-2.21708
-1.98654
-1.76565
-1.55535
-1.35631
-1.16884
-0.993086
-0.829047
-0.676613
-0.535571
-0.405805
-0.286976
-0.179882
-0.0833926
-0.00515613
0.0655684
0.069007
0.126811
-9.51325
-9.52878
-9.54374
-9.5578
-9.57064
-9.58173
-9.59132
-9.5989
-9.60513
-9.61018
-9.61357
-9.61414
-9.61217
-9.60871
-9.60485
-9.60157
-9.59965
-9.59923
-9.5998
-9.6005
-9.60018
-9.60092
-9.60571
-9.6122
-9.62528
-9.65258
-9.6985
-9.76245
-9.83912
-9.92097
-10.0008
-10.0735
-10.1357
-10.186
-10.2241
-10.2505
-10.2658
-10.2708
-10.2662
-10.2524
-10.2297
-10.1982
-10.1577
-10.1081
-10.0498
-9.9849
-9.91373
-9.83537
-9.74972
-9.65664
-9.55571
-9.44642
-9.32842
-9.20139
-9.06509
-8.9193
-8.76387
-8.5987
-8.42373
-8.23898
-8.04451
-7.84044
-7.62695
-7.40434
-7.173
-6.93339
-6.68608
-6.43176
-6.17114
-5.90512
-5.63491
-5.36174
-5.08563
-4.80705
-4.52739
-4.24765
-3.96845
-3.68961
-3.41135
-3.13968
-2.88481
-2.64253
-2.40711
-2.17815
-1.9582
-1.74814
-1.54859
-1.35997
-1.18247
-1.01616
-0.860982
-0.716761
-0.583438
-0.460591
-0.349104
-0.247163
-0.162381
-0.0808418
-0.0542786
0.0405758
-9.51703
-9.53676
-9.55331
-9.56697
-9.5794
-9.59078
-9.60007
-9.60692
-9.61247
-9.61649
-9.61922
-9.62035
-9.62009
-9.61883
-9.61724
-9.61603
-9.61575
-9.61671
-9.61894
-9.6223
-9.62665
-9.63362
-9.64648
-9.66807
-9.702
-9.74945
-9.80827
-9.87377
-9.9407
-10.0048
-10.0635
-10.1155
-10.1606
-10.1987
-10.2298
-10.2538
-10.2705
-10.2795
-10.2807
-10.2738
-10.2587
-10.2354
-10.2039
-10.1641
-10.1158
-10.0595
-9.9956
-9.92392
-9.84412
-9.75593
-9.65922
-9.55386
-9.4396
-9.31624
-9.18354
-9.04133
-8.88945
-8.7278
-8.55632
-8.37502
-8.18395
-7.98323
-7.77301
-7.55358
-7.32533
-7.08875
-6.84443
-6.59308
-6.3355
-6.07248
-5.80487
-5.53326
-5.25822
-4.98088
-4.70245
-4.42384
-4.14567
-3.8681
-3.59214
-3.32169
-3.0652
-2.81874
-2.57964
-2.34802
-2.12541
-1.91252
-1.70997
-1.51819
-1.33739
-1.16762
-1.00886
-0.860923
-0.723704
-0.596767
-0.480689
-0.373566
-0.28124
-0.18977
-0.13913
-0.0184108
-9.51043
-9.53342
-9.55458
-9.56978
-9.58379
-9.59603
-9.60683
-9.61511
-9.62165
-9.62662
-9.62994
-9.63147
-9.63145
-9.63038
-9.6289
-9.62765
-9.62713
-9.6276
-9.62927
-9.63282
-9.63994
-9.65368
-9.67736
-9.71299
-9.76012
-9.81619
-9.87764
-9.94123
-10.0048
-10.067
-10.1267
-10.1822
-10.232
-10.2746
-10.3091
-10.3353
-10.353
-10.3624
-10.3637
-10.3569
-10.342
-10.3192
-10.2885
-10.2499
-10.2035
-10.1494
-10.0874
-10.0178
-9.94048
-9.85517
-9.76156
-9.6593
-9.54809
-9.42768
-9.29785
-9.15839
-9.00914
-8.85
-8.6809
-8.50185
-8.31293
-8.11418
-7.90574
-7.68792
-7.46109
-7.22575
-6.9825
-6.73206
-6.47526
-6.21295
-5.9459
-5.6748
-5.40014
-5.12295
-4.84434
-4.5651
-4.28587
-4.00719
-3.73063
-3.46043
-3.20255
-2.95439
-2.71369
-2.48041
-2.25588
-2.04094
-1.8362
-1.64211
-1.45887
-1.28654
-1.12508
-0.974297
-0.833992
-0.703724
-0.583588
-0.47181
-0.371637
-0.271098
-0.195611
-0.0576846
-9.49949
-9.52735
-9.55363
-9.57055
-9.58629
-9.59931
-9.61102
-9.62043
-9.62799
-9.63344
-9.63713
-9.63912
-9.63962
-9.63886
-9.63724
-9.6352
-9.63324
-9.63202
-9.63271
-9.63731
-9.64876
-9.67017
-9.70333
-9.74764
-9.80055
-9.85877
-9.91949
-9.98107
-10.0425
-10.1027
-10.1603
-10.2137
-10.2615
-10.303
-10.3377
-10.3652
-10.3856
-10.3987
-10.4045
-10.4029
-10.3935
-10.3763
-10.3513
-10.3181
-10.277
-10.228
-10.1708
-10.1056
-10.032
-9.95017
-9.85971
-9.76034
-9.65182
-9.53394
-9.40649
-9.26927
-9.12213
-8.96496
-8.7977
-8.62033
-8.43297
-8.23569
-8.02854
-7.81183
-7.58599
-7.35148
-7.10893
-6.85902
-6.60257
-6.34035
-6.07307
-5.80139
-5.52599
-5.24794
-4.96833
-4.68801
-4.40779
-4.12858
-3.85221
-3.58187
-3.32191
-3.07091
-2.82755
-2.59205
-2.36546
-2.14846
-1.9416
-1.7453
-1.55976
-1.38504
-1.22104
-1.0676
-0.924377
-0.79097
-0.666879
-0.550724
-0.442748
-0.334603
-0.23588
-0.0899492
-9.48954
-9.52223
-9.55356
-9.57231
-9.5899
-9.60389
-9.61686
-9.62736
-9.63617
-9.6427
-9.64697
-9.64899
-9.64901
-9.64723
-9.64399
-9.63987
-9.63566
-9.63274
-9.63326
-9.64019
-9.65675
-9.6852
-9.72567
-9.77597
-9.83275
-9.89297
-9.95484
-10.0177
-10.0811
-10.144
-10.2048
-10.2616
-10.3128
-10.3574
-10.3949
-10.4252
-10.4482
-10.4639
-10.4721
-10.4727
-10.4656
-10.4506
-10.4278
-10.397
-10.358
-10.3109
-10.2557
-10.1924
-10.1209
-10.041
-9.95256
-9.85504
-9.74821
-9.63188
-9.50582
-9.36985
-9.2238
-9.06755
-8.90104
-8.72427
-8.53729
-8.34023
-8.13318
-7.91642
-7.69035
-7.45546
-7.21237
-6.96177
-6.70444
-6.44118
-6.17274
-5.89983
-5.62318
-5.34377
-5.06265
-4.78074
-4.49896
-4.21845
-3.94111
-3.66983
-3.40801
-3.15504
-2.91
-2.67304
-2.44497
-2.22646
-2.01805
-1.82013
-1.63289
-1.45638
-1.29049
-1.13503
-0.989532
-0.853631
-0.726222
-0.606454
-0.491574
-0.377699
-0.259051
-0.112545
-9.4832
-9.52092
-9.55598
-9.57627
-9.5955
-9.61068
-9.62498
-9.63688
-9.64702
-9.65474
-9.65992
-9.66223
-9.66183
-9.65882
-9.65363
-9.64714
-9.64079
-9.63673
-9.63782
-9.64741
-9.66839
-9.70212
-9.74755
-9.80173
-9.86115
-9.9231
-9.98628
-10.0504
-10.1151
-10.1793
-10.2411
-10.2988
-10.351
-10.3967
-10.4358
-10.4682
-10.4937
-10.5122
-10.5237
-10.5278
-10.5241
-10.5125
-10.4929
-10.465
-10.4289
-10.3845
-10.3317
-10.2705
-10.2009
-10.1225
-10.0353
-9.93893
-9.83302
-9.71743
-9.59192
-9.45633
-9.31048
-9.15428
-8.98765
-8.81058
-8.62316
-8.42548
-8.21769
-8.00007
-7.77301
-7.53703
-7.29274
-7.04082
-6.78206
-6.51723
-6.24709
-5.97238
-5.69391
-5.41268
-5.12975
-4.84612
-4.56285
-4.28123
-4.00318
-3.73117
-3.46786
-3.21313
-2.96646
-2.72811
-2.49879
-2.27911
-2.06955
-1.87046
-1.68201
-1.50423
-1.33697
-1.18001
-1.03278
-0.894944
-0.764819
-0.642192
-0.521511
-0.403783
-0.268957
-0.12769
-9.48181
-9.52452
-9.56189
-9.58401
-9.60505
-9.62191
-9.63791
-9.65146
-9.66316
-9.67219
-9.67837
-9.68111
-9.68032
-9.6762
-9.66926
-9.66109
-9.65351
-9.64925
-9.65151
-9.66357
-9.68788
-9.72517
-9.77384
-9.83075
-9.89256
-9.95671
-10.0219
-10.0879
-10.1546
-10.2208
-10.2848
-10.3448
-10.3994
-10.4478
-10.4895
-10.5244
-10.5524
-10.5731
-10.5866
-10.5924
-10.5903
-10.58
-10.5614
-10.5343
-10.4987
-10.4549
-10.4026
-10.3418
-10.2725
-10.1943
-10.1072
-10.0106
-9.90444
-9.78841
-9.66231
-9.52597
-9.37921
-9.22195
-9.05411
-8.87569
-8.68677
-8.48747
-8.27795
-8.05851
-7.82955
-7.59161
-7.34529
-7.0913
-6.83043
-6.56347
-6.2912
-6.01443
-5.73399
-5.45091
-5.16623
-4.88102
-4.59642
-4.31381
-4.03506
-3.76239
-3.49801
-3.24219
-2.99467
-2.7557
-2.52588
-2.30576
-2.09577
-1.89622
-1.70727
-1.52892
-1.36097
-1.20321
-1.05493
-0.915856
-0.783792
-0.659208
-0.534086
-0.414328
-0.267377
-0.135538
-9.48492
-9.53142
-9.57065
-9.59511
-9.61862
-9.63822
-9.65718
-9.67382
-9.68859
-9.7005
-9.70917
-9.71384
-9.71399
-9.70992
-9.70248
-9.69336
-9.68527
-9.68127
-9.68471
-9.69859
-9.72492
-9.76416
-9.81457
-9.87307
-9.93649
-10.0023
-10.0691
-10.1365
-10.2042
-10.2713
-10.3361
-10.3968
-10.452
-10.501
-10.5434
-10.5791
-10.6078
-10.6292
-10.6432
-10.6496
-10.6479
-10.638
-10.6198
-10.5932
-10.5581
-10.5145
-10.4623
-10.4013
-10.3315
-10.2526
-10.1645
-10.0668
-9.95932
-9.84185
-9.71416
-9.57607
-9.42745
-9.26819
-9.09824
-8.91761
-8.72639
-8.5247
-8.31276
-8.09087
-7.85947
-7.6191
-7.37039
-7.11406
-6.85091
-6.58173
-6.30735
-6.02859
-5.74635
-5.46164
-5.17555
-4.88919
-4.60378
-4.32073
-4.04185
-3.76914
-3.50449
-3.24835
-3.00066
-2.76169
-2.53199
-2.31205
-2.10226
-1.90289
-1.71405
-1.53574
-1.36769
-1.20971
-1.06095
-0.921236
-0.78791
-0.66215
-0.53384
-0.413552
-0.258124
-0.138092
-9.49159
-9.5428
-9.58346
-9.61048
-9.63634
-9.65893
-9.68127
-9.7017
-9.72055
-9.73667
-9.74953
-9.75804
-9.76147
-9.75918
-9.75213
-9.74427
-9.73757
-9.73517
-9.7404
-9.75596
-9.78349
-9.82348
-9.87452
-9.93375
-9.99801
-10.0647
-10.1323
-10.2002
-10.2681
-10.335
-10.3995
-10.4599
-10.5149
-10.5639
-10.6063
-10.6418
-10.6703
-10.6913
-10.7045
-10.7098
-10.7068
-10.6955
-10.6758
-10.6476
-10.6107
-10.5652
-10.511
-10.4481
-10.3762
-10.2951
-10.2048
-10.1048
-9.99487
-9.87489
-9.7446
-9.60382
-9.45244
-9.29035
-9.11752
-8.93398
-8.73983
-8.53523
-8.32042
-8.09573
-7.86162
-7.61865
-7.36748
-7.10884
-6.84352
-6.57236
-6.29619
-6.01587
-5.73234
-5.44663
-5.15982
-4.87305
-4.58758
-4.30483
-4.02651
-3.75445
-3.49033
-3.2347
-2.98766
-2.7495
-2.52068
-2.30165
-2.09274
-1.89419
-1.70607
-1.52836
-1.36076
-1.20307
-1.05434
-0.914514
-0.780533
-0.654282
-0.523918
-0.404276
-0.243551
-0.136364
-9.4951
-9.55035
-9.59571
-9.62844
-9.65935
-9.68774
-9.71646
-9.74378
-9.76971
-9.79301
-9.81312
-9.82883
-9.8388
-9.84259
-9.83942
-9.83281
-9.8272
-9.82614
-9.83264
-9.84922
-9.87718
-9.9167
-9.96665
-10.0246
-10.0877
-10.1531
-10.2193
-10.2855
-10.3514
-10.416
-10.478
-10.5356
-10.5876
-10.6336
-10.673
-10.7054
-10.7305
-10.748
-10.7578
-10.7598
-10.7538
-10.7396
-10.717
-10.6861
-10.6465
-10.5984
-10.5415
-10.4757
-10.401
-10.317
-10.2236
-10.1204
-10.0074
-9.88414
-9.75058
-9.60652
-9.45184
-9.28648
-9.11041
-8.9237
-8.72647
-8.51889
-8.30124
-8.07389
-7.83731
-7.59207
-7.33884
-7.07837
-6.81147
-6.53897
-6.26173
-5.98064
-5.69665
-5.41078
-5.12415
-4.8379
-4.55329
-4.27172
-3.99481
-3.72426
-3.46154
-3.20727
-2.96165
-2.72498
-2.49767
-2.28011
-2.0726
-1.87534
-1.68838
-1.51167
-1.3449
-1.18786
-1.03954
-0.899951
-0.765764
-0.639517
-0.507993
-0.389793
-0.226299
-0.131843
-9.49715
-9.56872
-9.6185
-9.65586
-9.69198
-9.72712
-9.76339
-9.79874
-9.83281
-9.8642
-9.89241
-9.91623
-9.93453
-9.94591
-9.94933
-9.94557
-9.94322
-9.94444
-9.95267
-9.97019
-9.99799
-10.0362
-10.0839
-10.1391
-10.1989
-10.2608
-10.3231
-10.385
-10.4462
-10.5059
-10.5627
-10.6151
-10.662
-10.7027
-10.7367
-10.7639
-10.7838
-10.7964
-10.8016
-10.799
-10.7885
-10.77
-10.7432
-10.708
-10.6644
-10.6122
-10.5513
-10.4816
-10.4029
-10.3151
-10.2178
-10.1109
-9.99415
-9.86728
-9.73015
-9.5826
-9.42454
-9.25591
-9.07674
-8.88707
-8.68706
-8.47691
-8.25692
-8.02745
-7.78901
-7.54219
-7.28765
-7.02616
-6.75853
-6.4856
-6.20824
-5.92736
-5.64391
-5.35892
-5.07348
-4.78874
-4.50593
-4.22642
-3.95174
-3.68344
-3.42287
-3.17067
-2.9271
-2.69247
-2.46716
-2.25152
-2.0458
-1.85018
-1.66468
-1.48925
-1.32355
-1.16738
-1.01968
-0.880578
-0.746498
-0.620592
-0.488586
-0.372298
-0.207976
-0.125419
-9.47742
-9.56796
-9.64416
-9.70175
-9.75349
-9.80327
-9.85308
-9.90068
-9.9454
-9.9859
-10.0219
-10.0528
-10.0775
-10.0946
-10.1042
-10.1044
-10.1021
-10.1021
-10.1085
-10.1232
-10.1473
-10.1808
-10.2229
-10.2717
-10.3247
-10.3795
-10.4344
-10.4889
-10.5424
-10.5941
-10.6427
-10.6868
-10.7255
-10.7584
-10.785
-10.805
-10.8182
-10.8243
-10.8233
-10.8149
-10.7989
-10.775
-10.7432
-10.7033
-10.6551
-10.5985
-10.5334
-10.4596
-10.3769
-10.2851
-10.1841
-10.0735
-9.95325
-9.823
-9.68264
-9.53205
-9.37113
-9.19984
-9.01821
-8.82631
-8.6243
-8.4124
-8.19092
-7.96025
-7.7209
-7.47347
-7.21864
-6.95716
-6.68986
-6.41758
-6.14119
-5.86159
-5.57973
-5.29662
-5.01334
-4.73101
-4.45084
-4.17415
-3.90238
-3.63695
-3.37911
-3.1295
-2.88844
-2.65624
-2.43324
-2.21975
-2.01603
-1.82221
-1.63831
-1.46427
-1.29974
-1.14454
-0.997568
-0.859053
-0.725258
-0.599876
-0.467862
-0.353683
-0.189935
-0.117983
-9.48462
-9.64756
-9.7444
-9.80487
-9.87098
-9.93406
-9.99171
-10.0448
-10.0932
-10.1358
-10.172
-10.2023
-10.2266
-10.2439
-10.2539
-10.2577
-10.2539
-10.251
-10.2534
-10.2633
-10.2815
-10.3083
-10.343
-10.3839
-10.4283
-10.4742
-10.5202
-10.5657
-10.6104
-10.6532
-10.693
-10.7285
-10.7591
-10.7842
-10.8034
-10.8163
-10.8228
-10.8226
-10.8154
-10.8013
-10.7797
-10.7507
-10.7139
-10.6692
-10.6165
-10.5557
-10.4865
-10.4088
-10.3225
-10.2274
-10.1231
-10.0096
-9.88648
-9.75367
-9.61096
-9.45822
-9.29537
-9.12238
-8.93927
-8.74613
-8.54314
-8.33053
-8.10861
-7.87781
-7.63863
-7.39169
-7.13765
-6.87728
-6.61138
-6.34079
-6.06637
-5.78901
-5.50965
-5.22928
-4.94894
-4.66972
-4.39282
-4.11947
-3.85106
-3.58889
-3.33412
-3.0874
-2.84907
-2.61946
-2.39889
-2.18765
-1.98596
-1.79397
-1.61167
-1.43901
-1.27563
-1.12138
-0.975133
-0.837213
-0.70378
-0.578984
-0.447261
-0.335186
-0.172967
-0.110111
-9.4417
-9.6783
-9.91096
-9.99561
-10.0877
-10.1744
-10.2388
-10.2877
-10.3257
-10.3537
-10.3736
-10.3869
-10.3933
-10.3935
-10.3887
-10.382
-10.37
-10.3577
-10.3506
-10.3515
-10.3614
-10.3802
-10.407
-10.4398
-10.4761
-10.5139
-10.552
-10.5898
-10.6269
-10.6621
-10.6945
-10.7229
-10.7466
-10.7652
-10.7781
-10.785
-10.7858
-10.7801
-10.7679
-10.7489
-10.7229
-10.6897
-10.6491
-10.6008
-10.5449
-10.481
-10.4091
-10.329
-10.2404
-10.1431
-10.0369
-9.92164
-9.79699
-9.66279
-9.51888
-9.36513
-9.20147
-9.02788
-8.84441
-8.65115
-8.44828
-8.23607
-8.01484
-7.78502
-7.54711
-7.30172
-7.04953
-6.79127
-6.52773
-6.25973
-5.98814
-5.7138
-5.43766
-5.16066
-4.88382
-4.60822
-4.33498
-4.06531
-3.80051
-3.5418
-3.29027
-3.04657
-2.81106
-2.58408
-2.36593
-2.15691
-1.95721
-1.76698
-1.5862
-1.41484
-1.25253
-1.09915
-0.95358
-0.816209
-0.683153
-0.558926
-0.427695
-0.31756
-0.157553
-0.102196
)
;

boundaryField
{
    outlet
    {
        type            fixedValue;
        value           uniform 0;
    }
    inlet
    {
        type            zeroGradient;
    }
    lowerWall
    {
        type            zeroGradient;
    }
    upperWall
    {
        type            zeroGradient;
    }
    frontAndBack
    {
        type            empty;
    }
}


// ************************************************************************* //
