/*--------------------------------*- C++ -*----------------------------------*\
| =========                 |                                                 |
| \\      /  F ield         | OpenFOAM: The Open Source CFD Toolbox           |
|  \\    /   O peration     | Version:  4.1                                   |
|   \\  /    A nd           | Web:      www.OpenFOAM.org                      |
|    \\/     M anipulation  |                                                 |
\*---------------------------------------------------------------------------*/
FoamFile
{
    version     2.0;
    format      ascii;
    class       volScalarField;
    location    "600";
    object      nut;
}
// * * * * * * * * * * * * * * * * * * * * * * * * * * * * * * * * * * * * * //

dimensions      [0 2 -1 0 0 0 0];

internalField   nonuniform List<scalar> 
6820
(
4.39385e-05
4.87747e-05
5.31526e-05
5.70915e-05
6.05796e-05
6.36103e-05
6.61884e-05
6.83326e-05
7.00738e-05
7.14511e-05
7.25081e-05
7.32892e-05
7.3837e-05
7.41914e-05
7.43879e-05
7.44577e-05
7.44278e-05
7.43206e-05
7.41551e-05
7.39467e-05
7.3708e-05
7.34491e-05
7.31781e-05
7.29015e-05
7.26241e-05
7.23499e-05
7.20818e-05
7.18226e-05
7.15715e-05
7.13414e-05
7.10761e-05
7.10592e-05
6.98995e-05
0.00046941
0.000265606
0.000193508
0.000152487
0.000125527
0.000107012
9.39993e-05
8.46683e-05
7.7868e-05
7.28566e-05
6.91405e-05
6.63822e-05
6.4345e-05
6.286e-05
6.18041e-05
6.10864e-05
6.06383e-05
6.04078e-05
6.03544e-05
6.04464e-05
6.06585e-05
6.09703e-05
6.13654e-05
6.18299e-05
6.23524e-05
6.29232e-05
6.35341e-05
6.41784e-05
6.48491e-05
6.55437e-05
6.62513e-05
6.69791e-05
6.76808e-05
0.000918058
0.000718795
0.000582223
0.000488778
0.00042158
0.000370785
0.000331008
0.000299115
0.000273073
0.000251474
0.00023332
0.000217887
0.000204638
0.000193169
0.000183167
0.000174389
0.000166642
0.000159772
0.000153652
0.000148182
0.000143274
0.00013886
0.00013488
0.000131283
0.000128026
0.000125074
0.000122393
0.000119957
0.000117741
0.000115725
0.00011389
0.000112225
0.000110658
0.00100704
0.000950024
0.000874018
0.000798213
0.000730805
0.000673128
0.000624146
0.000582408
0.000546591
0.000515599
0.00048855
0.000464749
0.000443645
0.000424802
0.00040787
0.000392571
0.000378677
0.000366
0.000354388
0.00034371
0.000333858
0.00032474
0.000316277
0.0003084
0.000301051
0.000294179
0.000287739
0.000281691
0.000276
0.000270635
0.000265569
0.000260773
0.000256221
0.00101631
0.001006
0.000983563
0.000951519
0.000914347
0.000875791
0.000838168
0.000802653
0.000769714
0.000739438
0.000711722
0.000686378
0.000663192
0.000641951
0.000622452
0.000604513
0.000587969
0.000572677
0.000558508
0.00054535
0.000533104
0.000521682
0.000511007
0.000501011
0.000491634
0.000482822
0.000474527
0.000466707
0.000459325
0.000452347
0.000445743
0.000439488
0.000433556
0.00101678
0.00101508
0.00101017
0.0010009
0.00098729
0.000970152
0.000950606
0.000929706
0.000908287
0.000886944
0.000866075
0.000845923
0.000826628
0.000808259
0.000790837
0.000774352
0.000758777
0.000744075
0.000730199
0.000717105
0.000704744
0.00069307
0.00068204
0.000671611
0.000661744
0.000652402
0.000643553
0.000635164
0.000627209
0.00061966
0.000612497
0.0006057
0.000599246
0.00101672
0.00101615
0.001015
0.00101271
0.00100877
0.00100297
0.000995342
0.000986101
0.000975569
0.000964085
0.000951964
0.000939473
0.000926828
0.000914198
0.00090171
0.000889458
0.000877506
0.000865902
0.000854673
0.000843837
0.000833402
0.000823369
0.000813735
0.000804492
0.000795631
0.000787142
0.000779012
0.000771229
0.000763782
0.000756659
0.000749849
0.000743343
0.000737127
0.0010167
0.00101622
0.00101568
0.00101493
0.00101376
0.00101199
0.00100945
0.00100608
0.00100186
0.000996852
0.000991145
0.00098485
0.000978082
0.000970952
0.000963562
0.000956001
0.000948345
0.000940658
0.000932995
0.000925397
0.000917899
0.000910529
0.000903307
0.000896249
0.000889369
0.000882674
0.00087617
0.000869862
0.000863752
0.000857842
0.000852131
0.00084662
0.000841306
0.0010167
0.00101622
0.00101574
0.00101525
0.00101469
0.001014
0.00101308
0.00101187
0.00101031
0.00100837
0.00100603
0.0010033
0.0010002
0.000996763
0.000993031
0.000989044
0.000984846
0.000980478
0.000975978
0.000971382
0.00096672
0.000962021
0.00095731
0.000952607
0.000947932
0.000943299
0.000938723
0.000934215
0.000929785
0.00092544
0.000921188
0.000917034
0.000912983
0.0010167
0.00101621
0.00101574
0.00101529
0.00101483
0.00101436
0.00101385
0.00101326
0.00101258
0.00101176
0.00101079
0.00100964
0.00100831
0.00100679
0.00100508
0.0010032
0.00100114
0.000998935
0.000996592
0.000994128
0.000991561
0.000988907
0.000986182
0.000983401
0.000980579
0.000977728
0.000974859
0.000971985
0.000969115
0.000966258
0.000963422
0.000960613
0.000957839
0.0010167
0.00101621
0.00101574
0.00101529
0.00101484
0.00101441
0.00101398
0.00101354
0.00101308
0.0010126
0.00101208
0.0010115
0.00101085
0.00101013
0.00100932
0.00100843
0.00100745
0.00100639
0.00100524
0.001004
0.00100269
0.00100131
0.000999857
0.000998351
0.000996794
0.000995193
0.000993554
0.000991886
0.000990193
0.000988483
0.000986761
0.000985032
0.000983302
0.0010167
0.00101621
0.00101574
0.00101528
0.00101484
0.00101441
0.00101399
0.00101358
0.00101317
0.00101277
0.00101237
0.00101195
0.00101153
0.00101108
0.00101061
0.00101011
0.00100958
0.00100901
0.0010084
0.00100776
0.00100707
0.00100635
0.00100558
0.00100479
0.00100395
0.00100309
0.00100219
0.00100127
0.00100033
0.000999364
0.000998381
0.000997383
0.000996373
0.0010167
0.00101621
0.00101574
0.00101528
0.00101484
0.00101441
0.00101399
0.00101358
0.00101318
0.0010128
0.00101242
0.00101204
0.00101167
0.00101131
0.00101094
0.00101057
0.00101019
0.0010098
0.00100941
0.001009
0.00100858
0.00100815
0.0010077
0.00100724
0.00100676
0.00100626
0.00100575
0.00100523
0.00100469
0.00100414
0.00100357
0.001003
0.00100242
0.0010167
0.00101621
0.00101574
0.00101528
0.00101484
0.0010144
0.00101398
0.00101358
0.00101318
0.00101279
0.00101242
0.00101205
0.0010117
0.00101135
0.00101101
0.00101067
0.00101034
0.00101001
0.00100968
0.00100936
0.00100904
0.00100871
0.00100838
0.00100805
0.00100772
0.00100739
0.00100705
0.0010067
0.00100636
0.00100601
0.00100565
0.00100529
0.00100493
0.0010167
0.00101621
0.00101574
0.00101528
0.00101484
0.0010144
0.00101398
0.00101357
0.00101318
0.00101279
0.00101242
0.00101205
0.0010117
0.00101135
0.00101101
0.00101068
0.00101036
0.00101005
0.00100974
0.00100944
0.00100915
0.00100886
0.00100857
0.00100829
0.00100801
0.00100773
0.00100746
0.00100719
0.00100692
0.00100665
0.00100638
0.00100612
0.00100585
0.0010167
0.00101621
0.00101574
0.00101528
0.00101483
0.0010144
0.00101398
0.00101357
0.00101317
0.00101279
0.00101241
0.00101205
0.00101169
0.00101135
0.00101101
0.00101068
0.00101036
0.00101005
0.00100975
0.00100945
0.00100917
0.00100888
0.00100861
0.00100834
0.00100808
0.00100782
0.00100757
0.00100732
0.00100708
0.00100684
0.00100661
0.00100638
0.00100615
0.0010167
0.00101621
0.00101574
0.00101528
0.00101483
0.0010144
0.00101398
0.00101357
0.00101317
0.00101278
0.00101241
0.00101204
0.00101169
0.00101134
0.001011
0.00101068
0.00101036
0.00101005
0.00100974
0.00100945
0.00100916
0.00100888
0.00100861
0.00100835
0.00100809
0.00100783
0.00100759
0.00100735
0.00100711
0.00100688
0.00100666
0.00100644
0.00100623
0.0010167
0.00101621
0.00101574
0.00101528
0.00101483
0.0010144
0.00101398
0.00101357
0.00101317
0.00101278
0.0010124
0.00101204
0.00101168
0.00101134
0.001011
0.00101067
0.00101035
0.00101004
0.00100974
0.00100944
0.00100915
0.00100887
0.0010086
0.00100834
0.00100808
0.00100783
0.00100758
0.00100734
0.00100711
0.00100688
0.00100666
0.00100644
0.00100623
0.0010167
0.00101621
0.00101574
0.00101528
0.00101483
0.0010144
0.00101398
0.00101357
0.00101317
0.00101278
0.0010124
0.00101204
0.00101168
0.00101133
0.00101099
0.00101066
0.00101034
0.00101003
0.00100973
0.00100943
0.00100915
0.00100887
0.00100859
0.00100833
0.00100807
0.00100782
0.00100757
0.00100733
0.0010071
0.00100687
0.00100665
0.00100643
0.00100622
0.0010167
0.00101621
0.00101574
0.00101528
0.00101483
0.0010144
0.00101397
0.00101356
0.00101317
0.00101278
0.0010124
0.00101203
0.00101168
0.00101133
0.00101099
0.00101066
0.00101034
0.00101003
0.00100972
0.00100943
0.00100914
0.00100886
0.00100859
0.00100832
0.00100806
0.00100781
0.00100756
0.00100732
0.00100709
0.00100686
0.00100664
0.00100642
0.00100621
0.0010167
0.00101621
0.00101574
0.00101528
0.00101483
0.0010144
0.00101397
0.00101356
0.00101316
0.00101278
0.0010124
0.00101203
0.00101167
0.00101132
0.00101099
0.00101066
0.00101034
0.00101002
0.00100972
0.00100942
0.00100913
0.00100885
0.00100858
0.00100831
0.00100805
0.0010078
0.00100755
0.00100731
0.00100708
0.00100685
0.00100662
0.00100641
0.00100619
0.0010167
0.00101621
0.00101574
0.00101528
0.00101483
0.00101439
0.00101397
0.00101356
0.00101316
0.00101277
0.0010124
0.00101203
0.00101167
0.00101132
0.00101098
0.00101065
0.00101033
0.00101002
0.00100971
0.00100942
0.00100913
0.00100885
0.00100857
0.0010083
0.00100804
0.00100779
0.00100754
0.0010073
0.00100706
0.00100684
0.00100661
0.00100639
0.00100618
0.0010167
0.00101621
0.00101574
0.00101528
0.00101483
0.00101439
0.00101397
0.00101356
0.00101316
0.00101277
0.00101239
0.00101203
0.00101167
0.00101132
0.00101098
0.00101065
0.00101033
0.00101001
0.00100971
0.00100941
0.00100912
0.00100884
0.00100856
0.0010083
0.00100804
0.00100778
0.00100753
0.00100729
0.00100706
0.00100683
0.0010066
0.00100638
0.00100617
0.0010167
0.00101621
0.00101574
0.00101528
0.00101483
0.00101439
0.00101397
0.00101356
0.00101316
0.00101277
0.00101239
0.00101202
0.00101167
0.00101132
0.00101098
0.00101065
0.00101032
0.00101001
0.00100971
0.00100941
0.00100912
0.00100883
0.00100856
0.00100829
0.00100803
0.00100777
0.00100753
0.00100728
0.00100705
0.00100682
0.00100659
0.00100637
0.00100616
0.0010167
0.00101621
0.00101574
0.00101528
0.00101483
0.00101439
0.00101397
0.00101356
0.00101316
0.00101277
0.00101239
0.00101202
0.00101166
0.00101131
0.00101097
0.00101064
0.00101032
0.00101001
0.0010097
0.0010094
0.00100911
0.00100883
0.00100855
0.00100829
0.00100802
0.00100777
0.00100752
0.00100728
0.00100704
0.00100681
0.00100658
0.00100636
0.00100615
0.0010167
0.00101621
0.00101574
0.00101528
0.00101483
0.00101439
0.00101397
0.00101356
0.00101316
0.00101277
0.00101239
0.00101202
0.00101166
0.00101131
0.00101097
0.00101064
0.00101032
0.00101
0.0010097
0.0010094
0.00100911
0.00100883
0.00100855
0.00100828
0.00100802
0.00100776
0.00100751
0.00100727
0.00100703
0.0010068
0.00100657
0.00100635
0.00100614
0.0010167
0.00101621
0.00101574
0.00101528
0.00101483
0.00101439
0.00101397
0.00101356
0.00101316
0.00101277
0.00101239
0.00101202
0.00101166
0.00101131
0.00101097
0.00101064
0.00101032
0.00101
0.0010097
0.0010094
0.00100911
0.00100882
0.00100855
0.00100828
0.00100801
0.00100776
0.00100751
0.00100726
0.00100703
0.00100679
0.00100657
0.00100635
0.00100613
0.0010167
0.00101621
0.00101574
0.00101528
0.00101483
0.00101439
0.00101397
0.00101356
0.00101316
0.00101277
0.00101239
0.00101202
0.00101166
0.00101131
0.00101097
0.00101064
0.00101032
0.00101
0.00100969
0.00100939
0.0010091
0.00100882
0.00100854
0.00100827
0.00100801
0.00100775
0.0010075
0.00100726
0.00100702
0.00100679
0.00100656
0.00100634
0.00100612
0.0010167
0.00101621
0.00101574
0.00101528
0.00101483
0.00101439
0.00101397
0.00101356
0.00101316
0.00101277
0.00101239
0.00101202
0.00101166
0.00101131
0.00101097
0.00101064
0.00101031
0.00101
0.00100969
0.00100939
0.0010091
0.00100882
0.00100854
0.00100827
0.00100801
0.00100775
0.0010075
0.00100725
0.00100702
0.00100678
0.00100656
0.00100633
0.00100612
0.0010167
0.00101621
0.00101574
0.00101528
0.00101483
0.00101439
0.00101397
0.00101356
0.00101316
0.00101277
0.00101239
0.00101202
0.00101166
0.00101131
0.00101097
0.00101064
0.00101031
0.00101
0.00100969
0.00100939
0.0010091
0.00100881
0.00100854
0.00100827
0.001008
0.00100775
0.00100749
0.00100725
0.00100701
0.00100678
0.00100655
0.00100633
0.00100611
0.0010167
0.00101621
0.00101574
0.00101528
0.00101483
0.00101439
0.00101397
0.00101356
0.00101316
0.00101277
0.00101239
0.00101202
0.00101166
0.00101131
0.00101097
0.00101064
0.00101031
0.00101
0.00100969
0.00100939
0.0010091
0.00100881
0.00100853
0.00100826
0.001008
0.00100774
0.00100749
0.00100724
0.001007
0.00100677
0.00100654
0.00100632
0.0010061
0.0010167
0.00101621
0.00101574
0.00101528
0.00101483
0.00101439
0.00101397
0.00101356
0.00101316
0.00101277
0.00101239
0.00101202
0.00101166
0.00101131
0.00101097
0.00101064
0.00101031
0.00101
0.00100969
0.00100939
0.00100909
0.00100881
0.00100853
0.00100825
0.00100798
0.00100772
0.00100747
0.00100722
0.00100697
0.00100673
0.0010065
0.00100627
0.00100604
0.0010167
0.00101621
0.00101574
0.00101528
0.00101483
0.00101439
0.00101397
0.00101356
0.00101316
0.00101277
0.00101239
0.00101202
0.00101166
0.00101131
0.00101096
0.00101063
0.0010103
0.00100997
0.00100966
0.00100935
0.00100905
0.00100875
0.00100845
0.00100817
0.00100788
0.0010076
0.00100732
0.00100705
0.00100678
0.00100651
0.00100625
0.00100599
0.00100573
0.0010167
0.00101621
0.00101574
0.00101528
0.00101483
0.00101439
0.00101397
0.00101356
0.00101316
0.00101276
0.00101237
0.00101199
0.00101162
0.00101125
0.00101088
0.00101051
0.00101015
0.00100979
0.00100942
0.00100906
0.00100869
0.00100833
0.00100796
0.00100759
0.00100721
0.00100684
0.00100646
0.00100608
0.00100569
0.00100531
0.00100492
0.00100453
0.00100413
0.0010167
0.00101621
0.00101574
0.00101527
0.00101482
0.00101438
0.00101394
0.0010135
0.00101305
0.00101259
0.00101213
0.00101165
0.00101115
0.00101063
0.00101008
0.00100952
0.00100893
0.00100832
0.00100769
0.00100703
0.00100635
0.00100565
0.00100493
0.00100419
0.00100343
0.00100265
0.00100186
0.00100105
0.00100023
0.000999396
0.000998554
0.000997702
0.000996844
0.0010167
0.00101621
0.00101571
0.00101519
0.00101464
0.00101403
0.00101334
0.00101256
0.00101168
0.00101069
0.00100958
0.00100837
0.00100706
0.00100563
0.00100411
0.0010025
0.0010008
0.000999029
0.000997185
0.00099528
0.00099332
0.000991313
0.000989266
0.000987185
0.000985077
0.000982947
0.000980801
0.000978645
0.000976482
0.000974316
0.000972153
0.000969995
0.000967846
0.00101669
0.00101596
0.00101486
0.00101328
0.00101118
0.00100855
0.00100542
0.00100182
0.000997785
0.000993377
0.000988643
0.000983636
0.000978404
0.000972993
0.000967446
0.0009618
0.000956089
0.000950342
0.000944585
0.00093884
0.000933125
0.000927458
0.000921851
0.000916315
0.00091086
0.000905493
0.00090022
0.000895046
0.000889975
0.000885008
0.000880147
0.000875395
0.00087075
0.00101524
0.00100708
0.00099496
0.000980623
0.000964776
0.000947876
0.000930305
0.000912411
0.000894487
0.000876761
0.000859397
0.000842509
0.000826171
0.000810426
0.000795297
0.000780791
0.000766901
0.000753616
0.000740916
0.000728781
0.000717187
0.000706109
0.000695524
0.000685406
0.000675732
0.00066648
0.000657627
0.000649152
0.000641036
0.000633259
0.000625804
0.000618655
0.000611793
0.000934352
0.00081341
0.000726844
0.000658858
0.000603206
0.000556872
0.000517958
0.000484986
0.000456769
0.000432384
0.000411125
0.000392442
0.000375907
0.00036118
0.00034799
0.000336116
0.000325379
0.000315631
0.00030675
0.000298632
0.000291189
0.000284347
0.000278042
0.000272218
0.000266828
0.000261829
0.000257185
0.000252864
0.000248836
0.000245076
0.000241562
0.000238273
0.00023519
0.000125479
0.000128845
0.000132086
0.000135185
0.000138141
0.000140961
0.00014365
0.000146214
0.000148657
0.000150984
0.0001532
0.000155308
0.000157312
0.000159218
0.000161029
0.000162748
0.000164381
0.000165931
0.000167401
0.000168796
0.000170118
0.000171372
0.000172561
0.000173687
0.000174754
0.000175765
0.000176722
0.000177629
0.000178488
0.000179301
0.000180071
0.0001808
0.00018149
8.0496e-05
9.56944e-05
0.000113544
0.000134784
0.00015957
0.000187135
0.000216176
0.000245375
0.000273763
0.000300931
0.000326975
0.000352283
0.000377308
0.000402393
0.000427706
0.000453237
0.000478867
0.000504437
0.000529816
0.000554938
0.000579803
0.000604462
0.00062899
0.00065346
0.000677928
0.000702432
0.000726992
0.000751629
0.000776362
0.000801222
0.00082624
0.000851445
0.000876856
0.000902475
0.000928284
0.000954242
0.000980289
0.00100634
0.00103231
0.00105808
0.00108352
0.00110852
0.00113293
0.00115662
0.00117945
0.00120129
0.00122202
0.00124153
0.00125975
0.00127659
0.00129202
0.00130603
0.00131863
0.00132987
0.00133983
0.00134861
0.00135634
0.0013632
0.00136935
0.001375
0.00138037
0.00138566
0.00139111
0.00139693
0.00140333
0.00141051
0.00141863
0.00142786
0.00143831
0.0014501
0.0014633
0.00147795
0.00149407
0.00151165
0.00153068
0.00155109
0.00157282
0.00159577
0.00161985
0.00164492
0.00167088
0.00169757
0.00172485
0.00175257
0.0017806
0.00180877
0.00183695
0.00186499
0.00189274
0.00192009
0.0019469
0.00197306
0.00199843
0.00202291
0.00204639
0.00206875
0.00208988
0.00210991
0.00212673
0.00215319
6.88006e-05
7.06336e-05
7.33902e-05
7.75069e-05
8.35119e-05
9.19434e-05
0.000103265
0.000117778
0.000135552
0.000156387
0.000179849
0.000205338
0.00023218
0.000259726
0.000287435
0.000314922
0.000341977
0.000368546
0.000394684
0.000420503
0.00044611
0.000471573
0.000496904
0.000522062
0.000546982
0.000571599
0.000595875
0.000619806
0.000643419
0.000666762
0.00068989
0.000712848
0.000735668
0.000758364
0.000780931
0.00080335
0.000825588
0.0008476
0.00086933
0.000890711
0.000911666
0.00093211
0.000951953
0.000971098
0.000989453
0.00100692
0.00102343
0.0010389
0.00105327
0.00106652
0.00107862
0.0010896
0.00109948
0.00110833
0.00111625
0.00112336
0.0011298
0.00113573
0.00114135
0.00114683
0.00115238
0.00115822
0.00116453
0.0011715
0.00117933
0.00118816
0.00119814
0.00120939
0.001222
0.00123603
0.00125155
0.00126857
0.00128709
0.00130711
0.00132857
0.00135145
0.00137565
0.00140111
0.00142772
0.00145537
0.00148395
0.00151332
0.00154334
0.00157389
0.0016048
0.00163593
0.00166713
0.00169825
0.00172916
0.0017597
0.00178976
0.00181918
0.00184785
0.00187564
0.00190244
0.00192812
0.00195255
0.0019759
0.00199583
0.00202662
0.000108996
0.000107177
0.000105283
0.000103565
0.000102064
0.000100842
0.000100025
9.98216e-05
0.000100526
0.00010251
0.000106188
0.000111977
0.000120243
0.000131265
0.000145195
0.000162037
0.000181635
0.000203676
0.000227712
0.000253208
0.000279598
0.000306356
0.000333051
0.000359377
0.000385161
0.00041034
0.000434925
0.000458963
0.000482502
0.000505577
0.0005282
0.000550367
0.000572069
0.00059329
0.000614024
0.000634263
0.000654002
0.000673233
0.000691941
0.000710103
0.000727687
0.000744654
0.000760959
0.000776553
0.000791391
0.000805426
0.000818624
0.000830958
0.000842416
0.000853002
0.000862739
0.000871673
0.000879869
0.000887419
0.000894431
0.000901036
0.00090738
0.000913624
0.000919935
0.000926486
0.000933446
0.000940981
0.000949245
0.000958377
0.000968501
0.000979723
0.00099213
0.00100579
0.00102075
0.00103706
0.00105473
0.00107377
0.00109419
0.00111597
0.00113908
0.0011635
0.00118919
0.00121608
0.00124412
0.00127322
0.00130329
0.00133422
0.00136591
0.00139821
0.00143101
0.00146415
0.00149749
0.00153089
0.0015642
0.00159726
0.00162994
0.00166209
0.00169357
0.00172425
0.00175399
0.00178267
0.00181011
0.00183655
0.00185939
0.00189438
0.000251128
0.000245514
0.000240005
0.000234582
0.000229403
0.000224405
0.000219473
0.000214487
0.000209334
0.000203931
0.000198248
0.000192341
0.000186369
0.00018061
0.000175446
0.000171333
0.000168753
0.000168167
0.000169965
0.000174431
0.000181721
0.000191851
0.000204693
0.00021999
0.000237378
0.000256422
0.000276657
0.000297633
0.000318951
0.000340286
0.000361397
0.00038212
0.000402354
0.000422046
0.000441169
0.000459708
0.000477653
0.000494995
0.000511723
0.000527822
0.000543279
0.000558081
0.000572219
0.000585685
0.000598478
0.000610602
0.000622072
0.000632908
0.000643146
0.000652833
0.000662031
0.000670816
0.000679279
0.000687522
0.000695659
0.000703813
0.000712109
0.000720672
0.000729625
0.000739081
0.00074914
0.000759892
0.000771407
0.000783744
0.000796944
0.000811039
0.000826049
0.00084199
0.000858875
0.000876717
0.00089553
0.000915333
0.000936147
0.000957996
0.000980904
0.00100489
0.00102998
0.00105617
0.00108346
0.00111183
0.00114124
0.00117164
0.00120295
0.00123508
0.00126791
0.00130134
0.00133521
0.00136939
0.00140373
0.00143806
0.00147223
0.00150608
0.00153946
0.0015722
0.00160416
0.0016352
0.00166511
0.00169416
0.00171947
0.00175824
0.000427008
0.000419806
0.000412781
0.000405914
0.000399294
0.000392915
0.000386736
0.000380695
0.000374709
0.000368672
0.000362464
0.000355951
0.000348998
0.000341482
0.000333308
0.00032443
0.000314878
0.000304779
0.000294362
0.000283964
0.000273999
0.000264923
0.000257189
0.000251195
0.000247259
0.000245589
0.000246278
0.00024931
0.000254565
0.000261843
0.000270887
0.000281402
0.000293085
0.00030564
0.000318799
0.000332325
0.000346025
0.000359743
0.000373363
0.000386797
0.000399987
0.000412894
0.000425499
0.000437797
0.000449795
0.000461515
0.000472987
0.000484254
0.000495367
0.000506387
0.000517381
0.000528424
0.00053959
0.000550955
0.00056259
0.00057456
0.00058692
0.00059971
0.000612959
0.000626678
0.000640863
0.000655498
0.000670558
0.00068601
0.00070182
0.000717955
0.000734391
0.000751115
0.000768127
0.000785443
0.000803098
0.000821144
0.000839649
0.000858696
0.000878378
0.000898795
0.000920046
0.000942229
0.000965429
0.000989716
0.00101514
0.00104173
0.00106947
0.00109834
0.00112828
0.00115919
0.00119098
0.00122349
0.00125659
0.0012901
0.00132386
0.00135769
0.0013914
0.00142481
0.00145774
0.00149003
0.00152142
0.00155221
0.00157925
0.00162097
0.000592136
0.000584334
0.000576748
0.000569369
0.00056222
0.000555301
0.000548599
0.000542096
0.000535762
0.000529558
0.000523431
0.00051732
0.000511148
0.000504831
0.000498273
0.000491376
0.000484041
0.000476179
0.000467716
0.000458612
0.000448867
0.000438533
0.000427725
0.000416616
0.000405435
0.000394453
0.000383969
0.000374281
0.000365667
0.000358365
0.000352557
0.000348358
0.000345821
0.00034494
0.000345657
0.000347875
0.000351473
0.000356315
0.000362262
0.000369181
0.000376951
0.000385467
0.000394642
0.000404407
0.000414711
0.000425519
0.000436809
0.000448569
0.000460795
0.000473488
0.000486646
0.000500269
0.000514349
0.000528869
0.000543805
0.00055912
0.000574766
0.000590682
0.000606803
0.000623051
0.000639348
0.000655616
0.000671777
0.000687763
0.000703514
0.000718985
0.000734144
0.000748981
0.0007635
0.00077773
0.000791717
0.000805531
0.00081926
0.000833015
0.000846922
0.000861125
0.000875779
0.000891047
0.000907094
0.000924081
0.000942156
0.000961447
0.000982059
0.00100406
0.00102749
0.00105233
0.00107855
0.00110605
0.00113473
0.00116442
0.00119497
0.00122619
0.00125786
0.00128977
0.00132171
0.00135348
0.00138477
0.00141589
0.00144348
0.00148665
0.000730233
0.000722623
0.000715185
0.000707923
0.000700846
0.000693955
0.000687245
0.00068071
0.000674341
0.000668124
0.000662042
0.000656073
0.00065019
0.000644362
0.000638553
0.000632721
0.00062682
0.000620802
0.000614615
0.000608208
0.000601535
0.000594557
0.000587248
0.000579601
0.000571633
0.000563385
0.00055493
0.00054637
0.000537832
0.000529466
0.000521437
0.000513915
0.000507068
0.000501052
0.000496004
0.000492036
0.000489236
0.000487662
0.000487347
0.000488301
0.000490513
0.000493959
0.000498601
0.000504392
0.000511282
0.000519215
0.000528132
0.000537971
0.000548668
0.000560155
0.000572359
0.000585201
0.0005986
0.000612467
0.000626709
0.00064123
0.000655932
0.000670714
0.00068548
0.000700135
0.000714591
0.000728767
0.000742592
0.000756006
0.000768958
0.000781414
0.000793348
0.000804751
0.000815624
0.000825984
0.00083586
0.000845296
0.000854349
0.000863093
0.000871617
0.000880029
0.000888453
0.000897034
0.000905931
0.000915321
0.000925391
0.000936332
0.000948335
0.000961576
0.000976212
0.000992368
0.00101013
0.00102954
0.00105059
0.00107323
0.00109734
0.00112279
0.00114941
0.00117697
0.00120526
0.00123404
0.00126299
0.00129236
0.00131877
0.00136103
0.00083535
0.000828704
0.000822143
0.000815674
0.00080931
0.000803055
0.000796911
0.00079088
0.00078496
0.000779151
0.000773448
0.000767845
0.000762338
0.000756917
0.000751573
0.000746298
0.00074108
0.000735905
0.000730761
0.000725631
0.0007205
0.000715351
0.00071017
0.000704944
0.000699665
0.000694331
0.000688951
0.000683542
0.000678137
0.00067278
0.00066753
0.000662458
0.000657647
0.000653187
0.000649173
0.000645701
0.000642863
0.000640746
0.000639424
0.000638963
0.000639412
0.000640805
0.000643161
0.000646485
0.000650766
0.000655981
0.000662091
0.00066905
0.0006768
0.000685271
0.000694391
0.000704076
0.000714242
0.000724797
0.000735651
0.000746712
0.000757889
0.000769097
0.000780254
0.000791283
0.000802116
0.000812692
0.00082296
0.000832877
0.000842409
0.00085153
0.000860224
0.000868481
0.000876301
0.000883688
0.000890654
0.000897215
0.000903394
0.000909222
0.000914735
0.000919975
0.000925
0.000929874
0.000934679
0.000939516
0.000944503
0.00094978
0.000955508
0.000961868
0.00096905
0.000977252
0.000986664
0.000997462
0.00100979
0.00102375
0.0010394
0.00105674
0.00107572
0.00109623
0.00111811
0.00114119
0.00116516
0.00119023
0.00121329
0.00125145
0.000908385
0.000903187
0.000897986
0.000892794
0.000887622
0.000882476
0.000877365
0.000872294
0.000867266
0.000862286
0.000857357
0.000852479
0.000847655
0.000842887
0.000838177
0.000833526
0.000828936
0.000824412
0.000819954
0.000815567
0.000811254
0.000807017
0.000802859
0.000798783
0.000794792
0.000790891
0.000787085
0.000783383
0.000779797
0.000776344
0.000773045
0.000769927
0.000767023
0.000764371
0.000762016
0.000760002
0.00075838
0.000757198
0.000756503
0.00075634
0.000756745
0.000757752
0.000759382
0.00076165
0.000764558
0.000768101
0.000772261
0.000777012
0.000782318
0.000788137
0.000794417
0.000801101
0.00080813
0.000815439
0.000822965
0.000830641
0.000838405
0.000846196
0.000853957
0.000861637
0.000869188
0.00087657
0.00088375
0.000890698
0.000897394
0.000903821
0.000909971
0.000915839
0.000921425
0.000926734
0.000931772
0.000936552
0.000941085
0.000945386
0.00094947
0.000953356
0.00095706
0.000960604
0.00096401
0.000967307
0.000970532
0.000973733
0.000976972
0.00098033
0.000983912
0.000987845
0.000992279
0.000997384
0.00100334
0.00101034
0.00101855
0.00102812
0.00103917
0.00105176
0.00106591
0.00108157
0.00109861
0.0011172
0.00113494
0.00116561
0.000954645
0.000950982
0.000947262
0.000943494
0.000939685
0.000935845
0.000931978
0.000928093
0.000924195
0.00092029
0.000916381
0.000912475
0.000908576
0.000904689
0.000900818
0.000896971
0.000893153
0.000889371
0.000885635
0.000881951
0.000878331
0.000874784
0.000871319
0.000867949
0.000864684
0.000861533
0.00085851
0.000855624
0.000852887
0.000850314
0.000847916
0.000845709
0.00084371
0.000841938
0.000840413
0.000839155
0.000838188
0.000837534
0.000837216
0.000837255
0.00083767
0.000838477
0.000839688
0.00084131
0.000843346
0.000845791
0.000848636
0.000851865
0.000855456
0.000859382
0.000863613
0.000868113
0.000872843
0.000877763
0.000882832
0.000888006
0.000893247
0.000898513
0.000903768
0.000908978
0.000914112
0.000919143
0.000924051
0.000928815
0.000933423
0.000937864
0.000942134
0.000946231
0.000950157
0.000953917
0.00095752
0.000960976
0.000964299
0.000967502
0.000970601
0.000973612
0.000976549
0.000979428
0.000982262
0.000985062
0.000987839
0.000990602
0.000993363
0.000996134
0.000998935
0.0010018
0.00100476
0.0010079
0.0010113
0.00101506
0.00101933
0.00102425
0.00102997
0.00103666
0.00104445
0.00105344
0.00106369
0.00107538
0.00108713
0.00110834
0.000981282
0.00097893
0.000976503
0.000974007
0.000971446
0.000968826
0.000966149
0.000963423
0.00096065
0.000957836
0.000954986
0.000952104
0.000949194
0.000946263
0.000943314
0.000940355
0.000937392
0.000934431
0.000931482
0.000928554
0.000925655
0.000922798
0.000919992
0.00091725
0.000914584
0.000912006
0.000909529
0.000907166
0.00090493
0.000902832
0.000900886
0.000899104
0.000897499
0.000896083
0.000894868
0.000893868
0.000893093
0.000892557
0.000892269
0.000892239
0.000892476
0.000892987
0.000893776
0.000894844
0.000896191
0.000897811
0.000899699
0.000901842
0.000904226
0.000906834
0.000909645
0.000912638
0.000915787
0.000919067
0.000922451
0.000925911
0.000929422
0.000932958
0.000936493
0.000940005
0.000943475
0.000946883
0.000950214
0.000953455
0.000956597
0.000959633
0.000962559
0.000965372
0.000968076
0.000970675
0.000973174
0.000975585
0.000977918
0.000980187
0.000982409
0.000984599
0.000986777
0.000988961
0.00099117
0.000993421
0.000995732
0.000998116
0.00100058
0.00100314
0.00100579
0.00100854
0.00101138
0.00101432
0.00101736
0.00102052
0.00102383
0.00102733
0.00103111
0.00103524
0.00103984
0.00104502
0.00105091
0.00105765
0.00106472
0.00107759
0.000995179
0.00099377
0.000992296
0.000990758
0.000989157
0.000987496
0.000985776
0.000983999
0.000982168
0.000980285
0.000978353
0.000976376
0.000974357
0.000972298
0.000970205
0.000968082
0.000965933
0.000963764
0.000961583
0.000959395
0.00095721
0.000955034
0.000952879
0.000950752
0.000948666
0.000946631
0.000944658
0.000942759
0.000940945
0.000939227
0.000937619
0.000936129
0.000934771
0.000933553
0.000932486
0.00093158
0.000930843
0.000930283
0.000929906
0.00092972
0.000929728
0.000929934
0.000930339
0.000930943
0.000931745
0.000932739
0.000933921
0.000935282
0.000936813
0.000938501
0.000940333
0.000942294
0.000944368
0.000946538
0.000948785
0.000951093
0.000953442
0.000955815
0.000958195
0.000960568
0.000962917
0.00096523
0.000967495
0.000969702
0.000971844
0.000973914
0.000975908
0.000977825
0.000979663
0.000981426
0.000983118
0.000984744
0.000986313
0.000987836
0.000989325
0.000990796
0.000992264
0.00099375
0.000995271
0.000996852
0.000998512
0.00100028
0.00100216
0.00100419
0.00100638
0.00100874
0.00101128
0.00101401
0.00101691
0.00101998
0.00102321
0.00102659
0.00103012
0.0010338
0.00103766
0.00104171
0.00104603
0.00105066
0.00105541
0.00106355
0.00100172
0.0010009
0.00100003
0.000999113
0.00099815
0.000997139
0.000996081
0.000994976
0.000993824
0.000992627
0.000991385
0.000990099
0.000988772
0.000987404
0.000985999
0.000984558
0.000983085
0.000981584
0.000980059
0.000978514
0.000976955
0.000975387
0.000973818
0.000972254
0.000970704
0.000969175
0.000967676
0.000966216
0.000964804
0.00096345
0.000962164
0.000960954
0.00095983
0.000958801
0.000957876
0.000957062
0.000956366
0.000955796
0.000955358
0.000955055
0.000954892
0.000954872
0.000954996
0.000955264
0.000955675
0.000956226
0.000956914
0.000957733
0.000958677
0.000959737
0.000960904
0.000962169
0.000963521
0.000964947
0.000966435
0.000967974
0.000969549
0.00097115
0.000972763
0.000974377
0.000975982
0.000977566
0.00097912
0.000980637
0.000982109
0.000983531
0.000984898
0.000986207
0.000987457
0.000988646
0.000989778
0.000990855
0.000991881
0.000992864
0.000993811
0.000994733
0.000995642
0.000996554
0.000997483
0.00099845
0.000999475
0.00100058
0.00100179
0.00100313
0.00100462
0.00100629
0.00100816
0.00101025
0.00101258
0.00101514
0.00101796
0.00102101
0.00102429
0.00102779
0.00103148
0.00103534
0.00103937
0.00104359
0.00104765
0.0010544
0.0010045
0.00100399
0.00100345
0.00100288
0.00100229
0.00100166
0.00100101
0.00100032
0.000999594
0.000998839
0.00099805
0.000997228
0.000996374
0.000995487
0.000994568
0.000993619
0.000992641
0.000991636
0.000990607
0.000989555
0.000988485
0.000987399
0.000986302
0.000985199
0.000984095
0.000982995
0.000981905
0.000980831
0.000979781
0.00097876
0.000977777
0.000976839
0.000975952
0.000975124
0.000974362
0.000973672
0.000973061
0.000972534
0.000972098
0.000971755
0.000971511
0.000971367
0.000971326
0.000971389
0.000971556
0.000971826
0.000972197
0.000972666
0.000973228
0.000973879
0.000974613
0.000975423
0.000976302
0.000977242
0.000978234
0.000979269
0.000980338
0.000981432
0.000982542
0.000983659
0.000984774
0.00098588
0.000986968
0.000988031
0.000989063
0.000990058
0.000991012
0.000991921
0.000992783
0.000993595
0.000994357
0.000995069
0.000995734
0.000996355
0.000996935
0.000997483
0.000998004
0.00099851
0.000999011
0.00099952
0.00100005
0.00100063
0.00100127
0.00100199
0.00100282
0.00100378
0.0010049
0.00100621
0.00100773
0.00100949
0.0010115
0.00101378
0.00101634
0.00101919
0.00102232
0.00102571
0.00102934
0.00103326
0.00103693
0.00104341
0.00100554
0.00100518
0.0010048
0.00100441
0.001004
0.00100358
0.00100314
0.00100267
0.00100219
0.00100169
0.00100116
0.00100061
0.00100005
0.000999455
0.000998842
0.000998208
0.000997552
0.000996876
0.00099618
0.000995466
0.000994736
0.000993992
0.000993235
0.00099247
0.000991697
0.000990923
0.000990149
0.00098938
0.00098862
0.000987875
0.000987149
0.000986448
0.000985776
0.000985139
0.000984542
0.000983991
0.00098349
0.000983044
0.000982659
0.000982337
0.000982083
0.000981898
0.000981787
0.00098175
0.000981788
0.000981902
0.00098209
0.000982353
0.000982686
0.000983088
0.000983556
0.000984083
0.000984667
0.0009853
0.000985978
0.000986693
0.00098744
0.00098821
0.000988998
0.000989796
0.000990597
0.000991395
0.000992182
0.000992952
0.000993701
0.000994422
0.00099511
0.000995763
0.000996376
0.000996946
0.000997472
0.000997954
0.00099839
0.000998781
0.000999131
0.000999441
0.000999717
0.000999963
0.00100019
0.0010004
0.0010006
0.00100082
0.00100106
0.00100133
0.00100167
0.00100208
0.00100259
0.00100322
0.001004
0.00100496
0.00100612
0.00100751
0.00100915
0.00101107
0.00101327
0.00101576
0.00101854
0.0010217
0.00102464
0.00103037
0.00100589
0.00100559
0.00100528
0.00100496
0.00100464
0.0010043
0.00100396
0.00100361
0.00100324
0.00100286
0.00100248
0.00100207
0.00100166
0.00100123
0.00100079
0.00100033
0.000999866
0.000999385
0.00099889
0.000998384
0.000997866
0.000997338
0.000996801
0.000996256
0.000995706
0.000995153
0.000994598
0.000994044
0.000993494
0.000992951
0.000992419
0.000991901
0.0009914
0.000990921
0.000990466
0.000990041
0.000989649
0.000989293
0.000988977
0.000988706
0.000988481
0.000988305
0.000988182
0.000988112
0.000988097
0.000988138
0.000988236
0.00098839
0.000988599
0.000988861
0.000989175
0.000989538
0.000989947
0.000990397
0.000990885
0.000991405
0.000991954
0.000992525
0.000993113
0.000993712
0.000994317
0.000994921
0.000995519
0.000996106
0.000996677
0.000997225
0.000997748
0.00099824
0.000998698
0.000999118
0.000999499
0.000999839
0.00100014
0.00100039
0.0010006
0.00100077
0.0010009
0.00100099
0.00100105
0.00100108
0.00100109
0.00100109
0.00100108
0.00100107
0.00100108
0.00100113
0.00100122
0.00100138
0.00100162
0.00100197
0.00100245
0.00100309
0.00100391
0.00100493
0.00100618
0.00100769
0.00100944
0.00101156
0.00101354
0.00101786
0.00100598
0.0010057
0.00100542
0.00100513
0.00100484
0.00100454
0.00100424
0.00100393
0.00100362
0.0010033
0.00100297
0.00100264
0.0010023
0.00100195
0.00100159
0.00100123
0.00100086
0.00100048
0.00100009
0.0009997
0.000999301
0.000998896
0.000998486
0.000998072
0.000997655
0.000997236
0.000996817
0.000996399
0.000995985
0.000995575
0.000995173
0.00099478
0.000994399
0.000994033
0.000993685
0.000993357
0.000993052
0.000992773
0.000992523
0.000992304
0.00099212
0.000991972
0.000991863
0.000991794
0.000991767
0.000991784
0.000991843
0.000991947
0.000992095
0.000992286
0.000992519
0.000992791
0.000993102
0.000993448
0.000993827
0.000994234
0.000994665
0.000995117
0.000995585
0.000996065
0.00099655
0.000997037
0.000997521
0.000997996
0.000998457
0.0009989
0.000999321
0.000999716
0.00100008
0.00100041
0.00100071
0.00100096
0.00100118
0.00100135
0.00100148
0.00100157
0.00100162
0.00100162
0.00100159
0.00100152
0.00100142
0.00100129
0.00100114
0.00100098
0.0010008
0.00100063
0.00100047
0.00100033
0.00100023
0.00100018
0.0010002
0.0010003
0.00100052
0.00100086
0.00100136
0.00100204
0.00100289
0.00100404
0.00100509
0.0010078
0.00100599
0.00100572
0.00100544
0.00100516
0.00100488
0.0010046
0.00100431
0.00100402
0.00100373
0.00100343
0.00100313
0.00100282
0.00100251
0.0010022
0.00100188
0.00100156
0.00100123
0.0010009
0.00100057
0.00100023
0.000999893
0.000999551
0.000999207
0.000998862
0.000998516
0.000998171
0.000997827
0.000997486
0.000997149
0.000996817
0.000996492
0.000996175
0.000995869
0.000995575
0.000995295
0.000995031
0.000994786
0.000994561
0.00099436
0.000994183
0.000994034
0.000993913
0.000993824
0.000993767
0.000993743
0.000993755
0.000993803
0.000993886
0.000994007
0.000994163
0.000994354
0.00099458
0.000994838
0.000995127
0.000995444
0.000995787
0.000996151
0.000996535
0.000996933
0.000997341
0.000997757
0.000998174
0.000998589
0.000998996
0.000999393
0.000999773
0.00100013
0.00100047
0.00100078
0.00100106
0.0010013
0.00100151
0.00100168
0.00100181
0.00100189
0.00100194
0.00100194
0.0010019
0.00100182
0.0010017
0.00100154
0.00100134
0.00100112
0.00100086
0.00100059
0.00100029
0.000999985
0.000999676
0.000999371
0.000999082
0.000998818
0.000998593
0.000998422
0.000998318
0.0009983
0.000998387
0.000998586
0.000998975
0.000999313
0.00100064
0.00100598
0.00100571
0.00100543
0.00100516
0.00100488
0.0010046
0.00100431
0.00100403
0.00100374
0.00100345
0.00100316
0.00100286
0.00100256
0.00100226
0.00100196
0.00100165
0.00100135
0.00100104
0.00100073
0.00100042
0.0010001
0.000999788
0.000999475
0.000999162
0.00099885
0.00099854
0.000998233
0.00099793
0.000997632
0.00099734
0.000997055
0.000996778
0.000996512
0.000996256
0.000996014
0.000995787
0.000995576
0.000995384
0.000995211
0.000995061
0.000994933
0.000994831
0.000994756
0.000994709
0.000994691
0.000994703
0.000994746
0.000994821
0.000994928
0.000995067
0.000995237
0.000995437
0.000995666
0.000995923
0.000996205
0.00099651
0.000996836
0.000997179
0.000997536
0.000997902
0.000998276
0.000998651
0.000999025
0.000999392
0.000999749
0.00100009
0.00100042
0.00100072
0.001001
0.00100124
0.00100146
0.00100164
0.00100178
0.00100188
0.00100194
0.00100196
0.00100194
0.00100188
0.00100177
0.00100162
0.00100143
0.0010012
0.00100093
0.00100063
0.00100029
0.000999931
0.000999544
0.000999139
0.000998719
0.000998291
0.000997862
0.00099744
0.000997034
0.000996654
0.000996312
0.000996021
0.000995787
0.000995662
0.000995512
0.000995812
0.00100597
0.00100569
0.00100542
0.00100514
0.00100486
0.00100458
0.0010043
0.00100401
0.00100373
0.00100344
0.00100315
0.00100285
0.00100256
0.00100226
0.00100196
0.00100167
0.00100136
0.00100106
0.00100076
0.00100046
0.00100015
0.00099985
0.000999548
0.000999248
0.000998949
0.000998654
0.000998362
0.000998075
0.000997793
0.000997517
0.00099725
0.00099699
0.000996741
0.000996503
0.000996278
0.000996067
0.000995872
0.000995694
0.000995534
0.000995395
0.000995277
0.000995183
0.000995113
0.000995069
0.000995052
0.000995062
0.000995102
0.00099517
0.000995267
0.000995394
0.000995549
0.000995733
0.000995943
0.000996179
0.000996439
0.000996721
0.000997021
0.000997338
0.000997668
0.000998008
0.000998355
0.000998703
0.000999051
0.000999393
0.000999725
0.00100004
0.00100035
0.00100063
0.00100088
0.00100111
0.0010013
0.00100147
0.00100159
0.00100168
0.00100172
0.00100173
0.00100169
0.0010016
0.00100148
0.00100131
0.0010011
0.00100084
0.00100055
0.00100021
0.000999842
0.000999437
0.000999
0.000998534
0.000998043
0.00099753
0.000997
0.000996457
0.000995909
0.00099536
0.000994818
0.000994292
0.000993786
0.00099333
0.000992868
0.000992475
0.00100595
0.00100568
0.0010054
0.00100512
0.00100484
0.00100456
0.00100428
0.00100399
0.00100371
0.00100342
0.00100313
0.00100283
0.00100254
0.00100224
0.00100195
0.00100165
0.00100135
0.00100105
0.00100075
0.00100045
0.00100014
0.000999845
0.000999546
0.000999249
0.000998954
0.000998663
0.000998375
0.000998092
0.000997815
0.000997544
0.000997281
0.000997026
0.000996781
0.000996548
0.000996327
0.000996119
0.000995927
0.000995752
0.000995594
0.000995456
0.000995339
0.000995243
0.000995172
0.000995124
0.000995102
0.000995107
0.000995139
0.000995198
0.000995285
0.0009954
0.000995542
0.000995712
0.000995906
0.000996126
0.000996368
0.000996631
0.000996913
0.00099721
0.000997521
0.000997841
0.000998167
0.000998496
0.000998824
0.000999146
0.00099946
0.000999761
0.00100004
0.00100031
0.00100055
0.00100076
0.00100094
0.00100108
0.00100119
0.00100126
0.00100129
0.00100128
0.00100122
0.00100112
0.00100098
0.00100079
0.00100055
0.00100027
0.000999951
0.000999586
0.000999181
0.000998737
0.000998256
0.00099774
0.000997192
0.000996614
0.000996009
0.000995381
0.000994733
0.000994068
0.000993393
0.000992711
0.000992025
0.000991353
0.000990687
0.000989834
0.00100594
0.00100566
0.00100539
0.00100511
0.00100483
0.00100454
0.00100426
0.00100397
0.00100369
0.0010034
0.0010031
0.00100281
0.00100252
0.00100222
0.00100192
0.00100162
0.00100132
0.00100102
0.00100072
0.00100042
0.00100012
0.000999817
0.000999518
0.000999221
0.000998925
0.000998633
0.000998345
0.000998061
0.000997783
0.00099751
0.000997246
0.00099699
0.000996743
0.000996507
0.000996284
0.000996073
0.000995878
0.000995698
0.000995536
0.000995393
0.000995269
0.000995168
0.000995089
0.000995033
0.000995002
0.000994997
0.000995018
0.000995066
0.000995141
0.000995243
0.000995371
0.000995525
0.000995705
0.000995908
0.000996133
0.000996379
0.000996643
0.000996923
0.000997215
0.000997517
0.000997825
0.000998136
0.000998446
0.00099875
0.000999046
0.000999329
0.000999595
0.00099984
0.00100006
0.00100025
0.00100042
0.00100054
0.00100063
0.00100068
0.00100069
0.00100065
0.00100057
0.00100045
0.00100027
0.00100005
0.000999781
0.000999466
0.000999105
0.000998698
0.000998248
0.000997755
0.000997221
0.000996648
0.000996038
0.000995392
0.000994714
0.000994004
0.000993267
0.000992503
0.000991718
0.000990912
0.00099009
0.000989255
0.000988441
0.000987258
0.00100593
0.00100565
0.00100537
0.00100509
0.00100481
0.00100453
0.00100424
0.00100395
0.00100367
0.00100337
0.00100308
0.00100279
0.00100249
0.00100219
0.0010019
0.0010016
0.00100129
0.00100099
0.00100069
0.00100039
0.00100009
0.000999784
0.000999483
0.000999184
0.000998886
0.000998592
0.000998301
0.000998014
0.000997732
0.000997457
0.000997188
0.000996928
0.000996677
0.000996436
0.000996206
0.00099599
0.000995788
0.000995601
0.000995431
0.000995279
0.000995147
0.000995036
0.000994946
0.00099488
0.000994838
0.00099482
0.000994829
0.000994863
0.000994923
0.00099501
0.000995123
0.000995261
0.000995424
0.00099561
0.000995818
0.000996046
0.000996291
0.000996552
0.000996825
0.000997108
0.000997396
0.000997687
0.000997976
0.00099826
0.000998534
0.000998794
0.000999038
0.000999259
0.000999455
0.000999622
0.000999756
0.000999854
0.000999912
0.000999929
0.000999902
0.000999828
0.000999706
0.000999536
0.000999315
0.000999045
0.000998723
0.000998352
0.000997931
0.000997462
0.000996945
0.000996382
0.000995774
0.000995123
0.000994431
0.000993699
0.00099293
0.000992125
0.000991286
0.000990415
0.000989515
0.000988587
0.000987634
0.000986652
0.000985705
0.000984246
0.00100591
0.00100564
0.00100536
0.00100508
0.0010048
0.00100451
0.00100423
0.00100394
0.00100365
0.00100336
0.00100306
0.00100277
0.00100247
0.00100217
0.00100187
0.00100157
0.00100127
0.00100097
0.00100066
0.00100036
0.00100005
0.00099975
0.000999447
0.000999145
0.000998846
0.000998548
0.000998254
0.000997964
0.000997679
0.000997399
0.000997125
0.00099686
0.000996603
0.000996356
0.00099612
0.000995896
0.000995686
0.000995491
0.000995312
0.00099515
0.000995008
0.000994886
0.000994785
0.000994706
0.000994651
0.00099462
0.000994613
0.000994633
0.000994677
0.000994748
0.000994843
0.000994964
0.000995108
0.000995275
0.000995463
0.000995671
0.000995895
0.000996134
0.000996384
0.000996643
0.000996906
0.000997171
0.000997433
0.000997688
0.000997932
0.000998161
0.00099837
0.000998556
0.000998713
0.000998839
0.000998929
0.00099898
0.000998988
0.000998951
0.000998865
0.00099873
0.000998542
0.000998302
0.000998007
0.000997658
0.000997254
0.000996796
0.000996285
0.000995721
0.000995105
0.000994439
0.000993725
0.000992965
0.000992159
0.000991311
0.000990421
0.000989492
0.000988525
0.000987522
0.000986485
0.000985414
0.000984314
0.000983172
0.000982084
0.00098035
0.0010059
0.00100563
0.00100535
0.00100507
0.00100478
0.0010045
0.00100421
0.00100392
0.00100363
0.00100334
0.00100304
0.00100275
0.00100245
0.00100215
0.00100185
0.00100155
0.00100124
0.00100094
0.00100063
0.00100033
0.00100002
0.000999718
0.000999413
0.000999109
0.000998806
0.000998506
0.000998209
0.000997915
0.000997626
0.000997342
0.000997064
0.000996793
0.00099653
0.000996276
0.000996033
0.000995802
0.000995584
0.00099538
0.000995192
0.00099502
0.000994867
0.000994733
0.000994619
0.000994527
0.000994458
0.000994412
0.00099439
0.000994393
0.00099442
0.000994472
0.000994548
0.000994648
0.000994771
0.000994915
0.000995079
0.00099526
0.000995458
0.000995667
0.000995887
0.000996113
0.000996342
0.000996569
0.000996791
0.000997003
0.000997201
0.00099738
0.000997536
0.000997664
0.00099776
0.000997819
0.000997837
0.000997811
0.000997737
0.000997613
0.000997435
0.000997201
0.00099691
0.00099656
0.000996151
0.000995682
0.000995153
0.000994566
0.00099392
0.000993218
0.00099246
0.000991649
0.000990786
0.000989873
0.000988912
0.000987906
0.000986856
0.000985763
0.000984631
0.000983459
0.000982251
0.000981005
0.000979726
0.000978396
0.000977143
0.000975099
0.00100589
0.00100562
0.00100534
0.00100505
0.00100477
0.00100448
0.0010042
0.00100391
0.00100362
0.00100332
0.00100303
0.00100273
0.00100243
0.00100213
0.00100183
0.00100153
0.00100122
0.00100092
0.00100061
0.0010003
0.000999994
0.000999687
0.00099938
0.000999074
0.000998769
0.000998466
0.000998166
0.000997868
0.000997575
0.000997287
0.000997004
0.000996728
0.000996459
0.000996199
0.000995949
0.00099571
0.000995484
0.000995271
0.000995072
0.00099489
0.000994725
0.000994578
0.000994451
0.000994345
0.00099426
0.000994197
0.000994156
0.000994139
0.000994146
0.000994175
0.000994226
0.0009943
0.000994394
0.000994507
0.000994638
0.000994784
0.000994942
0.00099511
0.000995283
0.00099546
0.000995634
0.000995803
0.000995961
0.000996105
0.000996228
0.000996326
0.000996395
0.000996429
0.000996424
0.000996375
0.000996279
0.00099613
0.000995927
0.000995665
0.000995342
0.000994957
0.000994508
0.000993993
0.000993413
0.000992768
0.000992058
0.000991285
0.000990449
0.000989553
0.000988599
0.000987588
0.000986523
0.000985406
0.00098424
0.000983027
0.000981768
0.000980467
0.000979123
0.000977739
0.000976316
0.000974854
0.000973357
0.000971799
0.000970347
0.000967937
0.00100589
0.00100561
0.00100533
0.00100504
0.00100476
0.00100447
0.00100418
0.00100389
0.0010036
0.00100331
0.00100301
0.00100271
0.00100241
0.00100211
0.00100181
0.0010015
0.0010012
0.00100089
0.00100058
0.00100028
0.000999967
0.000999658
0.000999349
0.00099904
0.000998733
0.000998427
0.000998123
0.000997823
0.000997525
0.000997232
0.000996944
0.000996662
0.000996388
0.000996121
0.000995863
0.000995615
0.000995379
0.000995156
0.000994946
0.000994751
0.000994571
0.000994409
0.000994265
0.00099414
0.000994034
0.000993949
0.000993884
0.00099384
0.000993816
0.000993813
0.000993829
0.000993863
0.000993914
0.00099398
0.000994059
0.000994148
0.000994243
0.000994343
0.000994442
0.000994536
0.000994622
0.000994694
0.000994747
0.000994777
0.000994777
0.000994744
0.000994671
0.000994553
0.000994387
0.000994167
0.000993889
0.00099355
0.000993146
0.000992676
0.000992136
0.000991527
0.000990846
0.000990093
0.00098927
0.000988377
0.000987414
0.000986386
0.000985292
0.000984136
0.00098292
0.000981647
0.00098032
0.000978941
0.000977513
0.000976038
0.000974518
0.000972955
0.00097135
0.000969704
0.000968019
0.000966293
0.000964532
0.000962698
0.000961006
0.000958159
0.00100588
0.0010056
0.00100532
0.00100503
0.00100475
0.00100446
0.00100417
0.00100388
0.00100359
0.00100329
0.001003
0.0010027
0.0010024
0.0010021
0.00100179
0.00100149
0.00100118
0.00100087
0.00100056
0.00100025
0.000999939
0.000999628
0.000999316
0.000999005
0.000998694
0.000998385
0.000998077
0.000997771
0.000997469
0.00099717
0.000996875
0.000996586
0.000996302
0.000996026
0.000995757
0.000995497
0.000995247
0.000995008
0.000994781
0.000994567
0.000994367
0.000994181
0.000994011
0.000993856
0.000993718
0.000993596
0.000993492
0.000993403
0.00099333
0.000993272
0.000993227
0.000993195
0.000993172
0.000993157
0.000993147
0.000993138
0.000993127
0.000993109
0.000993081
0.000993037
0.000992973
0.000992882
0.000992761
0.000992603
0.000992403
0.000992156
0.000991856
0.0009915
0.000991082
0.000990598
0.000990045
0.000989421
0.000988722
0.000987948
0.000987097
0.000986169
0.000985164
0.000984084
0.00098293
0.000981704
0.000980407
0.000979044
0.000977617
0.000976129
0.000974582
0.000972981
0.000971328
0.000969625
0.000967875
0.000966081
0.000964244
0.000962365
0.000960445
0.000958484
0.000956483
0.000954438
0.000952359
0.000950193
0.000948211
0.000944833
0.00100587
0.00100559
0.00100531
0.00100503
0.00100474
0.00100445
0.00100416
0.00100387
0.00100358
0.00100328
0.00100298
0.00100268
0.00100238
0.00100208
0.00100177
0.00100146
0.00100115
0.00100084
0.00100053
0.00100022
0.000999902
0.000999587
0.000999271
0.000998954
0.000998638
0.000998321
0.000998006
0.000997692
0.000997379
0.000997069
0.000996762
0.000996458
0.000996158
0.000995864
0.000995575
0.000995292
0.000995017
0.00099475
0.000994491
0.000994241
0.000994
0.00099377
0.00099355
0.000993341
0.000993142
0.000992953
0.000992773
0.000992601
0.000992437
0.000992279
0.000992123
0.000991969
0.000991814
0.000991653
0.000991485
0.000991303
0.000991105
0.000990885
0.000990639
0.000990361
0.000990045
0.000989687
0.000989282
0.000988823
0.000988306
0.000987725
0.000987078
0.000986359
0.000985566
0.000984695
0.000983745
0.000982714
0.000981602
0.000980408
0.000979134
0.00097778
0.000976349
0.000974843
0.000973264
0.000971616
0.000969902
0.000968125
0.000966289
0.000964397
0.000962452
0.000960457
0.000958415
0.000956327
0.000954197
0.000952024
0.00094981
0.000947555
0.000945258
0.000942919
0.000940537
0.000938107
0.000935638
0.000933062
0.000930723
0.000926677
0.00100586
0.00100558
0.0010053
0.00100502
0.00100473
0.00100444
0.00100415
0.00100386
0.00100356
0.00100326
0.00100296
0.00100266
0.00100235
0.00100204
0.00100173
0.00100142
0.00100111
0.00100079
0.00100047
0.00100015
0.000999823
0.000999497
0.000999168
0.000998838
0.000998507
0.000998173
0.000997839
0.000997503
0.000997167
0.00099683
0.000996493
0.000996156
0.000995819
0.000995484
0.000995149
0.000994816
0.000994484
0.000994154
0.000993826
0.0009935
0.000993176
0.000992854
0.000992532
0.000992211
0.000991889
0.000991566
0.000991239
0.000990907
0.000990568
0.00099022
0.000989858
0.000989481
0.000989084
0.000988664
0.000988215
0.000987735
0.000987216
0.000986656
0.000986048
0.000985388
0.00098467
0.000983889
0.000983042
0.000982123
0.00098113
0.000980058
0.000978906
0.000977671
0.000976353
0.000974949
0.000973462
0.000971891
0.000970239
0.000968507
0.000966697
0.000964813
0.000962857
0.000960834
0.000958747
0.000956598
0.000954393
0.000952133
0.000949822
0.000947462
0.000945055
0.000942604
0.00094011
0.000937573
0.000934993
0.000932371
0.000929705
0.000926993
0.000924234
0.000921425
0.000918563
0.00091564
0.00091267
0.000909559
0.000906754
0.000901815
0.00100585
0.00100557
0.00100528
0.00100499
0.0010047
0.00100441
0.00100411
0.00100381
0.00100351
0.0010032
0.00100289
0.00100258
0.00100226
0.00100194
0.00100162
0.00100129
0.00100095
0.00100061
0.00100027
0.000999924
0.000999572
0.000999214
0.000998851
0.000998482
0.000998107
0.000997727
0.00099734
0.000996947
0.000996548
0.000996142
0.000995729
0.000995309
0.000994882
0.000994447
0.000994004
0.000993553
0.000993093
0.000992623
0.000992143
0.000991652
0.000991149
0.000990633
0.000990101
0.000989554
0.000988988
0.000988401
0.000987791
0.000987156
0.000986491
0.000985795
0.000985062
0.00098429
0.000983473
0.000982609
0.000981692
0.000980718
0.000979682
0.000978581
0.000977409
0.000976165
0.000974842
0.00097344
0.000971956
0.000970387
0.000968734
0.000966994
0.00096517
0.000963261
0.000961269
0.000959197
0.000957047
0.000954821
0.000952525
0.00095016
0.00094773
0.000945239
0.00094269
0.000940086
0.000937429
0.000934722
0.000931967
0.000929164
0.000926315
0.000923421
0.00092048
0.000917493
0.000914457
0.000911372
0.000908234
0.000905042
0.000901791
0.000898479
0.000895101
0.000891652
0.000888128
0.000884518
0.000880839
0.000876966
0.000873497
0.00086727
0.00100578
0.00100549
0.00100519
0.00100489
0.00100458
0.00100427
0.00100395
0.00100362
0.00100329
0.00100296
0.00100261
0.00100226
0.0010019
0.00100154
0.00100116
0.00100078
0.00100038
0.000999979
0.000999564
0.000999138
0.000998699
0.000998248
0.000997784
0.000997305
0.000996812
0.000996303
0.000995778
0.000995236
0.000994676
0.000994097
0.000993498
0.000992879
0.000992237
0.000991573
0.000990885
0.000990171
0.00098943
0.00098866
0.000987861
0.000987029
0.000986164
0.000985262
0.000984322
0.000983341
0.000982317
0.000981246
0.000980125
0.000978951
0.000977721
0.000976432
0.000975079
0.00097366
0.000972171
0.000970609
0.000968971
0.000967253
0.000965454
0.000963572
0.000961606
0.000959554
0.000957416
0.000955194
0.000952888
0.0009505
0.000948033
0.000945489
0.000942871
0.000940184
0.000937431
0.000934615
0.000931739
0.000928808
0.000925824
0.000922788
0.000919703
0.00091657
0.000913389
0.00091016
0.000906881
0.000903551
0.000900168
0.00089673
0.000893232
0.000889673
0.000886047
0.00088235
0.000878579
0.000874729
0.000870795
0.000866771
0.000862654
0.000858437
0.000854117
0.000849686
0.000845141
0.000840469
0.000835699
0.000830651
0.000826168
0.000817981
0.00100543
0.00100509
0.00100473
0.00100437
0.00100399
0.0010036
0.0010032
0.00100278
0.00100236
0.00100191
0.00100145
0.00100097
0.00100048
0.000999966
0.000999432
0.000998878
0.000998302
0.000997702
0.000997078
0.000996429
0.000995754
0.00099505
0.000994318
0.000993554
0.000992759
0.000991931
0.000991069
0.00099017
0.000989233
0.000988257
0.000987241
0.000986181
0.000985078
0.000983928
0.00098273
0.000981482
0.000980182
0.000978827
0.000977416
0.000975947
0.000974416
0.000972822
0.000971161
0.000969433
0.000967634
0.000965762
0.000963814
0.000961788
0.000959684
0.000957498
0.000955229
0.000952876
0.000950439
0.000947918
0.000945313
0.000942624
0.000939855
0.000937005
0.00093408
0.000931081
0.000928012
0.000924878
0.000921682
0.000918429
0.000915122
0.000911766
0.000908362
0.000904915
0.000901423
0.00089789
0.000894313
0.000890691
0.000887022
0.000883301
0.000879523
0.000875684
0.000871777
0.000867795
0.00086373
0.000859575
0.000855322
0.000850964
0.000846493
0.000841903
0.000837186
0.000832337
0.00082735
0.000822221
0.000816945
0.000811519
0.00080594
0.000800206
0.000794317
0.00078827
0.000782068
0.000775698
0.000769215
0.000762363
0.000756358
0.000745311
0.00100367
0.00100313
0.00100256
0.00100197
0.00100134
0.00100069
0.00100001
0.000999296
0.000998549
0.000997768
0.00099695
0.000996095
0.000995202
0.000994268
0.000993293
0.000992274
0.000991212
0.000990103
0.000988948
0.000987743
0.000986489
0.000985183
0.000983823
0.00098241
0.00098094
0.000979412
0.000977825
0.000976178
0.000974468
0.000972694
0.000970855
0.000968948
0.000966973
0.000964927
0.000962809
0.000960618
0.000958352
0.000956009
0.000953589
0.00095109
0.000948511
0.000945851
0.000943109
0.000940286
0.000937382
0.000934396
0.000931329
0.000928183
0.00092496
0.000921661
0.00091829
0.000914848
0.000911341
0.000907773
0.000904146
0.000900467
0.00089674
0.00089297
0.00088916
0.000885314
0.000881436
0.000877527
0.000873589
0.00086962
0.000865618
0.00086158
0.000857499
0.000853369
0.000849181
0.000844924
0.000840585
0.000836153
0.000831614
0.000826952
0.000822153
0.000817204
0.000812089
0.000806797
0.000801315
0.000795632
0.00078974
0.000783631
0.0007773
0.000770744
0.000763964
0.00075696
0.000749738
0.000742304
0.000734667
0.000726839
0.000718834
0.000710667
0.000702354
0.000693913
0.000685367
0.000676718
0.000668062
0.000659066
0.000651378
0.000637459
0.000995831
0.000994636
0.000993385
0.000992077
0.000990709
0.000989281
0.000987791
0.000986238
0.000984622
0.000982941
0.000981195
0.000979382
0.000977502
0.000975554
0.000973538
0.000971453
0.000969299
0.000967074
0.000964779
0.000962413
0.000959975
0.000957466
0.000954885
0.000952231
0.000949504
0.000946705
0.000943832
0.000940886
0.000937867
0.000934775
0.000931609
0.000928371
0.000925059
0.000921676
0.000918221
0.000914695
0.000911101
0.000907438
0.000903708
0.000899915
0.000896059
0.000892145
0.000888174
0.000884151
0.000880079
0.000875962
0.000871805
0.000867613
0.000863389
0.000859139
0.000854866
0.000850574
0.000846268
0.000841948
0.000837615
0.00083327
0.000828911
0.000824532
0.000820128
0.00081569
0.000811208
0.000806666
0.000802051
0.000797342
0.000792519
0.000787562
0.000782445
0.000777145
0.000771637
0.000765897
0.000759902
0.000753629
0.000747059
0.000740176
0.000732966
0.000725419
0.000717531
0.000709301
0.000700734
0.000691841
0.000682638
0.000673147
0.000663395
0.000653417
0.000643249
0.000632935
0.000622521
0.000612058
0.000601595
0.000591187
0.000580886
0.000570744
0.000560811
0.000551134
0.000541761
0.000532718
0.000524111
0.000515664
0.000508794
0.000497375
0.000965347
0.000962445
0.000959456
0.000956382
0.000953222
0.000949979
0.000946653
0.000943247
0.000939762
0.0009362
0.000932563
0.000928852
0.000925069
0.000921217
0.000917297
0.000913312
0.000909263
0.000905154
0.000900985
0.000896759
0.000892478
0.000888145
0.000883762
0.000879331
0.000874854
0.000870335
0.000865775
0.000861177
0.000856543
0.000851878
0.000847182
0.00084246
0.000837715
0.000832948
0.000828165
0.000823367
0.000818559
0.000813743
0.000808922
0.0008041
0.000799278
0.000794459
0.000789645
0.000784836
0.000780032
0.00077523
0.000770429
0.000765623
0.000760806
0.000755967
0.000751097
0.000746179
0.000741198
0.000736133
0.000730962
0.000725659
0.000720195
0.000714542
0.000708667
0.000702539
0.000696126
0.000689397
0.000682323
0.000674878
0.000667041
0.000658794
0.000650128
0.000641037
0.000631524
0.0006216
0.000611284
0.000600603
0.000589592
0.000578296
0.000566767
0.000555064
0.000543253
0.000531407
0.000519602
0.000507919
0.000496439
0.000485243
0.000474409
0.000464012
0.000454121
0.000444797
0.000436094
0.000428059
0.000420725
0.000414122
0.000408266
0.000403167
0.000398829
0.000395245
0.000392405
0.000390294
0.000388884
0.00038819
0.000388001
0.000389205
0.000865461
0.000859452
0.000853401
0.000847313
0.000841194
0.000835047
0.000828876
0.000822687
0.000816483
0.000810268
0.000804046
0.000797821
0.000791596
0.000785375
0.000779161
0.000772956
0.000766765
0.000760589
0.000754433
0.000748297
0.000742184
0.000736098
0.000730039
0.00072401
0.000718011
0.000712045
0.000706112
0.000700213
0.000694347
0.000688513
0.000682712
0.00067694
0.000671194
0.000665472
0.000659766
0.000654071
0.000648379
0.00064268
0.000636962
0.000631211
0.000625413
0.000619548
0.000613596
0.000607534
0.000601339
0.000594982
0.000588435
0.00058167
0.000574656
0.000567364
0.000559766
0.000551839
0.000543561
0.000534918
0.000525902
0.000516515
0.000506767
0.000496678
0.000486282
0.000475619
0.000464743
0.000453717
0.000442608
0.000431492
0.000420449
0.000409557
0.000398897
0.000388546
0.000378576
0.000369054
0.000360043
0.000351596
0.000343762
0.000336582
0.000330089
0.000324311
0.00031927
0.000314981
0.000311454
0.000308693
0.000306697
0.000305458
0.000304965
0.000305199
0.000306138
0.000307754
0.000310014
0.000312882
0.000316318
0.000320276
0.00032471
0.000329572
0.000334811
0.000340379
0.000346223
0.000352304
0.000358527
0.000365089
0.000370784
0.000381112
0.000604125
0.000595587
0.000587165
0.00057886
0.000570672
0.0005626
0.000554642
0.000546798
0.000539064
0.000531441
0.000523926
0.000516517
0.000509212
0.00050201
0.000494907
0.000487901
0.000480989
0.000474169
0.000467438
0.000460792
0.000454228
0.000447742
0.00044133
0.000434988
0.00042871
0.000422493
0.000416331
0.000410219
0.00040415
0.000398118
0.000392118
0.000386142
0.000380186
0.000374242
0.000368304
0.000362367
0.000356427
0.000350478
0.000344519
0.000338547
0.000332564
0.000326571
0.000320573
0.000314577
0.000308593
0.000302634
0.000296715
0.000290856
0.000285078
0.000279407
0.000273868
0.000268493
0.000263312
0.000258358
0.000253665
0.000249266
0.000245195
0.000241485
0.000238166
0.00023527
0.000232822
0.000230848
0.00022937
0.000228409
0.000227979
0.000228095
0.000228767
0.00023
0.0002318
0.000234164
0.000237089
0.000240566
0.000244582
0.00024912
0.000254157
0.000259666
0.000265616
0.000271967
0.000278677
0.000285699
0.000292983
0.000300472
0.000308111
0.000315842
0.000323607
0.00033135
0.000339017
0.00034656
0.000353933
0.0003611
0.000368028
0.000374691
0.000381071
0.000387157
0.000392941
0.000398424
0.000403594
0.000408559
0.000412712
0.000419357
0.000231832
0.000228197
0.000224717
0.000221388
0.000218205
0.000215164
0.000212259
0.000209486
0.000206841
0.000204321
0.000201922
0.00019964
0.000197472
0.000195416
0.000193467
0.000191624
0.000189885
0.000188247
0.000186708
0.000185266
0.00018392
0.000182668
0.00018151
0.000180444
0.00017947
0.000178588
0.000177797
0.000177098
0.000176492
0.000175979
0.000175561
0.00017524
0.000175018
0.000174898
0.000174883
0.000174976
0.000175182
0.000175505
0.000175951
0.000176526
0.000177235
0.000178086
0.000179087
0.000180244
0.000181569
0.000183069
0.000184754
0.000186636
0.000188725
0.000191032
0.00019357
0.00019635
0.000199384
0.000202685
0.000206264
0.000210132
0.000214299
0.000218774
0.000223564
0.000228673
0.000234103
0.000239852
0.000245914
0.000252278
0.000258927
0.000265841
0.000272989
0.000280337
0.000287844
0.000295461
0.000303135
0.000310808
0.000318417
0.0003259
0.000333192
0.00034023
0.000346956
0.000353318
0.000359268
0.000364772
0.0003698
0.000374337
0.000378375
0.000381917
0.000384974
0.000387565
0.000389714
0.000391451
0.000392806
0.000393812
0.000394503
0.000394909
0.00039506
0.000394983
0.000394705
0.000394237
0.000393645
0.000392785
0.000392211
0.000390434
0.000182249
0.000183078
0.000183879
0.000184651
0.000185392
0.000186103
0.000186783
0.000187431
0.000188047
0.00018863
0.00018918
0.000189697
0.000190181
0.00019063
0.000191045
0.000191426
0.000191771
0.000192082
0.000192357
0.000192597
0.000192801
0.000192969
0.000193101
0.000193196
0.000193255
0.000193277
0.000193262
0.000193209
0.000193118
0.00019299
0.000192823
0.000192617
0.000192371
0.000192085
0.000191759
0.000191392
0.000190983
0.000190531
0.000190037
0.000189498
0.000188915
0.000188286
0.000187612
0.000186891
0.000186123
0.000185307
0.000184444
0.000183534
0.000182576
0.000181571
0.000180521
0.000179426
0.000178288
0.00017711
0.000175894
0.000174645
0.000173365
0.000172062
0.00017074
0.000169405
0.000168067
0.000166732
0.00016541
0.000164111
0.000162843
0.000161618
0.000160445
0.000159333
0.000158292
0.000157328
0.000156448
0.000155655
0.000154953
0.000154339
0.000153812
0.000153367
0.000152996
0.00015269
0.00015244
0.000152232
0.000152056
0.000151899
0.000151751
0.000151602
0.000151442
0.000151263
0.00015106
0.000150829
0.000150566
0.000150271
0.000149942
0.000149579
0.000149185
0.000148761
0.00014831
0.00014783
0.000147334
0.000146789
0.000146331
0.00014543
1.11606e-05
2.89133e-05
3.32474e-05
3.61691e-05
3.80459e-05
3.91801e-05
3.97579e-05
4.01258e-05
4.04794e-05
4.10665e-05
4.21298e-05
4.37967e-05
4.60751e-05
4.93658e-05
5.54535e-05
6.57182e-05
7.80702e-05
9.09198e-05
0.000103576
0.000115758
0.000127368
0.000138386
0.000148835
0.00015875
0.00016817
0.000177136
0.000185686
0.000193855
0.000201676
0.00020918
0.000216391
0.000223332
0.000230021
0.000236469
0.000242686
0.000248675
0.000254438
0.00025997
0.000265267
0.000270327
0.00027515
0.000279745
0.000284138
0.000288352
0.000292321
0.000296071
0.0002996
0.000302903
0.000305972
0.000308801
0.00031138
0.000313705
0.000315767
0.000317561
0.000319082
0.000320327
0.000321291
0.000321973
0.000322372
0.000322488
0.000322321
0.000321876
0.000321155
0.000320165
0.00031891
0.0003174
0.000315643
0.000313652
0.000311441
0.000309029
0.000306452
0.000303817
0.000301525
0.000299861
0.000298311
0.000296675
0.000294923
0.000293059
0.000291096
0.000289046
0.00028692
0.00028473
0.000282485
0.000280197
0.000277875
0.000275527
0.000273164
0.000270792
0.000268421
0.000266056
0.000263706
0.000261377
0.000259076
0.000256808
0.000254583
0.000252408
0.000250297
0.000248268
0.000246417
0.000244183
1.7779e-05
6.46225e-05
0.000131284
0.000179858
0.000206665
0.000217672
0.000218079
0.000212541
0.000207231
0.000205071
0.000206195
0.000210432
0.00021806
0.000229681
0.000245918
0.000267172
0.000293213
0.00032384
0.000359178
0.00039941
0.000444564
0.000494421
0.000548503
0.000606115
0.000666439
0.00072863
0.000791911
0.000855635
0.000919316
0.000982627
0.00104538
0.0011075
0.00116896
0.00122979
0.00129001
0.00134962
0.0014086
0.00146684
0.00152415
0.00158018
0.00163436
0.00168577
0.00173332
0.00177708
0.0018193
0.00186018
0.00189969
0.00193778
0.00197435
0.00200931
0.00204257
0.00207403
0.0021036
0.0021312
0.00215676
0.00218021
0.00220148
0.00222054
0.00223733
0.00225184
0.00226404
0.00227392
0.00228149
0.00228677
0.0022898
0.00229061
0.00228925
0.00228579
0.00228031
0.00227285
0.00226343
0.00225185
0.00223761
0.00222023
0.00220023
0.0021783
0.00215495
0.00213049
0.00210511
0.00207898
0.00205224
0.00202501
0.00199742
0.00196956
0.00194154
0.00191345
0.00188537
0.00185737
0.00182954
0.00180192
0.00177459
0.00174759
0.00172097
0.00169478
0.00166907
0.00164388
0.00161938
0.00159543
0.00157261
0.00154746
2.20887e-05
0.000114581
0.000210504
0.000268572
0.000298536
0.000310178
0.000312353
0.000311149
0.000311585
0.00031649
0.000326601
0.000341848
0.00036246
0.000389259
0.00042337
0.000465882
0.000517618
0.000578995
0.000649895
0.000729544
0.000816551
0.000909103
0.00100523
0.00110307
0.00120105
0.00129798
0.00139305
0.00148579
0.00157599
0.00166364
0.00174882
0.00183169
0.00191239
0.00199108
0.00206788
0.00214284
0.00221601
0.00228737
0.00235687
0.00242444
0.00249005
0.00255381
0.00261611
0.00267621
0.00273431
0.00279041
0.0028444
0.00289618
0.00294562
0.00299263
0.00303707
0.00307886
0.0031179
0.0031541
0.00318738
0.00321769
0.00324496
0.00326916
0.00329026
0.00330823
0.00332308
0.00333481
0.00334344
0.00334903
0.00335162
0.00335129
0.00334811
0.00334217
0.0033336
0.00332249
0.00330893
0.00329296
0.00327455
0.00325366
0.00323045
0.00320517
0.00317812
0.00314953
0.00311965
0.00308865
0.00305671
0.00302398
0.00299061
0.00295674
0.00292248
0.00288796
0.00285329
0.00281856
0.00278386
0.00274928
0.0027149
0.00268078
0.002647
0.0026136
0.00258065
0.00254819
0.00251632
0.00248507
0.0024538
0.00242109
2.51193e-05
0.000162259
0.000274678
0.000336978
0.000365855
0.000376607
0.000380514
0.000384717
0.000393041
0.000407067
0.000427295
0.00045415
0.000488492
0.000531532
0.000584447
0.000647996
0.000722258
0.000806523
0.000899367
0.000998875
0.00110295
0.0012096
0.0013171
0.00142412
0.00152967
0.0016331
0.00173404
0.0018323
0.00192785
0.00202075
0.00211113
0.00219914
0.00228493
0.00236863
0.00245035
0.00253019
0.00260818
0.00268437
0.00275876
0.00283136
0.00290219
0.00297133
0.00303861
0.00310376
0.00316672
0.0032274
0.00328571
0.00334153
0.00339474
0.00344523
0.0034929
0.00353764
0.00357937
0.003618
0.00365347
0.00368572
0.00371471
0.0037404
0.00376278
0.00378185
0.0037976
0.00381007
0.00381929
0.00382532
0.00382822
0.00382808
0.00382499
0.00381906
0.0038104
0.00379914
0.0037854
0.0037693
0.00375095
0.00373046
0.00370796
0.00368359
0.00365752
0.00362992
0.00360098
0.00357088
0.00353977
0.00350781
0.00347513
0.00344188
0.00340816
0.0033741
0.00333979
0.00330534
0.00327082
0.00323633
0.00320194
0.0031677
0.00313368
0.00309993
0.00306649
0.00303338
0.00300065
0.00296834
0.00293523
0.00290141
2.73792e-05
0.000198185
0.000325983
0.000391942
0.000421251
0.000433205
0.00044056
0.000450375
0.000465807
0.000488072
0.000517805
0.000555704
0.000602622
0.000659308
0.000726088
0.000802657
0.000888049
0.000980777
0.00107907
0.00118113
0.00128531
0.00139025
0.00149486
0.00159836
0.00170018
0.00179997
0.00189752
0.00199276
0.00208569
0.0021764
0.00226499
0.00235159
0.00243635
0.00251936
0.00260074
0.00268055
0.00275883
0.0028356
0.00291086
0.00298458
0.00305672
0.00312717
0.00319576
0.00326231
0.00332667
0.00338872
0.00344834
0.00350541
0.0035598
0.0036114
0.0036601
0.00370579
0.00374838
0.00378781
0.003824
0.00385691
0.00388651
0.00391277
0.00393568
0.00395526
0.00397154
0.00398455
0.00399434
0.00400098
0.00400456
0.00400517
0.00400292
0.00399791
0.00399029
0.00398017
0.0039677
0.00395302
0.00393627
0.0039176
0.00389716
0.00387506
0.00385145
0.00382646
0.00380024
0.00377293
0.00374469
0.00371563
0.00368588
0.00365556
0.00362478
0.00359364
0.00356222
0.0035306
0.00349887
0.00346709
0.00343532
0.00340362
0.00337202
0.00334057
0.00330928
0.00327817
0.00324723
0.00321651
0.00318453
0.0031526
2.90555e-05
0.000226175
0.000365577
0.000435094
0.000466166
0.000480803
0.000492449
0.000507932
0.000530079
0.000559944
0.000598053
0.000644802
0.000700426
0.000764824
0.000837437
0.000917254
0.00100294
0.001093
0.001186
0.00128065
0.0013759
0.00147097
0.00156528
0.00165847
0.00175032
0.0018407
0.00192959
0.00201703
0.00210307
0.0021878
0.00227131
0.00235369
0.00243501
0.00251532
0.00259464
0.00267297
0.00275029
0.00282653
0.00290163
0.00297544
0.00304783
0.00311866
0.00318771
0.0032548
0.00331974
0.00338238
0.00344257
0.00350018
0.00355506
0.0036071
0.00365617
0.00370219
0.00374506
0.00378472
0.00382111
0.00385419
0.00388394
0.00391036
0.00393346
0.00395326
0.00396982
0.00398319
0.00399344
0.00400067
0.00400498
0.00400647
0.00400526
0.0040015
0.00399531
0.00398683
0.00397622
0.00396361
0.00394915
0.00393301
0.00391532
0.00389622
0.00387583
0.00385425
0.00383163
0.00380806
0.00378368
0.00375858
0.00373288
0.00370666
0.00368001
0.00365302
0.00362574
0.00359826
0.00357061
0.00354287
0.00351506
0.00348723
0.00345941
0.0034316
0.00340383
0.00337608
0.00334832
0.00332062
0.0032914
0.00326286
3.04001e-05
0.000246446
0.000393839
0.000465892
0.000498825
0.000516423
0.000532278
0.000552816
0.000580454
0.000615879
0.000659157
0.000710074
0.000768159
0.00083266
0.000902564
0.000976702
0.00105387
0.00113296
0.00121307
0.00129353
0.0013739
0.00145396
0.00153365
0.00161301
0.00169211
0.00177106
0.00184992
0.00192876
0.0020076
0.00208645
0.00216528
0.00224404
0.00232266
0.00240105
0.00247911
0.0025567
0.0026337
0.00270996
0.00278523
0.00285934
0.00293214
0.0030034
0.00307292
0.00314045
0.00320581
0.00326882
0.0033293
0.00338712
0.00344213
0.00349421
0.00354325
0.00358916
0.00363187
0.00367131
0.00370745
0.00374026
0.00376975
0.00379593
0.00381884
0.00383852
0.00385506
0.00386853
0.00387904
0.00388669
0.00389161
0.00389393
0.00389379
0.00389134
0.00388672
0.00388009
0.00387159
0.00386138
0.0038496
0.00383641
0.00382194
0.00380632
0.00378966
0.00377205
0.0037536
0.00373441
0.00371456
0.00369413
0.00367319
0.00365183
0.0036301
0.00360806
0.00358575
0.00356322
0.00354051
0.00351764
0.00349465
0.00347155
0.00344836
0.00342507
0.00340168
0.00337815
0.00335446
0.00333069
0.00330523
0.00328097
3.17789e-05
0.000259125
0.000410546
0.000482594
0.000515617
0.000534528
0.000552518
0.000575263
0.000604522
0.000640418
0.00068248
0.000729997
0.000782125
0.000837941
0.00089651
0.000956981
0.00101867
0.00108109
0.00114403
0.00120745
0.0012715
0.00133642
0.00140247
0.00146987
0.00153878
0.00160928
0.00168133
0.00175486
0.0018297
0.00190568
0.00198256
0.00206013
0.00213814
0.00221637
0.00229458
0.00237254
0.00245001
0.0025267
0.00260241
0.00267696
0.00275012
0.00282167
0.00289137
0.00295899
0.00302433
0.0030872
0.00314743
0.00320488
0.00325941
0.00331092
0.0033593
0.00340448
0.00344641
0.00348503
0.00352034
0.00355233
0.00358103
0.00360647
0.00362873
0.00364788
0.00366402
0.00367726
0.00368772
0.00369556
0.0037009
0.00370392
0.00370476
0.00370359
0.00370058
0.00369587
0.00368963
0.003682
0.00367313
0.00366317
0.00365223
0.00364044
0.00362788
0.00361465
0.00360082
0.00358645
0.00357161
0.00355636
0.00354073
0.00352477
0.00350851
0.00349199
0.00347523
0.00345825
0.00344105
0.00342367
0.00340609
0.00338832
0.00337035
0.00335217
0.00333377
0.00331508
0.00329608
0.00327684
0.00325581
0.00323646
3.30508e-05
0.000265239
0.000414765
0.000481715
0.00051029
0.000525836
0.00054051
0.000558889
0.000582007
0.00060963
0.000641211
0.000676181
0.000714025
0.000754297
0.000796635
0.000840794
0.000886669
0.000934292
0.0009838
0.00103542
0.00108941
0.001146
0.00120533
0.00126749
0.00133242
0.0014
0.00146999
0.00154214
0.00161613
0.00169162
0.00176828
0.00184578
0.00192381
0.00200207
0.00208027
0.00215809
0.00223528
0.00231162
0.0023869
0.00246088
0.00253336
0.0026041
0.00267288
0.00273947
0.00280368
0.00286531
0.00292422
0.00298026
0.00303332
0.00308329
0.00313009
0.00317367
0.00321399
0.00325101
0.00328476
0.00331525
0.00334253
0.00336666
0.00338775
0.00340589
0.00342121
0.00343384
0.00344396
0.00345171
0.00345726
0.00346081
0.00346251
0.00346256
0.00346112
0.00345836
0.00345444
0.0034495
0.00344369
0.00343713
0.00342994
0.00342221
0.00341403
0.00340546
0.00339654
0.00338733
0.00337784
0.00336811
0.00335815
0.00334797
0.00333757
0.00332697
0.00331615
0.00330511
0.00329384
0.00328234
0.00327058
0.00325855
0.00324622
0.00323356
0.00322055
0.00320711
0.00319322
0.00317893
0.00316276
0.00314879
3.41024e-05
0.000265111
0.000403602
0.000456584
0.000472538
0.000476448
0.000478972
0.000483862
0.000492262
0.000504666
0.000521444
0.000542776
0.000568611
0.000598716
0.000632745
0.000670345
0.000711219
0.000755162
0.000802053
0.000851839
0.000904505
0.000960037
0.0010184
0.00107951
0.00114323
0.00120938
0.00127772
0.001348
0.00141992
0.00149318
0.00156747
0.0016425
0.00171796
0.00179353
0.00186897
0.00194402
0.00201844
0.00209201
0.00216449
0.00223565
0.00230529
0.00237317
0.00243908
0.00250281
0.00256416
0.00262295
0.00267904
0.00273227
0.00278255
0.00282978
0.0028739
0.00291484
0.0029526
0.00298716
0.00301855
0.00304681
0.00307201
0.00309425
0.00311363
0.00313029
0.00314438
0.00315607
0.00316552
0.00317294
0.0031785
0.00318242
0.00318487
0.00318606
0.00318616
0.00318534
0.00318377
0.00318158
0.00317891
0.00317587
0.00317256
0.00316905
0.00316541
0.00316167
0.00315786
0.003154
0.00315007
0.00314607
0.00314199
0.00313781
0.00313351
0.00312905
0.0031244
0.00311954
0.00311444
0.00310905
0.00310335
0.00309729
0.00309084
0.00308395
0.00307657
0.00306864
0.0030601
0.00305102
0.00303994
0.00303172
3.49317e-05
0.000257855
0.00037008
0.000395198
0.000387943
0.000372202
0.000357959
0.000350012
0.000350593
0.000360358
0.000378805
0.000404688
0.000436542
0.000473025
0.000513045
0.000555795
0.00060073
0.000647516
0.00069598
0.000746061
0.00079777
0.000851153
0.000906258
0.000963122
0.00102175
0.0010821
0.00114409
0.00120762
0.00127254
0.00133866
0.00140577
0.00147364
0.00154206
0.00161079
0.00167959
0.00174822
0.00181643
0.00188397
0.00195063
0.00201616
0.00208033
0.00214293
0.00220373
0.00226253
0.00231911
0.00237331
0.00242496
0.00247392
0.00252007
0.00256333
0.00260363
0.00264093
0.00267521
0.00270647
0.00273476
0.00276013
0.00278267
0.00280248
0.00281971
0.0028345
0.00284702
0.00285746
0.00286602
0.00287291
0.00287834
0.00288251
0.00288564
0.00288791
0.00288953
0.00289066
0.00289145
0.00289205
0.00289257
0.00289311
0.00289375
0.00289454
0.00289552
0.00289669
0.00289807
0.00289963
0.00290133
0.00290315
0.00290503
0.00290692
0.00290878
0.00291054
0.00291214
0.00291354
0.00291467
0.00291548
0.00291591
0.00291591
0.00291542
0.00291438
0.00291274
0.0029104
0.00290733
0.00290357
0.00289767
0.00289544
3.56211e-05
0.000239725
0.00029911
0.000281987
0.000252306
0.000230562
0.000223747
0.000233197
0.000256036
0.000288352
0.000326754
0.00036876
0.000412678
0.000457436
0.000502424
0.000547352
0.000592141
0.000636845
0.000681593
0.000726566
0.000771964
0.000817989
0.00086483
0.000912655
0.000961603
0.00101176
0.00106319
0.00111591
0.0011699
0.0012251
0.00128143
0.00133874
0.00139685
0.00145556
0.00151467
0.00157395
0.00163316
0.00169206
0.00175042
0.001808
0.00186455
0.00191986
0.00197369
0.00202582
0.00207605
0.00212417
0.00217004
0.00221349
0.0022544
0.00229268
0.00232825
0.00236108
0.00239114
0.00241846
0.00244307
0.00246504
0.00248447
0.00250149
0.00251624
0.00252889
0.00253964
0.00254867
0.00255621
0.00256248
0.0025677
0.0025721
0.00257588
0.00257925
0.0025824
0.0025855
0.00258869
0.0025921
0.00259584
0.00259999
0.00260459
0.00260968
0.00261528
0.00262136
0.00262789
0.00263484
0.00264213
0.0026497
0.00265748
0.00266538
0.00267332
0.00268122
0.002689
0.00269657
0.00270385
0.00271078
0.00271728
0.00272326
0.00272868
0.00273344
0.00273748
0.00274071
0.00274307
0.0027446
0.00274383
0.0027477
3.6138e-05
0.000198281
0.000178605
0.00014746
0.000140137
0.000157945
0.000191786
0.000234237
0.000280442
0.000327593
0.000374127
0.000419302
0.000462863
0.000504824
0.000545342
0.000584641
0.000622974
0.000660586
0.000697713
0.000734589
0.000771441
0.00080848
0.000845903
0.000883894
0.000922616
0.000962213
0.00100281
0.00104451
0.00108734
0.0011313
0.00117637
0.00122248
0.00126951
0.00131732
0.00136577
0.00141465
0.00146376
0.0015129
0.00156183
0.00161033
0.00165816
0.00170511
0.00175093
0.00179541
0.00183834
0.00187952
0.00191878
0.00195596
0.00199094
0.0020236
0.00205389
0.00208174
0.00210715
0.00213014
0.00215075
0.00216905
0.00218517
0.00219922
0.00221137
0.00222181
0.00223072
0.00223833
0.00224487
0.00225056
0.00225563
0.00226032
0.00226483
0.00226937
0.00227412
0.00227925
0.00228489
0.00229115
0.00229812
0.00230585
0.00231439
0.00232372
0.00233384
0.00234471
0.00235627
0.00236845
0.00238115
0.00239429
0.00240776
0.00242144
0.00243525
0.00244906
0.00246277
0.00247628
0.0024895
0.00250232
0.00251466
0.00252642
0.00253753
0.0025479
0.00255745
0.00256607
0.0025737
0.0025804
0.00258458
0.00259454
3.70218e-05
0.000108447
9.32668e-05
0.000124441
0.000168507
0.00021685
0.000265058
0.000310975
0.000353706
0.000393474
0.000430858
0.000466408
0.00050054
0.000533559
0.000565693
0.00059713
0.000628029
0.000658522
0.000688732
0.000718772
0.000748747
0.00077877
0.000808962
0.000839457
0.000870389
0.000901888
0.00093407
0.000967036
0.00100086
0.00103556
0.00107117
0.00110766
0.00114497
0.00118302
0.00122172
0.00126093
0.0013005
0.00134026
0.00138002
0.00141958
0.00145874
0.00149728
0.001535
0.00157169
0.00160714
0.00164118
0.00167363
0.00170435
0.0017332
0.00176008
0.00178492
0.00180768
0.00182835
0.00184695
0.00186354
0.00187819
0.00189103
0.00190219
0.00191185
0.0019202
0.00192744
0.00193381
0.00193953
0.00194483
0.00194995
0.00195512
0.00196054
0.00196641
0.00197291
0.00198017
0.00198833
0.00199746
0.00200765
0.00201892
0.00203127
0.00204471
0.00205917
0.0020746
0.00209092
0.00210803
0.00212582
0.00214417
0.00216296
0.00218206
0.00220133
0.00222066
0.00223992
0.00225898
0.00227774
0.00229607
0.00231389
0.00233108
0.00234755
0.0023632
0.00237794
0.00239167
0.0024043
0.00241591
0.00242477
0.00244066
5.55878e-05
8.98772e-05
0.000155402
0.000210595
0.000254529
0.00028985
0.000319766
0.000346884
0.000372777
0.000398396
0.000424083
0.000449878
0.000475744
0.000501668
0.000527656
0.000553717
0.000579837
0.000605975
0.000632078
0.000658106
0.000684046
0.000709927
0.00073581
0.000761785
0.00078795
0.000814402
0.000841225
0.000868489
0.000896245
0.000924532
0.000953371
0.00098277
0.00101272
0.00104319
0.00107413
0.00110545
0.00113707
0.00116886
0.00120067
0.00123236
0.00126376
0.00129469
0.00132497
0.00135444
0.00138291
0.00141023
0.00143624
0.00146081
0.00148383
0.0015052
0.00152488
0.00154282
0.00155902
0.00157353
0.00158639
0.00159771
0.0016076
0.00161623
0.00162377
0.00163041
0.00163638
0.00164189
0.00164718
0.00165248
0.00165801
0.00166399
0.00167062
0.00167807
0.0016865
0.00169604
0.00170678
0.0017188
0.00173214
0.0017468
0.00176278
0.00178004
0.00179851
0.00181812
0.00183876
0.00186032
0.00188269
0.00190571
0.00192926
0.00195319
0.00197736
0.00200162
0.00202585
0.0020499
0.00207365
0.00209697
0.00211974
0.00214186
0.00216321
0.00218369
0.00220319
0.00222162
0.00223886
0.00225503
0.0022682
0.00228973
)
;

boundaryField
{
    outlet
    {
        type            calculated;
        value           nonuniform List<scalar> 
55
(
0.00215319
0.00202662
0.00189438
0.00175824
0.00162097
0.00148665
0.00136103
0.00125145
0.00116561
0.00110834
0.00107759
0.00106355
0.0010544
0.00104341
0.00103037
0.00101786
0.0010078
0.00100064
0.000995812
0.000992475
0.000989834
0.000987258
0.000984246
0.00098035
0.000975099
0.000967937
0.000958159
0.000944833
0.000926677
0.000901815
0.00086727
0.000817981
0.000745311
0.000637459
0.000497375
0.000389205
0.000381112
0.000419357
0.000390434
0.00014543
0.000244183
0.00154746
0.00242109
0.00290141
0.0031526
0.00326286
0.00328097
0.00323646
0.00314879
0.00303172
0.00289544
0.0027477
0.00259454
0.00244066
0.00228973
)
;
    }
    inlet
    {
        type            calculated;
        value           uniform 0.00101695;
    }
    lowerWall
    {
        type            nutkWallFunction;
        Cmu             0.09;
        kappa           0.41;
        E               9.8;
        value           nonuniform List<scalar> 
148
(
0
2.49787e-07
9.71596e-07
1.61329e-06
2.17593e-06
2.66085e-06
3.07064e-06
3.40964e-06
3.68376e-06
3.89989e-06
4.06534e-06
4.18736e-06
4.27283e-06
4.32807e-06
4.35868e-06
4.36957e-06
4.3649e-06
4.34821e-06
4.32242e-06
4.28994e-06
4.25271e-06
4.21232e-06
4.17002e-06
4.12681e-06
4.08347e-06
4.0406e-06
3.99866e-06
3.95807e-06
3.91875e-06
3.8827e-06
3.84111e-06
3.83846e-06
3.65636e-06
0
0
0
0
0
0
0
0
0
0
0
0
0
0
1.36915e-06
0
0
0
0
0
0
0
0
0
0
0
0
0
3.47846e-07
1.34739e-06
2.99621e-06
4.93036e-06
6.8954e-06
8.79208e-06
1.0587e-05
1.22731e-05
1.38538e-05
1.5337e-05
1.67313e-05
1.80454e-05
1.92869e-05
2.04631e-05
2.15802e-05
2.2644e-05
2.36595e-05
2.4631e-05
2.55621e-05
2.64559e-05
2.73144e-05
2.81392e-05
2.89313e-05
2.9691e-05
3.04184e-05
3.11131e-05
3.1775e-05
3.24044e-05
3.30028e-05
3.35737e-05
3.41204e-05
3.46343e-05
3.51191e-05
3.55745e-05
3.60002e-05
3.63953e-05
3.6759e-05
3.70903e-05
3.73885e-05
3.76528e-05
3.78827e-05
3.80774e-05
3.82366e-05
3.83599e-05
3.84471e-05
3.84981e-05
3.85129e-05
3.84917e-05
3.84347e-05
3.83426e-05
3.82159e-05
3.80554e-05
3.7862e-05
3.7637e-05
3.73818e-05
3.70982e-05
3.67884e-05
3.64571e-05
3.6118e-05
3.58227e-05
3.56082e-05
3.54082e-05
3.51971e-05
3.49707e-05
3.47297e-05
3.44757e-05
3.42103e-05
3.39347e-05
3.36506e-05
3.33591e-05
3.30617e-05
3.27595e-05
3.24537e-05
3.21455e-05
3.18359e-05
3.15259e-05
3.12166e-05
3.09087e-05
3.06033e-05
3.03012e-05
3.00032e-05
2.97104e-05
2.9424e-05
2.91455e-05
2.88778e-05
2.86332e-05
2.83377e-05
)
;
    }
    upperWall
    {
        type            nutkWallFunction;
        Cmu             0.09;
        kappa           0.41;
        E               9.8;
        value           nonuniform List<scalar> 
133
(
1.20002e-05
1.2486e-05
1.29522e-05
1.33963e-05
1.38188e-05
1.42205e-05
1.46027e-05
1.49662e-05
1.53118e-05
1.56402e-05
1.59523e-05
1.62486e-05
1.65299e-05
1.67969e-05
1.70501e-05
1.72903e-05
1.7518e-05
1.77339e-05
1.79384e-05
1.81322e-05
1.83158e-05
1.84897e-05
1.86543e-05
1.88102e-05
1.89578e-05
1.90975e-05
1.92297e-05
1.93549e-05
1.94733e-05
1.95854e-05
1.96914e-05
1.97918e-05
1.98868e-05
1.99911e-05
2.01051e-05
2.02151e-05
2.0321e-05
2.04227e-05
2.05202e-05
2.06134e-05
2.07022e-05
2.07865e-05
2.08663e-05
2.09417e-05
2.10124e-05
2.10785e-05
2.11399e-05
2.11966e-05
2.12486e-05
2.12958e-05
2.13382e-05
2.13758e-05
2.14085e-05
2.14363e-05
2.14593e-05
2.14773e-05
2.14903e-05
2.14983e-05
2.15013e-05
2.14992e-05
2.1492e-05
2.14797e-05
2.14621e-05
2.14393e-05
2.14112e-05
2.13777e-05
2.13387e-05
2.12942e-05
2.1244e-05
2.11881e-05
2.11264e-05
2.10588e-05
2.09851e-05
2.09053e-05
2.08193e-05
2.07269e-05
2.06282e-05
2.05229e-05
2.04111e-05
2.02927e-05
2.01677e-05
2.00361e-05
1.98979e-05
1.97534e-05
1.96026e-05
1.94458e-05
1.92832e-05
1.91154e-05
1.89427e-05
1.87658e-05
1.85853e-05
1.8402e-05
1.82169e-05
1.8031e-05
1.78454e-05
1.76614e-05
1.74804e-05
1.73036e-05
1.71325e-05
1.69685e-05
1.6813e-05
1.66672e-05
1.65321e-05
1.64086e-05
1.62974e-05
1.61987e-05
1.61125e-05
1.60384e-05
1.59758e-05
1.59236e-05
1.58806e-05
1.58452e-05
1.5816e-05
1.57912e-05
1.57692e-05
1.57483e-05
1.57272e-05
1.57047e-05
1.56795e-05
1.56509e-05
1.56183e-05
1.55813e-05
1.55396e-05
1.54931e-05
1.5442e-05
1.53864e-05
1.53264e-05
1.52626e-05
1.51948e-05
1.51246e-05
1.50475e-05
1.49827e-05
1.48552e-05
)
;
    }
    frontAndBack
    {
        type            empty;
    }
}


// ************************************************************************* //
