/*--------------------------------*- C++ -*----------------------------------*\
| =========                 |                                                 |
| \\      /  F ield         | OpenFOAM: The Open Source CFD Toolbox           |
|  \\    /   O peration     | Version:  4.1                                   |
|   \\  /    A nd           | Web:      www.OpenFOAM.org                      |
|    \\/     M anipulation  |                                                 |
\*---------------------------------------------------------------------------*/
FoamFile
{
    version     2.0;
    format      ascii;
    class       volScalarField;
    location    "400";
    object      epsilon;
}
// * * * * * * * * * * * * * * * * * * * * * * * * * * * * * * * * * * * * * //

dimensions      [0 2 -3 0 0 0 0];

internalField   nonuniform List<scalar> 
6820
(
105.266
143.991
186.348
230.922
275.886
319.398
359.83
395.945
426.99
452.666
473.055
488.507
499.544
506.771
510.809
512.25
511.633
509.427
506.031
501.777
496.934
491.717
486.296
480.802
475.335
469.973
464.769
459.773
454.97
450.597
445.59
445.274
423.831
8.29011
15.9003
22.4184
28.6687
35.0357
41.4782
47.8158
53.8797
59.5368
64.6932
69.2981
73.3415
76.8453
79.8522
82.4173
84.6003
86.4601
88.0519
89.4246
90.6209
91.6762
92.6201
93.4758
94.2619
94.9922
95.6767
96.322
96.9323
97.5057
98.0561
98.52
99.145
99.2406
3.96314
5.25657
6.61244
7.86034
8.98633
10.02
10.9814
11.8766
12.7062
13.4706
14.1709
14.8095
15.3898
15.9163
16.3941
16.8288
17.2257
17.5904
17.9278
18.2424
18.5385
18.8195
19.0885
19.3483
19.6007
19.8477
20.0905
20.3301
20.5667
20.8013
21.0324
21.2599
21.4882
3.56001
3.77406
4.11206
4.49695
4.88093
5.24454
5.58216
5.89296
6.17759
6.43726
6.6734
6.88758
7.08142
7.25653
7.41454
7.55704
7.68555
7.80153
7.90637
8.00137
8.08773
8.16658
8.23893
8.30574
8.36784
8.42601
8.48093
8.53323
8.58345
8.63214
8.67966
8.72669
8.77336
3.52137
3.52456
3.57972
3.67702
3.8
3.93473
4.072
4.20644
4.3351
4.45643
4.56972
4.67473
4.7715
4.86025
4.94132
5.0151
5.08205
5.14262
5.19729
5.24651
5.29075
5.33044
5.366
5.39783
5.4263
5.45177
5.47455
5.49494
5.51323
5.52966
5.54448
5.55788
5.57008
3.5192
3.48502
3.46593
3.46518
3.48166
3.51175
3.55133
3.59673
3.64514
3.69452
3.74346
3.79099
3.83648
3.87953
3.91991
3.95749
3.99225
4.02421
4.05345
4.08007
4.10419
4.12594
4.14546
4.1629
4.1784
4.19211
4.20415
4.21465
4.22374
4.23153
4.23812
4.2436
4.24808
3.51939
3.47993
3.44464
3.41561
3.39411
3.3804
3.37385
3.37335
3.37763
3.38549
3.39589
3.40797
3.42103
3.43455
3.4481
3.46139
3.47419
3.48634
3.49773
3.50828
3.51795
3.52673
3.53461
3.54161
3.54775
3.55306
3.55758
3.56133
3.56436
3.56671
3.5684
3.56948
3.56997
3.51947
3.47945
3.44133
3.40568
3.37315
3.34425
3.31922
3.29806
3.28052
3.26626
3.25482
3.24577
3.23868
3.23318
3.22892
3.22562
3.22304
3.22098
3.21927
3.2178
3.21644
3.21513
3.21378
3.21236
3.21082
3.20914
3.20729
3.20526
3.20305
3.20064
3.19804
3.19523
3.19223
3.51948
3.47942
3.4409
3.40399
3.36885
3.33565
3.30457
3.27571
3.24914
3.22481
3.20264
3.18249
3.1642
3.14758
3.13245
3.11864
3.10598
3.09432
3.08353
3.07348
3.06407
3.05522
3.04683
3.03884
3.0312
3.02385
3.01675
3.00986
3.00315
2.99659
2.99017
2.98385
2.97762
3.51948
3.47942
3.44085
3.40374
3.36808
3.33388
3.30115
3.26994
3.24026
3.21213
3.18553
3.16045
3.13683
3.1146
3.0937
3.07403
3.05552
3.03808
3.02161
3.00605
2.99131
2.97732
2.96403
2.95136
2.93926
2.92768
2.91659
2.90592
2.89566
2.88577
2.87621
2.86695
2.85798
3.51948
3.47941
3.44083
3.40369
3.36795
3.33354
3.30044
3.26862
3.23804
3.20871
3.18058
3.15366
3.1279
3.10327
3.07975
3.0573
3.03586
3.01539
2.99584
2.97717
2.95933
2.94226
2.92593
2.91028
2.89529
2.8809
2.86708
2.8538
2.84102
2.8287
2.81683
2.80538
2.79431
3.51948
3.47941
3.44082
3.40367
3.36791
3.33347
3.30029
3.26833
3.23753
3.20787
3.17929
3.15178
3.12529
3.0998
3.07527
3.05167
3.02898
3.00715
2.98616
2.96598
2.94657
2.92789
2.90992
2.89263
2.87598
2.85994
2.84449
2.8296
2.81524
2.80138
2.788
2.77508
2.76258
3.51948
3.47941
3.44081
3.40366
3.36789
3.33343
3.30024
3.26824
3.2374
3.20765
3.17896
3.15128
3.12458
3.09881
3.07394
3.04995
3.02679
3.00444
2.98287
2.96204
2.94194
2.92254
2.90381
2.88572
2.86824
2.85137
2.83506
2.8193
2.80407
2.78934
2.77509
2.7613
2.74796
3.51948
3.4794
3.44081
3.40365
3.36787
3.33341
3.30021
3.2682
3.23734
3.20757
3.17885
3.15113
3.12436
3.09852
3.07355
3.04943
3.02612
3.00359
2.98181
2.96075
2.94039
2.9207
2.90165
2.88322
2.86539
2.84813
2.83143
2.81526
2.7996
2.78444
2.76975
2.75552
2.74173
3.51948
3.4794
3.4408
3.40364
3.36786
3.33339
3.30018
3.26817
3.2373
3.20752
3.17879
3.15105
3.12427
3.0984
3.0734
3.04924
3.02588
3.00329
2.98145
2.96031
2.93986
2.92006
2.90089
2.88234
2.86437
2.84696
2.83009
2.81375
2.79791
2.78256
2.76767
2.75323
2.73923
3.51948
3.4794
3.4408
3.40363
3.36785
3.33338
3.30016
3.26814
3.23727
3.20748
3.17874
3.15099
3.1242
3.09832
3.07331
3.04913
3.02576
3.00315
2.98128
2.96012
2.93963
2.9198
2.90059
2.88199
2.86396
2.8465
2.82957
2.81316
2.79725
2.78182
2.76685
2.75232
2.73822
3.51948
3.47939
3.44079
3.40362
3.36784
3.33336
3.30014
3.26812
3.23724
3.20745
3.1787
3.15094
3.12414
3.09825
3.07323
3.04905
3.02567
3.00305
2.98117
2.95999
2.93949
2.91964
2.90042
2.8818
2.86375
2.84626
2.82931
2.81287
2.79693
2.78147
2.76646
2.7519
2.73776
3.51947
3.47939
3.44079
3.40362
3.36783
3.33335
3.30012
3.2681
3.23721
3.20741
3.17866
3.1509
3.12409
3.09819
3.07317
3.04898
3.02559
3.00296
2.98107
2.95989
2.93938
2.91952
2.90029
2.88165
2.8636
2.8461
2.82913
2.81268
2.79672
2.78124
2.76622
2.75164
2.73749
3.51947
3.47939
3.44078
3.40361
3.36782
3.33334
3.30011
3.26808
3.23718
3.20738
3.17862
3.15086
3.12404
3.09814
3.07311
3.04891
3.02551
3.00288
2.98099
2.95979
2.93928
2.91941
2.90017
2.88153
2.86346
2.84595
2.82898
2.81252
2.79655
2.78106
2.76603
2.75144
2.73727
3.51947
3.47939
3.44078
3.40361
3.36781
3.33333
3.3001
3.26806
3.23716
3.20736
3.17859
3.15082
3.124
3.09809
3.07306
3.04885
3.02545
3.00281
2.98091
2.95971
2.93918
2.91931
2.90006
2.88141
2.86334
2.84582
2.82884
2.81237
2.79639
2.78089
2.76585
2.75125
2.73708
3.51947
3.47939
3.44078
3.4036
3.36781
3.33332
3.30008
3.26804
3.23714
3.20733
3.17856
3.15079
3.12396
3.09805
3.07301
3.0488
3.02539
3.00274
2.98083
2.95963
2.9391
2.91922
2.89996
2.88131
2.86323
2.8457
2.82871
2.81223
2.79625
2.78074
2.76569
2.75109
2.7369
3.51947
3.47939
3.44078
3.4036
3.3678
3.33331
3.30007
3.26803
3.23713
3.20731
3.17854
3.15076
3.12393
3.09801
3.07296
3.04875
3.02533
3.00268
2.98077
2.95955
2.93902
2.91913
2.89987
2.88121
2.86312
2.84559
2.82859
2.81211
2.79612
2.7806
2.76555
2.75093
2.73674
3.51947
3.47939
3.44077
3.4036
3.3678
3.3333
3.30006
3.26802
3.23711
3.20729
3.17852
3.15073
3.1239
3.09798
3.07292
3.0487
3.02528
3.00263
2.9807
2.95949
2.93895
2.91905
2.89979
2.88112
2.86303
2.84549
2.82848
2.81199
2.79599
2.78047
2.76541
2.75079
2.73659
3.51947
3.47939
3.44077
3.4036
3.36779
3.3333
3.30006
3.26801
3.2371
3.20728
3.1785
3.15071
3.12387
3.09794
3.07289
3.04866
3.02524
3.00258
2.98065
2.95943
2.93888
2.91898
2.89971
2.88104
2.86294
2.84539
2.82838
2.81188
2.79588
2.78035
2.76528
2.75066
2.73645
3.51947
3.47938
3.44077
3.40359
3.36779
3.33329
3.30005
3.268
3.23709
3.20726
3.17848
3.15069
3.12385
3.09792
3.07286
3.04863
3.0252
3.00253
2.9806
2.95937
2.93882
2.91892
2.89964
2.88096
2.86286
2.84531
2.82829
2.81179
2.79578
2.78024
2.76517
2.75054
2.73633
3.51947
3.47938
3.44077
3.40359
3.36779
3.33329
3.30004
3.26799
3.23708
3.20725
3.17847
3.15067
3.12383
3.09789
3.07283
3.0486
3.02516
3.00249
2.98056
2.95932
2.93877
2.91886
2.89958
2.88089
2.86278
2.84523
2.82821
2.8117
2.79568
2.78015
2.76506
2.75043
2.73621
3.51947
3.47938
3.44077
3.40359
3.36778
3.33329
3.30004
3.26799
3.23707
3.20724
3.17845
3.15066
3.12381
3.09787
3.0728
3.04857
3.02513
3.00246
2.98052
2.95928
2.93872
2.91881
2.89952
2.88083
2.86272
2.84516
2.82813
2.81162
2.7956
2.78006
2.76497
2.75033
2.73611
3.51947
3.47938
3.44077
3.40359
3.36778
3.33328
3.30004
3.26798
3.23706
3.20723
3.17844
3.15064
3.1238
3.09785
3.07278
3.04854
3.0251
3.00243
2.98048
2.95925
2.93868
2.91877
2.89947
2.88078
2.86266
2.8451
2.82807
2.81155
2.79553
2.77998
2.76489
2.75024
2.73602
3.51947
3.47938
3.44077
3.40359
3.36778
3.33328
3.30003
3.26798
3.23706
3.20723
3.17844
3.15063
3.12378
3.09784
3.07277
3.04853
3.02508
3.0024
2.98046
2.95921
2.93865
2.91873
2.89943
2.88074
2.86261
2.84505
2.82801
2.81149
2.79546
2.77991
2.76482
2.75017
2.73594
3.51947
3.47938
3.44077
3.40359
3.36778
3.33328
3.30003
3.26797
3.23706
3.20722
3.17843
3.15063
3.12377
3.09783
3.07275
3.04851
3.02507
3.00238
2.98044
2.95919
2.93862
2.9187
2.8994
2.8807
2.86258
2.84501
2.82797
2.81144
2.79541
2.77986
2.76476
2.75011
2.73588
3.51947
3.47938
3.44077
3.40359
3.36778
3.33328
3.30003
3.26797
3.23705
3.20722
3.17842
3.15062
3.12377
3.09782
3.07274
3.0485
3.02505
3.00237
2.98042
2.95917
2.9386
2.91868
2.89938
2.88068
2.86255
2.84498
2.82794
2.81141
2.79538
2.77983
2.76473
2.75008
2.73585
3.51947
3.47938
3.44077
3.40359
3.36778
3.33328
3.30003
3.26797
3.23705
3.20722
3.17842
3.15062
3.12377
3.09782
3.07275
3.0485
3.02506
3.00238
2.98043
2.95919
2.93862
2.9187
2.8994
2.88071
2.86259
2.84502
2.82799
2.81147
2.79545
2.7799
2.76482
2.75017
2.73596
3.51947
3.47938
3.44077
3.40359
3.36778
3.33328
3.30003
3.26797
3.23705
3.20722
3.17843
3.15063
3.12378
3.09785
3.07278
3.04855
3.02512
3.00246
2.98053
2.95931
2.93877
2.91888
2.89962
2.88096
2.86289
2.84537
2.82839
2.81192
2.79595
2.78047
2.76544
2.75087
2.73672
3.51947
3.47938
3.44077
3.40359
3.36778
3.33329
3.30005
3.26801
3.23712
3.20732
3.17858
3.15083
3.12404
3.09818
3.0732
3.04906
3.02574
3.0032
2.98141
2.96034
2.93996
2.92024
2.90117
2.88271
2.86484
2.84754
2.83079
2.81456
2.79885
2.78362
2.76886
2.75455
2.74068
3.51947
3.47938
3.44078
3.40362
3.36785
3.33343
3.30029
3.26839
3.23768
3.20811
3.17965
3.15224
3.12585
3.10044
3.07596
3.05239
3.02968
3.0078
2.98672
2.9664
2.94681
2.92792
2.9097
2.89212
2.87516
2.85879
2.84298
2.82771
2.81296
2.7987
2.78492
2.7716
2.75871
3.51947
3.47942
3.44096
3.40413
3.36894
3.33533
3.30327
3.27269
3.24354
3.21576
3.1893
3.1641
3.1401
3.11725
3.09548
3.07475
3.05499
3.03615
3.01817
3.00102
2.98464
2.96898
2.954
2.93967
2.92594
2.91278
2.90016
2.88804
2.87639
2.8652
2.85443
2.84407
2.83407
3.5195
3.48076
3.44539
3.41321
3.38398
3.35748
3.33355
3.312
3.29267
3.27534
3.25985
3.246
3.23362
3.22255
3.21264
3.20375
3.19576
3.18856
3.18205
3.17614
3.17076
3.16585
3.16133
3.15716
3.15329
3.14969
3.14631
3.14312
3.1401
3.13723
3.13449
3.13186
3.12931
3.52507
3.51485
3.52106
3.53658
3.55849
3.58526
3.61586
3.64937
3.68497
3.72198
3.75986
3.79814
3.83649
3.87461
3.91228
3.94932
3.98561
4.02104
4.05556
4.08909
4.12162
4.15313
4.18361
4.21305
4.24148
4.2689
4.29534
4.32081
4.34534
4.36896
4.39169
4.41357
4.43462
3.842
4.3878
4.87743
5.34253
5.79465
6.23527
6.66237
7.07461
7.47197
7.85508
8.22468
8.58155
8.92645
9.26011
9.58316
9.89618
10.1996
10.494
10.7796
11.0568
11.3259
11.5872
11.8409
12.0873
12.3265
12.5588
12.7844
13.0035
13.2163
13.4229
13.6236
13.8184
14.0078
30.2673
32.7691
35.3054
37.8488
40.3863
42.91
45.4131
47.8885
50.3296
52.7305
55.0859
57.3912
59.6424
61.8362
63.9699
66.0414
68.049
69.9918
71.8689
73.6802
75.4256
77.1056
78.7208
80.2722
81.7608
83.1878
84.5548
85.8631
87.1145
88.3105
89.453
90.5434
91.5848
487.136
554.902
605.657
643.47
672.93
695.059
708.807
713.032
707.527
693.408
672.77
648.052
621.482
594.759
568.954
544.587
521.771
500.388
480.226
461.081
442.803
425.312
408.582
392.623
377.451
363.077
349.494
336.678
324.588
313.178
302.396
292.189
282.506
273.297
264.513
256.105
248.026
240.228
232.666
225.296
218.078
210.975
203.957
196.995
190.068
183.161
176.263
169.372
162.49
155.625
148.79
142.005
135.291
128.675
122.184
115.848
109.698
103.759
98.0604
92.6234
87.4676
82.6078
78.0537
73.8101
69.8767
66.2488
62.9169
59.8683
57.0868
54.554
52.2497
50.1527
48.2415
46.4943
44.8905
43.4102
42.0348
40.7476
39.5334
38.3791
37.2734
36.2069
35.1721
34.1631
33.1753
32.2057
31.2521
30.3134
29.3892
28.4793
27.5844
26.7049
25.842
24.9964
24.1699
23.3629
22.5812
21.8146
21.1297
20.1761
100.029
103.281
108.894
116.963
127.814
141.741
158.834
178.884
201.32
225.235
249.493
272.872
294.216
312.563
327.237
337.896
344.529
347.409
347.021
343.964
338.864
332.299
324.75
316.585
308.064
299.358
290.576
281.791
273.057
264.418
255.911
247.565
239.404
231.438
223.671
216.096
208.703
201.473
194.388
187.429
180.575
173.811
167.121
160.494
153.921
147.398
140.925
134.506
128.15
121.869
115.681
109.603
103.659
97.8721
92.2663
86.8656
81.6927
76.7679
72.1088
67.729
63.6384
59.8424
56.3418
53.1334
50.2101
47.561
45.1725
43.0284
41.1107
39.4001
37.8767
36.52
35.3101
34.2273
33.253
32.3695
31.5607
30.8117
30.1094
29.4426
28.8014
28.1779
27.5658
26.9601
26.3575
25.7557
25.1532
24.5498
23.9457
23.3416
22.7385
22.138
21.5415
20.9508
20.368
19.7946
19.236
18.6868
18.1935
17.5213
21.7319
22.0578
22.5139
23.0943
23.8793
24.9692
26.4824
28.5599
31.3641
35.0697
39.8493
45.8542
53.1916
61.9002
71.929
83.1224
95.2149
107.84
120.552
132.87
144.319
154.487
163.064
169.872
174.861
178.102
179.751
180.016
179.123
177.286
174.699
171.521
167.879
163.873
159.582
155.064
150.368
145.532
140.586
135.556
130.464
125.326
120.159
114.977
109.794
104.625
99.4842
94.3895
89.3588
84.4117
79.5689
74.8517
70.2816
65.8796
61.6655
57.6571
53.8697
50.3158
47.0042
43.9404
41.1259
38.559
36.2345
34.1443
32.2779
30.6228
29.165
27.8894
26.7802
25.8213
24.9967
24.2903
23.6867
23.1708
22.7284
22.3458
22.0105
21.7109
21.4368
21.179
20.9297
20.6823
20.4316
20.1736
19.9056
19.6258
19.3332
19.028
18.7105
18.382
18.0437
17.6975
17.3454
16.9893
16.632
16.2754
15.9243
15.5781
15.263
14.8539
8.83119
8.90062
8.97645
9.06153
9.15084
9.25092
9.37299
9.53196
9.74685
10.0414
10.4446
10.9914
11.7235
12.69
13.9471
15.5577
17.5881
20.103
23.1571
26.7848
30.9891
35.7323
40.9308
46.4557
52.1409
57.7965
63.2269
68.2494
72.7107
76.4977
79.5424
81.8206
83.3451
84.1569
84.3154
83.8897
82.9513
81.57
79.8103
77.731
75.3847
72.8183
70.0739
67.1896
64.2004
61.1386
58.0347
54.9174
51.8138
48.7496
45.7488
42.8336
40.0243
37.3384
34.7913
32.3951
30.159
28.0891
26.1885
24.4575
22.8937
21.4926
20.2479
19.1517
18.1953
17.3692
16.6637
16.0688
15.5747
15.1716
14.8499
14.6005
14.414
14.2816
14.1945
14.1442
14.1227
14.122
14.135
14.1547
14.1754
14.1916
14.199
14.1942
14.1745
14.1381
14.0841
14.0121
13.9225
13.8162
13.6943
13.5584
13.4105
13.2525
13.0871
12.9165
12.7447
12.5747
12.4144
12.2363
5.58312
5.59711
5.61055
5.62392
5.63599
5.64701
5.65798
5.6705
5.68689
5.71023
5.74447
5.7945
5.86631
5.96704
6.10515
6.29054
6.53465
6.85051
7.25264
7.75687
8.37985
9.13829
10.0478
11.1212
12.3659
13.7821
15.3594
17.0757
18.8964
20.7757
22.6592
24.4882
26.2041
27.7529
29.0895
30.1795
31.001
31.5442
31.8102
31.8097
31.5603
31.0849
30.4096
29.5627
28.5726
27.4679
26.276
25.0231
23.7335
22.4297
21.1319
19.8579
18.6231
17.4404
16.3199
15.2695
14.2947
13.3986
12.5827
11.8466
11.189
10.6071
10.0977
9.65706
9.28124
8.96618
8.7079
8.50253
8.34633
8.23572
8.16719
8.13726
8.14242
8.17909
8.24349
8.3317
8.43959
8.5629
8.69727
8.83835
8.98192
9.12398
9.26089
9.38945
9.50699
9.61142
9.70121
9.77543
9.83368
9.87606
9.90309
9.91571
9.9152
9.9031
9.8814
9.85236
9.81857
9.78607
9.747
9.75246
4.252
4.25509
4.25687
4.25746
4.25669
4.2546
4.25131
4.24707
4.24224
4.23732
4.23302
4.23025
4.23013
4.23404
4.24365
4.26086
4.28791
4.32729
4.38176
4.45431
4.54813
4.66649
4.81273
4.99003
5.20131
5.44897
5.7346
6.05864
6.42002
6.81587
7.2412
7.68883
8.14938
8.61156
9.06265
9.4892
9.87786
10.2162
10.4937
10.7021
10.8361
10.8933
10.8743
10.7825
10.6234
10.4045
10.1345
9.82271
9.47893
9.11267
8.73298
8.34815
7.96551
7.59134
7.23082
6.88805
6.56613
6.26724
5.99278
5.74347
5.51956
5.32088
5.14701
4.99736
4.87124
4.76797
4.68685
4.62726
4.58861
4.57038
4.57206
4.59313
4.633
4.69098
4.76621
4.85762
4.96387
5.08335
5.21418
5.35421
5.50109
5.65238
5.80554
5.95813
6.10785
6.25263
6.39068
6.52059
6.64132
6.75219
6.85293
6.94363
7.02473
7.09702
7.16167
7.22039
7.27445
7.3315
7.37243
7.50078
3.56978
3.56861
3.56645
3.5633
3.55913
3.55394
3.54776
3.54066
3.53272
3.52404
3.51478
3.50515
3.4954
3.48585
3.4769
3.46902
3.46274
3.45869
3.45756
3.46014
3.46723
3.47968
3.49835
3.52403
3.55749
3.59935
3.65005
3.70985
3.77869
3.8562
3.94164
4.03384
4.13121
4.23174
4.33304
4.43239
4.52689
4.61353
4.68941
4.75185
4.79857
4.82782
4.83846
4.83003
4.80273
4.75742
4.6955
4.61884
4.52964
4.43029
4.32328
4.21106
4.09595
3.98011
3.86544
3.75358
3.64591
3.54354
3.44736
3.35804
3.27607
3.20181
3.13551
3.07736
3.02748
2.98601
2.95306
2.92878
2.91333
2.90691
2.90974
2.92205
2.94408
2.97604
3.01807
3.07023
3.13244
3.20448
3.28591
3.37613
3.4743
3.5794
3.69025
3.80553
3.92386
4.04386
4.16418
4.28359
4.40101
4.51557
4.62661
4.73374
4.83682
4.93604
5.03186
5.12535
5.21675
5.31394
5.39233
5.57753
3.18843
3.18363
3.17824
3.17224
3.1656
3.15831
3.15037
3.14178
3.13257
3.12276
3.11239
3.10151
3.09019
3.07851
3.06656
3.05448
3.0424
3.0305
3.01895
3.00799
2.99784
2.98878
2.98106
2.97497
2.97076
2.96867
2.96889
2.97155
2.97671
2.98433
2.99429
3.00631
3.02004
3.03497
3.0505
3.06595
3.08055
3.09348
3.10393
3.11113
3.11435
3.11299
3.10658
3.09481
3.07755
3.05484
3.02691
2.99411
2.95696
2.91605
2.87207
2.82573
2.77774
2.72882
2.67962
2.63075
2.58277
2.53615
2.49129
2.44855
2.4082
2.3705
2.33562
2.30376
2.27507
2.24971
2.22782
2.20958
2.19518
2.18483
2.17877
2.17725
2.18056
2.189
2.20285
2.2224
2.24787
2.27947
2.3173
2.36139
2.41163
2.46783
2.52966
2.59667
2.66832
2.74401
2.82306
2.90481
2.9886
3.07384
3.16003
3.24676
3.33382
3.42116
3.50891
3.59777
3.68742
3.78489
3.86601
4.05033
2.97043
2.96208
2.95348
2.94456
2.93532
2.92573
2.91577
2.90544
2.89472
2.88363
2.87216
2.86032
2.84814
2.83562
2.8228
2.80971
2.79637
2.78283
2.76914
2.75536
2.74155
2.72778
2.71415
2.70073
2.68763
2.67492
2.6627
2.65104
2.63999
2.62958
2.6198
2.61062
2.60197
2.59373
2.58573
2.5778
2.5697
2.56119
2.55202
2.54194
2.5307
2.51808
2.5039
2.48803
2.47038
2.45092
2.42969
2.40676
2.38227
2.35639
2.32933
2.30133
2.27261
2.24344
2.21406
2.18469
2.15556
2.12685
2.09875
2.07141
2.04495
2.01949
1.99513
1.97197
1.95009
1.92958
1.91053
1.89304
1.87722
1.8632
1.85114
1.84121
1.83358
1.82849
1.82613
1.82676
1.8306
1.83788
1.84881
1.86355
1.88224
1.90496
1.93172
1.96249
1.99715
2.03555
2.07748
2.12268
2.17089
2.22187
2.27537
2.3312
2.38925
2.4495
2.51205
2.5774
2.64512
2.72077
2.78474
2.93206
2.84782
2.83632
2.82474
2.81307
2.80126
2.78932
2.77721
2.76492
2.75245
2.73978
2.7269
2.71382
2.70054
2.68704
2.67334
2.65944
2.64535
2.63107
2.61661
2.60198
2.58719
2.57226
2.55721
2.54206
2.52683
2.51156
2.49627
2.48099
2.46575
2.45058
2.43548
2.42047
2.40553
2.39067
2.37583
2.36098
2.34607
2.33103
2.31578
2.30024
2.28435
2.26802
2.25119
2.23382
2.21586
2.19729
2.17813
2.15838
2.13809
2.11731
2.09611
2.07457
2.05278
2.03082
2.00879
1.98676
1.96483
1.94306
1.92153
1.90029
1.8794
1.85889
1.83882
1.81921
1.80011
1.78155
1.76358
1.74624
1.7296
1.71371
1.69866
1.68456
1.6715
1.65961
1.64905
1.63995
1.63248
1.62682
1.62314
1.6216
1.62236
1.62556
1.6313
1.63968
1.65075
1.66452
1.68099
1.70012
1.72185
1.74613
1.77288
1.80206
1.83366
1.86772
1.90433
1.94387
1.98601
2.03462
2.07614
2.1753
2.78184
2.76781
2.7538
2.7398
2.72578
2.71174
2.69765
2.68351
2.66931
2.65504
2.64068
2.62623
2.61169
2.59705
2.58231
2.56747
2.55252
2.53747
2.5223
2.50702
2.49163
2.47612
2.4605
2.44477
2.42893
2.41297
2.39692
2.38077
2.36454
2.34822
2.33184
2.3154
2.2989
2.28236
2.26576
2.24911
2.2324
2.21562
2.19875
2.18179
2.1647
2.14748
2.13011
2.11257
2.09487
2.07698
2.05892
2.04069
2.02231
2.00379
1.98516
1.96644
1.94767
1.92886
1.91006
1.89128
1.87256
1.85392
1.83537
1.81693
1.79862
1.78044
1.76241
1.74454
1.72683
1.70929
1.69195
1.67481
1.65792
1.64129
1.62497
1.60901
1.59348
1.57844
1.56397
1.55017
1.53715
1.52501
1.51387
1.50385
1.49509
1.48769
1.48178
1.47746
1.47482
1.47393
1.47486
1.47765
1.48232
1.48891
1.49742
1.50787
1.5203
1.53476
1.55135
1.5703
1.59142
1.61711
1.63924
1.69585
2.74852
2.7327
2.71693
2.7012
2.6855
2.66982
2.65415
2.6385
2.62284
2.60717
2.59149
2.57579
2.56007
2.54432
2.52854
2.51273
2.49689
2.48101
2.46508
2.44911
2.4331
2.41703
2.40091
2.38473
2.36848
2.35217
2.3358
2.31935
2.30284
2.28626
2.26962
2.25291
2.23614
2.21932
2.20245
2.18553
2.16858
2.15158
2.13455
2.11748
2.10038
2.08325
2.06609
2.04891
2.03169
2.01446
1.9972
1.97993
1.96265
1.94537
1.9281
1.91084
1.89359
1.87638
1.85919
1.84203
1.82492
1.80784
1.79079
1.77378
1.75679
1.73982
1.72287
1.70594
1.68901
1.6721
1.65519
1.6383
1.62143
1.6046
1.58783
1.57115
1.55459
1.53818
1.52198
1.50604
1.49042
1.4752
1.46044
1.44623
1.43265
1.4198
1.40776
1.39661
1.38644
1.37733
1.36936
1.36258
1.35704
1.35281
1.34993
1.34843
1.34837
1.3498
1.35279
1.3575
1.36385
1.37309
1.3812
1.40656
2.73291
2.71598
2.69908
2.68222
2.66539
2.64859
2.63182
2.61507
2.59834
2.58163
2.56493
2.54825
2.53157
2.5149
2.49824
2.48159
2.46495
2.4483
2.43167
2.41504
2.3984
2.38177
2.36513
2.34849
2.33184
2.31517
2.29849
2.2818
2.26508
2.24834
2.23159
2.21481
2.19801
2.1812
2.16437
2.14753
2.13068
2.11383
2.09698
2.08014
2.06331
2.0465
2.02971
2.01295
1.99622
1.97953
1.96287
1.94626
1.92969
1.91317
1.8967
1.88027
1.86389
1.84755
1.83124
1.81497
1.79872
1.78248
1.76624
1.75
1.73374
1.71744
1.7011
1.68471
1.66826
1.65173
1.63514
1.61847
1.60172
1.58491
1.56805
1.55114
1.5342
1.51727
1.50036
1.48351
1.46676
1.45016
1.43374
1.41756
1.40168
1.38616
1.37105
1.35642
1.34234
1.32886
1.31604
1.30395
1.29264
1.28216
1.27256
1.26389
1.25619
1.24952
1.24393
1.23951
1.23627
1.23471
1.23356
1.23821
2.72615
2.7086
2.69107
2.67356
2.65606
2.63858
2.62112
2.60368
2.58626
2.56886
2.55147
2.5341
2.51675
2.49942
2.48212
2.46483
2.44756
2.43033
2.41311
2.39593
2.37877
2.36164
2.34453
2.32746
2.31041
2.29339
2.27639
2.25942
2.24246
2.22554
2.20863
2.19175
2.17489
2.15805
2.14124
2.12445
2.1077
2.09098
2.07429
2.05765
2.04106
2.02451
2.00802
1.99158
1.97521
1.95889
1.94265
1.92646
1.91035
1.8943
1.87831
1.86237
1.84649
1.83065
1.81485
1.79907
1.7833
1.76754
1.75175
1.73594
1.72009
1.70418
1.68819
1.67213
1.65596
1.6397
1.62332
1.60682
1.59022
1.57349
1.55666
1.53972
1.5227
1.5056
1.48844
1.47126
1.45406
1.43689
1.41976
1.40273
1.38581
1.36906
1.35251
1.3362
1.32018
1.3045
1.2892
1.27433
1.25992
1.24602
1.23267
1.21992
1.2078
1.19636
1.18564
1.17569
1.16657
1.15832
1.1514
1.14313
2.7234
2.70555
2.68769
2.66984
2.65199
2.63415
2.61632
2.59849
2.58067
2.56286
2.54506
2.52728
2.50951
2.49176
2.47403
2.45632
2.43864
2.42098
2.40336
2.38577
2.36822
2.35071
2.33324
2.31581
2.29843
2.28109
2.26381
2.24657
2.22938
2.21224
2.19515
2.17812
2.16114
2.14421
2.12734
2.11053
2.09378
2.0771
2.06048
2.04393
2.02745
2.01104
1.99471
1.97846
1.96229
1.94619
1.93018
1.91425
1.89839
1.88261
1.86689
1.85124
1.83563
1.82007
1.80455
1.78904
1.77354
1.75803
1.7425
1.72693
1.71131
1.69562
1.67984
1.66397
1.64799
1.63189
1.61566
1.5993
1.5828
1.56618
1.54941
1.53253
1.51552
1.49841
1.48121
1.46393
1.44659
1.42922
1.41183
1.39445
1.37711
1.35983
1.34265
1.32559
1.30868
1.29196
1.27546
1.2592
1.24322
1.22756
1.21224
1.1973
1.18276
1.16866
1.15503
1.1419
1.12936
1.11717
1.10683
1.0909
2.72228
2.70429
2.68629
2.66828
2.65027
2.63225
2.61423
2.59621
2.57818
2.56016
2.54214
2.52413
2.50613
2.48814
2.47016
2.45221
2.43427
2.41636
2.39848
2.38063
2.36282
2.34505
2.32732
2.30964
2.29201
2.27444
2.25692
2.23947
2.22207
2.20474
2.18748
2.17028
2.15316
2.13611
2.11914
2.10225
2.08544
2.06871
2.05207
2.03551
2.01905
2.00268
1.9864
1.97021
1.95412
1.93811
1.9222
1.90638
1.89064
1.87498
1.8594
1.84387
1.82841
1.81299
1.7976
1.78223
1.76686
1.75149
1.73608
1.72064
1.70514
1.68957
1.67391
1.65815
1.64228
1.62629
1.61016
1.5939
1.5775
1.56095
1.54427
1.52745
1.5105
1.49344
1.47626
1.45899
1.44164
1.42423
1.40677
1.38929
1.37181
1.35434
1.33691
1.31954
1.30226
1.28508
1.26803
1.25114
1.23442
1.2179
1.2016
1.18555
1.16976
1.15426
1.13908
1.12422
1.10979
1.0954
1.08313
1.06285
2.72177
2.70373
2.68566
2.66758
2.64949
2.63139
2.61329
2.59517
2.57705
2.55893
2.5408
2.52268
2.50456
2.48645
2.46834
2.45025
2.43217
2.41412
2.39609
2.37809
2.36012
2.34219
2.3243
2.30646
2.28867
2.27093
2.25325
2.23563
2.21807
2.20059
2.18318
2.16584
2.14859
2.13142
2.11433
2.09734
2.08044
2.06363
2.04692
2.0303
2.01379
1.99738
1.98108
1.96488
1.94878
1.93278
1.91688
1.90108
1.88536
1.86973
1.85418
1.8387
1.82328
1.8079
1.79256
1.77724
1.76192
1.7466
1.73126
1.71587
1.70043
1.68492
1.66932
1.65363
1.63782
1.62189
1.60584
1.58964
1.57331
1.55684
1.54023
1.52347
1.50659
1.48959
1.47247
1.45524
1.43793
1.42055
1.40311
1.38563
1.36812
1.35061
1.33311
1.31564
1.29823
1.28088
1.26361
1.24645
1.22941
1.2125
1.19575
1.17917
1.16277
1.14658
1.13061
1.11486
1.09945
1.0839
1.07059
1.04797
2.72147
2.7034
2.6853
2.66719
2.64907
2.63093
2.61279
2.59463
2.57646
2.55829
2.54012
2.52194
2.50376
2.48559
2.46742
2.44926
2.43112
2.41299
2.39488
2.37679
2.35874
2.34071
2.32273
2.30479
2.28689
2.26904
2.25125
2.23352
2.21586
2.19826
2.18073
2.16329
2.14592
2.12864
2.11145
2.09436
2.07736
2.06046
2.04366
2.02696
2.01038
1.9939
1.97753
1.96127
1.94512
1.92908
1.91313
1.89729
1.88155
1.86589
1.85032
1.83482
1.81938
1.80399
1.78864
1.77332
1.758
1.74269
1.72735
1.71198
1.69656
1.68107
1.6655
1.64983
1.63406
1.61818
1.60217
1.58603
1.56975
1.55333
1.53678
1.52009
1.50327
1.48633
1.46928
1.45211
1.43486
1.41753
1.40014
1.3827
1.36522
1.34773
1.33024
1.31277
1.29533
1.27793
1.2606
1.24335
1.22619
1.20913
1.19219
1.17538
1.15872
1.1422
1.12587
1.10968
1.09379
1.07765
1.06382
1.04
2.72124
2.70315
2.68504
2.66691
2.64877
2.63061
2.61245
2.59427
2.57608
2.55789
2.53969
2.52148
2.50328
2.48507
2.46687
2.44868
2.4305
2.41233
2.39418
2.37605
2.35794
2.33986
2.32182
2.30382
2.28586
2.26794
2.25008
2.23227
2.21453
2.19685
2.17924
2.16171
2.14425
2.12689
2.10961
2.09242
2.07533
2.05834
2.04145
2.02468
2.008
1.99144
1.975
1.95866
1.94243
1.92632
1.91031
1.89441
1.8786
1.86289
1.84726
1.8317
1.81622
1.80079
1.7854
1.77004
1.7547
1.73936
1.72401
1.70862
1.69319
1.6777
1.66214
1.64649
1.63074
1.61488
1.5989
1.58279
1.56656
1.55019
1.53369
1.51705
1.5003
1.48342
1.46642
1.44933
1.43214
1.41487
1.39754
1.38015
1.36273
1.34529
1.32784
1.3104
1.29298
1.2756
1.25827
1.24101
1.22382
1.20672
1.18972
1.17283
1.15606
1.13942
1.12292
1.10655
1.09043
1.07402
1.05995
1.03554
2.72104
2.70294
2.68481
2.66667
2.64852
2.63035
2.61217
2.59397
2.57577
2.55756
2.53935
2.52113
2.50291
2.48469
2.46647
2.44826
2.43005
2.41186
2.39369
2.37553
2.35739
2.33928
2.3212
2.30316
2.28515
2.26719
2.24928
2.23142
2.21362
2.19588
2.1782
2.1606
2.14308
2.12564
2.10829
2.09102
2.07385
2.05678
2.03982
2.02295
2.0062
1.98956
1.97303
1.95661
1.9403
1.92411
1.90802
1.89204
1.87616
1.86037
1.84468
1.82906
1.81351
1.79802
1.78258
1.76717
1.75179
1.73641
1.72102
1.70561
1.69016
1.67465
1.65908
1.64343
1.62768
1.61184
1.59588
1.5798
1.5636
1.54727
1.53082
1.51424
1.49753
1.48071
1.46378
1.44674
1.42962
1.41242
1.39515
1.37783
1.36046
1.34308
1.32568
1.30829
1.29092
1.27358
1.25628
1.23904
1.22187
1.20478
1.18778
1.17087
1.15408
1.1374
1.12085
1.1044
1.0882
1.07168
1.0575
1.03282
2.72086
2.70274
2.68461
2.66646
2.64829
2.63011
2.61192
2.59371
2.5755
2.55728
2.53905
2.52082
2.50259
2.48436
2.46613
2.4479
2.42968
2.41147
2.39328
2.3751
2.35694
2.33881
2.3207
2.30263
2.28459
2.2666
2.24865
2.23074
2.2129
2.19511
2.17738
2.15973
2.14215
2.12465
2.10723
2.0899
2.07266
2.05552
2.03847
2.02154
2.00471
1.98798
1.97137
1.95487
1.93849
1.92221
1.90605
1.88998
1.87403
1.85816
1.84239
1.8267
1.81109
1.79553
1.78003
1.76457
1.74913
1.7337
1.71827
1.70282
1.68735
1.67182
1.65623
1.64058
1.62483
1.60899
1.59305
1.57699
1.56082
1.54453
1.52811
1.51158
1.49492
1.47816
1.46128
1.44431
1.42725
1.41011
1.3929
1.37565
1.35835
1.34102
1.32369
1.30635
1.28903
1.27174
1.25449
1.23729
1.22016
1.2031
1.18612
1.16923
1.15245
1.13577
1.11922
1.10276
1.08653
1.06997
1.05576
1.03098
2.72069
2.70256
2.68442
2.66626
2.64808
2.62989
2.61169
2.59347
2.57525
2.55702
2.53878
2.52054
2.5023
2.48405
2.46581
2.44757
2.42934
2.41112
2.39291
2.37472
2.35654
2.33839
2.32026
2.30216
2.2841
2.26607
2.24809
2.23015
2.21227
2.19444
2.17667
2.15897
2.14134
2.12378
2.1063
2.08891
2.07161
2.0544
2.03729
2.02029
2.00338
1.98659
1.9699
1.95333
1.93686
1.92051
1.90426
1.88813
1.87209
1.85615
1.84031
1.82454
1.80886
1.79324
1.77767
1.76215
1.74665
1.73118
1.7157
1.70022
1.68471
1.66916
1.65355
1.63789
1.62214
1.6063
1.59037
1.57433
1.55819
1.54192
1.52555
1.50905
1.49245
1.47573
1.45892
1.442
1.425
1.40793
1.39078
1.37359
1.35636
1.3391
1.32182
1.30455
1.28729
1.27005
1.25285
1.2357
1.21861
1.20159
1.18465
1.16779
1.15104
1.13438
1.11784
1.1014
1.08518
1.06861
1.05441
1.02959
2.72053
2.7024
2.68424
2.66607
2.64788
2.62968
2.61147
2.59325
2.57502
2.55678
2.53853
2.52028
2.50202
2.48377
2.46552
2.44727
2.42902
2.41079
2.39257
2.37436
2.35617
2.33799
2.31985
2.30173
2.28364
2.26559
2.24758
2.22961
2.21169
2.19382
2.17601
2.15827
2.14059
2.12299
2.10546
2.08801
2.07065
2.05339
2.03622
2.01914
2.00217
1.98531
1.96855
1.9519
1.93537
1.91894
1.90262
1.88641
1.8703
1.85428
1.83837
1.82253
1.80678
1.79109
1.77546
1.75988
1.74433
1.72881
1.71329
1.69776
1.68222
1.66664
1.65102
1.63534
1.61959
1.60375
1.58783
1.57181
1.55568
1.53945
1.52311
1.50666
1.4901
1.47344
1.45668
1.43982
1.42288
1.40587
1.3888
1.37167
1.3545
1.3373
1.32009
1.30288
1.28568
1.2685
1.25136
1.23426
1.21722
1.20024
1.18334
1.16653
1.14981
1.13318
1.11667
1.10025
1.08405
1.0675
1.0533
1.02849
2.72039
2.70224
2.68408
2.6659
2.6477
2.6295
2.61127
2.59304
2.5748
2.55655
2.53829
2.52003
2.50177
2.4835
2.46524
2.44698
2.42873
2.41048
2.39224
2.37402
2.35581
2.33762
2.31946
2.30132
2.28321
2.26513
2.24709
2.2291
2.21115
2.19325
2.1754
2.15762
2.1399
2.12225
2.10467
2.08718
2.06976
2.05244
2.03521
2.01808
2.00105
1.98412
1.96729
1.95058
1.93397
1.91747
1.90108
1.8848
1.86862
1.85254
1.83655
1.82065
1.80483
1.78908
1.77339
1.75775
1.74215
1.72657
1.71101
1.69545
1.67987
1.66427
1.64863
1.63293
1.61718
1.60135
1.58543
1.56943
1.55333
1.53713
1.52082
1.50442
1.48791
1.4713
1.45459
1.4378
1.42093
1.40398
1.38697
1.36991
1.35281
1.33569
1.31854
1.3014
1.28426
1.26714
1.25006
1.23301
1.21602
1.1991
1.18224
1.16547
1.14879
1.1322
1.11572
1.09932
1.08314
1.06661
1.05243
1.02763
2.72025
2.7021
2.68393
2.66574
2.64754
2.62932
2.61109
2.59285
2.5746
2.55634
2.53808
2.51981
2.50153
2.48326
2.46498
2.44671
2.42845
2.41019
2.39194
2.3737
2.35548
2.33727
2.31909
2.30093
2.2828
2.2647
2.24664
2.22861
2.21063
2.1927
2.17482
2.157
2.13925
2.12155
2.10393
2.08639
2.06893
2.05156
2.03427
2.01708
1.99999
1.983
1.96612
1.94934
1.93267
1.9161
1.89965
1.8833
1.86705
1.8509
1.83485
1.81888
1.803
1.78719
1.77144
1.75575
1.7401
1.72448
1.70888
1.69328
1.67768
1.66205
1.64639
1.63069
1.61493
1.59911
1.58321
1.56723
1.55116
1.53499
1.51873
1.50237
1.48592
1.46937
1.45273
1.436
1.4192
1.40233
1.38539
1.36841
1.35138
1.33433
1.31726
1.30018
1.28311
1.26606
1.24903
1.23205
1.21511
1.19823
1.18142
1.16469
1.14804
1.13149
1.11504
1.09867
1.08251
1.06599
1.05184
1.02705
2.72013
2.70197
2.6838
2.6656
2.64739
2.62916
2.61092
2.59267
2.57442
2.55615
2.53787
2.51959
2.50131
2.48303
2.46474
2.44646
2.42818
2.40991
2.39165
2.3734
2.35516
2.33694
2.31874
2.30057
2.28242
2.2643
2.24621
2.22816
2.21016
2.1922
2.17429
2.15643
2.13864
2.12091
2.10325
2.08566
2.06816
2.05074
2.0334
2.01616
1.99902
1.98197
1.96503
1.94819
1.93146
1.91483
1.89832
1.8819
1.86559
1.84939
1.83327
1.81725
1.80131
1.78544
1.76965
1.75391
1.73821
1.72256
1.70692
1.6913
1.67567
1.66003
1.64437
1.62867
1.61292
1.59711
1.58123
1.56528
1.54925
1.53313
1.51693
1.50063
1.48424
1.46776
1.4512
1.43455
1.41783
1.40104
1.38419
1.36729
1.35034
1.33337
1.31637
1.29937
1.28237
1.26538
1.24842
1.23149
1.21461
1.19778
1.18101
1.16432
1.14771
1.13118
1.11475
1.0984
1.08227
1.06577
1.05163
1.02686
2.72002
2.70186
2.68367
2.66547
2.64725
2.62902
2.61077
2.59252
2.57425
2.55597
2.53769
2.5194
2.50111
2.48282
2.46452
2.44623
2.42794
2.40966
2.39139
2.37312
2.35487
2.33664
2.31842
2.30023
2.28206
2.26392
2.24582
2.22774
2.20971
2.19173
2.17379
2.1559
2.13808
2.12031
2.10262
2.08499
2.06745
2.04998
2.0326
2.01532
1.99812
1.98103
1.96404
1.94715
1.93036
1.91368
1.89711
1.88065
1.86428
1.84802
1.83186
1.81579
1.7998
1.78389
1.76806
1.75228
1.73656
1.72087
1.70522
1.68958
1.67395
1.65832
1.64266
1.62698
1.61126
1.59549
1.57965
1.56376
1.54779
1.53174
1.51561
1.49939
1.48308
1.4667
1.45022
1.43367
1.41705
1.40035
1.38359
1.36678
1.34993
1.33304
1.31613
1.2992
1.28227
1.26535
1.24845
1.23157
1.21473
1.19795
1.18122
1.16455
1.14797
1.13147
1.11506
1.09873
1.08261
1.06613
1.05201
1.02727
2.71993
2.70176
2.68356
2.66535
2.64713
2.62889
2.61064
2.59237
2.5741
2.55581
2.53752
2.51923
2.50093
2.48263
2.46432
2.44602
2.42772
2.40943
2.39115
2.37287
2.35461
2.33636
2.31814
2.29993
2.28174
2.26359
2.24546
2.22737
2.20932
2.19131
2.17335
2.15543
2.13758
2.11979
2.10206
2.08441
2.06683
2.04933
2.03191
2.01459
1.99735
1.98022
1.96319
1.94626
1.92943
1.91271
1.8961
1.8796
1.8632
1.8469
1.8307
1.8146
1.79859
1.78266
1.76681
1.75102
1.73529
1.71961
1.70397
1.68835
1.67274
1.65714
1.64153
1.6259
1.61024
1.59454
1.57878
1.56297
1.5471
1.53115
1.51512
1.49901
1.48282
1.46654
1.45019
1.43375
1.41723
1.40064
1.38399
1.36728
1.35052
1.33371
1.31688
1.30002
1.28316
1.26629
1.24944
1.23261
1.21581
1.19905
1.18235
1.16571
1.14915
1.13267
1.11629
1.09998
1.08389
1.06744
1.05336
1.02869
2.71984
2.70167
2.68347
2.66525
2.64702
2.62878
2.61052
2.59225
2.57397
2.55568
2.53738
2.51908
2.50077
2.48246
2.46415
2.44584
2.42754
2.40924
2.39095
2.37266
2.35439
2.33613
2.3179
2.29968
2.28148
2.26331
2.24517
2.22707
2.209
2.19098
2.173
2.15507
2.1372
2.11939
2.10165
2.08397
2.06637
2.04885
2.03142
2.01407
1.99682
1.97966
1.96261
1.94566
1.92882
1.91209
1.89547
1.87895
1.86255
1.84625
1.83006
1.81396
1.79797
1.78206
1.76623
1.75048
1.7348
1.71917
1.70358
1.68803
1.67251
1.657
1.64148
1.62596
1.61041
1.59483
1.57921
1.56353
1.54779
1.53198
1.5161
1.50013
1.48408
1.46794
1.45171
1.4354
1.419
1.40252
1.38597
1.36935
1.35267
1.33593
1.31916
1.30236
1.28554
1.26872
1.2519
1.2351
1.21833
1.2016
1.18493
1.16832
1.15179
1.13535
1.11902
1.10278
1.08676
1.0704
1.05641
1.03196
2.71978
2.7016
2.6834
2.66518
2.64694
2.62869
2.61043
2.59215
2.57387
2.55558
2.53728
2.51897
2.50066
2.48235
2.46404
2.44573
2.42742
2.40912
2.39082
2.37254
2.35427
2.33601
2.31777
2.29956
2.28136
2.2632
2.24506
2.22696
2.2089
2.19088
2.1729
2.15498
2.13712
2.11931
2.10158
2.08391
2.06632
2.04882
2.0314
2.01407
1.99684
1.97971
1.96269
1.94577
1.92896
1.91227
1.8957
1.87923
1.86289
1.84666
1.83054
1.81453
1.79862
1.78281
1.76709
1.75146
1.7359
1.72041
1.70497
1.68957
1.67421
1.65887
1.64353
1.62819
1.61282
1.59743
1.58199
1.56649
1.55093
1.5353
1.51958
1.50377
1.48787
1.47186
1.45576
1.43956
1.42326
1.40687
1.39039
1.37384
1.35721
1.34052
1.32379
1.30702
1.29023
1.27343
1.25664
1.23988
1.22315
1.20648
1.18987
1.17335
1.15693
1.14063
1.12445
1.1084
1.09261
1.07652
1.0628
1.03892
2.71975
2.70157
2.68337
2.66515
2.64692
2.62867
2.61041
2.59214
2.57387
2.55558
2.53729
2.51899
2.50069
2.4824
2.4641
2.4458
2.42751
2.40923
2.39096
2.3727
2.35446
2.33623
2.31802
2.29984
2.28169
2.26356
2.24547
2.22741
2.2094
2.19143
2.17352
2.15566
2.13786
2.12013
2.10247
2.08488
2.06738
2.04997
2.03265
2.01542
1.9983
1.98129
1.96439
1.94761
1.93095
1.9144
1.89799
1.8817
1.86553
1.84949
1.83357
1.81776
1.80207
1.78649
1.77101
1.75562
1.74031
1.72507
1.70989
1.69476
1.67966
1.66457
1.64949
1.63439
1.61927
1.60411
1.58888
1.57359
1.55822
1.54275
1.52718
1.5115
1.49571
1.4798
1.46377
1.44763
1.43137
1.41501
1.39856
1.38202
1.36541
1.34875
1.33204
1.31531
1.29858
1.28186
1.26517
1.24854
1.23198
1.21552
1.19917
1.18296
1.1669
1.15101
1.13533
1.11984
1.10468
1.08934
1.07631
1.05392
2.71987
2.70171
2.68354
2.66535
2.64714
2.62893
2.6107
2.59247
2.57424
2.556
2.53776
2.51951
2.50128
2.48304
2.46482
2.4466
2.42839
2.4102
2.39202
2.37386
2.35573
2.33762
2.31953
2.30148
2.28346
2.26548
2.24754
2.22965
2.2118
2.19402
2.17629
2.15863
2.14104
2.12352
2.10608
2.08873
2.07148
2.05432
2.03726
2.02032
2.00349
1.98677
1.97018
1.95372
1.93739
1.92119
1.90512
1.88919
1.8734
1.85773
1.84219
1.82678
1.81148
1.79629
1.7812
1.76619
1.75126
1.73639
1.72157
1.70678
1.692
1.67721
1.66241
1.64756
1.63266
1.61768
1.60261
1.58744
1.57216
1.55676
1.54123
1.52557
1.50977
1.49384
1.47779
1.46162
1.44535
1.42898
1.41254
1.39605
1.37952
1.36297
1.34644
1.32994
1.3135
1.29716
1.28093
1.26484
1.24893
1.23322
1.21773
1.2025
1.18755
1.17291
1.15862
1.14467
1.1312
1.1178
1.10652
1.0878
2.72071
2.70266
2.68459
2.66652
2.64844
2.63036
2.61229
2.59422
2.57615
2.5581
2.54005
2.52202
2.504
2.486
2.46801
2.45005
2.43212
2.41421
2.39634
2.37849
2.36068
2.34291
2.32518
2.3075
2.28987
2.27228
2.25476
2.23729
2.21989
2.20256
2.1853
2.16811
2.15102
2.13401
2.11709
2.10027
2.08356
2.06695
2.05046
2.03409
2.01784
2.00171
1.98572
1.96986
1.95413
1.93854
1.92307
1.90774
1.89253
1.87745
1.86248
1.84761
1.83284
1.81815
1.80352
1.78895
1.77442
1.7599
1.74538
1.73084
1.71626
1.70163
1.68691
1.67211
1.6572
1.64218
1.62703
1.61175
1.59633
1.58078
1.56511
1.54931
1.53341
1.51742
1.50136
1.48524
1.46911
1.45298
1.43688
1.42085
1.40493
1.38914
1.37352
1.35812
1.34297
1.3281
1.31356
1.29939
1.28562
1.2723
1.25946
1.24714
1.23539
1.22424
1.21373
1.20391
1.19485
1.18643
1.17958
1.17
2.72501
2.70734
2.68969
2.67206
2.65446
2.63687
2.61931
2.60179
2.58429
2.56682
2.54939
2.532
2.51465
2.49734
2.48007
2.46285
2.44567
2.42854
2.41147
2.39444
2.37747
2.36056
2.34371
2.32691
2.31018
2.29352
2.27692
2.2604
2.24395
2.22758
2.21129
2.19508
2.17896
2.16292
2.14699
2.13115
2.1154
2.09976
2.08423
2.0688
2.05347
2.03826
2.02314
2.00814
1.99323
1.97842
1.96369
1.94905
1.93447
1.91996
1.90549
1.89106
1.87664
1.86223
1.84779
1.83332
1.8188
1.80421
1.78954
1.77477
1.7599
1.74491
1.7298
1.71458
1.69925
1.68382
1.6683
1.65271
1.63708
1.62143
1.6058
1.59022
1.57473
1.55938
1.5442
1.52926
1.51458
1.50024
1.48628
1.47275
1.45972
1.44724
1.43536
1.42415
1.41366
1.40396
1.39509
1.38713
1.38013
1.37414
1.36924
1.36548
1.36293
1.36166
1.36174
1.36327
1.36623
1.37121
1.37615
1.39071
2.74419
2.72786
2.7116
2.69539
2.67925
2.66318
2.64717
2.63122
2.61534
2.59952
2.58377
2.56808
2.55245
2.53689
2.52138
2.50594
2.49055
2.47523
2.45995
2.44474
2.42957
2.41446
2.3994
2.3844
2.36944
2.35453
2.33966
2.32484
2.31007
2.29534
2.28066
2.26601
2.25141
2.23685
2.22232
2.20783
2.19337
2.17894
2.16453
2.15015
2.13577
2.12141
2.10704
2.09266
2.07827
2.06384
2.04937
2.03485
2.02026
2.00559
1.99084
1.97599
1.96104
1.94597
1.9308
1.91552
1.90014
1.88467
1.86913
1.85355
1.83796
1.8224
1.80692
1.79156
1.77638
1.76145
1.74683
1.73259
1.71883
1.7056
1.693
1.68111
1.67001
1.65981
1.65059
1.64245
1.63548
1.62978
1.62545
1.6226
1.62133
1.62173
1.62392
1.62799
1.63405
1.64221
1.65255
1.66519
1.68021
1.69773
1.71784
1.74063
1.76622
1.79471
1.8262
1.86089
1.89846
1.94127
1.97933
2.05902
2.82286
2.81031
2.79785
2.78547
2.77317
2.76095
2.7488
2.73671
2.72468
2.71269
2.70074
2.68882
2.67693
2.66505
2.65319
2.64132
2.62945
2.61757
2.60566
2.59373
2.58175
2.56973
2.55765
2.54552
2.53331
2.52102
2.50865
2.49619
2.48362
2.47094
2.45815
2.44523
2.43217
2.41897
2.40563
2.39212
2.37846
2.36462
2.3506
2.33641
2.32203
2.30747
2.29273
2.27781
2.26273
2.24749
2.23211
2.21663
2.20107
2.18547
2.16989
2.15438
2.139
2.12384
2.10899
2.09454
2.0806
2.06728
2.05472
2.04304
2.03238
2.02289
2.01472
2.00802
2.00294
1.99965
1.99832
1.99911
2.00219
2.00776
2.01599
2.02709
2.04124
2.05866
2.07955
2.10413
2.13261
2.16521
2.20211
2.24353
2.28963
2.34059
2.39654
2.45759
2.52385
2.59535
2.67214
2.75419
2.84147
2.9339
3.03135
3.13367
3.24067
3.35214
3.46778
3.58753
3.71002
3.8401
3.95328
4.16315
3.12644
3.12319
3.11992
3.11659
3.1132
3.10973
3.10616
3.10247
3.09864
3.09467
3.09052
3.08618
3.08165
3.0769
3.07191
3.06667
3.06118
3.05541
3.04934
3.04298
3.0363
3.0293
3.02196
3.01429
3.00626
2.99789
2.98916
2.98008
2.97065
2.96088
2.95078
2.94038
2.92969
2.91875
2.9076
2.89629
2.88487
2.87341
2.86201
2.85076
2.83978
2.82918
2.81913
2.80979
2.80134
2.794
2.78799
2.78356
2.78099
2.78054
2.78254
2.78731
2.79516
2.80646
2.82154
2.84075
2.86446
2.893
2.92672
2.96593
3.01097
3.06214
3.11973
3.18402
3.25529
3.33382
3.41986
3.51369
3.61558
3.72578
3.84458
3.97221
4.10891
4.2549
4.41033
4.5753
4.74982
4.9338
5.12703
5.32918
5.53974
5.75808
5.98339
6.21471
6.45092
6.69079
6.93295
7.17594
7.41823
7.65825
7.89441
8.12513
8.34888
8.56421
8.76977
8.9644
9.14646
9.31842
9.4605
9.67202
4.45821
4.48452
4.51052
4.53618
4.56148
4.58639
4.61092
4.63506
4.65879
4.68213
4.70507
4.72762
4.74979
4.77159
4.79306
4.81422
4.8351
4.85574
4.87621
4.89656
4.91686
4.9372
4.95767
4.97839
4.9995
5.02112
5.04344
5.06664
5.09094
5.11656
5.14378
5.17289
5.20421
5.2381
5.27496
5.31521
5.35933
5.40781
5.4612
5.52009
5.5851
5.65689
5.73617
5.82367
5.92018
6.02648
6.14341
6.27182
6.41258
6.56655
6.73461
6.91762
7.1164
7.33176
7.56446
7.81516
8.08449
8.37295
8.68093
9.00872
9.35643
9.72401
10.1113
10.5177
10.9428
11.3856
11.8451
12.3198
12.8081
13.3082
13.8179
14.3346
14.8557
15.3781
15.8984
16.4132
16.9188
17.4111
17.8862
18.34
18.7686
19.1678
19.5341
19.8641
20.1548
20.4036
20.6088
20.7689
20.8834
20.9523
20.9764
20.9571
20.8965
20.7969
20.6615
20.4928
20.2976
20.0651
19.8544
19.4316
14.2219
14.4637
14.7057
14.9478
15.19
15.4322
15.6744
15.9165
16.1585
16.4004
16.6423
16.8842
17.1262
17.3683
17.6106
17.8534
18.0969
18.3411
18.5864
18.8331
19.0815
19.3319
19.5848
19.8406
20.0998
20.3628
20.6304
20.9029
21.1812
21.4657
21.7573
22.0566
22.3643
22.6814
23.0084
23.3464
23.696
24.0583
24.4341
24.8244
25.2302
25.6524
26.0922
26.5507
27.0289
27.5282
28.0499
28.5951
29.1654
29.7621
30.3866
31.0405
31.7251
32.4418
33.1919
33.9763
34.796
35.6512
36.5419
37.4674
38.4259
39.4149
40.4308
41.4682
42.5208
43.5802
44.6364
45.6779
46.6915
47.6627
48.5757
49.4145
50.1628
50.805
51.3269
51.7159
51.9624
52.0596
52.0041
51.7964
51.4401
50.9426
50.314
49.5668
48.7155
47.7756
46.7631
45.694
44.5838
43.4469
42.2965
41.1442
40.0003
38.8732
37.7703
36.6957
35.6608
34.6341
33.7656
32.3558
92.7379
94.0096
95.2487
96.4526
97.619
98.746
99.8316
100.874
101.871
102.822
103.724
104.577
105.378
106.126
106.82
107.459
108.041
108.566
109.033
109.44
109.787
110.073
110.297
110.46
110.559
110.594
110.566
110.474
110.316
110.093
109.804
109.449
109.027
108.539
107.982
107.358
106.667
105.906
105.078
104.18
103.215
102.181
101.08
99.911
98.6763
97.3767
96.0138
94.5898
93.1073
91.5693
89.9796
88.3424
86.6629
84.9468
83.2005
81.4313
79.6472
77.8567
76.0693
74.2948
72.5435
70.8262
69.1536
67.5364
65.9851
64.5097
63.1193
61.8218
60.6239
59.5306
58.545
57.6681
56.8988
56.2337
55.6672
55.1916
54.7972
54.4731
54.2069
53.9858
53.7967
53.6267
53.464
53.2975
53.1178
52.9172
52.6895
52.4304
52.1374
51.8091
51.4458
51.0484
50.619
50.1597
49.6741
49.1622
48.6371
48.0652
47.5881
46.662
0.11002
0.103889
0.157974
0.203276
0.236384
0.257816
0.269173
0.27657
0.284026
0.296978
0.321301
0.361613
0.42215
0.52533
0.766434
1.28292
2.12858
3.32024
4.85622
6.72164
8.89441
11.35
14.0638
17.0129
20.1757
23.5329
27.067
30.7629
34.6075
38.5891
42.6971
46.921
51.2499
55.6714
60.171
64.7317
69.3339
73.955
78.5706
83.1568
87.693
92.1687
96.5895
100.963
105.203
109.317
113.288
117.092
120.703
124.097
127.248
130.133
132.728
135.013
136.969
138.581
139.836
140.723
141.236
141.372
141.132
140.52
139.545
138.218
136.555
134.574
132.298
129.753
126.97
123.984
120.857
117.746
115.183
113.285
111.459
109.543
107.521
105.405
103.216
100.97
98.6834
96.3718
94.0486
91.7261
89.4158
87.1274
84.8701
82.6516
80.4787
78.3575
76.2931
74.2902
72.3531
70.4858
68.6931
66.98
65.3545
63.8346
62.4661
60.9343
0.442859
0.293147
0.245074
0.237394
0.249447
0.276557
0.319873
0.384095
0.479458
0.623319
0.838867
1.14733
1.56519
2.10871
2.79951
3.65512
4.67188
5.83458
7.12807
8.54189
10.0715
11.7171
13.4812
15.366
17.3722
19.4975
21.7375
24.086
26.5354
29.0778
31.705
34.4087
37.1801
40.0101
42.8889
45.8058
48.7492
51.7071
54.6676
57.6213
60.5635
63.4978
66.4323
69.3536
72.2238
75.029
77.757
80.3927
82.92
85.3223
87.5835
89.6875
91.6193
93.3646
94.9104
96.245
97.3585
98.2424
98.8905
99.2986
99.4646
99.389
99.0746
98.5264
97.7513
96.7584
95.5597
94.169
92.6024
90.8795
89.0289
87.1009
85.1777
83.2856
81.3716
79.4119
77.407
75.367
73.3043
71.2307
69.1575
67.0945
65.0504
63.033
61.0488
59.1035
57.2016
55.347
53.5427
51.7911
50.094
48.4525
46.8675
45.3389
43.8674
42.4489
41.0911
39.753
38.5534
36.6815
0.847333
0.454493
0.381856
0.379001
0.409066
0.469576
0.566073
0.711079
0.919921
1.20736
1.58334
2.05161
2.61311
3.26982
4.02465
4.87933
5.83571
6.8984
8.0764
9.38191
10.8275
12.4232
14.1743
16.0806
18.1369
20.335
22.6649
25.1167
27.6815
30.3519
33.1217
35.986
38.94
41.9794
45.099
48.2933
51.5559
54.8797
58.2568
61.6783
65.1333
68.6059
72.0754
75.5381
78.9675
82.3434
85.6439
88.8468
91.9299
94.8712
97.6491
100.243
102.632
104.799
106.726
108.399
109.804
110.932
111.773
112.322
112.578
112.541
112.215
111.606
110.724
109.582
108.194
106.578
104.752
102.739
100.563
98.2528
95.8455
93.3763
90.8577
88.2944
85.695
83.0722
80.4405
77.814
75.2055
72.6266
70.0872
67.5956
65.1588
62.7825
60.4712
58.2281
56.0558
53.9559
51.9291
49.9757
48.0955
46.2872
44.5499
42.8793
41.2771
39.7152
38.2737
36.2128
1.24465
0.621568
0.54333
0.553368
0.609805
0.709663
0.859481
1.06853
1.34521
1.69425
2.11622
2.61022
3.17762
3.82354
4.55583
5.38425
6.32059
7.3781
8.57057
9.91105
11.4106
13.0774
14.9162
16.9284
19.1129
21.4669
23.9867
26.6686
29.5091
32.5052
35.6542
38.9532
42.3989
45.9869
49.7119
53.5668
57.5428
61.6289
65.8121
70.0762
74.4009
78.7614
83.1313
87.4858
91.7971
96.0385
100.181
104.196
108.053
111.724
115.179
118.393
121.338
123.993
126.336
128.348
130.015
131.324
132.268
132.843
133.046
132.882
132.358
131.484
130.276
128.751
126.931
124.839
122.499
119.939
117.187
114.273
111.229
108.089
104.88
101.623
98.3346
95.0341
91.7392
88.4667
85.2318
82.0475
78.9249
75.8733
72.9002
70.0113
67.2109
64.5023
61.8872
59.3665
56.9405
54.6083
52.3687
50.2196
48.1588
46.1815
44.287
42.4518
40.7513
38.4195
1.60845
0.796181
0.711525
0.733836
0.810386
0.936758
1.11602
1.35185
1.64675
2.00199
2.41891
2.90105
3.45532
4.09135
4.82017
5.65335
6.60293
7.68142
8.90204
10.2787
11.8255
13.5562
15.4833
17.6173
19.9664
22.5364
25.3313
28.3528
31.6016
35.0767
38.7757
42.6949
46.8284
51.1686
55.7054
60.4261
65.3151
70.3538
75.52
80.7877
86.1269
91.5028
96.8774
102.214
107.476
112.629
117.636
122.46
127.066
131.416
135.478
139.218
142.607
145.618
148.228
150.418
152.173
153.482
154.339
154.743
154.697
154.211
153.298
151.975
150.263
148.188
145.778
143.064
140.077
136.851
133.421
129.821
126.085
122.249
118.344
114.397
110.433
106.474
102.539
98.6483
94.8174
91.0604
87.3889
83.8122
80.3378
76.9712
73.7162
70.5754
67.5498
64.6397
61.8441
59.1616
56.5898
54.1258
51.7662
49.5057
47.3427
45.2546
43.3271
40.72
1.91788
0.956036
0.864662
0.893165
0.979663
1.11713
1.30543
1.5454
1.83869
2.18839
2.59982
3.08071
3.64069
4.29012
5.03941
5.89923
6.8813
7.99944
9.27028
10.7133
12.3502
14.2035
16.295
18.6448
21.2695
24.1823
27.3927
30.9059
34.7237
38.8445
43.2632
47.9714
52.9574
58.2061
63.6988
69.4136
75.3246
81.4023
87.6132
93.922
100.287
106.661
112.996
119.243
125.358
131.296
137.015
142.471
147.623
152.431
156.858
160.87
164.435
167.527
170.125
172.211
173.774
174.808
175.312
175.291
174.757
173.726
172.219
170.262
167.884
165.12
162.004
158.574
154.87
150.931
146.797
142.505
138.093
133.599
129.055
124.491
119.933
115.404
110.926
106.517
102.193
97.9669
93.8505
89.8519
85.9775
82.2321
78.6184
75.138
71.791
68.5766
65.4931
62.5378
59.7076
56.9985
54.4068
51.9259
49.5551
47.2693
45.1725
42.3377
2.19343
1.09302
0.990809
1.01994
1.10951
1.25054
1.44157
1.68378
1.98098
2.33962
2.76842
3.27751
3.87752
4.57906
5.39297
6.33135
7.40897
8.64438
10.0606
11.6845
13.5461
15.6763
18.1051
20.8597
23.9627
27.4312
31.276
35.5019
40.1069
45.0837
50.4191
56.0952
62.0891
68.3738
74.9181
81.687
88.6422
95.7411
102.942
110.195
117.448
124.645
131.727
138.64
145.332
151.752
157.854
163.593
168.925
173.813
178.218
182.11
185.46
188.247
190.454
192.071
193.093
193.522
193.366
192.64
191.365
189.564
187.27
184.518
181.344
177.792
173.902
169.72
165.289
160.653
155.854
150.933
145.928
140.876
135.809
130.756
125.741
120.789
115.916
111.141
106.476
101.934
97.5222
93.2484
89.117
85.1311
81.2921
77.6001
74.0543
70.6525
67.3922
64.2699
61.2816
58.4227
55.6888
53.0728
50.575
48.1668
45.972
42.9885
2.50284
1.21184
1.09137
1.11932
1.21326
1.36245
1.5662
1.82863
2.15773
2.56448
3.06169
3.66291
4.38175
5.2319
6.22791
7.38656
8.72824
10.2779
12.0653
14.1241
16.4902
19.1998
22.2862
25.7776
29.6953
34.052
38.8519
44.0898
49.7524
55.8184
62.2603
69.0447
76.1337
83.4849
91.0534
98.7905
106.647
114.574
122.514
130.41
138.204
145.835
153.244
160.374
167.17
173.583
179.568
185.081
190.085
194.544
198.429
201.713
204.378
206.41
207.802
208.552
208.667
208.159
207.046
205.355
203.114
200.362
197.136
193.481
189.441
185.066
180.401
175.496
170.396
165.146
159.789
154.364
148.908
143.454
138.031
132.664
127.375
122.183
117.102
112.146
107.324
102.645
98.1137
93.735
89.5109
85.4426
81.5297
77.771
74.1641
70.7062
67.3936
64.2223
61.1876
58.2845
55.5084
52.8518
50.3161
47.8696
45.6533
42.6159
2.80774
1.31199
1.1756
1.21077
1.32371
1.50366
1.75462
2.08849
2.5227
3.07833
3.7782
4.64528
5.7015
6.9676
8.46386
10.2114
12.2337
14.5572
17.2117
20.2285
23.6387
27.4704
31.7459
36.48
41.6776
47.3339
53.4338
59.953
66.8595
74.1144
81.6739
89.4902
97.513
105.689
113.966
122.29
130.606
138.856
146.985
154.936
162.653
170.081
177.165
183.853
190.097
195.852
201.08
205.745
209.818
213.271
216.086
218.247
219.745
220.578
220.749
220.27
219.157
217.436
215.135
212.29
208.942
205.136
200.918
196.339
191.449
186.299
180.94
175.418
169.78
164.068
158.322
152.575
146.861
141.205
135.632
130.161
124.807
119.584
114.5
109.564
104.78
100.154
95.6862
91.3784
87.2302
83.2403
79.4068
75.7269
72.1973
68.8142
65.5734
62.4704
59.5003
56.6579
53.9388
51.3351
48.85
46.4488
44.285
41.293
3.07627
1.39752
1.2644
1.33544
1.50975
1.78545
2.18517
2.74673
3.51864
4.55443
5.90547
7.61452
9.71135
12.2111
15.1181
18.4295
22.1399
26.2449
30.7424
35.6317
40.9117
46.5796
52.6279
59.0442
65.8095
72.8991
80.2817
87.9204
95.7751
103.803
111.957
120.191
128.456
136.704
144.882
152.943
160.838
168.52
175.942
183.058
189.822
196.19
202.117
207.561
212.484
216.851
220.632
223.802
226.341
228.235
229.473
230.052
229.975
229.25
227.893
225.927
223.379
220.285
216.683
212.617
208.137
203.292
198.135
192.718
187.095
181.314
175.425
169.473
163.497
157.536
151.621
145.78
140.037
134.411
128.916
123.565
118.367
113.325
108.446
103.729
99.175
94.7841
90.5543
86.4833
82.5685
78.8065
75.1938
71.7266
68.4008
65.2121
62.1561
59.228
56.4233
53.7368
51.1645
48.699
46.3445
44.0653
42.0206
39.1684
3.29929
1.4854
1.41274
1.60567
1.97818
2.5861
3.54359
5.00482
7.13817
10.0806
13.8938
18.5565
23.9789
30.0245
36.5501
43.4218
50.5287
57.788
65.1426
72.5561
80.0073
87.485
94.9831
102.498
110.025
117.562
125.097
132.615
140.102
147.539
154.898
162.146
169.252
176.188
182.921
189.42
195.651
201.581
207.176
212.401
217.222
221.604
225.513
228.918
231.789
234.101
235.833
236.968
237.496
237.41
236.712
235.407
233.507
231.033
228.008
224.464
220.439
215.973
211.114
205.91
200.415
194.68
188.759
182.704
176.565
170.387
164.214
158.083
152.027
146.074
140.247
134.564
129.038
123.68
118.495
113.486
108.654
103.996
99.5111
95.1942
91.0409
87.0466
83.2063
79.5151
75.9681
72.5606
69.2879
66.1456
63.1293
60.2345
57.4571
54.7926
52.237
49.7855
47.4349
45.1786
43.0217
40.9293
39.0588
36.4293
3.49307
1.64374
1.83949
2.53229
3.83375
6.22957
10.3693
16.7212
25.354
35.9485
47.9232
60.656
73.5744
86.2229
98.2852
109.573
120.002
129.569
138.321
146.329
153.683
160.472
166.786
172.707
178.308
183.66
188.799
193.751
198.534
203.155
207.624
211.937
216.087
220.057
223.828
227.379
230.683
233.715
236.444
238.843
240.882
242.53
243.759
244.542
244.856
244.68
243.997
242.799
241.078
238.836
236.08
232.824
229.085
224.891
220.271
215.265
209.913
204.261
198.358
192.256
186.006
179.658
173.264
166.869
160.516
154.245
148.088
142.074
136.225
130.558
125.084
119.812
114.743
109.878
105.214
100.744
96.4616
92.3588
88.4269
84.6569
81.0405
77.5695
74.2365
71.0346
67.9576
64.9999
62.1565
59.4227
56.7943
54.2673
51.8381
49.503
47.2586
45.1012
43.0284
41.0348
39.1261
37.2703
35.6153
33.2749
3.64368
2.27996
4.26537
9.38332
19.8203
36.685
59.0343
84.8048
111.796
137.996
162.031
183.185
201.223
216.208
228.372
238.026
245.51
251.179
255.356
258.315
260.31
261.562
262.262
262.57
262.608
262.465
262.224
261.943
261.66
261.392
261.146
260.919
260.698
260.465
260.194
259.857
259.424
258.861
258.135
257.213
256.061
254.647
252.941
250.915
248.546
245.814
242.704
239.208
235.324
231.054
226.41
221.408
216.07
210.426
204.511
198.363
192.025
185.544
178.966
172.34
165.714
159.132
152.637
146.267
140.055
134.03
128.213
122.621
117.265
112.149
107.274
102.637
98.2314
94.0467
90.0718
86.2939
82.6998
79.2759
76.0092
72.8876
69.8996
67.0351
64.2852
61.642
59.0988
56.6499
54.2904
52.0162
49.8236
47.7096
45.6712
43.706
41.8114
39.985
38.2255
36.5288
34.9011
33.3147
31.9019
29.8974
3.91144
16.3712
54.8651
111.335
175.364
237.874
292.246
335.458
368.314
391.314
406.122
414.635
418.435
418.704
416.304
411.884
405.962
398.942
391.17
382.946
374.509
366.045
357.695
349.566
341.733
334.247
327.14
320.429
314.114
308.186
302.622
297.392
292.46
287.785
283.321
279.024
274.845
270.74
266.662
262.569
258.418
254.172
249.794
245.255
240.527
235.589
230.426
225.03
219.399
213.537
207.457
201.175
194.716
188.109
181.388
174.591
167.76
160.935
154.161
147.477
140.924
134.539
128.353
122.393
116.682
111.234
106.061
101.166
96.5494
92.2047
88.1229
84.2914
80.695
77.3171
74.1403
71.1466
68.3187
65.6398
63.0943
60.6681
58.3486
56.1249
53.9876
51.9289
49.9424
48.0229
46.1662
44.3691
42.6289
40.9435
39.3113
37.7308
36.2009
34.7202
33.2886
31.9035
30.5714
29.27
28.1114
26.4681
13.249
300.165
560.795
730.865
815.38
839.377
827.913
799.376
764.121
728.262
694.29
662.728
633.348
605.799
579.82
555.265
532.06
510.156
489.499
470.027
451.675
434.379
418.082
402.741
388.318
374.782
362.1
350.235
339.142
328.771
319.064
309.962
301.4
293.318
285.653
278.344
271.334
264.567
257.99
251.552
245.207
238.912
232.63
226.327
219.976
213.557
207.055
200.462
193.777
187.007
180.162
173.262
166.329
159.391
152.481
145.632
138.88
132.261
125.81
119.559
113.538
107.772
102.282
97.0831
92.1846
87.591
83.301
79.3088
75.6041
72.1729
68.9986
66.0624
63.3439
60.8226
58.4777
56.2889
54.2372
52.3047
50.4754
48.7348
47.0705
45.4721
43.9307
42.4393
40.9924
39.5858
38.2163
36.8818
35.5807
34.3122
33.0758
31.8711
30.6981
29.5568
28.448
27.3708
26.3315
25.314
24.4073
23.1286
)
;

boundaryField
{
    outlet
    {
        type            zeroGradient;
    }
    inlet
    {
        type            fixedValue;
        value           uniform 3.54;
    }
    lowerWall
    {
        Cmu             0.09;
        kappa           0.41;
        E               9.8;
        type            epsilonWallFunction;
        value           nonuniform List<scalar> 
148
(
105.266
143.991
186.348
230.922
275.886
319.398
359.83
395.945
426.99
452.666
473.055
488.507
499.544
506.771
510.809
512.25
511.633
509.427
506.031
501.777
496.934
491.717
486.296
480.802
475.335
469.973
464.769
459.773
454.97
450.597
445.59
445.274
423.831
0.11002
0.442859
0.847333
1.24465
1.60845
1.91788
2.19343
2.50284
2.80774
3.07627
3.29929
3.49307
3.64368
3.91144
13.249
0.11002
0.103889
0.157974
0.203276
0.236384
0.257816
0.269173
0.27657
0.284026
0.296978
0.321301
0.361613
0.42215
0.52533
0.766434
1.28292
2.12858
3.32024
4.85622
6.72164
8.89441
11.35
14.0638
17.0129
20.1757
23.5329
27.067
30.7629
34.6075
38.5891
42.6971
46.921
51.2499
55.6714
60.171
64.7317
69.3339
73.955
78.5706
83.1568
87.693
92.1687
96.5895
100.963
105.203
109.317
113.288
117.092
120.703
124.097
127.248
130.133
132.728
135.013
136.969
138.581
139.836
140.723
141.236
141.372
141.132
140.52
139.545
138.218
136.555
134.574
132.298
129.753
126.97
123.984
120.857
117.746
115.183
113.285
111.459
109.543
107.521
105.405
103.216
100.97
98.6834
96.3718
94.0486
91.7261
89.4158
87.1274
84.8701
82.6516
80.4787
78.3575
76.2931
74.2902
72.3531
70.4858
68.6931
66.98
65.3545
63.8346
62.4661
60.9343
)
;
    }
    upperWall
    {
        Cmu             0.09;
        kappa           0.41;
        E               9.8;
        type            epsilonWallFunction;
        value           nonuniform List<scalar> 
133
(
30.2673
32.7691
35.3054
37.8488
40.3863
42.91
45.4131
47.8885
50.3296
52.7305
55.0859
57.3912
59.6424
61.8362
63.9699
66.0414
68.049
69.9918
71.8689
73.6802
75.4256
77.1056
78.7208
80.2722
81.7608
83.1878
84.5548
85.8631
87.1145
88.3105
89.453
90.5434
91.5848
92.7379
94.0096
95.2487
96.4526
97.619
98.746
99.8316
100.874
101.871
102.822
103.724
104.577
105.378
106.126
106.82
107.459
108.041
108.566
109.033
109.44
109.787
110.073
110.297
110.46
110.559
110.594
110.566
110.474
110.316
110.093
109.804
109.449
109.027
108.539
107.982
107.358
106.667
105.906
105.078
104.18
103.215
102.181
101.08
99.911
98.6763
97.3767
96.0138
94.5898
93.1073
91.5693
89.9796
88.3424
86.6629
84.9468
83.2005
81.4313
79.6472
77.8567
76.0693
74.2948
72.5435
70.8262
69.1536
67.5364
65.9851
64.5097
63.1193
61.8218
60.6239
59.5306
58.545
57.6681
56.8988
56.2337
55.6672
55.1916
54.7972
54.4731
54.2069
53.9858
53.7967
53.6267
53.464
53.2975
53.1178
52.9172
52.6895
52.4304
52.1374
51.8091
51.4458
51.0484
50.619
50.1597
49.6741
49.1622
48.6371
48.0652
47.5881
46.662
)
;
    }
    frontAndBack
    {
        type            empty;
    }
}


// ************************************************************************* //
