/*--------------------------------*- C++ -*----------------------------------*\
| =========                 |                                                 |
| \\      /  F ield         | OpenFOAM: The Open Source CFD Toolbox           |
|  \\    /   O peration     | Version:  4.1                                   |
|   \\  /    A nd           | Web:      www.OpenFOAM.org                      |
|    \\/     M anipulation  |                                                 |
\*---------------------------------------------------------------------------*/
FoamFile
{
    version     2.0;
    format      ascii;
    class       volScalarField;
    location    "400";
    object      k;
}
// * * * * * * * * * * * * * * * * * * * * * * * * * * * * * * * * * * * * * //

dimensions      [0 2 -2 0 0 0 0];

internalField   nonuniform List<scalar> 
6820
(
0.226697
0.279347
0.331744
0.382734
0.43093
0.475126
0.514421
0.54829
0.576587
0.599477
0.617345
0.630716
0.640181
0.646341
0.649769
0.650991
0.650468
0.648597
0.645711
0.642087
0.637949
0.633476
0.628811
0.624066
0.619327
0.614661
0.610115
0.605734
0.601508
0.597648
0.593213
0.592931
0.57374
0.207938
0.216621
0.219548
0.220394
0.221056
0.222078
0.223474
0.22514
0.226961
0.228846
0.230731
0.232584
0.234393
0.236162
0.237901
0.239628
0.241357
0.243105
0.244885
0.246705
0.248572
0.25049
0.252458
0.254475
0.256536
0.258634
0.260762
0.262909
0.26506
0.267227
0.2693
0.271632
0.273183
0.201064
0.204896
0.206826
0.206612
0.205168
0.203176
0.200968
0.198675
0.196348
0.194008
0.19167
0.189349
0.187063
0.184828
0.182661
0.180578
0.178592
0.176713
0.174949
0.173308
0.171791
0.170401
0.169137
0.167998
0.166981
0.16608
0.165293
0.164612
0.164032
0.163546
0.163143
0.162819
0.162545
0.199585
0.199595
0.199834
0.199709
0.199082
0.198053
0.196754
0.195281
0.193696
0.192037
0.19033
0.188591
0.186834
0.18507
0.183308
0.181557
0.179825
0.178119
0.176444
0.174806
0.17321
0.171659
0.170156
0.168704
0.167304
0.165957
0.164664
0.163426
0.162242
0.161113
0.160036
0.159014
0.158041
0.199411
0.198486
0.19779
0.197167
0.196484
0.195676
0.194737
0.193687
0.19255
0.191348
0.190099
0.188816
0.187511
0.186191
0.184864
0.183536
0.182211
0.180895
0.17959
0.1783
0.177029
0.175778
0.174549
0.173345
0.172168
0.171018
0.169896
0.168804
0.167742
0.166711
0.165711
0.164743
0.163807
0.199395
0.198258
0.197235
0.196308
0.195431
0.194563
0.193675
0.192755
0.191799
0.190812
0.189799
0.188765
0.187716
0.186657
0.185592
0.184526
0.183461
0.182401
0.181348
0.180304
0.17927
0.17825
0.177244
0.176253
0.175279
0.174322
0.173385
0.172466
0.171567
0.170689
0.169832
0.168996
0.168182
0.199395
0.198217
0.197099
0.196044
0.195047
0.194092
0.193165
0.192252
0.191343
0.190435
0.189525
0.188612
0.187697
0.186781
0.185867
0.184955
0.184048
0.183146
0.182252
0.181366
0.180489
0.179623
0.178769
0.177926
0.177097
0.176282
0.17548
0.174694
0.173922
0.173166
0.172427
0.171703
0.170995
0.199395
0.198211
0.19707
0.195974
0.194924
0.193917
0.192948
0.19201
0.191097
0.190204
0.189326
0.188462
0.187608
0.186764
0.185929
0.185103
0.184287
0.18348
0.182683
0.181896
0.181119
0.180354
0.179599
0.178857
0.178126
0.177408
0.176702
0.17601
0.17533
0.174663
0.17401
0.173371
0.172744
0.199395
0.19821
0.197064
0.195957
0.194889
0.19386
0.192867
0.191909
0.190981
0.190082
0.189208
0.188355
0.187523
0.186708
0.18591
0.185127
0.184358
0.183603
0.182862
0.182133
0.181417
0.180714
0.180024
0.179345
0.17868
0.178026
0.177385
0.176757
0.17614
0.175537
0.174945
0.174366
0.173798
0.199395
0.19821
0.197062
0.195953
0.19488
0.193843
0.19284
0.191871
0.190934
0.190027
0.189147
0.188294
0.187466
0.186659
0.185874
0.185108
0.184361
0.183631
0.182918
0.182221
0.181539
0.180871
0.180218
0.179579
0.178953
0.178341
0.177741
0.177154
0.17658
0.176018
0.175468
0.17493
0.174404
0.199395
0.198209
0.197062
0.195951
0.194877
0.193838
0.192832
0.191858
0.190916
0.190004
0.189121
0.188264
0.187434
0.186628
0.185846
0.185085
0.184345
0.183626
0.182925
0.182242
0.181576
0.180927
0.180293
0.179675
0.179072
0.178483
0.177908
0.177346
0.176797
0.176262
0.175738
0.175227
0.174727
0.199395
0.198209
0.197061
0.195951
0.194876
0.193836
0.192829
0.191854
0.19091
0.189995
0.189109
0.188251
0.187418
0.186611
0.185828
0.185068
0.18433
0.183613
0.182916
0.182239
0.181579
0.180938
0.180314
0.179706
0.179114
0.178537
0.177974
0.177426
0.176892
0.176371
0.175863
0.175367
0.174883
0.199395
0.198209
0.197061
0.19595
0.194875
0.193834
0.192827
0.191851
0.190907
0.189991
0.189104
0.188244
0.187411
0.186603
0.185819
0.185058
0.184319
0.183603
0.182907
0.18223
0.181573
0.180935
0.180314
0.17971
0.179122
0.17855
0.177994
0.177452
0.176925
0.176411
0.175911
0.175423
0.174948
0.199395
0.198209
0.197061
0.19595
0.194874
0.193833
0.192826
0.19185
0.190905
0.189989
0.189101
0.188241
0.187407
0.186598
0.185813
0.185051
0.184313
0.183595
0.182899
0.182223
0.181566
0.180928
0.180308
0.179705
0.179119
0.178549
0.177995
0.177455
0.176931
0.17642
0.175923
0.175439
0.174968
0.199395
0.198209
0.19706
0.195949
0.194874
0.193833
0.192825
0.191849
0.190903
0.189987
0.189099
0.188238
0.187404
0.186594
0.185809
0.185047
0.184308
0.18359
0.182893
0.182217
0.18156
0.180921
0.180301
0.179698
0.179112
0.178543
0.177989
0.17745
0.176927
0.176417
0.175921
0.175438
0.174969
0.199395
0.198209
0.19706
0.195949
0.194873
0.193832
0.192824
0.191848
0.190902
0.189985
0.189097
0.188236
0.187401
0.186591
0.185806
0.185044
0.184304
0.183586
0.182889
0.182212
0.181554
0.180916
0.180295
0.179692
0.179106
0.178536
0.177982
0.177444
0.17692
0.17641
0.175914
0.175432
0.174962
0.199395
0.198209
0.19706
0.195949
0.194873
0.193832
0.192823
0.191847
0.190901
0.189984
0.189095
0.188234
0.187399
0.186589
0.185803
0.185041
0.184301
0.183582
0.182885
0.182207
0.18155
0.180911
0.18029
0.179686
0.1791
0.17853
0.177976
0.177437
0.176913
0.176403
0.175907
0.175424
0.174954
0.199395
0.198208
0.19706
0.195948
0.194873
0.193831
0.192823
0.191846
0.1909
0.189983
0.189094
0.188232
0.187397
0.186587
0.185801
0.185038
0.184298
0.183579
0.182881
0.182204
0.181545
0.180906
0.180285
0.179681
0.179094
0.178524
0.177969
0.17743
0.176906
0.176395
0.175899
0.175416
0.174946
0.199395
0.198208
0.19706
0.195948
0.194872
0.193831
0.192822
0.191845
0.190899
0.189982
0.189093
0.188231
0.187395
0.186585
0.185798
0.185035
0.184295
0.183576
0.182878
0.1822
0.181542
0.180902
0.18028
0.179676
0.179089
0.178519
0.177964
0.177424
0.176899
0.176389
0.175892
0.175409
0.174938
0.199395
0.198208
0.19706
0.195948
0.194872
0.19383
0.192821
0.191844
0.190898
0.189981
0.189092
0.18823
0.187394
0.186583
0.185796
0.185033
0.184292
0.183573
0.182875
0.182197
0.181538
0.180898
0.180276
0.179672
0.179085
0.178514
0.177958
0.177418
0.176893
0.176382
0.175885
0.175402
0.174931
0.199395
0.198208
0.19706
0.195948
0.194872
0.19383
0.192821
0.191844
0.190897
0.18998
0.189091
0.188228
0.187392
0.186581
0.185795
0.185031
0.18429
0.183571
0.182872
0.182194
0.181535
0.180895
0.180273
0.179668
0.17908
0.178509
0.177953
0.177413
0.176888
0.176376
0.175879
0.175395
0.174924
0.199395
0.198208
0.19706
0.195948
0.194872
0.19383
0.192821
0.191843
0.190897
0.189979
0.18909
0.188227
0.187391
0.18658
0.185793
0.185029
0.184288
0.183568
0.18287
0.182191
0.181532
0.180891
0.180269
0.179664
0.179076
0.178505
0.177949
0.177408
0.176883
0.176371
0.175873
0.175389
0.174918
0.199395
0.198208
0.197059
0.195948
0.194871
0.193829
0.19282
0.191843
0.190896
0.189978
0.189089
0.188226
0.18739
0.186579
0.185791
0.185028
0.184286
0.183566
0.182867
0.182189
0.181529
0.180889
0.180266
0.179661
0.179073
0.178501
0.177945
0.177404
0.176878
0.176366
0.175868
0.175384
0.174912
0.199395
0.198208
0.197059
0.195947
0.194871
0.193829
0.19282
0.191843
0.190896
0.189978
0.189088
0.188225
0.187389
0.186577
0.18579
0.185026
0.184284
0.183565
0.182865
0.182186
0.181527
0.180886
0.180263
0.179658
0.179069
0.178497
0.177941
0.1774
0.176874
0.176361
0.175863
0.175378
0.174907
0.199395
0.198208
0.197059
0.195947
0.194871
0.193829
0.19282
0.191842
0.190895
0.189977
0.189087
0.188225
0.187388
0.186576
0.185789
0.185025
0.184283
0.183563
0.182864
0.182184
0.181525
0.180883
0.18026
0.179655
0.179066
0.178494
0.177937
0.177396
0.17687
0.176357
0.175859
0.175374
0.174902
0.199395
0.198208
0.197059
0.195947
0.194871
0.193829
0.19282
0.191842
0.190895
0.189977
0.189087
0.188224
0.187387
0.186576
0.185788
0.185024
0.184282
0.183561
0.182862
0.182183
0.181523
0.180881
0.180258
0.179652
0.179064
0.178491
0.177934
0.177393
0.176866
0.176354
0.175855
0.17537
0.174897
0.199395
0.198208
0.197059
0.195947
0.194871
0.193829
0.192819
0.191842
0.190895
0.189976
0.189086
0.188224
0.187387
0.186575
0.185787
0.185023
0.184281
0.18356
0.18286
0.182181
0.181521
0.180879
0.180256
0.17965
0.179061
0.178488
0.177931
0.17739
0.176863
0.17635
0.175851
0.175366
0.174893
0.199395
0.198208
0.197059
0.195947
0.194871
0.193829
0.192819
0.191842
0.190894
0.189976
0.189086
0.188223
0.187386
0.186574
0.185786
0.185022
0.18428
0.183559
0.182859
0.18218
0.181519
0.180878
0.180254
0.179648
0.179059
0.178486
0.177929
0.177387
0.17686
0.176347
0.175848
0.175362
0.17489
0.199395
0.198208
0.197059
0.195947
0.194871
0.193829
0.192819
0.191842
0.190894
0.189976
0.189086
0.188223
0.187386
0.186574
0.185786
0.185021
0.184279
0.183558
0.182858
0.182178
0.181518
0.180876
0.180253
0.179647
0.179057
0.178484
0.177927
0.177385
0.176858
0.176345
0.175845
0.17536
0.174887
0.199395
0.198208
0.197059
0.195947
0.194871
0.193829
0.192819
0.191841
0.190894
0.189976
0.189086
0.188223
0.187385
0.186573
0.185785
0.185021
0.184278
0.183557
0.182857
0.182178
0.181517
0.180875
0.180251
0.179645
0.179056
0.178483
0.177925
0.177383
0.176856
0.176342
0.175843
0.175357
0.174884
0.199395
0.198208
0.197059
0.195947
0.194871
0.193829
0.192819
0.191841
0.190894
0.189976
0.189086
0.188222
0.187385
0.186573
0.185785
0.18502
0.184278
0.183557
0.182857
0.182177
0.181516
0.180874
0.180251
0.179644
0.179055
0.178481
0.177924
0.177382
0.176854
0.176341
0.175841
0.175355
0.174882
0.199395
0.198208
0.197059
0.195947
0.194871
0.193829
0.192819
0.191841
0.190894
0.189976
0.189086
0.188222
0.187385
0.186573
0.185785
0.18502
0.184278
0.183557
0.182857
0.182177
0.181516
0.180874
0.18025
0.179644
0.179054
0.178481
0.177923
0.177381
0.176853
0.17634
0.17584
0.175354
0.174881
0.199395
0.198208
0.197059
0.195947
0.194871
0.193829
0.192819
0.191841
0.190894
0.189976
0.189086
0.188223
0.187386
0.186573
0.185786
0.185021
0.184278
0.183558
0.182858
0.182178
0.181517
0.180875
0.180251
0.179644
0.179055
0.178481
0.177923
0.17738
0.176852
0.176339
0.175839
0.175352
0.174878
0.199395
0.198208
0.197059
0.195947
0.194871
0.193829
0.19282
0.191843
0.190896
0.189978
0.189089
0.188226
0.18739
0.186578
0.185791
0.185026
0.184284
0.183563
0.182863
0.182183
0.181522
0.180879
0.180255
0.179647
0.179056
0.178481
0.177922
0.177378
0.176848
0.176333
0.17583
0.175341
0.174865
0.199395
0.198208
0.197059
0.195948
0.194872
0.193831
0.192824
0.191848
0.190902
0.189986
0.189098
0.188236
0.1874
0.186589
0.185801
0.185036
0.184293
0.183571
0.182869
0.182186
0.181522
0.180876
0.180248
0.179636
0.179041
0.178461
0.177897
0.177347
0.176811
0.176289
0.175781
0.175285
0.174802
0.199395
0.198209
0.197062
0.195955
0.194886
0.193853
0.192854
0.191885
0.190945
0.190033
0.189146
0.188284
0.187446
0.186631
0.185838
0.185066
0.184314
0.183582
0.182868
0.182174
0.181497
0.180837
0.180194
0.179567
0.178956
0.17836
0.177779
0.177212
0.176659
0.176119
0.175593
0.175079
0.174577
0.199395
0.198223
0.197106
0.196032
0.194988
0.19397
0.192977
0.192008
0.191061
0.190136
0.189233
0.188352
0.187492
0.186652
0.185833
0.185034
0.184253
0.183492
0.182748
0.182022
0.181314
0.180622
0.179947
0.179288
0.178644
0.178015
0.1774
0.1768
0.176214
0.175641
0.175082
0.174535
0.174001
0.19941
0.198319
0.197296
0.196301
0.19531
0.194319
0.193329
0.192346
0.191374
0.190417
0.189479
0.188561
0.187664
0.186788
0.185934
0.185101
0.184288
0.183495
0.182721
0.181966
0.18123
0.180511
0.179809
0.179123
0.178454
0.1778
0.177161
0.176537
0.175927
0.175331
0.174749
0.17418
0.173624
0.199716
0.199139
0.19847
0.197764
0.197072
0.196419
0.195812
0.195251
0.194735
0.194262
0.193831
0.193441
0.193089
0.192773
0.192493
0.192245
0.192028
0.191839
0.191677
0.19154
0.191425
0.191332
0.191259
0.191204
0.191165
0.191142
0.191134
0.191138
0.191154
0.191182
0.191219
0.191266
0.191322
0.205424
0.216593
0.227629
0.238434
0.248976
0.259243
0.269229
0.278926
0.288326
0.297424
0.306216
0.314701
0.322877
0.330747
0.338313
0.345577
0.352546
0.359224
0.365619
0.371736
0.377584
0.38317
0.388503
0.39359
0.398441
0.403064
0.407468
0.41166
0.41565
0.419446
0.423056
0.426487
0.429751
0.660071
0.768113
0.8741
0.981605
1.09218
1.202
1.30456
1.39396
1.46663
1.52221
1.56285
1.59204
1.61338
1.62982
1.64331
1.65489
1.66488
1.67323
1.67977
1.68439
1.68713
1.68817
1.68779
1.68632
1.68405
1.68123
1.67807
1.6747
1.67122
1.66769
1.66416
1.66063
1.65711
1.65354
1.64987
1.64599
1.64178
1.63707
1.63171
1.62551
1.61828
1.60985
1.60004
1.58867
1.57562
1.56076
1.544
1.52529
1.50462
1.48203
1.45758
1.4314
1.40365
1.37453
1.34429
1.31319
1.28153
1.24962
1.21776
1.18628
1.15547
1.12561
1.09693
1.06966
1.04395
1.01993
0.997681
0.977218
0.958529
0.941553
0.926195
0.912326
0.899792
0.888422
0.878035
0.868446
0.85947
0.850934
0.842677
0.834557
0.826451
0.81826
0.80991
0.801348
0.792544
0.783486
0.774181
0.764651
0.75493
0.745062
0.735099
0.725103
0.71514
0.705286
0.695636
0.686281
0.677405
0.669111
0.661727
0.654931
0.276525
0.284703
0.297985
0.317369
0.344371
0.380505
0.426859
0.483769
0.550549
0.625458
0.7059
0.788775
0.870887
0.949329
1.02179
1.08672
1.14339
1.19181
1.23253
1.26646
1.29461
1.31796
1.33731
1.3533
1.36636
1.37682
1.38492
1.39089
1.39497
1.39738
1.39834
1.39804
1.39663
1.3942
1.39084
1.38655
1.38132
1.37511
1.36786
1.35949
1.34991
1.33903
1.32677
1.31304
1.29777
1.28093
1.26248
1.24243
1.22083
1.19775
1.1733
1.14763
1.12092
1.0934
1.0653
1.03689
1.00844
0.980245
0.952575
0.925701
0.89987
0.875305
0.852193
0.830687
0.810898
0.792895
0.776706
0.762317
0.749676
0.738699
0.729269
0.721245
0.714466
0.708757
0.703935
0.699816
0.696217
0.692966
0.689903
0.686885
0.683791
0.680519
0.676992
0.673156
0.668978
0.664445
0.659562
0.65435
0.648843
0.643087
0.637135
0.63105
0.624905
0.618779
0.612772
0.606987
0.601595
0.596781
0.592525
0.590452
0.162232
0.162072
0.162287
0.163021
0.164564
0.167268
0.171562
0.177983
0.187171
0.199859
0.216824
0.238833
0.266545
0.300405
0.340547
0.386695
0.438128
0.493681
0.551825
0.610804
0.668819
0.724222
0.775685
0.822298
0.863596
0.899506
0.930255
0.956244
0.977955
0.995861
1.01039
1.0219
1.03069
1.03699
1.04101
1.04289
1.04279
1.04079
1.037
1.03147
1.02427
1.01542
1.00496
0.992923
0.979345
0.964272
0.947766
0.929908
0.910801
0.890574
0.869381
0.8474
0.82483
0.801892
0.778816
0.755844
0.733217
0.71117
0.689928
0.669695
0.650653
0.632956
0.616725
0.602051
0.588989
0.577563
0.567766
0.559561
0.552884
0.547648
0.543745
0.541046
0.539411
0.538687
0.538714
0.539329
0.54037
0.54168
0.543112
0.544533
0.545825
0.546889
0.547648
0.548044
0.548039
0.547617
0.546777
0.545535
0.543921
0.541977
0.539755
0.537318
0.534736
0.532091
0.529482
0.527019
0.524852
0.523248
0.521836
0.524028
0.156977
0.155821
0.154718
0.153684
0.152726
0.151878
0.151188
0.150723
0.150571
0.150844
0.151684
0.153268
0.155814
0.159586
0.164895
0.172103
0.181605
0.193813
0.209111
0.227807
0.250064
0.275846
0.304878
0.336631
0.370359
0.405158
0.440057
0.47411
0.506482
0.536507
0.563713
0.587819
0.60871
0.626395
0.640973
0.652589
0.661414
0.667621
0.671379
0.672845
0.672164
0.669476
0.664911
0.658598
0.650665
0.641247
0.630481
0.618517
0.605513
0.591639
0.577074
0.562007
0.546633
0.53115
0.515755
0.50064
0.485985
0.471959
0.458712
0.446372
0.435046
0.42482
0.415755
0.407891
0.401246
0.395823
0.391606
0.388562
0.386648
0.385806
0.385964
0.387042
0.388945
0.391571
0.394807
0.398535
0.402632
0.406975
0.411441
0.415916
0.420293
0.424479
0.428396
0.431982
0.435191
0.437998
0.44039
0.442374
0.443968
0.445205
0.446129
0.446792
0.447261
0.447611
0.447936
0.448346
0.448966
0.450127
0.451136
0.456932
0.162756
0.16158
0.160414
0.159264
0.15813
0.157015
0.155927
0.154876
0.153875
0.152944
0.152105
0.151387
0.150827
0.15047
0.15037
0.150593
0.151215
0.15233
0.154045
0.156483
0.15978
0.164082
0.169536
0.176279
0.184421
0.194025
0.205089
0.21753
0.231178
0.245773
0.260989
0.276448
0.291757
0.306532
0.320426
0.333146
0.344464
0.35422
0.362317
0.368716
0.373422
0.37648
0.377963
0.377966
0.376603
0.373997
0.370284
0.365608
0.360115
0.353958
0.347288
0.340258
0.333015
0.3257
0.318446
0.311374
0.304593
0.298198
0.29227
0.286874
0.282063
0.277878
0.274349
0.271496
0.269331
0.267862
0.267089
0.267009
0.267614
0.268889
0.270816
0.273367
0.276509
0.280197
0.284378
0.288991
0.293963
0.299217
0.304667
0.310229
0.315817
0.321348
0.326751
0.331958
0.33692
0.341595
0.34596
0.350002
0.353723
0.35714
0.360279
0.363179
0.365891
0.368479
0.371022
0.373621
0.376373
0.379654
0.382502
0.390991
0.167259
0.166213
0.165166
0.164117
0.163069
0.162023
0.16098
0.159944
0.158916
0.157902
0.156906
0.155936
0.155001
0.154112
0.153282
0.152527
0.151866
0.151321
0.150915
0.150678
0.150639
0.150831
0.151291
0.152057
0.153165
0.154654
0.156558
0.158902
0.161703
0.164963
0.168667
0.172776
0.177234
0.181958
0.186851
0.191799
0.196682
0.201378
0.205772
0.209761
0.213262
0.216212
0.218568
0.220313
0.22145
0.221998
0.221996
0.221493
0.220548
0.21923
0.217606
0.215749
0.213728
0.21161
0.209458
0.207329
0.205273
0.203335
0.201553
0.199961
0.198586
0.197452
0.196581
0.19599
0.195696
0.195716
0.196063
0.196753
0.197799
0.199214
0.201007
0.203187
0.205758
0.208716
0.212054
0.215755
0.219794
0.22414
0.228749
0.233575
0.238563
0.243656
0.248798
0.253934
0.259012
0.263991
0.268836
0.273521
0.278032
0.282367
0.286534
0.290553
0.294456
0.298288
0.302108
0.306002
0.310032
0.314595
0.318547
0.328559
0.170189
0.169273
0.168348
0.167418
0.166481
0.16554
0.164595
0.163647
0.162696
0.161746
0.160796
0.15985
0.158911
0.157981
0.157066
0.15617
0.155301
0.154464
0.15367
0.152927
0.152246
0.151637
0.151112
0.150683
0.150363
0.150162
0.150092
0.150161
0.150378
0.150748
0.151272
0.151948
0.15277
0.153724
0.154794
0.155959
0.15719
0.158457
0.159728
0.160969
0.162147
0.163232
0.164199
0.165027
0.1657
0.166211
0.166557
0.166743
0.166777
0.166672
0.166447
0.166119
0.16571
0.16524
0.16473
0.164201
0.163671
0.163159
0.162681
0.162253
0.161887
0.161599
0.161401
0.161306
0.161326
0.161476
0.161768
0.162218
0.162841
0.163652
0.164668
0.165903
0.167373
0.16909
0.171064
0.173301
0.175803
0.178567
0.181582
0.184832
0.188297
0.19195
0.195759
0.199692
0.203715
0.207797
0.211906
0.21602
0.220118
0.224189
0.22823
0.232246
0.236254
0.24028
0.244365
0.248575
0.252942
0.257849
0.262101
0.2723
0.17203
0.171215
0.170391
0.16956
0.16872
0.167873
0.16702
0.16616
0.165294
0.164423
0.163548
0.16267
0.161789
0.160908
0.160029
0.159152
0.158282
0.15742
0.156571
0.155739
0.154928
0.154142
0.153388
0.152671
0.151995
0.151368
0.150792
0.150275
0.149819
0.149428
0.149104
0.148848
0.14866
0.148537
0.148476
0.148472
0.148517
0.148603
0.148722
0.148862
0.149013
0.149164
0.149305
0.149427
0.149522
0.149584
0.149609
0.149593
0.149535
0.149437
0.149301
0.14913
0.148929
0.148702
0.148457
0.148197
0.147931
0.147663
0.147399
0.147146
0.146909
0.146696
0.146511
0.146362
0.146255
0.1462
0.146204
0.146277
0.14643
0.146673
0.147019
0.147481
0.148072
0.148805
0.149692
0.150745
0.151973
0.153385
0.154983
0.156769
0.15874
0.16089
0.163209
0.165685
0.168301
0.171043
0.173895
0.176841
0.179869
0.18297
0.18614
0.18938
0.192699
0.196114
0.199652
0.203362
0.207257
0.211678
0.215513
0.224647
0.173151
0.172412
0.171665
0.17091
0.170146
0.169375
0.168596
0.16781
0.167017
0.166218
0.165412
0.164601
0.163785
0.162965
0.162141
0.161315
0.160489
0.159663
0.15884
0.158021
0.157208
0.156405
0.155613
0.154836
0.154077
0.153338
0.152622
0.151933
0.151274
0.150646
0.150052
0.149494
0.148972
0.148487
0.148039
0.147626
0.147248
0.146901
0.146582
0.146289
0.146017
0.145763
0.145521
0.145289
0.145062
0.144837
0.14461
0.14438
0.144143
0.1439
0.143648
0.143388
0.14312
0.142844
0.14256
0.142271
0.141976
0.141678
0.141377
0.141076
0.140777
0.140481
0.140191
0.139909
0.13964
0.139387
0.139154
0.138948
0.138773
0.138638
0.13855
0.138517
0.138549
0.138655
0.138847
0.139133
0.139524
0.140028
0.140654
0.141407
0.142292
0.143311
0.144465
0.145752
0.147168
0.14871
0.15037
0.152144
0.154027
0.156016
0.15811
0.160312
0.162628
0.165071
0.167661
0.170437
0.1734
0.176828
0.179808
0.187036
0.173803
0.173119
0.172427
0.171727
0.171021
0.170306
0.169585
0.168857
0.168121
0.167379
0.166631
0.165876
0.165116
0.16435
0.16358
0.162806
0.162028
0.161248
0.160467
0.159685
0.158905
0.158127
0.157352
0.156583
0.155821
0.155069
0.154327
0.153597
0.152883
0.152185
0.151505
0.150844
0.150205
0.149587
0.148992
0.148421
0.147872
0.147346
0.146842
0.146359
0.145896
0.145451
0.145023
0.14461
0.144209
0.14382
0.143439
0.143066
0.142698
0.142335
0.141974
0.141615
0.141256
0.140897
0.140536
0.140173
0.139808
0.139439
0.139066
0.13869
0.138309
0.137925
0.137537
0.137146
0.136754
0.136362
0.135973
0.135588
0.135211
0.134846
0.134498
0.134171
0.133873
0.133609
0.133387
0.133214
0.133098
0.133047
0.133067
0.133166
0.13335
0.133623
0.133991
0.134455
0.135017
0.135679
0.136439
0.137298
0.138256
0.139312
0.140468
0.141728
0.143098
0.144589
0.146215
0.148003
0.149954
0.152272
0.154292
0.159367
0.174158
0.17351
0.172855
0.172195
0.171528
0.170854
0.170175
0.169489
0.168796
0.168098
0.167393
0.166682
0.165966
0.165245
0.164519
0.163788
0.163053
0.162315
0.161574
0.160831
0.160087
0.159342
0.158598
0.157856
0.157116
0.156379
0.155648
0.154923
0.154205
0.153496
0.152797
0.152109
0.151434
0.150772
0.150124
0.149491
0.148873
0.148272
0.147687
0.147117
0.146564
0.146026
0.145503
0.144995
0.144499
0.144016
0.143544
0.143081
0.142628
0.142182
0.141742
0.141308
0.140877
0.140448
0.14002
0.139592
0.139163
0.13873
0.138294
0.137853
0.137407
0.136954
0.136493
0.136026
0.135551
0.135069
0.13458
0.134086
0.133588
0.133089
0.13259
0.132095
0.131608
0.131132
0.130672
0.130234
0.129823
0.129444
0.129104
0.128808
0.128562
0.128371
0.12824
0.128173
0.128174
0.128245
0.128389
0.128608
0.128903
0.129277
0.129732
0.130271
0.130901
0.131627
0.132461
0.133422
0.134509
0.135859
0.137039
0.140191
0.174333
0.173707
0.173077
0.172441
0.1718
0.171154
0.170503
0.169846
0.169184
0.168516
0.167843
0.167165
0.166481
0.165793
0.165101
0.164404
0.163703
0.162998
0.16229
0.16158
0.160868
0.160154
0.15944
0.158725
0.15801
0.157297
0.156586
0.155878
0.155174
0.154475
0.153781
0.153094
0.152414
0.151743
0.151081
0.150428
0.149786
0.149156
0.148537
0.14793
0.147335
0.146752
0.146181
0.145622
0.145075
0.144538
0.144012
0.143496
0.142988
0.142488
0.141995
0.141507
0.141024
0.140545
0.140067
0.139589
0.139111
0.13863
0.138146
0.137657
0.137161
0.136659
0.136148
0.135628
0.135098
0.134558
0.134008
0.133449
0.13288
0.132302
0.131717
0.131127
0.130534
0.129939
0.129347
0.12876
0.128182
0.127618
0.12707
0.126544
0.126044
0.125575
0.125141
0.124745
0.124393
0.124086
0.123829
0.123623
0.123473
0.12338
0.123347
0.123377
0.123474
0.123645
0.123895
0.124237
0.124671
0.12528
0.125816
0.127475
0.174408
0.173795
0.173178
0.172557
0.171932
0.171303
0.170669
0.170031
0.169388
0.168741
0.168089
0.167433
0.166772
0.166107
0.165438
0.164766
0.164089
0.16341
0.162727
0.162042
0.161355
0.160666
0.159975
0.159284
0.158592
0.1579
0.15721
0.15652
0.155833
0.155148
0.154466
0.153789
0.153116
0.152449
0.151788
0.151133
0.150486
0.149847
0.149216
0.148594
0.147981
0.147377
0.146783
0.146198
0.145623
0.145057
0.144499
0.14395
0.143409
0.142875
0.142347
0.141824
0.141306
0.14079
0.140277
0.139764
0.13925
0.138735
0.138216
0.137692
0.137162
0.136625
0.136079
0.135524
0.134958
0.134382
0.133794
0.133195
0.132583
0.131961
0.131328
0.130684
0.130032
0.129373
0.128709
0.128041
0.127372
0.126705
0.126042
0.125387
0.124743
0.124114
0.123502
0.122911
0.122345
0.121807
0.121299
0.120825
0.120387
0.119987
0.11963
0.119317
0.119052
0.118838
0.11868
0.118587
0.118559
0.118639
0.118716
0.11931
0.174433
0.173826
0.173216
0.172603
0.171986
0.171366
0.170742
0.170115
0.169483
0.168848
0.16821
0.167567
0.166921
0.166271
0.165618
0.164962
0.164302
0.16364
0.162975
0.162307
0.161638
0.160967
0.160294
0.15962
0.158946
0.158271
0.157596
0.156922
0.156249
0.155578
0.154909
0.154242
0.153579
0.152919
0.152264
0.151613
0.150968
0.150328
0.149695
0.149068
0.148449
0.147836
0.147231
0.146634
0.146044
0.145461
0.144886
0.144318
0.143756
0.143201
0.14265
0.142104
0.141562
0.141023
0.140485
0.139947
0.139409
0.138869
0.138326
0.137778
0.137224
0.136663
0.136094
0.135515
0.134927
0.134327
0.133716
0.133092
0.132456
0.131808
0.131147
0.130475
0.129791
0.129098
0.128395
0.127684
0.126967
0.126245
0.125521
0.124797
0.124074
0.123356
0.122645
0.121944
0.121254
0.12058
0.119922
0.119284
0.118669
0.118078
0.117514
0.116979
0.116476
0.116008
0.115578
0.11519
0.114849
0.114568
0.114332
0.114201
0.174435
0.173831
0.173225
0.172615
0.172002
0.171386
0.170767
0.170145
0.16952
0.168891
0.16826
0.167625
0.166987
0.166347
0.165703
0.165057
0.164407
0.163756
0.163102
0.162446
0.161788
0.161129
0.160468
0.159806
0.159143
0.15848
0.157817
0.157155
0.156493
0.155832
0.155172
0.154514
0.153859
0.153206
0.152557
0.151911
0.15127
0.150632
0.15
0.149373
0.148751
0.148135
0.147525
0.146922
0.146324
0.145732
0.145147
0.144567
0.143993
0.143424
0.142859
0.142298
0.14174
0.141185
0.14063
0.140076
0.139522
0.138965
0.138405
0.13784
0.13727
0.136693
0.136108
0.135515
0.134911
0.134297
0.133671
0.133033
0.132383
0.13172
0.131044
0.130356
0.129656
0.128945
0.128222
0.127489
0.126748
0.125999
0.125243
0.124483
0.12372
0.122955
0.122191
0.12143
0.120672
0.119921
0.119178
0.118446
0.117725
0.117019
0.116329
0.115657
0.115005
0.114376
0.113771
0.113193
0.112647
0.11213
0.111687
0.111082
0.17443
0.173826
0.17322
0.172612
0.172
0.171386
0.170769
0.170149
0.169527
0.168902
0.168274
0.167643
0.16701
0.166373
0.165735
0.165094
0.16445
0.163805
0.163157
0.162508
0.161857
0.161205
0.160551
0.159897
0.159242
0.158586
0.15793
0.157275
0.15662
0.155965
0.155312
0.154661
0.154011
0.153363
0.152718
0.152076
0.151438
0.150803
0.150172
0.149545
0.148923
0.148305
0.147693
0.147086
0.146484
0.145887
0.145295
0.144708
0.144126
0.143548
0.142974
0.142403
0.141834
0.141268
0.140703
0.140137
0.139571
0.139003
0.138431
0.137855
0.137274
0.136687
0.136092
0.135488
0.134875
0.134252
0.133617
0.132971
0.132313
0.131642
0.130958
0.130262
0.129554
0.128834
0.128102
0.127359
0.126606
0.125844
0.125074
0.124296
0.123513
0.122725
0.121934
0.121141
0.120348
0.119557
0.118767
0.117982
0.117203
0.116431
0.115668
0.114915
0.114174
0.113446
0.112733
0.112037
0.111362
0.110696
0.110122
0.109218
0.174421
0.173818
0.173212
0.172603
0.171992
0.171378
0.170762
0.170143
0.169521
0.168897
0.168271
0.167642
0.16701
0.166376
0.16574
0.165101
0.164461
0.163819
0.163174
0.162528
0.161881
0.161232
0.160582
0.159932
0.159281
0.158629
0.157977
0.157326
0.156674
0.156024
0.155374
0.154726
0.154079
0.153434
0.152792
0.152152
0.151514
0.15088
0.15025
0.149623
0.149
0.148382
0.147767
0.147158
0.146552
0.145952
0.145355
0.144763
0.144175
0.143591
0.143011
0.142433
0.141857
0.141283
0.14071
0.140137
0.139562
0.138986
0.138407
0.137823
0.137235
0.13664
0.136039
0.135429
0.13481
0.134181
0.133541
0.13289
0.132227
0.131552
0.130865
0.130166
0.129454
0.12873
0.127994
0.127247
0.12649
0.125722
0.124946
0.124161
0.123369
0.12257
0.121767
0.120959
0.120149
0.119336
0.118523
0.117711
0.1169
0.116092
0.115288
0.114489
0.113696
0.112911
0.112135
0.111368
0.110615
0.109858
0.109204
0.108117
0.174413
0.173809
0.173202
0.172593
0.171982
0.171368
0.170752
0.170133
0.169511
0.168887
0.168261
0.167632
0.167001
0.166368
0.165733
0.165095
0.164456
0.163815
0.163172
0.162527
0.161881
0.161234
0.160586
0.159937
0.159287
0.158637
0.157987
0.157337
0.156687
0.156038
0.15539
0.154742
0.154097
0.153453
0.152811
0.152171
0.151534
0.150899
0.150268
0.14964
0.149016
0.148396
0.147779
0.147167
0.146559
0.145955
0.145355
0.144759
0.144166
0.143577
0.142991
0.142408
0.141827
0.141247
0.140668
0.140089
0.139509
0.138927
0.138342
0.137753
0.137159
0.13656
0.135953
0.135339
0.134716
0.134084
0.133441
0.132788
0.132123
0.131446
0.130758
0.130057
0.129344
0.128619
0.127883
0.127135
0.126376
0.125607
0.124829
0.124042
0.123247
0.122444
0.121636
0.120822
0.120003
0.119181
0.118357
0.117531
0.116704
0.115877
0.115051
0.114227
0.113406
0.112589
0.111776
0.110968
0.110171
0.10936
0.108658
0.107463
0.174404
0.1738
0.173193
0.172584
0.171972
0.171358
0.170741
0.170122
0.1695
0.168876
0.168249
0.167621
0.16699
0.166356
0.165721
0.165084
0.164445
0.163803
0.163161
0.162516
0.161871
0.161224
0.160576
0.159927
0.159278
0.158628
0.157978
0.157328
0.156678
0.156029
0.15538
0.154732
0.154086
0.153441
0.152798
0.152158
0.151519
0.150884
0.150251
0.149621
0.148995
0.148372
0.147753
0.147138
0.146526
0.145919
0.145315
0.144715
0.144118
0.143525
0.142935
0.142347
0.141761
0.141176
0.140592
0.140008
0.139424
0.138837
0.138248
0.137655
0.137057
0.136454
0.135844
0.135227
0.134602
0.133967
0.133323
0.132668
0.132002
0.131325
0.130636
0.129936
0.129223
0.128499
0.127763
0.127016
0.126258
0.125489
0.124711
0.123924
0.123129
0.122326
0.121516
0.120699
0.119878
0.119052
0.118222
0.11739
0.116555
0.115719
0.114882
0.114045
0.113208
0.112373
0.11154
0.110709
0.109886
0.109045
0.108315
0.107056
0.174397
0.173792
0.173185
0.172575
0.171962
0.171348
0.17073
0.170111
0.169489
0.168864
0.168237
0.167608
0.166977
0.166344
0.165708
0.16507
0.164431
0.16379
0.163147
0.162502
0.161856
0.161209
0.16056
0.159911
0.159261
0.158611
0.15796
0.157309
0.156658
0.156008
0.155358
0.154709
0.154061
0.153415
0.152771
0.152128
0.151488
0.15085
0.150214
0.149582
0.148953
0.148327
0.147705
0.147087
0.146472
0.145861
0.145253
0.144649
0.144048
0.143451
0.142856
0.142264
0.141674
0.141085
0.140497
0.139908
0.139319
0.138729
0.138136
0.137539
0.136938
0.136332
0.13572
0.135101
0.134473
0.133837
0.133192
0.132536
0.13187
0.131193
0.130505
0.129805
0.129093
0.12837
0.127635
0.126889
0.126132
0.125365
0.124588
0.123802
0.123008
0.122205
0.121395
0.120579
0.119756
0.118929
0.118097
0.117262
0.116423
0.115582
0.114739
0.113895
0.11305
0.112205
0.111361
0.110516
0.109678
0.108819
0.108073
0.106778
0.17439
0.173784
0.173177
0.172566
0.171953
0.171338
0.170721
0.1701
0.169478
0.168853
0.168226
0.167596
0.166965
0.166331
0.165695
0.165057
0.164417
0.163775
0.163132
0.162487
0.16184
0.161192
0.160543
0.159893
0.159242
0.158591
0.157939
0.157286
0.156634
0.155982
0.155331
0.154681
0.154031
0.153383
0.152736
0.152091
0.151448
0.150807
0.150169
0.149534
0.148902
0.148273
0.147647
0.147025
0.146406
0.145791
0.14518
0.144572
0.143967
0.143366
0.142767
0.14217
0.141576
0.140982
0.14039
0.139798
0.139205
0.138611
0.138014
0.137415
0.136811
0.136202
0.135587
0.134966
0.134337
0.1337
0.133054
0.132397
0.131731
0.131054
0.130366
0.129666
0.128956
0.128233
0.1275
0.126755
0.126
0.125234
0.124459
0.123674
0.12288
0.122078
0.121269
0.120452
0.11963
0.118802
0.117969
0.117132
0.116291
0.115447
0.1146
0.113752
0.112902
0.112051
0.1112
0.110347
0.1095
0.10863
0.107874
0.106556
0.174383
0.173777
0.173169
0.172558
0.171945
0.171329
0.170711
0.170091
0.169468
0.168843
0.168215
0.167585
0.166953
0.166319
0.165682
0.165044
0.164403
0.163761
0.163117
0.162471
0.161824
0.161175
0.160525
0.159874
0.159222
0.15857
0.157917
0.157263
0.156609
0.155956
0.155303
0.15465
0.153999
0.153348
0.152699
0.152051
0.151406
0.150762
0.150121
0.149483
0.148847
0.148215
0.147586
0.14696
0.146337
0.145718
0.145103
0.144491
0.143882
0.143276
0.142673
0.142072
0.141473
0.140876
0.14028
0.139684
0.139087
0.138489
0.137889
0.137286
0.13668
0.136068
0.135452
0.134828
0.134198
0.133559
0.132912
0.132255
0.131588
0.130911
0.130223
0.129524
0.128813
0.128092
0.127359
0.126616
0.125861
0.125096
0.124321
0.123537
0.122744
0.121942
0.121133
0.120316
0.119493
0.118665
0.11783
0.116992
0.116149
0.115302
0.114453
0.1136
0.112746
0.111891
0.111034
0.110175
0.109321
0.108443
0.10768
0.106346
0.174377
0.173771
0.173162
0.172551
0.171937
0.171321
0.170703
0.170082
0.169459
0.168833
0.168205
0.167574
0.166942
0.166307
0.16567
0.165031
0.16439
0.163747
0.163103
0.162456
0.161808
0.161159
0.160508
0.159856
0.159203
0.158549
0.157895
0.15724
0.156585
0.15593
0.155275
0.15462
0.153967
0.153314
0.152662
0.152012
0.151364
0.150717
0.150073
0.149432
0.148793
0.148157
0.147524
0.146895
0.146268
0.145646
0.145026
0.14441
0.143797
0.143187
0.142579
0.141974
0.141372
0.14077
0.14017
0.13957
0.138969
0.138368
0.137765
0.137158
0.136549
0.135935
0.135315
0.13469
0.134057
0.133417
0.132768
0.13211
0.131443
0.130765
0.130076
0.129377
0.128667
0.127945
0.127212
0.126469
0.125714
0.124949
0.124174
0.12339
0.122596
0.121794
0.120984
0.120166
0.119341
0.118511
0.117674
0.116833
0.115987
0.115137
0.114284
0.113428
0.112569
0.111709
0.110846
0.109982
0.109121
0.108236
0.107467
0.10612
0.174371
0.173765
0.173156
0.172544
0.17193
0.171314
0.170695
0.170074
0.16945
0.168824
0.168195
0.167565
0.166932
0.166296
0.165659
0.165019
0.164378
0.163735
0.163089
0.162442
0.161794
0.161143
0.160492
0.159839
0.159185
0.15853
0.157874
0.157218
0.156561
0.155905
0.155248
0.154592
0.153936
0.153281
0.152627
0.151974
0.151323
0.150674
0.150027
0.149383
0.148741
0.148101
0.147465
0.146832
0.146202
0.145575
0.144951
0.144331
0.143714
0.1431
0.142488
0.141879
0.141272
0.140667
0.140062
0.139458
0.138854
0.138249
0.137642
0.137032
0.136419
0.135802
0.13518
0.134552
0.133917
0.133274
0.132624
0.131964
0.131294
0.130615
0.129925
0.129225
0.128513
0.12779
0.127056
0.126311
0.125556
0.124789
0.124013
0.123226
0.122431
0.121626
0.120813
0.119993
0.119165
0.118331
0.117491
0.116646
0.115796
0.114941
0.114083
0.113221
0.112357
0.11149
0.110622
0.10975
0.108883
0.10799
0.107214
0.105854
0.174366
0.173759
0.17315
0.172538
0.171924
0.171307
0.170688
0.170066
0.169442
0.168815
0.168186
0.167555
0.166922
0.166286
0.165648
0.165008
0.164366
0.163723
0.163077
0.162429
0.16178
0.161129
0.160476
0.159822
0.159168
0.158512
0.157855
0.157197
0.156539
0.155881
0.155223
0.154564
0.153907
0.15325
0.152593
0.151939
0.151285
0.150633
0.149983
0.149336
0.148691
0.148048
0.147408
0.146772
0.146138
0.145508
0.14488
0.144256
0.143635
0.143017
0.142401
0.141788
0.141176
0.140567
0.139958
0.13935
0.138741
0.138132
0.137521
0.136908
0.136291
0.13567
0.135044
0.134413
0.133775
0.133129
0.132475
0.131812
0.13114
0.130458
0.129765
0.129061
0.128347
0.127621
0.126884
0.126136
0.125377
0.124608
0.123827
0.123037
0.122237
0.121429
0.120611
0.119786
0.118953
0.118113
0.117268
0.116416
0.11556
0.114698
0.113833
0.112965
0.112093
0.111219
0.110342
0.109463
0.108587
0.107685
0.106901
0.105527
0.174361
0.173754
0.173145
0.172533
0.171918
0.171301
0.170681
0.170059
0.169435
0.168808
0.168178
0.167547
0.166913
0.166277
0.165639
0.164998
0.164356
0.163711
0.163065
0.162417
0.161767
0.161115
0.160462
0.159807
0.159151
0.158494
0.157836
0.157178
0.156518
0.155858
0.155199
0.154539
0.153879
0.15322
0.152562
0.151905
0.151249
0.150595
0.149942
0.149292
0.148644
0.147998
0.147355
0.146715
0.146078
0.145443
0.144812
0.144184
0.143559
0.142936
0.142316
0.141699
0.141083
0.140469
0.139856
0.139243
0.13863
0.138016
0.1374
0.136782
0.136161
0.135535
0.134905
0.134268
0.133625
0.132975
0.132316
0.131649
0.130971
0.130284
0.129587
0.128878
0.128158
0.127427
0.126685
0.125931
0.125166
0.12439
0.123604
0.122807
0.122
0.121184
0.12036
0.119527
0.118686
0.117838
0.116984
0.116124
0.115259
0.114389
0.113514
0.112636
0.111755
0.110871
0.109985
0.109095
0.108209
0.107296
0.106504
0.105113
0.174357
0.17375
0.17314
0.172527
0.171912
0.171295
0.170675
0.170053
0.169428
0.168801
0.168171
0.167539
0.166905
0.166268
0.16563
0.164989
0.164346
0.163701
0.163054
0.162405
0.161754
0.161102
0.160448
0.159793
0.159136
0.158478
0.157819
0.157159
0.156499
0.155837
0.155176
0.154515
0.153853
0.153193
0.152532
0.151873
0.151215
0.150558
0.149903
0.14925
0.148599
0.14795
0.147304
0.14666
0.146019
0.145381
0.144746
0.144114
0.143484
0.142857
0.142233
0.14161
0.140989
0.14037
0.139752
0.139133
0.138514
0.137895
0.137273
0.136649
0.136021
0.135389
0.134752
0.134109
0.133459
0.132801
0.132135
0.13146
0.130775
0.13008
0.129374
0.128658
0.127929
0.12719
0.126438
0.125676
0.124901
0.124116
0.123319
0.122513
0.121696
0.120869
0.120034
0.11919
0.118338
0.117479
0.116614
0.115742
0.114865
0.113984
0.113098
0.112208
0.111315
0.110418
0.10952
0.108619
0.107721
0.106796
0.105993
0.104584
0.174353
0.173746
0.173136
0.172523
0.171908
0.17129
0.17067
0.170047
0.169422
0.168794
0.168164
0.167532
0.166897
0.16626
0.165621
0.16498
0.164337
0.163691
0.163044
0.162394
0.161743
0.16109
0.160435
0.159779
0.159122
0.158463
0.157803
0.157142
0.15648
0.155818
0.155155
0.154492
0.153829
0.153166
0.152504
0.151843
0.151182
0.150523
0.149865
0.149209
0.148555
0.147903
0.147253
0.146605
0.145961
0.145318
0.144679
0.144041
0.143407
0.142775
0.142144
0.141516
0.140889
0.140263
0.139637
0.139012
0.138386
0.137758
0.137128
0.136495
0.135858
0.135217
0.13457
0.133917
0.133256
0.132588
0.131911
0.131224
0.130528
0.129821
0.129103
0.128373
0.127632
0.12688
0.126115
0.125338
0.12455
0.123751
0.122941
0.12212
0.121288
0.120448
0.119598
0.118739
0.117873
0.117
0.11612
0.115234
0.114342
0.113446
0.112546
0.111642
0.110735
0.109825
0.108913
0.107998
0.107087
0.106149
0.105335
0.103906
0.17435
0.173742
0.173132
0.172519
0.171903
0.171285
0.170665
0.170042
0.169416
0.168789
0.168158
0.167526
0.166891
0.166253
0.165614
0.164972
0.164328
0.163682
0.163034
0.162384
0.161732
0.161079
0.160423
0.159766
0.159108
0.158448
0.157787
0.157125
0.156462
0.155798
0.155134
0.154469
0.153804
0.153139
0.152475
0.151811
0.151148
0.150486
0.149825
0.149165
0.148507
0.147851
0.147197
0.146545
0.145895
0.145247
0.144602
0.143958
0.143317
0.142677
0.14204
0.141403
0.140767
0.140132
0.139497
0.138861
0.138224
0.137585
0.136943
0.136297
0.135647
0.134992
0.134331
0.133663
0.132987
0.132303
0.131609
0.130906
0.130192
0.129468
0.128732
0.127984
0.127225
0.126454
0.12567
0.124875
0.124068
0.12325
0.122421
0.121581
0.120731
0.119872
0.119004
0.118127
0.117243
0.116351
0.115454
0.114551
0.113642
0.11273
0.111813
0.110893
0.109971
0.109046
0.10812
0.107191
0.106267
0.105316
0.104492
0.103045
0.174347
0.173739
0.173129
0.172516
0.1719
0.171282
0.170661
0.170038
0.169412
0.168784
0.168153
0.16752
0.166885
0.166247
0.165607
0.164965
0.16432
0.163674
0.163025
0.162374
0.161722
0.161067
0.160411
0.159753
0.159093
0.158432
0.15777
0.157106
0.156441
0.155776
0.155109
0.154442
0.153775
0.153107
0.15244
0.151772
0.151106
0.150439
0.149774
0.149109
0.148446
0.147784
0.147124
0.146465
0.145808
0.145152
0.144498
0.143846
0.143194
0.142544
0.141895
0.141247
0.140598
0.139949
0.1393
0.138648
0.137995
0.137339
0.136679
0.136015
0.135345
0.13467
0.133988
0.133298
0.132601
0.131894
0.131177
0.13045
0.129712
0.128964
0.128203
0.127431
0.126647
0.125851
0.125043
0.124223
0.123392
0.12255
0.121697
0.120834
0.119961
0.119079
0.118189
0.117291
0.116386
0.115474
0.114557
0.113635
0.112708
0.111778
0.110845
0.109909
0.108971
0.108033
0.107093
0.106153
0.105219
0.104258
0.103428
0.101972
0.174345
0.173737
0.173126
0.172513
0.171897
0.171278
0.170657
0.170033
0.169407
0.168779
0.168148
0.167514
0.166878
0.16624
0.165599
0.164956
0.164311
0.163663
0.163014
0.162362
0.161708
0.161052
0.160394
0.159734
0.159073
0.158409
0.157745
0.157078
0.156411
0.155742
0.155072
0.154401
0.153729
0.153057
0.152384
0.151711
0.151038
0.150365
0.149693
0.14902
0.148349
0.147677
0.147007
0.146337
0.145668
0.145
0.144333
0.143666
0.143
0.142333
0.141667
0.141
0.140332
0.139662
0.138991
0.138317
0.13764
0.136959
0.136273
0.135582
0.134885
0.134181
0.13347
0.13275
0.132021
0.131283
0.130535
0.129776
0.129007
0.128226
0.127434
0.12663
0.125815
0.124988
0.12415
0.1233
0.12244
0.121569
0.120688
0.119798
0.118899
0.117993
0.117078
0.116157
0.11523
0.114297
0.113361
0.11242
0.111477
0.110531
0.109584
0.108636
0.107689
0.106742
0.105797
0.104853
0.103918
0.10296
0.102133
0.100692
0.174343
0.173735
0.173124
0.17251
0.171893
0.171274
0.170653
0.170028
0.169401
0.168772
0.16814
0.167505
0.166868
0.166228
0.165586
0.164941
0.164294
0.163644
0.162992
0.162338
0.161681
0.161022
0.160361
0.159697
0.159031
0.158363
0.157694
0.157022
0.156348
0.155673
0.154996
0.154318
0.153638
0.152957
0.152275
0.151592
0.150908
0.150223
0.149538
0.148852
0.148166
0.147479
0.146792
0.146105
0.145417
0.144729
0.14404
0.143351
0.142661
0.141969
0.141276
0.140582
0.139884
0.139185
0.138482
0.137775
0.137063
0.136347
0.135625
0.134897
0.134162
0.133419
0.132668
0.131909
0.13114
0.130361
0.129573
0.128774
0.127965
0.127145
0.126314
0.125473
0.12462
0.123758
0.122884
0.122001
0.121109
0.120207
0.119297
0.118379
0.117454
0.116523
0.115586
0.114644
0.113699
0.11275
0.1118
0.110848
0.109896
0.108946
0.107997
0.107051
0.106108
0.105171
0.10424
0.103316
0.102404
0.101477
0.100681
0.09931
0.17434
0.17373
0.173118
0.172503
0.171885
0.171264
0.170641
0.170014
0.169385
0.168753
0.168118
0.16748
0.16684
0.166196
0.16555
0.164901
0.164249
0.163594
0.162936
0.162275
0.161612
0.160946
0.160277
0.159605
0.15893
0.158253
0.157573
0.15689
0.156205
0.155517
0.154826
0.154134
0.153439
0.152742
0.152042
0.151341
0.150638
0.149933
0.149226
0.148517
0.147806
0.147094
0.14638
0.145664
0.144947
0.144227
0.143506
0.142782
0.142056
0.141328
0.140596
0.139861
0.139123
0.13838
0.137633
0.136881
0.136123
0.135359
0.134589
0.133812
0.133027
0.132235
0.131435
0.130626
0.129808
0.128981
0.128145
0.1273
0.126445
0.125581
0.124707
0.123825
0.122933
0.122033
0.121125
0.12021
0.119287
0.118358
0.117423
0.116484
0.115541
0.114594
0.113647
0.112698
0.11175
0.110804
0.109861
0.108922
0.10799
0.107065
0.106149
0.105243
0.10435
0.10347
0.102606
0.101758
0.100934
0.10011
0.0994103
0.0982453
0.174325
0.173712
0.173095
0.172476
0.171853
0.171228
0.170598
0.169966
0.16933
0.168691
0.168048
0.167402
0.166753
0.1661
0.165443
0.164783
0.16412
0.163453
0.162782
0.162107
0.161429
0.160747
0.160062
0.159373
0.15868
0.157984
0.157283
0.156579
0.155872
0.155161
0.154446
0.153728
0.153006
0.15228
0.151552
0.150819
0.150084
0.149345
0.148603
0.147858
0.147109
0.146357
0.145602
0.144843
0.144082
0.143316
0.142547
0.141775
0.140998
0.140217
0.139432
0.138643
0.137848
0.137049
0.136244
0.135433
0.134617
0.133794
0.132965
0.132128
0.131286
0.130435
0.129578
0.128714
0.127842
0.126963
0.126077
0.125185
0.124285
0.123379
0.122467
0.121549
0.120626
0.119699
0.118768
0.117834
0.116899
0.115963
0.115028
0.114095
0.113165
0.112241
0.111324
0.110417
0.10952
0.108636
0.107768
0.106918
0.106087
0.10528
0.104497
0.103743
0.103019
0.102329
0.101675
0.101062
0.100494
0.0999642
0.0995307
0.0989244
0.174252
0.173629
0.173002
0.17237
0.171735
0.171096
0.170452
0.169804
0.169152
0.168496
0.167835
0.16717
0.166501
0.165827
0.165148
0.164465
0.163778
0.163086
0.162389
0.161687
0.16098
0.160269
0.159553
0.158832
0.158106
0.157375
0.156639
0.155899
0.155153
0.154402
0.153647
0.152886
0.152121
0.15135
0.150575
0.149795
0.149009
0.14822
0.147425
0.146625
0.145821
0.145012
0.144198
0.14338
0.142556
0.141728
0.140895
0.140057
0.139215
0.138367
0.137514
0.136657
0.135794
0.134926
0.134054
0.133176
0.132293
0.131406
0.130513
0.129617
0.128715
0.12781
0.126901
0.125989
0.125073
0.124155
0.123236
0.122315
0.121394
0.120474
0.119555
0.11864
0.117729
0.116825
0.115929
0.115044
0.114171
0.113314
0.112475
0.111657
0.110864
0.110099
0.109365
0.108667
0.108008
0.107392
0.106824
0.106308
0.105849
0.10545
0.105117
0.104854
0.104667
0.10456
0.104537
0.104607
0.104767
0.105052
0.105344
0.106195
0.174007
0.173358
0.172705
0.172046
0.171382
0.170713
0.170038
0.169358
0.168673
0.167982
0.167286
0.166584
0.165877
0.165163
0.164444
0.163719
0.162989
0.162252
0.161509
0.160761
0.160006
0.159245
0.158478
0.157705
0.156925
0.156139
0.155347
0.154549
0.153744
0.152933
0.152116
0.151293
0.150463
0.149627
0.148785
0.147937
0.147082
0.146222
0.145356
0.144485
0.143607
0.142725
0.141837
0.140944
0.140047
0.139145
0.138239
0.137329
0.136415
0.135498
0.134579
0.133657
0.132734
0.13181
0.130885
0.129961
0.129038
0.128117
0.127198
0.126284
0.125375
0.124472
0.123578
0.122693
0.121819
0.12096
0.120116
0.119292
0.11849
0.117713
0.116967
0.116254
0.11558
0.11495
0.114369
0.113843
0.113379
0.112983
0.112661
0.112421
0.112269
0.112212
0.112257
0.112411
0.112679
0.113068
0.113584
0.11423
0.115013
0.115934
0.116998
0.118205
0.119557
0.121054
0.122693
0.124477
0.126383
0.128502
0.130387
0.134097
0.173392
0.172699
0.172
0.171294
0.170582
0.169863
0.169137
0.168404
0.167665
0.166918
0.166165
0.165404
0.164637
0.163862
0.163081
0.162292
0.161496
0.160693
0.159883
0.159065
0.158241
0.157409
0.15657
0.155725
0.154872
0.154013
0.153147
0.152274
0.151395
0.150511
0.14962
0.148724
0.147822
0.146916
0.146006
0.145091
0.144174
0.143254
0.142332
0.141409
0.140486
0.139564
0.138644
0.137727
0.136815
0.135909
0.135011
0.134123
0.133246
0.132383
0.131535
0.130706
0.129898
0.129114
0.128357
0.127631
0.126939
0.126285
0.125674
0.12511
0.124599
0.124146
0.123758
0.123441
0.123203
0.123051
0.122994
0.123041
0.1232
0.123482
0.123896
0.124453
0.125162
0.126033
0.127076
0.128299
0.12971
0.131315
0.133119
0.135126
0.137336
0.139749
0.142361
0.145164
0.148151
0.151308
0.154622
0.158075
0.161646
0.165315
0.169057
0.172847
0.17666
0.18047
0.184251
0.187981
0.191618
0.195242
0.198313
0.203391
0.172991
0.17227
0.171543
0.17081
0.170069
0.169323
0.16857
0.167811
0.167046
0.166276
0.1655
0.164719
0.163933
0.163143
0.162348
0.16155
0.160749
0.159946
0.15914
0.158334
0.157527
0.156721
0.155917
0.155115
0.154317
0.153524
0.152737
0.151959
0.15119
0.150433
0.14969
0.148963
0.148254
0.147566
0.146902
0.146264
0.145658
0.145085
0.14455
0.144058
0.143613
0.14322
0.142884
0.142612
0.142409
0.142282
0.142239
0.142286
0.142433
0.142688
0.143059
0.143557
0.144192
0.144974
0.145914
0.147023
0.148313
0.149795
0.151482
0.153383
0.155512
0.157877
0.160488
0.163355
0.166485
0.169882
0.173551
0.177492
0.181704
0.186182
0.190918
0.195899
0.20111
0.20653
0.212133
0.217891
0.223768
0.229728
0.235727
0.24172
0.247658
0.253493
0.259173
0.26465
0.269877
0.274808
0.279406
0.283635
0.287469
0.290887
0.293877
0.296433
0.298556
0.300255
0.301546
0.302442
0.302986
0.303134
0.303104
0.302323
0.191397
0.191498
0.191615
0.19175
0.191902
0.192073
0.192263
0.192472
0.192701
0.192952
0.193225
0.193521
0.193841
0.194187
0.19456
0.194961
0.195392
0.195856
0.196353
0.196887
0.19746
0.198074
0.198732
0.199438
0.200194
0.201004
0.201872
0.202802
0.203798
0.204865
0.206008
0.207232
0.208542
0.209945
0.211447
0.213053
0.214773
0.216612
0.218578
0.220681
0.22293
0.225332
0.2279
0.230643
0.233573
0.236701
0.24004
0.243604
0.247406
0.25146
0.25578
0.260381
0.265279
0.270486
0.276017
0.281883
0.288096
0.294662
0.301587
0.30887
0.316506
0.324483
0.332781
0.341372
0.350218
0.359268
0.368462
0.377727
0.38698
0.396126
0.405064
0.413683
0.421872
0.429518
0.436515
0.442763
0.448176
0.452682
0.45623
0.458788
0.460347
0.460919
0.460535
0.459246
0.457116
0.454222
0.450648
0.446482
0.441816
0.436736
0.431328
0.425669
0.419832
0.413878
0.407867
0.401832
0.395877
0.38976
0.38461
0.37571
0.433351
0.437303
0.441138
0.444847
0.448426
0.451871
0.455177
0.45834
0.461356
0.464222
0.466933
0.469488
0.471883
0.474114
0.476179
0.478076
0.479802
0.481355
0.482733
0.483934
0.484956
0.485798
0.486458
0.486935
0.487227
0.487332
0.487249
0.486977
0.486514
0.485858
0.485008
0.483962
0.482718
0.481275
0.479629
0.47778
0.475726
0.473463
0.47099
0.468306
0.465408
0.462295
0.458967
0.455423
0.451664
0.447689
0.443503
0.439107
0.434507
0.429709
0.424721
0.419554
0.41422
0.408733
0.403112
0.397377
0.391551
0.385661
0.379736
0.373807
0.367909
0.36208
0.356356
0.350779
0.345387
0.340219
0.335313
0.330703
0.326418
0.322482
0.318914
0.315723
0.31291
0.310468
0.308381
0.306623
0.305162
0.303959
0.302969
0.302146
0.301442
0.300808
0.300201
0.299579
0.298907
0.298155
0.297302
0.296329
0.295226
0.293988
0.292614
0.291108
0.289475
0.287723
0.285866
0.2839
0.281876
0.279663
0.27781
0.274194
0.00370863
0.00580149
0.00767154
0.0090758
0.0100364
0.0106345
0.0109446
0.0111442
0.0113435
0.0116854
0.0123144
0.0133236
0.0147711
0.0170854
0.0219667
0.0309659
0.0434063
0.0583931
0.0752526
0.0934758
0.112678
0.132575
0.152954
0.17366
0.194574
0.215606
0.236692
0.257781
0.278838
0.299838
0.32076
0.341583
0.362285
0.382835
0.403197
0.423323
0.443158
0.462637
0.481693
0.50026
0.518292
0.53578
0.552777
0.56934
0.585169
0.60033
0.614779
0.628464
0.641321
0.653288
0.664302
0.674305
0.683242
0.691064
0.697728
0.703195
0.707437
0.710431
0.712163
0.712626
0.711825
0.709771
0.706489
0.702009
0.696372
0.689626
0.681832
0.673063
0.663405
0.652963
0.641941
0.630885
0.621722
0.61489
0.608269
0.601279
0.593853
0.586034
0.577882
0.569458
0.560818
0.552012
0.543089
0.534095
0.525072
0.516057
0.507086
0.498191
0.489402
0.480745
0.472244
0.463922
0.455802
0.447906
0.440257
0.432885
0.425831
0.41918
0.413144
0.406327
0.00938516
0.014666
0.0190872
0.0219411
0.0240682
0.025971
0.0279242
0.0301968
0.0333207
0.0378076
0.044
0.0520193
0.0619046
0.0738126
0.088078
0.104956
0.124332
0.146025
0.169962
0.196154
0.224631
0.255392
0.288375
0.323442
0.360392
0.398979
0.438946
0.480045
0.522058
0.564802
0.608133
0.651934
0.696105
0.740559
0.785205
0.82994
0.874649
0.91919
0.963398
1.00708
1.05001
1.09191
1.1325
1.17166
1.20981
1.24688
1.2828
1.31741
1.35058
1.38213
1.41193
1.43981
1.46564
1.48928
1.5106
1.5295
1.54588
1.55966
1.57076
1.57915
1.58479
1.58768
1.58782
1.58527
1.58007
1.57228
1.56202
1.54939
1.53453
1.51761
1.49885
1.47857
1.4573
1.4352
1.412
1.38773
1.36254
1.33662
1.31012
1.28322
1.25605
1.22873
1.20139
1.17413
1.14704
1.12022
1.09372
1.06762
1.04197
1.01681
0.992198
0.968155
0.944714
0.921897
0.899735
0.878199
0.857433
0.83697
0.818228
0.791628
0.0144649
0.0242953
0.0301102
0.0338386
0.0370303
0.0404135
0.0445078
0.0497863
0.0566878
0.0654889
0.0762298
0.0888308
0.1033
0.11983
0.138731
0.16031
0.184836
0.21253
0.243555
0.277969
0.315698
0.35653
0.400136
0.446115
0.494038
0.543497
0.594135
0.645665
0.697873
0.750608
0.803767
0.857282
0.911096
0.965158
1.01941
1.07379
1.1282
1.18255
1.23673
1.29062
1.34409
1.39699
1.44924
1.50059
1.55085
1.59983
1.64731
1.69306
1.73686
1.77849
1.81775
1.85441
1.88831
1.91927
1.94711
1.97171
1.99295
2.01071
2.02494
2.03557
2.04257
2.04596
2.04575
2.04201
2.03482
2.02428
2.01054
1.99376
1.97411
1.95179
1.92704
1.9001
1.8713
1.84098
1.8093
1.77637
1.74235
1.70745
1.67185
1.63575
1.59935
1.5628
1.52625
1.48985
1.4537
1.41793
1.38262
1.34784
1.31367
1.28017
1.24739
1.21536
1.18411
1.15367
1.12407
1.09527
1.06734
1.03994
1.01402
0.979271
0.0186918
0.0337182
0.0409829
0.0457784
0.0500501
0.0547693
0.0605886
0.0679469
0.0770908
0.0880904
0.100922
0.115619
0.132381
0.151553
0.173528
0.198656
0.227194
0.259277
0.294905
0.333968
0.376259
0.421513
0.469427
0.519691
0.572003
0.626087
0.681706
0.738666
0.796813
0.856028
0.916216
0.977297
1.03919
1.10183
1.1651
1.22891
1.29312
1.3576
1.42218
1.48668
1.55087
1.61454
1.67737
1.73907
1.79936
1.858
1.91471
1.96921
2.02124
2.07053
2.11683
2.1599
2.19952
2.23549
2.26764
2.2958
2.31985
2.3397
2.35528
2.36655
2.37349
2.37613
2.37453
2.36878
2.359
2.34534
2.32797
2.3071
2.28295
2.25576
2.22579
2.19329
2.15858
2.12198
2.08377
2.04416
2.00337
1.96163
1.91916
1.87617
1.83289
1.78949
1.74615
1.70303
1.66025
1.61793
1.57619
1.5351
1.49475
1.45519
1.41649
1.37867
1.34177
1.30582
1.27083
1.23677
1.20369
1.1713
1.14045
1.10017
0.0221771
0.0421201
0.0510494
0.0568344
0.0619155
0.0675149
0.0743353
0.0827498
0.0929228
0.104926
0.118855
0.134903
0.153372
0.174599
0.198875
0.226393
0.257239
0.291409
0.328837
0.369434
0.413099
0.459725
0.509196
0.561381
0.616133
0.673294
0.732701
0.794192
0.857615
0.922824
0.989677
1.05803
1.12775
1.19868
1.27064
1.34346
1.41693
1.49083
1.5649
1.63886
1.71243
1.78523
1.85689
1.92705
1.99538
2.06157
2.12531
2.18629
2.2442
2.29876
2.34969
2.39674
2.43968
2.47829
2.51241
2.54189
2.56661
2.5865
2.60151
2.61164
2.61691
2.61739
2.61317
2.60439
2.59121
2.57382
2.55246
2.52735
2.49876
2.46696
2.43225
2.39491
2.35527
2.31363
2.2703
2.22555
2.17962
2.13276
2.0852
2.03717
1.9889
1.94057
1.89236
1.84444
1.79694
1.74999
1.70369
1.65815
1.61343
1.5696
1.52671
1.48481
1.44392
1.40407
1.36527
1.32749
1.29078
1.25487
1.22074
1.17652
0.0249379
0.0492484
0.0595532
0.0660428
0.0716135
0.0776913
0.0850276
0.0939941
0.10478
0.117532
0.132436
0.149729
0.169658
0.192432
0.218179
0.246952
0.278755
0.313581
0.351443
0.392381
0.43646
0.483745
0.534279
0.588064
0.645055
0.705158
0.768241
0.834142
0.902675
0.97364
1.04683
1.12201
1.19897
1.27744
1.35717
1.43788
1.51928
1.60104
1.68284
1.76432
1.84509
1.92472
2.00278
2.07886
2.15256
2.22356
2.29151
2.35608
2.41697
2.47387
2.52651
2.57465
2.61806
2.65656
2.68999
2.71824
2.74123
2.75891
2.77129
2.7784
2.78033
2.77719
2.76912
2.75632
2.73899
2.71737
2.69173
2.66235
2.62952
2.59353
2.55471
2.51337
2.46981
2.42436
2.37732
2.32895
2.27952
2.22926
2.17842
2.1272
2.07583
2.02448
1.97333
1.92253
1.87222
1.82253
1.77355
1.72537
1.67808
1.63172
1.58637
1.54204
1.49878
1.45661
1.41553
1.37552
1.33665
1.29864
1.26269
1.21604
0.0272731
0.054908
0.0661276
0.0730097
0.0788336
0.0851985
0.0929083
0.102368
0.113812
0.127435
0.143429
0.161977
0.183221
0.207244
0.234076
0.263722
0.2962
0.331577
0.36997
0.411551
0.45651
0.505031
0.557257
0.613268
0.673069
0.736592
0.803697
0.874189
0.947824
1.02433
1.10339
1.18471
1.26793
1.35271
1.4387
1.52552
1.61279
1.70012
1.78711
1.87334
1.95837
2.04173
2.12298
2.20167
2.27739
2.34979
2.41851
2.48326
2.54371
2.59959
2.65066
2.69669
2.7375
2.77294
2.8029
2.8273
2.84613
2.85939
2.86713
2.86947
2.86653
2.85849
2.84554
2.82794
2.80594
2.77981
2.74987
2.71641
2.67976
2.64024
2.59815
2.55381
2.50754
2.45963
2.41036
2.35999
2.30875
2.25688
2.20459
2.15206
2.09949
2.04704
1.99487
1.94311
1.89189
1.84132
1.79149
1.74249
1.69438
1.64723
1.60107
1.55596
1.51192
1.46896
1.4271
1.38632
1.3467
1.30796
1.27154
1.22401
0.0297813
0.0592283
0.0708247
0.0778271
0.0838107
0.0904794
0.0986712
0.108824
0.121206
0.136017
0.153419
0.173528
0.196405
0.222068
0.250513
0.281757
0.315864
0.352964
0.393253
0.436972
0.484377
0.535697
0.591103
0.650684
0.714432
0.782244
0.853927
0.929215
1.00778
1.08926
1.17325
1.25933
1.34708
1.43607
1.52587
1.61604
1.70615
1.79576
1.88445
1.97176
2.05725
2.14046
2.22096
2.29831
2.37212
2.44204
2.50774
2.56892
2.62532
2.6767
2.72285
2.7636
2.79881
2.82838
2.85226
2.87045
2.88296
2.88989
2.89134
2.88748
2.87851
2.86466
2.84618
2.82337
2.79652
2.76596
2.73201
2.69499
2.65524
2.61306
2.56877
2.52266
2.47502
2.42612
2.3762
2.32548
2.27418
2.22248
2.17055
2.11855
2.06663
2.01493
1.96358
1.91269
1.86236
1.81268
1.76374
1.71561
1.66835
1.62201
1.57664
1.53226
1.48892
1.44662
1.40538
1.3652
1.32617
1.28797
1.25231
1.20543
0.0321545
0.062307
0.0738587
0.0808609
0.0870902
0.0942824
0.103303
0.114636
0.12859
0.145383
0.165169
0.188034
0.214002
0.24306
0.275188
0.310394
0.348739
0.390346
0.435394
0.484089
0.536634
0.593193
0.65386
0.71864
0.787437
0.860062
0.936241
1.01563
1.09783
1.18242
1.26894
1.35695
1.44597
1.53556
1.62527
1.71467
1.8033
1.89075
1.97659
2.06043
2.14185
2.22044
2.29578
2.36751
2.43524
2.49867
2.55751
2.61149
2.66039
2.70402
2.74223
2.77489
2.80192
2.82329
2.839
2.8491
2.8537
2.85294
2.84699
2.83607
2.82046
2.80041
2.77626
2.74831
2.71691
2.6824
2.64512
2.60539
2.56353
2.51985
2.47463
2.42813
2.3806
2.33226
2.2833
2.2339
2.18423
2.1344
2.08456
2.03482
1.98528
1.93604
1.88719
1.83882
1.79101
1.74382
1.69733
1.65159
1.60665
1.56256
1.51937
1.4771
1.43578
1.39542
1.35607
1.31769
1.28043
1.24395
1.2101
1.16534
0.0341746
0.0642606
0.075543
0.0826705
0.0895017
0.0977974
0.108528
0.122333
0.139675
0.160891
0.186183
0.215608
0.249088
0.286445
0.327463
0.371937
0.419708
0.470684
0.524831
0.582156
0.642673
0.706382
0.773244
0.843163
0.915984
0.99149
1.06941
1.14942
1.23117
1.31429
1.39839
1.48308
1.56796
1.65261
1.73664
1.81967
1.90132
1.98123
2.05904
2.13439
2.20692
2.27627
2.3421
2.40406
2.46184
2.51516
2.56376
2.60742
2.64597
2.67926
2.70718
2.72966
2.74667
2.75825
2.76445
2.76538
2.76121
2.75213
2.73838
2.72024
2.69801
2.67202
2.64261
2.61014
2.57495
2.53741
2.49784
2.45657
2.41388
2.37006
2.32534
2.27994
2.23405
2.18783
2.14142
2.09493
2.04847
2.00212
1.95594
1.90999
1.86435
1.81906
1.77417
1.72975
1.68585
1.64251
1.59978
1.55771
1.51635
1.47573
1.4359
1.39687
1.35869
1.32137
1.28495
1.24942
1.21493
1.18116
1.15
1.10868
0.0358079
0.0653178
0.0764495
0.0843207
0.0928096
0.104009
0.119443
0.140368
0.167716
0.201925
0.242839
0.289814
0.341893
0.397976
0.457067
0.518337
0.581174
0.645179
0.710132
0.77594
0.842598
0.910144
0.978626
1.04808
1.11852
1.18992
1.26219
1.3352
1.40881
1.48282
1.55697
1.63098
1.70456
1.77744
1.84931
1.91988
1.98884
2.05586
2.12065
2.18289
2.24225
2.29843
2.35112
2.40001
2.44483
2.48532
2.52126
2.55247
2.57879
2.60012
2.61639
2.62758
2.63371
2.63485
2.63112
2.62267
2.60973
2.59253
2.57136
2.54655
2.51842
2.48734
2.45367
2.41778
2.38003
2.34075
2.30027
2.25888
2.21684
2.17437
2.13167
2.08888
2.04614
2.00354
1.96115
1.91902
1.8772
1.83568
1.7945
1.75366
1.71317
1.67306
1.63332
1.594
1.55511
1.51669
1.47878
1.4414
1.40459
1.36839
1.33284
1.29796
1.2638
1.23037
1.19772
1.16585
1.13494
1.10468
1.07692
1.04017
0.0371974
0.0662381
0.078399
0.0893986
0.104108
0.126878
0.161159
0.208674
0.268899
0.339441
0.416898
0.498023
0.580083
0.661055
0.739643
0.815153
0.887349
0.95632
1.02235
1.08584
1.14721
1.20691
1.26538
1.32297
1.38004
1.43686
1.49357
1.55026
1.60694
1.66357
1.7201
1.7764
1.83228
1.88754
1.94194
1.99522
2.04709
2.09729
2.14551
2.19146
2.23484
2.27536
2.31273
2.34665
2.37689
2.40319
2.42537
2.44324
2.4567
2.46566
2.47008
2.46998
2.46541
2.45649
2.44337
2.42626
2.4054
2.38108
2.35361
2.32335
2.29066
2.2559
2.21946
2.18168
2.14292
2.1035
2.0637
2.02378
1.98394
1.94436
1.90515
1.86643
1.82823
1.79058
1.7535
1.71696
1.68092
1.64536
1.61023
1.5755
1.54112
1.50708
1.47337
1.43998
1.40691
1.37418
1.34181
1.30983
1.27827
1.24717
1.21655
1.18647
1.15694
1.12802
1.09975
1.07214
1.0454
1.01925
0.995382
0.964094
0.0382595
0.0709228
0.0921593
0.12427
0.175955
0.253815
0.354457
0.469235
0.589314
0.707519
0.819234
0.922126
1.01541
1.09923
1.17423
1.2413
1.30142
1.35563
1.40488
1.45001
1.49185
1.53111
1.56845
1.60444
1.63955
1.67413
1.70851
1.74294
1.77755
1.81238
1.84742
1.88259
1.91777
1.95277
1.98739
2.02137
2.05447
2.0864
2.11686
2.14558
2.17224
2.19657
2.21828
2.23709
2.25277
2.26508
2.27384
2.27891
2.28017
2.27757
2.27109
2.26078
2.24673
2.22907
2.208
2.18374
2.15658
2.12683
2.09482
2.06091
2.02547
1.98888
1.95149
1.91364
1.87566
1.83783
1.80039
1.76354
1.72743
1.69217
1.65782
1.62441
1.59193
1.56032
1.52954
1.49949
1.47009
1.44126
1.41289
1.38491
1.35725
1.32985
1.30268
1.27571
1.24893
1.22233
1.19594
1.16977
1.14386
1.11824
1.09294
1.06802
1.04351
1.01946
0.99593
0.972962
0.950744
0.929092
0.909435
0.884228
0.0401125
0.140514
0.23849
0.392215
0.572636
0.756467
0.926929
1.07563
1.20196
1.30665
1.39287
1.46422
1.52369
1.57357
1.61554
1.65093
1.68085
1.70622
1.72785
1.74651
1.76288
1.77754
1.791
1.80373
1.81611
1.82848
1.8411
1.85415
1.86778
1.88204
1.89692
1.91235
1.92822
1.94437
1.96062
1.97673
1.99245
2.00752
2.02166
2.03459
2.04602
2.05566
2.06325
2.06853
2.07127
2.07127
2.06835
2.06239
2.0533
2.04104
2.02563
2.00714
1.98567
1.9614
1.93453
1.90533
1.87408
1.8411
1.80675
1.77137
1.73534
1.69899
1.66267
1.62669
1.59132
1.5568
1.52332
1.49102
1.45999
1.43028
1.40187
1.37474
1.34881
1.32397
1.30011
1.27709
1.25478
1.23304
1.21176
1.1908
1.17008
1.14952
1.12906
1.10865
1.08828
1.06793
1.04763
1.02738
1.00723
0.987195
0.967332
0.947686
0.92831
0.90926
0.890612
0.872421
0.854879
0.837895
0.82256
0.803748
0.0904692
0.547474
0.983905
1.3075
1.51821
1.64373
1.71458
1.75467
1.77831
1.79463
1.80775
1.81897
1.82846
1.83618
1.84217
1.84659
1.84961
1.85139
1.85208
1.85179
1.85066
1.84887
1.84663
1.84417
1.84173
1.83953
1.83775
1.83653
1.83596
1.83607
1.83686
1.83826
1.8402
1.84254
1.84513
1.84779
1.8503
1.85244
1.85397
1.85464
1.8542
1.8524
1.849
1.84377
1.83653
1.82709
1.81533
1.80113
1.78446
1.7653
1.7437
1.71974
1.69356
1.66536
1.63537
1.60384
1.57108
1.53741
1.50317
1.46869
1.43431
1.40036
1.36712
1.33487
1.30382
1.27416
1.246
1.21945
1.19451
1.17119
1.14942
1.12911
1.11014
1.09235
1.07559
1.05968
1.04446
1.02977
1.01546
1.00138
0.987427
0.973506
0.959547
0.945499
0.931334
0.917044
0.902634
0.888126
0.873552
0.858953
0.844378
0.82988
0.815522
0.80137
0.787511
0.774019
0.761086
0.748719
0.737625
0.725196
)
;

boundaryField
{
    outlet
    {
        type            zeroGradient;
    }
    inlet
    {
        type            fixedValue;
        value           uniform 0.2;
    }
    lowerWall
    {
        type            kqRWallFunction;
        value           nonuniform List<scalar> 
148
(
0.226697
0.279347
0.331744
0.382734
0.43093
0.475126
0.514421
0.54829
0.576587
0.599477
0.617345
0.630716
0.640181
0.646341
0.649769
0.650991
0.650468
0.648597
0.645711
0.642087
0.637949
0.633476
0.628811
0.624066
0.619327
0.614661
0.610115
0.605734
0.601508
0.597648
0.593213
0.592931
0.57374
0.00370863
0.00938516
0.0144649
0.0186918
0.0221771
0.0249379
0.0272731
0.0297813
0.0321545
0.0341746
0.0358079
0.0371974
0.0382595
0.0401125
0.0904692
0.00370863
0.00580149
0.00767154
0.0090758
0.0100364
0.0106345
0.0109446
0.0111442
0.0113435
0.0116854
0.0123144
0.0133236
0.0147711
0.0170854
0.0219667
0.0309659
0.0434063
0.0583931
0.0752526
0.0934758
0.112678
0.132575
0.152954
0.17366
0.194574
0.215606
0.236692
0.257781
0.278838
0.299838
0.32076
0.341583
0.362285
0.382835
0.403197
0.423323
0.443158
0.462637
0.481693
0.50026
0.518292
0.53578
0.552777
0.56934
0.585169
0.60033
0.614779
0.628464
0.641321
0.653288
0.664302
0.674305
0.683242
0.691064
0.697728
0.703195
0.707437
0.710431
0.712163
0.712626
0.711825
0.709771
0.706489
0.702009
0.696372
0.689626
0.681832
0.673063
0.663405
0.652963
0.641941
0.630885
0.621722
0.61489
0.608269
0.601279
0.593853
0.586034
0.577882
0.569458
0.560818
0.552012
0.543089
0.534095
0.525072
0.516057
0.507086
0.498191
0.489402
0.480745
0.472244
0.463922
0.455802
0.447906
0.440257
0.432885
0.425831
0.41918
0.413144
0.406327
)
;
    }
    upperWall
    {
        type            kqRWallFunction;
        value           nonuniform List<scalar> 
133
(
0.205424
0.216593
0.227629
0.238434
0.248976
0.259243
0.269229
0.278926
0.288326
0.297424
0.306216
0.314701
0.322877
0.330747
0.338313
0.345577
0.352546
0.359224
0.365619
0.371736
0.377584
0.38317
0.388503
0.39359
0.398441
0.403064
0.407468
0.41166
0.41565
0.419446
0.423056
0.426487
0.429751
0.433351
0.437303
0.441138
0.444847
0.448426
0.451871
0.455177
0.45834
0.461356
0.464222
0.466933
0.469488
0.471883
0.474114
0.476179
0.478076
0.479802
0.481355
0.482733
0.483934
0.484956
0.485798
0.486458
0.486935
0.487227
0.487332
0.487249
0.486977
0.486514
0.485858
0.485008
0.483962
0.482718
0.481275
0.479629
0.47778
0.475726
0.473463
0.47099
0.468306
0.465408
0.462295
0.458967
0.455423
0.451664
0.447689
0.443503
0.439107
0.434507
0.429709
0.424721
0.419554
0.41422
0.408733
0.403112
0.397377
0.391551
0.385661
0.379736
0.373807
0.367909
0.36208
0.356356
0.350779
0.345387
0.340219
0.335313
0.330703
0.326418
0.322482
0.318914
0.315723
0.31291
0.310468
0.308381
0.306623
0.305162
0.303959
0.302969
0.302146
0.301442
0.300808
0.300201
0.299579
0.298907
0.298155
0.297302
0.296329
0.295226
0.293988
0.292614
0.291108
0.289475
0.287723
0.285866
0.2839
0.281876
0.279663
0.27781
0.274194
)
;
    }
    frontAndBack
    {
        type            empty;
    }
}


// ************************************************************************* //
