/*--------------------------------*- C++ -*----------------------------------*\
| =========                 |                                                 |
| \\      /  F ield         | OpenFOAM: The Open Source CFD Toolbox           |
|  \\    /   O peration     | Version:  4.1                                   |
|   \\  /    A nd           | Web:      www.OpenFOAM.org                      |
|    \\/     M anipulation  |                                                 |
\*---------------------------------------------------------------------------*/
FoamFile
{
    version     2.0;
    format      ascii;
    class       volScalarField;
    location    "1200";
    object      omega;
}
// * * * * * * * * * * * * * * * * * * * * * * * * * * * * * * * * * * * * * //

dimensions      [0 0 -1 0 0 0 0];

internalField   nonuniform List<scalar> 
6820
(
7254.63
8569.06
9629.25
10283
10668.4
10885.8
10995.8
11035
11026.8
10987.3
10927.3
10854.4
10774
10689.7
10604.1
10519.1
10435.8
10355
10277.3
10202.9
10132
10064.5
10000.5
9939.96
9882.64
9828.45
9777.22
9728.84
9682.97
9640.18
9596.81
9568.9
9476.96
600.799
1554.22
2092.91
2435.19
2698.34
2895.12
3033.36
3126.97
3188.97
3229.02
3253.95
3268.66
3276.58
3280.07
3280.76
3279.74
3277.76
3275.34
3272.79
3270.35
3268.14
3266.24
3264.68
3263.49
3262.67
3262.21
3262.12
3262.42
3263.15
3264.38
3266.26
3268.74
3273.99
107.108
368.908
596.394
767.386
894.981
993.334
1070.57
1131.54
1179.69
1217.64
1247.46
1270.8
1289.01
1303.18
1314.18
1322.69
1329.28
1334.36
1338.29
1341.34
1343.74
1345.64
1347.19
1348.48
1349.61
1350.65
1351.63
1352.62
1353.63
1354.72
1355.91
1357.23
1358.91
37.6577
108.378
189.201
265.511
332.231
389.334
437.981
479.462
514.908
545.244
571.225
593.484
612.561
628.919
642.952
655.001
665.355
674.265
681.942
688.568
694.299
699.266
703.584
707.348
710.641
713.536
716.091
718.361
720.393
722.226
723.901
725.45
726.92
23.8008
47.5371
77.7008
109.824
141.237
170.722
197.836
222.517
244.873
265.072
283.289
299.702
314.481
327.785
339.76
350.541
360.251
369.001
376.893
384.016
390.451
396.273
401.545
406.326
410.669
414.62
418.221
421.511
424.522
427.288
429.837
432.196
434.399
19.8177
29.4751
42.5079
57.2096
72.4554
87.5719
102.186
116.107
129.248
141.581
153.108
163.851
173.844
183.124
191.733
199.715
207.112
213.965
220.315
226.198
231.652
236.708
241.4
245.754
249.8
253.561
257.062
260.322
263.364
266.205
268.863
271.355
273.701
18.4341
22.8152
29.1685
36.6489
44.6826
52.9063
61.0978
69.1227
76.9009
84.3846
91.5471
98.3753
104.866
111.021
116.849
122.36
127.565
132.477
137.112
141.481
145.601
149.485
153.146
156.598
159.853
162.923
165.821
168.558
171.143
173.587
175.9
178.091
180.169
17.9115
19.9902
23.3042
27.4134
31.9742
36.7598
41.6266
46.4842
51.2743
55.9588
60.5124
64.9192
69.1691
73.2569
77.1804
80.9398
84.5373
87.9759
91.2599
94.3942
97.3839
100.235
102.952
105.542
108.01
110.363
112.605
114.742
116.78
118.724
120.578
122.348
124.039
17.7059
18.7013
20.4733
22.8216
25.5371
28.4654
31.5038
34.5854
37.6658
40.7151
43.7129
46.6449
49.5015
52.2761
54.9646
57.5647
60.0753
62.4963
64.8286
67.0733
69.2322
71.3075
73.3014
75.2165
77.0554
78.8207
80.5152
82.1417
83.703
85.2016
86.6403
88.0215
89.348
17.6233
18.0951
19.0401
20.3949
22.0449
23.887
25.8451
27.8668
29.9161
31.9683
34.006
36.0167
37.9918
39.9249
41.8117
43.6491
45.4353
47.169
48.8497
50.4773
52.0523
53.5751
55.0467
56.4681
57.8404
59.165
60.4431
61.6761
62.8655
64.0127
65.119
66.1859
67.2148
17.5896
17.8082
18.3025
19.0753
20.0762
21.243
22.5218
23.8719
25.2637
26.6759
28.0932
29.5047
30.9021
32.2796
33.6327
34.9584
36.2544
37.5191
38.7513
39.9506
41.1165
42.2491
43.3485
44.4149
45.449
46.4511
47.422
48.3623
49.2728
50.1542
51.0073
51.8328
52.6314
17.5758
17.6732
17.924
18.3539
18.9503
19.682
20.5146
21.4186
22.3704
23.3521
24.3502
25.3549
26.3585
27.3555
28.3414
29.3132
30.2685
31.2053
32.1225
33.019
33.8943
34.7479
35.5797
36.3896
37.1775
37.9438
38.6887
39.4124
40.1153
40.7978
41.4602
42.1031
42.7267
17.5702
17.6104
17.7324
17.9633
18.3084
18.7568
19.2901
19.889
20.5362
21.2175
21.9216
22.6397
23.3649
24.0918
24.8164
25.5355
26.2466
26.9478
27.6377
28.315
28.9791
29.6293
30.2651
30.8863
31.4927
32.0842
32.661
33.2229
33.7702
34.303
34.8214
35.3258
35.8162
17.5678
17.5817
17.6374
17.7559
17.9479
18.2137
18.5461
18.9343
19.3672
19.8343
20.3268
20.8373
21.3597
21.8894
22.4224
22.9557
23.4869
24.0139
24.5354
25.05
25.5568
26.0551
26.5443
27.0239
27.4937
27.9534
28.403
28.8422
29.2712
29.6898
30.0982
30.4964
30.8844
17.5669
17.5687
17.5913
17.6483
17.7501
17.9012
18.1009
18.3448
18.6268
18.9402
19.2785
19.6362
20.0084
20.3909
20.7803
21.1739
21.5693
21.9647
22.3585
22.7494
23.1364
23.5188
23.8959
24.2671
24.632
24.9904
25.3419
25.6865
26.0239
26.354
26.6769
26.9926
27.3009
17.5665
17.563
17.5695
17.5941
17.6444
17.7258
17.8404
17.9877
18.1651
18.369
18.5955
18.8405
19.1005
19.3722
19.6527
19.9397
20.2311
20.5251
20.8203
21.1155
21.4097
21.702
21.9918
22.2784
22.5614
22.8404
23.1151
23.3852
23.6507
23.9112
24.1667
24.4171
24.6623
17.5663
17.5605
17.5594
17.5675
17.5897
17.6303
17.6923
17.7769
17.8837
18.0113
18.1577
18.3205
18.4972
18.6856
18.8834
19.0888
19.2999
19.5153
19.7338
19.9541
20.1753
20.3967
20.6176
20.8372
21.0553
21.2713
21.4849
21.6958
21.9038
22.1087
22.3103
22.5085
22.7032
17.5662
17.5595
17.5549
17.5548
17.5621
17.5799
17.6107
17.6561
17.7169
17.7929
17.8836
17.9876
18.1036
18.2302
18.3657
18.5089
18.6583
18.8128
18.9713
19.1329
19.2967
19.4619
19.628
19.7943
19.9605
20.126
20.2906
20.4539
20.6156
20.7757
20.9337
21.0897
21.2434
17.5662
17.559
17.5529
17.5489
17.5487
17.5542
17.5672
17.5891
17.6211
17.6636
17.7166
17.7799
17.8528
17.9345
18.0241
18.1207
18.2233
18.3311
18.4432
18.559
18.6776
18.7985
18.9211
19.045
19.1696
19.2947
19.4198
19.5447
19.6691
19.7927
19.9155
20.0371
20.1576
17.5662
17.5588
17.552
17.5462
17.5424
17.5415
17.5447
17.5532
17.5679
17.5894
17.6181
17.6542
17.6975
17.7477
17.8043
17.8668
17.9347
18.0074
18.0842
18.1648
18.2484
18.3347
18.4232
18.5135
18.6052
18.698
18.7916
18.8856
18.98
19.0743
19.1685
19.2624
19.3558
17.5662
17.5588
17.5516
17.5451
17.5395
17.5354
17.5335
17.5346
17.5394
17.5483
17.562
17.5807
17.6044
17.6332
17.667
17.7054
17.7484
17.7954
17.8462
17.9004
17.9576
18.0175
18.0797
18.144
18.2101
18.2776
18.3463
18.416
18.4865
18.5575
18.629
18.7006
18.7724
17.5662
17.5587
17.5515
17.5445
17.5381
17.5325
17.5281
17.5253
17.5246
17.5265
17.5312
17.5392
17.5506
17.5656
17.5843
17.6065
17.6322
17.6612
17.6934
17.7286
17.7666
17.807
17.8498
17.8946
17.9413
17.9896
18.0394
18.0904
18.1426
18.1956
18.2494
18.3038
18.3586
17.5662
17.5587
17.5514
17.5443
17.5376
17.5313
17.5256
17.5209
17.5174
17.5153
17.5151
17.5169
17.5211
17.5277
17.5369
17.5487
17.5632
17.5804
17.6002
17.6225
17.6471
17.6741
17.7031
17.7342
17.7671
17.8017
17.8378
17.8753
17.914
17.9538
17.9947
18.0363
18.0788
17.5662
17.5587
17.5514
17.5442
17.5373
17.5307
17.5245
17.5189
17.514
17.5101
17.5074
17.506
17.5063
17.5083
17.5122
17.5181
17.5261
17.5363
17.5486
17.563
17.5795
17.5981
17.6186
17.6409
17.665
17.6907
17.718
17.7467
17.7767
17.8079
17.8402
17.8735
17.9077
17.5662
17.5587
17.5514
17.5442
17.5372
17.5306
17.5242
17.5183
17.513
17.5084
17.5048
17.5022
17.501
17.5012
17.503
17.5065
17.5117
17.5189
17.5279
17.5389
17.5517
17.5664
17.5829
17.6012
17.6212
17.6427
17.6657
17.6902
17.716
17.743
17.7711
17.8002
17.8303
17.5662
17.5587
17.5514
17.5442
17.5373
17.5307
17.5244
17.5187
17.5136
17.5094
17.5062
17.5041
17.5034
17.5042
17.5067
17.5108
17.5168
17.5246
17.5343
17.5459
17.5593
17.5746
17.5917
17.6104
17.6308
17.6528
17.6762
17.701
17.727
17.7543
17.7826
17.8119
17.8422
17.5662
17.5587
17.5514
17.5443
17.5376
17.5312
17.5255
17.5205
17.5166
17.5139
17.5127
17.5131
17.5153
17.5194
17.5256
17.5338
17.5442
17.5568
17.5714
17.5881
17.6068
17.6274
17.6498
17.674
17.6998
17.7271
17.7558
17.7858
17.817
17.8493
17.8826
17.9167
17.9517
17.5662
17.5587
17.5515
17.5446
17.5383
17.5328
17.5283
17.5254
17.5242
17.5251
17.5284
17.5344
17.543
17.5544
17.5687
17.5858
17.6056
17.6281
17.6531
17.6805
17.7101
17.7417
17.7753
17.8106
17.8475
17.8859
17.9255
17.9663
18.0082
18.0509
18.0944
18.1386
18.1834
17.5662
17.5588
17.5518
17.5455
17.5403
17.5368
17.5355
17.5371
17.542
17.5507
17.5634
17.5803
17.6014
17.6267
17.656
17.689
17.7256
17.7655
17.8084
17.854
17.902
17.9521
18.0042
18.0579
18.1131
18.1695
18.227
18.2853
18.3443
18.4039
18.4639
18.5242
18.5847
17.5663
17.5591
17.5527
17.548
17.5458
17.5473
17.5535
17.5653
17.5834
17.6079
17.6392
17.677
17.7211
17.771
17.8263
17.8865
17.9509
18.0192
18.0908
18.1652
18.2419
18.3207
18.4011
18.4827
18.5654
18.6489
18.7328
18.817
18.9014
18.9858
19.0699
19.1538
19.2372
17.5663
17.5598
17.5555
17.5552
17.5611
17.5751
17.5988
17.6332
17.6786
17.7349
17.8015
17.8776
17.9624
18.0547
18.1535
18.2578
18.3668
18.4796
18.5954
18.7136
18.8336
18.9548
19.0768
19.1993
19.3218
19.4441
19.566
19.6872
19.8076
19.927
20.0453
20.1623
20.278
17.5666
17.5622
17.5642
17.5767
17.6039
17.6486
17.7124
17.7951
17.896
18.0132
18.145
18.289
18.4433
18.606
18.7753
18.9497
19.1279
19.3087
19.4912
19.6746
19.8581
20.0413
20.2237
20.4048
20.5843
20.762
20.9376
21.111
21.282
21.4506
21.6166
21.7799
21.9406
17.5674
17.5706
17.5924
17.6417
17.7245
17.8427
17.995
18.1778
18.3868
18.6172
18.8646
19.125
19.3951
19.6719
19.953
20.2365
20.5208
20.8047
21.0871
21.3673
21.6446
21.9185
22.1886
22.4547
22.7164
22.9737
23.2264
23.4745
23.7178
23.9565
24.1904
24.4195
24.6441
17.5706
17.6016
17.687
17.8408
18.065
18.3527
18.6933
19.0751
19.4875
19.9213
20.3693
20.8257
21.2861
21.7468
22.2054
22.6598
23.1087
23.5511
23.9862
24.4134
24.8323
25.2429
25.6448
26.0381
26.4227
26.7987
27.1662
27.5252
27.8759
28.2185
28.553
28.8797
29.1987
17.5854
17.7219
18.012
18.4558
19.0269
19.692
20.4205
21.1884
21.9779
22.7761
23.5742
24.3656
25.1458
25.912
26.6624
27.3959
28.112
28.8105
29.4913
30.1545
30.8004
31.4293
32.0415
32.6375
33.2175
33.7821
34.3317
34.8666
35.3874
35.8943
36.3879
36.8684
37.3364
17.6614
18.2163
19.1616
20.3924
21.7983
23.2954
24.8285
26.3634
27.8795
29.3645
30.811
32.2141
33.5724
34.8867
36.158
37.3876
38.5772
39.7282
40.8423
41.9208
42.9651
43.9767
44.9567
45.9065
46.8271
47.7196
48.5852
49.4248
50.2393
51.0298
51.797
52.5419
53.2652
18.1027
20.3856
23.4854
26.9261
30.4414
33.9035
37.2583
40.4819
43.5648
46.506
49.3035
51.9688
54.5134
56.9473
59.2787
61.5147
63.6615
65.7246
67.7086
69.6179
71.4564
73.2276
74.9349
76.5812
78.1695
79.7023
81.1822
82.6116
83.9926
85.3275
86.6181
87.8664
89.0743
21.2182
31.4407
42.4859
53.1245
62.9728
72.0352
80.4369
88.1941
95.3421
101.98
108.198
114.053
119.587
124.83
129.807
134.537
139.039
143.329
147.42
151.324
155.055
158.621
162.033
165.301
168.432
171.434
174.316
177.083
179.742
182.3
184.761
187.131
189.416
59.9537
123.961
170.318
207.141
238.336
266.971
293.908
319.086
342.453
364.002
383.807
401.994
418.713
434.118
448.35
461.54
473.802
485.236
495.932
505.967
515.408
524.313
532.734
540.716
548.298
555.515
562.399
568.976
575.27
581.304
587.097
592.666
598.03
1719.4
1778.23
1839.24
1895.41
1945.93
1992.23
2035.28
2075.52
2113.26
2148.7
2182.04
2213.4
2242.93
2270.74
2296.93
2321.61
2344.85
2366.74
2387.37
2406.81
2425.12
2442.37
2458.63
2473.95
2488.38
2501.98
2514.8
2526.87
2538.26
2548.98
2559.1
2568.62
2577.62
9372.01
8891.36
8341.5
7780.71
7246.02
6751.63
6303.36
5899.5
5534.94
5203.85
4901.19
4623.17
4367.08
4130.91
3913.08
3712.14
3526.72
3355.51
3197.25
3050.78
2915.03
2789.02
2671.84
2562.64
2460.58
2364.9
2274.86
2189.8
2109.1
2032.22
1958.67
1888.01
1819.86
1753.87
1689.77
1627.28
1566.2
1506.35
1447.58
1389.78
1332.86
1276.78
1221.51
1167.05
1113.44
1060.71
1008.95
958.242
908.691
860.417
813.544
768.2
724.514
682.606
642.588
604.554
568.583
534.731
503.031
473.493
446.104
420.828
397.608
376.372
357.031
339.484
323.626
309.341
296.514
285.03
274.773
265.633
257.503
250.282
243.874
238.19
233.147
228.667
224.678
221.115
217.917
215.031
212.406
209.998
207.768
205.68
203.703
201.811
199.98
198.191
196.425
194.67
192.912
191.142
189.35
187.528
185.68
183.77
181.96
179.232
3275.15
3321.51
3380.65
3438.24
3501.57
3568.44
3631.59
3682.59
3714.61
3723.3
3706.89
3665.9
3602.53
3520.11
3422.58
3314.07
3198.53
3079.5
2959.87
2841.82
2726.86
2615.89
2509.36
2407.41
2309.97
2216.88
2127.89
2042.77
1961.23
1882.99
1807.79
1735.35
1665.42
1597.76
1532.16
1468.43
1406.4
1345.95
1286.96
1229.35
1173.05
1118.03
1064.27
1011.78
960.592
910.74
862.285
815.295
769.848
726.028
683.92
643.605
605.16
568.651
534.132
501.643
471.204
442.818
416.47
392.126
369.736
349.232
330.538
313.564
298.213
284.384
271.971
260.87
250.977
242.188
234.406
227.537
221.493
216.188
211.544
207.489
203.952
200.871
198.186
195.843
193.791
191.984
190.379
188.937
187.625
186.411
185.268
184.172
183.102
182.041
180.971
179.882
178.76
177.598
176.389
175.123
173.804
172.404
171.056
168.964
1361.04
1366.14
1375.11
1386.76
1400.58
1416.75
1436.06
1460.11
1490.5
1528
1572.56
1623.21
1678.06
1734.37
1788.85
1838
1878.61
1908.14
1924.98
1928.63
1919.57
1899.04
1868.77
1830.67
1786.58
1738.16
1686.75
1633.42
1578.98
1524.02
1468.97
1414.14
1359.75
1305.95
1252.87
1200.59
1149.15
1098.63
1049.05
1000.45
952.876
906.37
860.979
816.756
773.761
732.057
691.711
652.791
615.367
579.502
545.26
512.692
481.843
452.744
425.416
399.863
376.077
354.034
333.696
315.014
297.927
282.365
268.25
255.502
244.034
233.759
224.592
216.447
209.241
202.895
197.332
192.48
188.271
184.642
181.531
178.883
176.645
174.767
173.202
171.906
170.838
169.961
169.238
168.636
168.127
167.683
167.279
166.895
166.51
166.108
165.675
165.198
164.668
164.075
163.414
162.675
161.863
160.953
160.05
158.578
728.552
730.467
732.5
734.57
736.676
738.952
741.633
744.912
749.004
754.461
761.873
771.814
784.79
801.176
821.155
844.643
871.232
900.162
930.335
960.399
988.87
1014.29
1035.39
1051.2
1061.13
1064.97
1062.84
1055.13
1042.4
1025.31
1004.52
980.667
954.337
926.043
896.229
865.278
833.512
801.211
768.613
735.928
703.337
671.003
639.074
607.682
576.95
546.989
517.901
489.78
462.709
436.761
411.998
388.471
366.218
345.266
325.628
307.304
290.285
274.547
260.058
246.779
234.661
223.65
213.688
204.717
196.673
189.497
183.125
177.501
172.565
168.262
164.542
161.352
158.646
156.38
154.511
152.998
151.803
150.89
150.223
149.768
149.493
149.367
149.362
149.449
149.603
149.801
150.019
150.239
150.443
150.615
150.741
150.808
150.808
150.731
150.57
150.317
149.976
149.526
149.043
148.161
436.779
439.381
441.871
444.124
446.064
447.706
449.116
450.389
451.588
452.818
454.221
455.954
458.181
461.069
464.778
469.459
475.235
482.195
490.365
499.698
510.055
521.193
532.773
544.369
555.497
565.657
574.367
581.207
585.846
588.062
587.747
584.894
579.591
571.989
562.291
550.727
537.542
522.981
507.284
490.677
473.374
455.573
437.456
419.191
400.929
382.81
364.958
347.483
330.485
314.047
298.244
283.133
268.764
255.17
242.378
230.398
219.236
208.886
199.335
190.564
182.546
175.254
168.655
162.716
157.399
152.67
148.493
144.832
141.654
138.924
136.611
134.684
133.113
131.87
130.926
130.257
129.834
129.633
129.628
129.794
130.107
130.542
131.075
131.685
132.348
133.044
133.753
134.457
135.138
135.782
136.374
136.903
137.357
137.728
138.008
138.189
138.272
138.24
138.143
137.808
276.258
279.048
281.725
284.23
286.508
288.543
290.348
291.951
293.382
294.673
295.865
296.998
298.114
299.251
300.447
301.738
303.162
304.755
306.552
308.582
310.866
313.413
316.214
319.236
322.418
325.674
328.89
331.927
334.635
336.858
338.443
339.255
339.183
338.147
336.098
333.022
328.935
323.884
317.933
311.168
303.685
295.589
286.988
277.99
268.704
259.23
249.669
240.108
230.633
221.318
212.228
203.421
194.945
186.84
179.137
171.859
165.023
158.639
152.709
147.232
142.204
137.614
133.451
129.701
126.348
123.377
120.769
118.508
116.575
114.955
113.629
112.581
111.795
111.253
110.939
110.837
110.931
111.202
111.635
112.212
112.913
113.722
114.618
115.583
116.599
117.646
118.708
119.767
120.806
121.812
122.769
123.665
124.489
125.23
125.881
126.432
126.883
127.218
127.463
127.623
182.458
184.97
187.402
189.727
191.917
193.957
195.847
197.591
199.2
200.686
202.061
203.339
204.529
205.639
206.675
207.64
208.537
209.37
210.142
210.857
211.523
212.147
212.736
213.296
213.83
214.335
214.804
215.219
215.555
215.782
215.858
215.74
215.383
214.74
213.771
212.439
210.719
208.593
206.056
203.115
199.784
196.089
192.065
187.75
183.191
178.435
173.532
168.532
163.483
158.433
153.426
148.501
143.695
139.04
134.562
130.286
126.228
122.405
118.825
115.497
112.424
109.607
107.047
104.741
102.684
100.872
99.2986
97.9571
96.8407
95.9417
95.2526
94.7655
94.4723
94.3646
94.4339
94.6709
95.0662
95.6093
96.2892
97.0939
98.0108
99.0261
100.126
101.294
102.516
103.776
105.057
106.345
107.623
108.878
110.095
111.26
112.363
113.391
114.335
115.186
115.939
116.584
117.12
117.711
125.916
127.991
130.016
131.979
133.866
135.667
137.378
138.998
140.53
141.978
143.344
144.633
145.847
146.985
148.047
149.03
149.927
150.736
151.45
152.066
152.58
152.991
153.299
153.505
153.613
153.626
153.546
153.376
153.118
152.77
152.328
151.788
151.14
150.376
149.482
148.449
147.265
145.921
144.409
142.725
140.87
138.846
136.661
134.326
131.856
129.269
126.585
123.827
121.017
118.18
115.339
112.517
109.736
107.016
104.376
101.833
99.4004
97.0918
94.9171
92.8846
91.0011
89.2714
87.6989
86.2858
85.0332
83.9411
83.0091
82.236
81.6199
81.1589
80.8505
80.6919
80.6802
80.812
81.0835
81.4906
82.0283
82.6912
83.4728
84.3657
85.3617
86.4513
87.6241
88.8686
90.1725
91.5228
92.906
94.308
95.7148
97.1124
98.4871
99.8255
101.115
102.344
103.502
104.577
105.565
106.455
107.227
108.175
90.8294
92.4772
94.0973
95.683
97.2265
98.7218
100.165
101.555
102.891
104.174
105.402
106.578
107.701
108.77
109.78
110.73
111.613
112.425
113.159
113.81
114.373
114.843
115.217
115.492
115.669
115.747
115.727
115.613
115.406
115.109
114.725
114.257
113.705
113.072
112.358
111.562
110.683
109.722
108.676
107.547
106.334
105.039
103.667
102.22
100.705
99.129
97.5019
95.8332
94.1341
92.4164
90.6924
88.9746
87.2755
85.6071
83.9809
82.4076
80.8972
79.4587
78.0999
76.8279
75.6485
74.5668
73.5868
72.7119
71.9446
71.2871
70.7408
70.3067
69.9856
69.7779
69.6837
69.7029
69.8353
70.0804
70.4372
70.9046
71.4809
72.1637
72.95
73.836
74.8168
75.8865
77.0382
78.2639
79.5543
80.8994
82.2882
83.7089
85.1491
86.5962
88.0374
89.4597
90.8506
92.1978
93.4903
94.7163
95.8687
96.938
97.8872
99.1165
68.3693
69.6599
70.9362
72.1942
73.4296
74.6385
75.8182
76.9672
78.0838
79.1674
80.2175
81.2335
82.2144
83.1583
84.0629
84.9249
85.7405
86.5052
87.2141
87.8625
88.4454
88.9585
89.3978
89.76
90.0429
90.2447
90.365
90.4038
90.3622
90.2417
90.0444
89.773
89.43
89.0183
88.5404
87.9992
87.397
86.7363
86.0192
85.2483
84.4258
83.5545
82.6375
81.6782
80.6806
79.6494
78.5898
77.5075
76.4088
75.3005
74.1896
73.0836
71.9896
70.9152
69.8676
68.8537
67.8801
66.9529
66.0779
65.2602
64.5044
63.8147
63.1946
62.6474
62.1757
61.7819
61.4681
61.236
61.0871
61.023
61.0448
61.1537
61.3507
61.6367
62.0124
62.4784
63.0348
63.6813
64.4172
65.2411
66.1509
67.1434
68.2146
69.3594
70.5718
71.8443
73.1688
74.536
75.9357
77.3571
78.7888
80.2191
81.636
83.0276
84.3826
85.6893
86.9389
88.1232
89.1915
90.6226
53.531
54.5407
55.5438
56.5378
57.5202
58.4886
59.4409
60.3757
61.2918
62.188
63.0637
63.918
64.7497
65.5574
66.339
67.0922
67.814
68.5011
69.15
69.7569
70.3179
70.8295
71.288
71.6904
72.034
72.3167
72.5369
72.6937
72.7868
72.8164
72.7834
72.689
72.5349
72.3233
72.0564
71.7368
71.367
70.9498
70.4879
69.9842
69.4416
68.8631
68.2518
67.611
66.944
66.2546
65.5467
64.8243
64.0919
63.354
62.6154
61.8808
61.1552
60.4435
59.7506
59.0812
58.4398
57.8308
57.2583
56.7259
56.2374
55.7957
55.4038
55.0644
54.7799
54.5523
54.3836
54.2757
54.2304
54.2491
54.3336
54.4854
54.706
54.997
55.3597
55.7955
56.3056
56.891
57.5523
58.2897
59.1029
59.9908
60.9517
61.9828
63.0807
64.2406
65.4569
66.7228
68.0307
69.3719
70.737
72.1158
73.4978
74.872
76.2276
77.5531
78.8392
80.0789
81.2116
82.7682
43.4313
44.2248
45.0161
45.8036
46.5857
47.3607
48.1275
48.8846
49.6311
50.3661
51.0888
51.7984
52.4938
53.1738
53.837
54.4816
55.1053
55.706
56.2809
56.8272
57.3422
57.823
58.2667
58.6708
59.0328
59.3508
59.623
59.848
60.0249
60.1533
60.233
60.2644
60.2483
60.1857
60.0781
59.9273
59.735
59.5035
59.235
58.9321
58.5972
58.2331
57.8425
57.4282
56.9934
56.5409
56.0741
55.5962
55.1106
54.6208
54.1302
53.6425
53.1612
52.69
52.2323
51.7916
51.3711
50.9742
50.6036
50.2624
49.9531
49.6782
49.4399
49.2404
49.0815
48.9652
48.893
48.8666
48.8875
48.9574
49.0778
49.2502
49.4763
49.7577
50.0961
50.4932
50.9505
51.4696
52.0519
52.6985
53.4103
54.1874
55.0298
55.9365
56.906
57.9358
59.0224
60.1615
61.3477
62.5747
63.8353
65.1212
66.4237
67.7333
69.0403
70.3341
71.6055
72.8488
73.9974
75.6095
36.3718
36.9994
37.6271
38.2541
38.8793
39.5015
40.1199
40.7335
41.3414
41.9429
42.5374
43.1241
43.7022
44.2707
44.8286
45.3745
45.9069
46.424
46.9241
47.405
47.8647
48.3011
48.7119
49.0953
49.4492
49.7718
50.0615
50.3171
50.5374
50.7217
50.8694
50.9803
51.0547
51.0928
51.0955
51.0636
50.9984
50.9014
50.7741
50.6185
50.4364
50.23
50.0016
49.7534
49.488
49.2078
48.9155
48.6137
48.3051
47.9925
47.6787
47.3664
47.0585
46.7577
46.4667
46.1881
45.9243
45.6779
45.4511
45.2461
45.0648
44.9092
44.7811
44.682
44.6134
44.5769
44.5738
44.6054
44.6731
44.7782
44.9221
45.1061
45.3318
45.6007
45.9144
46.2746
46.6831
47.1414
47.6513
48.2143
48.8319
49.5052
50.2348
51.0212
51.8642
52.7628
53.7155
54.7198
55.7724
56.8692
58.0049
59.1735
60.3683
61.5813
62.8046
64.0289
65.2458
66.4508
67.5752
69.1823
31.3252
31.8243
32.3251
32.8269
33.3289
33.8304
34.3308
34.8292
35.325
35.8178
36.3068
36.7916
37.2714
37.7455
38.2131
38.6733
39.1249
39.5667
39.9973
40.4153
40.8192
41.2073
41.5782
41.9301
42.2617
42.5715
42.8581
43.1203
43.3572
43.5679
43.7517
43.9083
44.0374
44.1392
44.2137
44.2615
44.2833
44.28
44.2526
44.2024
44.1308
44.0394
43.9298
43.8039
43.6636
43.5109
43.3479
43.1766
42.9994
42.8183
42.6357
42.4537
42.2745
42.1003
41.9332
41.7752
41.6284
41.4945
41.3753
41.2726
41.1878
41.1224
41.0777
41.0551
41.0556
41.0804
41.1306
41.2072
41.3113
41.444
41.6063
41.7994
42.0247
42.2834
42.5771
42.9071
43.2751
43.6828
44.1318
44.6238
45.1605
45.7433
46.3735
47.0521
47.7798
48.5568
49.3828
50.2569
51.1773
52.1416
53.1465
54.188
55.2611
56.3598
57.478
58.608
59.7424
60.8784
61.9478
63.5014
27.6519
28.0505
28.4516
28.8547
29.2593
29.6649
30.0709
30.4768
30.8821
31.2864
31.6892
32.09
32.4883
32.8835
33.2751
33.6623
34.0444
34.4203
34.7892
35.1501
35.5017
35.843
36.1727
36.4898
36.7929
37.0811
37.3533
37.6084
37.8456
38.0642
38.2635
38.4431
38.6026
38.7418
38.8608
38.9597
39.0389
39.0989
39.1403
39.164
39.1709
39.1622
39.139
39.1028
39.055
38.9972
38.9308
38.8577
38.7796
38.6981
38.6151
38.5322
38.4514
38.3741
38.3022
38.2372
38.1807
38.1341
38.0987
38.0759
38.0669
38.0727
38.0943
38.1328
38.1889
38.2635
38.3574
38.4715
38.6064
38.763
38.9423
39.1451
39.3724
39.6253
39.9051
40.213
40.5504
40.9188
41.3197
41.7548
42.2256
42.7337
43.2806
43.8677
44.4961
45.1667
45.88
46.6359
47.4341
48.2734
49.1521
50.0676
51.0167
51.9954
52.9988
54.0214
55.0569
56.104
57.0975
58.5623
24.9423
25.2611
25.5829
25.9073
26.2341
26.5626
26.8926
27.2237
27.5555
27.8876
28.2197
28.5514
28.8822
29.2118
29.5398
29.8655
30.1883
30.5078
30.823
31.1334
31.4381
31.7362
32.0268
32.3092
32.5825
32.8457
33.0981
33.3389
33.5675
33.783
33.9852
34.1733
34.3472
34.5066
34.6514
34.7816
34.8973
34.9988
35.0866
35.1612
35.2231
35.2733
35.3125
35.3417
35.3622
35.3749
35.3811
35.3822
35.3794
35.3741
35.3678
35.3617
35.3572
35.3558
35.3586
35.3669
35.382
35.4048
35.4366
35.4782
35.5305
35.5943
35.6704
35.7595
35.8622
35.979
36.1105
36.2573
36.42
36.5991
36.7953
37.0092
37.2417
37.4936
37.7658
38.0594
38.3756
38.7155
39.0806
39.4722
39.8918
40.341
40.8211
41.3337
41.8801
42.4615
43.0788
43.7327
44.4234
45.1509
45.9144
46.7128
47.544
48.4056
49.2943
50.206
51.1361
52.0844
52.9903
54.3434
22.9261
23.1808
23.4388
23.6997
23.9635
24.2296
24.4979
24.768
25.0397
25.3126
25.5865
25.861
26.136
26.411
26.6856
26.9596
27.2325
27.5037
27.7729
28.0395
28.3028
28.5623
28.8174
29.0674
29.3117
29.5496
29.7805
30.0039
30.2191
30.4258
30.6234
30.8115
30.9899
31.1584
31.3167
31.4649
31.6029
31.731
31.8494
31.9584
32.0585
32.1502
32.2341
32.311
32.3816
32.4469
32.5077
32.5651
32.62
32.6736
32.7268
32.7808
32.8365
32.8951
32.9575
33.0246
33.0975
33.1768
33.2634
33.358
33.4612
33.5736
33.6957
33.8279
33.9707
34.1244
34.2894
34.466
34.6545
34.8554
35.0692
35.2961
35.5369
35.7921
36.0625
36.3488
36.652
36.973
37.3131
37.6733
38.055
38.4594
38.8881
39.3422
39.8233
40.3326
40.8712
41.4401
42.0401
42.6716
43.3347
44.029
44.7537
45.5073
46.2879
47.0928
47.9186
48.7663
49.5806
50.811
21.4201
21.6228
21.8288
22.0382
22.2505
22.4656
22.6834
22.9034
23.1256
23.3497
23.5755
23.8027
24.0312
24.2606
24.4908
24.7213
24.952
25.1825
25.4123
25.6413
25.8688
26.0945
26.3179
26.5386
26.7562
26.97
27.1798
27.3851
27.5853
27.7803
27.9696
28.1529
28.33
28.5007
28.6649
28.8225
28.9735
29.118
29.2562
29.3883
29.5146
29.6355
29.7514
29.863
29.9707
30.0753
30.1774
30.2778
30.3773
30.4766
30.5765
30.678
30.7817
30.8885
30.9991
31.1142
31.2344
31.3605
31.4928
31.6319
31.7782
31.9321
32.0938
32.2637
32.4419
32.6286
32.824
33.0283
33.2416
33.4642
33.6962
33.938
34.1898
34.4522
34.7255
35.0105
35.3078
35.6181
35.9423
36.2815
36.6366
37.0089
37.3995
37.8096
38.2405
38.6934
39.1696
39.6702
40.1961
40.7481
41.3267
41.9321
42.5643
43.2226
43.906
44.613
45.3413
46.0926
46.8174
47.9236
20.2966
20.4568
20.6205
20.7875
20.9577
21.131
21.3071
21.486
21.6674
21.8511
22.0371
22.225
22.4149
22.6063
22.7993
22.9935
23.1887
23.3848
23.5814
23.7783
23.9751
24.1717
24.3676
24.5625
24.7561
24.9482
25.1383
25.3262
25.5115
25.694
25.8735
26.0497
26.2224
26.3916
26.557
26.7188
26.8768
27.0312
27.1821
27.3296
27.474
27.6156
27.7546
27.8917
28.0271
28.1613
28.295
28.4287
28.5629
28.6983
28.8355
28.975
29.1176
29.2637
29.4139
29.5687
29.7285
29.8938
30.0649
30.2421
30.4256
30.6157
30.8123
31.0157
31.2259
31.4429
31.6666
31.8972
32.1346
32.3788
32.6299
32.8881
33.1534
33.4262
33.7067
33.9953
34.2925
34.5989
34.9151
35.242
35.5802
35.9308
36.2948
36.6733
37.0673
37.4779
37.9064
38.3538
38.8211
39.3093
39.8192
40.3513
40.9059
41.4831
42.0825
42.7034
43.3443
44.0078
44.6495
45.6371
19.4642
19.5898
19.7189
19.8514
19.9872
20.1261
20.2682
20.4131
20.5609
20.7114
20.8645
21.02
21.1779
21.3379
21.5
21.6639
21.8297
21.997
22.1657
22.3357
22.5066
22.6784
22.8508
23.0236
23.1965
23.3694
23.5421
23.7142
23.8857
24.0563
24.2259
24.3944
24.5615
24.7274
24.8918
25.0548
25.2164
25.3767
25.5358
25.6938
25.851
26.0075
26.1637
26.3199
26.4764
26.6336
26.792
26.9519
27.1139
27.2783
27.4457
27.6165
27.7911
27.9699
28.1534
28.3418
28.5354
28.7344
28.9391
29.1497
29.366
29.5883
29.8164
30.0503
30.2899
30.5352
30.7858
31.0418
31.3029
31.569
31.8402
32.1162
32.3972
32.6832
32.9744
33.2709
33.573
33.8812
34.1959
34.5176
34.8471
35.185
35.5322
35.8895
36.2579
36.6384
37.0319
37.4396
37.8623
38.3012
38.7569
39.2304
39.7222
40.2326
40.7619
41.3097
41.8755
42.462
43.0298
43.9097
18.8562
18.954
19.0552
19.1598
19.2677
19.3789
19.4932
19.6107
19.7312
19.8546
19.9809
20.1099
20.2416
20.3759
20.5128
20.652
20.7935
20.9372
21.083
21.2308
21.3804
21.5317
21.6845
21.8388
21.9944
22.1512
22.3089
22.4676
22.6271
22.7872
22.9479
23.1092
23.2709
23.433
23.5956
23.7586
23.9222
24.0863
24.2511
24.4168
24.5836
24.7516
24.921
25.0923
25.2656
25.4412
25.6196
25.801
25.9859
26.1745
26.3672
26.5643
26.7661
26.973
27.1851
27.4027
27.6259
27.8548
28.0895
28.3299
28.576
28.8277
29.0849
29.3473
29.6147
29.8869
30.1636
30.4446
30.7295
31.0182
31.3103
31.6058
31.9044
32.2062
32.5111
32.8191
33.1304
33.4453
33.7639
34.0868
34.4143
34.747
35.0856
35.4307
35.7832
36.1438
36.5134
36.893
37.2835
37.6857
38.1006
38.529
38.9716
39.429
39.9017
40.3898
40.8931
41.4148
41.9192
42.7054
18.4232
18.4992
18.5786
18.6612
18.7472
18.8365
18.9289
19.0246
19.1235
19.2254
19.3304
19.4384
19.5494
19.6633
19.78
19.8996
20.0219
20.1468
20.2744
20.4045
20.5371
20.672
20.8093
20.9489
21.0906
21.2344
21.3803
21.5282
21.678
21.8297
21.9833
22.1387
22.296
22.4551
22.6162
22.7793
22.9444
23.1118
23.2814
23.4535
23.6282
23.8058
23.9864
24.1704
24.3579
24.5493
24.7448
24.9448
25.1494
25.359
25.5738
25.7941
26.0201
26.2519
26.4897
26.7336
26.9836
27.2398
27.502
27.7701
28.044
28.3235
28.6083
28.898
29.1924
29.4911
29.7937
30.0997
30.409
30.7209
31.0353
31.3518
31.6702
31.9902
32.3117
32.6346
32.9589
33.2847
33.6122
33.9414
34.2728
34.6068
34.9438
35.2843
35.6291
35.9787
36.3339
36.6955
37.0643
37.4411
37.8269
38.2223
38.6281
39.0452
39.4741
39.9151
40.3685
40.8376
41.2899
41.9979
18.1291
18.189
18.252
18.3183
18.3879
18.4607
18.5368
18.6161
18.6987
18.7845
18.8735
18.9657
19.0611
19.1596
19.2613
19.366
19.4739
19.5848
19.6987
19.8156
19.9355
20.0583
20.1841
20.3127
20.4443
20.5787
20.7159
20.856
20.999
21.1449
21.2936
21.4453
21.6
21.7577
21.9186
22.0827
22.2502
22.4212
22.5958
22.7742
22.9567
23.1434
23.3345
23.5303
23.731
23.9369
24.1482
24.3652
24.588
24.817
25.0522
25.294
25.5423
25.7974
26.0592
26.3279
26.6033
26.8853
27.1738
27.4687
27.7695
28.0761
28.388
28.7048
29.0261
29.3515
29.6804
30.0124
30.3469
30.6835
31.0217
31.3612
31.7015
32.0422
32.3832
32.7243
33.0652
33.4059
33.7464
34.0869
34.4275
34.7683
35.1099
35.4525
35.7967
36.1429
36.4919
36.8442
37.2006
37.5618
37.9285
38.3017
38.6819
39.0701
39.4668
39.8727
40.2881
40.7165
41.1277
41.7737
17.9486
17.9976
18.0498
18.1051
18.1637
18.2255
18.2905
18.3588
18.4305
18.5054
18.5836
18.6652
18.7501
18.8383
18.9299
19.0248
19.123
19.2246
19.3295
19.4378
19.5494
19.6645
19.7829
19.9047
20.03
20.1588
20.291
20.4268
20.5662
20.7093
20.8561
21.0068
21.1613
21.3199
21.4826
21.6496
21.8211
21.9972
22.178
22.3639
22.5549
22.7514
22.9535
23.1614
23.3755
23.5959
23.823
24.0568
24.2976
24.5455
24.8009
25.0637
25.334
25.612
25.8975
26.1906
26.4912
26.7989
27.1138
27.4353
27.7633
28.0973
28.4368
28.7814
29.1306
29.4837
29.8402
30.1994
30.5609
30.924
31.2882
31.6529
32.0177
32.3821
32.7457
33.1081
33.4693
33.8288
34.1867
34.5429
34.8974
35.2504
35.6021
35.9528
36.3027
36.6524
37.0023
37.353
37.7051
38.0592
38.4161
38.7764
39.1409
39.5104
39.8857
40.2673
40.6557
41.0547
41.4355
42.0355
17.8665
17.9101
17.9568
18.0067
18.0596
18.1158
18.1753
18.238
18.3041
18.3736
18.4464
18.5226
18.6023
18.6854
18.772
18.8621
18.9558
19.053
19.1538
19.2583
19.3664
19.4782
19.5938
19.7132
19.8365
19.9637
20.095
20.2304
20.37
20.5139
20.6622
20.8151
20.9726
21.135
21.3024
21.475
21.6529
21.8364
22.0257
22.221
22.4225
22.6304
22.8451
23.0667
23.2955
23.5317
23.7756
24.0273
24.2871
24.5551
24.8314
25.1162
25.4094
25.7111
26.0213
26.3398
26.6665
27.0011
27.3434
27.693
28.0494
28.4123
28.7811
29.1551
29.5339
29.9167
30.3029
30.6918
31.0828
31.475
31.8679
32.2609
32.6533
33.0446
33.4342
33.8218
34.2071
34.5895
34.9691
35.3456
35.7189
36.0891
36.4562
36.8205
37.1822
37.5416
37.899
38.2551
38.6102
38.9649
39.32
39.676
40.0337
40.3938
40.7571
41.1244
41.4962
41.8764
42.2367
42.8065
17.8786
17.9224
17.9692
18.0192
18.0723
18.1286
18.1881
18.251
18.3172
18.3868
18.4598
18.5363
18.6163
18.6998
18.787
18.8777
18.9722
19.0703
19.1722
19.278
19.3877
19.5013
19.619
19.7408
19.8668
19.9972
20.132
20.2714
20.4155
20.5644
20.7183
20.8774
21.0418
21.2117
21.3874
21.569
21.7568
21.951
22.1518
22.3595
22.5744
22.7967
23.0266
23.2645
23.5106
23.765
24.0282
24.3002
24.5812
24.8715
25.171
25.48
25.7984
26.1261
26.4632
26.8094
27.1646
27.5285
27.9007
28.2808
28.6684
29.0628
29.4637
29.8701
30.2816
30.6973
31.1164
31.5383
31.9621
32.3871
32.8125
33.2375
33.6614
34.0837
34.5036
34.9207
35.3345
35.7445
36.1504
36.5521
36.9492
37.3418
37.7299
38.1134
38.4926
38.8677
39.2391
39.607
39.9721
40.3347
40.6955
41.055
41.4141
41.7734
42.1338
42.496
42.8607
43.2321
43.5814
44.1366
17.9934
18.0434
18.0963
18.1524
18.2117
18.2742
18.3399
18.409
18.4814
18.5573
18.6366
18.7194
18.8057
18.8957
18.9893
19.0866
19.1876
19.2925
19.4013
19.5141
19.6309
19.7519
19.8772
20.0068
20.141
20.2798
20.4233
20.5718
20.7254
20.8844
21.0487
21.2188
21.3948
21.5769
21.7654
21.9605
22.1625
22.3717
22.5883
22.8126
23.0449
23.2855
23.5346
23.7927
24.0598
24.3364
24.6226
24.9186
25.2246
25.5409
25.8674
26.2043
26.5515
26.9091
27.2769
27.6547
28.0422
28.4393
28.8455
29.2602
29.6831
30.1134
30.5506
30.9938
31.4424
31.8955
32.3523
32.8119
33.2734
33.7359
34.1987
34.6608
35.1214
35.5798
36.0352
36.487
36.9347
37.3777
37.8155
38.2479
38.6745
39.0953
39.5101
39.9189
40.3218
40.719
41.1107
41.4973
41.8791
42.2567
42.6306
43.0014
43.3698
43.7366
44.1026
44.4687
44.8356
45.2081
45.5556
46.1119
18.2363
18.2989
18.3646
18.4335
18.5057
18.5811
18.6598
18.7418
18.8272
18.916
19.0083
19.1042
19.2035
19.3065
19.4132
19.5236
19.6379
19.756
19.8782
20.0044
20.1348
20.2695
20.4087
20.5524
20.7009
20.8542
21.0126
21.1763
21.3455
21.5204
21.7011
21.8881
22.0814
22.2815
22.4885
22.7028
22.9246
23.1543
23.3922
23.6386
23.8938
24.1582
24.4321
24.7157
25.0094
25.3134
25.6281
25.9535
26.29
26.6377
26.9967
27.3671
27.7488
28.1418
28.5459
28.961
29.3868
29.823
30.269
30.7244
31.1886
31.6609
32.1406
32.627
33.119
33.6159
34.1168
34.6205
35.1263
35.633
36.1398
36.6455
37.1495
37.6507
38.1483
38.6416
39.1299
39.6125
40.0891
40.559
41.0219
41.4777
41.9261
42.3671
42.8007
43.2271
43.6463
44.0588
44.4649
44.8651
45.2599
45.6499
46.036
46.4189
46.7994
47.1787
47.5573
47.9412
48.2962
48.8705
18.6555
18.7384
18.8245
18.9139
19.0066
19.1026
19.2019
19.3046
19.4107
19.5202
19.6332
19.7497
19.8698
19.9935
20.1209
20.2521
20.3871
20.5261
20.6691
20.8163
20.9678
21.1238
21.2843
21.4495
21.6198
21.7951
21.9758
22.1621
22.3541
22.5523
22.7568
22.9679
23.1859
23.4112
23.644
23.8848
24.1337
24.3913
24.6578
24.9337
25.2191
25.5147
25.8206
26.1372
26.4649
26.8039
27.1546
27.5171
27.8918
28.2787
28.6779
29.0896
29.5137
29.9501
30.3988
30.8594
31.3317
31.8152
32.3096
32.8141
33.3282
33.8512
34.3822
34.9204
35.4647
36.0143
36.5681
37.125
37.6839
38.2438
38.8034
39.3619
39.9181
40.471
41.0197
41.5633
42.1011
42.6322
43.1561
43.6723
44.1802
44.6797
45.1704
45.6522
46.1252
46.5893
47.0449
47.492
47.9313
48.3631
48.7879
49.2066
49.6199
50.0286
50.4339
50.8368
51.238
51.6449
52.018
52.6302
19.3341
19.4466
19.5623
19.6814
19.8039
19.9297
20.0588
20.1914
20.3273
20.4667
20.6096
20.756
20.906
21.0596
21.2169
21.3781
21.5431
21.7122
21.8853
22.0627
22.2445
22.4309
22.6221
22.8182
23.0194
23.226
23.4383
23.6564
23.8808
24.1116
24.3492
24.5939
24.8461
25.1061
25.3743
25.6511
25.9369
26.232
26.537
26.8521
27.1777
27.5144
27.8625
28.2223
28.5942
28.9786
29.3758
29.7859
30.2094
30.6463
31.0967
31.5608
32.0384
32.5296
33.0341
33.5518
34.0822
34.6248
35.1793
35.745
36.321
36.9067
37.5012
38.1034
38.7124
39.327
39.9461
40.5684
41.1929
41.8183
42.4433
43.0667
43.6875
44.3044
44.9164
45.5225
46.1218
46.7135
47.2968
47.8711
48.436
48.9909
49.5357
50.0701
50.5941
51.1077
51.6112
52.1049
52.589
53.0643
53.5313
53.9908
54.4437
54.891
55.334
55.7741
56.2119
56.6568
57.0613
57.7373
20.4114
20.5652
20.7223
20.8829
21.0468
21.2141
21.3848
21.5589
21.7365
21.9175
22.1019
22.29
22.4816
22.6769
22.876
23.0789
23.2857
23.4967
23.7119
23.9314
24.1555
24.3844
24.6182
24.8572
25.1016
25.3517
25.6078
25.8702
26.1392
26.4151
26.6984
26.9894
27.2885
27.5961
27.9126
28.2385
28.5742
28.9202
29.2769
29.6448
30.0244
30.416
30.8202
31.2373
31.6678
32.112
32.5703
33.0429
33.5301
34.0322
34.5492
35.0811
35.6281
36.1899
36.7663
37.3572
37.9621
38.5805
39.2118
39.8553
40.5103
41.1759
41.851
42.5345
43.2255
43.9225
44.6244
45.3298
46.0375
46.746
47.454
48.1601
48.8631
49.5617
50.2548
50.941
51.6196
52.2895
52.9498
53.5999
54.2391
54.8671
55.4834
56.0878
56.6802
57.2608
57.8298
58.3873
58.934
59.4705
59.9974
60.5158
61.0268
61.5315
62.0316
62.5288
63.0236
63.5287
63.984
64.7624
22.1249
22.3361
22.5507
22.7688
22.9902
23.2151
23.4434
23.6751
23.9103
24.1489
24.391
24.6368
24.8862
25.1393
25.3963
25.6571
25.9221
26.1913
26.4649
26.743
27.0259
27.3138
27.6069
27.9056
28.21
28.5205
28.8375
29.1613
29.4922
29.8307
30.1772
30.5321
30.8959
31.269
31.652
32.0453
32.4495
32.865
33.2925
33.7323
34.185
34.6512
35.1313
35.6258
36.1352
36.6598
37.2
37.7562
38.3286
38.9174
39.5228
40.1448
40.7834
41.4386
42.1099
42.7973
43.5001
44.2179
44.95
45.6957
46.454
47.2241
48.0047
48.7948
49.5931
50.3982
51.2087
52.0233
52.8404
53.6586
54.4764
55.2922
56.1047
56.9125
57.7142
58.5085
59.2943
60.0705
60.8362
61.5905
62.3327
63.0623
63.7789
64.4821
65.172
65.8486
66.5121
67.1629
67.8016
68.429
69.046
69.6538
70.2537
70.8475
71.4369
72.0246
72.6106
73.2129
73.7511
74.6962
24.9006
25.1932
25.4892
25.7886
26.0915
26.3977
26.7074
27.0205
27.337
27.6571
27.9807
28.308
28.639
28.9738
29.3126
29.6554
30.0025
30.354
30.7101
31.071
31.437
31.8083
32.1853
32.5681
32.9572
33.353
33.7558
34.166
34.5842
35.0106
35.4459
35.8906
36.3451
36.8101
37.286
37.7735
38.2732
38.7856
39.3113
39.851
40.4051
40.9744
41.5593
42.1604
42.7782
43.4131
44.0656
44.736
45.4247
46.1318
46.8575
47.602
48.3651
49.1467
49.9467
50.7647
51.6001
52.4525
53.3212
54.2052
55.1038
56.0159
56.9403
57.8757
58.821
59.7746
60.735
61.7008
62.6704
63.6421
64.6144
65.5856
66.5542
67.5186
68.4772
69.4286
70.3716
71.3047
72.227
73.1373
74.0348
74.9189
75.789
76.6447
77.4859
78.3127
79.1254
79.9245
80.7107
81.4849
82.2486
83.003
83.7502
84.4921
85.2314
85.9716
86.7122
87.48
88.1599
89.3887
29.5619
29.9748
30.3909
30.8104
31.2332
31.6593
32.0888
32.5216
32.9578
33.3976
33.8409
34.2878
34.7385
35.1931
35.6517
36.1145
36.5817
37.0535
37.5301
38.0118
38.4989
38.9917
39.4906
39.9959
40.508
41.0274
41.5546
42.09
42.6341
43.1876
43.7509
44.3248
44.9097
45.5064
46.1155
46.7378
47.3738
48.0242
48.6898
49.3713
50.0693
50.7845
51.5176
52.2691
53.0397
53.8299
54.6403
55.4711
56.323
57.196
58.0906
59.0067
59.9446
60.904
61.885
62.8871
63.9101
64.9535
66.0167
67.0989
68.1993
69.3171
70.4511
71.6002
72.7631
73.9385
75.1249
76.3208
77.5245
78.7344
79.9488
81.1657
82.3835
83.6002
84.8141
86.0233
87.2261
88.4209
89.6061
90.7803
91.9424
93.0911
94.2258
95.3459
96.4511
97.5413
98.6169
99.6784
100.727
101.763
102.789
103.808
104.82
105.829
106.839
107.855
108.874
109.939
110.873
112.604
37.8677
38.4696
39.0745
39.6823
40.293
40.9065
41.523
42.1425
42.765
43.3907
44.0196
44.6518
45.2875
45.9268
46.5699
47.2171
47.8685
48.5244
49.1852
49.851
50.5224
51.1997
51.8834
52.5738
53.2715
53.9771
54.691
55.414
56.1467
56.8897
57.6437
58.4095
59.1879
59.9796
60.7855
61.6063
62.443
63.2963
64.1672
65.0564
65.965
66.8937
67.8433
68.8148
69.809
70.8265
71.8683
72.935
74.0273
75.1459
76.2914
77.4642
78.665
79.894
81.1516
82.4382
83.7538
85.0986
86.4725
87.8755
89.3071
90.767
92.2547
93.7694
95.3102
96.876
98.4654
100.077
101.709
103.359
105.025
106.705
108.396
110.095
111.8
113.507
115.214
116.919
118.617
120.307
121.987
123.654
125.306
126.943
128.564
130.168
131.754
133.324
134.878
136.418
137.945
139.463
140.973
142.48
143.987
145.503
147.02
148.607
149.986
152.557
54.0838
55.0083
55.9341
56.8612
57.7895
58.719
59.6498
60.5819
61.5154
62.4504
63.3871
64.3255
65.2659
66.2085
67.1536
68.1013
69.0521
70.0062
70.9642
71.9263
72.8933
73.8654
74.8435
75.828
76.8197
77.8193
78.8276
79.8455
80.8738
81.9134
82.9655
84.031
85.1111
86.2068
87.3194
88.4503
89.6006
90.7717
91.9652
93.1824
94.425
95.6945
96.9926
98.3211
99.6817
101.076
102.507
103.976
105.484
107.035
108.63
110.271
111.961
113.702
115.495
117.343
119.248
121.212
123.235
125.32
127.467
129.676
131.949
134.283
136.678
139.133
141.645
144.21
146.826
149.487
152.19
154.927
157.693
160.483
163.288
166.103
168.92
171.733
174.535
177.321
180.084
182.821
185.525
188.195
190.825
193.415
195.961
198.464
200.922
203.335
205.705
208.033
210.321
212.572
214.789
216.981
219.137
221.347
223.236
226.651
90.4358
91.967
93.4938
95.0158
96.5331
98.0458
99.554
101.058
102.558
104.054
105.546
107.035
108.522
110.006
111.489
112.971
114.452
115.934
117.416
118.901
120.39
121.882
123.381
124.886
126.399
127.923
129.458
131.007
132.572
134.155
135.757
137.383
139.035
140.714
142.426
144.173
145.958
147.786
149.661
151.586
153.568
155.609
157.717
159.896
162.151
164.489
166.915
169.436
172.057
174.786
177.627
180.588
183.673
186.888
190.237
193.725
197.355
201.128
205.046
209.109
213.315
217.659
222.138
226.744
231.468
236.299
241.226
246.234
251.308
256.43
261.584
266.75
271.909
277.043
282.132
287.158
292.103
296.95
301.685
306.292
310.759
315.075
319.229
323.214
327.022
330.648
334.087
337.336
340.393
343.258
345.931
348.413
350.709
352.822
354.76
356.531
358.14
359.635
360.845
362.718
191.979
194.849
197.698
200.527
203.337
206.129
208.904
211.666
214.415
217.152
219.882
222.604
225.323
228.04
230.759
233.482
236.212
238.954
241.71
244.486
247.284
250.11
252.969
255.866
258.808
261.799
264.847
267.958
271.141
274.402
277.749
281.192
284.74
288.401
292.186
296.105
300.167
304.385
308.767
313.326
318.073
323.017
328.171
333.543
339.144
344.983
351.069
357.408
364.006
370.867
377.993
385.386
393.042
400.956
409.12
417.523
426.15
434.982
443.996
453.167
462.464
471.853
481.295
490.751
500.175
509.522
518.743
527.79
536.613
545.163
553.394
561.26
568.72
575.734
582.27
588.299
593.796
598.743
603.127
606.941
610.182
612.851
614.957
616.511
617.526
618.022
618.019
617.541
616.615
615.268
613.531
611.434
609.011
606.296
603.326
600.129
596.777
593.149
589.976
584.142
604.038
610.767
617.455
624.11
630.737
637.347
643.948
650.547
657.153
663.775
670.421
677.101
683.824
690.599
697.436
704.344
711.334
718.416
725.6
732.897
740.319
747.875
755.577
763.436
771.463
779.669
788.064
796.658
805.461
814.483
823.732
833.216
842.942
852.915
863.14
873.621
884.36
895.356
906.609
918.115
929.867
941.859
954.08
966.517
979.153
991.97
1004.95
1018.05
1031.26
1044.54
1057.86
1071.16
1084.41
1097.56
1110.55
1123.32
1135.82
1147.97
1159.72
1170.99
1181.7
1191.79
1201.17
1209.78
1217.54
1224.38
1230.23
1235.04
1238.75
1241.3
1242.67
1242.83
1241.75
1239.44
1235.9
1231.15
1225.22
1218.16
1210.03
1200.9
1190.85
1179.97
1168.34
1156.09
1143.3
1130.09
1116.56
1102.82
1088.98
1075.12
1061.35
1047.74
1034.39
1021.36
1008.72
996.55
984.901
973.661
963.866
949.212
2587.44
2598.14
2608.4
2618.24
2627.64
2636.61
2645.12
2653.2
2660.82
2668
2674.72
2680.99
2686.8
2692.16
2697.06
2701.5
2705.48
2709
2712.06
2714.65
2716.78
2718.45
2719.64
2720.37
2720.62
2720.4
2719.69
2718.5
2716.83
2714.66
2711.99
2708.82
2705.13
2700.92
2696.19
2690.92
2685.11
2678.74
2671.81
2664.31
2656.23
2647.57
2638.3
2628.43
2617.95
2606.85
2595.13
2582.78
2569.82
2556.23
2542.02
2527.22
2511.81
2495.84
2479.3
2462.24
2444.69
2426.67
2408.25
2389.46
2370.36
2351.03
2331.51
2311.9
2292.26
2272.68
2253.25
2234.05
2215.17
2196.69
2178.7
2161.28
2144.49
2128.4
2113.06
2098.51
2084.78
2071.89
2059.84
2048.62
2038.21
2028.58
2019.69
2011.49
2003.92
1996.91
1990.41
1984.35
1978.65
1973.26
1968.12
1963.15
1958.3
1953.51
1948.75
1943.93
1939.11
1933.86
1929.58
1920.8
1184.13
289.33
302.458
311.307
314.404
313.332
310.403
306.407
302.505
298.537
294.619
276.192
338.098
303.675
503.032
636.532
741.511
828.316
902.766
968.204
1026.64
1079.31
1127.04
1170.45
1210.09
1246.48
1280.08
1311.35
1340.7
1368.48
1394.96
1420.37
1444.9
1468.65
1491.75
1514.27
1536.3
1557.96
1579.38
1600.68
1621.53
1641.99
1662.07
1681.75
1701
1719.75
1737.96
1755.57
1772.49
1788.68
1804.04
1818.51
1832.01
1844.44
1855.74
1865.81
1874.58
1881.96
1887.88
1892.28
1895.09
1896.26
1895.76
1893.55
1889.62
1883.99
1876.7
1867.76
1857.3
1845.71
1834.68
1829.34
1827.34
1824.72
1820.89
1815.89
1809.86
1802.91
1795.16
1786.72
1777.65
1768.05
1758
1747.56
1736.81
1725.81
1714.62
1703.31
1691.93
1680.53
1669.15
1657.85
1646.68
1635.69
1624.95
1614.53
1604.58
1595.3
1587.15
1580.1
1220.27
652.648
355.244
226.843
174.103
158.053
166.312
185.411
214.846
271.661
345.705
415.318
481.866
539.896
608.773
646.529
667.413
676.607
678.648
676.763
673.186
669.355
666.122
663.926
662.928
663.109
664.342
666.449
669.239
672.525
676.146
679.974
683.915
687.917
691.978
696.155
700.588
705.499
711.1
717.244
723.416
729.449
735.336
741.061
746.613
751.977
757.138
762.08
766.785
771.237
775.416
779.302
782.873
786.109
788.987
791.483
793.575
795.241
796.459
797.21
797.475
797.237
796.482
795.199
793.385
791.038
788.162
784.773
780.91
776.695
772.394
768.329
764.427
760.468
756.297
751.865
747.173
742.245
737.108
731.791
726.322
720.726
715.028
709.249
703.409
697.527
691.618
685.697
679.775
673.865
667.975
662.111
656.277
650.472
644.696
638.912
633.145
627.023
621.602
609.864
1271.21
450.666
195.307
138.694
127.213
130.988
159.643
218.313
295.812
375.561
440.159
490.067
524.525
546.099
548.906
541.555
529.469
516.117
504.169
495.096
489.402
486.917
487.109
489.334
492.996
497.619
502.854
508.471
514.324
520.326
526.432
532.62
538.884
545.226
551.647
558.139
564.666
571.141
577.44
583.802
590.154
596.46
602.7
608.857
614.911
620.844
626.633
632.256
637.687
642.898
647.858
652.536
656.897
660.904
664.519
667.704
670.421
672.63
674.296
675.387
675.873
675.73
674.939
673.491
671.381
668.614
665.203
661.17
656.546
651.379
645.742
639.744
633.474
626.966
620.22
613.248
606.077
598.741
591.281
583.735
576.14
568.527
560.926
553.363
545.858
538.431
531.096
523.865
516.748
509.75
502.878
496.131
489.511
483.01
476.623
470.324
464.113
457.781
451.971
441.834
1316.41
309.334
192.733
162.613
162.587
188.908
240.106
306.857
373.019
424.82
457.915
476.24
481.329
475.469
461.581
447.344
434.603
424.91
418.992
416.833
417.937
421.598
427.098
433.825
441.31
449.227
457.364
465.594
473.851
482.105
490.35
498.593
506.845
515.115
523.407
531.71
539.996
548.209
556.389
564.564
572.719
580.837
588.9
596.887
604.772
612.526
620.116
627.507
634.659
641.526
648.063
654.218
659.937
665.163
669.84
673.909
677.312
679.996
681.908
683.005
683.249
682.611
681.074
678.632
675.292
671.071
666
660.121
653.485
646.155
638.203
629.717
620.795
611.523
601.968
592.189
582.248
572.203
562.11
552.021
541.984
532.037
522.215
512.548
503.059
493.766
484.684
475.822
467.187
458.782
450.607
442.659
434.935
427.424
420.116
412.988
406.032
399.108
392.707
382.749
1360.25
301.932
218.571
209.455
225.276
260.874
308.256
355.785
393.506
417.098
428.049
429.539
423.711
413.217
401.647
392.055
385.148
381.495
381.174
383.894
389.168
396.44
405.182
414.939
425.342
436.118
447.072
458.077
469.062
479.99
490.852
501.654
512.409
523.128
533.82
544.479
555.087
565.64
576.142
586.593
596.983
607.298
617.516
627.609
637.542
647.276
656.763
665.951
674.783
683.197
691.125
698.495
705.233
711.261
716.502
720.88
724.321
726.759
728.135
728.4
727.517
725.464
722.235
717.842
712.312
705.69
698.035
689.423
679.938
669.675
658.736
647.23
635.271
622.969
610.422
597.72
584.947
572.178
559.482
546.918
534.537
522.383
510.489
498.883
487.587
476.613
465.972
455.669
445.704
436.074
426.774
417.796
409.128
400.757
392.667
384.834
377.246
369.791
362.905
352.77
1400.4
311.264
251.821
253.342
273.231
303.151
334.642
360.839
378.564
388.033
391.013
389.008
383.458
376.348
369.766
364.999
362.646
363.083
366.37
372.327
380.622
390.846
402.57
415.387
428.938
442.928
457.133
471.391
485.599
499.698
513.661
527.483
541.17
554.733
568.183
581.526
594.754
607.859
620.834
633.667
646.342
658.839
671.129
683.175
694.929
706.337
717.337
727.859
737.826
747.155
755.76
763.549
770.427
776.301
781.079
784.674
787.006
788.009
787.625
785.819
782.57
777.881
771.774
764.295
755.509
745.501
734.374
722.244
709.236
695.482
681.118
666.281
651.104
635.714
620.224
604.739
589.349
574.135
559.164
544.495
530.173
516.235
502.707
489.609
476.952
464.742
452.979
441.66
430.777
420.318
410.272
400.621
391.351
382.44
373.868
365.609
357.647
349.883
342.734
332.496
1439.7
324.28
278.012
280.588
295.013
313.859
331.752
346.198
356.648
363.324
366.484
366.468
364.209
361.156
358.701
357.786
359.047
362.859
369.345
378.418
389.837
403.259
418.295
434.542
451.626
469.221
487.062
504.949
522.739
540.342
557.705
574.805
591.636
608.21
624.54
640.623
656.451
672.01
687.283
702.248
716.88
731.146
745.006
758.41
771.296
783.594
795.224
806.1
816.126
825.202
833.223
840.086
845.684
849.917
852.692
853.926
853.55
851.515
847.792
842.374
835.284
826.566
816.294
804.564
791.495
777.224
761.904
745.694
728.76
711.268
693.38
675.25
657.022
638.827
620.779
602.977
585.503
568.427
551.803
535.673
520.067
505.005
490.499
476.553
463.165
450.327
438.027
426.251
414.98
404.196
393.878
384.002
374.547
365.487
356.798
348.45
340.427
332.635
325.481
315.377
1482.85
335.177
292.83
289.801
296.288
307.922
321.354
334.679
346.499
355.788
362.055
365.538
367.178
368.235
369.86
372.921
378.034
385.564
395.663
408.291
423.258
440.26
458.929
478.867
499.687
521.038
542.621
564.197
585.589
606.667
627.352
647.597
667.399
686.75
705.641
724.059
741.989
759.411
776.296
792.612
808.321
823.376
837.722
851.293
864.016
875.804
886.563
896.194
904.588
911.637
917.231
921.265
923.639
924.264
923.066
919.99
915.004
908.101
899.305
888.667
876.269
862.223
846.667
829.761
811.684
792.626
772.786
752.36
731.541
710.515
689.449
668.499
647.799
627.466
607.594
588.259
569.519
551.416
533.978
517.222
501.151
485.765
471.052
456.998
443.584
430.786
418.581
406.943
395.843
385.255
375.151
365.502
356.283
347.463
339.018
330.915
323.138
315.597
308.688
298.992
1529.45
340.913
295.787
286.793
292.511
308.471
328.709
349.06
366.999
381.395
392.186
400.076
406.183
411.741
417.801
425.172
434.437
445.95
459.872
476.185
494.728
515.226
537.33
560.653
584.806
609.422
634.182
658.816
683.114
706.91
730.113
752.667
774.519
795.632
815.982
835.543
854.289
872.187
889.201
905.285
920.387
934.449
947.404
959.174
969.674
978.811
986.486
992.596
997.036
999.706
1000.51
999.365
996.199
990.963
983.63
974.202
962.708
949.214
933.815
916.641
897.851
877.631
856.186
833.739
810.518
786.754
762.672
738.485
714.389
690.56
667.151
644.291
622.083
600.608
579.923
560.065
541.055
522.897
505.585
489.103
473.427
458.529
444.376
430.934
418.167
406.038
394.512
383.553
373.126
363.199
353.738
344.713
336.094
327.852
319.959
312.385
305.115
298.064
291.609
282.567
1567.56
340.113
291.399
289.849
314.667
351.68
389.991
424.083
451.882
473.362
489.543
501.97
512.176
521.558
531.237
542.044
554.549
569.091
585.815
604.703
625.601
648.248
672.315
697.431
723.218
749.312
775.384
801.141
826.362
850.887
874.568
897.298
919.001
939.62
959.11
977.43
994.542
1010.4
1024.96
1038.17
1049.97
1060.29
1069.06
1076.2
1081.62
1085.25
1086.98
1086.75
1084.46
1080.05
1073.47
1064.67
1053.65
1040.42
1025.04
1007.58
988.149
966.909
944.036
919.74
894.253
867.825
840.713
813.177
785.47
757.833
730.484
703.621
677.411
651.993
627.476
603.941
581.44
560.005
539.642
520.343
502.084
484.829
468.537
453.159
438.647
424.946
412.007
399.777
388.209
377.255
366.872
357.017
347.653
338.742
330.251
322.149
314.405
306.99
299.881
293.047
286.476
280.09
274.244
266.039
1593.23
336.32
299.108
338.878
410.124
485.847
553.417
608.026
649.348
679.367
700.816
716.474
728.73
739.46
750.033
761.382
774.097
788.506
804.74
822.78
842.483
863.618
885.888
908.966
932.499
956.147
979.595
1002.56
1024.8
1046.1
1066.29
1085.24
1102.87
1119.08
1133.83
1147.05
1158.69
1168.71
1177.04
1183.64
1188.44
1191.39
1192.41
1191.44
1188.43
1183.29
1175.99
1166.48
1154.73
1140.72
1124.46
1106.01
1085.41
1062.78
1038.26
1012
984.212
955.123
924.985
894.066
862.646
831.003
799.412
768.129
737.392
707.411
678.363
650.395
623.617
598.106
573.911
551.048
529.514
509.282
490.309
472.541
455.914
440.359
425.803
412.175
399.404
387.42
376.158
365.559
355.564
346.122
337.186
328.71
320.656
312.987
305.671
298.677
291.977
285.546
279.362
273.397
267.645
262.033
256.887
249.633
1597.25
347.897
375.698
510.187
659.391
791.356
896.47
973.968
1027.6
1062.84
1085.13
1099.03
1107.98
1114.42
1119.96
1125.61
1131.99
1139.45
1148.2
1158.27
1169.62
1182.09
1195.48
1209.54
1223.96
1238.41
1252.59
1266.21
1279.02
1290.82
1301.43
1310.7
1318.52
1324.8
1329.45
1332.41
1333.62
1333.02
1330.55
1326.17
1319.82
1311.45
1301.04
1288.53
1273.89
1257.12
1238.2
1217.16
1194.02
1168.85
1141.74
1112.81
1082.2
1050.1
1016.73
982.314
947.12
911.422
875.505
839.654
804.147
769.247
735.194
702.2
670.445
640.073
611.191
583.872
558.153
534.041
511.517
490.538
471.043
452.959
436.202
420.682
406.307
392.984
380.622
369.134
358.438
348.457
339.12
330.362
322.125
314.354
307.003
300.028
293.393
287.062
281.007
275.199
269.616
264.233
259.032
253.992
249.107
244.315
239.908
233.652
1633.73
448.273
695.456
998.697
1253.95
1441.7
1568.91
1648.1
1692.39
1713.15
1719.02
1715.94
1707.7
1696.63
1684.13
1671.06
1658.07
1645.61
1634.12
1623.85
1614.89
1607.21
1600.68
1595.07
1590.12
1585.56
1581.1
1576.48
1571.45
1565.77
1559.26
1551.75
1543.1
1533.18
1521.89
1509.14
1494.86
1478.98
1461.45
1442.21
1421.22
1398.47
1373.92
1347.59
1319.47
1289.61
1258.04
1224.85
1190.13
1154.01
1116.64
1078.2
1038.91
998.998
958.707
918.307
878.067
838.26
799.151
760.987
723.996
688.379
654.303
621.901
591.269
562.468
535.524
510.432
487.158
465.646
445.82
427.59
410.858
395.516
381.456
368.569
356.748
345.89
335.898
326.681
318.154
310.24
302.868
295.976
289.506
283.409
277.639
272.158
266.93
261.926
257.12
252.487
248.008
243.663
239.439
235.315
231.292
227.314
223.64
218.374
1381.75
1242.72
1850.48
2333.56
2623.95
2766.4
2818.42
2816.65
2785.44
2739.59
2687.15
2631.93
2575.48
2518.43
2461.23
2404.43
2348.67
2294.64
2242.86
2193.71
2147.4
2103.94
2063.17
2024.83
1988.61
1954.16
1921.13
1889.2
1858.05
1827.4
1796.98
1766.57
1735.96
1704.97
1673.45
1641.27
1608.3
1574.47
1539.69
1503.91
1467.08
1429.19
1390.23
1350.22
1309.2
1267.22
1224.38
1180.78
1136.56
1091.89
1046.93
1001.9
957.019
912.51
868.614
825.567
783.6
742.929
703.752
666.24
630.537
596.754
564.967
535.22
507.525
481.863
458.188
436.435
416.516
398.331
381.771
366.719
353.056
340.664
329.427
319.231
309.969
301.541
293.852
286.816
280.354
274.393
268.868
263.721
258.9
254.361
250.062
245.969
242.051
238.283
234.642
231.108
227.664
224.295
220.988
217.73
214.522
211.316
208.336
204.012
1522.69
4458.55
5464.47
5550.55
5389.85
5133.22
4864.72
4612.25
4383.99
4178.83
3992.49
3820.41
3659.12
3506.6
3362
3225.17
3096.23
2975.29
2862.28
2756.94
2658.84
2567.44
2482.17
2402.41
2327.58
2257.08
2190.39
2126.97
2066.36
2008.1
1951.81
1897.12
1843.72
1791.34
1739.74
1688.71
1638.08
1587.7
1537.46
1487.26
1437.06
1386.8
1336.49
1286.13
1235.76
1185.46
1135.3
1085.4
1035.9
986.945
938.701
891.346
845.064
800.041
756.454
714.474
674.254
635.928
599.603
565.362
533.258
503.313
475.524
449.859
426.265
404.666
384.971
367.076
350.87
336.232
323.041
311.178
300.521
290.958
282.377
274.675
267.755
261.525
255.901
250.807
246.172
241.933
238.033
234.42
231.048
227.878
224.874
222.007
219.249
216.578
213.975
211.423
208.907
206.416
203.941
201.468
199.002
196.502
194.158
190.7
)
;

boundaryField
{
    outlet
    {
        type            zeroGradient;
    }
    inlet
    {
        type            fixedValue;
        value           uniform 17.57;
    }
    lowerWall
    {
        Cmu             0.09;
        kappa           0.41;
        E               9.8;
        beta1           0.075;
        type            omegaWallFunction;
        value           nonuniform List<scalar> 
148
(
7254.63
8569.06
9629.25
10283
10668.4
10885.8
10995.8
11035
11026.8
10987.3
10927.3
10854.4
10774
10689.7
10604.1
10519.1
10435.8
10355
10277.3
10202.9
10132
10064.5
10000.5
9939.96
9882.64
9828.45
9777.22
9728.84
9682.97
9640.18
9596.81
9568.9
9476.96
1184.13
1220.27
1271.21
1316.41
1360.25
1400.4
1439.7
1482.85
1529.45
1567.56
1593.23
1597.25
1633.73
1381.75
1522.69
1184.13
289.33
302.458
311.307
314.404
313.332
310.403
306.407
302.505
298.537
294.619
276.192
338.098
303.675
503.032
636.532
741.511
828.316
902.766
968.204
1026.64
1079.31
1127.04
1170.45
1210.09
1246.48
1280.08
1311.35
1340.7
1368.48
1394.96
1420.37
1444.9
1468.65
1491.75
1514.27
1536.3
1557.96
1579.38
1600.68
1621.53
1641.99
1662.07
1681.75
1701
1719.75
1737.96
1755.57
1772.49
1788.68
1804.04
1818.51
1832.01
1844.44
1855.74
1865.81
1874.58
1881.96
1887.88
1892.28
1895.09
1896.26
1895.76
1893.55
1889.62
1883.99
1876.7
1867.76
1857.3
1845.71
1834.68
1829.34
1827.34
1824.72
1820.89
1815.89
1809.86
1802.91
1795.16
1786.72
1777.65
1768.05
1758
1747.56
1736.81
1725.81
1714.62
1703.31
1691.93
1680.53
1669.15
1657.85
1646.68
1635.69
1624.95
1614.53
1604.58
1595.3
1587.15
1580.1
)
;
    }
    upperWall
    {
        Cmu             0.09;
        kappa           0.41;
        E               9.8;
        beta1           0.075;
        type            omegaWallFunction;
        value           nonuniform List<scalar> 
133
(
1719.4
1778.23
1839.24
1895.41
1945.93
1992.23
2035.28
2075.52
2113.26
2148.7
2182.04
2213.4
2242.93
2270.74
2296.93
2321.61
2344.85
2366.74
2387.37
2406.81
2425.12
2442.37
2458.63
2473.95
2488.38
2501.98
2514.8
2526.87
2538.26
2548.98
2559.1
2568.62
2577.62
2587.44
2598.14
2608.4
2618.24
2627.64
2636.61
2645.12
2653.2
2660.82
2668
2674.72
2680.99
2686.8
2692.16
2697.06
2701.5
2705.48
2709
2712.06
2714.65
2716.78
2718.45
2719.64
2720.37
2720.62
2720.4
2719.69
2718.5
2716.83
2714.66
2711.99
2708.82
2705.13
2700.92
2696.19
2690.92
2685.11
2678.74
2671.81
2664.31
2656.23
2647.57
2638.3
2628.43
2617.95
2606.85
2595.13
2582.78
2569.82
2556.23
2542.02
2527.22
2511.81
2495.84
2479.3
2462.24
2444.69
2426.67
2408.25
2389.46
2370.36
2351.03
2331.51
2311.9
2292.26
2272.68
2253.25
2234.05
2215.17
2196.69
2178.7
2161.28
2144.49
2128.4
2113.06
2098.51
2084.78
2071.89
2059.84
2048.62
2038.21
2028.58
2019.69
2011.49
2003.92
1996.91
1990.41
1984.35
1978.65
1973.26
1968.12
1963.15
1958.3
1953.51
1948.75
1943.93
1939.11
1933.86
1929.58
1920.8
)
;
    }
    frontAndBack
    {
        type            empty;
    }
}


// ************************************************************************* //
