/*--------------------------------*- C++ -*----------------------------------*\
| =========                 |                                                 |
| \\      /  F ield         | OpenFOAM: The Open Source CFD Toolbox           |
|  \\    /   O peration     | Version:  4.1                                   |
|   \\  /    A nd           | Web:      www.OpenFOAM.org                      |
|    \\/     M anipulation  |                                                 |
\*---------------------------------------------------------------------------*/
FoamFile
{
    version     2.0;
    format      ascii;
    class       volScalarField;
    location    "700";
    object      k;
}
// * * * * * * * * * * * * * * * * * * * * * * * * * * * * * * * * * * * * * //

dimensions      [0 2 -2 0 0 0 0];

internalField   nonuniform List<scalar> 
6820
(
0.241787
0.289665
0.336844
0.381951
0.423953
0.46211
0.495948
0.525265
0.550092
0.57064
0.587232
0.60026
0.610144
0.617304
0.622141
0.625025
0.626286
0.626218
0.625076
0.623079
0.620412
0.617231
0.613667
0.609829
0.605806
0.601672
0.597487
0.593298
0.589145
0.58506
0.58106
0.577242
0.574875
0.202474
0.204679
0.206995
0.209467
0.212041
0.214681
0.217362
0.220056
0.222733
0.22537
0.227954
0.230479
0.232942
0.235349
0.237707
0.240026
0.242314
0.244581
0.246837
0.24909
0.251345
0.253609
0.255885
0.258177
0.260485
0.26281
0.26515
0.267505
0.26987
0.272243
0.274624
0.277004
0.279907
0.199741
0.199215
0.198471
0.197596
0.196619
0.195573
0.194483
0.193366
0.192235
0.191099
0.18997
0.188855
0.187761
0.186695
0.185662
0.184667
0.183716
0.182812
0.181958
0.181159
0.180414
0.179725
0.179091
0.178511
0.177984
0.17751
0.177087
0.176715
0.176391
0.176114
0.175882
0.1757
0.1756
0.199153
0.198176
0.197113
0.195992
0.194809
0.193571
0.192297
0.191001
0.189694
0.188384
0.187078
0.185782
0.184501
0.183238
0.181997
0.180781
0.179591
0.178431
0.177301
0.176204
0.17514
0.17411
0.173114
0.172153
0.171226
0.170332
0.169472
0.168645
0.16785
0.167088
0.166356
0.165655
0.164984
0.198981
0.1979
0.196807
0.195699
0.194559
0.193388
0.192197
0.190994
0.189785
0.188574
0.187366
0.186167
0.184978
0.183802
0.182643
0.181503
0.180382
0.179283
0.178206
0.177153
0.176125
0.175121
0.174143
0.17319
0.172263
0.171361
0.170485
0.169634
0.168807
0.168005
0.167227
0.166471
0.165731
0.198926
0.197795
0.196678
0.195576
0.194473
0.193363
0.192249
0.191134
0.190019
0.188909
0.187806
0.186711
0.185628
0.184558
0.183504
0.182465
0.181444
0.180441
0.179457
0.178492
0.177548
0.176624
0.17572
0.174837
0.173975
0.173133
0.172312
0.171511
0.17073
0.16997
0.169228
0.168505
0.167791
0.198906
0.197755
0.196631
0.195537
0.194463
0.193399
0.192342
0.191294
0.190254
0.189222
0.188201
0.187192
0.186194
0.18521
0.184241
0.183286
0.182348
0.181426
0.180521
0.179633
0.178762
0.177909
0.177075
0.176258
0.175459
0.174678
0.173914
0.173168
0.17244
0.171729
0.171035
0.170356
0.169684
0.1989
0.19774
0.196611
0.195517
0.194452
0.193408
0.192382
0.191373
0.19038
0.189401
0.188437
0.187487
0.186552
0.185631
0.184727
0.183837
0.182964
0.182107
0.181266
0.180441
0.179633
0.178841
0.178066
0.177307
0.176564
0.175838
0.175127
0.174433
0.173754
0.173091
0.172443
0.171808
0.171178
0.198897
0.197734
0.196603
0.195508
0.194448
0.193415
0.192408
0.191424
0.19046
0.189517
0.188591
0.187683
0.186792
0.185919
0.185061
0.184221
0.183396
0.182588
0.181796
0.18102
0.18026
0.179516
0.178787
0.178074
0.177376
0.176694
0.176026
0.175373
0.174735
0.174111
0.173501
0.172904
0.17231
0.198896
0.197732
0.1966
0.195505
0.194445
0.193417
0.192417
0.191444
0.190496
0.189571
0.188668
0.187785
0.186923
0.186079
0.185254
0.184447
0.183657
0.182884
0.182128
0.181388
0.180664
0.179956
0.179264
0.178587
0.177925
0.177278
0.176645
0.176026
0.175422
0.174831
0.174253
0.173687
0.173124
0.198896
0.197731
0.196599
0.195504
0.194444
0.193417
0.192421
0.191454
0.190514
0.1896
0.18871
0.187844
0.186999
0.186175
0.185371
0.184587
0.183821
0.183073
0.182342
0.181629
0.180931
0.18025
0.179585
0.178935
0.1783
0.177679
0.177073
0.17648
0.175902
0.175336
0.174784
0.174242
0.173704
0.198896
0.19773
0.196599
0.195504
0.194444
0.193418
0.192423
0.191458
0.190521
0.189612
0.188729
0.18787
0.187035
0.186222
0.18543
0.184659
0.183908
0.183176
0.182462
0.181765
0.181086
0.180423
0.179777
0.179146
0.17853
0.177929
0.177342
0.176769
0.17621
0.175664
0.175131
0.174609
0.174091
0.198896
0.19773
0.196599
0.195504
0.194444
0.193418
0.192424
0.19146
0.190525
0.189618
0.188738
0.187884
0.187054
0.186247
0.185463
0.1847
0.183958
0.183235
0.182532
0.181847
0.181179
0.180529
0.179895
0.179277
0.178675
0.178088
0.177515
0.176956
0.176411
0.175879
0.17536
0.174852
0.174348
0.198896
0.19773
0.196599
0.195504
0.194445
0.193419
0.192425
0.191461
0.190527
0.189621
0.188743
0.18789
0.187062
0.186259
0.185478
0.184719
0.183981
0.183264
0.182567
0.181888
0.181227
0.180584
0.179958
0.179349
0.178755
0.178176
0.177612
0.177063
0.176528
0.176006
0.175496
0.174998
0.174504
0.198896
0.19773
0.196599
0.195505
0.194445
0.193419
0.192425
0.191462
0.190528
0.189623
0.188745
0.187893
0.187067
0.186265
0.185486
0.184729
0.183994
0.18328
0.182586
0.181911
0.181254
0.180616
0.179995
0.17939
0.178802
0.178229
0.177671
0.177127
0.176598
0.176082
0.17558
0.175088
0.174601
0.198896
0.19773
0.196599
0.195505
0.194446
0.19342
0.192426
0.191463
0.190529
0.189624
0.188747
0.187895
0.187069
0.186268
0.18549
0.184734
0.184
0.183288
0.182595
0.181922
0.181267
0.180631
0.180012
0.179411
0.178825
0.178255
0.177701
0.177161
0.176635
0.176123
0.175625
0.175137
0.174654
0.198896
0.19773
0.1966
0.195505
0.194446
0.19342
0.192426
0.191463
0.19053
0.189625
0.188748
0.187896
0.187071
0.18627
0.185492
0.184737
0.184004
0.183292
0.1826
0.181928
0.181275
0.18064
0.180023
0.179422
0.178838
0.17827
0.177718
0.17718
0.176657
0.176147
0.175651
0.175166
0.174686
0.198896
0.19773
0.1966
0.195505
0.194446
0.19342
0.192427
0.191464
0.19053
0.189626
0.188748
0.187897
0.187072
0.186271
0.185493
0.184739
0.184006
0.183294
0.182603
0.181931
0.181279
0.180644
0.180028
0.179428
0.178845
0.178278
0.177726
0.17719
0.176667
0.176159
0.175664
0.175181
0.174702
0.198896
0.197729
0.1966
0.195506
0.194446
0.193421
0.192427
0.191464
0.190531
0.189626
0.188749
0.187898
0.187073
0.186272
0.185494
0.18474
0.184007
0.183296
0.182605
0.181933
0.181281
0.180647
0.180031
0.179432
0.178849
0.178283
0.177732
0.177195
0.176674
0.176166
0.175672
0.17519
0.174712
0.198896
0.197729
0.1966
0.195506
0.194446
0.193421
0.192427
0.191464
0.190531
0.189627
0.188749
0.187899
0.187073
0.186272
0.185495
0.184741
0.184008
0.183297
0.182606
0.181935
0.181283
0.180649
0.180033
0.179434
0.178852
0.178285
0.177734
0.177199
0.176677
0.17617
0.175676
0.175194
0.174717
0.198896
0.197729
0.1966
0.195506
0.194447
0.193421
0.192427
0.191465
0.190532
0.189627
0.18875
0.187899
0.187074
0.186273
0.185496
0.184742
0.184009
0.183298
0.182607
0.181936
0.181284
0.18065
0.180034
0.179435
0.178853
0.178287
0.177737
0.177201
0.17668
0.176173
0.175679
0.175197
0.17472
0.198896
0.197729
0.1966
0.195506
0.194447
0.193421
0.192428
0.191465
0.190532
0.189627
0.18875
0.1879
0.187074
0.186274
0.185497
0.184742
0.18401
0.183299
0.182608
0.181937
0.181285
0.180651
0.180035
0.179437
0.178855
0.178288
0.177738
0.177202
0.176681
0.176174
0.175681
0.175199
0.174722
0.198896
0.197729
0.1966
0.195506
0.194447
0.193421
0.192428
0.191465
0.190532
0.189628
0.188751
0.1879
0.187075
0.186274
0.185497
0.184743
0.18401
0.183299
0.182608
0.181937
0.181285
0.180652
0.180036
0.179437
0.178855
0.178289
0.177739
0.177203
0.176683
0.176176
0.175682
0.1752
0.174723
0.198896
0.19773
0.1966
0.195506
0.194447
0.193421
0.192428
0.191465
0.190532
0.189628
0.188751
0.1879
0.187075
0.186274
0.185497
0.184743
0.184011
0.1833
0.182609
0.181938
0.181286
0.180652
0.180037
0.179438
0.178856
0.17829
0.17774
0.177204
0.176683
0.176176
0.175683
0.175201
0.174724
0.198896
0.197729
0.1966
0.195506
0.194447
0.193421
0.192428
0.191465
0.190532
0.189628
0.188751
0.1879
0.187075
0.186274
0.185497
0.184743
0.184011
0.1833
0.182609
0.181938
0.181286
0.180653
0.180037
0.179438
0.178856
0.17829
0.17774
0.177204
0.176683
0.176176
0.175683
0.175201
0.174724
0.198896
0.197729
0.1966
0.195506
0.194447
0.193421
0.192428
0.191465
0.190532
0.189628
0.188751
0.1879
0.187075
0.186274
0.185497
0.184743
0.184011
0.1833
0.182609
0.181938
0.181286
0.180653
0.180037
0.179438
0.178856
0.17829
0.17774
0.177204
0.176683
0.176177
0.175683
0.175201
0.174724
0.198896
0.197729
0.1966
0.195506
0.194447
0.193421
0.192428
0.191465
0.190532
0.189628
0.188751
0.1879
0.187075
0.186274
0.185497
0.184743
0.18401
0.183299
0.182608
0.181937
0.181285
0.180652
0.180036
0.179437
0.178855
0.178289
0.177738
0.177203
0.176682
0.176175
0.175681
0.175199
0.174722
0.198896
0.197729
0.1966
0.195506
0.194447
0.193421
0.192428
0.191465
0.190532
0.189628
0.188751
0.1879
0.187075
0.186274
0.185497
0.184743
0.18401
0.183299
0.182608
0.181937
0.181285
0.180652
0.180036
0.179437
0.178855
0.178289
0.177738
0.177203
0.176682
0.176175
0.175681
0.175199
0.174722
0.198896
0.197729
0.1966
0.195506
0.194447
0.193421
0.192428
0.191465
0.190532
0.189627
0.18875
0.187899
0.187074
0.186273
0.185496
0.184741
0.184009
0.183297
0.182606
0.181935
0.181283
0.180649
0.180033
0.179434
0.178852
0.178285
0.177735
0.177199
0.176678
0.176171
0.175677
0.175195
0.174718
0.198896
0.197729
0.1966
0.195506
0.194447
0.193421
0.192427
0.191465
0.190532
0.189627
0.18875
0.187899
0.187074
0.186273
0.185496
0.184742
0.184009
0.183298
0.182607
0.181936
0.181283
0.18065
0.180034
0.179435
0.178852
0.178286
0.177735
0.177199
0.176678
0.176171
0.175677
0.175195
0.174717
0.198896
0.197729
0.1966
0.195506
0.194447
0.193421
0.192427
0.191464
0.190531
0.189626
0.188749
0.187898
0.187072
0.186271
0.185493
0.184738
0.184005
0.183294
0.182602
0.181931
0.181278
0.180644
0.180028
0.179428
0.178846
0.178279
0.177728
0.177192
0.17667
0.176162
0.175668
0.175185
0.174708
0.198896
0.197729
0.1966
0.195506
0.194446
0.193421
0.192427
0.191464
0.190531
0.189627
0.18875
0.187899
0.187074
0.186273
0.185496
0.184741
0.184008
0.183297
0.182605
0.181934
0.181281
0.180646
0.18003
0.17943
0.178847
0.17828
0.177728
0.177191
0.176669
0.176161
0.175666
0.175182
0.174704
0.198896
0.19773
0.1966
0.195505
0.194446
0.19342
0.192426
0.191462
0.190528
0.189623
0.188745
0.187893
0.187067
0.186265
0.185487
0.184732
0.183998
0.183286
0.182594
0.181921
0.181267
0.180632
0.180014
0.179413
0.178829
0.178261
0.177708
0.17717
0.176646
0.176136
0.175639
0.175154
0.174674
0.198896
0.19773
0.1966
0.195506
0.194447
0.193422
0.192429
0.191467
0.190534
0.18963
0.188753
0.187901
0.187075
0.186274
0.185495
0.184739
0.184004
0.183291
0.182597
0.181923
0.181267
0.180629
0.180009
0.179405
0.178818
0.178247
0.17769
0.177149
0.176621
0.176108
0.175607
0.175118
0.174633
0.198896
0.19773
0.1966
0.195504
0.194443
0.193416
0.192421
0.191457
0.190522
0.189617
0.188738
0.187885
0.187057
0.186253
0.185472
0.184713
0.183975
0.183258
0.18256
0.181881
0.181221
0.180578
0.179952
0.179343
0.17875
0.178172
0.177609
0.177061
0.176527
0.176007
0.175499
0.175004
0.174512
0.198897
0.197733
0.196606
0.195516
0.194462
0.193441
0.19245
0.191489
0.190556
0.18965
0.18877
0.187914
0.187082
0.186273
0.185486
0.18472
0.183974
0.183248
0.182541
0.181852
0.181181
0.180527
0.17989
0.17927
0.178665
0.178075
0.1775
0.176939
0.176393
0.17586
0.175341
0.174832
0.174328
0.1989
0.197735
0.196605
0.195515
0.194465
0.193449
0.192464
0.191508
0.190579
0.189676
0.188796
0.187939
0.187104
0.186291
0.185497
0.184724
0.18397
0.183235
0.182518
0.181819
0.181138
0.180473
0.179825
0.179193
0.178577
0.177976
0.177391
0.176819
0.176262
0.175719
0.175189
0.174672
0.174158
0.198944
0.197852
0.196795
0.195774
0.194787
0.193827
0.192894
0.191986
0.191101
0.190238
0.189397
0.188577
0.187778
0.186998
0.186237
0.185495
0.184771
0.184066
0.183378
0.182707
0.182054
0.181417
0.180797
0.180192
0.179603
0.179029
0.178471
0.177926
0.177397
0.176881
0.176379
0.175889
0.175406
0.199227
0.198572
0.198048
0.197613
0.197233
0.196892
0.196584
0.196305
0.196052
0.195821
0.19561
0.195418
0.195243
0.195084
0.194942
0.194813
0.194699
0.194597
0.194508
0.19443
0.194364
0.194307
0.194261
0.194223
0.194195
0.194174
0.194161
0.194155
0.194156
0.194164
0.194177
0.194196
0.194224
0.209515
0.220347
0.230808
0.24093
0.250733
0.260233
0.269438
0.278351
0.286978
0.295321
0.303382
0.311166
0.318675
0.325913
0.332885
0.339596
0.346049
0.352252
0.35821
0.36393
0.369416
0.374677
0.37972
0.38455
0.389175
0.393602
0.397838
0.40189
0.405764
0.409468
0.413008
0.416392
0.419649
0.644305
0.805297
0.984907
1.17059
1.33723
1.474
1.58007
1.65937
1.71784
1.76125
1.79397
1.81874
1.83759
1.85192
1.86254
1.86984
1.8736
1.87418
1.87128
1.86519
1.85638
1.84541
1.83282
1.81915
1.80494
1.79067
1.77673
1.76349
1.75118
1.74001
1.73012
1.72162
1.71455
1.70893
1.70472
1.70183
1.70017
1.69957
1.69987
1.70087
1.70238
1.70417
1.70603
1.70775
1.70912
1.70993
1.70999
1.70913
1.70716
1.70395
1.69937
1.6933
1.68566
1.67637
1.6654
1.65271
1.63829
1.62216
1.60435
1.58491
1.5639
1.5414
1.51751
1.49234
1.466
1.43863
1.41038
1.38141
1.35188
1.32198
1.29191
1.26186
1.23203
1.20263
1.17384
1.14582
1.11871
1.0926
1.06758
1.04369
1.02097
0.999466
0.979244
0.960393
0.943042
0.927346
0.913479
0.901606
0.891848
0.884249
0.878734
0.8751
0.873024
0.872081
0.871864
0.871945
0.872246
0.872587
0.873937
0.875394
0.287871
0.307581
0.342257
0.396262
0.468876
0.556537
0.653398
0.753147
0.850516
0.94178
1.02479
1.09871
1.16373
1.22066
1.2705
1.31414
1.35205
1.38459
1.41249
1.43605
1.45556
1.47135
1.48378
1.49323
1.50013
1.50488
1.50792
1.50962
1.51036
1.51045
1.51015
1.5097
1.5093
1.5091
1.50919
1.50963
1.51046
1.51163
1.51311
1.51479
1.51657
1.51831
1.51989
1.52115
1.52194
1.5221
1.52149
1.51997
1.51741
1.51369
1.50872
1.50241
1.49469
1.48551
1.47486
1.4627
1.44905
1.43392
1.41736
1.3994
1.38013
1.3596
1.33793
1.3152
1.29154
1.26707
1.24193
1.21626
1.19022
1.16397
1.13769
1.11156
1.08575
1.06043
1.03576
1.01187
0.988876
0.966854
0.945866
0.925953
0.907152
0.889505
0.873082
0.85798
0.844331
0.832296
0.822045
0.813731
0.807456
0.80323
0.800941
0.800342
0.801073
0.802685
0.804755
0.806862
0.808909
0.81073
0.813161
0.815338
0.175892
0.177394
0.180737
0.18714
0.197817
0.213794
0.236383
0.266457
0.304133
0.34876
0.399273
0.454312
0.512386
0.57205
0.632004
0.691113
0.748354
0.802674
0.853872
0.901731
0.946099
0.986878
1.02403
1.05757
1.08761
1.1143
1.13786
1.15856
1.17666
1.19245
1.20624
1.21829
1.22888
1.23824
1.24658
1.25409
1.2609
1.26712
1.27282
1.27802
1.28274
1.28696
1.29062
1.29367
1.29605
1.29766
1.29843
1.29826
1.29707
1.29478
1.29133
1.28666
1.28071
1.27346
1.26488
1.25498
1.24375
1.23123
1.21746
1.20247
1.18634
1.16915
1.15098
1.13192
1.11209
1.0916
1.07057
1.04913
1.02743
1.00561
0.98382
0.962214
0.940943
0.920151
0.899969
0.880508
0.86186
0.844093
0.827257
0.811388
0.796521
0.782703
0.770004
0.758526
0.748401
0.739788
0.732851
0.727736
0.72453
0.723227
0.723699
0.725683
0.728806
0.732618
0.73669
0.740612
0.744269
0.747494
0.750994
0.753912
0.164174
0.163492
0.163044
0.163048
0.163763
0.165476
0.16855
0.173386
0.180374
0.190046
0.20283
0.219064
0.239019
0.262852
0.290576
0.322022
0.356804
0.39429
0.433721
0.4745
0.515996
0.55757
0.598613
0.638577
0.677005
0.713538
0.747925
0.780012
0.80973
0.837081
0.862125
0.884965
0.905738
0.9246
0.941716
0.957251
0.97136
0.984182
0.995838
1.00642
1.01601
1.02465
1.03237
1.03918
1.04507
1.05002
1.054
1.05697
1.05888
1.0597
1.05939
1.0579
1.05521
1.0513
1.04618
1.03983
1.03229
1.02357
1.01373
1.0028
0.990853
0.977961
0.964204
0.94967
0.934456
0.918663
0.9024
0.885782
0.86893
0.851969
0.835028
0.818239
0.80173
0.785623
0.770026
0.755036
0.740729
0.727164
0.714385
0.70243
0.691335
0.68115
0.671948
0.663831
0.656932
0.651404
0.647403
0.645066
0.644469
0.645601
0.648329
0.652396
0.657441
0.663028
0.668743
0.674191
0.679243
0.683726
0.688212
0.691853
0.164798
0.163876
0.162999
0.162214
0.161576
0.161153
0.16104
0.161349
0.162206
0.163762
0.166197
0.169705
0.174487
0.180749
0.188705
0.198562
0.210501
0.224646
0.241006
0.259616
0.280433
0.303332
0.328099
0.35444
0.381997
0.410372
0.439154
0.467947
0.496386
0.524156
0.550999
0.576716
0.60117
0.624278
0.646
0.666337
0.685313
0.702971
0.719361
0.734539
0.748557
0.761458
0.77328
0.784049
0.793781
0.802482
0.810148
0.816768
0.822326
0.826806
0.830187
0.832455
0.833597
0.83361
0.832496
0.830265
0.826938
0.822544
0.817122
0.810718
0.80339
0.795199
0.786217
0.77652
0.766189
0.755313
0.743984
0.732299
0.72036
0.708274
0.696149
0.684097
0.672225
0.660637
0.649425
0.638672
0.628445
0.618796
0.60977
0.601403
0.593736
0.586823
0.580739
0.575587
0.571496
0.568614
0.56709
0.567052
0.568573
0.571637
0.57612
0.58178
0.588279
0.595209
0.602181
0.608823
0.614996
0.620521
0.625837
0.630087
0.166889
0.165976
0.165067
0.164173
0.163313
0.162505
0.161778
0.161172
0.160732
0.160509
0.160566
0.160979
0.161827
0.163195
0.165176
0.167869
0.171377
0.175798
0.181214
0.187714
0.195388
0.204313
0.21455
0.226134
0.239064
0.253302
0.268766
0.285334
0.302847
0.321115
0.33993
0.359077
0.378346
0.397539
0.416482
0.435023
0.453042
0.470441
0.487147
0.503106
0.51828
0.532643
0.546177
0.558865
0.570697
0.581658
0.591736
0.600914
0.609175
0.616503
0.622881
0.628294
0.632733
0.636191
0.638668
0.640172
0.640716
0.640321
0.639016
0.636838
0.633829
0.630038
0.625521
0.62034
0.614558
0.608248
0.601483
0.594343
0.586911
0.579275
0.571525
0.563753
0.556049
0.5485
0.541186
0.534178
0.527535
0.521308
0.515538
0.510266
0.505535
0.501401
0.49794
0.495253
0.493465
0.492716
0.493149
0.494886
0.497997
0.502474
0.508207
0.514975
0.522472
0.530325
0.538174
0.545671
0.552674
0.558994
0.564947
0.569656
0.168835
0.167969
0.167099
0.16623
0.165368
0.16452
0.163693
0.162901
0.162161
0.161491
0.160918
0.16047
0.160184
0.160098
0.160254
0.1607
0.161484
0.162655
0.164261
0.166343
0.168952
0.172135
0.175939
0.180409
0.185586
0.191505
0.198189
0.205654
0.213897
0.222901
0.23263
0.243031
0.254034
0.265555
0.277499
0.289765
0.30225
0.314851
0.32747
0.340015
0.3524
0.364551
0.376399
0.387883
0.398948
0.409545
0.41963
0.429161
0.438098
0.446407
0.454055
0.461012
0.467255
0.472763
0.477523
0.481525
0.484769
0.48726
0.489008
0.490033
0.490358
0.490014
0.489038
0.48747
0.485358
0.482752
0.479707
0.476284
0.472546
0.468563
0.464405
0.460146
0.45586
0.451618
0.447488
0.44353
0.439798
0.436338
0.433193
0.430401
0.42801
0.426074
0.424669
0.423891
0.423855
0.424696
0.426547
0.429525
0.433701
0.439076
0.44556
0.452962
0.461012
0.469375
0.477725
0.485742
0.493276
0.500131
0.50651
0.511511
0.170384
0.169571
0.168753
0.16793
0.167106
0.166281
0.16546
0.164646
0.163847
0.16307
0.162326
0.161628
0.16099
0.160431
0.159971
0.159634
0.159444
0.159429
0.159615
0.160029
0.160697
0.161644
0.162897
0.164481
0.16642
0.168736
0.17145
0.174582
0.178145
0.182154
0.186614
0.191528
0.19689
0.202691
0.208911
0.215526
0.222504
0.229806
0.23739
0.245209
0.253213
0.261349
0.269565
0.277807
0.286022
0.294158
0.302164
0.30999
0.317589
0.324913
0.33192
0.338567
0.344817
0.350637
0.355996
0.360871
0.365243
0.369097
0.372428
0.375233
0.377516
0.379287
0.380562
0.381362
0.381711
0.381641
0.381186
0.380387
0.379288
0.377939
0.376391
0.3747
0.372924
0.371118
0.369338
0.367634
0.366052
0.364634
0.363419
0.362446
0.361761
0.361415
0.361481
0.362045
0.363216
0.365115
0.367867
0.371581
0.376331
0.382129
0.388906
0.396505
0.404694
0.413181
0.421673
0.42988
0.437649
0.444777
0.451366
0.456491
0.171562
0.170796
0.170024
0.169247
0.168464
0.167679
0.166891
0.166102
0.165316
0.164535
0.163763
0.163006
0.162269
0.161561
0.160892
0.160272
0.159716
0.159237
0.158851
0.158575
0.158424
0.158415
0.158566
0.158891
0.159407
0.160128
0.161067
0.162236
0.163647
0.165309
0.167231
0.169417
0.171875
0.174605
0.177609
0.180885
0.184428
0.188231
0.192284
0.196574
0.201085
0.205797
0.21069
0.215738
0.220915
0.226193
0.23154
0.236924
0.24231
0.247664
0.25295
0.258131
0.263174
0.268045
0.27271
0.277141
0.28131
0.285196
0.288777
0.292041
0.294975
0.297574
0.299836
0.301765
0.303368
0.304659
0.305653
0.306374
0.306846
0.307102
0.307176
0.307106
0.306933
0.3067
0.306447
0.306215
0.306042
0.305964
0.306014
0.30623
0.30665
0.307326
0.308318
0.309706
0.311586
0.314066
0.317258
0.321267
0.326166
0.331977
0.338654
0.346075
0.354045
0.362316
0.370632
0.378729
0.386455
0.393604
0.400194
0.405285
0.172416
0.17169
0.170959
0.170221
0.169479
0.168731
0.167979
0.167224
0.166466
0.165707
0.164948
0.164191
0.163439
0.162697
0.161967
0.161255
0.160569
0.159915
0.159301
0.158739
0.158236
0.157804
0.157453
0.157195
0.15704
0.156999
0.157082
0.157297
0.157654
0.15816
0.158821
0.159643
0.16063
0.161786
0.163114
0.164615
0.16629
0.16814
0.170163
0.172357
0.174718
0.177241
0.179921
0.182748
0.185715
0.188809
0.192017
0.195325
0.198715
0.20217
0.20567
0.209192
0.212713
0.216212
0.219663
0.223043
0.22633
0.229501
0.232537
0.23542
0.238133
0.240663
0.243002
0.245142
0.24708
0.248816
0.250355
0.251705
0.252879
0.253893
0.254768
0.255526
0.256196
0.256806
0.257386
0.257966
0.258574
0.25924
0.259993
0.260863
0.261885
0.263101
0.264566
0.266347
0.268525
0.271196
0.274459
0.278408
0.283118
0.28862
0.294889
0.301833
0.3093
0.31708
0.324954
0.332688
0.340133
0.34708
0.353484
0.358401
0.173028
0.172334
0.171635
0.170931
0.170221
0.169506
0.168787
0.168063
0.167335
0.166604
0.16587
0.165133
0.164396
0.163659
0.162925
0.162195
0.161473
0.160762
0.160067
0.159393
0.158746
0.158132
0.157556
0.157028
0.156553
0.156139
0.155795
0.155526
0.155339
0.155241
0.155238
0.155334
0.155533
0.15584
0.156257
0.156787
0.157432
0.158193
0.15907
0.160064
0.161175
0.162402
0.163744
0.165198
0.166762
0.168432
0.170204
0.172072
0.174029
0.176068
0.178179
0.180351
0.182573
0.184832
0.187114
0.189405
0.19169
0.193953
0.196179
0.198354
0.200464
0.202497
0.204441
0.206287
0.208028
0.209659
0.211177
0.212584
0.213883
0.215081
0.216189
0.21722
0.21819
0.219118
0.220024
0.220929
0.221855
0.222823
0.223856
0.22498
0.226223
0.22762
0.229216
0.231065
0.233237
0.235811
0.238874
0.24251
0.24679
0.251754
0.257397
0.263655
0.270412
0.2775
0.284734
0.291909
0.298881
0.305446
0.311512
0.316148
0.173439
0.172772
0.172099
0.171421
0.170738
0.170051
0.169359
0.168662
0.167961
0.167256
0.166546
0.165833
0.165117
0.164398
0.163677
0.162955
0.162233
0.161514
0.160799
0.160091
0.159393
0.158708
0.158041
0.157395
0.156776
0.156187
0.155635
0.155123
0.154658
0.154244
0.153886
0.153587
0.153353
0.153186
0.15309
0.153067
0.15312
0.15325
0.153458
0.153747
0.154117
0.154567
0.155099
0.155712
0.156406
0.157179
0.158031
0.15896
0.159962
0.161037
0.162178
0.163383
0.164645
0.165959
0.167317
0.168713
0.170137
0.17158
0.173033
0.174488
0.175933
0.17736
0.178761
0.180126
0.18145
0.182725
0.183949
0.185119
0.186233
0.187295
0.188309
0.189282
0.190222
0.191142
0.192054
0.192972
0.193913
0.194892
0.195927
0.197037
0.198245
0.19958
0.201075
0.202776
0.204738
0.207027
0.209715
0.212877
0.216579
0.220867
0.225749
0.231192
0.23711
0.243376
0.249836
0.256314
0.262677
0.268727
0.274344
0.278625
0.173715
0.173067
0.172414
0.171756
0.171094
0.170428
0.169757
0.169082
0.168403
0.16772
0.167032
0.16634
0.165645
0.164946
0.164243
0.163537
0.162829
0.162119
0.161408
0.160698
0.15999
0.159286
0.158587
0.157898
0.157219
0.156555
0.155909
0.155283
0.154681
0.154107
0.153564
0.153055
0.152584
0.152155
0.151768
0.151428
0.151137
0.150896
0.150707
0.150572
0.150492
0.150468
0.1505
0.15059
0.150738
0.150943
0.151205
0.151525
0.151902
0.152335
0.152821
0.153361
0.153951
0.154589
0.155272
0.155997
0.156758
0.157551
0.158372
0.159214
0.160073
0.160942
0.161815
0.162687
0.163553
0.164408
0.165248
0.16607
0.166872
0.167656
0.168421
0.169171
0.169912
0.17065
0.171393
0.172151
0.172934
0.173755
0.174628
0.175565
0.176586
0.177712
0.178969
0.180393
0.182027
0.183922
0.18614
0.188744
0.191794
0.195338
0.199399
0.203963
0.208978
0.21435
0.219958
0.225655
0.231321
0.236767
0.241862
0.245745
0.173885
0.17325
0.172612
0.171969
0.171323
0.170672
0.170018
0.16936
0.168697
0.168031
0.167361
0.166687
0.16601
0.165328
0.164642
0.163953
0.16326
0.162564
0.161865
0.161164
0.160462
0.159759
0.159058
0.158358
0.157662
0.156971
0.156287
0.155613
0.15495
0.154301
0.153669
0.153055
0.152462
0.151892
0.151348
0.150831
0.150345
0.14989
0.149468
0.149081
0.14873
0.148417
0.148142
0.147906
0.14771
0.147555
0.14744
0.147367
0.147335
0.147344
0.147394
0.147485
0.147615
0.147784
0.147991
0.148234
0.148511
0.14882
0.149159
0.149524
0.149914
0.150324
0.150751
0.151191
0.151643
0.152102
0.152565
0.153031
0.153498
0.153965
0.154433
0.154903
0.155377
0.15586
0.156357
0.156875
0.15742
0.158002
0.158629
0.159314
0.16007
0.160913
0.161863
0.162946
0.164195
0.165652
0.167363
0.169381
0.171761
0.174549
0.177777
0.181451
0.185544
0.189994
0.194714
0.199583
0.204498
0.209284
0.213814
0.21728
0.173991
0.173366
0.172737
0.172105
0.17147
0.17083
0.170188
0.169542
0.168892
0.168239
0.167582
0.166921
0.166257
0.16559
0.164918
0.164243
0.163564
0.162882
0.162196
0.161508
0.160816
0.160123
0.159427
0.158731
0.158035
0.15734
0.156646
0.155956
0.155271
0.154591
0.153919
0.153257
0.152605
0.151965
0.15134
0.15073
0.150137
0.149563
0.14901
0.148477
0.147968
0.147483
0.147022
0.146588
0.14618
0.145799
0.145447
0.145123
0.144828
0.144562
0.144326
0.144119
0.143941
0.143793
0.143673
0.143582
0.143519
0.143482
0.143471
0.143485
0.143522
0.14358
0.143658
0.143754
0.143866
0.143992
0.144132
0.144282
0.144444
0.144614
0.144795
0.144986
0.14519
0.145407
0.145643
0.145901
0.146186
0.146504
0.146862
0.147269
0.147735
0.148271
0.148892
0.149619
0.150474
0.151488
0.152699
0.154147
0.155879
0.157939
0.160363
0.163169
0.166355
0.169886
0.173706
0.177724
0.181855
0.185946
0.18988
0.192919
0.17405
0.173431
0.172809
0.172184
0.171556
0.170924
0.170289
0.169652
0.169011
0.168366
0.167719
0.167068
0.166414
0.165757
0.165096
0.164432
0.163765
0.163094
0.162419
0.161742
0.161061
0.160378
0.159692
0.159004
0.158314
0.157623
0.156931
0.15624
0.15555
0.154862
0.154177
0.153495
0.152818
0.152148
0.151484
0.150829
0.150182
0.149547
0.148923
0.148311
0.147713
0.14713
0.146562
0.146011
0.145476
0.14496
0.144462
0.143982
0.143523
0.143083
0.142664
0.142265
0.141887
0.141531
0.141194
0.140879
0.140585
0.140311
0.140057
0.139823
0.139608
0.139411
0.139232
0.13907
0.138924
0.138793
0.138676
0.138573
0.138482
0.138405
0.13834
0.138288
0.13825
0.138228
0.138224
0.13824
0.138281
0.138349
0.138451
0.138592
0.13878
0.139023
0.139331
0.139719
0.140204
0.140807
0.141555
0.142481
0.143621
0.145013
0.146692
0.148687
0.151009
0.15365
0.15658
0.15974
0.163067
0.166432
0.16974
0.172341
0.174085
0.17347
0.172852
0.172231
0.171608
0.170981
0.170352
0.169719
0.169084
0.168446
0.167805
0.167161
0.166514
0.165864
0.165211
0.164555
0.163896
0.163233
0.162568
0.161899
0.161227
0.160553
0.159875
0.159195
0.158513
0.157829
0.157144
0.156457
0.155769
0.155082
0.154395
0.153709
0.153024
0.152342
0.151663
0.150987
0.150317
0.149651
0.148992
0.14834
0.147695
0.147059
0.146432
0.145814
0.145208
0.144612
0.144028
0.143456
0.142897
0.142351
0.141819
0.141301
0.140797
0.140307
0.139832
0.139372
0.138926
0.138496
0.13808
0.137679
0.137292
0.13692
0.136562
0.136217
0.135886
0.135568
0.135262
0.134968
0.134687
0.134418
0.13416
0.133915
0.133683
0.133465
0.133262
0.133076
0.13291
0.132766
0.132648
0.132559
0.132506
0.132493
0.132528
0.132622
0.132784
0.133032
0.133382
0.133858
0.134487
0.1353
0.136328
0.137599
0.139136
0.140947
0.143027
0.145342
0.147858
0.150473
0.153126
0.155262
0.174103
0.17349
0.172875
0.172257
0.171636
0.171012
0.170386
0.169757
0.169125
0.168491
0.167854
0.167214
0.166572
0.165927
0.165279
0.164628
0.163974
0.163318
0.162658
0.161996
0.161331
0.160663
0.159993
0.15932
0.158645
0.157967
0.157288
0.156606
0.155924
0.15524
0.154556
0.153871
0.153187
0.152502
0.151819
0.151137
0.150457
0.149779
0.149105
0.148433
0.147766
0.147103
0.146446
0.145794
0.145148
0.144508
0.143876
0.143252
0.142635
0.142027
0.141428
0.140837
0.140257
0.139686
0.139125
0.138574
0.138033
0.137503
0.136983
0.136474
0.135975
0.135487
0.13501
0.134542
0.134085
0.133638
0.133201
0.132774
0.132357
0.131949
0.131551
0.131164
0.130786
0.13042
0.130066
0.129725
0.129398
0.129087
0.128796
0.128525
0.128279
0.128062
0.127878
0.127734
0.127638
0.127599
0.127629
0.127744
0.127963
0.128307
0.128801
0.12947
0.130337
0.131421
0.13273
0.134255
0.135984
0.137847
0.139819
0.141457
0.174113
0.173502
0.172888
0.172272
0.171652
0.171031
0.170406
0.169779
0.16915
0.168518
0.167883
0.167246
0.166607
0.165964
0.16532
0.164672
0.164022
0.16337
0.162714
0.162057
0.161396
0.160733
0.160068
0.1594
0.15873
0.158057
0.157383
0.156707
0.156029
0.15535
0.154669
0.153988
0.153306
0.152623
0.15194
0.151257
0.150575
0.149894
0.149213
0.148534
0.147857
0.147182
0.14651
0.145841
0.145175
0.144513
0.143855
0.143202
0.142554
0.14191
0.141273
0.140641
0.140016
0.139396
0.138784
0.138178
0.13758
0.136988
0.136405
0.135828
0.135259
0.134697
0.134144
0.133597
0.133058
0.132527
0.132003
0.131487
0.130977
0.130476
0.129981
0.129495
0.129016
0.128545
0.128082
0.127629
0.127186
0.126755
0.126336
0.125931
0.125543
0.125173
0.124826
0.124505
0.124215
0.123961
0.123752
0.123598
0.123509
0.1235
0.123588
0.123793
0.124134
0.124629
0.125294
0.126132
0.127151
0.128305
0.129606
0.130723
0.174119
0.173508
0.172895
0.172279
0.171661
0.17104
0.170417
0.169791
0.169163
0.168532
0.167899
0.167263
0.166625
0.165985
0.165342
0.164697
0.164049
0.163399
0.162746
0.162091
0.161433
0.160773
0.160111
0.159447
0.15878
0.158112
0.157441
0.156769
0.156095
0.155419
0.154742
0.154064
0.153385
0.152704
0.152024
0.151342
0.150661
0.149979
0.149297
0.148616
0.147936
0.147257
0.146578
0.145902
0.145227
0.144554
0.143883
0.143215
0.14255
0.141889
0.14123
0.140576
0.139925
0.139279
0.138637
0.138
0.137367
0.13674
0.136118
0.135501
0.134889
0.134282
0.133681
0.133086
0.132496
0.131911
0.131332
0.130759
0.13019
0.129627
0.12907
0.128517
0.127971
0.12743
0.126894
0.126365
0.125843
0.125328
0.124821
0.124323
0.123836
0.12336
0.122899
0.122453
0.122027
0.121623
0.121247
0.120903
0.120598
0.120342
0.120145
0.120019
0.119979
0.120038
0.120212
0.120509
0.120944
0.121489
0.122186
0.122798
0.174123
0.173512
0.1729
0.172284
0.171666
0.171046
0.170423
0.169798
0.16917
0.16854
0.167908
0.167273
0.166636
0.165997
0.165355
0.164711
0.164064
0.163415
0.162764
0.162111
0.161455
0.160797
0.160137
0.159475
0.15881
0.158144
0.157476
0.156806
0.156135
0.155462
0.154787
0.154112
0.153435
0.152757
0.152078
0.151399
0.150719
0.150038
0.149357
0.148676
0.147995
0.147315
0.146634
0.145955
0.145276
0.144598
0.143922
0.143247
0.142574
0.141903
0.141234
0.140568
0.139904
0.139243
0.138585
0.13793
0.137278
0.136631
0.135986
0.135346
0.134709
0.134076
0.133447
0.132822
0.132201
0.131584
0.130972
0.130363
0.129757
0.129156
0.128559
0.127965
0.127375
0.126789
0.126206
0.125628
0.125054
0.124484
0.12392
0.123361
0.122808
0.122262
0.121724
0.121196
0.120679
0.120175
0.119687
0.119218
0.118772
0.118352
0.117966
0.117621
0.117325
0.117088
0.116921
0.116831
0.116835
0.116911
0.117119
0.117293
0.174125
0.173515
0.172902
0.172287
0.171669
0.171049
0.170427
0.169802
0.169175
0.168545
0.167913
0.167278
0.166642
0.166003
0.165361
0.164718
0.164072
0.163424
0.162773
0.162121
0.161466
0.160809
0.16015
0.159489
0.158826
0.158162
0.157495
0.156827
0.156157
0.155486
0.154813
0.154139
0.153464
0.152788
0.152111
0.151433
0.150754
0.150074
0.149395
0.148714
0.148034
0.147353
0.146673
0.145993
0.145313
0.144633
0.143955
0.143277
0.142601
0.141925
0.141251
0.140579
0.139908
0.13924
0.138573
0.137909
0.137248
0.136588
0.135932
0.135278
0.134628
0.13398
0.133335
0.132693
0.132054
0.131418
0.130785
0.130155
0.129528
0.128904
0.128282
0.127663
0.127046
0.126432
0.12582
0.125211
0.124604
0.124
0.123399
0.122801
0.122207
0.121616
0.12103
0.120449
0.119875
0.119308
0.11875
0.118202
0.117665
0.117144
0.11664
0.116157
0.115701
0.115276
0.11489
0.114546
0.11426
0.114012
0.113869
0.113707
0.174126
0.173516
0.172904
0.172289
0.171671
0.171051
0.170429
0.169804
0.169177
0.168547
0.167915
0.167281
0.166644
0.166006
0.165365
0.164721
0.164076
0.163428
0.162778
0.162126
0.161472
0.160815
0.160157
0.159497
0.158835
0.158171
0.157505
0.156838
0.156169
0.155499
0.154827
0.154154
0.15348
0.152805
0.152129
0.151451
0.150774
0.150095
0.149416
0.148736
0.148057
0.147376
0.146696
0.146016
0.145336
0.144656
0.143977
0.143298
0.14262
0.141943
0.141267
0.140592
0.139918
0.139246
0.138575
0.137907
0.13724
0.136575
0.135912
0.135251
0.134593
0.133937
0.133283
0.132632
0.131983
0.131337
0.130692
0.13005
0.12941
0.128772
0.128136
0.127502
0.126869
0.126238
0.125609
0.124981
0.124355
0.123729
0.123106
0.122484
0.121864
0.121246
0.120631
0.120018
0.119409
0.118804
0.118203
0.117607
0.117017
0.116435
0.11586
0.115296
0.114744
0.114208
0.11369
0.113192
0.112728
0.112274
0.111904
0.111511
0.174127
0.173517
0.172905
0.17229
0.171672
0.171052
0.17043
0.169805
0.169178
0.168549
0.167917
0.167282
0.166646
0.166007
0.165366
0.164723
0.164077
0.16343
0.16278
0.162128
0.161474
0.160818
0.16016
0.1595
0.158839
0.158175
0.15751
0.156843
0.156175
0.155505
0.154834
0.154161
0.153487
0.152813
0.152137
0.15146
0.150783
0.150105
0.149426
0.148747
0.148068
0.147388
0.146708
0.146028
0.145348
0.144668
0.143988
0.143309
0.142631
0.141953
0.141276
0.1406
0.139925
0.139251
0.138579
0.137908
0.137238
0.13657
0.135904
0.13524
0.134578
0.133918
0.133259
0.132603
0.131949
0.131296
0.130645
0.129996
0.129349
0.128703
0.128059
0.127416
0.126774
0.126133
0.125493
0.124854
0.124216
0.123579
0.122942
0.122306
0.121671
0.121038
0.120405
0.119774
0.119145
0.118518
0.117893
0.11727
0.11665
0.116033
0.115419
0.114809
0.114204
0.113605
0.113013
0.112428
0.111862
0.111288
0.110784
0.110249
0.174127
0.173517
0.172905
0.17229
0.171672
0.171052
0.17043
0.169805
0.169178
0.168548
0.167916
0.167282
0.166645
0.166006
0.165365
0.164722
0.164077
0.163429
0.162779
0.162127
0.161474
0.160818
0.16016
0.1595
0.158838
0.158175
0.15751
0.156843
0.156175
0.155505
0.154834
0.154162
0.153489
0.152814
0.152139
0.151462
0.150785
0.150107
0.149429
0.14875
0.14807
0.14739
0.14671
0.14603
0.14535
0.144671
0.143991
0.143312
0.142633
0.141955
0.141277
0.1406
0.139925
0.13925
0.138577
0.137905
0.137234
0.136565
0.135897
0.135231
0.134567
0.133904
0.133244
0.132585
0.131927
0.131271
0.130617
0.129964
0.129313
0.128663
0.128014
0.127365
0.126718
0.126072
0.125426
0.12478
0.124135
0.123491
0.122847
0.122203
0.12156
0.120917
0.120276
0.119635
0.118996
0.118357
0.11772
0.117084
0.116449
0.115815
0.115182
0.11455
0.113918
0.113287
0.112658
0.112029
0.111409
0.110772
0.110197
0.109583
0.174127
0.173517
0.172905
0.17229
0.171672
0.171052
0.17043
0.169805
0.169178
0.168548
0.167916
0.167282
0.166645
0.166006
0.165365
0.164722
0.164076
0.163428
0.162779
0.162127
0.161473
0.160817
0.160159
0.159499
0.158837
0.158174
0.157509
0.156842
0.156174
0.155504
0.154833
0.154161
0.153487
0.152813
0.152137
0.15146
0.150783
0.150105
0.149426
0.148747
0.148067
0.147387
0.146707
0.146027
0.145346
0.144666
0.143986
0.143307
0.142627
0.141949
0.141271
0.140594
0.139917
0.139242
0.138568
0.137895
0.137224
0.136553
0.135885
0.135217
0.134552
0.133888
0.133225
0.132565
0.131905
0.131247
0.130591
0.129936
0.129282
0.128629
0.127977
0.127326
0.126675
0.126025
0.125376
0.124727
0.124078
0.12343
0.122782
0.122135
0.121488
0.120842
0.120197
0.119553
0.11891
0.118268
0.117627
0.116987
0.116348
0.115709
0.11507
0.11443
0.113789
0.113147
0.112504
0.111857
0.111216
0.110552
0.109948
0.109297
0.174125
0.173515
0.172902
0.172287
0.17167
0.171049
0.170427
0.169802
0.169174
0.168545
0.167913
0.167278
0.166641
0.166002
0.165361
0.164718
0.164072
0.163424
0.162774
0.162122
0.161468
0.160812
0.160154
0.159494
0.158832
0.158168
0.157503
0.156836
0.156168
0.155498
0.154826
0.154154
0.15348
0.152805
0.152129
0.151452
0.150774
0.150096
0.149417
0.148737
0.148057
0.147376
0.146695
0.146014
0.145334
0.144653
0.143972
0.143292
0.142612
0.141932
0.141254
0.140576
0.139899
0.139223
0.138548
0.137874
0.137201
0.13653
0.13586
0.135192
0.134525
0.13386
0.133196
0.132534
0.131873
0.131213
0.130555
0.129898
0.129243
0.128588
0.127934
0.127281
0.126629
0.125977
0.125325
0.124675
0.124025
0.123375
0.122726
0.122079
0.121432
0.120786
0.120142
0.1195
0.118859
0.11822
0.117582
0.116946
0.116311
0.115677
0.115042
0.114407
0.113771
0.113132
0.112492
0.111846
0.111205
0.110539
0.109932
0.109272
0.174125
0.173515
0.172902
0.172287
0.171669
0.171049
0.170426
0.169801
0.169173
0.168543
0.167911
0.167277
0.16664
0.166
0.165359
0.164715
0.164069
0.163421
0.162771
0.162118
0.161464
0.160807
0.160149
0.159489
0.158826
0.158162
0.157497
0.156829
0.15616
0.15549
0.154818
0.154144
0.15347
0.152794
0.152117
0.15144
0.150761
0.150081
0.149401
0.14872
0.148039
0.147358
0.146676
0.145994
0.145311
0.144629
0.143947
0.143266
0.142584
0.141904
0.141224
0.140544
0.139866
0.139188
0.138511
0.137836
0.137162
0.136489
0.135818
0.135148
0.134479
0.133812
0.133147
0.132483
0.131821
0.13116
0.1305
0.129842
0.129184
0.128528
0.127873
0.127219
0.126566
0.125914
0.125262
0.124612
0.123963
0.123315
0.122668
0.122023
0.12138
0.120739
0.120101
0.119466
0.118834
0.118204
0.117578
0.116953
0.116332
0.115711
0.115092
0.114473
0.113853
0.113231
0.112609
0.11198
0.111357
0.110707
0.110118
0.109471
0.17412
0.17351
0.172897
0.172281
0.171663
0.171043
0.17042
0.169794
0.169166
0.168536
0.167904
0.167269
0.166631
0.165992
0.16535
0.164706
0.164059
0.163411
0.16276
0.162107
0.161452
0.160795
0.160136
0.159475
0.158812
0.158147
0.15748
0.156812
0.156142
0.155471
0.154798
0.154123
0.153447
0.15277
0.152092
0.151413
0.150733
0.150052
0.14937
0.148688
0.148005
0.147321
0.146637
0.145953
0.145269
0.144585
0.143901
0.143217
0.142534
0.141851
0.141169
0.140487
0.139806
0.139126
0.138448
0.13777
0.137094
0.136419
0.135745
0.135073
0.134403
0.133734
0.133067
0.132401
0.131737
0.131075
0.130414
0.129754
0.129097
0.12844
0.127785
0.127132
0.12648
0.125829
0.12518
0.124533
0.123888
0.123246
0.122606
0.121969
0.121336
0.120707
0.120082
0.119461
0.118846
0.118236
0.11763
0.117029
0.116432
0.115839
0.115248
0.114658
0.11407
0.113481
0.112891
0.112297
0.111709
0.111094
0.110544
0.109928
0.17412
0.173509
0.172896
0.17228
0.171662
0.171041
0.170417
0.169791
0.169163
0.168532
0.167899
0.167263
0.166625
0.165985
0.165342
0.164697
0.164049
0.1634
0.162748
0.162094
0.161438
0.160779
0.160119
0.159456
0.158792
0.158125
0.157457
0.156787
0.156115
0.155441
0.154766
0.15409
0.153412
0.152732
0.152052
0.15137
0.150687
0.150003
0.149319
0.148633
0.147947
0.147261
0.146574
0.145887
0.145199
0.144512
0.143824
0.143137
0.14245
0.141764
0.141078
0.140393
0.139709
0.139026
0.138344
0.137663
0.136984
0.136306
0.13563
0.134955
0.134282
0.133611
0.132942
0.132275
0.13161
0.130947
0.130286
0.129628
0.128971
0.128317
0.127664
0.127015
0.126368
0.125723
0.125082
0.124444
0.12381
0.12318
0.122555
0.121936
0.121322
0.120715
0.120115
0.119523
0.118939
0.118362
0.117794
0.117232
0.116678
0.116129
0.115585
0.115045
0.114507
0.11397
0.113435
0.112896
0.112364
0.111806
0.111315
0.110751
0.174109
0.173498
0.172884
0.172268
0.171649
0.171027
0.170403
0.169776
0.169146
0.168514
0.16788
0.167243
0.166603
0.165962
0.165317
0.16467
0.164021
0.16337
0.162716
0.16206
0.161401
0.16074
0.160077
0.159412
0.158745
0.158076
0.157405
0.156731
0.156056
0.155379
0.154701
0.154021
0.153339
0.152656
0.151971
0.151285
0.150598
0.14991
0.149221
0.148531
0.147841
0.14715
0.146458
0.145766
0.145074
0.144382
0.14369
0.142998
0.142307
0.141616
0.140926
0.140236
0.139548
0.138861
0.138175
0.137491
0.136809
0.136128
0.13545
0.134773
0.134099
0.133427
0.132758
0.132092
0.131429
0.130768
0.130111
0.129457
0.128806
0.12816
0.127517
0.126878
0.126244
0.125615
0.124991
0.124374
0.123763
0.12316
0.122565
0.121979
0.121403
0.120838
0.120284
0.119741
0.119211
0.118693
0.118187
0.117691
0.117206
0.11673
0.116261
0.115798
0.115339
0.114882
0.114428
0.113972
0.113523
0.113049
0.112644
0.112155
0.174104
0.173492
0.172876
0.172258
0.171638
0.171014
0.170388
0.169759
0.169127
0.168493
0.167856
0.167216
0.166574
0.165929
0.165281
0.164631
0.163978
0.163323
0.162665
0.162005
0.161342
0.160677
0.160009
0.159339
0.158667
0.157992
0.157316
0.156637
0.155956
0.155274
0.154589
0.153903
0.153215
0.152525
0.151835
0.151142
0.150449
0.149754
0.149058
0.148362
0.147665
0.146967
0.146269
0.14557
0.144872
0.144173
0.143475
0.142777
0.14208
0.141384
0.140689
0.139995
0.139302
0.138611
0.137923
0.137236
0.136551
0.13587
0.135191
0.134516
0.133843
0.133175
0.132511
0.131851
0.131195
0.130544
0.129899
0.129259
0.128625
0.127998
0.127377
0.126764
0.126159
0.125563
0.124976
0.1244
0.123836
0.123285
0.122747
0.122224
0.121716
0.121225
0.120752
0.120296
0.119858
0.119437
0.119033
0.118644
0.118268
0.117904
0.117549
0.117201
0.116857
0.116517
0.116178
0.115838
0.115506
0.115148
0.114863
0.114478
0.174072
0.173457
0.172839
0.172218
0.171594
0.170967
0.170337
0.169704
0.169068
0.168429
0.167787
0.167143
0.166495
0.165844
0.165191
0.164535
0.163876
0.163214
0.16255
0.161882
0.161213
0.16054
0.159865
0.159187
0.158507
0.157825
0.15714
0.156453
0.155764
0.155072
0.154379
0.153684
0.152987
0.152289
0.151589
0.150888
0.150186
0.149482
0.148778
0.148073
0.147368
0.146662
0.145956
0.14525
0.144545
0.14384
0.143135
0.142432
0.14173
0.14103
0.140331
0.139635
0.138941
0.13825
0.137562
0.136878
0.136198
0.135522
0.13485
0.134184
0.133524
0.13287
0.132223
0.131582
0.13095
0.130325
0.12971
0.129105
0.12851
0.127926
0.127354
0.126795
0.126251
0.125721
0.125208
0.124713
0.124238
0.123783
0.123349
0.122939
0.122554
0.122193
0.121858
0.121547
0.121261
0.120998
0.120756
0.120532
0.120323
0.120126
0.119938
0.119755
0.119576
0.119396
0.119218
0.119037
0.118866
0.11867
0.118556
0.118315
0.174026
0.173405
0.172781
0.172153
0.171522
0.170888
0.17025
0.169609
0.168965
0.168318
0.167667
0.167013
0.166356
0.165696
0.165033
0.164366
0.163697
0.163024
0.162349
0.16167
0.160989
0.160305
0.159618
0.158929
0.158237
0.157542
0.156845
0.156146
0.155445
0.154742
0.154037
0.15333
0.152622
0.151912
0.151201
0.150489
0.149777
0.149063
0.14835
0.147636
0.146922
0.146209
0.145496
0.144784
0.144074
0.143365
0.142658
0.141954
0.141252
0.140553
0.139858
0.139167
0.138481
0.1378
0.137124
0.136455
0.135793
0.135138
0.134492
0.133854
0.133227
0.13261
0.132005
0.131412
0.130833
0.130267
0.129718
0.129185
0.128669
0.128173
0.127698
0.127244
0.126814
0.126409
0.126031
0.125682
0.125364
0.125077
0.124825
0.124607
0.124426
0.12428
0.124169
0.124091
0.124044
0.124024
0.124028
0.12405
0.124086
0.124131
0.124181
0.124234
0.124286
0.124339
0.124394
0.124452
0.12453
0.124594
0.124766
0.124779
0.173895
0.173264
0.172629
0.17199
0.171348
0.170702
0.170052
0.169399
0.168742
0.168081
0.167417
0.166749
0.166078
0.165403
0.164726
0.164045
0.16336
0.162673
0.161982
0.161289
0.160593
0.159894
0.159192
0.158488
0.157782
0.157073
0.156362
0.155649
0.154935
0.154219
0.153502
0.152783
0.152064
0.151344
0.150624
0.149904
0.149184
0.148464
0.147746
0.147029
0.146313
0.1456
0.144889
0.144181
0.143477
0.142776
0.142081
0.14139
0.140706
0.140027
0.139356
0.138694
0.13804
0.137395
0.136761
0.136139
0.135529
0.134933
0.134351
0.133786
0.133237
0.132706
0.132195
0.131704
0.131236
0.130792
0.130373
0.129981
0.129618
0.129286
0.128987
0.128722
0.128496
0.12831
0.128166
0.128069
0.128019
0.12802
0.128074
0.128181
0.128342
0.128554
0.128817
0.129125
0.129472
0.129853
0.130259
0.130685
0.131123
0.131569
0.13202
0.132477
0.132943
0.133424
0.13393
0.134466
0.135062
0.135682
0.136483
0.137091
0.173696
0.173049
0.172397
0.171742
0.171083
0.17042
0.169753
0.169082
0.168408
0.16773
0.167048
0.166363
0.165674
0.164982
0.164287
0.163589
0.162888
0.162185
0.161478
0.16077
0.160059
0.159345
0.15863
0.157913
0.157195
0.156475
0.155754
0.155033
0.154311
0.153589
0.152867
0.152146
0.151426
0.150707
0.14999
0.149275
0.148563
0.147854
0.147149
0.146449
0.145754
0.145064
0.144381
0.143705
0.143037
0.142378
0.141729
0.141091
0.140464
0.13985
0.139249
0.138664
0.138095
0.137543
0.137009
0.136496
0.136003
0.135534
0.135088
0.134668
0.134276
0.133913
0.133581
0.133282
0.133019
0.132793
0.132608
0.132466
0.132372
0.132329
0.132341
0.132413
0.132552
0.132761
0.133049
0.13342
0.13388
0.134434
0.135085
0.135835
0.136682
0.137625
0.138655
0.139766
0.140947
0.142188
0.143477
0.144805
0.146166
0.147559
0.14899
0.150472
0.15202
0.15365
0.155384
0.15723
0.159228
0.161324
0.163768
0.166007
0.173512
0.172852
0.172188
0.171521
0.170849
0.170174
0.169496
0.168814
0.168129
0.167442
0.166751
0.166058
0.165362
0.164664
0.163964
0.163261
0.162558
0.161852
0.161146
0.160439
0.159731
0.159023
0.158315
0.157608
0.156901
0.156195
0.155492
0.15479
0.154092
0.153396
0.152705
0.152018
0.151336
0.15066
0.149991
0.149329
0.148676
0.148031
0.147397
0.146775
0.146164
0.145567
0.144984
0.144416
0.143866
0.143333
0.142821
0.142329
0.141859
0.141413
0.140993
0.140599
0.140235
0.139901
0.139599
0.139333
0.139103
0.138913
0.138765
0.138663
0.13861
0.138611
0.138671
0.138794
0.138987
0.139258
0.139616
0.14007
0.140632
0.141314
0.14213
0.143097
0.144229
0.145545
0.147062
0.148796
0.150761
0.152968
0.155425
0.158133
0.161088
0.164278
0.167687
0.171293
0.175073
0.179003
0.183061
0.187225
0.191482
0.195832
0.20031
0.204951
0.209762
0.214731
0.219833
0.225016
0.230271
0.235433
0.240933
0.246123
0.174797
0.174178
0.173556
0.172933
0.172308
0.171682
0.171055
0.170427
0.169799
0.169171
0.168543
0.167915
0.167288
0.166662
0.166038
0.165417
0.164797
0.164181
0.163568
0.16296
0.162356
0.161758
0.161165
0.16058
0.160002
0.159433
0.158873
0.158323
0.157785
0.15726
0.156748
0.156252
0.155772
0.15531
0.154867
0.154445
0.154046
0.153671
0.153322
0.153002
0.152711
0.152453
0.15223
0.152043
0.151895
0.15179
0.15173
0.151719
0.151759
0.151854
0.152008
0.152226
0.152513
0.152874
0.153316
0.153847
0.154475
0.15521
0.156064
0.157051
0.158185
0.159486
0.160973
0.162671
0.164606
0.166811
0.169319
0.17217
0.175408
0.17908
0.183236
0.187929
0.193214
0.199144
0.205766
0.213124
0.221247
0.23015
0.239828
0.250249
0.261355
0.27306
0.285246
0.297772
0.310478
0.32319
0.335716
0.34781
0.359266
0.369939
0.380089
0.389781
0.398635
0.406344
0.412699
0.417532
0.420924
0.422522
0.424037
0.423533
0.19427
0.194326
0.194391
0.194468
0.194555
0.194655
0.194766
0.194889
0.195026
0.195176
0.19534
0.195518
0.195712
0.195922
0.196148
0.196392
0.196654
0.196936
0.197238
0.197562
0.197909
0.198281
0.198679
0.199105
0.199561
0.200048
0.20057
0.201128
0.201724
0.202363
0.203046
0.203776
0.204558
0.205394
0.206289
0.207246
0.20827
0.209366
0.210538
0.211793
0.213135
0.214572
0.216111
0.217758
0.219522
0.221411
0.223437
0.225609
0.22794
0.230442
0.233132
0.236024
0.239138
0.242493
0.246113
0.250023
0.254252
0.25883
0.263795
0.269185
0.275046
0.281429
0.288389
0.295991
0.304303
0.313404
0.323381
0.334327
0.346347
0.359551
0.374054
0.389978
0.407441
0.426556
0.44742
0.470106
0.494644
0.52101
0.549107
0.578743
0.609621
0.641325
0.673318
0.704951
0.73549
0.76413
0.790057
0.811599
0.828063
0.839086
0.844146
0.843243
0.837118
0.82661
0.812604
0.795842
0.77725
0.756765
0.737244
0.716881
0.42372
0.427722
0.431628
0.435432
0.43913
0.442719
0.446193
0.449549
0.452783
0.455892
0.45887
0.461716
0.464425
0.466995
0.469422
0.471703
0.473836
0.475817
0.477645
0.479317
0.48083
0.482183
0.483372
0.484397
0.485254
0.485942
0.486458
0.486802
0.486969
0.486958
0.486767
0.486393
0.485833
0.485084
0.484144
0.483008
0.481674
0.480137
0.478393
0.476438
0.474267
0.471876
0.469258
0.466409
0.463323
0.459994
0.456416
0.452583
0.448489
0.444128
0.439494
0.434581
0.429383
0.423897
0.418117
0.412041
0.405667
0.398994
0.392024
0.384758
0.377205
0.369373
0.361275
0.35293
0.344361
0.335597
0.326678
0.317649
0.308567
0.2995
0.29053
0.281751
0.273273
0.265219
0.257726
0.250941
0.245018
0.240111
0.236364
0.233902
0.232816
0.233151
0.234896
0.237974
0.242246
0.247515
0.253579
0.261832
0.271466
0.281452
0.290906
0.299162
0.30583
0.310755
0.313978
0.315575
0.315951
0.314827
0.314589
0.313854
0.0119744
0.0190856
0.0233779
0.0259641
0.0274694
0.0282699
0.028617
0.0286826
0.0285092
0.0281605
0.0279632
0.0279048
0.0278389
0.0278155
0.0279047
0.0281886
0.0287518
0.0296711
0.0309772
0.0327181
0.035086
0.0388271
0.0463837
0.0574183
0.0710444
0.0860271
0.101314
0.116274
0.130639
0.144356
0.157471
0.170065
0.182204
0.193892
0.205114
0.215856
0.226129
0.235977
0.24542
0.254463
0.263101
0.27132
0.279091
0.286368
0.293092
0.299572
0.305976
0.31234
0.318674
0.324948
0.33113
0.3372
0.343145
0.348954
0.354623
0.360148
0.365527
0.37076
0.375848
0.380794
0.385601
0.390273
0.394814
0.399224
0.40351
0.407676
0.411731
0.415693
0.419615
0.423613
0.428052
0.434564
0.440904
0.446694
0.4521
0.457218
0.462047
0.46634
0.469239
0.469659
0.471027
0.474013
0.475762
0.477211
0.478014
0.478075
0.477427
0.476147
0.474343
0.47214
0.469671
0.467055
0.464404
0.46181
0.459339
0.457136
0.455201
0.454679
0.454265
0.466079
0.021481
0.0349395
0.044999
0.051259
0.0556944
0.0591113
0.0618944
0.0642982
0.0664347
0.0684668
0.0706318
0.0732477
0.0765863
0.0808946
0.0864395
0.0935156
0.102439
0.113536
0.12657
0.141159
0.156432
0.170475
0.180709
0.186874
0.191798
0.198195
0.207526
0.220229
0.236347
0.255752
0.278183
0.303268
0.33043
0.358898
0.387984
0.417172
0.446136
0.474713
0.50279
0.530287
0.557137
0.583254
0.608522
0.63279
0.655842
0.677654
0.698661
0.719233
0.739566
0.75969
0.77956
0.799152
0.81844
0.837395
0.855987
0.874183
0.89195
0.909254
0.926059
0.94233
0.95803
0.973122
0.987569
1.00133
1.01438
1.02668
1.03822
1.04897
1.05896
1.0682
1.07674
1.08428
1.09042
1.09519
1.09866
1.10084
1.10162
1.10075
1.09784
1.09307
1.08763
1.08273
1.07813
1.07279
1.06605
1.05792
1.04855
1.03813
1.02686
1.01495
1.0026
0.989969
0.977163
0.964253
0.951137
0.937908
0.923799
0.910432
0.893437
0.887734
0.0297918
0.0506806
0.0638795
0.0724506
0.0789306
0.0841975
0.0887809
0.09307
0.0972372
0.101501
0.105899
0.110699
0.116275
0.123054
0.131477
0.141936
0.154626
0.1693
0.184996
0.200085
0.21286
0.222365
0.229075
0.235122
0.243394
0.256241
0.275023
0.300162
0.331284
0.367279
0.406603
0.447507
0.488278
0.527686
0.565124
0.600507
0.634058
0.666112
0.697011
0.727053
0.756468
0.785421
0.814035
0.842421
0.87072
0.899088
0.927624
0.956377
0.985088
1.0136
1.04183
1.06971
1.09717
1.12415
1.15059
1.17642
1.20161
1.22608
1.24979
1.27268
1.29469
1.31576
1.33583
1.35482
1.37266
1.38932
1.40475
1.41891
1.43178
1.4433
1.45341
1.46199
1.46886
1.47389
1.47708
1.47845
1.47803
1.47577
1.47146
1.46483
1.45623
1.44658
1.43633
1.42502
1.41223
1.39795
1.3823
1.36548
1.3477
1.32918
1.31012
1.29068
1.27097
1.25097
1.23061
1.20969
1.18782
1.16568
1.1421
1.12966
0.0392639
0.0661782
0.0818826
0.0926128
0.100958
0.108041
0.114312
0.120238
0.126033
0.131747
0.137615
0.14397
0.151217
0.159749
0.169852
0.181574
0.194577
0.208057
0.220888
0.232038
0.241135
0.248845
0.256845
0.267418
0.282858
0.304914
0.334342
0.370632
0.412344
0.457561
0.504308
0.550951
0.596539
0.640767
0.683719
0.725607
0.766613
0.806853
0.84639
0.885279
0.923595
0.961445
0.998959
1.03628
1.07353
1.11075
1.14783
1.18438
1.22036
1.25577
1.2906
1.32481
1.35836
1.39119
1.42323
1.45441
1.48467
1.51393
1.54212
1.56918
1.59502
1.61957
1.64269
1.66429
1.6843
1.70263
1.71924
1.73406
1.74706
1.7581
1.76714
1.77416
1.77907
1.78178
1.78231
1.78076
1.77721
1.77162
1.76379
1.75347
1.74071
1.72612
1.71027
1.69307
1.67433
1.65406
1.63238
1.60945
1.58548
1.56071
1.53534
1.50954
1.48342
1.45697
1.43012
1.40261
1.37438
1.34577
1.31807
1.30102
0.0481853
0.0805131
0.0990552
0.111892
0.12197
0.130689
0.138507
0.145766
0.152728
0.159735
0.167054
0.174937
0.183631
0.193307
0.203965
0.215367
0.227017
0.23826
0.24853
0.257669
0.266197
0.275372
0.287004
0.303132
0.325594
0.355407
0.392356
0.435183
0.48211
0.531309
0.581397
0.63162
0.681714
0.73163
0.781319
0.830656
0.879465
0.927583
0.974914
1.02145
1.06726
1.11248
1.15721
1.20159
1.24567
1.28928
1.33222
1.37445
1.41599
1.45681
1.4969
1.53615
1.57448
1.6118
1.64805
1.68315
1.71701
1.74954
1.78065
1.81027
1.83831
1.86471
1.88915
1.9116
1.93201
1.95028
1.96635
1.98013
1.99155
2.00055
2.00713
2.0113
2.01304
2.01233
2.0092
2.00376
1.99607
1.98613
1.9738
1.95887
1.94136
1.92171
1.9004
1.87755
1.85312
1.82716
1.79981
1.77125
1.7417
1.71139
1.68057
1.64941
1.61806
1.5865
1.55474
1.5225
1.49005
1.45758
1.42805
1.4083
0.055974
0.0935933
0.11501
0.129922
0.141691
0.151929
0.161136
0.169829
0.178333
0.186933
0.19585
0.205283
0.215343
0.226041
0.237238
0.248636
0.25983
0.270452
0.280366
0.289884
0.299876
0.311752
0.327268
0.348201
0.375872
0.410648
0.451822
0.497965
0.547487
0.599121
0.652115
0.706117
0.760925
0.816276
0.871851
0.927318
0.982397
1.0369
1.09074
1.14393
1.19654
1.24864
1.30024
1.35126
1.40132
1.45029
1.49816
1.54497
1.59074
1.63548
1.67924
1.72171
1.76291
1.80276
1.84121
1.87816
1.91352
1.94718
1.97904
2.009
2.03695
2.06277
2.0863
2.10746
2.12616
2.14231
2.15583
2.16663
2.17466
2.17989
2.18235
2.18207
2.17908
2.17342
2.16517
2.15445
2.14135
2.12593
2.1081
2.08779
2.06501
2.04008
2.01336
1.98505
1.95523
1.92401
1.89157
1.85809
1.82383
1.78903
1.75396
1.71883
1.68379
1.64887
1.61412
1.57931
1.54494
1.5111
1.48168
1.461
0.0632673
0.105261
0.129022
0.145807
0.159372
0.17154
0.182848
0.193786
0.204627
0.215608
0.226861
0.238495
0.250563
0.262997
0.27562
0.288149
0.300274
0.311807
0.322852
0.333949
0.346136
0.360898
0.379938
0.40479
0.436379
0.474644
0.518591
0.566893
0.618375
0.672256
0.728114
0.785686
0.844672
0.904495
0.9648
1.02522
1.08546
1.14531
1.20467
1.26348
1.32171
1.37926
1.43572
1.49078
1.54439
1.59655
1.64729
1.69666
1.74466
1.79129
1.83648
1.88014
1.9222
1.96257
2.00117
2.03788
2.07262
2.10526
2.13571
2.16385
2.18957
2.21274
2.23327
2.25105
2.26598
2.278
2.28701
2.29298
2.29586
2.29568
2.29246
2.2863
2.27727
2.26548
2.25104
2.23411
2.21484
2.19332
2.16956
2.14357
2.1154
2.08531
2.05358
2.02043
1.98601
1.95048
1.91402
1.87687
1.83927
1.8015
1.76383
1.72651
1.68971
1.6535
1.61794
1.58286
1.54886
1.51596
1.48841
1.46843
0.0691612
0.114621
0.140813
0.159963
0.176113
0.191172
0.205686
0.220119
0.234665
0.249467
0.264552
0.279875
0.295369
0.310937
0.326363
0.341352
0.355636
0.369147
0.382173
0.395441
0.410133
0.427852
0.450259
0.478642
0.513685
0.554916
0.600996
0.650974
0.704061
0.759778
0.817837
0.877952
0.939725
1.00266
1.06631
1.13026
1.19416
1.25778
1.32096
1.38354
1.44519
1.50536
1.56392
1.6208
1.67599
1.72947
1.78123
1.83125
1.87953
1.92602
1.97066
2.01339
2.05413
2.09278
2.12927
2.1635
2.19535
2.22474
2.25154
2.27566
2.29699
2.31542
2.33087
2.34325
2.35249
2.35854
2.36134
2.36089
2.35718
2.35027
2.34024
2.32721
2.31131
2.2927
2.27156
2.24808
2.22245
2.19483
2.16532
2.13398
2.10093
2.06635
2.0305
1.9936
1.95581
1.91732
1.87833
1.83908
1.79983
1.76088
1.72251
1.68498
1.64846
1.61304
1.57879
1.54555
1.51394
1.48388
1.45956
1.44161
0.0735729
0.122182
0.151276
0.173697
0.193646
0.21309
0.232572
0.252513
0.272987
0.293988
0.315355
0.336858
0.35818
0.37906
0.399295
0.418486
0.436349
0.452972
0.468874
0.484989
0.502629
0.523635
0.549489
0.580991
0.618513
0.661489
0.708926
0.759968
0.814008
0.870713
0.929863
0.991187
1.05429
1.1187
1.18392
1.24951
1.3151
1.38037
1.44494
1.50818
1.5698
1.62965
1.68768
1.74382
1.79801
1.8502
1.90035
1.94844
1.99442
2.03826
2.07989
2.11926
2.1563
2.19091
2.223
2.25249
2.27928
2.30326
2.32433
2.34242
2.35742
2.36926
2.37789
2.38325
2.3853
2.38404
2.37945
2.37155
2.36042
2.34613
2.3288
2.30861
2.28573
2.26037
2.23276
2.20314
2.17174
2.13876
2.10438
2.06871
2.03187
1.99406
1.95549
1.91634
1.87679
1.83703
1.79726
1.75772
1.71868
1.68045
1.64329
1.60747
1.57316
1.54041
1.50928
1.47959
1.45188
1.426
1.40579
1.39077
0.0763704
0.128535
0.162086
0.189472
0.215274
0.241521
0.268751
0.297331
0.327134
0.357939
0.389332
0.420808
0.45173
0.481384
0.50947
0.535405
0.558909
0.580298
0.600413
0.620322
0.641246
0.665076
0.693255
0.726597
0.765241
0.808655
0.856018
0.906591
0.959873
1.0156
1.07361
1.13363
1.19531
1.25828
1.32202
1.38611
1.44997
1.51285
1.57429
1.63414
1.69226
1.74854
1.80288
1.85521
1.90544
1.95349
1.9993
2.04281
2.08397
2.12272
2.15899
2.19273
2.22385
2.25227
2.2779
2.30067
2.32048
2.33725
2.35091
2.3614
2.36865
2.37265
2.37335
2.37076
2.36488
2.35574
2.34338
2.32786
2.30929
2.2878
2.26354
2.23671
2.20755
2.1763
2.14324
2.10863
2.07275
2.03583
1.99807
1.95962
1.92063
1.88125
1.84165
1.802
1.76247
1.72321
1.68444
1.64639
1.60932
1.57353
1.53929
1.50683
1.47628
1.44765
1.42094
1.39593
1.37304
1.35205
1.3363
1.32463
0.0784689
0.136098
0.176748
0.212348
0.247527
0.284481
0.323725
0.365502
0.409254
0.4545
0.500582
0.546745
0.592013
0.63516
0.675218
0.71083
0.742314
0.770315
0.795731
0.819696
0.843695
0.869435
0.898316
0.931173
0.968195
1.00903
1.05309
1.09979
1.14873
1.19975
1.25271
1.30738
1.36348
1.42082
1.47854
1.53586
1.59231
1.64769
1.70176
1.75437
1.80537
1.85461
1.90198
1.94735
1.99061
2.03167
2.07043
2.10681
2.14074
2.17213
2.20091
2.227
2.25033
2.27082
2.28839
2.30298
2.31453
2.32298
2.32829
2.33043
2.32939
2.32517
2.31778
2.30726
2.29366
2.27702
2.25745
2.23502
2.20989
2.18221
2.15218
2.12003
2.08603
2.05045
2.01359
1.97574
1.93719
1.89818
1.85892
1.81957
1.78025
1.74109
1.70223
1.66381
1.62595
1.58883
1.55264
1.5176
1.48397
1.45202
1.422
1.39408
1.36835
1.34475
1.32318
1.30337
1.28561
1.26963
1.25822
1.24989
0.0779885
0.147611
0.20383
0.254557
0.306193
0.361217
0.41977
0.481658
0.545143
0.609767
0.674644
0.738966
0.801447
0.860764
0.915014
0.961869
1.002
1.03677
1.06706
1.09402
1.11914
1.144
1.17
1.19811
1.22875
1.26192
1.29734
1.33471
1.37382
1.4147
1.45727
1.5011
1.54584
1.59079
1.63588
1.68084
1.72537
1.76925
1.81224
1.85414
1.89477
1.93395
1.97152
2.00733
2.04122
2.07306
2.10272
2.13008
2.15505
2.17752
2.19741
2.21464
2.22914
2.24084
2.24969
2.25564
2.25867
2.25874
2.25585
2.24999
2.24119
2.22945
2.21483
2.19739
2.17719
2.15433
2.12891
2.10108
2.07099
2.03883
2.00484
1.96926
1.93237
1.89447
1.85585
1.81681
1.77761
1.7385
1.69966
1.66124
1.62333
1.58605
1.54948
1.51374
1.47895
1.44526
1.41286
1.38195
1.35279
1.32561
1.30062
1.27792
1.25752
1.23928
1.22301
1.20838
1.19555
1.18424
1.17671
1.17139
0.0821787
0.1868
0.27286
0.353171
0.434369
0.51846
0.604288
0.691078
0.777178
0.861782
0.944037
1.02347
1.09904
1.16955
1.23325
1.28832
1.33343
1.37038
1.40055
1.42532
1.44618
1.4647
1.48222
1.49986
1.51831
1.53795
1.55887
1.5811
1.6046
1.62921
1.65478
1.68148
1.70924
1.73785
1.76714
1.79689
1.82683
1.85671
1.88629
1.91533
1.9436
1.97089
1.99697
2.02167
2.0448
2.06619
2.08569
2.10317
2.1185
2.13158
2.14232
2.15064
2.15648
2.15979
2.16052
2.15864
2.15412
2.14694
2.13712
2.12464
2.10955
2.09189
2.0717
2.04908
2.02411
1.99691
1.96762
1.9364
1.90342
1.86891
1.8331
1.79625
1.75862
1.72051
1.68221
1.64397
1.60604
1.56862
1.53189
1.49595
1.46087
1.42675
1.39364
1.36165
1.33088
1.30147
1.27362
1.24751
1.22338
1.20143
1.18178
1.16447
1.14943
1.13641
1.12516
1.11528
1.10684
1.09956
1.09525
1.09243
0.0999271
0.291835
0.452621
0.587658
0.71369
0.835562
0.950444
1.0574
1.15634
1.2478
1.33261
1.41226
1.48515
1.55058
1.60822
1.65712
1.69544
1.724
1.74437
1.75809
1.76662
1.77133
1.77361
1.77463
1.77536
1.77647
1.77844
1.78155
1.78599
1.79182
1.7991
1.80789
1.81819
1.82988
1.84281
1.85679
1.87158
1.88695
1.90264
1.9184
1.93397
1.94913
1.96365
1.97731
1.98991
2.00128
2.01124
2.01963
2.02633
2.03121
2.03416
2.0351
2.03393
2.0306
2.02504
2.01721
2.00708
1.99464
1.97988
1.96283
1.94352
1.92202
1.8984
1.87276
1.84522
1.81591
1.78498
1.7526
1.71897
1.6843
1.64881
1.61275
1.57638
1.53997
1.50375
1.46798
1.43285
1.39853
1.36515
1.33279
1.30153
1.2714
1.24247
1.21483
1.18859
1.16389
1.14091
1.11984
1.10087
1.08416
1.06976
1.05763
1.04759
1.03932
1.0325
1.0267
1.02193
1.01791
1.01611
1.01522
0.259727
0.904724
1.0779
1.24882
1.38823
1.50639
1.60572
1.68724
1.75358
1.80782
1.85232
1.8881
1.91776
1.94252
1.9628
1.97817
1.98807
1.99202
1.99035
1.9839
1.97362
1.96052
1.94557
1.9297
1.9137
1.89824
1.88379
1.87072
1.85927
1.84958
1.84174
1.83579
1.83174
1.82951
1.82898
1.83001
1.83239
1.83591
1.84033
1.84541
1.8509
1.85656
1.86215
1.86745
1.87223
1.87628
1.87941
1.88144
1.8822
1.88153
1.87931
1.8754
1.86972
1.86218
1.85271
1.84128
1.82785
1.81242
1.79501
1.77566
1.75442
1.73137
1.70659
1.68021
1.65233
1.62312
1.5927
1.56126
1.52898
1.49606
1.4627
1.42914
1.39561
1.36234
1.32953
1.2974
1.2661
1.23577
1.2065
1.17837
1.15141
1.12567
1.10122
1.07813
1.05653
1.03657
1.01841
1.00224
0.988224
0.976441
0.966887
0.959423
0.953793
0.949617
0.946515
0.944058
0.94219
0.940697
0.940741
0.941257
)
;

boundaryField
{
    outlet
    {
        type            calculated;
        value           nonuniform List<scalar> 
55
(
0.875394
0.815338
0.753912
0.691853
0.630087
0.569656
0.511511
0.456491
0.405285
0.358401
0.316148
0.278625
0.245745
0.21728
0.192919
0.172341
0.155262
0.141457
0.130723
0.122798
0.117293
0.113707
0.111511
0.110249
0.109583
0.109297
0.109272
0.109471
0.109928
0.110751
0.112155
0.114478
0.118315
0.124779
0.137091
0.166007
0.246123
0.423533
0.716881
0.313854
0.466079
0.887734
1.12966
1.30102
1.4083
1.461
1.46843
1.44161
1.39077
1.32463
1.24989
1.17139
1.09243
1.01522
0.941257
)
;
    }
    inlet
    {
        type            calculated;
        value           uniform 0.199999;
    }
    lowerWall
    {
        type            calculated;
        value           nonuniform List<scalar> 
148
(
0.241787
0.289665
0.336844
0.381951
0.423953
0.46211
0.495948
0.525265
0.550092
0.57064
0.587232
0.60026
0.610144
0.617304
0.622141
0.625025
0.626286
0.626218
0.625076
0.623079
0.620412
0.617231
0.613667
0.609829
0.605806
0.601672
0.597487
0.593298
0.589145
0.58506
0.58106
0.577242
0.574875
0.0119744
0.021481
0.0297918
0.0392639
0.0481853
0.055974
0.0632673
0.0691612
0.0735729
0.0763704
0.0784689
0.0779885
0.0821787
0.0999271
0.259727
0.0119744
0.0190856
0.0233779
0.0259641
0.0274694
0.0282699
0.028617
0.0286826
0.0285092
0.0281605
0.0279632
0.0279048
0.0278389
0.0278155
0.0279047
0.0281886
0.0287518
0.0296711
0.0309772
0.0327181
0.035086
0.0388271
0.0463837
0.0574183
0.0710444
0.0860271
0.101314
0.116274
0.130639
0.144356
0.157471
0.170065
0.182204
0.193892
0.205114
0.215856
0.226129
0.235977
0.24542
0.254463
0.263101
0.27132
0.279091
0.286368
0.293092
0.299572
0.305976
0.31234
0.318674
0.324948
0.33113
0.3372
0.343145
0.348954
0.354623
0.360148
0.365527
0.37076
0.375848
0.380794
0.385601
0.390273
0.394814
0.399224
0.40351
0.407676
0.411731
0.415693
0.419615
0.423613
0.428052
0.434564
0.440904
0.446694
0.4521
0.457218
0.462047
0.46634
0.469239
0.469659
0.471027
0.474013
0.475762
0.477211
0.478014
0.478075
0.477427
0.476147
0.474343
0.47214
0.469671
0.467055
0.464404
0.46181
0.459339
0.457136
0.455201
0.454679
0.454265
0.466079
)
;
    }
    upperWall
    {
        type            calculated;
        value           nonuniform List<scalar> 
133
(
0.209515
0.220347
0.230808
0.24093
0.250733
0.260233
0.269438
0.278351
0.286978
0.295321
0.303382
0.311166
0.318675
0.325913
0.332885
0.339596
0.346049
0.352252
0.35821
0.36393
0.369416
0.374677
0.37972
0.38455
0.389175
0.393602
0.397838
0.40189
0.405764
0.409468
0.413008
0.416392
0.419649
0.42372
0.427722
0.431628
0.435432
0.43913
0.442719
0.446193
0.449549
0.452783
0.455892
0.45887
0.461716
0.464425
0.466995
0.469422
0.471703
0.473836
0.475817
0.477645
0.479317
0.48083
0.482183
0.483372
0.484397
0.485254
0.485942
0.486458
0.486802
0.486969
0.486958
0.486767
0.486393
0.485833
0.485084
0.484144
0.483008
0.481674
0.480137
0.478393
0.476438
0.474267
0.471876
0.469258
0.466409
0.463323
0.459994
0.456416
0.452583
0.448489
0.444128
0.439494
0.434581
0.429383
0.423897
0.418117
0.412041
0.405667
0.398994
0.392024
0.384758
0.377205
0.369373
0.361275
0.35293
0.344361
0.335597
0.326678
0.317649
0.308567
0.2995
0.29053
0.281751
0.273273
0.265219
0.257726
0.250941
0.245018
0.240111
0.236364
0.233902
0.232816
0.233151
0.234896
0.237974
0.242246
0.247515
0.253579
0.261832
0.271466
0.281452
0.290906
0.299162
0.30583
0.310755
0.313978
0.315575
0.315951
0.314827
0.314589
0.313854
)
;
    }
    frontAndBack
    {
        type            empty;
    }
}


// ************************************************************************* //
