/*--------------------------------*- C++ -*----------------------------------*\
| =========                 |                                                 |
| \\      /  F ield         | OpenFOAM: The Open Source CFD Toolbox           |
|  \\    /   O peration     | Version:  4.1                                   |
|   \\  /    A nd           | Web:      www.OpenFOAM.org                      |
|    \\/     M anipulation  |                                                 |
\*---------------------------------------------------------------------------*/
FoamFile
{
    version     2.0;
    format      ascii;
    class       volScalarField;
    location    "1100";
    object      p;
}
// * * * * * * * * * * * * * * * * * * * * * * * * * * * * * * * * * * * * * //

dimensions      [0 2 -2 0 0 0 0];

internalField   nonuniform List<scalar> 
6820
(
6.15756
-4.54136
-8.06798
-8.81322
-9.20582
-9.53707
-9.72544
-9.81876
-9.88166
-9.93434
-9.97741
-10.0125
-10.0426
-10.0698
-10.0947
-10.1176
-10.139
-10.1592
-10.1783
-10.1967
-10.2143
-10.2313
-10.2478
-10.2637
-10.2793
-10.2943
-10.3089
-10.3229
-10.3361
-10.3484
-10.3587
-10.3688
-10.3652
-15.5617
-12.0144
-11.2126
-10.4083
-10.0251
-9.94293
-9.92901
-9.92414
-9.93615
-9.96123
-9.98934
-10.0164
-10.0423
-10.0672
-10.0909
-10.1133
-10.1345
-10.1548
-10.1741
-10.1926
-10.2105
-10.2277
-10.2444
-10.2606
-10.2763
-10.2916
-10.3065
-10.3208
-10.3346
-10.3478
-10.3597
-10.3722
-10.3777
-13.3712
-9.86328
-9.60119
-9.59094
-9.57826
-9.66879
-9.76198
-9.82422
-9.87485
-9.92201
-9.96349
-9.99894
-10.0301
-10.0583
-10.0841
-10.1079
-10.13
-10.1508
-10.1705
-10.1893
-10.2073
-10.2246
-10.2414
-10.2577
-10.2735
-10.2889
-10.304
-10.3186
-10.3327
-10.3466
-10.3596
-10.3734
-10.3843
-10.9444
-9.47342
-9.62389
-9.73421
-9.71433
-9.76344
-9.82756
-9.87116
-9.90738
-9.94342
-9.9771
-10.0073
-10.0349
-10.0606
-10.0846
-10.1072
-10.1285
-10.1487
-10.168
-10.1865
-10.2044
-10.2217
-10.2385
-10.2548
-10.2707
-10.2863
-10.3015
-10.3165
-10.3311
-10.3456
-10.3599
-10.3748
-10.3891
-10.492
-9.77748
-9.81613
-9.82704
-9.77753
-9.79944
-9.84593
-9.88216
-9.91454
-9.94771
-9.9795
-10.0086
-10.0355
-10.0607
-10.0844
-10.1066
-10.1277
-10.1477
-10.1669
-10.1853
-10.2031
-10.2203
-10.237
-10.2533
-10.2692
-10.2849
-10.3002
-10.3154
-10.3304
-10.3454
-10.3605
-10.3763
-10.3926
-10.4114
-9.93164
-9.8836
-9.85761
-9.81375
-9.82704
-9.86354
-9.89557
-9.92551
-9.95617
-9.98582
-10.0134
-10.0391
-10.0633
-10.0862
-10.1078
-10.1284
-10.148
-10.1668
-10.1849
-10.2025
-10.2195
-10.2361
-10.2523
-10.2682
-10.2839
-10.2993
-10.3147
-10.33
-10.3454
-10.3611
-10.3776
-10.395
-10.2884
-9.962
-9.90772
-9.88226
-9.84904
-9.85705
-9.8849
-9.91217
-9.93893
-9.96659
-9.99376
-10.0195
-10.0438
-10.0669
-10.0889
-10.1098
-10.1298
-10.1489
-10.1674
-10.1852
-10.2025
-10.2193
-10.2358
-10.2519
-10.2677
-10.2834
-10.2989
-10.3143
-10.3298
-10.3455
-10.3616
-10.3785
-10.3965
-10.1794
-9.97397
-9.92927
-9.90703
-9.88114
-9.88539
-9.90633
-9.92916
-9.95278
-9.97762
-10.0024
-10.0263
-10.0493
-10.0712
-10.0923
-10.1124
-10.1318
-10.1505
-10.1685
-10.186
-10.203
-10.2196
-10.2359
-10.2518
-10.2676
-10.2831
-10.2986
-10.3141
-10.3297
-10.3455
-10.3618
-10.3789
-10.397
-10.1084
-9.98475
-9.94722
-9.92731
-9.90746
-9.90992
-9.92606
-9.94538
-9.96632
-9.98868
-10.0114
-10.0336
-10.0552
-10.076
-10.0961
-10.1156
-10.1343
-10.1524
-10.17
-10.1872
-10.2039
-10.2202
-10.2362
-10.252
-10.2676
-10.2831
-10.2985
-10.314
-10.3296
-10.3455
-10.3618
-10.3788
-10.3967
-10.0641
-9.99137
-9.96022
-9.94319
-9.92867
-9.93065
-9.94365
-9.96032
-9.97905
-9.99932
-10.0201
-10.0408
-10.0611
-10.0809
-10.1002
-10.1189
-10.137
-10.1546
-10.1718
-10.1885
-10.2049
-10.2209
-10.2367
-10.2523
-10.2678
-10.2831
-10.2984
-10.3138
-10.3293
-10.3451
-10.3613
-10.378
-10.3955
-10.0364
-9.99472
-9.97003
-9.95616
-9.946
-9.94809
-9.95905
-9.97374
-9.99069
-10.0092
-10.0284
-10.0478
-10.0669
-10.0857
-10.1042
-10.1221
-10.1397
-10.1568
-10.1735
-10.1898
-10.2059
-10.2217
-10.2372
-10.2526
-10.2679
-10.283
-10.2982
-10.3134
-10.3288
-10.3444
-10.3603
-10.3767
-10.3937
-10.0199
-9.9968
-9.97809
-9.96722
-9.96042
-9.96283
-9.97243
-9.98563
-10.0011
-10.0182
-10.036
-10.0542
-10.0723
-10.0902
-10.1079
-10.1252
-10.1421
-10.1587
-10.175
-10.191
-10.2068
-10.2222
-10.2375
-10.2527
-10.2677
-10.2827
-10.2977
-10.3127
-10.3278
-10.3432
-10.3588
-10.3747
-10.3911
-10.011
-9.99877
-9.98513
-9.97692
-9.97266
-9.97545
-9.9841
-9.99613
-10.0104
-10.0262
-10.0429
-10.0599
-10.0771
-10.0942
-10.1112
-10.1279
-10.1443
-10.1604
-10.1763
-10.1919
-10.2073
-10.2225
-10.2376
-10.2525
-10.2673
-10.282
-10.2967
-10.3115
-10.3264
-10.3414
-10.3566
-10.372
-10.3877
-10.0072
-10.0011
-9.99155
-9.98563
-9.98328
-9.98642
-9.99437
-10.0054
-10.0186
-10.0333
-10.049
-10.0651
-10.0814
-10.0977
-10.114
-10.1301
-10.146
-10.1617
-10.1772
-10.1925
-10.2076
-10.2225
-10.2372
-10.2518
-10.2664
-10.2808
-10.2953
-10.3098
-10.3243
-10.3389
-10.3537
-10.3686
-10.3836
-10.0068
-10.004
-9.99758
-9.99358
-9.99269
-9.99612
-10.0035
-10.0137
-10.026
-10.0397
-10.0544
-10.0696
-10.0851
-10.1008
-10.1164
-10.132
-10.1474
-10.1626
-10.1777
-10.1926
-10.2073
-10.2219
-10.2364
-10.2507
-10.265
-10.2792
-10.2933
-10.3075
-10.3216
-10.3358
-10.3501
-10.3644
-10.3787
-10.0086
-10.0075
-10.0034
-10.0009
-10.0011
-10.0048
-10.0117
-10.0212
-10.0326
-10.0454
-10.0592
-10.0736
-10.0884
-10.1033
-10.1183
-10.1333
-10.1483
-10.1631
-10.1777
-10.1923
-10.2067
-10.2209
-10.2351
-10.2491
-10.2631
-10.2769
-10.2908
-10.3045
-10.3183
-10.332
-10.3458
-10.3595
-10.3732
-10.0118
-10.0115
-10.009
-10.0078
-10.0088
-10.0126
-10.0192
-10.028
-10.0386
-10.0506
-10.0635
-10.0771
-10.0911
-10.1054
-10.1198
-10.1343
-10.1487
-10.1631
-10.1774
-10.1915
-10.2056
-10.2195
-10.2333
-10.247
-10.2606
-10.2742
-10.2876
-10.301
-10.3143
-10.3276
-10.3408
-10.354
-10.367
-10.0158
-10.0158
-10.0146
-10.0143
-10.0159
-10.0197
-10.026
-10.0342
-10.0441
-10.0552
-10.0674
-10.0802
-10.0935
-10.1071
-10.1209
-10.1349
-10.1488
-10.1627
-10.1766
-10.1903
-10.204
-10.2176
-10.2311
-10.2444
-10.2577
-10.2708
-10.2839
-10.2969
-10.3098
-10.3226
-10.3352
-10.3478
-10.3602
-10.0203
-10.0205
-10.02
-10.0204
-10.0223
-10.0262
-10.0321
-10.0398
-10.049
-10.0594
-10.0708
-10.0829
-10.0955
-10.1085
-10.1217
-10.1351
-10.1485
-10.162
-10.1754
-10.1888
-10.2021
-10.2153
-10.2284
-10.2414
-10.2543
-10.267
-10.2797
-10.2922
-10.3047
-10.317
-10.3291
-10.3411
-10.3529
-10.0251
-10.0253
-10.0254
-10.0262
-10.0283
-10.0321
-10.0377
-10.0448
-10.0534
-10.0631
-10.0738
-10.0852
-10.0971
-10.1095
-10.1221
-10.135
-10.1479
-10.1609
-10.1739
-10.1869
-10.1998
-10.2126
-10.2253
-10.2379
-10.2504
-10.2628
-10.275
-10.2871
-10.2991
-10.3109
-10.3225
-10.3339
-10.3451
-10.03
-10.0302
-10.0306
-10.0316
-10.0339
-10.0375
-10.0427
-10.0494
-10.0573
-10.0663
-10.0763
-10.0871
-10.0984
-10.1101
-10.1222
-10.1345
-10.147
-10.1595
-10.1721
-10.1846
-10.1971
-10.2095
-10.2218
-10.2341
-10.2462
-10.2581
-10.2699
-10.2816
-10.293
-10.3043
-10.3154
-10.3263
-10.3369
-10.035
-10.0352
-10.0357
-10.0368
-10.039
-10.0424
-10.0472
-10.0533
-10.0607
-10.0691
-10.0784
-10.0885
-10.0993
-10.1104
-10.122
-10.1338
-10.1457
-10.1578
-10.1699
-10.182
-10.1941
-10.2061
-10.2181
-10.2299
-10.2416
-10.2531
-10.2645
-10.2757
-10.2867
-10.2974
-10.308
-10.3183
-10.3284
-10.04
-10.0402
-10.0407
-10.0418
-10.0438
-10.0469
-10.0512
-10.0568
-10.0636
-10.0714
-10.0801
-10.0896
-10.0997
-10.1103
-10.1214
-10.1326
-10.1441
-10.1558
-10.1675
-10.1792
-10.1908
-10.2025
-10.214
-10.2254
-10.2367
-10.2478
-10.2587
-10.2694
-10.28
-10.2903
-10.3003
-10.3101
-10.3197
-10.045
-10.0452
-10.0456
-10.0464
-10.0481
-10.0508
-10.0547
-10.0597
-10.0659
-10.0731
-10.0812
-10.0902
-10.0997
-10.1098
-10.1203
-10.1312
-10.1422
-10.1534
-10.1647
-10.176
-10.1873
-10.1985
-10.2096
-10.2206
-10.2315
-10.2422
-10.2526
-10.2629
-10.273
-10.2828
-10.2924
-10.3017
-10.3107
-10.05
-10.0501
-10.0503
-10.0509
-10.0521
-10.0543
-10.0576
-10.0621
-10.0676
-10.0743
-10.0818
-10.0902
-10.0993
-10.1089
-10.1189
-10.1293
-10.1399
-10.1507
-10.1616
-10.1725
-10.1834
-10.1942
-10.205
-10.2156
-10.226
-10.2363
-10.2464
-10.2562
-10.2658
-10.2752
-10.2843
-10.2931
-10.3016
-10.0551
-10.0552
-10.0551
-10.0551
-10.0558
-10.0573
-10.06
-10.0638
-10.0688
-10.0748
-10.0818
-10.0897
-10.0982
-10.1074
-10.117
-10.127
-10.1372
-10.1476
-10.1581
-10.1687
-10.1792
-10.1897
-10.2
-10.2103
-10.2203
-10.2302
-10.2399
-10.2493
-10.2584
-10.2673
-10.276
-10.2843
-10.2923
-10.0604
-10.0604
-10.0599
-10.0592
-10.059
-10.0598
-10.0617
-10.0648
-10.0692
-10.0746
-10.0811
-10.0885
-10.0966
-10.1054
-10.1146
-10.1242
-10.1341
-10.1441
-10.1543
-10.1645
-10.1747
-10.1848
-10.1948
-10.2047
-10.2144
-10.2239
-10.2331
-10.2422
-10.2509
-10.2594
-10.2675
-10.2754
-10.283
-10.066
-10.066
-10.0648
-10.0631
-10.0619
-10.0617
-10.0628
-10.0651
-10.0688
-10.0737
-10.0796
-10.0866
-10.0943
-10.1027
-10.1116
-10.1209
-10.1304
-10.1402
-10.1501
-10.16
-10.1698
-10.1796
-10.1893
-10.1989
-10.2082
-10.2173
-10.2262
-10.2348
-10.2432
-10.2512
-10.259
-10.2664
-10.2736
-10.0722
-10.0722
-10.07
-10.0669
-10.0644
-10.063
-10.063
-10.0645
-10.0675
-10.0718
-10.0773
-10.0838
-10.0912
-10.0993
-10.1079
-10.1169
-10.1262
-10.1357
-10.1453
-10.155
-10.1646
-10.1741
-10.1835
-10.1927
-10.2017
-10.2105
-10.2191
-10.2273
-10.2353
-10.243
-10.2503
-10.2574
-10.2641
-10.0795
-10.0794
-10.0757
-10.0706
-10.0664
-10.0635
-10.0623
-10.0628
-10.0651
-10.0688
-10.0739
-10.0801
-10.0872
-10.0951
-10.1035
-10.1123
-10.1214
-10.1307
-10.1401
-10.1495
-10.1589
-10.1681
-10.1773
-10.1862
-10.1949
-10.2034
-10.2116
-10.2196
-10.2272
-10.2345
-10.2415
-10.2482
-10.2545
-10.0887
-10.0883
-10.0822
-10.0742
-10.0676
-10.0629
-10.0603
-10.0598
-10.0613
-10.0646
-10.0694
-10.0753
-10.0822
-10.0899
-10.0982
-10.1068
-10.1158
-10.1249
-10.1342
-10.1434
-10.1526
-10.1616
-10.1705
-10.1792
-10.1877
-10.1959
-10.2038
-10.2115
-10.2188
-10.2258
-10.2325
-10.2388
-10.2448
-10.1012
-10.0999
-10.0897
-10.0777
-10.068
-10.0609
-10.0567
-10.0551
-10.056
-10.0588
-10.0633
-10.0691
-10.0759
-10.0835
-10.0917
-10.1003
-10.1092
-10.1183
-10.1274
-10.1365
-10.1455
-10.1544
-10.1631
-10.1716
-10.1799
-10.1879
-10.1956
-10.203
-10.21
-10.2167
-10.2231
-10.2292
-10.2348
-10.1194
-10.1157
-10.0985
-10.0805
-10.0669
-10.057
-10.0509
-10.0483
-10.0486
-10.051
-10.0553
-10.0611
-10.0679
-10.0755
-10.0838
-10.0924
-10.1013
-10.1104
-10.1195
-10.1285
-10.1375
-10.1463
-10.1549
-10.1633
-10.1714
-10.1792
-10.1868
-10.1939
-10.2008
-10.2073
-10.2135
-10.2193
-10.2247
-10.1498
-10.1386
-10.108
-10.0812
-10.0627
-10.0497
-10.0418
-10.0383
-10.0382
-10.0405
-10.0448
-10.0507
-10.0576
-10.0654
-10.0738
-10.0826
-10.0916
-10.1008
-10.1099
-10.119
-10.128
-10.1368
-10.1454
-10.1538
-10.1618
-10.1696
-10.177
-10.1841
-10.1909
-10.1973
-10.2033
-10.209
-10.2142
-10.2048
-10.1764
-10.1213
-10.0805
-10.0543
-10.0366
-10.0267
-10.0228
-10.0227
-10.0254
-10.0304
-10.0369
-10.0446
-10.053
-10.062
-10.0713
-10.0807
-10.0902
-10.0996
-10.109
-10.1181
-10.127
-10.1357
-10.1441
-10.1521
-10.1598
-10.1672
-10.1742
-10.1809
-10.1871
-10.193
-10.1986
-10.2037
-10.2878
-10.2247
-10.1401
-10.0866
-10.0479
-10.0198
-10.0047
-9.99816
-9.9964
-9.9983
-10.0032
-10.0103
-10.0188
-10.0282
-10.0382
-10.0487
-10.0593
-10.0699
-10.0804
-10.0908
-10.1009
-10.1107
-10.1201
-10.1292
-10.138
-10.1463
-10.1542
-10.1617
-10.1688
-10.1755
-10.1818
-10.1876
-10.1929
-10.438
-10.2045
-10.0751
-10.0618
-10.047
-10.0295
-10.0236
-10.0232
-10.0234
-10.0249
-10.0281
-10.0328
-10.0384
-10.0448
-10.0519
-10.0595
-10.0675
-10.0758
-10.0841
-10.0925
-10.1008
-10.1091
-10.1171
-10.125
-10.1326
-10.14
-10.147
-10.1538
-10.1602
-10.1662
-10.172
-10.1774
-10.1824
-11.3943
-10.1711
-9.58076
-9.50149
-9.51463
-9.55223
-9.60774
-9.66367
-9.71434
-9.76102
-9.80401
-9.84283
-9.87755
-9.9087
-9.93675
-9.96208
-9.98501
-10.0059
-10.0249
-10.0423
-10.0583
-10.073
-10.0865
-10.0991
-10.1107
-10.1215
-10.1314
-10.1406
-10.1491
-10.1569
-10.1641
-10.1706
-10.1765
-15.1634
-12.9605
-11.9294
-11.293
-10.8659
-10.6151
-10.4532
-10.3301
-10.2378
-10.1735
-10.1299
-10.1004
-10.081
-10.0693
-10.0632
-10.0614
-10.0625
-10.0658
-10.0707
-10.0766
-10.0834
-10.0905
-10.098
-10.1055
-10.113
-10.1204
-10.1277
-10.1347
-10.1414
-10.1478
-10.1539
-10.1598
-10.1653
-1.24969
-5.34235
-7.46616
-8.23868
-8.6775
-9.04122
-9.30738
-9.48363
-9.6077
-9.70359
-9.7791
-9.83807
-9.88481
-9.92297
-9.9549
-9.98204
-10.0054
-10.0259
-10.044
-10.0602
-10.0749
-10.0883
-10.1005
-10.1117
-10.1221
-10.1316
-10.1404
-10.1486
-10.1561
-10.163
-10.1694
-10.1752
-10.1805
-10.3495
-10.132
-10.4206
-10.6899
-10.7942
-10.8265
-10.8377
-10.835
-10.825
-10.8171
-10.8181
-10.8312
-10.8576
-10.8968
-10.9469
-11.0055
-11.0696
-11.1363
-11.2028
-11.2667
-11.3259
-11.3787
-11.4237
-11.4601
-11.4871
-11.5045
-11.5119
-11.5094
-11.497
-11.4746
-11.4425
-11.4004
-11.3486
-11.2868
-11.2151
-11.1332
-11.041
-10.9384
-10.825
-10.7008
-10.5654
-10.4187
-10.2604
-10.0903
-9.90846
-9.71468
-9.509
-9.29154
-9.06251
-8.82224
-8.57117
-8.30989
-8.03911
-7.75967
-7.47254
-7.17882
-6.87971
-6.57652
-6.27062
-5.96345
-5.65648
-5.35117
-5.04896
-4.75126
-4.45939
-4.17456
-3.8979
-3.63036
-3.37279
-3.12586
-2.89009
-2.66585
-2.45339
-2.25279
-2.06405
-1.88704
-1.72152
-1.56716
-1.42358
-1.2903
-1.16682
-1.05263
-0.947169
-0.849893
-0.760257
-0.677732
-0.601804
-0.53199
-0.467815
-0.40887
-0.354676
-0.304997
-0.259101
-0.217398
-0.177751
-0.143553
-0.106019
-0.0824343
-0.0340992
-0.0420858
-10.3956
-10.3936
-10.5874
-10.7324
-10.7644
-10.7585
-10.7506
-10.741
-10.732
-10.7301
-10.7397
-10.7617
-10.7959
-10.8411
-10.8955
-10.9566
-11.0221
-11.0893
-11.1558
-11.2194
-11.2782
-11.3305
-11.3751
-11.4111
-11.4379
-11.4551
-11.4625
-11.46
-11.4476
-11.4254
-11.3933
-11.3514
-11.2997
-11.2381
-11.1665
-11.0849
-10.9929
-10.8905
-10.7775
-10.6536
-10.5187
-10.3726
-10.2149
-10.0457
-9.86482
-9.67215
-9.46776
-9.25177
-9.0244
-8.78598
-8.53695
-8.27789
-8.0095
-7.7326
-7.44816
-7.15723
-6.86099
-6.56072
-6.25776
-5.95351
-5.64939
-5.34684
-5.04727
-4.75205
-4.46248
-4.17976
-3.90499
-3.63912
-3.38298
-3.13726
-2.90247
-2.679
-2.46709
-2.26687
-2.07833
-1.90135
-1.73571
-1.58112
-1.43719
-1.30347
-1.17949
-1.06473
-0.958661
-0.860741
-0.77044
-0.687234
-0.610618
-0.540112
-0.475244
-0.415609
-0.360723
-0.310359
-0.263759
-0.221396
-0.180979
-0.146283
-0.10763
-0.0845566
-0.0330332
-0.047242
-10.408
-10.4221
-10.509
-10.6102
-10.667
-10.6957
-10.7146
-10.7248
-10.7282
-10.7313
-10.7396
-10.7561
-10.7822
-10.8183
-10.864
-10.9177
-10.9772
-11.04
-11.1036
-11.1653
-11.2229
-11.2746
-11.3189
-11.3549
-11.3817
-11.3991
-11.4067
-11.4045
-11.3925
-11.3705
-11.3388
-11.2973
-11.2459
-11.1846
-11.1134
-11.0321
-10.9406
-10.8386
-10.7261
-10.6028
-10.4686
-10.3232
-10.1665
-9.99826
-9.81851
-9.62717
-9.42428
-9.20997
-8.98446
-8.74809
-8.50129
-8.24465
-7.97883
-7.70465
-7.42305
-7.13506
-6.84184
-6.54462
-6.24471
-5.94348
-5.64231
-5.34262
-5.04577
-4.75312
-4.46593
-4.18539
-3.91257
-3.64843
-3.39379
-3.14932
-2.91556
-2.69289
-2.48158
-2.28175
-2.09342
-1.91648
-1.75074
-1.5959
-1.45161
-1.31744
-1.19292
-1.07757
-0.97085
-0.872249
-0.78124
-0.697311
-0.619961
-0.548719
-0.483112
-0.422741
-0.367118
-0.316025
-0.268682
-0.225613
-0.1844
-0.149146
-0.109396
-0.0866945
-0.0321856
-0.0521577
-10.4118
-10.436
-10.5038
-10.5974
-10.6608
-10.6906
-10.705
-10.7118
-10.7143
-10.7177
-10.7268
-10.7442
-10.7705
-10.8059
-10.8493
-10.8994
-10.954
-11.0111
-11.0686
-11.1245
-11.1768
-11.2241
-11.2651
-11.2985
-11.3238
-11.3401
-11.3473
-11.3449
-11.333
-11.3113
-11.2799
-11.2388
-11.1878
-11.127
-11.0563
-10.9755
-10.8845
-10.7832
-10.6714
-10.5488
-10.4154
-10.2709
-10.1152
-9.94822
-9.76979
-9.57994
-9.37872
-9.16625
-8.94277
-8.70861
-8.4642
-8.2101
-7.947
-7.67567
-7.39703
-7.1121
-6.822
-6.52793
-6.23117
-5.93305
-5.63494
-5.33819
-5.04416
-4.75416
-4.46945
-4.19117
-3.9204
-3.65807
-3.405
-3.16186
-2.9292
-2.7074
-2.49673
-2.29734
-2.10925
-1.93238
-1.76654
-1.61147
-1.46682
-1.33218
-1.20712
-1.09114
-0.983747
-0.88443
-0.792676
-0.707983
-0.629858
-0.557834
-0.491444
-0.430292
-0.373887
-0.32202
-0.273891
-0.230071
-0.18803
-0.152165
-0.111318
-0.0888872
-0.0315214
-0.05688
-10.4159
-10.4468
-10.5029
-10.5752
-10.628
-10.6562
-10.6733
-10.6856
-10.6947
-10.7039
-10.7168
-10.7357
-10.7617
-10.7948
-10.8348
-10.8805
-10.9305
-10.9828
-11.0357
-11.0872
-11.1355
-11.1792
-11.2168
-11.2474
-11.2701
-11.2844
-11.2899
-11.2864
-11.2735
-11.2513
-11.2197
-11.1785
-11.1276
-11.0671
-10.9967
-10.9163
-10.8258
-10.7251
-10.6139
-10.4922
-10.3596
-10.2162
-10.0616
-9.89586
-9.71886
-9.5306
-9.33114
-9.12061
-8.89925
-8.6674
-8.42547
-8.17402
-7.91372
-7.64533
-7.36975
-7.08796
-6.80107
-6.51025
-6.21674
-5.92184
-5.62687
-5.33317
-5.04207
-4.75484
-4.4727
-4.1968
-3.92818
-3.66778
-3.41638
-3.17468
-2.9432
-2.72235
-2.5124
-2.31351
-2.12572
-1.94895
-1.78305
-1.62776
-1.48276
-1.34767
-1.22204
-1.10543
-0.997342
-0.897282
-0.804752
-0.719259
-0.640319
-0.567472
-0.500255
-0.438277
-0.381047
-0.328361
-0.279405
-0.234786
-0.191885
-0.155354
-0.113413
-0.0911372
-0.0310647
-0.0613596
-10.4188
-10.451
-10.4979
-10.5553
-10.6026
-10.6332
-10.654
-10.6697
-10.6819
-10.6935
-10.7077
-10.7267
-10.7516
-10.7826
-10.8196
-10.8617
-10.9074
-10.9553
-11.0036
-11.0506
-11.0947
-11.1346
-11.1689
-11.1966
-11.2169
-11.2293
-11.2332
-11.2284
-11.2145
-11.1916
-11.1594
-11.1178
-11.0667
-11.0061
-10.9357
-10.8556
-10.7654
-10.6651
-10.5545
-10.4334
-10.3017
-10.1592
-10.0058
-9.84128
-9.66572
-9.47907
-9.2814
-9.07286
-8.85367
-8.62417
-8.38478
-8.13604
-7.8786
-7.61323
-7.34078
-7.06223
-6.77864
-6.49116
-6.201
-5.90943
-5.61773
-5.32721
-5.03916
-4.75482
-4.4754
-4.20201
-3.93568
-3.67732
-3.42773
-3.18757
-2.95738
-2.73758
-2.52844
-2.33013
-2.1427
-1.9661
-1.80018
-1.64471
-1.49938
-1.36384
-1.23766
-1.12041
-1.01161
-0.910789
-0.817457
-0.731134
-0.651345
-0.577637
-0.509555
-0.446709
-0.388611
-0.33506
-0.285235
-0.239773
-0.195979
-0.158725
-0.115696
-0.0934413
-0.0308473
-0.0655343
-10.4201
-10.4516
-10.4924
-10.5401
-10.5823
-10.6129
-10.635
-10.6524
-10.6669
-10.6808
-10.6965
-10.7161
-10.7405
-10.7699
-10.8044
-10.843
-10.8848
-10.9284
-10.9723
-11.015
-11.0549
-11.0909
-11.1217
-11.1464
-11.1641
-11.1742
-11.1763
-11.1699
-11.1549
-11.131
-11.0981
-11.056
-11.0045
-10.9437
-10.8733
-10.7932
-10.7033
-10.6033
-10.4932
-10.3727
-10.2417
-10.1001
-9.94771
-9.78445
-9.6103
-9.42525
-9.22937
-9.02281
-8.80582
-8.5787
-8.34189
-8.09591
-7.8414
-7.57911
-7.30988
-7.03465
-6.75447
-6.47044
-6.18375
-5.89562
-5.60732
-5.32011
-5.03524
-4.75394
-4.47738
-4.20663
-3.94272
-3.68654
-3.43887
-3.20038
-2.97161
-2.75295
-2.54472
-2.34707
-2.16008
-1.98371
-1.81783
-1.66222
-1.5166
-1.38063
-1.25392
-1.13603
-1.02652
-0.924926
-0.830774
-0.743597
-0.66293
-0.588329
-0.519344
-0.455591
-0.396585
-0.342129
-0.291395
-0.245043
-0.200326
-0.162286
-0.118181
-0.0957987
-0.0308946
-0.0693517
-10.4201
-10.4502
-10.4865
-10.5272
-10.5647
-10.5942
-10.6171
-10.6359
-10.6523
-10.6679
-10.6849
-10.7047
-10.7284
-10.7563
-10.7884
-10.8239
-10.8621
-10.9017
-10.9414
-10.98
-11.016
-11.0482
-11.0755
-11.0971
-11.112
-11.1198
-11.1198
-11.1117
-11.0953
-11.0702
-11.0363
-10.9934
-10.9415
-10.8803
-10.8097
-10.7295
-10.6396
-10.5399
-10.4301
-10.3101
-10.1798
-10.039
-9.8876
-9.72553
-9.55275
-9.36927
-9.17518
-8.97061
-8.75581
-8.53111
-8.29691
-8.05374
-7.80222
-7.54307
-7.27713
-7.00531
-6.72862
-6.44814
-6.16503
-5.88046
-5.59568
-5.31189
-5.03034
-4.7522
-4.47861
-4.21064
-3.94928
-3.69539
-3.44977
-3.21306
-2.9858
-2.7684
-2.56116
-2.36426
-2.17779
-2.00171
-1.83592
-1.68023
-1.53436
-1.39799
-1.27076
-1.15225
-1.04203
-0.939661
-0.844678
-0.756629
-0.675061
-0.599539
-0.52962
-0.464926
-0.404974
-0.349572
-0.297891
-0.250605
-0.204934
-0.166048
-0.120879
-0.0982092
-0.0312266
-0.0727674
-10.419
-10.4475
-10.4801
-10.5157
-10.5492
-10.5774
-10.6005
-10.6202
-10.6377
-10.6546
-10.6723
-10.6923
-10.7153
-10.7417
-10.7715
-10.8041
-10.8389
-10.8748
-10.9107
-10.9453
-10.9774
-11.006
-11.03
-11.0485
-11.0607
-11.066
-11.0639
-11.054
-11.036
-11.0096
-10.9746
-10.9309
-10.8782
-10.8164
-10.7454
-10.665
-10.5751
-10.4754
-10.3659
-10.2463
-10.1166
-9.9765
-9.82604
-9.6651
-9.49365
-9.31171
-9.11938
-8.91679
-8.70419
-8.4819
-8.25033
-8.00999
-7.76149
-7.50554
-7.24294
-6.97459
-6.70146
-6.42461
-6.14514
-5.86423
-5.58304
-5.30278
-5.02464
-4.74975
-4.47924
-4.21415
-3.95542
-3.70394
-3.46045
-3.22562
-2.99996
-2.7839
-2.57774
-2.38166
-2.19577
-2.02006
-1.85442
-1.69868
-1.5526
-1.41587
-1.28814
-1.16902
-1.05811
-0.95496
-0.85914
-0.770207
-0.68772
-0.611254
-0.540373
-0.474707
-0.413776
-0.357391
-0.304728
-0.256465
-0.209812
-0.170016
-0.123799
-0.100673
-0.0318579
-0.0757447
-10.417
-10.4438
-10.4735
-10.5051
-10.5354
-10.562
-10.5849
-10.6049
-10.6232
-10.6408
-10.659
-10.6789
-10.7011
-10.7261
-10.7537
-10.7836
-10.8152
-10.8476
-10.8798
-10.9107
-10.9391
-10.9642
-10.9849
-11.0003
-11.0098
-11.0126
-11.0084
-10.9966
-10.977
-10.9492
-10.9131
-10.8683
-10.8149
-10.7525
-10.681
-10.6003
-10.5102
-10.4106
-10.3012
-10.1819
-10.0527
-9.91332
-9.76374
-9.60387
-9.4337
-9.25327
-9.06266
-8.86203
-8.65161
-8.43173
-8.20279
-7.96529
-7.71982
-7.46708
-7.20785
-6.94299
-6.67346
-6.40027
-6.12451
-5.84729
-5.56976
-5.29308
-5.0184
-4.74684
-4.47948
-4.21732
-3.96131
-3.7123
-3.47103
-3.23813
-3.01415
-2.79949
-2.59447
-2.39929
-2.21404
-2.03873
-1.87329
-1.71755
-1.57129
-1.43423
-1.30603
-1.18632
-1.07471
-0.970791
-0.874131
-0.784306
-0.700886
-0.623457
-0.551592
-0.484926
-0.422987
-0.365585
-0.311907
-0.262625
-0.214963
-0.174195
-0.126947
-0.10319
-0.0327972
-0.0782559
-10.4142
-10.4394
-10.4666
-10.495
-10.5226
-10.5477
-10.57
-10.5901
-10.6087
-10.6267
-10.645
-10.6646
-10.686
-10.7095
-10.735
-10.7624
-10.791
-10.8201
-10.8487
-10.876
-10.901
-10.9226
-10.9401
-10.9525
-10.9592
-10.9596
-10.9532
-10.9395
-10.9182
-10.889
-10.8517
-10.8059
-10.7516
-10.6886
-10.6166
-10.5356
-10.4453
-10.3456
-10.2363
-10.1174
-9.98858
-9.84986
-9.70112
-9.54231
-9.3734
-9.19445
-9.00555
-8.80686
-8.59861
-8.38113
-8.15481
-7.92014
-7.67771
-7.42818
-7.17232
-6.91097
-6.64505
-6.37554
-6.10349
-5.82999
-5.55615
-5.28308
-5.01191
-4.74371
-4.47953
-4.22036
-3.96711
-3.72062
-3.48161
-3.25071
-3.02845
-2.81525
-2.61142
-2.41716
-2.2326
-2.05774
-1.89253
-1.73683
-1.59042
-1.45304
-1.32439
-1.20411
-1.09182
-0.987128
-0.889627
-0.798903
-0.714539
-0.636131
-0.563262
-0.495572
-0.432597
-0.374149
-0.319424
-0.269087
-0.22039
-0.178589
-0.130326
-0.10576
-0.0340472
-0.0802831
-10.4106
-10.4343
-10.4594
-10.4852
-10.5105
-10.5342
-10.5557
-10.5755
-10.5941
-10.6121
-10.6303
-10.6494
-10.6699
-10.6919
-10.7155
-10.7404
-10.7662
-10.7921
-10.8174
-10.8413
-10.8628
-10.8811
-10.8954
-10.905
-10.909
-10.9069
-10.8983
-10.8827
-10.8597
-10.8291
-10.7904
-10.7437
-10.6885
-10.6247
-10.5522
-10.4708
-10.3803
-10.2805
-10.1714
-10.0527
-9.92442
-9.78635
-9.63845
-9.48068
-9.31304
-9.13557
-8.94837
-8.75161
-8.54553
-8.33045
-8.10674
-7.87491
-7.6355
-7.38919
-7.1367
-6.87885
-6.61654
-6.35072
-6.08239
-5.81262
-5.54247
-5.27303
-5.00537
-4.74055
-4.47958
-4.22343
-3.97297
-3.72903
-3.49231
-3.26344
-3.04295
-2.83123
-2.62863
-2.43534
-2.25149
-2.07711
-1.91217
-1.75652
-1.60998
-1.47232
-1.34322
-1.22237
-1.10941
-1.00395
-0.905608
-0.813979
-0.728661
-0.64926
-0.575369
-0.506633
-0.442599
-0.383075
-0.327277
-0.275847
-0.226091
-0.183197
-0.133937
-0.108382
-0.035604
-0.0818192
-10.4063
-10.4285
-10.4518
-10.4755
-10.4989
-10.5211
-10.5417
-10.561
-10.5793
-10.5972
-10.6151
-10.6335
-10.6529
-10.6735
-10.6951
-10.7177
-10.7407
-10.7636
-10.7858
-10.8064
-10.8247
-10.8398
-10.851
-10.8577
-10.859
-10.8546
-10.8438
-10.8262
-10.8015
-10.7694
-10.7295
-10.6816
-10.6255
-10.561
-10.488
-10.4062
-10.3154
-10.2156
-10.1066
-9.98822
-9.86037
-9.72295
-9.5759
-9.41919
-9.25281
-9.07682
-8.89134
-8.69652
-8.49262
-8.27992
-8.05884
-7.82983
-7.59346
-7.35035
-7.10122
-6.84688
-6.58817
-6.32603
-6.06143
-5.79538
-5.52893
-5.26311
-4.99898
-4.73754
-4.4798
-4.22667
-3.97902
-3.73764
-3.50324
-3.27643
-3.05771
-2.84752
-2.64616
-2.45386
-2.27075
-2.09688
-1.93221
-1.77664
-1.62999
-1.49205
-1.36252
-1.24111
-1.12748
-1.02125
-0.922061
-0.82952
-0.743237
-0.662829
-0.587899
-0.518098
-0.452981
-0.392357
-0.335458
-0.282901
-0.232064
-0.188019
-0.137776
-0.111057
-0.0374578
-0.0828677
-10.4013
-10.4221
-10.4438
-10.4657
-10.4874
-10.5082
-10.528
-10.5466
-10.5644
-10.5818
-10.5992
-10.6169
-10.6352
-10.6542
-10.674
-10.6943
-10.7147
-10.7348
-10.7539
-10.7714
-10.7865
-10.7986
-10.8069
-10.8107
-10.8094
-10.8026
-10.7896
-10.7701
-10.7436
-10.71
-10.6688
-10.6198
-10.5628
-10.4976
-10.424
-10.3418
-10.2508
-10.1509
-10.042
-9.92394
-9.79656
-9.65981
-9.51362
-9.35797
-9.19288
-9.0184
-8.83464
-8.64177
-8.44004
-8.22975
-8.01129
-7.78511
-7.55176
-7.31186
-7.06609
-6.81524
-6.56013
-6.30166
-6.04077
-5.77844
-5.51567
-5.25347
-4.99286
-4.73481
-4.48029
-4.23019
-3.98535
-3.74655
-3.51448
-3.28973
-3.07282
-2.86415
-2.66406
-2.47276
-2.29041
-2.11706
-1.95269
-1.7972
-1.65046
-1.51224
-1.38229
-1.26032
-1.14602
-1.03902
-0.938978
-0.845516
-0.758256
-0.676827
-0.600841
-0.529956
-0.463736
-0.401986
-0.343962
-0.290247
-0.238306
-0.193053
-0.141839
-0.113785
-0.039593
-0.0834429
-10.3955
-10.4152
-10.4354
-10.4558
-10.476
-10.4955
-10.5142
-10.5321
-10.5493
-10.5661
-10.5827
-10.5995
-10.6166
-10.6342
-10.6521
-10.6702
-10.6881
-10.7055
-10.7218
-10.7363
-10.7484
-10.7575
-10.7629
-10.764
-10.7602
-10.751
-10.7359
-10.7144
-10.6863
-10.6511
-10.6085
-10.5584
-10.5005
-10.4346
-10.3604
-10.2778
-10.1866
-10.0866
-9.97785
-9.86006
-9.73317
-9.5971
-9.45179
-9.29723
-9.13343
-8.96046
-8.77843
-8.58753
-8.38799
-8.18011
-7.96427
-7.74092
-7.5106
-7.27389
-7.03148
-6.7841
-6.53258
-6.27776
-6.02057
-5.76194
-5.50284
-5.24425
-4.98715
-4.73248
-4.48117
-4.23409
-3.99206
-3.75584
-3.5261
-3.30342
-3.08831
-2.88119
-2.68237
-2.49209
-2.31051
-2.13768
-1.97361
-1.81823
-1.67138
-1.5329
-1.40253
-1.28001
-1.16502
-1.05725
-0.956351
-0.861958
-0.773711
-0.691246
-0.614188
-0.542199
-0.474855
-0.411955
-0.352783
-0.297878
-0.244811
-0.198297
-0.146122
-0.116566
-0.0419888
-0.0835686
-10.3891
-10.4076
-10.4265
-10.4456
-10.4644
-10.4828
-10.5005
-10.5175
-10.5339
-10.55
-10.5658
-10.5815
-10.5974
-10.6134
-10.6295
-10.6455
-10.6611
-10.6759
-10.6894
-10.7011
-10.7104
-10.7167
-10.7193
-10.7178
-10.7115
-10.6999
-10.6827
-10.6593
-10.6294
-10.5927
-10.5489
-10.4977
-10.4388
-10.3721
-10.2973
-10.2143
-10.1229
-10.0229
-9.91427
-9.79679
-9.6704
-9.53502
-9.3906
-9.23713
-9.07464
-8.9032
-8.72293
-8.534
-8.33665
-8.13118
-7.91797
-7.69745
-7.47013
-7.23661
-6.99754
-6.75363
-6.50567
-6.25449
-6.00097
-5.74602
-5.49057
-5.23557
-4.98195
-4.73064
-4.48253
-4.23846
-3.99924
-3.76559
-3.53817
-3.31756
-3.10426
-2.89867
-2.70113
-2.51187
-2.33106
-2.15877
-1.995
-1.83972
-1.69278
-1.55403
-1.42324
-1.30016
-1.1845
-1.07594
-0.974173
-0.87884
-0.789591
-0.706077
-0.62793
-0.554818
-0.48633
-0.422257
-0.361913
-0.305789
-0.251575
-0.203746
-0.150615
-0.119401
-0.0446205
-0.0832776
-10.3821
-10.3996
-10.4173
-10.4351
-10.4527
-10.4699
-10.4866
-10.5027
-10.5183
-10.5335
-10.5483
-10.563
-10.5776
-10.5921
-10.6064
-10.6204
-10.6337
-10.646
-10.657
-10.666
-10.6725
-10.6761
-10.6761
-10.672
-10.6633
-10.6495
-10.6302
-10.6049
-10.5734
-10.5352
-10.49
-10.4377
-10.3779
-10.3104
-10.2351
-10.1517
-10.06
-9.96003
-9.8515
-9.73434
-9.60845
-9.47378
-9.33026
-9.17791
-9.01674
-8.84684
-8.66832
-8.48137
-8.28622
-8.08316
-7.87257
-7.65487
-7.43056
-7.20021
-6.96446
-6.72399
-6.47957
-6.232
-5.98213
-5.73083
-5.479
-5.22755
-4.97739
-4.72942
-4.48448
-4.2434
-4.00696
-3.77586
-3.55075
-3.3322
-3.1207
-2.91665
-2.72038
-2.53214
-2.35209
-2.18033
-2.01687
-1.86168
-1.71465
-1.57563
-1.44442
-1.32077
-1.20443
-1.09509
-0.992437
-0.896151
-0.805889
-0.721309
-0.642057
-0.567804
-0.498151
-0.432884
-0.371346
-0.313974
-0.258591
-0.209398
-0.15531
-0.122293
-0.0474598
-0.0826097
-10.3745
-10.391
-10.4076
-10.4242
-10.4407
-10.4568
-10.4725
-10.4877
-10.5024
-10.5166
-10.5305
-10.544
-10.5573
-10.5703
-10.5828
-10.5948
-10.606
-10.616
-10.6245
-10.6309
-10.6349
-10.6359
-10.6333
-10.6268
-10.6158
-10.5998
-10.5785
-10.5514
-10.5182
-10.4785
-10.4321
-10.3787
-10.3179
-10.2497
-10.1738
-10.09
-9.99817
-9.89812
-9.78975
-9.67292
-9.54756
-9.4136
-9.27101
-9.11978
-8.95995
-8.79159
-8.61484
-8.42987
-8.23692
-8.03627
-7.82829
-7.6134
-7.39208
-7.16488
-6.93242
-6.69537
-6.45446
-6.21046
-5.9642
-5.71651
-5.46826
-5.22033
-4.9736
-4.72891
-4.48712
-4.249
-4.01531
-3.78674
-3.56392
-3.34741
-3.13769
-2.93516
-2.74015
-2.55292
-2.37363
-2.20239
-2.03924
-1.88414
-1.73701
-1.59771
-1.46606
-1.34185
-1.22481
-1.11467
-1.01113
-0.91388
-0.82259
-0.736931
-0.656556
-0.581146
-0.510309
-0.443827
-0.381072
-0.322425
-0.26585
-0.215247
-0.160196
-0.125244
-0.0504756
-0.0816099
-10.3665
-10.382
-10.3976
-10.4131
-10.4285
-10.4436
-10.4583
-10.4725
-10.4862
-10.4995
-10.5123
-10.5247
-10.5366
-10.5481
-10.5589
-10.569
-10.5781
-10.5859
-10.592
-10.5961
-10.5976
-10.5961
-10.5912
-10.5823
-10.5691
-10.551
-10.5278
-10.4989
-10.4641
-10.423
-10.3753
-10.3207
-10.2591
-10.1902
-10.1137
-10.0296
-9.93752
-9.83746
-9.72925
-9.61278
-9.48796
-9.35473
-9.21307
-9.06298
-8.90449
-8.7377
-8.56272
-8.37973
-8.18897
-7.99073
-7.78535
-7.57325
-7.35489
-7.13082
-6.90162
-6.66795
-6.43051
-6.19005
-5.94735
-5.70322
-5.45851
-5.21405
-4.97069
-4.72926
-4.49056
-4.25535
-4.02438
-3.79831
-3.57774
-3.36324
-3.15528
-2.95424
-2.76048
-2.57423
-2.39569
-2.22496
-2.0621
-1.90708
-1.75984
-1.62026
-1.48817
-1.36337
-1.24563
-1.13468
-1.03024
-0.932013
-0.839682
-0.752927
-0.671414
-0.594828
-0.522789
-0.455071
-0.391079
-0.331132
-0.273341
-0.221285
-0.165257
-0.128256
-0.0536345
-0.0803261
-10.3579
-10.3726
-10.3872
-10.4018
-10.4162
-10.4303
-10.4439
-10.4572
-10.4699
-10.4821
-10.4938
-10.505
-10.5156
-10.5256
-10.5348
-10.543
-10.5502
-10.5558
-10.5597
-10.5615
-10.5607
-10.5569
-10.5497
-10.5386
-10.5233
-10.5032
-10.4781
-10.4475
-10.4111
-10.3686
-10.3197
-10.2642
-10.2017
-10.132
-10.055
-9.97053
-9.87832
-9.77826
-9.67024
-9.55414
-9.42988
-9.29741
-9.1567
-9.00776
-8.85063
-8.6854
-8.51219
-8.33119
-8.14262
-7.94677
-7.74397
-7.53464
-7.31922
-7.09824
-6.87227
-6.64193
-6.40792
-6.17093
-5.93174
-5.69113
-5.44989
-5.20885
-4.96881
-4.73057
-4.49491
-4.26257
-4.03427
-3.81064
-3.5923
-3.37977
-3.17352
-2.97396
-2.78141
-2.59613
-2.4183
-2.24807
-2.08547
-1.93052
-1.78315
-1.64327
-1.51073
-1.38534
-1.26688
-1.1551
-1.04975
-0.950531
-0.857143
-0.769279
-0.686612
-0.608832
-0.535574
-0.466601
-0.401352
-0.340081
-0.28105
-0.227504
-0.170479
-0.131329
-0.0569016
-0.0788072
-10.3491
-10.3628
-10.3766
-10.3902
-10.4036
-10.4167
-10.4294
-10.4417
-10.4534
-10.4646
-10.4751
-10.4851
-10.4944
-10.5029
-10.5105
-10.517
-10.5223
-10.5259
-10.5278
-10.5273
-10.5243
-10.5184
-10.509
-10.4958
-10.4785
-10.4565
-10.4296
-10.3974
-10.3595
-10.3157
-10.2656
-10.2091
-10.1457
-10.0754
-9.99796
-9.91313
-9.82078
-9.72075
-9.61294
-9.49724
-9.37356
-9.24186
-9.10212
-8.95435
-8.79859
-8.63493
-8.4635
-8.28448
-8.09809
-7.90462
-7.70439
-7.49779
-7.28528
-7.06735
-6.84456
-6.61752
-6.38687
-6.15331
-5.91757
-5.6804
-5.44257
-5.20488
-4.96809
-4.73298
-4.50029
-4.27076
-4.04506
-3.82383
-3.60765
-3.39704
-3.19248
-2.99434
-2.80297
-2.61862
-2.44149
-2.27172
-2.10937
-1.95446
-1.80695
-1.66675
-1.53373
-1.40773
-1.28853
-1.17592
-1.06964
-0.969413
-0.874954
-0.785964
-0.702126
-0.623138
-0.548642
-0.478397
-0.411871
-0.349255
-0.28896
-0.233891
-0.175841
-0.134464
-0.0602409
-0.0771012
-10.3399
-10.3528
-10.3657
-10.3784
-10.3909
-10.4031
-10.4148
-10.4261
-10.4368
-10.4469
-10.4564
-10.4651
-10.4731
-10.4802
-10.4862
-10.4911
-10.4945
-10.4963
-10.4961
-10.4937
-10.4886
-10.4806
-10.4692
-10.454
-10.4348
-10.411
-10.3824
-10.3487
-10.3094
-10.2643
-10.2131
-10.1556
-10.0915
-10.0206
-9.94267
-9.85756
-9.7651
-9.66515
-9.55758
-9.4423
-9.31924
-9.18834
-9.04959
-8.903
-8.74862
-8.58654
-8.41689
-8.23985
-8.05563
-7.86451
-7.66682
-7.46294
-7.2533
-7.03838
-6.81871
-6.5949
-6.36755
-6.13735
-5.90499
-5.67119
-5.4367
-5.20227
-4.96866
-4.7366
-4.50682
-4.28002
-4.05686
-3.83796
-3.62388
-3.41514
-3.21219
-3.01544
-2.82519
-2.64174
-2.46527
-2.29592
-2.13379
-1.97889
-1.83121
-1.69067
-1.55716
-1.43052
-1.31058
-1.19711
-1.08988
-0.988634
-0.893088
-0.802955
-0.717932
-0.637719
-0.56197
-0.490436
-0.422614
-0.358633
-0.297051
-0.240429
-0.181321
-0.137657
-0.0636164
-0.0752534
-10.3305
-10.3426
-10.3547
-10.3666
-10.3781
-10.3894
-10.4002
-10.4105
-10.4202
-10.4292
-10.4376
-10.4451
-10.4518
-10.4575
-10.4621
-10.4653
-10.4671
-10.4671
-10.465
-10.4607
-10.4537
-10.4437
-10.4304
-10.4134
-10.3923
-10.3669
-10.3367
-10.3015
-10.2609
-10.2146
-10.1624
-10.104
-10.0392
-9.96769
-9.88937
-9.80402
-9.7115
-9.61165
-9.50437
-9.38955
-9.26713
-9.13705
-8.99932
-8.85393
-8.70095
-8.54046
-8.37259
-8.19752
-8.01546
-7.82668
-7.63151
-7.4303
-7.22348
-7.01151
-6.79492
-6.57427
-6.35016
-6.12324
-5.89417
-5.66366
-5.43242
-5.20118
-4.97065
-4.74156
-4.5146
-4.29045
-4.06975
-3.85309
-3.64104
-3.4341
-3.23272
-3.03728
-2.84812
-2.6655
-2.48964
-2.32069
-2.15873
-2.00382
-1.85594
-1.71503
-1.581
-1.45371
-1.33299
-1.21865
-1.11045
-1.00816
-0.911513
-0.820224
-0.733999
-0.652546
-0.575528
-0.50269
-0.433554
-0.368192
-0.305298
-0.247102
-0.186896
-0.140904
-0.0669927
-0.0733061
-10.3209
-10.3323
-10.3436
-10.3546
-10.3653
-10.3756
-10.3855
-10.3948
-10.4036
-10.4116
-10.4188
-10.4252
-10.4307
-10.435
-10.4381
-10.4399
-10.44
-10.4383
-10.4345
-10.4284
-10.4196
-10.4078
-10.3927
-10.374
-10.3512
-10.3242
-10.2926
-10.256
-10.2141
-10.1667
-10.1136
-10.0543
-9.98886
-9.91688
-9.83822
-9.7527
-9.66016
-9.56047
-9.45351
-9.33919
-9.21745
-9.08823
-8.95153
-8.80737
-8.6558
-8.4969
-8.33082
-8.15771
-7.97779
-7.79133
-7.59864
-7.40007
-7.19602
-6.98696
-6.77337
-6.55582
-6.33486
-6.11113
-5.88528
-5.65796
-5.42988
-5.20172
-4.97418
-4.74795
-4.52372
-4.30212
-4.08379
-3.8693
-3.6592
-3.45398
-3.25408
-3.0599
-2.87175
-2.68992
-2.51462
-2.34601
-2.18419
-2.02922
-1.8811
-1.7398
-1.60522
-1.47725
-1.35574
-1.2405
-1.13132
-1.02797
-0.930196
-0.837733
-0.750292
-0.667584
-0.589284
-0.515127
-0.444663
-0.377905
-0.313675
-0.253888
-0.19254
-0.144198
-0.0703363
-0.0712977
-10.3111
-10.3219
-10.3324
-10.3426
-10.3525
-10.3619
-10.3709
-10.3793
-10.3871
-10.3941
-10.4002
-10.4055
-10.4097
-10.4128
-10.4145
-10.4148
-10.4134
-10.4101
-10.4047
-10.3969
-10.3864
-10.373
-10.3562
-10.3359
-10.3116
-10.2831
-10.2501
-10.2122
-10.1692
-10.1208
-10.0668
-10.0068
-9.94075
-9.86834
-9.78941
-9.70377
-9.61127
-9.51179
-9.40521
-9.29143
-9.1704
-9.04207
-8.90644
-8.76353
-8.61338
-8.45609
-8.29178
-8.12063
-7.94284
-7.75867
-7.56842
-7.37243
-7.17111
-6.96488
-6.75423
-6.53969
-6.3218
-6.10118
-5.87843
-5.65421
-5.42917
-5.20398
-4.97933
-4.75586
-4.53424
-4.3151
-4.09903
-3.88662
-3.67837
-3.47479
-3.2763
-3.0833
-2.8961
-2.71499
-2.54019
-2.37187
-2.21014
-2.05507
-1.90668
-1.76494
-1.62978
-1.5011
-1.37877
-1.26261
-1.15243
-1.048
-0.949092
-0.855441
-0.76677
-0.682795
-0.6032
-0.527713
-0.455907
-0.38774
-0.322154
-0.260763
-0.198228
-0.147532
-0.073616
-0.069263
-10.3013
-10.3113
-10.3211
-10.3306
-10.3397
-10.3483
-10.3564
-10.3639
-10.3707
-10.3767
-10.3818
-10.386
-10.389
-10.3909
-10.3913
-10.3902
-10.3874
-10.3827
-10.3757
-10.3664
-10.3543
-10.3393
-10.321
-10.2992
-10.2735
-10.2437
-10.2094
-10.1703
-10.1263
-10.077
-10.0222
-9.96159
-9.89501
-9.82224
-9.7431
-9.6574
-9.56501
-9.46579
-9.35964
-9.24645
-9.12618
-8.99878
-8.86424
-8.72259
-8.57388
-8.4182
-8.25567
-8.08645
-7.91077
-7.72885
-7.54101
-7.34756
-7.14889
-6.94543
-6.73763
-6.52601
-6.3111
-6.09347
-5.87372
-5.65248
-5.43038
-5.20805
-4.98616
-4.76534
-4.54622
-4.32942
-4.11551
-3.90506
-3.69857
-3.49653
-3.29936
-3.10745
-2.92113
-2.74068
-2.56632
-2.39823
-2.23653
-2.08132
-1.93261
-1.7904
-1.65463
-1.52522
-1.40204
-1.28494
-1.17373
-1.06821
-0.96815
-0.873298
-0.783385
-0.698133
-0.617232
-0.540407
-0.467247
-0.397664
-0.330703
-0.267702
-0.203932
-0.150895
-0.0768038
-0.067234
-10.2914
-10.3008
-10.3099
-10.3186
-10.3269
-10.3348
-10.342
-10.3486
-10.3545
-10.3596
-10.3637
-10.3668
-10.3688
-10.3694
-10.3687
-10.3663
-10.3621
-10.356
-10.3477
-10.3369
-10.3234
-10.3069
-10.2873
-10.2641
-10.2371
-10.206
-10.1706
-10.1305
-10.0856
-10.0354
-9.97992
-9.91877
-9.85178
-9.77873
-9.69946
-9.61378
-9.52156
-9.42266
-9.31699
-9.20444
-9.08496
-8.95852
-8.8251
-8.68474
-8.53747
-8.3834
-8.22263
-8.05534
-7.88173
-7.70203
-7.51654
-7.32556
-7.12948
-6.9287
-6.72367
-6.51487
-6.30283
-6.08809
-5.87122
-5.65284
-5.43354
-5.21395
-4.99469
-4.77639
-4.55965
-4.34506
-4.13319
-3.92459
-3.71976
-3.51916
-3.32322
-3.13232
-2.94679
-2.76692
-2.59293
-2.42501
-2.26331
-2.1079
-1.95883
-1.81611
-1.6797
-1.54953
-1.42548
-1.30741
-1.19516
-1.08853
-0.987308
-0.891243
-0.80008
-0.713544
-0.631331
-0.553162
-0.478642
-0.407639
-0.339288
-0.274678
-0.209627
-0.154276
-0.079875
-0.0652408
-10.2815
-10.2902
-10.2986
-10.3067
-10.3143
-10.3214
-10.3278
-10.3336
-10.3386
-10.3428
-10.346
-10.3481
-10.349
-10.3485
-10.3466
-10.343
-10.3377
-10.3303
-10.3206
-10.3085
-10.2937
-10.276
-10.255
-10.2306
-10.2025
-10.1703
-10.1339
-10.0929
-10.0471
-9.99627
-9.94016
-9.87855
-9.81122
-9.73798
-9.65865
-9.57307
-9.48108
-9.38257
-9.27742
-9.16555
-9.04691
-8.92146
-8.78918
-8.65011
-8.5043
-8.35182
-8.19281
-8.02741
-7.85583
-7.6783
-7.4951
-7.30653
-7.11295
-6.91476
-6.71239
-6.50631
-6.29701
-6.08503
-5.87092
-5.65526
-5.43863
-5.22164
-5.00488
-4.78896
-4.57447
-4.36197
-4.15202
-3.94516
-3.74186
-3.5426
-3.34779
-3.15781
-2.97299
-2.79362
-2.61994
-2.45214
-2.29036
-2.13471
-1.98524
-1.84198
-1.7049
-1.57393
-1.44899
-1.32994
-1.21664
-1.10889
-1.00649
-0.909206
-0.816788
-0.728964
-0.645438
-0.565925
-0.490044
-0.417622
-0.347872
-0.281659
-0.215287
-0.157662
-0.082808
-0.0633135
-10.2715
-10.2797
-10.2875
-10.2948
-10.3018
-10.3081
-10.3138
-10.3188
-10.323
-10.3263
-10.3286
-10.3298
-10.3297
-10.3283
-10.3253
-10.3206
-10.3141
-10.3055
-10.2947
-10.2815
-10.2655
-10.2466
-10.2245
-10.199
-10.1698
-10.1367
-10.0993
-10.0575
-10.0111
-9.95963
-9.90304
-9.84107
-9.7735
-9.70015
-9.62085
-9.53542
-9.44373
-9.34565
-9.24108
-9.12994
-9.01217
-8.88772
-8.7566
-8.61883
-8.47446
-8.32357
-8.16628
-8.00274
-7.83314
-7.65771
-7.47672
-7.29047
-7.09931
-6.9036
-6.70378
-6.50029
-6.29362
-6.08426
-5.87277
-5.65969
-5.44559
-5.23104
-5.01664
-4.80296
-4.59057
-4.38002
-4.17187
-3.96661
-3.76475
-3.56671
-3.37294
-3.18378
-2.99959
-2.82065
-2.64721
-2.47946
-2.31756
-2.16162
-2.01172
-1.86788
-1.73009
-1.59832
-1.47247
-1.35243
-1.23805
-1.12918
-1.0256
-0.9271
-0.833427
-0.74432
-0.659485
-0.578634
-0.501396
-0.427564
-0.356413
-0.288612
-0.220883
-0.161039
-0.085584
-0.0614841
-10.2615
-10.2691
-10.2763
-10.2831
-10.2894
-10.2951
-10.3001
-10.3044
-10.3078
-10.3103
-10.3118
-10.3121
-10.3111
-10.3087
-10.3048
-10.2991
-10.2916
-10.282
-10.2701
-10.2558
-10.2388
-10.2189
-10.1958
-10.1693
-10.1392
-10.1053
-10.0672
-10.0247
-9.97761
-9.9257
-9.86873
-9.80648
-9.73877
-9.66539
-9.58618
-9.50098
-9.40965
-9.31206
-9.20811
-9.09772
-8.98083
-8.85741
-8.72745
-8.59097
-8.44802
-8.29868
-8.14307
-7.98133
-7.81365
-7.64025
-7.46139
-7.27736
-7.08849
-6.89515
-6.69775
-6.49672
-6.29252
-6.08565
-5.87662
-5.66596
-5.45423
-5.24199
-5.02979
-4.8182
-4.60777
-4.39904
-4.19254
-3.98877
-3.78821
-3.5913
-3.39846
-3.21004
-3.0264
-2.84782
-2.67454
-2.50679
-2.34472
-2.18846
-2.03809
-1.89365
-1.75514
-1.62254
-1.49576
-1.37472
-1.25929
-1.14928
-1.04453
-0.94482
-0.849904
-0.759524
-0.673392
-0.591218
-0.512636
-0.43741
-0.364864
-0.295501
-0.226389
-0.164392
-0.0881864
-0.0597898
-10.2513
-10.2585
-10.2652
-10.2714
-10.2771
-10.2822
-10.2866
-10.2902
-10.293
-10.2948
-10.2955
-10.295
-10.2933
-10.29
-10.2853
-10.2787
-10.2703
-10.2598
-10.247
-10.2317
-10.2138
-10.193
-10.1691
-10.1418
-10.1109
-10.0762
-10.0375
-9.99446
-9.94691
-9.89462
-9.83737
-9.77495
-9.70717
-9.63384
-9.5548
-9.46988
-9.37894
-9.28188
-9.17858
-9.06896
-8.95297
-8.83057
-8.70175
-8.56653
-8.42497
-8.27713
-8.12314
-7.96313
-7.79728
-7.62581
-7.44897
-7.26704
-7.08035
-6.88925
-6.69412
-6.4954
-6.29352
-6.08897
-5.88224
-5.67385
-5.46433
-5.25422
-5.04407
-4.83441
-4.6258
-4.41875
-4.21377
-4.01137
-3.812
-3.61611
-3.4241
-3.23634
-3.05317
-2.87487
-2.70172
-2.53392
-2.37164
-2.21502
-2.06415
-1.91909
-1.77985
-1.64641
-1.51872
-1.39668
-1.28018
-1.16907
-1.06316
-0.962248
-0.866105
-0.774473
-0.687067
-0.603592
-0.523689
-0.447096
-0.373174
-0.302282
-0.231775
-0.167704
-0.0905994
-0.0582769
-10.2411
-10.2478
-10.254
-10.2598
-10.265
-10.2696
-10.2734
-10.2765
-10.2786
-10.2798
-10.2799
-10.2787
-10.2763
-10.2723
-10.2668
-10.2595
-10.2503
-10.239
-10.2254
-10.2094
-10.1907
-10.1691
-10.1445
-10.1165
-10.085
-10.0497
-10.0105
-9.96701
-9.9191
-9.86653
-9.80909
-9.74658
-9.67881
-9.60559
-9.52676
-9.44217
-9.35167
-9.25516
-9.15251
-9.04367
-8.92856
-8.80716
-8.67945
-8.54546
-8.40522
-8.25882
-8.10636
-7.94799
-7.78387
-7.61422
-7.43927
-7.25931
-7.07465
-6.88563
-6.69262
-6.49604
-6.29632
-6.09392
-5.88932
-5.68302
-5.47554
-5.26741
-5.05914
-4.85127
-4.64432
-4.43881
-4.23523
-4.03407
-3.83579
-3.64081
-3.44955
-3.26236
-3.07959
-2.90154
-2.72845
-2.56056
-2.39804
-2.24104
-2.08967
-1.94398
-1.804
-1.66974
-1.54113
-1.41811
-1.30057
-1.18836
-1.08132
-0.979241
-0.881901
-0.789049
-0.700401
-0.615661
-0.534472
-0.456549
-0.381282
-0.308909
-0.237008
-0.170957
-0.0928073
-0.0570048
-10.2307
-10.237
-10.2429
-10.2483
-10.2531
-10.2572
-10.2606
-10.2632
-10.2648
-10.2655
-10.265
-10.2633
-10.2602
-10.2557
-10.2495
-10.2416
-10.2318
-10.2198
-10.2056
-10.1889
-10.1696
-10.1474
-10.1222
-10.0937
-10.0616
-10.0259
-9.98626
-9.94245
-9.89427
-9.84151
-9.78397
-9.72144
-9.65374
-9.58068
-9.50211
-9.41787
-9.32783
-9.23186
-9.12987
-9.02178
-8.90752
-8.78708
-8.66042
-8.52758
-8.38859
-8.24353
-8.09251
-7.93566
-7.77314
-7.60517
-7.43198
-7.25383
-7.07104
-6.88393
-6.69287
-6.49826
-6.30051
-6.10008
-5.89744
-5.69306
-5.48745
-5.28112
-5.07457
-4.86834
-4.66291
-4.4588
-4.2565
-4.05647
-3.85917
-3.66503
-3.47443
-3.28776
-3.10534
-2.92747
-2.75442
-2.58641
-2.42364
-2.26625
-2.11437
-1.96806
-1.82736
-1.69228
-1.56279
-1.43881
-1.32026
-1.20699
-1.09885
-0.99564
-0.897146
-0.803117
-0.713272
-0.627314
-0.544885
-0.465684
-0.389116
-0.315322
-0.24205
-0.174127
-0.0947913
-0.0560475
-10.22
-10.2261
-10.2318
-10.2369
-10.2413
-10.2451
-10.2482
-10.2504
-10.2517
-10.2519
-10.251
-10.2489
-10.2453
-10.2403
-10.2337
-10.2252
-10.2149
-10.2024
-10.1877
-10.1705
-10.1506
-10.128
-10.1023
-10.0733
-10.0409
-10.0048
-9.96489
-9.92084
-9.87248
-9.81961
-9.76202
-9.69952
-9.63193
-9.55907
-9.48077
-9.39689
-9.30729
-9.21186
-9.11049
-9.0031
-8.88965
-8.77009
-8.6444
-8.51262
-8.37478
-8.23095
-8.08123
-7.92577
-7.76471
-7.59827
-7.42667
-7.25017
-7.06907
-6.88369
-6.6944
-6.50157
-6.30562
-6.10698
-5.90611
-5.70347
-5.49956
-5.29487
-5.0899
-4.88515
-4.68112
-4.47829
-4.27715
-4.07816
-3.88175
-3.68836
-3.49837
-3.31215
-3.13004
-2.95233
-2.77929
-2.61116
-2.44812
-2.29035
-2.13797
-1.99105
-1.84965
-1.71379
-1.58344
-1.45855
-1.33902
-1.22474
-1.11555
-1.01126
-0.911667
-0.816516
-0.725531
-0.638413
-0.554804
-0.474387
-0.39658
-0.321442
-0.246839
-0.17717
-0.0965195
-0.0554723
-10.2093
-10.2153
-10.2208
-10.2256
-10.2299
-10.2335
-10.2363
-10.2382
-10.2392
-10.2392
-10.2379
-10.2355
-10.2316
-10.2262
-10.2192
-10.2104
-10.1996
-10.1868
-10.1716
-10.1541
-10.1339
-10.1108
-10.0848
-10.0555
-10.0228
-9.9865
-9.94633
-9.90212
-9.85364
-9.80071
-9.74313
-9.6807
-9.61324
-9.54057
-9.46255
-9.37901
-9.28983
-9.19489
-9.09409
-8.98735
-8.87461
-8.75585
-8.63104
-8.5002
-8.36338
-8.22065
-8.0721
-7.91787
-7.75812
-7.59304
-7.42285
-7.24782
-7.06824
-6.88442
-6.6967
-6.50548
-6.31114
-6.11412
-5.91485
-5.71379
-5.51142
-5.30822
-5.10468
-4.90129
-4.69852
-4.49687
-4.29679
-4.09874
-3.90316
-3.71045
-3.52101
-3.33521
-3.15336
-2.97578
-2.80274
-2.63447
-2.47118
-2.31303
-2.16016
-2.01266
-1.87059
-1.73398
-1.60281
-1.47704
-1.35659
-1.24135
-1.13116
-1.02586
-0.925222
-0.829013
-0.736954
-0.648745
-0.564027
-0.48247
-0.403498
-0.327106
-0.251243
-0.179971
-0.0979143
-0.0552415
-10.1987
-10.2048
-10.2103
-10.2152
-10.2195
-10.223
-10.2257
-10.2275
-10.2284
-10.2281
-10.2267
-10.224
-10.2199
-10.2143
-10.207
-10.1979
-10.1868
-10.1737
-10.1582
-10.1404
-10.1199
-10.0965
-10.0702
-10.0407
-10.0077
-9.97121
-9.93087
-9.88652
-9.83796
-9.78498
-9.7274
-9.66502
-9.59767
-9.52518
-9.44739
-9.36414
-9.27532
-9.1808
-9.08048
-8.9743
-8.86218
-8.7441
-8.62005
-8.49003
-8.3541
-8.21232
-8.06479
-7.91164
-7.75303
-7.58914
-7.42021
-7.24648
-7.06823
-6.88579
-6.69948
-6.50968
-6.31679
-6.12121
-5.92337
-5.72373
-5.52275
-5.32089
-5.11864
-4.91647
-4.71485
-4.51425
-4.31512
-4.11792
-3.92306
-3.73096
-3.542
-3.35654
-3.17491
-2.99742
-2.82433
-2.6559
-2.49233
-2.33379
-2.18044
-2.03236
-1.88964
-1.7523
-1.62035
-1.49375
-1.37243
-1.25628
-1.14517
-1.03891
-0.937315
-0.840129
-0.747082
-0.657872
-0.572138
-0.48954
-0.409507
-0.331982
-0.25498
-0.182284
-0.0988777
-0.0549982
-10.1881
-10.1941
-10.1994
-10.2042
-10.2083
-10.2117
-10.2143
-10.2161
-10.2168
-10.2165
-10.215
-10.2122
-10.2079
-10.2022
-10.1948
-10.1855
-10.1743
-10.161
-10.1454
-10.1274
-10.1067
-10.0833
-10.0568
-10.0271
-9.9941
-9.95747
-9.91707
-9.87268
-9.8241
-9.77115
-9.71363
-9.65135
-9.58414
-9.51183
-9.43427
-9.3513
-9.2628
-9.16866
-9.06877
-8.96307
-8.85149
-8.734
-8.61059
-8.48128
-8.3461
-8.20513
-8.05847
-7.90624
-7.74859
-7.58573
-7.41787
-7.24525
-7.06816
-6.8869
-6.70181
-6.51325
-6.3216
-6.12727
-5.93069
-5.73229
-5.53251
-5.33183
-5.13071
-4.92961
-4.72898
-4.52931
-4.33101
-4.13455
-3.94032
-3.74874
-3.56018
-3.37501
-3.19355
-3.01611
-2.84296
-2.67436
-2.51051
-2.3516
-2.19779
-2.04917
-1.90584
-1.76784
-1.63518
-1.50783
-1.38572
-1.26877
-1.15683
-1.04974
-0.947297
-0.849261
-0.755358
-0.665284
-0.578679
-0.495193
-0.41426
-0.335782
-0.257857
-0.183967
-0.0997237
-0.0540285
-10.1825
-10.1892
-10.1951
-10.2003
-10.2047
-10.2084
-10.2111
-10.2129
-10.2136
-10.2132
-10.2116
-10.2086
-10.2042
-10.1982
-10.1905
-10.181
-10.1695
-10.1558
-10.1399
-10.1216
-10.1006
-10.0768
-10.05
-10.02
-9.98666
-9.94976
-9.9091
-9.86449
-9.81572
-9.7626
-9.70496
-9.64259
-9.57534
-9.50303
-9.42552
-9.34264
-9.25429
-9.16034
-9.0607
-8.95529
-8.84406
-8.72697
-8.60401
-8.47519
-8.34056
-8.20019
-8.05416
-7.90261
-7.7457
-7.5836
-7.41654
-7.24476
-7.06853
-6.88816
-6.70397
-6.51633
-6.32561
-6.13222
-5.93655
-5.73905
-5.54017
-5.34034
-5.14004
-4.9397
-4.7398
-4.54077
-4.34307
-4.14711
-3.95332
-3.76209
-3.5738
-3.3888
-3.20743
-3.02999
-2.85676
-2.688
-2.52393
-2.36472
-2.21055
-2.06153
-1.91775
-1.77926
-1.64608
-1.51818
-1.39551
-1.27798
-1.16546
-1.05777
-0.954723
-0.856077
-0.761558
-0.670858
-0.583616
-0.499475
-0.417877
-0.338686
-0.260144
-0.185298
-0.101431
-0.0516629
-10.1717
-10.178
-10.1835
-10.1884
-10.1928
-10.1964
-10.1992
-10.201
-10.2018
-10.2016
-10.2001
-10.1972
-10.1929
-10.1871
-10.1795
-10.1701
-10.1587
-10.1451
-10.1293
-10.111
-10.09
-10.0662
-10.0395
-10.0095
-9.97615
-9.93924
-9.89856
-9.85391
-9.80511
-9.75196
-9.69427
-9.63188
-9.5646
-9.49227
-9.41473
-9.33186
-9.24351
-9.14959
-9.04999
-8.94465
-8.83351
-8.71654
-8.59373
-8.46511
-8.33071
-8.19061
-8.04491
-7.89375
-7.73726
-7.57566
-7.40915
-7.23798
-7.06243
-6.88281
-6.69943
-6.51265
-6.32285
-6.13042
-5.93577
-5.73931
-5.54149
-5.34275
-5.14352
-4.94424
-4.74537
-4.54734
-4.35056
-4.15547
-3.96246
-3.77191
-3.58421
-3.39969
-3.21869
-3.04151
-2.86844
-2.69972
-2.53559
-2.37625
-2.22185
-2.07252
-1.92838
-1.78947
-1.65583
-1.52744
-1.40426
-1.28619
-1.17312
-1.06488
-0.961273
-0.862071
-0.766999
-0.675748
-0.587958
-0.503269
-0.421138
-0.341385
-0.262474
-0.186839
-0.104565
-0.0484154
-10.1859
-10.1917
-10.197
-10.2016
-10.2054
-10.2084
-10.2105
-10.2116
-10.2117
-10.2107
-10.2084
-10.2048
-10.1998
-10.1931
-10.1848
-10.1746
-10.1625
-10.1482
-10.1316
-10.1126
-10.091
-10.0665
-10.0391
-10.0086
-9.97468
-9.93725
-9.89608
-9.85099
-9.8018
-9.74831
-9.69034
-9.62771
-9.56025
-9.48781
-9.41022
-9.32734
-9.23906
-9.14527
-9.04587
-8.94078
-8.82995
-8.71336
-8.59099
-8.46287
-8.32902
-8.18953
-8.04449
-7.89403
-7.7383
-7.57748
-7.41179
-7.24148
-7.0668
-6.88806
-6.70557
-6.51969
-6.33077
-6.13921
-5.94539
-5.74974
-5.55268
-5.35463
-5.15604
-4.95734
-4.75896
-4.56133
-4.36488
-4.17001
-3.97713
-3.78662
-3.59885
-3.41418
-3.23293
-3.05542
-2.88193
-2.71272
-2.54804
-2.38808
-2.23301
-2.083
-1.93813
-1.79848
-1.66409
-1.53495
-1.41103
-1.29224
-1.17847
-1.06956
-0.96532
-0.865516
-0.769876
-0.678092
-0.589803
-0.504647
-0.422082
-0.341941
-0.262736
-0.186907
-0.105786
-0.0443999
-11.1109
-11.1105
-11.1141
-11.122
-11.129
-11.1315
-11.1302
-11.1274
-11.1247
-11.123
-11.1235
-11.1235
-11.1215
-11.1194
-11.1212
-11.1324
-11.1564
-11.1972
-11.2548
-11.3263
-11.406
-11.4873
-11.564
-11.6312
-11.6856
-11.7254
-11.75
-11.7598
-11.7554
-11.7378
-11.7079
-11.6662
-11.6135
-11.5499
-11.4758
-11.391
-11.2959
-11.1905
-11.0748
-10.9474
-10.8074
-10.6549
-10.4898
-10.312
-10.1213
-9.91741
-9.70027
-9.46984
-9.2262
-8.96955
-8.70025
-8.41879
-8.12583
-7.82222
-7.50896
-7.18724
-6.8584
-6.52396
-6.18556
-5.84496
-5.50402
-5.16462
-4.82868
-4.49806
-4.17458
-3.85994
-3.55568
-3.26317
-2.98363
-2.71815
-2.467
-2.22904
-2.00482
-1.79602
-1.6028
-1.42475
-1.2613
-1.11177
-0.975415
-0.851445
-0.739045
-0.637394
-0.54568
-0.463111
-0.388929
-0.322416
-0.262903
-0.209776
-0.162482
-0.120532
-0.0835083
-0.0510666
-0.0229632
0.00097191
0.0206184
0.036111
0.0453767
0.0518008
0.0352866
0.05356
-11.1203
-11.1265
-11.1368
-11.1459
-11.1508
-11.1502
-11.1441
-11.1341
-11.1233
-11.1163
-11.1139
-11.1142
-11.116
-11.1201
-11.1275
-11.1459
-11.1832
-11.2429
-11.3218
-11.4124
-11.5056
-11.5928
-11.6681
-11.7282
-11.7718
-11.7993
-11.8118
-11.8107
-11.7973
-11.7726
-11.7376
-11.6926
-11.638
-11.5738
-11.5
-11.4161
-11.3219
-11.2167
-11.0997
-10.9716
-10.8329
-10.683
-10.5212
-10.347
-10.1602
-9.96043
-9.74759
-9.52163
-9.28259
-9.03064
-8.76612
-8.48947
-8.20131
-7.90244
-7.59381
-7.27655
-6.95196
-6.62146
-6.28667
-5.94927
-5.61106
-5.27385
-4.93949
-4.60983
-4.28665
-3.97163
-3.6662
-3.37165
-3.08912
-2.81952
-2.56414
-2.3255
-2.10279
-1.89423
-1.70026
-1.52076
-1.35527
-1.20324
-1.06406
-0.937005
-0.821349
-0.716329
-0.621184
-0.535168
-0.457558
-0.387666
-0.32485
-0.268516
-0.218127
-0.173206
-0.133343
-0.0982007
-0.067534
-0.0411655
-0.0191928
-0.00141002
0.01026
0.0198488
0.00798765
0.0407472
-11.1311
-11.1434
-11.1538
-11.1609
-11.163
-11.1596
-11.1512
-11.1394
-11.1278
-11.1228
-11.122
-11.1244
-11.1354
-11.1596
-11.1981
-11.2512
-11.3175
-11.3929
-11.472
-11.5493
-11.6203
-11.682
-11.7325
-11.771
-11.7976
-11.8125
-11.8164
-11.8097
-11.793
-11.7668
-11.7312
-11.6865
-11.6327
-11.5697
-11.4973
-11.4153
-11.3234
-11.2211
-11.1079
-10.9836
-10.8481
-10.7011
-10.5422
-10.3712
-10.1876
-9.99116
-9.78183
-9.55948
-9.32415
-9.07602
-8.81538
-8.54267
-8.25848
-7.96358
-7.6589
-7.34554
-7.02476
-6.69799
-6.36678
-6.03283
-5.6979
-5.36388
-5.03264
-4.70593
-4.38549
-4.07297
-3.76988
-3.47759
-3.19726
-2.92983
-2.67603
-2.43651
-2.211
-1.99942
-1.80226
-1.61943
-1.45052
-1.29501
-1.15231
-1.02172
-0.902527
-0.79398
-0.69534
-0.605875
-0.524877
-0.451674
-0.385633
-0.326173
-0.272764
-0.224933
-0.182274
-0.144443
-0.111185
-0.0822947
-0.0578159
-0.0373746
-0.0227276
-0.00859926
-0.0146906
0.03426
-11.126
-11.139
-11.1482
-11.1546
-11.1575
-11.156
-11.1506
-11.1433
-11.1368
-11.1345
-11.1376
-11.1492
-11.1738
-11.213
-11.2655
-11.3282
-11.3971
-11.4684
-11.5387
-11.605
-11.665
-11.7168
-11.7593
-11.7917
-11.8136
-11.8253
-11.8268
-11.8187
-11.8013
-11.7747
-11.7393
-11.695
-11.6418
-11.5795
-11.5079
-11.4267
-11.3357
-11.2343
-11.1223
-10.9996
-10.8657
-10.7204
-10.5632
-10.3938
-10.2119
-10.0172
-9.80953
-9.58884
-9.35514
-9.1086
-8.8495
-8.57827
-8.29551
-8.00198
-7.69861
-7.38652
-7.06701
-6.74149
-6.41152
-6.07879
-5.74506
-5.41213
-5.08183
-4.75601
-4.43644
-4.12478
-3.82253
-3.53105
-3.25148
-2.98474
-2.73146
-2.49197
-2.26634
-2.05478
-1.85753
-1.67441
-1.50503
-1.34887
-1.20534
-1.07377
-0.953449
-0.843654
-0.743657
-0.652743
-0.570221
-0.495435
-0.427768
-0.366651
-0.311566
-0.262049
-0.217696
-0.178165
-0.143183
-0.112516
-0.0861345
-0.0635212
-0.0461774
-0.0280462
-0.0286834
0.0317813
-11.099
-11.1135
-11.1252
-11.1341
-11.1395
-11.141
-11.1392
-11.1357
-11.1325
-11.1329
-11.1409
-11.1599
-11.1918
-11.2363
-11.2917
-11.355
-11.4231
-11.4928
-11.561
-11.625
-11.6824
-11.7316
-11.7716
-11.8017
-11.8219
-11.8323
-11.833
-11.8245
-11.8071
-11.7808
-11.7457
-11.702
-11.6494
-11.5878
-11.5169
-11.4364
-11.3461
-11.2455
-11.1345
-11.0127
-10.8797
-10.7352
-10.5788
-10.4102
-10.2289
-10.0348
-9.82773
-9.60755
-9.37432
-9.12819
-8.86944
-8.5985
-8.31598
-8.02264
-7.71943
-7.40745
-7.08799
-6.7625
-6.43257
-6.09992
-5.76632
-5.43363
-5.1037
-4.77836
-4.45937
-4.14839
-3.84689
-3.55621
-3.27746
-3.01153
-2.75906
-2.52041
-2.29573
-2.08515
-1.88873
-1.70626
-1.53736
-1.38151
-1.23811
-1.10651
-0.98601
-0.875888
-0.775432
-0.68394
-0.600735
-0.525172
-0.456647
-0.394602
-0.338528
-0.287968
-0.242519
-0.201837
-0.165628
-0.133637
-0.105748
-0.0813515
-0.0616972
-0.0403664
-0.0364984
0.029847
-11.0595
-11.0791
-11.0954
-11.1072
-11.116
-11.1206
-11.121
-11.1185
-11.1161
-11.1177
-11.1277
-11.1491
-11.1834
-11.2303
-11.2877
-11.3528
-11.4223
-11.4929
-11.5614
-11.6252
-11.6822
-11.7311
-11.7708
-11.8009
-11.8213
-11.8321
-11.8335
-11.8258
-11.8091
-11.7836
-11.7493
-11.7063
-11.6543
-11.5932
-11.5229
-11.4429
-11.353
-11.2529
-11.1423
-11.0208
-10.8882
-10.744
-10.5877
-10.4192
-10.238
-10.044
-9.83685
-9.61658
-9.3832
-9.13687
-8.87786
-8.60665
-8.32382
-8.03018
-7.72667
-7.41444
-7.09479
-6.76919
-6.43926
-6.10672
-5.77338
-5.4411
-5.11173
-4.78711
-4.46898
-4.15897
-3.85855
-3.56903
-3.29147
-3.02675
-2.77546
-2.53798
-2.31448
-2.10502
-1.90959
-1.72796
-1.55974
-1.40441
-1.26138
-1.13
-1.00956
-0.899377
-0.798731
-0.706933
-0.623319
-0.547254
-0.478145
-0.415442
-0.358642
-0.307295
-0.260994
-0.219394
-0.182178
-0.149076
-0.119883
-0.0939675
-0.072299
-0.048543
-0.0408966
0.0267868
-11.0243
-11.0483
-11.0699
-11.085
-11.0968
-11.103
-11.1027
-11.0981
-11.0932
-11.0928
-11.1017
-11.1232
-11.1585
-11.2068
-11.266
-11.3328
-11.4038
-11.4756
-11.5451
-11.61
-11.6682
-11.7183
-11.7594
-11.791
-11.813
-11.8253
-11.8282
-11.8218
-11.8063
-11.7818
-11.7484
-11.706
-11.6546
-11.5939
-11.5239
-11.4441
-11.3543
-11.2543
-11.1437
-11.0222
-10.8894
-10.745
-10.5885
-10.4197
-10.2382
-10.0437
-9.83619
-9.61548
-9.38165
-9.13486
-8.87541
-8.60377
-8.32057
-8.02661
-7.72288
-7.41052
-7.09087
-6.76543
-6.43581
-6.10375
-5.77107
-5.43963
-5.11127
-4.78782
-4.471
-4.16241
-3.8635
-3.57552
-3.29951
-3.0363
-2.78647
-2.55038
-2.32819
-2.11994
-1.92557
-1.74484
-1.57734
-1.42258
-1.27995
-1.14882
-1.02849
-0.918286
-0.8175
-0.725456
-0.641498
-0.565004
-0.49539
-0.432112
-0.374675
-0.322631
-0.27557
-0.233147
-0.195016
-0.160913
-0.130526
-0.103293
-0.0798074
-0.0543301
-0.0431992
0.0222987
-11.0028
-11.0323
-11.0592
-11.0769
-11.0899
-11.094
-11.0893
-11.079
-11.0686
-11.0642
-11.0708
-11.0914
-11.1267
-11.1755
-11.2353
-11.3028
-11.3747
-11.4476
-11.5185
-11.5849
-11.6449
-11.6969
-11.74
-11.7737
-11.7976
-11.8118
-11.8164
-11.8115
-11.7972
-11.7737
-11.7411
-11.6992
-11.6482
-11.5878
-11.5177
-11.4379
-11.348
-11.2478
-11.1369
-11.015
-10.8818
-10.737
-10.58
-10.4106
-10.2285
-10.0335
-9.82542
-9.60417
-9.36982
-9.12256
-8.86271
-8.59076
-8.30735
-8.01331
-7.70964
-7.39752
-7.0783
-6.75347
-6.42468
-6.09366
-5.76222
-5.4322
-5.10544
-4.78372
-4.46874
-4.16205
-3.86508
-3.57901
-3.30488
-3.04344
-2.79528
-2.56072
-2.33993
-2.13292
-1.93961
-1.75975
-1.59294
-1.43869
-1.2964
-1.16545
-1.04518
-0.934891
-0.833914
-0.74158
-0.657247
-0.580301
-0.510167
-0.44631
-0.388239
-0.335509
-0.287707
-0.244488
-0.205476
-0.170428
-0.138905
-0.110515
-0.085328
-0.0587506
-0.0440981
0.0165155
-10.9999
-11.0389
-11.0697
-11.0877
-11.0983
-11.0964
-11.0832
-11.0644
-11.0473
-11.0384
-11.0422
-11.0611
-11.0952
-11.1429
-11.2019
-11.269
-11.3408
-11.414
-11.4858
-11.5534
-11.615
-11.6688
-11.7139
-11.7495
-11.7754
-11.7914
-11.7975
-11.7939
-11.7807
-11.758
-11.726
-11.6846
-11.6338
-11.5734
-11.5033
-11.4232
-11.333
-11.2324
-11.121
-10.9987
-10.8649
-10.7194
-10.5618
-10.3918
-10.2091
-10.0135
-9.80484
-9.58309
-9.34833
-9.10076
-8.84072
-8.56872
-8.28544
-7.99171
-7.68857
-7.37719
-7.05895
-6.73534
-6.408
-6.07866
-5.74909
-5.42113
-5.09656
-4.77714
-4.46451
-4.16019
-3.86553
-3.58171
-3.30969
-3.05022
-2.80384
-2.57089
-2.35151
-2.14571
-1.9534
-1.77433
-1.6081
-1.45423
-1.31217
-1.18129
-1.06094
-0.950471
-0.849204
-0.756492
-0.671703
-0.594237
-0.523528
-0.459047
-0.400306
-0.346866
-0.298305
-0.254286
-0.214396
-0.178434
-0.145807
-0.116394
-0.0895613
-0.0624182
-0.0440212
0.0097125
-11.0225
-11.0697
-11.1016
-11.116
-11.1188
-11.1054
-11.081
-11.0535
-11.0305
-11.0175
-11.0184
-11.0346
-11.0662
-11.1118
-11.1688
-11.2343
-11.305
-11.3778
-11.4497
-11.518
-11.5805
-11.6356
-11.6821
-11.7193
-11.7466
-11.7639
-11.7713
-11.7687
-11.7563
-11.7343
-11.7027
-11.6615
-11.6108
-11.5503
-11.48
-11.3997
-11.3091
-11.208
-11.0961
-10.9731
-10.8388
-10.6926
-10.5344
-10.3638
-10.1806
-9.98444
-9.77537
-9.55331
-9.31837
-9.07076
-8.81087
-8.53922
-8.2565
-7.96359
-7.6615
-7.35145
-7.0348
-6.71304
-6.38778
-6.06074
-5.73366
-5.40833
-5.08649
-4.76984
-4.45998
-4.15837
-3.86632
-3.58496
-3.31521
-3.0578
-2.81325
-2.58188
-2.36385
-2.15918
-1.96776
-1.78934
-1.62355
-1.46994
-1.32796
-1.19701
-1.07646
-0.965677
-0.864007
-0.770814
-0.685479
-0.607415
-0.536061
-0.470899
-0.411441
-0.357254
-0.307908
-0.263074
-0.222299
-0.185443
-0.15173
-0.121409
-0.0929523
-0.0656883
-0.0432606
0.00221145
-11.0694
-11.1216
-11.148
-11.1505
-11.1373
-11.109
-11.0741
-11.0399
-11.0127
-10.9968
-10.9951
-11.009
-11.0381
-11.0811
-11.1357
-11.1993
-11.2686
-11.3404
-11.4118
-11.4801
-11.5429
-11.5986
-11.6459
-11.6839
-11.7122
-11.7303
-11.7384
-11.7365
-11.7247
-11.703
-11.6716
-11.6305
-11.5797
-11.5191
-11.4485
-11.3678
-11.2768
-11.1752
-11.0628
-10.9393
-10.8043
-10.6577
-10.4989
-10.3278
-10.1442
-9.94774
-9.73848
-9.51638
-9.28157
-9.0343
-8.77496
-8.50411
-8.22246
-7.93087
-7.63041
-7.32226
-7.00777
-6.68844
-6.36584
-6.04164
-5.71755
-5.39531
-5.07661
-4.76308
-4.45627
-4.15759
-3.86831
-3.5895
-3.32206
-3.06671
-2.82394
-2.59409
-2.37731
-2.17363
-1.98296
-1.80505
-1.63956
-1.48605
-1.34401
-1.21286
-1.09199
-0.980778
-0.878599
-0.784831
-0.698867
-0.62013
-0.548069
-0.482172
-0.421955
-0.366986
-0.316829
-0.271168
-0.229502
-0.19177
-0.156987
-0.125855
-0.0957843
-0.0687521
-0.0420348
-0.00566912
-11.13
-11.1833
-11.1923
-11.1695
-11.1355
-11.0949
-11.0534
-11.0159
-10.9871
-10.9703
-10.9678
-10.9804
-11.0079
-11.049
-11.1018
-11.1637
-11.2315
-11.3022
-11.3728
-11.4406
-11.5032
-11.559
-11.6064
-11.6447
-11.6733
-11.6918
-11.7002
-11.6986
-11.6869
-11.6653
-11.6339
-11.5927
-11.5416
-11.4807
-11.4098
-11.3288
-11.2373
-11.1353
-11.0224
-10.8984
-10.763
-10.6159
-10.4568
-10.2854
-10.1016
-9.90511
-9.69596
-9.47416
-9.23985
-8.99331
-8.73497
-8.46538
-8.18528
-7.89553
-7.59719
-7.29145
-6.97964
-6.6632
-6.3437
-6.02275
-5.70201
-5.38317
-5.06784
-4.75763
-4.45401
-4.15835
-3.87186
-3.59559
-3.33042
-3.07704
-2.83596
-2.6075
-2.39184
-2.18902
-1.99894
-1.82141
-1.65608
-1.50255
-1.36032
-1.22885
-1.10755
-0.995822
-0.89305
-0.79863
-0.71197
-0.632503
-0.559687
-0.493014
-0.432004
-0.37623
-0.325246
-0.278749
-0.236194
-0.197605
-0.161773
-0.12991
-0.0982398
-0.071699
-0.0405208
-0.0136395
-11.1808
-11.2286
-11.2028
-11.1457
-11.0987
-11.0543
-11.0131
-10.9781
-10.9521
-10.9374
-10.9359
-10.9485
-10.9752
-11.0151
-11.0665
-11.1269
-11.1934
-11.263
-11.3326
-11.3997
-11.4618
-11.5172
-11.5644
-11.6025
-11.631
-11.6494
-11.6577
-11.656
-11.6441
-11.6224
-11.5908
-11.5493
-11.498
-11.4368
-11.3655
-11.284
-11.1922
-11.0898
-10.9765
-10.8522
-10.7165
-10.5691
-10.4099
-10.2384
-10.0547
-9.85846
-9.64974
-9.42858
-9.19516
-8.94977
-8.69283
-8.42494
-8.14681
-7.85934
-7.56355
-7.26061
-6.95183
-6.63863
-6.32252
-6.00506
-5.68787
-5.37256
-5.06071
-4.75386
-4.45342
-4.16074
-3.87697
-3.60316
-3.34014
-3.08862
-2.84908
-2.62188
-2.4072
-2.20509
-2.01548
-1.83819
-1.67291
-1.51925
-1.37674
-1.24486
-1.12306
-1.01074
-0.907314
-0.812189
-0.724789
-0.644554
-0.570951
-0.503479
-0.441658
-0.385067
-0.333249
-0.28592
-0.242483
-0.203061
-0.166205
-0.133678
-0.100439
-0.0745571
-0.0388684
-0.0214502
-11.1694
-11.2072
-11.1202
-11.0583
-11.0207
-10.9859
-10.9554
-10.9303
-10.9112
-10.9006
-10.9009
-10.9138
-10.9399
-10.9788
-11.029
-11.0883
-11.1537
-11.2223
-11.2911
-11.3573
-11.4186
-11.4733
-11.5199
-11.5575
-11.5855
-11.6035
-11.6115
-11.6095
-11.5974
-11.5753
-11.5434
-11.5016
-11.45
-11.3884
-11.3169
-11.2351
-11.143
-11.0403
-10.9268
-10.8023
-10.6664
-10.5191
-10.3599
-10.1887
-10.0053
-9.80961
-9.60166
-9.3815
-9.14931
-8.90542
-8.65025
-8.38441
-8.1086
-7.82372
-7.53076
-7.23089
-6.92537
-6.61558
-6.30298
-5.9891
-5.6755
-5.36372
-5.05531
-4.75174
-4.45439
-4.16456
-3.88338
-3.61187
-3.35086
-3.10103
-2.8629
-2.63682
-2.42298
-2.22147
-2.03223
-1.85508
-1.68976
-1.5359
-1.39305
-1.26072
-1.13836
-1.02541
-0.921291
-0.825435
-0.73727
-0.656251
-0.581848
-0.513569
-0.450933
-0.393526
-0.340881
-0.29273
-0.24843
-0.208201
-0.170357
-0.137217
-0.102459
-0.0773232
-0.0371954
-0.0289087
-11.0597
-10.8585
-10.8404
-10.9185
-10.946
-10.9399
-10.9254
-10.9068
-10.888
-10.8747
-10.8714
-10.8809
-10.9041
-10.9409
-10.9896
-11.0477
-11.1121
-11.1797
-11.2473
-11.3124
-11.3727
-11.4264
-11.4722
-11.5091
-11.5365
-11.5542
-11.5618
-11.5594
-11.547
-11.5247
-11.4926
-11.4506
-11.3987
-11.3369
-11.2652
-11.1832
-11.091
-10.9882
-10.8747
-10.7502
-10.6144
-10.4673
-10.3084
-10.1377
-9.95498
-9.76017
-9.55328
-9.3344
-9.10375
-8.86163
-8.6085
-8.34495
-8.07169
-7.78958
-7.49962
-7.20293
-6.90074
-6.5944
-6.28532
-5.97497
-5.66487
-5.35652
-5.05141
-4.75097
-4.45654
-4.16939
-3.89063
-3.62125
-3.36209
-3.11382
-2.87696
-2.65188
-2.43879
-2.23779
-2.04883
-1.87177
-1.70636
-1.55225
-1.40902
-1.2762
-1.15327
-1.03968
-0.934863
-0.838269
-0.74934
-0.667537
-0.592339
-0.52326
-0.459821
-0.40161
-0.348155
-0.299204
-0.254066
-0.213061
-0.174266
-0.140561
-0.104342
-0.0799987
-0.0355588
-0.035929
)
;

boundaryField
{
    outlet
    {
        type            fixedValue;
        value           uniform 0;
    }
    inlet
    {
        type            zeroGradient;
    }
    lowerWall
    {
        type            zeroGradient;
    }
    upperWall
    {
        type            zeroGradient;
    }
    frontAndBack
    {
        type            empty;
    }
}


// ************************************************************************* //
