/*--------------------------------*- C++ -*----------------------------------*\
| =========                 |                                                 |
| \\      /  F ield         | OpenFOAM: The Open Source CFD Toolbox           |
|  \\    /   O peration     | Version:  4.1                                   |
|   \\  /    A nd           | Web:      www.OpenFOAM.org                      |
|    \\/     M anipulation  |                                                 |
\*---------------------------------------------------------------------------*/
FoamFile
{
    version     2.0;
    format      ascii;
    class       volScalarField;
    location    "300";
    object      epsilon;
}
// * * * * * * * * * * * * * * * * * * * * * * * * * * * * * * * * * * * * * //

dimensions      [0 2 -3 0 0 0 0];

internalField   nonuniform List<scalar> 
6820
(
105.266
143.991
186.348
230.922
275.886
319.399
359.831
395.948
426.993
452.672
473.064
488.519
499.561
506.793
510.837
512.285
511.675
509.477
506.09
501.846
497.013
491.807
486.398
480.916
475.464
470.117
464.929
459.95
455.166
450.814
445.832
445.532
424.159
8.29011
15.9002
22.4182
28.6685
35.0352
41.4773
47.8145
53.8778
59.5343
64.6898
69.2939
73.3363
76.8389
79.8445
82.4082
84.5896
86.4476
88.0373
89.4078
90.6015
91.654
92.5946
93.4467
94.2286
94.9542
95.6333
96.2723
96.8754
97.4401
97.9801
98.4314
99.0395
99.1152
3.96314
5.25658
6.61245
7.86036
8.98636
10.02
10.9815
11.8766
12.7063
13.4706
14.1709
14.8095
15.3897
15.9161
16.3939
16.8284
17.2253
17.5898
17.9269
18.2413
18.5371
18.8177
19.0864
19.3456
19.5976
19.8439
20.086
20.3247
20.5604
20.7938
21.0236
21.2497
21.4757
3.56001
3.77406
4.11207
4.49695
4.88094
5.24455
5.58218
5.893
6.17765
6.43733
6.67349
6.8877
7.08156
7.2567
7.41474
7.55727
7.68581
7.80183
7.90671
8.00174
8.08814
8.16702
8.23941
8.30625
8.36839
8.42659
8.48156
8.5339
8.58417
8.63291
8.68049
8.72762
8.7744
3.52137
3.52456
3.57972
3.67702
3.8
3.93473
4.07201
4.20645
4.3351
4.45644
4.56973
4.67474
4.77152
4.86027
4.94134
5.01513
5.08209
5.14266
5.19733
5.24656
5.2908
5.33049
5.36606
5.39789
5.42636
5.45183
5.47461
5.49501
5.5133
5.52973
5.54454
5.55795
5.57015
3.5192
3.48502
3.46593
3.46518
3.48166
3.51176
3.55133
3.59673
3.64514
3.69452
3.74346
3.79099
3.83647
3.87952
3.91989
3.95747
3.99223
4.02419
4.05342
4.08003
4.10414
4.12588
4.14539
4.16282
4.17831
4.192
4.20402
4.21451
4.22358
4.23134
4.23791
4.24335
4.24779
3.51939
3.47993
3.44464
3.41561
3.39411
3.3804
3.37385
3.37335
3.37762
3.38549
3.39589
3.40797
3.42103
3.43454
3.44809
3.46138
3.47417
3.48632
3.4977
3.50824
3.5179
3.52667
3.53454
3.54153
3.54766
3.55296
3.55745
3.56119
3.5642
3.56653
3.5682
3.56924
3.56971
3.51947
3.47945
3.44133
3.40568
3.37315
3.34425
3.31922
3.29806
3.28053
3.26626
3.25482
3.24577
3.23868
3.23318
3.22891
3.22561
3.22303
3.22096
3.21926
3.21778
3.21642
3.21509
3.21374
3.21231
3.21077
3.20907
3.20721
3.20518
3.20295
3.20053
3.1979
3.19508
3.19205
3.51948
3.47942
3.4409
3.40399
3.36885
3.33565
3.30457
3.27571
3.24914
3.22481
3.20264
3.1825
3.1642
3.14758
3.13245
3.11864
3.10598
3.09432
3.08352
3.07348
3.06407
3.05521
3.04682
3.03883
3.03118
3.02382
3.01672
3.00982
3.0031
2.99654
2.99011
2.98378
2.97754
3.51948
3.47942
3.44085
3.40374
3.36808
3.33388
3.30115
3.26994
3.24026
3.21213
3.18554
3.16045
3.13683
3.11461
3.0937
3.07404
3.05553
3.03808
3.02162
3.00606
2.99132
2.97733
2.96404
2.95136
2.93926
2.92769
2.91659
2.90593
2.89566
2.88576
2.8762
2.86694
2.85796
3.51948
3.47941
3.44083
3.40369
3.36795
3.33354
3.30044
3.26862
3.23805
3.20871
3.18059
3.15366
3.1279
3.10328
3.07976
3.05731
3.03587
3.0154
2.99586
2.97719
2.95934
2.94228
2.92595
2.91031
2.89531
2.88092
2.86711
2.85382
2.84104
2.82873
2.81686
2.80541
2.79434
3.51948
3.47941
3.44082
3.40367
3.36791
3.33347
3.30029
3.26833
3.23753
3.20787
3.1793
3.15178
3.12529
3.0998
3.07527
3.05168
3.02899
3.00716
2.98618
2.966
2.94658
2.92791
2.90995
2.89266
2.87601
2.85998
2.84453
2.82964
2.81528
2.80143
2.78805
2.77513
2.76264
3.51948
3.47941
3.44081
3.40366
3.36789
3.33344
3.30024
3.26824
3.2374
3.20765
3.17896
3.15129
3.12458
3.09881
3.07395
3.04996
3.0268
3.00445
2.98288
2.96206
2.94197
2.92256
2.90383
2.88575
2.86828
2.8514
2.8351
2.81934
2.80411
2.78939
2.77515
2.76137
2.74803
3.51948
3.4794
3.44081
3.40365
3.36787
3.33341
3.30021
3.2682
3.23734
3.20758
3.17885
3.15113
3.12437
3.09852
3.07356
3.04943
3.02613
3.0036
2.98182
2.96077
2.94041
2.92072
2.90167
2.88325
2.86542
2.84817
2.83147
2.8153
2.79965
2.78449
2.76981
2.75559
2.7418
3.51948
3.4794
3.4408
3.40364
3.36786
3.33339
3.30018
3.26817
3.2373
3.20753
3.17879
3.15105
3.12427
3.0984
3.0734
3.04925
3.02589
3.0033
2.98146
2.96033
2.93987
2.92008
2.90092
2.88237
2.8644
2.84699
2.83013
2.81379
2.79796
2.78261
2.76773
2.7533
2.7393
3.51948
3.4794
3.4408
3.40363
3.36785
3.33338
3.30016
3.26814
3.23727
3.20748
3.17874
3.151
3.1242
3.09832
3.07331
3.04914
3.02577
3.00316
2.98129
2.96013
2.93965
2.91982
2.90061
2.88201
2.86399
2.84653
2.82961
2.8132
2.79729
2.78186
2.7669
2.75238
2.73829
3.51948
3.47939
3.44079
3.40362
3.36784
3.33336
3.30014
3.26812
3.23724
3.20745
3.1787
3.15095
3.12415
3.09826
3.07324
3.04906
3.02567
3.00306
2.98118
2.96
2.93951
2.91966
2.90044
2.88182
2.86378
2.84629
2.82934
2.81291
2.79697
2.78151
2.76651
2.75195
2.73782
3.51947
3.47939
3.44079
3.40362
3.36783
3.33335
3.30012
3.2681
3.23721
3.20741
3.17866
3.1509
3.12409
3.0982
3.07317
3.04898
3.02559
3.00297
2.98108
2.9599
2.93939
2.91954
2.90031
2.88168
2.86362
2.84612
2.82916
2.81271
2.79676
2.78128
2.76626
2.75169
2.73754
3.51947
3.47939
3.44078
3.40361
3.36782
3.33334
3.30011
3.26808
3.23719
3.20738
3.17862
3.15086
3.12405
3.09814
3.07311
3.04892
3.02552
3.00289
2.98099
2.9598
2.93929
2.91943
2.90019
2.88155
2.86348
2.84598
2.829
2.81255
2.79658
2.78109
2.76606
2.75148
2.73732
3.51947
3.47939
3.44078
3.40361
3.36781
3.33333
3.3001
3.26806
3.23716
3.20736
3.17859
3.15082
3.124
3.0981
3.07306
3.04886
3.02545
3.00282
2.98091
2.95972
2.93919
2.91932
2.90008
2.88143
2.86336
2.84584
2.82886
2.81239
2.79642
2.78092
2.76589
2.75129
2.73712
3.51947
3.47939
3.44078
3.4036
3.36781
3.33332
3.30008
3.26804
3.23714
3.20733
3.17856
3.15079
3.12397
3.09805
3.07301
3.0488
3.02539
3.00275
2.98084
2.95963
2.93911
2.91923
2.89997
2.88132
2.86324
2.84572
2.82873
2.81225
2.79627
2.78077
2.76572
2.75112
2.73694
3.51947
3.47939
3.44078
3.4036
3.3678
3.33331
3.30007
3.26803
3.23713
3.20731
3.17854
3.15076
3.12393
3.09801
3.07296
3.04875
3.02534
3.00269
2.98077
2.95956
2.93903
2.91914
2.89988
2.88122
2.86313
2.8456
2.82861
2.81212
2.79614
2.78062
2.76557
2.75096
2.73677
3.51947
3.47939
3.44077
3.4036
3.3678
3.3333
3.30006
3.26802
3.23711
3.20729
3.17852
3.15073
3.1239
3.09798
3.07292
3.0487
3.02528
3.00263
2.98071
2.95949
2.93895
2.91906
2.89979
2.88113
2.86304
2.8455
2.82849
2.812
2.79601
2.78049
2.76543
2.75081
2.73662
3.51947
3.47939
3.44077
3.4036
3.36779
3.3333
3.30006
3.26801
3.2371
3.20728
3.1785
3.15071
3.12387
3.09795
3.07289
3.04866
3.02524
3.00258
2.98065
2.95943
2.93888
2.91899
2.89972
2.88104
2.86294
2.8454
2.82839
2.81189
2.79589
2.78037
2.7653
2.75067
2.73647
3.51947
3.47938
3.44077
3.40359
3.36779
3.33329
3.30005
3.268
3.23709
3.20726
3.17848
3.15069
3.12385
3.09792
3.07286
3.04863
3.0252
3.00253
2.9806
2.95938
2.93882
2.91892
2.89964
2.88096
2.86286
2.84531
2.8283
2.81179
2.79579
2.78025
2.76518
2.75055
2.73634
3.51947
3.47938
3.44077
3.40359
3.36779
3.33329
3.30004
3.26799
3.23708
3.20725
3.17847
3.15067
3.12383
3.09789
3.07283
3.0486
3.02516
3.00249
2.98056
2.95933
2.93877
2.91886
2.89958
2.88089
2.86279
2.84523
2.82821
2.8117
2.79569
2.78015
2.76507
2.75043
2.73622
3.51947
3.47938
3.44077
3.40359
3.36778
3.33329
3.30004
3.26799
3.23707
3.20724
3.17845
3.15066
3.12381
3.09787
3.0728
3.04857
3.02513
3.00246
2.98052
2.95928
2.93872
2.91881
2.89952
2.88083
2.86272
2.84516
2.82813
2.81162
2.7956
2.78006
2.76497
2.75033
2.73611
3.51947
3.47938
3.44077
3.40359
3.36778
3.33328
3.30004
3.26798
3.23706
3.20723
3.17844
3.15064
3.12379
3.09785
3.07278
3.04854
3.0251
3.00243
2.98048
2.95924
2.93868
2.91876
2.89947
2.88078
2.86266
2.8451
2.82807
2.81155
2.79552
2.77998
2.76489
2.75024
2.73602
3.51947
3.47938
3.44077
3.40359
3.36778
3.33328
3.30003
3.26798
3.23706
3.20723
3.17843
3.15063
3.12378
3.09784
3.07277
3.04852
3.02508
3.0024
2.98045
2.95921
2.93864
2.91873
2.89943
2.88073
2.86261
2.84504
2.82801
2.81149
2.79546
2.7799
2.76481
2.75016
2.73593
3.51947
3.47938
3.44077
3.40359
3.36778
3.33328
3.30003
3.26797
3.23706
3.20722
3.17843
3.15063
3.12377
3.09783
3.07275
3.04851
3.02506
3.00238
2.98043
2.95919
2.93862
2.91869
2.8994
2.88069
2.86257
2.845
2.82796
2.81144
2.7954
2.77985
2.76475
2.7501
2.73587
3.51947
3.47938
3.44077
3.40359
3.36778
3.33328
3.30003
3.26797
3.23705
3.20722
3.17842
3.15062
3.12377
3.09782
3.07274
3.0485
3.02505
3.00236
2.98041
2.95917
2.93859
2.91867
2.89937
2.88067
2.86254
2.84497
2.82793
2.8114
2.79537
2.77981
2.76472
2.75006
2.73583
3.51947
3.47938
3.44077
3.40359
3.36778
3.33328
3.30003
3.26797
3.23705
3.20722
3.17842
3.15062
3.12377
3.09782
3.07275
3.0485
3.02505
3.00237
2.98042
2.95918
2.93861
2.91869
2.89939
2.8807
2.86257
2.84501
2.82798
2.81146
2.79543
2.77989
2.7648
2.75016
2.73594
3.51947
3.47938
3.44077
3.40359
3.36778
3.33328
3.30003
3.26797
3.23705
3.20722
3.17843
3.15063
3.12378
3.09784
3.07278
3.04855
3.02511
3.00245
2.98052
2.9593
2.93876
2.91887
2.89961
2.88095
2.86287
2.84535
2.82837
2.8119
2.79594
2.78045
2.76542
2.75084
2.73669
3.51947
3.47938
3.44077
3.40359
3.36778
3.33329
3.30005
3.26801
3.23712
3.20732
3.17857
3.15083
3.12404
3.09818
3.07319
3.04906
3.02574
3.00319
2.9814
2.96033
2.93995
2.92023
2.90116
2.8827
2.86483
2.84752
2.83077
2.81454
2.79882
2.78359
2.76883
2.75452
2.74065
3.51947
3.47938
3.44078
3.40362
3.36785
3.33343
3.30029
3.26839
3.23768
3.20811
3.17965
3.15224
3.12585
3.10044
3.07596
3.05239
3.02968
3.0078
2.98671
2.96639
2.9468
2.9279
2.90968
2.8921
2.87514
2.85876
2.84295
2.82768
2.81292
2.79867
2.78488
2.77156
2.75867
3.51947
3.47942
3.44096
3.40413
3.36894
3.33533
3.30327
3.27269
3.24353
3.21575
3.18929
3.16409
3.14009
3.11723
3.09547
3.07473
3.05497
3.03612
3.01815
3.00099
2.9846
2.96894
2.95396
2.93962
2.92589
2.91272
2.90009
2.88797
2.87632
2.86512
2.85435
2.84397
2.83397
3.5195
3.48076
3.44539
3.41321
3.38398
3.35748
3.33354
3.312
3.29265
3.27533
3.25983
3.24598
3.23359
3.22251
3.21259
3.20369
3.19569
3.18848
3.18196
3.17604
3.17065
3.16572
3.16119
3.157
3.15312
3.14949
3.14609
3.14289
3.13985
3.13696
3.13419
3.13153
3.12896
3.52507
3.51485
3.52106
3.53657
3.55847
3.58524
3.61582
3.64932
3.68491
3.72192
3.75978
3.79806
3.83639
3.8745
3.91215
3.94918
3.98546
4.02088
4.05538
4.08891
4.12142
4.15292
4.18338
4.21281
4.24123
4.26864
4.29506
4.32052
4.34504
4.36865
4.39137
4.41324
4.43429
3.842
4.3878
4.87744
5.34257
5.79473
6.23541
6.66258
7.07491
7.47238
7.85561
8.22535
8.58238
8.92748
9.26135
9.58466
9.89796
10.2017
10.4964
10.7824
11.0601
11.3297
11.5915
11.8457
12.0927
12.3326
12.5656
12.792
13.0119
13.2255
13.433
13.6347
13.8306
14.021
30.2673
32.7691
35.3054
37.8488
40.3863
42.91
45.4131
47.8885
50.3296
52.7304
55.0858
57.391
59.6421
61.8358
63.9695
66.0408
68.0483
69.9909
71.8678
73.6788
75.4239
77.1035
78.7184
80.2693
81.7573
83.1838
84.5501
85.8578
87.1083
88.3035
89.4451
90.5345
91.5749
487.284
554.79
605.25
642.691
671.72
693.408
706.759
710.671
704.949
690.685
669.932
645.087
618.353
591.419
565.37
540.746
517.691
496.112
475.816
456.61
438.346
420.937
404.348
388.573
373.616
359.472
346.124
333.537
321.661
310.441
299.816
289.726
280.112
270.917
262.086
253.565
245.302
237.248
229.357
221.584
213.893
206.249
198.626
191.007
183.38
175.742
168.101
160.469
152.869
145.331
137.891
130.587
123.463
116.562
109.924
103.59
97.5901
91.9512
86.6899
81.8137
77.3198
73.1955
69.4183
65.957
62.773
59.8218
57.0557
54.4255
51.8838
49.3868
46.8969
44.3842
41.8279
39.2163
36.547
33.8263
31.0676
28.2903
25.519
22.7819
20.1081
17.5234
15.0599
12.7853
10.716
8.62061
6.68026
6.3328
8.00475
10.7111
13.6718
16.5137
19.0664
21.2501
23.0356
24.4259
25.4463
26.1338
26.5636
26.6326
99.8737
103.074
108.633
116.627
127.369
141.146
158.041
177.843
199.983
223.562
247.451
270.436
291.366
309.283
323.52
333.745
339.962
342.46
341.737
338.399
333.076
326.343
318.679
310.445
301.896
293.198
284.455
275.731
267.071
258.506
250.061
241.756
233.601
225.601
217.751
210.042
202.457
194.977
187.585
180.259
172.986
165.751
158.547
151.372
144.228
137.125
130.079
123.111
116.249
109.525
102.973
96.6301
90.5324
84.715
79.2092
74.0414
69.2315
64.7917
60.7263
57.031
53.6933
50.6925
48.0007
45.5838
43.4023
41.413
39.5707
37.8303
36.1483
34.4857
32.8092
31.0931
29.3204
27.4829
25.5811
23.6239
21.6268
19.611
17.6019
15.6279
13.7166
11.8923
10.1873
8.65236
7.26829
5.86297
4.74082
5.13065
7.2029
10.0693
13.081
15.9307
18.4764
20.6516
22.4335
23.8287
24.8632
25.5748
26.0344
26.1621
21.7179
22.0477
22.4911
23.0573
23.8254
24.8945
26.381
28.4234
31.1805
34.8218
39.5132
45.3969
52.5688
61.0543
70.7885
81.6033
93.2254
105.289
117.36
128.98
139.708
149.169
157.09
163.32
167.827
170.685
172.042
172.091
171.039
169.082
166.396
163.126
159.39
155.279
150.864
146.2
141.329
136.289
131.107
125.809
120.418
114.957
109.448
103.913
98.3776
92.8684
87.4142
82.0462
76.7969
71.6997
66.7873
62.0914
57.6405
53.4595
49.568
45.9798
42.7026
39.7375
37.079
34.7159
32.6311
30.8031
29.2057
27.8093
26.5814
25.4876
24.4922
23.5596
22.656
21.7505
20.817
19.8353
18.7924
17.683
16.509
15.2795
14.0093
12.7177
11.4273
10.1622
8.94475
7.79332
6.7328
5.79772
4.95763
4.07964
3.47093
4.20138
6.38677
9.24928
12.2196
15.0248
17.5366
19.6942
21.4761
22.888
23.9538
24.7094
25.2186
25.4327
8.83243
8.9024
8.97937
9.06217
9.14812
9.24433
9.36205
9.51605
9.72508
10.0123
10.4059
10.9395
11.6526
12.5911
13.8067
15.3557
17.2962
19.6825
22.5575
25.944
29.8347
34.1857
38.9127
43.8935
48.9759
53.9903
58.7648
63.1414
66.9884
70.209
72.7451
74.5752
75.7092
76.1814
76.0419
75.3502
74.169
72.5608
70.5853
68.2984
65.7522
62.9951
60.0726
57.0279
53.9021
50.7348
47.564
44.426
41.3548
38.3819
35.5354
32.8394
30.3138
27.9736
25.8285
23.8837
22.1393
20.5914
19.2323
18.0513
17.0352
16.1687
15.4351
14.8161
14.2923
13.843
13.4468
13.0818
12.7263
12.3602
11.9656
11.5284
11.0392
10.4936
9.89291
9.2436
8.55647
7.84553
7.12696
6.41785
5.73335
5.085
4.48872
3.96877
3.50195
2.97843
2.64039
3.43881
5.54153
8.27952
11.1332
13.8463
16.296
18.422
20.2006
21.6338
22.7406
23.553
24.1253
24.4468
5.58319
5.59716
5.61072
5.62374
5.6352
5.64544
5.65547
5.66691
5.68206
5.70395
5.73644
5.78427
5.85317
5.9499
6.08234
6.25957
6.49183
6.79055
7.16811
7.63751
8.21191
8.90379
9.72389
10.6797
11.7736
13.0013
14.3493
15.7949
17.3055
18.84
20.3514
21.7902
23.1079
24.2608
25.2129
25.9375
26.4188
26.6509
26.6378
26.3914
25.9305
25.2783
24.4617
23.5095
22.4512
21.3162
20.1329
18.9278
17.7253
16.547
15.4111
14.3327
13.3233
12.3911
11.5412
10.7756
10.0943
9.49521
8.97477
8.52836
8.15058
7.8355
7.57664
7.36704
7.19911
7.0645
6.95404
6.85774
6.765
6.66511
6.54791
6.40453
6.22828
6.01528
5.76481
5.47941
5.16449
4.82769
4.47813
4.12577
3.77966
3.44628
3.13468
2.86273
2.62093
2.31917
2.10396
2.80064
4.68461
7.20532
9.8789
12.4554
14.8125
16.8878
18.6529
20.1042
21.2541
22.1288
22.7711
23.2138
4.25167
4.25468
4.2564
4.25684
4.25588
4.25353
4.24994
4.24535
4.24011
4.23473
4.22989
4.22647
4.22555
4.22843
4.23669
4.25208
4.27666
4.31263
4.36243
4.42861
4.51376
4.62048
4.75123
4.90817
5.09307
5.30701
5.55018
5.82165
6.11905
6.43844
6.77414
7.11878
7.46346
7.79808
8.11183
8.39387
8.63398
8.82327
8.95479
9.02393
9.02872
8.96981
8.85037
8.67572
8.45291
8.19023
7.89665
7.58132
7.25313
6.92035
6.59031
6.26925
5.96224
5.67319
5.40489
5.15917
4.93701
4.73874
4.56416
4.41268
4.2834
4.17519
4.08669
4.01628
3.96199
3.92144
3.89172
3.86931
3.85007
3.82939
3.80241
3.7644
3.71122
3.63977
3.54839
3.43701
3.30719
3.16187
3.00505
2.84157
2.67624
2.51249
2.35478
2.21557
2.09652
1.92984
1.76844
2.27716
3.85174
6.0832
8.52249
10.9208
13.1533
15.1538
16.8885
18.3471
19.5343
20.4692
21.1817
21.7517
3.56947
3.56825
3.56602
3.56278
3.55849
3.55317
3.54685
3.53959
3.53145
3.52256
3.51307
3.50315
3.49307
3.48312
3.47367
3.46514
3.45804
3.45293
3.45043
3.45122
3.45598
3.46543
3.48023
3.50098
3.52819
3.56222
3.60322
3.65111
3.70555
3.76584
3.83096
3.89955
3.96989
4.03994
4.10743
4.16994
4.225
4.27022
4.30347
4.32294
4.32735
4.31593
4.28854
4.24565
4.18826
4.11789
4.03642
3.94598
3.84885
3.74731
3.64355
3.53959
3.43721
3.33793
3.243
3.1534
3.06987
2.99293
2.9229
2.85998
2.80424
2.75564
2.71403
2.67917
2.65069
2.62803
2.6104
2.59675
2.58569
2.5755
2.5642
2.54963
2.52969
2.50248
2.4666
2.42129
2.36651
2.30296
2.23201
2.15563
2.07611
1.99516
1.91454
1.8419
1.78462
1.69905
1.57115
1.87235
3.08682
4.97507
7.13451
9.31643
11.3916
13.2896
14.9714
16.4195
17.6307
18.6165
19.3924
20.088
3.18823
3.18339
3.17796
3.1719
3.16519
3.15782
3.14979
3.14111
3.13179
3.12186
3.11135
3.10032
3.08883
3.07694
3.06476
3.05238
3.03993
3.02757
3.01547
3.00381
2.9928
2.98267
2.97364
2.96592
2.95971
2.95517
2.95242
2.95151
2.9524
2.95497
2.95901
2.96418
2.97007
2.97616
2.98184
2.98646
2.98933
2.98976
2.9871
2.98077
2.97029
2.95533
2.93568
2.91133
2.88242
2.84925
2.81224
2.77193
2.72896
2.68397
2.63765
2.59067
2.54363
2.49711
2.4516
2.40752
2.36522
2.32496
2.28697
2.25139
2.21834
2.18789
2.16008
2.13491
2.11234
2.09226
2.07452
2.05882
2.04476
2.03176
2.01912
2.00597
1.9914
1.97447
1.95435
1.93043
1.90237
1.87016
1.8341
1.79488
1.75354
1.71088
1.66738
1.6271
1.59835
1.55903
1.46501
1.58997
2.43328
3.9429
5.78581
7.71745
9.60358
11.3696
12.9716
14.3856
15.6009
16.6215
17.4477
18.2591
2.97032
2.96196
2.95332
2.94438
2.9351
2.92546
2.91544
2.90505
2.89427
2.8831
2.87155
2.85963
2.84735
2.83472
2.82176
2.80851
2.79498
2.78121
2.76725
2.75314
2.73893
2.7247
2.71051
2.69642
2.68252
2.66888
2.65554
2.64257
2.62998
2.61777
2.60592
2.59436
2.58299
2.57168
2.56028
2.54858
2.5364
2.5235
2.50969
2.49476
2.47855
2.46091
2.44176
2.42106
2.39881
2.37509
2.35001
2.32372
2.29642
2.26833
2.23966
2.21065
2.18152
2.15249
2.12374
2.09543
2.06771
2.04068
2.01445
1.98908
1.96462
1.94112
1.91862
1.89713
1.87667
1.85725
1.83885
1.82142
1.80486
1.78902
1.77369
1.75857
1.74332
1.72755
1.71087
1.69295
1.67352
1.65246
1.62979
1.6057
1.58065
1.55503
1.52888
1.50406
1.48712
1.47079
1.41167
1.42283
1.92567
3.04311
4.54322
6.19651
7.86481
9.46946
10.9626
12.3149
13.5093
14.5427
15.4005
16.3094
2.8478
2.83629
2.8247
2.813
2.80117
2.7892
2.77706
2.76475
2.75223
2.73952
2.7266
2.71347
2.70013
2.68657
2.6728
2.65881
2.64461
2.63021
2.61561
2.60081
2.58583
2.57067
2.55535
2.53988
2.5243
2.50861
2.49284
2.47702
2.46115
2.44526
2.42935
2.41342
2.39745
2.38142
2.36531
2.34906
2.33261
2.31593
2.29894
2.28158
2.26381
2.24558
2.22685
2.20761
2.18786
2.16763
2.14693
2.12584
2.10439
2.08268
2.06077
2.03875
2.01669
1.99466
1.97272
1.95094
1.92936
1.908
1.88691
1.86609
1.84558
1.82537
1.80549
1.78594
1.76675
1.74792
1.72949
1.71146
1.69384
1.6766
1.65971
1.64311
1.6267
1.61034
1.59391
1.57726
1.56026
1.54284
1.52497
1.50671
1.48827
1.46987
1.45147
1.43386
1.42117
1.41336
1.38236
1.34652
1.58064
2.32043
3.46494
4.81941
6.24588
7.66228
9.01767
10.279
11.424
12.4441
13.3099
14.2908
2.78187
2.76784
2.75382
2.73981
2.72579
2.71173
2.69763
2.68348
2.66926
2.65496
2.64058
2.62611
2.61154
2.59687
2.5821
2.56721
2.55221
2.5371
2.52186
2.50651
2.49102
2.4754
2.45965
2.44377
2.42776
2.41162
2.39535
2.37896
2.36246
2.34585
2.32914
2.31233
2.29544
2.27845
2.26137
2.24421
2.22694
2.20957
2.19209
2.17449
2.15675
2.13887
2.12086
2.1027
2.0844
2.06597
2.04743
2.02879
2.01007
1.9913
1.97249
1.95368
1.93487
1.91609
1.89734
1.87864
1.85999
1.84139
1.82284
1.80434
1.78587
1.76744
1.74905
1.73071
1.71242
1.6942
1.67607
1.65807
1.64021
1.62252
1.60503
1.58774
1.57066
1.55376
1.53704
1.52045
1.50396
1.48756
1.47123
1.45502
1.43905
1.42347
1.40826
1.39381
1.38236
1.37575
1.36097
1.32319
1.38848
1.80068
2.59548
3.64077
4.80833
6.01444
7.20608
8.34782
9.41393
10.3919
11.2393
12.2598
2.74857
2.73276
2.71699
2.70126
2.68556
2.66988
2.65421
2.63855
2.62289
2.60722
2.59153
2.57582
2.56009
2.54434
2.52855
2.51272
2.49686
2.48096
2.46501
2.44901
2.43296
2.41685
2.40068
2.38444
2.36813
2.35174
2.33528
2.31874
2.30213
2.28544
2.26867
2.25184
2.23494
2.21798
2.20097
2.1839
2.16679
2.14964
2.13245
2.11524
2.098
2.08074
2.06347
2.04619
2.02891
2.01163
1.99437
1.97712
1.95989
1.94269
1.92551
1.90836
1.89124
1.87413
1.85703
1.83993
1.82282
1.80568
1.7885
1.77126
1.75394
1.73655
1.71908
1.70152
1.68388
1.66618
1.64844
1.63069
1.61294
1.59525
1.57765
1.56017
1.54285
1.52571
1.50878
1.49208
1.47561
1.45941
1.44349
1.42789
1.41271
1.39807
1.38397
1.37068
1.35938
1.35149
1.34254
1.31768
1.30998
1.48231
1.95983
2.69961
3.60035
4.58123
5.58845
6.58545
7.54469
8.45151
9.25295
10.2761
2.73299
2.71606
2.69917
2.68231
2.66549
2.64869
2.63192
2.61518
2.59845
2.58174
2.56505
2.54837
2.5317
2.51503
2.49838
2.48173
2.46509
2.44846
2.43182
2.41519
2.39856
2.38192
2.36528
2.34863
2.33197
2.31529
2.2986
2.28189
2.26516
2.24841
2.23164
2.21485
2.19804
2.18123
2.1644
2.14757
2.13075
2.11393
2.09713
2.08035
2.0636
2.04689
2.03022
2.01359
1.99702
1.9805
1.96404
1.94764
1.93129
1.91499
1.89874
1.88253
1.86634
1.85016
1.83397
1.81776
1.8015
1.78518
1.76877
1.75226
1.73563
1.71887
1.70197
1.68494
1.66777
1.65048
1.63308
1.61561
1.59809
1.58056
1.56305
1.54561
1.52829
1.51111
1.49412
1.47735
1.46085
1.44465
1.42878
1.41329
1.39827
1.38382
1.36997
1.35691
1.34533
1.33591
1.32732
1.31206
1.28989
1.32926
1.55631
2.0145
2.6526
3.40259
4.2124
5.04562
5.8743
6.68336
7.41245
8.39897
2.72623
2.70869
2.69116
2.67365
2.65617
2.6387
2.62125
2.60382
2.5864
2.56901
2.55163
2.53427
2.51694
2.49962
2.48233
2.46505
2.44781
2.43059
2.41339
2.39623
2.37909
2.36198
2.3449
2.32785
2.31083
2.29383
2.27686
2.25992
2.243
2.22611
2.20924
2.19241
2.17561
2.15883
2.1421
2.12541
2.10875
2.09215
2.07561
2.05912
2.0427
2.02634
2.01006
1.99385
1.97773
1.96168
1.94571
1.92981
1.91398
1.89821
1.88249
1.86681
1.85115
1.83549
1.81982
1.80411
1.78834
1.77248
1.75653
1.74045
1.72424
1.70787
1.69135
1.67467
1.65783
1.64085
1.62374
1.60652
1.58922
1.57188
1.55454
1.53722
1.51999
1.50287
1.48591
1.46915
1.45263
1.4364
1.4205
1.40498
1.38991
1.37539
1.36144
1.34823
1.33619
1.32556
1.31573
1.30384
1.28559
1.27727
1.34886
1.57777
1.97418
2.49912
3.10824
3.76706
4.44844
5.13823
5.77242
6.68371
2.72347
2.70563
2.68778
2.66994
2.6521
2.63427
2.61644
2.59863
2.58082
2.56302
2.54524
2.52747
2.50971
2.49198
2.47427
2.45658
2.43892
2.4213
2.4037
2.38614
2.36862
2.35115
2.33372
2.31633
2.29899
2.2817
2.26447
2.24728
2.23015
2.21308
2.19607
2.17911
2.16222
2.1454
2.12865
2.11196
2.09536
2.07883
2.06239
2.04603
2.02976
2.01358
1.9975
1.98152
1.96563
1.94983
1.93412
1.9185
1.90295
1.88746
1.87203
1.85663
1.84126
1.82588
1.81049
1.79505
1.77955
1.76397
1.74828
1.73246
1.7165
1.70039
1.68412
1.66768
1.65108
1.63432
1.61743
1.60042
1.58332
1.56616
1.54898
1.53181
1.51469
1.49766
1.48076
1.46405
1.44755
1.4313
1.41537
1.39978
1.38461
1.36993
1.35578
1.34229
1.32973
1.31815
1.30708
1.29537
1.28083
1.26457
1.26945
1.34911
1.54833
1.86891
2.28543
2.76938
3.29585
3.85248
4.37562
5.17768
2.72235
2.70437
2.68638
2.66838
2.65037
2.63236
2.61435
2.59634
2.57833
2.56032
2.54232
2.52432
2.50634
2.48837
2.47041
2.45248
2.43457
2.41669
2.39884
2.38102
2.36325
2.34552
2.32784
2.31021
2.29263
2.27511
2.25766
2.24027
2.22295
2.2057
2.18852
2.17143
2.15441
2.13749
2.12065
2.1039
2.08725
2.0707
2.05425
2.0379
2.02166
2.00553
1.98952
1.9736
1.9578
1.9421
1.92649
1.91098
1.89555
1.88019
1.86488
1.84962
1.83438
1.81914
1.80388
1.78858
1.77323
1.75779
1.74224
1.72658
1.71077
1.69482
1.67871
1.66244
1.64601
1.62943
1.61271
1.59587
1.57893
1.56193
1.54489
1.52785
1.51085
1.49392
1.47711
1.46044
1.44397
1.42773
1.41176
1.39611
1.38083
1.36599
1.35162
1.33782
1.32476
1.31242
1.30038
1.28801
1.27452
1.25926
1.2467
1.25749
1.32774
1.48476
1.73046
2.05024
2.42457
2.8437
3.24807
3.91546
2.72184
2.7038
2.68574
2.66767
2.64959
2.6315
2.6134
2.5953
2.57719
2.55908
2.54097
2.52286
2.50476
2.48666
2.46858
2.45051
2.43246
2.41444
2.39644
2.37848
2.36055
2.34266
2.32482
2.30702
2.28929
2.27161
2.25399
2.23645
2.21897
2.20157
2.18426
2.16703
2.14989
2.13284
2.1159
2.09905
2.08231
2.06569
2.04917
2.03277
2.01649
2.00033
1.98428
1.96835
1.95254
1.93684
1.92124
1.90574
1.89032
1.87498
1.85971
1.84447
1.82927
1.81407
1.79886
1.78362
1.76832
1.75295
1.73748
1.7219
1.70619
1.69034
1.67434
1.65818
1.64188
1.62543
1.60884
1.59214
1.57535
1.55848
1.54157
1.52465
1.50775
1.49092
1.47418
1.45757
1.44113
1.42489
1.4089
1.39319
1.37781
1.36282
1.34824
1.33415
1.32064
1.30766
1.29488
1.28183
1.26823
1.25378
1.23898
1.22892
1.23876
1.29166
1.40565
1.58472
1.82044
2.10789
2.39523
2.91439
2.72153
2.70346
2.68537
2.66727
2.64915
2.63103
2.61289
2.59474
2.57659
2.55843
2.54027
2.52211
2.50395
2.48579
2.46764
2.44951
2.43139
2.41329
2.39521
2.37716
2.35914
2.34116
2.32322
2.30532
2.28748
2.26969
2.25197
2.23431
2.21672
2.19921
2.18178
2.16444
2.14719
2.13004
2.11299
2.09604
2.0792
2.06248
2.04588
2.02939
2.01303
1.99679
1.98068
1.96468
1.94881
1.93305
1.9174
1.90185
1.8864
1.87102
1.85571
1.84045
1.82523
1.81001
1.7948
1.77956
1.76427
1.74892
1.73348
1.71794
1.70229
1.6865
1.67057
1.6545
1.63829
1.62195
1.60547
1.58888
1.5722
1.55545
1.53865
1.52184
1.50504
1.48829
1.47162
1.45506
1.43865
1.42243
1.40642
1.39066
1.37519
1.36006
1.34529
1.33093
1.31703
1.30352
1.29014
1.27654
1.26256
1.24816
1.2334
1.21919
1.2097
1.21492
1.24931
1.32566
1.44799
1.61967
1.80078
2.17165
2.7213
2.70321
2.6851
2.66698
2.64885
2.6307
2.61254
2.59437
2.57619
2.55801
2.53982
2.52163
2.50344
2.48526
2.46708
2.4489
2.43074
2.4126
2.39448
2.37638
2.35831
2.34027
2.32227
2.30431
2.2864
2.26855
2.25075
2.23301
2.21534
2.19775
2.18023
2.1628
2.14546
2.12821
2.11107
2.09403
2.07709
2.06028
2.04358
2.027
2.01055
1.99422
1.97801
1.96193
1.94597
1.93013
1.9144
1.89878
1.88325
1.86781
1.85243
1.83711
1.82184
1.80658
1.79133
1.77606
1.76076
1.7454
1.72996
1.71444
1.69881
1.68306
1.66719
1.65118
1.63505
1.61878
1.6024
1.58591
1.56932
1.55267
1.53597
1.51925
1.50254
1.48587
1.46927
1.45276
1.43638
1.42017
1.40414
1.38834
1.37279
1.35753
1.34259
1.32799
1.31375
1.29981
1.28593
1.27188
1.25753
1.24291
1.22809
1.21326
1.19928
1.18905
1.18868
1.20724
1.25263
1.33476
1.42882
1.66435
2.72109
2.70299
2.68487
2.66673
2.64858
2.63042
2.61225
2.59407
2.57587
2.55767
2.53947
2.52126
2.50306
2.48485
2.46665
2.44846
2.43028
2.41211
2.39396
2.37583
2.35772
2.33965
2.32161
2.30361
2.28565
2.26775
2.24989
2.2321
2.21437
2.19671
2.17912
2.16162
2.1442
2.12688
2.10965
2.09253
2.07551
2.0586
2.04182
2.02515
2.0086
1.99218
1.97588
1.95971
1.94365
1.92772
1.9119
1.89619
1.88057
1.86505
1.84959
1.8342
1.81886
1.80354
1.78824
1.77293
1.75759
1.74221
1.72676
1.71124
1.69562
1.6799
1.66406
1.6481
1.63202
1.61583
1.59952
1.58311
1.56662
1.55006
1.53345
1.51681
1.50018
1.48358
1.46704
1.45058
1.43423
1.41802
1.40199
1.38615
1.37053
1.35516
1.34006
1.32525
1.31071
1.2964
1.28213
1.2677
1.25303
1.23816
1.22316
1.20811
1.19319
1.17908
1.16756
1.16236
1.16813
1.19411
1.22791
1.35279
2.7209
2.70279
2.68466
2.66651
2.64835
2.63017
2.61199
2.59379
2.57559
2.55738
2.53916
2.52094
2.50272
2.4845
2.46629
2.44808
2.42988
2.41169
2.39352
2.37537
2.35724
2.33914
2.32107
2.30304
2.28504
2.2671
2.2492
2.23136
2.21358
2.19587
2.17822
2.16066
2.14318
2.12579
2.10849
2.09129
2.0742
2.05721
2.04034
2.02358
2.00695
1.99044
1.97405
1.95778
1.94164
1.92561
1.9097
1.89389
1.87819
1.86258
1.84704
1.83157
1.81615
1.80077
1.78541
1.77004
1.75466
1.73925
1.72378
1.70825
1.69264
1.67693
1.66112
1.6452
1.62917
1.61303
1.59679
1.58046
1.56404
1.54756
1.53103
1.51448
1.49792
1.48139
1.4649
1.44848
1.43217
1.41597
1.39993
1.38405
1.36837
1.35291
1.33767
1.32266
1.30788
1.29326
1.27866
1.26392
1.24899
1.23388
1.21867
1.20343
1.1882
1.17315
1.15868
1.14597
1.1366
1.13566
1.13758
1.18558
2.72072
2.7026
2.68446
2.6663
2.64813
2.62994
2.61175
2.59354
2.57532
2.5571
2.53887
2.52064
2.50241
2.48418
2.46595
2.44773
2.42951
2.41131
2.39312
2.37495
2.3568
2.33868
2.32058
2.30252
2.2845
2.26652
2.24859
2.23071
2.21288
2.19512
2.17743
2.15981
2.14228
2.12482
2.10746
2.0902
2.07303
2.05597
2.03902
2.02219
2.00547
1.98887
1.9724
1.95604
1.93981
1.92369
1.90769
1.8918
1.876
1.8603
1.84468
1.82914
1.81364
1.79819
1.78277
1.76735
1.75193
1.73648
1.72099
1.70544
1.68982
1.67412
1.65833
1.64244
1.62646
1.61037
1.59419
1.57792
1.56157
1.54516
1.52871
1.51223
1.49574
1.47927
1.46284
1.44647
1.43018
1.414
1.39795
1.38205
1.36632
1.35077
1.33541
1.32024
1.30524
1.29036
1.27548
1.26049
1.24534
1.23003
1.21463
1.1992
1.18377
1.16838
1.15314
1.13834
1.12439
1.11325
1.10315
1.10819
2.72056
2.70243
2.68428
2.66611
2.64793
2.62973
2.61152
2.5933
2.57508
2.55685
2.53861
2.52036
2.50212
2.48388
2.46563
2.4474
2.42917
2.41095
2.39275
2.37456
2.35639
2.33825
2.32013
2.30204
2.28399
2.26598
2.24802
2.2301
2.21224
2.19444
2.1767
2.15904
2.14145
2.12394
2.10652
2.08919
2.07196
2.05483
2.03781
2.0209
2.00411
1.98743
1.97087
1.95443
1.93812
1.92191
1.90582
1.88984
1.87397
1.85818
1.84248
1.82686
1.81129
1.79577
1.78029
1.76482
1.74935
1.73386
1.71834
1.70278
1.68715
1.67146
1.65568
1.63982
1.62387
1.60783
1.5917
1.57549
1.55921
1.54288
1.52649
1.51008
1.49366
1.47725
1.46087
1.44455
1.42829
1.41213
1.39608
1.38016
1.36438
1.34876
1.33329
1.31798
1.30281
1.28771
1.27261
1.2574
1.24206
1.22659
1.21103
1.19543
1.17983
1.16425
1.14871
1.13328
1.11809
1.10357
1.09027
1.07615
2.72041
2.70227
2.68411
2.66593
2.64774
2.62953
2.61131
2.59309
2.57485
2.55661
2.53836
2.5201
2.50185
2.48359
2.46534
2.44709
2.42885
2.41062
2.3924
2.37419
2.356
2.33784
2.3197
2.30159
2.28352
2.26548
2.24748
2.22953
2.21163
2.19379
2.17602
2.15831
2.14067
2.12311
2.10563
2.08825
2.07096
2.05377
2.03668
2.0197
2.00284
1.98608
1.96945
1.95293
1.93653
1.92025
1.90408
1.88802
1.87206
1.85619
1.84042
1.82472
1.80908
1.7935
1.77795
1.76243
1.74691
1.73139
1.71584
1.70026
1.68463
1.66894
1.65318
1.63734
1.62142
1.60542
1.58935
1.5732
1.55698
1.54071
1.5244
1.50805
1.4917
1.47535
1.45903
1.44275
1.42654
1.4104
1.39435
1.37842
1.36261
1.34693
1.33137
1.31595
1.30062
1.28534
1.27005
1.25468
1.23918
1.22357
1.20788
1.19214
1.1764
1.16066
1.14494
1.12925
1.11368
1.09805
1.08414
1.06287
2.72027
2.70212
2.68395
2.66576
2.64756
2.62935
2.61112
2.59288
2.57464
2.55638
2.53812
2.51986
2.50159
2.48333
2.46506
2.4468
2.42854
2.4103
2.39206
2.37384
2.35564
2.33745
2.3193
2.30116
2.28306
2.265
2.24697
2.22899
2.21106
2.19319
2.17537
2.15762
2.13994
2.12233
2.10481
2.08737
2.07002
2.05277
2.03562
2.01858
2.00165
1.98482
1.96812
1.95153
1.93505
1.91869
1.90244
1.88631
1.87027
1.85433
1.83848
1.82271
1.80701
1.79137
1.77576
1.76019
1.74463
1.72907
1.7135
1.6979
1.68227
1.66658
1.65083
1.63502
1.61914
1.60318
1.58716
1.57107
1.55492
1.53871
1.52247
1.5062
1.48992
1.47364
1.45738
1.44116
1.42499
1.40888
1.39285
1.37692
1.36108
1.34536
1.32974
1.31421
1.29876
1.28334
1.2679
1.25238
1.23675
1.22103
1.20522
1.18937
1.1735
1.15763
1.14178
1.12593
1.11018
1.09413
1.08011
1.05645
2.72014
2.70198
2.68381
2.66561
2.6474
2.62918
2.61094
2.5927
2.57444
2.55618
2.53791
2.51963
2.50136
2.48308
2.4648
2.44653
2.42826
2.41
2.39175
2.37351
2.35529
2.33709
2.31891
2.30076
2.28264
2.26455
2.2465
2.22849
2.21053
2.19262
2.17477
2.15698
2.13925
2.1216
2.10403
2.08655
2.06915
2.05184
2.03464
2.01753
2.00054
1.98365
1.96688
1.95022
1.93368
1.91725
1.90093
1.88472
1.86861
1.85261
1.83669
1.82086
1.8051
1.78939
1.77374
1.75812
1.74253
1.72694
1.71135
1.69574
1.6801
1.66443
1.6487
1.63292
1.61708
1.60118
1.58521
1.56919
1.55311
1.53699
1.52083
1.50464
1.48844
1.47224
1.45605
1.43989
1.42378
1.40771
1.39172
1.37579
1.35995
1.3442
1.32852
1.31292
1.29737
1.28183
1.26626
1.25062
1.23489
1.21906
1.20316
1.18721
1.17123
1.15525
1.13927
1.12329
1.10743
1.09117
1.07709
1.05262
2.72003
2.70186
2.68368
2.66548
2.64726
2.62903
2.61078
2.59253
2.57426
2.55599
2.53771
2.51943
2.50114
2.48285
2.46456
2.44628
2.428
2.40973
2.39146
2.37321
2.35498
2.33676
2.31856
2.30039
2.28225
2.26413
2.24606
2.22802
2.21003
2.19209
2.17421
2.15638
2.13862
2.12094
2.10332
2.08579
2.06834
2.05099
2.03373
2.01658
1.99952
1.98258
1.96575
1.94903
1.93242
1.91593
1.89955
1.88328
1.86711
1.85105
1.83508
1.81919
1.80338
1.78763
1.77194
1.75629
1.74067
1.72507
1.70947
1.69387
1.67825
1.66259
1.64691
1.63117
1.61539
1.59956
1.58367
1.56773
1.55175
1.53572
1.51966
1.50357
1.48747
1.47137
1.45527
1.43919
1.42314
1.40714
1.39118
1.37528
1.35945
1.34368
1.32796
1.31229
1.29665
1.28102
1.26534
1.24959
1.23376
1.21783
1.20184
1.18579
1.16972
1.15363
1.13755
1.12147
1.1055
1.08911
1.07497
1.05019
2.71992
2.70175
2.68356
2.66535
2.64713
2.62889
2.61064
2.59238
2.5741
2.55582
2.53753
2.51924
2.50094
2.48264
2.46435
2.44605
2.42776
2.40947
2.3912
2.37293
2.35468
2.33645
2.31824
2.30005
2.28189
2.26376
2.24566
2.2276
2.20959
2.19162
2.17371
2.15586
2.13806
2.12034
2.10269
2.08512
2.06764
2.05024
2.03294
2.01574
1.99864
1.98165
1.96477
1.948
1.93135
1.91481
1.89838
1.88206
1.86585
1.84975
1.83374
1.81782
1.80198
1.78621
1.7705
1.75485
1.73923
1.72364
1.70807
1.6925
1.67692
1.66133
1.64571
1.63005
1.61436
1.59863
1.58285
1.56703
1.55117
1.53527
1.51933
1.50337
1.48739
1.4714
1.45541
1.43943
1.42347
1.40753
1.39162
1.37575
1.35992
1.34413
1.32838
1.31265
1.29693
1.28119
1.26541
1.24956
1.23362
1.2176
1.20151
1.18538
1.16921
1.15303
1.13686
1.12069
1.10465
1.08819
1.07401
1.04913
2.71984
2.70166
2.68346
2.66525
2.64702
2.62877
2.61051
2.59224
2.57396
2.55567
2.53738
2.51908
2.50077
2.48246
2.46416
2.44585
2.42755
2.40926
2.39097
2.3727
2.35444
2.33619
2.31797
2.29977
2.28159
2.26345
2.24533
2.22726
2.20923
2.19125
2.17331
2.15544
2.13763
2.11988
2.10221
2.08461
2.0671
2.04968
2.03236
2.01513
1.99801
1.98099
1.96409
1.94729
1.93062
1.91406
1.89761
1.88128
1.86506
1.84895
1.83294
1.81702
1.8012
1.78545
1.76978
1.75417
1.7386
1.72308
1.70758
1.69209
1.67662
1.66113
1.64563
1.63011
1.61456
1.59898
1.58336
1.56769
1.55199
1.53625
1.52047
1.50466
1.48882
1.47297
1.45709
1.44121
1.42533
1.40945
1.39359
1.37773
1.3619
1.34607
1.33026
1.31446
1.29864
1.28279
1.26689
1.25092
1.23488
1.21876
1.20259
1.18638
1.17014
1.15391
1.13771
1.12152
1.10548
1.08905
1.07492
1.05018
2.71976
2.70158
2.68338
2.66516
2.64693
2.62868
2.61041
2.59214
2.57385
2.55556
2.53726
2.51896
2.50065
2.48234
2.46403
2.44572
2.42742
2.40912
2.39083
2.37255
2.35429
2.33605
2.31782
2.29962
2.28144
2.2633
2.24518
2.22711
2.20908
2.1911
2.17317
2.1553
2.13749
2.11975
2.10208
2.08449
2.06699
2.04958
2.03226
2.01505
1.99794
1.98095
1.96407
1.9473
1.93066
1.91413
1.89773
1.88145
1.86529
1.84924
1.8333
1.81747
1.80174
1.7861
1.77054
1.75505
1.73963
1.72425
1.70891
1.6936
1.6783
1.663
1.6477
1.63238
1.61703
1.60165
1.58623
1.57077
1.55526
1.5397
1.52409
1.50844
1.49274
1.477
1.46122
1.44541
1.42958
1.41373
1.39786
1.38198
1.36609
1.35019
1.33429
1.31837
1.30243
1.28646
1.27045
1.25438
1.23826
1.22209
1.20589
1.18968
1.1735
1.15736
1.14128
1.12528
1.10947
1.09334
1.07951
1.05545
2.71973
2.70155
2.68335
2.66513
2.6469
2.62865
2.61039
2.59212
2.57384
2.55555
2.53726
2.51897
2.50067
2.48237
2.46407
2.44578
2.4275
2.40922
2.39095
2.3727
2.35446
2.33624
2.31805
2.29988
2.28174
2.26363
2.24556
2.22753
2.20955
2.19162
2.17375
2.15593
2.13819
2.12052
2.10292
2.08542
2.068
2.05068
2.03346
2.01635
1.99935
1.98247
1.96572
1.94908
1.93258
1.91621
1.89997
1.88386
1.86787
1.85202
1.83628
1.82067
1.80516
1.78975
1.77443
1.75919
1.74402
1.72891
1.71384
1.6988
1.68377
1.66874
1.6537
1.63864
1.62353
1.60839
1.59318
1.57792
1.56258
1.54717
1.53169
1.51614
1.50051
1.48482
1.46906
1.45324
1.43738
1.42146
1.40552
1.38954
1.37355
1.35754
1.34152
1.32549
1.30946
1.29343
1.2774
1.26136
1.24534
1.22934
1.2134
1.19754
1.18179
1.16619
1.15075
1.13549
1.12053
1.10538
1.09246
1.0703
2.71985
2.70169
2.68351
2.66532
2.64711
2.6289
2.61067
2.59244
2.5742
2.55596
2.53772
2.51948
2.50124
2.48301
2.46478
2.44656
2.42836
2.41017
2.392
2.37384
2.35571
2.33761
2.31954
2.30149
2.28349
2.26553
2.24761
2.22975
2.21193
2.19418
2.1765
2.15888
2.14134
2.12389
2.10652
2.08925
2.07208
2.05501
2.03806
2.02123
2.00453
1.98795
1.9715
1.9552
1.93903
1.923
1.90711
1.89137
1.87576
1.86028
1.84493
1.8297
1.81459
1.79957
1.78464
1.76979
1.75499
1.74024
1.72552
1.7108
1.69608
1.68134
1.66655
1.65171
1.63679
1.6218
1.60671
1.59153
1.57624
1.56084
1.54534
1.52973
1.51403
1.49823
1.48235
1.46641
1.45041
1.43436
1.4183
1.40223
1.38617
1.37014
1.35417
1.33827
1.32246
1.30676
1.2912
1.27579
1.26056
1.24555
1.23078
1.21631
1.20215
1.18834
1.17491
1.16184
1.14926
1.13676
1.12623
1.10874
2.72069
2.70263
2.68456
2.66649
2.64841
2.63033
2.61225
2.59418
2.57611
2.55805
2.54001
2.52197
2.50395
2.48595
2.46797
2.45001
2.43208
2.41417
2.3963
2.37846
2.36066
2.34289
2.32518
2.30751
2.28989
2.27233
2.25482
2.23739
2.22002
2.20272
2.18551
2.16837
2.15133
2.13439
2.11754
2.10081
2.08418
2.06768
2.0513
2.03504
2.01892
2.00294
1.98709
1.97139
1.95582
1.9404
1.92511
1.90996
1.89493
1.88002
1.86523
1.85053
1.83591
1.82136
1.80687
1.79241
1.77796
1.7635
1.74903
1.7345
1.71991
1.70524
1.69047
1.67559
1.66059
1.64546
1.6302
1.61481
1.59929
1.58365
1.56789
1.55204
1.53612
1.52013
1.50411
1.48809
1.4721
1.45616
1.44033
1.42464
1.40914
1.39387
1.37889
1.36424
1.35
1.3362
1.3229
1.31016
1.29802
1.28652
1.2757
1.26559
1.25622
1.24758
1.23968
1.2325
1.22606
1.22021
1.21556
1.20919
2.72497
2.70731
2.68966
2.67203
2.65441
2.63683
2.61927
2.60174
2.58424
2.56677
2.54934
2.53195
2.51459
2.49728
2.48001
2.46279
2.44562
2.42849
2.41142
2.3944
2.37744
2.36054
2.3437
2.32692
2.31021
2.29357
2.277
2.2605
2.24409
2.22776
2.21151
2.19536
2.17929
2.16333
2.14746
2.1317
2.11605
2.10051
2.08507
2.06975
2.05455
2.03945
2.02447
2.00959
1.99482
1.98014
1.96555
1.95103
1.93657
1.92217
1.9078
1.89344
1.87908
1.8647
1.85028
1.8358
1.82123
1.80658
1.79181
1.77692
1.76189
1.74674
1.73145
1.71602
1.70048
1.68483
1.6691
1.6533
1.63746
1.62163
1.60583
1.59012
1.57454
1.55914
1.54398
1.52914
1.51469
1.5007
1.48728
1.47452
1.46253
1.45142
1.44132
1.43235
1.42462
1.41824
1.4133
1.40988
1.40802
1.40774
1.40904
1.41188
1.41621
1.42196
1.42903
1.43737
1.44678
1.45772
1.46775
1.48845
2.74414
2.72781
2.71155
2.69534
2.6792
2.66312
2.6471
2.63115
2.61527
2.59945
2.58369
2.568
2.55237
2.5368
2.52129
2.50585
2.49046
2.47513
2.45986
2.44465
2.42949
2.41438
2.39933
2.38433
2.36938
2.35448
2.33963
2.32484
2.31008
2.29538
2.28072
2.2661
2.25153
2.237
2.22251
2.20806
2.19364
2.17925
2.16488
2.15053
2.13619
2.12185
2.1075
2.09314
2.07874
2.0643
2.04981
2.03524
2.0206
2.00585
1.991
1.97604
1.96095
1.94573
1.93039
1.91492
1.89935
1.88369
1.86796
1.85219
1.83642
1.82069
1.80506
1.78958
1.77431
1.75932
1.74469
1.7305
1.71684
1.70379
1.69148
1.68002
1.66953
1.66016
1.65208
1.64546
1.6405
1.63744
1.63649
1.63793
1.64202
1.64902
1.65918
1.67275
1.6899
1.71076
1.73539
1.76375
1.79574
1.83117
1.86979
1.9113
1.95537
2.00166
2.04979
2.09954
2.15024
2.20362
2.25035
2.33542
2.82276
2.81019
2.79772
2.78533
2.77302
2.76079
2.74862
2.73652
2.72447
2.71246
2.70049
2.68856
2.67664
2.66475
2.65286
2.64097
2.62907
2.61715
2.60521
2.59324
2.58123
2.56916
2.55704
2.54486
2.5326
2.52025
2.50782
2.49529
2.48265
2.46989
2.45701
2.44399
2.43083
2.41752
2.40405
2.39042
2.37661
2.36261
2.34844
2.33407
2.31951
2.30476
2.28982
2.2747
2.25942
2.24399
2.22843
2.21279
2.1971
2.1814
2.16577
2.15027
2.13498
2.11998
2.10539
2.09131
2.07786
2.06517
2.05337
2.04262
2.03305
2.02484
2.01814
2.01313
2.00999
2.00893
2.01016
2.01391
2.02046
2.03009
2.04314
2.05997
2.081
2.10667
2.13748
2.17396
2.21668
2.2662
2.32309
2.38788
2.46104
2.54292
2.63372
2.73344
2.84186
2.95849
3.08259
3.21319
3.34914
3.48914
3.63185
3.77592
3.92004
4.0629
4.2033
4.3403
4.47241
4.60235
4.71296
4.89066
3.12606
3.12277
3.11945
3.11608
3.11264
3.10912
3.10549
3.10174
3.09784
3.09379
3.08956
3.08514
3.0805
3.07565
3.07055
3.06519
3.05956
3.05365
3.04744
3.04091
3.03406
3.02688
3.01935
3.01148
3.00324
2.99465
2.9857
2.97639
2.96674
2.95674
2.94643
2.93582
2.92495
2.91385
2.90257
2.89117
2.87973
2.86833
2.85706
2.84606
2.83544
2.82538
2.81603
2.8076
2.8003
2.79438
2.7901
2.78774
2.7876
2.79003
2.79535
2.80392
2.81612
2.83233
2.85292
2.8783
2.90884
2.94494
2.98699
3.03537
3.0905
3.15277
3.2226
3.30045
3.38678
3.48213
3.58707
3.70222
3.82827
3.96597
4.11613
4.27956
4.45712
4.64961
4.85777
5.0822
5.3233
5.58118
5.85557
6.14577
6.45053
6.76802
7.09581
7.43085
7.76954
8.10788
8.44162
8.76647
9.07831
9.37338
9.64846
9.90083
10.1281
10.3283
10.5002
10.6429
10.757
10.8413
10.9023
10.9349
4.45787
4.48418
4.51018
4.53585
4.56115
4.58608
4.61064
4.6348
4.65858
4.68198
4.70499
4.72763
4.74991
4.77186
4.7935
4.81487
4.836
4.85695
4.87779
4.89857
4.91939
4.94034
4.96154
4.98311
5.00521
5.02799
5.05166
5.07643
5.10253
5.13023
5.15985
5.1917
5.22617
5.26365
5.30459
5.34947
5.39882
5.4532
5.51325
5.5796
5.65296
5.73409
5.82375
5.92279
6.03206
6.15246
6.28492
6.43037
6.58978
6.76413
6.95438
7.16148
7.38639
7.63001
7.89322
8.17683
8.48161
8.80825
9.15736
9.52945
9.92495
10.3442
10.7872
11.2543
11.7451
12.2594
12.7967
13.3562
13.9368
14.5371
15.1551
15.7887
16.4347
17.0898
17.7495
18.4089
19.0623
19.7029
20.3237
20.9168
21.4741
21.9871
22.4478
22.8486
23.1829
23.4454
23.6325
23.7424
23.7753
23.7333
23.6206
23.4419
23.2019
22.9064
22.5625
22.1768
21.7622
21.3055
20.9025
20.1608
14.2364
14.4797
14.7234
14.9674
15.2117
15.4561
15.7007
15.9454
16.1904
16.4355
16.6808
16.9265
17.1725
17.4191
17.6663
17.9143
18.1634
18.4138
18.6657
18.9196
19.1757
19.4344
19.6962
19.9616
20.2311
20.5051
20.7844
21.0696
21.3612
21.6601
21.9669
22.2824
22.6073
22.9427
23.2892
23.6478
24.0194
24.405
24.8056
25.2221
25.6559
26.1078
26.5793
27.0714
27.5857
28.1234
28.6861
29.2753
29.8928
30.5401
31.2191
31.9316
32.6793
33.4641
34.2875
35.1509
36.0555
37.0021
37.9906
39.0204
40.09
41.1966
42.3359
43.5024
44.6883
45.8843
47.079
48.2588
49.4084
50.511
51.5482
52.5012
53.3509
54.0788
54.6678
55.1031
55.3725
55.4672
55.3824
55.117
54.6743
54.061
53.2875
52.3669
51.315
50.1487
48.8865
47.547
46.1492
44.7115
43.2511
41.7854
40.3326
38.9083
37.5255
36.1905
34.9201
33.6739
32.6359
30.9713
92.7267
93.9967
95.2339
96.4356
97.5996
98.7238
99.8063
100.845
101.839
102.785
103.682
104.529
105.324
106.066
106.752
107.383
107.956
108.47
108.925
109.32
109.653
109.924
110.131
110.275
110.354
110.367
110.315
110.195
110.009
109.755
109.432
109.04
108.579
108.048
107.446
106.774
106.03
105.214
104.327
103.368
102.337
101.235
100.062
98.8195
97.5079
96.1292
94.6854
93.1791
91.6134
89.9921
88.3197
86.6012
84.8426
83.0506
81.2327
79.3971
77.5529
75.7098
73.878
72.0685
70.2923
68.5609
66.8856
65.2774
63.7471
62.3044
60.9579
59.7151
58.5816
57.5611
56.6553
55.8633
55.182
54.6057
54.1264
53.7338
53.4159
53.1592
52.9495
52.7721
52.6128
52.4584
52.297
52.1188
51.9161
51.6836
51.4181
51.1184
50.7854
50.4211
50.0264
49.6044
49.1632
48.7049
48.2327
47.7479
47.263
46.75
46.3336
45.5482
0.13166
0.125134
0.189954
0.242932
0.280096
0.301868
0.313357
0.321381
0.332128
0.352652
0.389411
0.449366
0.557765
0.807399
1.32063
2.14415
3.2952
4.77561
6.5757
8.67898
11.0661
13.7173
16.6136
19.737
23.0714
26.6022
30.3166
34.2036
38.253
42.4557
46.8026
51.2838
55.8881
60.602
65.4097
70.2921
75.2271
80.1902
85.1556
90.0995
95.0052
99.8695
104.702
109.461
114.098
118.605
122.957
127.125
131.079
134.785
138.213
141.332
144.112
146.527
148.553
150.17
151.36
152.113
152.419
152.278
151.694
150.676
149.241
147.409
145.206
142.664
139.822
136.72
133.402
129.93
126.437
123.376
121.017
118.819
116.588
114.308
111.997
109.678
107.373
105.103
102.888
100.75
98.713
96.7998
95.0465
93.5149
92.2747
91.3459
90.6528
90.0393
89.3341
88.4166
87.2477
85.8585
84.3207
82.6992
81.074
79.3809
77.979
75.5487
0.517379
0.33478
0.285581
0.285386
0.308818
0.3513
0.415347
0.509068
0.648528
0.856486
1.15475
1.56056
2.09018
2.76382
3.59725
4.58845
5.7254
6.9956
8.39021
9.90531
11.541
13.2997
15.1839
17.1947
19.3313
21.5907
23.9683
26.4581
29.0536
31.7476
34.5325
37.4004
40.3426
43.3495
46.4106
49.5144
52.6486
55.8006
58.9591
62.1167
65.2732
68.4359
71.6047
74.7525
77.849
80.8794
83.8281
86.6771
89.4075
91.9995
94.4337
96.6905
98.7512
100.598
102.215
103.587
104.702
105.55
106.124
106.418
106.434
106.174
105.646
104.858
103.824
102.561
101.093
99.4427
97.6371
95.7082
93.7044
91.704
89.757
87.8239
85.881
83.9304
81.9828
80.0498
78.1418
76.268
74.4367
72.6559
70.9339
69.279
67.7026
66.2279
64.8896
63.7126
62.6832
61.742
60.8053
59.7937
58.6497
57.3377
55.8428
54.1549
52.3109
50.2254
48.3091
44.7763
0.977939
0.521443
0.453954
0.462606
0.512108
0.600448
0.736373
0.934177
1.2087
1.57094
2.02588
2.57492
3.21982
3.96313
4.80692
5.75361
6.80775
7.97746
9.27362
10.7077
12.2892
14.0241
15.9135
17.9545
20.1413
22.4663
24.9216
27.4996
30.1942
32.9998
35.912
38.9266
42.0394
45.2461
48.5416
51.9202
55.3756
58.9008
62.488
66.1277
69.8069
73.507
77.2139
80.9137
84.5816
88.1944
91.7281
95.1581
98.4592
101.607
104.575
107.34
109.878
112.166
114.185
115.916
117.344
118.457
119.247
119.708
119.839
119.645
119.136
118.325
117.226
115.861
114.253
112.43
110.42
108.254
105.966
103.594
101.175
98.7281
96.2625
93.7881
91.3162
88.8582
86.4239
84.0212
81.6563
79.3344
77.0606
74.8388
72.6756
70.5926
68.6313
66.8317
65.1969
63.6801
62.1974
60.6487
58.9354
56.9783
54.7407
52.2332
49.5349
46.671
44.0061
40.0285
1.42701
0.720142
0.645116
0.67196
0.753693
0.887988
1.08195
1.34389
1.67943
2.09016
2.57553
3.13635
3.77668
4.50337
5.32538
6.25359
7.30015
8.47779
9.79876
11.2738
12.9114
14.717
16.6936
18.8419
21.1608
23.6486
26.3035
29.1234
32.107
35.2529
38.5596
42.0251
45.6467
49.4206
53.3415
57.4025
61.5948
65.9074
70.3266
74.835
79.4102
84.0253
88.6542
93.27
97.8437
102.345
106.743
111.005
115.098
118.989
122.646
126.039
129.138
131.915
134.346
136.412
138.096
139.387
140.276
140.761
140.842
140.528
139.832
138.773
137.371
135.653
133.648
131.388
128.905
126.234
123.408
120.461
117.427
114.334
111.204
108.054
104.899
101.751
98.6213
95.5162
92.4404
89.3966
86.3866
83.4101
80.4679
77.5822
74.8106
72.2198
69.836
67.6135
65.4367
63.1467
60.5912
57.6869
54.461
51.0342
47.582
44.2073
41.2117
37.2985
1.8213
0.914286
0.833178
0.873751
0.976841
1.13713
1.357
1.63895
1.98431
2.39405
2.87069
3.41963
4.04901
4.76867
5.58935
6.52239
7.57974
8.77403
10.1186
11.6269
13.3126
15.188
17.2642
19.5506
22.0547
24.7822
27.7376
30.9237
34.3423
37.9938
41.877
45.9892
50.3255
54.879
59.6399
64.5959
69.7313
75.0271
80.4602
86.0032
91.6239
97.2839
102.944
108.567
114.113
119.545
124.821
129.9
134.743
139.309
143.561
147.462
150.979
154.083
156.747
158.953
160.686
161.938
162.705
162.991
162.804
162.158
161.073
159.574
157.689
155.449
152.89
150.047
146.958
143.659
140.186
136.575
132.859
129.066
125.223
121.349
117.462
113.573
109.693
105.828
101.98
98.1479
94.3308
90.5225
86.7156
82.9302
79.2434
75.7601
72.5321
69.4914
66.4483
63.1713
59.52
55.5409
51.4454
47.4866
43.8583
40.6086
37.8827
34.5747
2.14385
1.0804
0.991224
1.03777
1.14982
1.31889
1.5443
1.82669
2.16789
2.57161
3.04381
3.59249
4.2268
4.95648
5.79183
6.74427
7.82717
9.05638
10.4503
12.0293
13.815
15.8285
18.0899
20.6171
23.4252
26.5263
29.9292
33.6395
37.6597
41.9891
46.6239
51.5568
56.7772
62.2708
68.0197
74.0021
80.1921
86.5597
93.0701
99.6869
106.364
113.049
119.693
126.244
132.654
138.875
144.858
150.556
155.922
160.911
165.483
169.601
173.23
176.344
178.922
180.949
182.416
183.324
183.677
183.488
182.774
181.56
179.874
177.748
175.216
172.316
169.087
165.568
161.799
157.817
153.659
149.36
144.952
140.464
135.918
131.336
126.734
122.124
117.514
112.907
108.303
103.699
99.0891
94.4617
89.7979
85.1115
80.5016
76.1161
72.0129
68.049
63.9351
59.4598
54.6996
49.9927
45.7085
42.0477
39.0237
36.5094
34.4839
32.0448
2.44287
1.21566
1.11129
1.1571
1.27132
1.44289
1.67008
1.95436
2.29987
2.7131
3.20235
3.77689
4.44659
5.22196
6.11499
7.14014
8.31534
9.66244
11.207
12.9774
15.0034
17.3145
19.9384
22.8996
26.218
29.9089
33.9821
38.4415
43.2855
48.5071
54.0943
60.0303
66.2934
72.8576
79.6924
86.7628
94.03
101.452
108.983
116.571
124.157
131.68
139.079
146.295
153.27
159.95
166.282
172.216
177.702
182.698
187.165
191.068
194.381
197.083
199.162
200.612
201.438
201.649
201.264
200.306
198.805
196.795
194.314
191.4
188.095
184.44
180.475
176.242
171.778
167.12
162.301
157.354
152.306
147.183
142.005
136.791
131.554
126.303
121.045
115.782
110.51
105.223
99.9116
94.5606
89.1372
83.6464
78.2109
73.0062
68.0342
63.0217
57.6797
52.1082
46.8261
42.3602
38.9043
36.3356
34.4095
32.8747
31.6436
30.033
2.75818
1.3253
1.19942
1.24333
1.36218
1.54252
1.78331
2.08875
2.46666
2.92728
3.48227
4.1441
4.926
5.84256
6.91079
8.15118
9.58846
11.2518
13.1743
15.3912
17.9391
20.8522
24.161
27.8902
32.0579
36.6741
41.7406
47.2511
53.1917
59.5415
66.2736
73.3556
80.7505
88.4169
96.3099
104.381
112.581
120.856
129.146
137.388
145.519
153.472
161.181
168.584
175.622
182.238
188.38
194.002
199.059
203.515
207.338
210.503
212.995
214.805
215.934
216.392
216.194
215.367
213.942
211.956
209.45
206.468
203.056
199.259
195.121
190.685
185.99
181.073
175.969
170.708
165.319
159.826
154.251
148.615
142.932
137.217
131.479
125.726
119.96
114.184
108.391
102.573
96.7194
90.8118
84.8053
78.6999
72.6361
66.7577
60.9153
54.7664
48.3896
42.5279
37.9507
34.8416
32.8943
31.6794
30.8563
30.1879
29.6119
28.6376
3.03853
1.41129
1.26958
1.32174
1.46138
1.6745
1.96432
2.34206
2.82394
3.42918
4.17858
5.09366
6.1964
7.50968
9.05808
10.8686
12.9712
15.3989
18.1857
21.3656
24.9701
29.0255
33.5509
38.5565
44.0432
50.0019
56.4144
63.2539
70.487
78.0742
85.9712
94.1309
102.503
111.034
119.671
128.36
137.04
145.651
154.132
162.42
170.453
178.167
185.502
192.397
198.8
204.659
209.93
214.576
218.561
221.861
224.456
226.337
227.501
227.957
227.721
226.817
225.278
223.145
220.462
217.278
213.645
209.613
205.233
200.554
195.618
190.465
185.129
179.642
174.027
168.309
162.504
156.63
150.699
144.723
138.713
132.676
126.62
120.548
114.462
108.362
102.244
96.0964
89.9113
83.6685
77.3188
70.8682
64.4446
58.0452
51.3383
44.2852
37.8226
33.0987
30.3557
29.07
28.6064
28.5091
28.5112
28.4562
28.3314
27.7852
3.27374
1.48238
1.34703
1.43853
1.64363
1.95637
2.39692
2.99956
3.80753
4.86809
6.22732
7.92589
9.99605
12.4613
15.3379
18.6369
22.3663
26.5325
31.1404
36.1921
41.6859
47.6146
53.965
60.7168
67.8443
75.3153
83.0921
91.1329
99.395
107.832
116.394
125.037
133.708
142.356
150.929
159.375
167.64
175.674
183.424
190.836
197.858
204.436
210.521
216.062
221.017
225.345
229.014
231.997
234.273
235.833
236.671
236.793
236.214
234.957
233.055
230.547
227.481
223.91
219.888
215.475
210.725
205.695
200.436
194.991
189.4
183.694
177.9
172.035
166.115
160.148
154.142
148.102
142.032
135.934
129.812
123.67
117.511
111.336
105.148
98.9471
92.7302
86.4887
80.2156
73.8929
67.4832
61.01
54.5118
47.7199
40.3666
33.3583
28.3517
25.8566
25.1594
25.3933
25.9866
26.6237
27.1456
27.4691
27.6204
27.3367
3.46406
1.55903
1.49107
1.71283
2.12556
2.77598
3.76571
5.22835
7.30728
10.1208
13.731
18.1356
23.2737
29.0482
35.35
42.0731
49.1251
56.4318
63.9364
71.5959
79.3776
87.2559
95.2096
103.22
111.271
119.346
127.423
135.479
143.5
151.455
159.313
167.041
174.606
181.978
189.12
195.999
202.576
208.812
214.669
220.105
225.079
229.55
233.478
236.826
239.56
241.653
243.083
243.837
243.907
243.295
242.012
240.079
237.523
234.384
230.706
226.542
221.949
216.988
211.722
206.211
200.512
194.679
188.756
182.782
176.784
170.782
164.79
158.811
152.846
146.891
140.939
134.983
129.018
123.039
117.043
111.03
104.999
98.9541
92.8968
86.8305
80.7556
74.6677
68.5622
62.4279
56.2619
50.0973
43.7679
36.7795
29.5502
24.1057
21.6106
21.33
22.1478
23.352
24.5747
25.6334
26.447
26.9802
27.2841
27.1495
3.62965
1.7125
1.9293
2.67443
4.03426
6.43308
10.4373
16.4643
24.5913
34.5413
45.8199
57.8813
70.2194
82.4277
94.2175
105.411
115.919
125.725
134.855
143.358
151.295
158.733
165.738
172.371
178.701
184.769
190.601
196.22
201.632
206.848
211.872
216.701
221.32
225.715
229.863
233.738
237.312
240.554
243.431
245.908
247.95
249.522
250.593
251.132
251.113
250.518
249.334
247.555
245.187
242.242
238.741
234.717
230.208
225.264
219.938
214.29
208.383
202.281
196.045
189.735
183.402
177.09
170.836
164.664
158.589
152.615
146.74
140.951
135.234
129.571
123.942
118.331
112.722
107.104
101.47
95.8163
90.1441
84.4561
78.7577
73.056
67.3574
61.6633
55.9718
50.2871
44.6587
39.0857
33.1251
26.425
20.6039
17.7754
17.646
18.8883
20.6038
22.3473
23.9068
25.1831
26.142
26.7778
27.1562
27.1006
3.75821
2.36527
4.43084
9.57991
19.8239
36.1819
57.74
82.5701
108.6
133.922
157.221
177.807
195.453
210.227
222.356
232.145
239.921
246.023
250.755
254.366
257.081
259.1
260.59
261.693
262.505
263.115
263.596
263.996
264.345
264.658
264.939
265.18
265.368
265.481
265.492
265.37
265.082
264.59
263.857
262.848
261.523
259.85
257.796
255.333
252.439
249.1
245.309
241.066
236.383
231.279
225.784
219.937
213.784
207.378
200.776
194.041
187.235
180.417
173.645
166.968
160.429
154.059
147.879
141.898
136.115
130.518
125.087
119.795
114.615
109.513
104.461
99.4333
94.4081
89.37
84.3098
79.2238
74.114
68.9865
63.8506
58.7191
53.6052
48.5177
43.4592
38.4585
33.6133
28.826
23.4789
17.895
14.488
14.1426
15.5918
17.6975
19.8907
21.909
23.6302
25.0032
26.0213
26.6979
27.1061
27.0915
3.99194
16.4899
54.936
110.823
173.964
235.57
289.192
331.843
364.258
386.905
401.411
409.663
413.259
413.401
410.973
406.641
400.924
394.224
386.871
379.152
371.288
363.447
355.751
348.288
341.117
334.274
327.782
321.646
315.86
310.408
305.262
300.389
295.749
291.297
286.986
282.767
278.588
274.403
270.161
265.818
261.331
256.66
251.771
246.637
241.236
235.555
229.59
223.347
216.841
210.095
203.144
196.028
188.797
181.504
174.205
166.958
159.818
152.838
146.063
139.531
133.269
127.294
121.609
116.208
111.072
106.175
101.483
96.9551
92.5519
88.233
83.9616
79.7066
75.4437
71.1559
66.8345
62.4779
58.091
53.6843
49.2726
44.8747
40.5112
36.1983
31.9467
27.8133
23.9087
20.0177
15.6318
11.907
10.9275
12.2619
14.5897
17.1427
19.5711
21.7137
23.4979
24.9008
25.9326
26.6184
27.0353
27.046
13.3628
300.541
560.669
730.052
814.062
837.787
826.17
797.476
762.01
725.868
691.565
659.657
629.951
602.122
575.925
551.23
527.97
506.1
485.566
466.302
448.234
431.284
415.383
400.47
386.49
373.398
361.146
349.685
338.963
328.92
319.493
310.615
302.218
294.236
286.601
279.249
272.119
265.151
258.292
251.488
244.696
237.872
230.985
224.005
216.916
209.707
202.378
194.937
187.404
179.805
172.175
164.557
156.996
149.542
142.246
135.157
128.319
121.773
115.55
109.672
104.149
98.9835
94.1626
89.665
85.4595
81.5071
77.7634
74.1814
70.7138
67.316
63.9489
60.5799
57.1852
53.7496
50.2669
46.7393
43.1761
39.5928
36.0098
32.4516
28.945
25.5124
22.1766
19.0104
16.0888
13.1435
10.0204
8.27029
9.0197
11.2925
14.0663
16.8323
19.3609
21.545
23.3402
24.7406
25.7664
26.4506
26.8708
26.9059
)
;

boundaryField
{
    outlet
    {
        type            zeroGradient;
    }
    inlet
    {
        type            fixedValue;
        value           uniform 3.54;
    }
    lowerWall
    {
        Cmu             0.09;
        kappa           0.41;
        E               9.8;
        type            epsilonWallFunction;
        value           nonuniform List<scalar> 
148
(
105.266
143.991
186.348
230.922
275.886
319.399
359.831
395.948
426.993
452.672
473.064
488.519
499.561
506.793
510.837
512.285
511.675
509.477
506.09
501.846
497.013
491.807
486.398
480.916
475.464
470.117
464.929
459.95
455.166
450.814
445.832
445.532
424.159
0.13166
0.517379
0.977939
1.42701
1.8213
2.14385
2.44287
2.75818
3.03853
3.27374
3.46406
3.62965
3.75821
3.99194
13.3628
0.13166
0.125134
0.189954
0.242932
0.280096
0.301868
0.313357
0.321381
0.332128
0.352652
0.389411
0.449366
0.557765
0.807399
1.32063
2.14415
3.2952
4.77561
6.5757
8.67898
11.0661
13.7173
16.6136
19.737
23.0714
26.6022
30.3166
34.2036
38.253
42.4557
46.8026
51.2838
55.8881
60.602
65.4097
70.2921
75.2271
80.1902
85.1556
90.0995
95.0052
99.8695
104.702
109.461
114.098
118.605
122.957
127.125
131.079
134.785
138.213
141.332
144.112
146.527
148.553
150.17
151.36
152.113
152.419
152.278
151.694
150.676
149.241
147.409
145.206
142.664
139.822
136.72
133.402
129.93
126.437
123.376
121.017
118.819
116.588
114.308
111.997
109.678
107.373
105.103
102.888
100.75
98.713
96.7998
95.0465
93.5149
92.2747
91.3459
90.6528
90.0393
89.3341
88.4166
87.2477
85.8585
84.3207
82.6992
81.074
79.3809
77.979
75.5487
)
;
    }
    upperWall
    {
        Cmu             0.09;
        kappa           0.41;
        E               9.8;
        type            epsilonWallFunction;
        value           nonuniform List<scalar> 
133
(
30.2673
32.7691
35.3054
37.8488
40.3863
42.91
45.4131
47.8885
50.3296
52.7304
55.0858
57.391
59.6421
61.8358
63.9695
66.0408
68.0483
69.9909
71.8678
73.6788
75.4239
77.1035
78.7184
80.2693
81.7573
83.1838
84.5501
85.8578
87.1083
88.3035
89.4451
90.5345
91.5749
92.7267
93.9967
95.2339
96.4356
97.5996
98.7238
99.8063
100.845
101.839
102.785
103.682
104.529
105.324
106.066
106.752
107.383
107.956
108.47
108.925
109.32
109.653
109.924
110.131
110.275
110.354
110.367
110.315
110.195
110.009
109.755
109.432
109.04
108.579
108.048
107.446
106.774
106.03
105.214
104.327
103.368
102.337
101.235
100.062
98.8195
97.5079
96.1292
94.6854
93.1791
91.6134
89.9921
88.3197
86.6012
84.8426
83.0506
81.2327
79.3971
77.5529
75.7098
73.878
72.0685
70.2923
68.5609
66.8856
65.2774
63.7471
62.3044
60.9579
59.7151
58.5816
57.5611
56.6553
55.8633
55.182
54.6057
54.1264
53.7338
53.4159
53.1592
52.9495
52.7721
52.6128
52.4584
52.297
52.1188
51.9161
51.6836
51.4181
51.1184
50.7854
50.4211
50.0264
49.6044
49.1632
48.7049
48.2327
47.7479
47.263
46.75
46.3336
45.5482
)
;
    }
    frontAndBack
    {
        type            empty;
    }
}


// ************************************************************************* //
