/*--------------------------------*- C++ -*----------------------------------*\
| =========                 |                                                 |
| \\      /  F ield         | OpenFOAM: The Open Source CFD Toolbox           |
|  \\    /   O peration     | Version:  4.1                                   |
|   \\  /    A nd           | Web:      www.OpenFOAM.org                      |
|    \\/     M anipulation  |                                                 |
\*---------------------------------------------------------------------------*/
FoamFile
{
    version     2.0;
    format      ascii;
    class       volScalarField;
    location    "900";
    object      nut;
}
// * * * * * * * * * * * * * * * * * * * * * * * * * * * * * * * * * * * * * //

dimensions      [0 2 -1 0 0 0 0];

internalField   nonuniform List<scalar> 
6820
(
4.53774e-05
4.96674e-05
5.35596e-05
5.7033e-05
6.00872e-05
6.27329e-05
6.49892e-05
6.68824e-05
6.84449e-05
6.97114e-05
7.07177e-05
7.14978e-05
7.20841e-05
7.25058e-05
7.27893e-05
7.29578e-05
7.30314e-05
7.30275e-05
7.29609e-05
7.28442e-05
7.26882e-05
7.25016e-05
7.22921e-05
7.20657e-05
7.18276e-05
7.15822e-05
7.13329e-05
7.10825e-05
7.08333e-05
7.05874e-05
7.03458e-05
7.01145e-05
6.99706e-05
0.000389004
0.000214804
0.000161971
0.000134577
0.000117082
0.000104841
9.58724e-05
8.91195e-05
8.39493e-05
7.99547e-05
7.68576e-05
7.44593e-05
7.26133e-05
7.12095e-05
7.01639e-05
6.94111e-05
6.88998e-05
6.85893e-05
6.84467e-05
6.84457e-05
6.85646e-05
6.87854e-05
6.90931e-05
6.94752e-05
6.99209e-05
7.04211e-05
7.09681e-05
7.15548e-05
7.21759e-05
7.28246e-05
7.35008e-05
7.41942e-05
7.51908e-05
0.000867009
0.000638273
0.00050769
0.000428082
0.000375014
0.000336916
0.000308048
0.000285295
0.000266813
0.00025144
0.000238413
0.00022721
0.000217459
0.00020889
0.000201303
0.000194545
0.000188496
0.000183062
0.000178166
0.00017375
0.000169743
0.000166041
0.000162606
0.000159413
0.000156443
0.00015368
0.000151107
0.000148711
0.000146478
0.000144399
0.000142458
0.000140657
0.000139055
0.000991214
0.000902164
0.000807377
0.000726622
0.000661863
0.000610175
0.000568431
0.000534166
0.000505567
0.000481331
0.000460513
0.000442414
0.000426509
0.0004124
0.00039978
0.000388413
0.000378111
0.000368724
0.000360134
0.000352242
0.000344971
0.00033822
0.000331916
0.000326008
0.000320452
0.000315214
0.000310265
0.000305579
0.000301136
0.000296916
0.000292902
0.000289081
0.000285432
0.00101005
0.00098739
0.000948626
0.000902916
0.000857083
0.00081444
0.000776076
0.000742011
0.000711858
0.000685132
0.000661359
0.000640115
0.000621037
0.000603821
0.00058821
0.00057399
0.000560984
0.000549041
0.000538035
0.000527861
0.000518429
0.000509658
0.000501477
0.000493823
0.000486643
0.000479889
0.000473523
0.000467508
0.000461815
0.000456416
0.000451288
0.000446407
0.000441712
0.00101185
0.00100724
0.000995356
0.000976942
0.000954121
0.000929118
0.000903659
0.000878801
0.000855099
0.000832805
0.000812001
0.000792668
0.000774737
0.000758113
0.000742692
0.000728374
0.00071506
0.000702662
0.000691095
0.000680287
0.00067017
0.000660683
0.000651773
0.000643389
0.000635487
0.000628027
0.000620973
0.000614293
0.000607959
0.000601943
0.000596222
0.000590768
0.0005855
0.00101178
0.00101089
0.00100777
0.00100182
0.000992905
0.000981471
0.000968242
0.00095392
0.000939072
0.000924117
0.000909347
0.000894953
0.000881053
0.000867715
0.00085497
0.000842827
0.00083128
0.000820311
0.000809899
0.000800017
0.000790637
0.000781725
0.000773254
0.0007652
0.000757539
0.000750246
0.0007433
0.00073668
0.000730366
0.000724339
0.000718581
0.000713066
0.000707706
0.00101168
0.00101136
0.00101047
0.00100868
0.00100565
0.0010012
0.000995412
0.000988494
0.000980691
0.000972245
0.000963375
0.000954264
0.000945058
0.000935871
0.000926788
0.00091787
0.000909162
0.000900694
0.000892486
0.000884548
0.000876885
0.000869497
0.00086238
0.000855529
0.000848937
0.000842597
0.000836499
0.000830636
0.000824999
0.000819577
0.00081436
0.000809329
0.000804393
0.00101165
0.00101137
0.00101095
0.0010103
0.00100928
0.00100769
0.00100543
0.00100251
0.000998941
0.000994803
0.000990178
0.00098516
0.000979838
0.000974296
0.000968606
0.00096283
0.000957019
0.000951215
0.00094545
0.00093975
0.000934136
0.000928624
0.000923226
0.000917951
0.000912805
0.000907792
0.000902914
0.000898172
0.000893566
0.000889095
0.000884756
0.000880532
0.000876338
0.00101164
0.00101135
0.00101102
0.00101063
0.00101016
0.00100951
0.0010086
0.00100738
0.00100583
0.00100394
0.00100172
0.000999201
0.000996409
0.000993382
0.000990158
0.000986773
0.000983263
0.000979658
0.000975986
0.000972273
0.000968538
0.0009648
0.000961074
0.000957374
0.000953709
0.000950089
0.000946521
0.000943011
0.000939564
0.000936182
0.000932867
0.000929606
0.000926318
0.00101163
0.00101134
0.00101103
0.0010107
0.00101036
0.00100998
0.00100952
0.00100894
0.00100823
0.00100736
0.00100632
0.00100511
0.00100373
0.00100219
0.00100049
0.000998656
0.000996699
0.000994636
0.000992481
0.00099025
0.000987958
0.000985618
0.000983241
0.000980839
0.000978421
0.000975996
0.000973572
0.000971156
0.000968753
0.000966369
0.000964006
0.000961652
0.000959227
0.00101163
0.00101134
0.00101103
0.00101072
0.00101041
0.0010101
0.00100977
0.00100939
0.00100897
0.00100849
0.00100793
0.0010073
0.00100658
0.00100577
0.00100487
0.00100388
0.00100282
0.00100167
0.00100045
0.000999166
0.000997824
0.00099643
0.000994992
0.000993517
0.00099201
0.000990479
0.000988927
0.000987362
0.000985787
0.000984207
0.000982622
0.000981024
0.000979332
0.00101163
0.00101133
0.00101104
0.00101073
0.00101043
0.00101014
0.00100984
0.00100953
0.00100921
0.00100886
0.0010085
0.0010081
0.00100766
0.00100719
0.00100667
0.00100611
0.00100551
0.00100486
0.00100416
0.00100342
0.00100265
0.00100183
0.00100098
0.0010001
0.000999189
0.000998253
0.000997294
0.000996317
0.000995323
0.000994316
0.000993296
0.00099225
0.000991102
0.00101163
0.00101133
0.00101104
0.00101074
0.00101045
0.00101016
0.00100987
0.00100958
0.00100929
0.00100899
0.00100869
0.00100837
0.00100804
0.0010077
0.00100734
0.00100696
0.00100657
0.00100615
0.0010057
0.00100524
0.00100476
0.00100425
0.00100372
0.00100317
0.00100261
0.00100202
0.00100142
0.00100081
0.00100018
0.000999537
0.000998884
0.000998207
0.000997426
0.00101163
0.00101133
0.00101104
0.00101075
0.00101046
0.00101018
0.00100989
0.00100961
0.00100933
0.00100905
0.00100877
0.00100848
0.0010082
0.00100791
0.00100761
0.00100732
0.00100701
0.0010067
0.00100638
0.00100604
0.0010057
0.00100536
0.001005
0.00100463
0.00100425
0.00100386
0.00100346
0.00100306
0.00100264
0.00100222
0.00100179
0.00100134
0.00100078
0.00101163
0.00101133
0.00101105
0.00101075
0.00101047
0.00101019
0.00100991
0.00100963
0.00100936
0.00100908
0.00100881
0.00100854
0.00100827
0.001008
0.00100773
0.00100746
0.00100719
0.00100692
0.00100665
0.00100637
0.0010061
0.00100582
0.00100553
0.00100525
0.00100496
0.00100467
0.00100437
0.00100407
0.00100377
0.00100346
0.00100315
0.00100282
0.0010024
0.00101163
0.00101133
0.00101105
0.00101076
0.00101048
0.0010102
0.00100992
0.00100965
0.00100938
0.00100911
0.00100884
0.00100858
0.00100831
0.00100805
0.0010078
0.00100754
0.00100729
0.00100704
0.00100679
0.00100654
0.00100629
0.00100605
0.0010058
0.00100556
0.00100531
0.00100507
0.00100483
0.00100458
0.00100434
0.0010041
0.00100385
0.00100359
0.00100323
0.00101163
0.00101133
0.00101105
0.00101076
0.00101048
0.00101021
0.00100994
0.00100966
0.0010094
0.00100913
0.00100887
0.00100861
0.00100835
0.00100809
0.00100784
0.00100759
0.00100735
0.00100711
0.00100687
0.00100663
0.00100639
0.00100616
0.00100593
0.00100571
0.00100548
0.00100526
0.00100504
0.00100482
0.00100461
0.00100439
0.00100418
0.00100395
0.00100363
0.00101163
0.00101133
0.00101105
0.00101077
0.00101049
0.00101022
0.00100994
0.00100968
0.00100941
0.00100915
0.00100889
0.00100863
0.00100838
0.00100812
0.00100788
0.00100763
0.00100739
0.00100716
0.00100692
0.00100669
0.00100647
0.00100624
0.00100602
0.00100581
0.00100559
0.00100538
0.00100517
0.00100497
0.00100477
0.00100457
0.00100437
0.00100416
0.00100386
0.00101163
0.00101133
0.00101105
0.00101077
0.00101049
0.00101022
0.00100995
0.00100969
0.00100942
0.00100916
0.0010089
0.00100865
0.0010084
0.00100815
0.00100791
0.00100767
0.00100743
0.0010072
0.00100697
0.00100674
0.00100652
0.0010063
0.00100608
0.00100587
0.00100567
0.00100546
0.00100526
0.00100506
0.00100487
0.00100468
0.00100449
0.00100428
0.00100399
0.00101163
0.00101133
0.00101105
0.00101077
0.0010105
0.00101023
0.00100996
0.00100969
0.00100943
0.00100917
0.00100892
0.00100867
0.00100842
0.00100817
0.00100793
0.00100769
0.00100746
0.00100723
0.001007
0.00100678
0.00100656
0.00100635
0.00100614
0.00100593
0.00100572
0.00100552
0.00100533
0.00100513
0.00100495
0.00100476
0.00100457
0.00100438
0.00100409
0.00101163
0.00101133
0.00101105
0.00101077
0.0010105
0.00101023
0.00100996
0.0010097
0.00100944
0.00100918
0.00100893
0.00100868
0.00100843
0.00100819
0.00100795
0.00100772
0.00100749
0.00100726
0.00100704
0.00100682
0.0010066
0.00100639
0.00100618
0.00100597
0.00100577
0.00100557
0.00100538
0.00100519
0.00100501
0.00100482
0.00100464
0.00100445
0.00100416
0.00101163
0.00101133
0.00101105
0.00101077
0.0010105
0.00101023
0.00100997
0.00100971
0.00100945
0.00100919
0.00100894
0.00100869
0.00100845
0.00100821
0.00100797
0.00100774
0.00100751
0.00100728
0.00100706
0.00100684
0.00100663
0.00100642
0.00100621
0.00100601
0.00100581
0.00100562
0.00100542
0.00100524
0.00100505
0.00100487
0.00100469
0.0010045
0.00100422
0.00101163
0.00101133
0.00101105
0.00101077
0.0010105
0.00101023
0.00100997
0.00100971
0.00100945
0.0010092
0.00100895
0.0010087
0.00100846
0.00100822
0.00100798
0.00100775
0.00100753
0.0010073
0.00100708
0.00100687
0.00100665
0.00100644
0.00100624
0.00100604
0.00100584
0.00100565
0.00100546
0.00100527
0.00100509
0.00100491
0.00100474
0.00100455
0.00100427
0.00101163
0.00101133
0.00101105
0.00101077
0.0010105
0.00101024
0.00100997
0.00100971
0.00100946
0.0010092
0.00100895
0.00100871
0.00100847
0.00100823
0.00100799
0.00100776
0.00100754
0.00100731
0.00100709
0.00100688
0.00100667
0.00100646
0.00100626
0.00100606
0.00100586
0.00100567
0.00100548
0.00100529
0.00100511
0.00100493
0.00100476
0.00100457
0.00100429
0.00101163
0.00101133
0.00101105
0.00101077
0.0010105
0.00101024
0.00100997
0.00100971
0.00100946
0.0010092
0.00100895
0.00100871
0.00100847
0.00100823
0.001008
0.00100777
0.00100754
0.00100732
0.0010071
0.00100689
0.00100668
0.00100647
0.00100627
0.00100607
0.00100588
0.00100568
0.0010055
0.00100531
0.00100513
0.00100496
0.00100478
0.00100459
0.00100432
0.00101163
0.00101133
0.00101105
0.00101077
0.0010105
0.00101024
0.00100997
0.00100971
0.00100946
0.0010092
0.00100896
0.00100871
0.00100847
0.00100823
0.001008
0.00100777
0.00100754
0.00100732
0.0010071
0.00100688
0.00100667
0.00100646
0.00100626
0.00100606
0.00100586
0.00100567
0.00100548
0.0010053
0.00100512
0.00100494
0.00100476
0.00100457
0.00100429
0.00101163
0.00101133
0.00101105
0.00101077
0.0010105
0.00101024
0.00100997
0.00100971
0.00100945
0.0010092
0.00100895
0.00100871
0.00100847
0.00100823
0.00100799
0.00100776
0.00100754
0.00100732
0.0010071
0.00100688
0.00100667
0.00100647
0.00100627
0.00100607
0.00100587
0.00100568
0.00100549
0.00100531
0.00100513
0.00100495
0.00100478
0.00100459
0.00100431
0.00101163
0.00101133
0.00101105
0.00101077
0.0010105
0.00101023
0.00100997
0.00100971
0.00100945
0.0010092
0.00100894
0.0010087
0.00100845
0.00100821
0.00100797
0.00100774
0.00100751
0.00100729
0.00100706
0.00100684
0.00100663
0.00100642
0.00100621
0.00100601
0.00100581
0.00100562
0.00100542
0.00100524
0.00100505
0.00100487
0.00100469
0.0010045
0.00100422
0.00101163
0.00101133
0.00101105
0.00101077
0.0010105
0.00101023
0.00100997
0.0010097
0.00100945
0.00100919
0.00100894
0.00100869
0.00100845
0.00100821
0.00100798
0.00100775
0.00100752
0.0010073
0.00100708
0.00100686
0.00100665
0.00100644
0.00100623
0.00100603
0.00100583
0.00100564
0.00100544
0.00100526
0.00100507
0.00100489
0.00100471
0.00100451
0.00100423
0.00101163
0.00101133
0.00101105
0.00101077
0.0010105
0.00101023
0.00100996
0.00100969
0.00100943
0.00100917
0.00100891
0.00100866
0.00100841
0.00100816
0.00100791
0.00100767
0.00100744
0.0010072
0.00100697
0.00100674
0.00100652
0.0010063
0.00100608
0.00100587
0.00100566
0.00100545
0.00100525
0.00100505
0.00100486
0.00100466
0.00100447
0.00100426
0.00100397
0.00101163
0.00101133
0.00101105
0.00101077
0.00101049
0.00101022
0.00100996
0.0010097
0.00100944
0.00100918
0.00100893
0.00100868
0.00100843
0.00100819
0.00100795
0.00100771
0.00100747
0.00100723
0.00100699
0.00100676
0.00100653
0.0010063
0.00100606
0.00100584
0.00100561
0.00100538
0.00100516
0.00100493
0.00100471
0.00100449
0.00100426
0.00100403
0.00100369
0.00101163
0.00101133
0.00101105
0.00101077
0.00101048
0.0010102
0.00100992
0.00100964
0.00100935
0.00100907
0.00100879
0.00100851
0.00100822
0.00100794
0.00100766
0.00100738
0.0010071
0.00100681
0.00100653
0.00100624
0.00100595
0.00100566
0.00100536
0.00100507
0.00100477
0.00100447
0.00100416
0.00100386
0.00100355
0.00100325
0.00100293
0.00100261
0.00100218
0.00101163
0.00101134
0.00101105
0.00101077
0.00101049
0.00101021
0.00100993
0.00100964
0.00100934
0.00100903
0.00100871
0.00100837
0.00100802
0.00100766
0.00100728
0.00100689
0.00100648
0.00100606
0.00100562
0.00100516
0.00100469
0.00100421
0.00100371
0.0010032
0.00100268
0.00100215
0.00100161
0.00100106
0.00100051
0.000999942
0.00099937
0.000998776
0.000998084
0.00101163
0.00101134
0.00101103
0.00101069
0.00101033
0.00100994
0.00100951
0.00100904
0.00100853
0.00100796
0.00100734
0.00100667
0.00100594
0.00100515
0.00100431
0.00100342
0.00100248
0.00100149
0.00100047
0.000999414
0.000998324
0.000997207
0.000996066
0.000994906
0.00099373
0.000992542
0.000991344
0.000990139
0.00098893
0.00098772
0.000986508
0.000985283
0.000983969
0.00101164
0.00101133
0.00101094
0.00101042
0.00100973
0.00100883
0.0010077
0.00100635
0.00100478
0.001003
0.00100104
0.000998909
0.000996631
0.000994228
0.000991719
0.000989125
0.000986463
0.00098375
0.000981
0.000978226
0.00097544
0.000972653
0.000969872
0.000967103
0.000964354
0.00096163
0.000958937
0.000956278
0.000953656
0.000951075
0.000948535
0.000946023
0.000943466
0.00101162
0.0010106
0.00100853
0.00100543
0.0010014
0.000996513
0.00099091
0.000984747
0.000978174
0.000971314
0.000964272
0.000957136
0.000949978
0.000942854
0.000935809
0.000928876
0.000922081
0.000915443
0.000908975
0.000902685
0.000896578
0.000890657
0.000884923
0.000879373
0.000874006
0.000868819
0.000863806
0.000858963
0.000854286
0.000849769
0.000845405
0.000841179
0.000837016
0.00100895
0.000995379
0.000976042
0.000953694
0.00093032
0.000907093
0.000884657
0.000863329
0.000843228
0.000824388
0.000806781
0.000790352
0.000775024
0.00076072
0.000747357
0.00073486
0.000723158
0.000712183
0.000701876
0.000692182
0.000683051
0.000674439
0.000666305
0.000658613
0.000651329
0.000644424
0.000637871
0.000631644
0.000625722
0.000620084
0.00061471
0.00060958
0.000604631
0.000892788
0.000742255
0.000649202
0.00058554
0.000538566
0.000502138
0.000472884
0.000448753
0.000428416
0.000410981
0.000395823
0.000382492
0.000370655
0.000360056
0.0003505
0.000341831
0.000333927
0.000326686
0.000320026
0.00031388
0.000308188
0.000302904
0.000297985
0.000293395
0.000289104
0.000285084
0.000281313
0.000277768
0.000274431
0.000271286
0.000268318
0.000265514
0.000262862
0.000126722
0.000129956
0.000133005
0.000135891
0.000138628
0.00014123
0.000143705
0.000146063
0.000148309
0.00015045
0.000152489
0.000154433
0.000156285
0.00015805
0.000159732
0.000161334
0.00016286
0.000164313
0.000165696
0.000167014
0.000168268
0.000169462
0.000170599
0.00017168
0.00017271
0.000173689
0.000174621
0.000175508
0.000176352
0.000177155
0.000177919
0.000178647
0.000179344
8.54719e-05
0.000115334
0.000145817
0.000176025
0.000203028
0.000226756
0.000248155
0.000268285
0.000288059
0.000308066
0.00032853
0.000349416
0.000370687
0.000392271
0.000414066
0.000435905
0.000457568
0.000479043
0.000500201
0.000521075
0.000541716
0.000562181
0.000582552
0.000602935
0.000623453
0.00064423
0.000665385
0.000687027
0.000709253
0.000732152
0.000755805
0.000780285
0.000805654
0.000831955
0.00085921
0.000887419
0.000916559
0.000946588
0.000977443
0.00100905
0.00104131
0.00107412
0.00110738
0.00114097
0.00117476
0.00120865
0.0012425
0.00127622
0.0013097
0.00134284
0.00137555
0.00140775
0.00143938
0.00147037
0.00150069
0.0015303
0.00155918
0.00158732
0.00161472
0.00164141
0.00166741
0.00169278
0.00171757
0.00174184
0.00176568
0.00178916
0.00181239
0.00183544
0.00185842
0.00188142
0.00190453
0.00192785
0.00195146
0.00197541
0.00199978
0.00202459
0.00204983
0.00207548
0.00210146
0.00212766
0.00215395
0.00218022
0.00220632
0.00223214
0.00225751
0.00228231
0.00230641
0.00232969
0.00235204
0.0023734
0.00239372
0.00241298
0.00243123
0.00244856
0.00246521
0.00248174
0.00249911
0.0025196
0.00254687
0.00259793
7.83546e-05
8.47438e-05
9.52598e-05
0.000110475
0.000129534
0.00015137
0.000174487
0.000197704
0.000220439
0.000242489
0.000263891
0.000284819
0.000305523
0.000326247
0.00034716
0.000368298
0.000389576
0.000410907
0.000432299
0.000453621
0.000474806
0.000495826
0.000516692
0.000537451
0.00055817
0.000578931
0.000599821
0.000620927
0.000642335
0.000664126
0.000686385
0.000709189
0.000732615
0.000756725
0.000781572
0.000807189
0.000833594
0.000860787
0.000888749
0.000917445
0.000946824
0.000976822
0.00100736
0.00103836
0.00106971
0.00110134
0.00113312
0.00116496
0.00119676
0.00122843
0.00125988
0.00129103
0.0013218
0.00135213
0.00138198
0.00141131
0.00144008
0.00146828
0.00149593
0.00152302
0.00154959
0.00157569
0.00160135
0.00162665
0.00165164
0.00167642
0.00170106
0.00172563
0.00175023
0.00177494
0.00179983
0.00182498
0.00185045
0.00187631
0.00190259
0.0019293
0.00195645
0.00198398
0.00201181
0.00203983
0.00206792
0.00209594
0.00212376
0.00215124
0.00217824
0.00220462
0.00223026
0.00225504
0.00227888
0.00230171
0.00232349
0.00234423
0.00236395
0.00238279
0.00240097
0.00241902
0.00243786
0.00245954
0.00248729
0.00253423
0.00013774
0.000137412
0.00013792
0.000139204
0.000141082
0.000143449
0.000147848
0.000155282
0.000165893
0.000179184
0.000194728
0.000212088
0.000230833
0.00025059
0.000271051
0.000291961
0.000313069
0.000334196
0.000355436
0.000376723
0.000397992
0.00041919
0.000440289
0.000461283
0.000482189
0.000503039
0.000523877
0.000544759
0.000565745
0.000586906
0.000608313
0.000630045
0.000652177
0.000674782
0.000697926
0.000721666
0.000746045
0.000771095
0.000796829
0.000823248
0.000850335
0.000878061
0.00090638
0.000935233
0.000964554
0.000994264
0.00102428
0.00105451
0.00108488
0.00111528
0.00114564
0.00117589
0.00120595
0.00123575
0.00126526
0.00129442
0.00132321
0.00135163
0.00137965
0.0014073
0.0014346
0.00146158
0.00148828
0.00151476
0.00154108
0.0015673
0.00159349
0.00161972
0.00164605
0.00167256
0.0016993
0.00172634
0.00175372
0.00178149
0.00180967
0.00183827
0.00186726
0.00189659
0.00192617
0.0019559
0.00198565
0.00201527
0.00204464
0.00207361
0.00210205
0.00212982
0.0021568
0.00218289
0.00220801
0.0022321
0.00225514
0.00227713
0.00229813
0.00231825
0.00233774
0.0023571
0.00237717
0.0023998
0.00242774
0.00246998
0.000281176
0.000277081
0.000273363
0.000270019
0.000266855
0.000263256
0.000258691
0.000253007
0.000246343
0.000240659
0.000236886
0.000235501
0.000236869
0.00024114
0.000248262
0.000258012
0.00027003
0.000283891
0.000299265
0.000315886
0.000333459
0.000351727
0.000370484
0.000389583
0.000408926
0.000428455
0.000448144
0.000467987
0.000487996
0.000508195
0.000528622
0.000549318
0.000570335
0.000591726
0.000613547
0.000635849
0.000658681
0.000682082
0.000706084
0.000730706
0.000755955
0.000781827
0.000808302
0.000835348
0.000862924
0.000890974
0.000919438
0.000948246
0.000977327
0.00100661
0.00103601
0.00106548
0.00109493
0.00112433
0.00115361
0.00118274
0.00121169
0.00124044
0.00126899
0.00129734
0.0013255
0.00135351
0.00138139
0.00140918
0.00143693
0.0014647
0.00149253
0.00152047
0.00154859
0.00157693
0.00160553
0.00163444
0.0016637
0.00169331
0.00172331
0.00175366
0.00178436
0.00181532
0.00184648
0.00187771
0.00190889
0.00193988
0.00197055
0.00200076
0.00203038
0.00205927
0.00208734
0.00211448
0.00214062
0.00216572
0.00218976
0.00221275
0.00223477
0.00225593
0.00227647
0.00229688
0.00231791
0.0023412
0.00236906
0.00240606
0.000436014
0.000430299
0.000424734
0.000419453
0.000414491
0.000409767
0.00040505
0.000399967
0.000394015
0.000386883
0.000378733
0.000369958
0.000360888
0.00035198
0.000343783
0.000336857
0.000331684
0.00032858
0.000327816
0.000329525
0.00033366
0.000340071
0.000348552
0.000358866
0.000370767
0.000384023
0.000398421
0.000413779
0.000429953
0.000446833
0.00046434
0.000482427
0.000501068
0.000520254
0.000539991
0.00056029
0.000581169
0.000602648
0.000624744
0.000647473
0.000670844
0.00069486
0.000719514
0.000744791
0.000770666
0.000797104
0.000824062
0.000851491
0.000879333
0.00090753
0.000936022
0.000964749
0.000993655
0.00102269
0.0010518
0.00108095
0.00111011
0.00113926
0.00116839
0.00119748
0.00122656
0.00125563
0.00128471
0.00131383
0.00134302
0.00137231
0.00140175
0.00143137
0.0014612
0.00149127
0.00152161
0.00155225
0.00158321
0.00161448
0.00164606
0.00167794
0.00171007
0.00174239
0.00177481
0.00180722
0.00183951
0.00187152
0.00190315
0.00193425
0.0019647
0.00199439
0.0020232
0.00205107
0.00207791
0.0021037
0.00212844
0.00215213
0.00217487
0.00219677
0.00221807
0.00223922
0.00226092
0.00228455
0.00231202
0.00234332
0.000579026
0.000572595
0.000566234
0.000560009
0.000553989
0.000548199
0.00054266
0.000537349
0.000532145
0.000526847
0.000521231
0.000515224
0.000508625
0.00050129
0.000493138
0.000484174
0.000474516
0.000464374
0.000454131
0.000444276
0.000435289
0.000427605
0.000421582
0.000417485
0.000415478
0.000415628
0.000417919
0.000422272
0.000428563
0.000436643
0.000446357
0.000457554
0.000470096
0.000483862
0.000498753
0.000514687
0.000531602
0.000549451
0.000568197
0.000587814
0.000608279
0.000629572
0.000651671
0.000674554
0.000698193
0.000722555
0.000747602
0.00077329
0.000799572
0.000826395
0.000853706
0.000881451
0.000909578
0.000938034
0.000966774
0.000995757
0.00102495
0.00105432
0.00108385
0.00111352
0.00114333
0.00117328
0.00120337
0.00123362
0.00126404
0.00129464
0.00132544
0.00135646
0.00138772
0.00141922
0.00145097
0.00148299
0.00151526
0.00154779
0.00158055
0.00161351
0.00164664
0.00167986
0.00171308
0.00174621
0.00177913
0.00181171
0.00184384
0.00187539
0.00190625
0.00193631
0.00196547
0.00199367
0.00202085
0.00204698
0.00207206
0.00209613
0.00211925
0.00214157
0.0021633
0.00218489
0.00220692
0.00223056
0.00225733
0.00228258
0.000701047
0.000694454
0.00068796
0.000681542
0.00067528
0.000669198
0.000663318
0.00065767
0.000652233
0.00064699
0.00064189
0.000636896
0.000631935
0.000626895
0.00062164
0.000616016
0.000609858
0.000603008
0.000595339
0.00058685
0.000577607
0.000567777
0.000557613
0.000547442
0.000537627
0.00052854
0.00052053
0.000513897
0.000508877
0.000505639
0.000504284
0.000504856
0.000507348
0.000511718
0.000517896
0.0005258
0.000535341
0.000546428
0.000558978
0.000572911
0.000588157
0.000604651
0.000622335
0.000641153
0.000661052
0.00068198
0.000703886
0.000726713
0.000750407
0.000774911
0.000800166
0.000826114
0.000852697
0.00087986
0.000907548
0.000935714
0.000964311
0.0009933
0.00102265
0.00105233
0.00108231
0.00111258
0.00114314
0.00117395
0.00120503
0.00123636
0.00126795
0.00129978
0.00133185
0.00136415
0.00139668
0.00142943
0.00146238
0.0014955
0.00152878
0.00156217
0.00159563
0.0016291
0.00166249
0.00169571
0.00172867
0.00176123
0.00179331
0.00182479
0.00185556
0.00188552
0.0019146
0.00194273
0.00196985
0.00199595
0.00202104
0.00204514
0.00206833
0.00209076
0.00211262
0.00213432
0.00215637
0.00217971
0.00220549
0.00222449
0.000798149
0.000792013
0.000785946
0.000779924
0.000773977
0.000768116
0.000762357
0.000756729
0.00075126
0.000745971
0.000740873
0.000735979
0.000731287
0.000726782
0.000722431
0.000718177
0.000713944
0.000709629
0.000705104
0.000700245
0.000694928
0.000689062
0.000682568
0.000675434
0.000667713
0.000659525
0.000651048
0.000642511
0.000634173
0.000626306
0.000619178
0.000613037
0.000608101
0.000604552
0.000602527
0.000602124
0.000603404
0.000606395
0.0006111
0.000617503
0.000625571
0.000635264
0.000646532
0.000659322
0.000673578
0.000689238
0.000706243
0.000724529
0.000744032
0.000764684
0.000786419
0.00080917
0.000832868
0.000857448
0.000882844
0.000908993
0.000935837
0.000963318
0.000991387
0.00101999
0.0010491
0.00107866
0.00110864
0.00113901
0.00116974
0.0012008
0.00123216
0.00126381
0.00129571
0.00132784
0.00136018
0.00139269
0.00142536
0.00145815
0.00149104
0.00152398
0.00155693
0.00158983
0.00162262
0.00165521
0.0016875
0.00171942
0.00175085
0.00178171
0.00181189
0.00184131
0.0018699
0.00189758
0.00192431
0.00195008
0.00197488
0.00199875
0.00202176
0.00204404
0.00206578
0.00208736
0.00210917
0.00213195
0.00215656
0.00216937
0.000870887
0.000865604
0.000860342
0.000855103
0.000849871
0.000844671
0.000839517
0.000834429
0.000829427
0.000824528
0.000819745
0.000815085
0.000810568
0.000806213
0.000802036
0.000798042
0.000794229
0.000790583
0.000787068
0.000783623
0.000780192
0.000776704
0.000773079
0.000769239
0.000765117
0.000760666
0.000755868
0.000750739
0.00074534
0.000739719
0.000733999
0.000728335
0.000722904
0.000717896
0.000713497
0.000709883
0.00070722
0.000705654
0.000705309
0.000706289
0.000708673
0.00071252
0.000717869
0.000724741
0.000733141
0.000743063
0.000754485
0.00076738
0.000781708
0.000797422
0.000814471
0.000832796
0.000852336
0.000873026
0.000894798
0.000917585
0.000941317
0.000965929
0.000991354
0.00101753
0.00104439
0.00107188
0.00109995
0.00112854
0.0011576
0.00118708
0.00121693
0.00124712
0.0012776
0.00130833
0.00133928
0.00137041
0.00140168
0.00143307
0.00146454
0.00149606
0.00152758
0.00155906
0.00159045
0.00162167
0.00165266
0.00168333
0.00171359
0.00174337
0.00177257
0.00180112
0.00182892
0.00185593
0.00188208
0.00190735
0.00193174
0.00195527
0.00197799
0.00200004
0.00202157
0.00204291
0.00206438
0.00208649
0.00210986
0.00211692
0.000921864
0.000917653
0.000913422
0.000909175
0.000904908
0.000900622
0.000896334
0.000892053
0.000887789
0.000883555
0.000879362
0.000875223
0.000871152
0.000867167
0.000863284
0.000859522
0.000855901
0.000852436
0.000849139
0.000846014
0.000843063
0.000840269
0.00083761
0.00083506
0.000832583
0.000830139
0.000827691
0.000825202
0.000822651
0.000820022
0.000817316
0.00081456
0.000811802
0.00080912
0.000806562
0.000804227
0.000802232
0.000800702
0.000799759
0.000799526
0.000800118
0.000801644
0.0008042
0.000807869
0.000812722
0.000818815
0.000826191
0.000834877
0.000844889
0.000856231
0.000868892
0.000882853
0.000898084
0.000914547
0.000932197
0.000950981
0.000970842
0.00099172
0.00101355
0.00103627
0.00105981
0.00108411
0.00110911
0.00113473
0.00116092
0.00118761
0.00121476
0.00124231
0.0012702
0.0012984
0.00132685
0.00135553
0.0013844
0.00141342
0.00144257
0.00147183
0.00150115
0.00153052
0.00155988
0.00158918
0.00161838
0.0016474
0.00167618
0.00170463
0.00173267
0.00176021
0.00178719
0.00181351
0.00183913
0.00186399
0.00188808
0.0019114
0.00193398
0.00195594
0.00197739
0.00199862
0.00201986
0.00204142
0.00206372
0.00206594
0.000955745
0.000952591
0.000949392
0.000946151
0.000942872
0.000939552
0.000936196
0.000932813
0.000929409
0.000925994
0.000922575
0.00091916
0.000915754
0.000912367
0.00090901
0.000905701
0.000902458
0.0008993
0.000896243
0.000893303
0.000890505
0.000887865
0.000885394
0.000883104
0.000881
0.000879082
0.000877343
0.000875774
0.000874363
0.000873097
0.000871962
0.000870953
0.000870068
0.000869319
0.000868722
0.000868305
0.000868094
0.000868125
0.000868459
0.000869168
0.000870332
0.000872031
0.000874349
0.000877366
0.00088116
0.000885805
0.000891364
0.000897896
0.000905448
0.000914057
0.000923752
0.000934548
0.000946452
0.000959459
0.000973555
0.000988715
0.00100491
0.0010221
0.00104024
0.00105928
0.00107916
0.00109983
0.00112123
0.0011433
0.00116599
0.00118923
0.00121298
0.00123717
0.00126176
0.00128672
0.00131199
0.00133755
0.00136337
0.00138943
0.00141571
0.0014422
0.00146887
0.00149572
0.00152272
0.00154984
0.00157703
0.00160427
0.00163147
0.00165858
0.00168551
0.00171218
0.0017385
0.00176439
0.00178976
0.00181456
0.00183872
0.00186223
0.0018851
0.00190738
0.00192917
0.00195069
0.0019721
0.00199351
0.00201522
0.00201408
0.000976687
0.000974454
0.000972165
0.000969824
0.000967435
0.000965
0.000962515
0.000959986
0.000957418
0.000954814
0.000952179
0.000949516
0.000946828
0.000944121
0.000941402
0.000938679
0.000935962
0.000933265
0.000930604
0.000927995
0.000925459
0.00092302
0.000920697
0.00091851
0.000916481
0.000914629
0.000912969
0.000911516
0.000910279
0.000909266
0.000908481
0.000907925
0.000907602
0.000907511
0.000907658
0.000908049
0.000908686
0.000909573
0.00091073
0.000912188
0.000913982
0.000916156
0.000918755
0.000921832
0.000925438
0.000929628
0.000934455
0.000939971
0.000946223
0.000953255
0.000961103
0.0009698
0.000979368
0.000989822
0.00100117
0.00101341
0.00102653
0.00104052
0.00105535
0.00107099
0.00108741
0.00110456
0.0011224
0.00114089
0.00115998
0.00117963
0.00119979
0.00122043
0.0012415
0.00126297
0.00128481
0.00130701
0.00132955
0.00135242
0.00137562
0.00139914
0.00142299
0.00144718
0.0014717
0.00149654
0.00152169
0.00154712
0.00157279
0.00159864
0.00162461
0.0016506
0.00167654
0.00170232
0.00172784
0.00175302
0.00177776
0.00180202
0.00182576
0.00184898
0.00187174
0.0018942
0.00191642
0.00193836
0.00196021
0.00195779
0.000989089
0.00098756
0.000985979
0.000984348
0.00098267
0.000980945
0.000979173
0.000977355
0.000975493
0.000973591
0.000971648
0.000969667
0.00096765
0.000965597
0.000963512
0.000961399
0.000959261
0.000957107
0.000954944
0.000952785
0.000950642
0.000948535
0.000946478
0.000944493
0.000942601
0.000940822
0.000939179
0.000937693
0.000936384
0.00093527
0.000934366
0.00093369
0.000933245
0.000933037
0.000933076
0.000933369
0.000933926
0.000934754
0.000935861
0.000937262
0.00093897
0.000941007
0.000943396
0.000946162
0.000949336
0.000952951
0.000957039
0.000961636
0.000966776
0.000972493
0.000978818
0.000985782
0.000993407
0.00100172
0.00101072
0.00102044
0.00103086
0.00104199
0.00105383
0.00106634
0.00107953
0.00109336
0.0011078
0.00112283
0.00113842
0.00115454
0.00117116
0.00118824
0.00120577
0.00122373
0.00124211
0.00126089
0.00128007
0.00129967
0.00131968
0.00134014
0.00136105
0.00138245
0.00140435
0.00142677
0.00144972
0.0014732
0.0014972
0.00152167
0.00154659
0.00157187
0.00159743
0.00162318
0.001649
0.00167479
0.00170043
0.00172584
0.00175092
0.00177564
0.00179998
0.00182404
0.00184778
0.00187106
0.00189394
0.00189271
0.000995849
0.00099481
0.00099373
0.000992611
0.000991452
0.000990255
0.000989019
0.000987745
0.000986431
0.000985078
0.000983688
0.00098226
0.000980794
0.000979289
0.000977747
0.000976167
0.000974552
0.000972905
0.000971231
0.000969534
0.000967825
0.000966112
0.000964409
0.000962729
0.000961088
0.000959504
0.000957994
0.000956579
0.000955276
0.000954106
0.000953085
0.000952232
0.000951559
0.00095107
0.000950778
0.000950697
0.000950841
0.00095122
0.000951846
0.000952731
0.000953886
0.000955324
0.000957059
0.000959106
0.000961482
0.000964207
0.0009673
0.000970782
0.000974677
0.000979006
0.000983792
0.000989056
0.000994818
0.0010011
0.00100791
0.00101526
0.00102317
0.00103164
0.00104066
0.00105024
0.00106037
0.00107103
0.00108222
0.00109393
0.00110612
0.0011188
0.00113194
0.00114552
0.00115954
0.00117399
0.00118887
0.00120418
0.00121993
0.00123614
0.00125282
0.00127002
0.00128776
0.00130609
0.00132505
0.00134467
0.00136499
0.00138605
0.00140786
0.00143042
0.00145372
0.00147772
0.00150237
0.00152758
0.00155325
0.00157928
0.00160555
0.00163193
0.00165831
0.0016846
0.00171072
0.00173667
0.00176237
0.00178758
0.00181222
0.00181469
0.000999481
0.000998755
0.000998001
0.000997218
0.000996406
0.000995565
0.000994695
0.000993796
0.000992868
0.000991908
0.000990918
0.000989897
0.000988843
0.000987757
0.000986636
0.000985482
0.000984293
0.00098307
0.000981815
0.000980531
0.000979222
0.000977893
0.00097655
0.000975204
0.000973864
0.000972541
0.000971249
0.000970002
0.000968813
0.000967693
0.000966656
0.000965719
0.000964895
0.000964196
0.000963636
0.000963227
0.000962982
0.000962913
0.000963031
0.00096335
0.00096388
0.000964632
0.000965618
0.000966848
0.000968336
0.000970093
0.000972134
0.00097447
0.000977117
0.00098009
0.000983402
0.00098707
0.000991107
0.000995526
0.00100034
0.00100556
0.0010112
0.00101726
0.00102375
0.00103067
0.00103802
0.0010458
0.001054
0.00106263
0.00107167
0.00108112
0.00109098
0.00110124
0.00111189
0.00112295
0.0011344
0.00114628
0.00115859
0.00117135
0.0011846
0.00119837
0.0012127
0.00122765
0.00124327
0.00125961
0.00127674
0.00129471
0.00131356
0.00133334
0.00135407
0.00137576
0.00139839
0.00142193
0.00144632
0.00147147
0.00149729
0.00152365
0.00155044
0.00157753
0.00160481
0.00163223
0.0016596
0.00168668
0.00171322
0.00172126
0.00100125
0.00100071
0.00100015
0.00099957
0.000998971
0.000998353
0.000997715
0.000997058
0.00099638
0.000995681
0.00099496
0.000994216
0.000993449
0.000992656
0.000991836
0.000990989
0.000990114
0.000989209
0.000988276
0.000987315
0.000986328
0.000985315
0.000984283
0.000983236
0.000982181
0.000981124
0.000980075
0.000979042
0.000978034
0.000977062
0.000976133
0.000975249
0.000974423
0.000973665
0.000972988
0.000972403
0.000971923
0.000971557
0.000971319
0.000971218
0.000971264
0.000971469
0.000971842
0.000972393
0.000973132
0.000974068
0.000975212
0.000976573
0.000978161
0.000979986
0.000982059
0.000984389
0.000986986
0.000989861
0.000993022
0.000996477
0.00100024
0.0010043
0.00100869
0.00101339
0.00101842
0.00102377
0.00102945
0.00103546
0.00104179
0.00104846
0.00105545
0.00106278
0.00107044
0.00107844
0.00108679
0.0010955
0.0011046
0.0011141
0.00112404
0.00113445
0.00114538
0.00115688
0.00116899
0.0011818
0.00119535
0.00120973
0.001225
0.00124123
0.00125847
0.00127678
0.00129619
0.00131671
0.00133834
0.00136105
0.00138479
0.00140948
0.00143503
0.00146134
0.00148828
0.00151578
0.00154363
0.00157159
0.00159921
0.00161345
0.00100218
0.00100174
0.00100129
0.00100082
0.00100035
0.000999863
0.000999364
0.000998852
0.000998327
0.000997788
0.000997235
0.000996667
0.000996082
0.00099548
0.000994859
0.000994219
0.000993557
0.000992874
0.000992168
0.00099144
0.000990689
0.000989917
0.000989126
0.000988319
0.000987499
0.000986671
0.000985839
0.000985006
0.000984176
0.000983355
0.00098255
0.000981766
0.00098101
0.000980288
0.000979608
0.000978979
0.000978408
0.000977906
0.00097748
0.000977139
0.000976893
0.000976749
0.000976717
0.000976805
0.00097702
0.000977371
0.000977867
0.000978513
0.000979319
0.000980292
0.000981438
0.000982766
0.000984283
0.000985995
0.000987909
0.000990032
0.00099237
0.000994927
0.00099771
0.00100072
0.00100397
0.00100745
0.00101118
0.00101514
0.00101935
0.00102381
0.00102853
0.00103349
0.00103872
0.00104422
0.00104999
0.00105606
0.00106243
0.00106913
0.00107618
0.00108362
0.00109148
0.00109981
0.00110866
0.00111808
0.00112814
0.0011389
0.00115044
0.00116284
0.00117617
0.00119051
0.00120591
0.00122245
0.00124016
0.00125907
0.0012792
0.00130052
0.00132301
0.00134661
0.00137124
0.00139684
0.00142322
0.00145025
0.00147722
0.00149665
0.00100261
0.00100223
0.00100183
0.00100143
0.00100102
0.00100061
0.00100018
0.000999753
0.000999315
0.000998868
0.000998412
0.000997947
0.000997472
0.000996986
0.000996487
0.000995975
0.00099545
0.000994909
0.000994353
0.00099378
0.00099319
0.000992584
0.000991963
0.000991328
0.000990681
0.000990026
0.000989366
0.000988702
0.000988041
0.000987376
0.000986711
0.000986049
0.000985395
0.000984755
0.000984133
0.000983535
0.000982966
0.000982434
0.000981944
0.000981502
0.000981116
0.000980791
0.000980535
0.000980354
0.000980255
0.000980244
0.000980328
0.000980512
0.000980803
0.000981206
0.000981729
0.000982375
0.00098315
0.000984061
0.000985111
0.000986306
0.000987649
0.000989147
0.000990801
0.000992617
0.000994597
0.000996746
0.000999065
0.00100156
0.00100423
0.00100708
0.00101011
0.00101333
0.00101674
0.00102035
0.00102416
0.0010282
0.00103246
0.00103696
0.00104174
0.00104679
0.00105217
0.0010579
0.00106401
0.00107056
0.0010776
0.00108518
0.00109337
0.00110224
0.00111186
0.00112231
0.00113366
0.001146
0.00115939
0.0011739
0.00118958
0.00120648
0.00122461
0.001244
0.00126462
0.00128648
0.00130941
0.00133345
0.00135765
0.00137995
0.00100287
0.00100251
0.00100215
0.00100178
0.00100141
0.00100103
0.00100065
0.00100027
0.000999877
0.000999482
0.000999081
0.000998675
0.000998262
0.000997843
0.000997415
0.00099698
0.000996535
0.00099608
0.000995615
0.000995138
0.000994651
0.000994153
0.000993643
0.000993125
0.000992598
0.000992065
0.000991526
0.00099098
0.000990429
0.000989875
0.000989317
0.000988759
0.000988202
0.000987648
0.000987101
0.000986563
0.000986039
0.000985532
0.000985047
0.000984587
0.000984158
0.000983764
0.000983409
0.000983099
0.000982838
0.000982632
0.000982486
0.000982403
0.000982389
0.000982449
0.000982588
0.000982808
0.000983116
0.000983515
0.000984008
0.0009846
0.000985295
0.000986095
0.000987003
0.000988024
0.000989158
0.00099041
0.000991782
0.000993275
0.000994892
0.000996636
0.00099851
0.00100052
0.00100266
0.00100494
0.00100737
0.00100995
0.0010127
0.00101561
0.00101872
0.00102202
0.00102555
0.00102932
0.00103337
0.00103771
0.00104241
0.00104748
0.001053
0.001059
0.00106554
0.0010727
0.00108055
0.00108914
0.00109857
0.0011089
0.0011202
0.00113256
0.00114601
0.00116063
0.00117644
0.0011935
0.00121171
0.00123126
0.001251
0.00127342
0.00100301
0.00100267
0.00100232
0.00100197
0.00100161
0.00100126
0.0010009
0.00100054
0.00100017
0.000999801
0.000999429
0.000999054
0.000998675
0.000998292
0.000997904
0.000997511
0.000997112
0.000996706
0.000996294
0.000995875
0.000995448
0.000995015
0.000994574
0.000994128
0.000993677
0.000993223
0.000992767
0.000992309
0.000991845
0.000991375
0.0009909
0.000990422
0.000989943
0.000989462
0.000988983
0.000988507
0.000988037
0.000987574
0.000987122
0.000986682
0.000986259
0.000985854
0.000985472
0.000985115
0.000984788
0.000984493
0.000984235
0.000984016
0.000983841
0.000983713
0.000983636
0.000983612
0.000983646
0.000983741
0.0009839
0.000984125
0.000984421
0.000984788
0.00098523
0.00098575
0.000986349
0.000987029
0.000987793
0.000988641
0.000989576
0.0009906
0.000991713
0.000992919
0.00099422
0.000995618
0.000997117
0.000998721
0.00100043
0.00100227
0.00100422
0.00100631
0.00100855
0.00101095
0.00101354
0.00101632
0.00101933
0.0010226
0.00102615
0.00103003
0.00103428
0.00103895
0.00104409
0.00104976
0.00105601
0.00106292
0.00107054
0.00107896
0.00108824
0.00109845
0.00110963
0.00112189
0.00113516
0.00114975
0.00116434
0.00118474
0.00100312
0.00100278
0.00100244
0.0010021
0.00100176
0.00100141
0.00100107
0.00100072
0.00100036
0.00100001
0.000999654
0.000999296
0.000998934
0.000998571
0.000998204
0.000997835
0.000997461
0.000997084
0.000996702
0.000996316
0.000995924
0.000995529
0.000995129
0.000994726
0.000994321
0.000993916
0.000993508
0.000993096
0.000992681
0.000992263
0.000991842
0.000991418
0.000990992
0.000990565
0.000990139
0.000989713
0.000989289
0.000988869
0.000988454
0.000988045
0.000987646
0.000987257
0.00098688
0.000986519
0.000986175
0.000985851
0.000985548
0.000985271
0.000985022
0.000984802
0.000984615
0.000984464
0.000984351
0.000984279
0.000984249
0.000984265
0.000984329
0.000984443
0.000984609
0.000984828
0.000985102
0.000985434
0.000985823
0.000986273
0.000986782
0.000987354
0.000987988
0.000988686
0.000989449
0.000990279
0.000991177
0.000992145
0.000993187
0.000994306
0.000995506
0.000996794
0.000998176
0.000999662
0.00100126
0.00100299
0.00100486
0.00100689
0.00100911
0.00101153
0.00101418
0.00101711
0.00102033
0.0010239
0.00102785
0.00103224
0.00103712
0.00104253
0.00104855
0.00105523
0.00106262
0.00107082
0.00107977
0.00108987
0.00109966
0.00111704
0.0010032
0.00100286
0.00100253
0.00100219
0.00100186
0.00100152
0.00100118
0.00100083
0.00100049
0.00100014
0.000999792
0.000999441
0.000999089
0.000998735
0.000998379
0.00099802
0.000997659
0.000997296
0.000996929
0.00099656
0.000996188
0.000995814
0.000995438
0.00099506
0.000994683
0.000994307
0.00099393
0.00099355
0.000993168
0.000992783
0.000992395
0.000992006
0.000991616
0.000991225
0.000990834
0.000990443
0.000990054
0.000989667
0.000989283
0.000988903
0.000988529
0.000988161
0.000987801
0.000987451
0.000987112
0.000986785
0.000986473
0.000986177
0.000985899
0.000985641
0.000985405
0.000985194
0.000985008
0.00098485
0.000984722
0.000984625
0.000984562
0.000984534
0.000984543
0.000984589
0.000984675
0.000984801
0.000984968
0.000985177
0.000985429
0.000985724
0.000986063
0.000986447
0.000986874
0.000987347
0.000987865
0.00098843
0.000989042
0.000989704
0.000990418
0.000991186
0.000992012
0.000992902
0.000993861
0.000994898
0.000996022
0.000997243
0.000998574
0.00100003
0.00100163
0.0010034
0.00100534
0.0010075
0.0010099
0.00101257
0.00101555
0.00101887
0.00102258
0.00102672
0.00103133
0.0010365
0.00104215
0.00104873
0.00105468
0.00106904
0.00100326
0.00100293
0.0010026
0.00100226
0.00100193
0.00100159
0.00100125
0.00100091
0.00100057
0.00100023
0.000999887
0.000999541
0.000999194
0.000998845
0.000998495
0.000998143
0.000997788
0.000997432
0.000997073
0.000996714
0.000996352
0.00099599
0.000995628
0.000995265
0.000994904
0.000994544
0.000994183
0.000993819
0.000993454
0.000993088
0.00099272
0.000992351
0.000991982
0.000991613
0.000991244
0.000990876
0.000990509
0.000990144
0.000989782
0.000989423
0.000989069
0.000988719
0.000988375
0.000988038
0.000987709
0.00098739
0.00098708
0.000986782
0.000986497
0.000986227
0.000985972
0.000985734
0.000985515
0.000985316
0.000985139
0.000984984
0.000984854
0.000984748
0.00098467
0.000984619
0.000984596
0.000984602
0.000984638
0.000984703
0.0009848
0.000984926
0.000985083
0.00098527
0.000985488
0.000985735
0.000986012
0.000986319
0.000986656
0.000987023
0.000987421
0.000987852
0.000988317
0.000988819
0.000989362
0.00098995
0.000990588
0.000991284
0.000992044
0.000992878
0.000993797
0.000994812
0.000995938
0.000997188
0.000998582
0.00100014
0.00100188
0.00100383
0.00100601
0.00100846
0.0010112
0.0010143
0.00101767
0.00102176
0.00102498
0.00103688
0.00100331
0.00100298
0.00100265
0.00100232
0.00100199
0.00100166
0.00100132
0.00100098
0.00100064
0.0010003
0.000999963
0.00099962
0.000999275
0.000998929
0.000998582
0.000998233
0.000997882
0.000997531
0.000997177
0.000996823
0.000996468
0.000996112
0.000995756
0.000995402
0.000995047
0.000994692
0.000994337
0.00099398
0.000993623
0.000993266
0.000992908
0.00099255
0.000992192
0.000991834
0.000991478
0.000991123
0.000990769
0.000990417
0.000990068
0.000989722
0.00098938
0.000989042
0.00098871
0.000988383
0.000988062
0.000987749
0.000987444
0.000987148
0.000986862
0.000986587
0.000986325
0.000986075
0.00098584
0.00098562
0.000985416
0.000985229
0.00098506
0.00098491
0.00098478
0.00098467
0.000984581
0.000984513
0.000984466
0.000984441
0.000984436
0.000984453
0.000984491
0.000984549
0.000984626
0.000984722
0.000984837
0.000984969
0.000985118
0.000985284
0.000985468
0.000985669
0.000985889
0.000986128
0.00098639
0.000986677
0.000986992
0.00098734
0.000987725
0.000988154
0.000988632
0.000989168
0.00098977
0.000990446
0.000991206
0.000992063
0.000993028
0.000994117
0.000995344
0.000996732
0.000998287
0.00100007
0.00100198
0.00100446
0.0010059
0.00101604
0.00100333
0.001003
0.00100268
0.00100235
0.00100201
0.00100168
0.00100135
0.00100101
0.00100067
0.00100033
0.000999991
0.000999649
0.000999305
0.000998961
0.000998614
0.000998267
0.000997918
0.000997568
0.000997218
0.000996866
0.000996514
0.000996162
0.000995811
0.00099546
0.000995112
0.000994764
0.000994416
0.000994065
0.000993714
0.000993361
0.000993008
0.000992655
0.000992303
0.00099195
0.000991599
0.000991249
0.000990901
0.000990555
0.000990212
0.000989871
0.000989534
0.000989201
0.000988872
0.000988549
0.00098823
0.000987919
0.000987614
0.000987316
0.000987027
0.000986747
0.000986476
0.000986216
0.000985967
0.000985729
0.000985505
0.000985293
0.000985095
0.000984911
0.000984741
0.000984586
0.000984447
0.000984322
0.000984212
0.000984116
0.000984035
0.000983967
0.000983912
0.00098387
0.000983838
0.000983816
0.000983804
0.0009838
0.000983804
0.000983816
0.000983835
0.000983861
0.000983895
0.000983938
0.000983992
0.00098406
0.000984144
0.000984246
0.000984373
0.000984526
0.000984712
0.000984935
0.0009852
0.000985514
0.000985881
0.00098631
0.000986806
0.000987379
0.000988036
0.000988792
0.000989644
0.000990648
0.000991685
0.000993207
0.000993593
0.00100258
0.00100336
0.00100303
0.00100271
0.00100238
0.00100205
0.00100172
0.00100139
0.00100105
0.00100071
0.00100037
0.00100003
0.000999693
0.00099935
0.000999006
0.00099866
0.000998313
0.000997965
0.000997616
0.000997267
0.000996916
0.000996566
0.000996216
0.000995864
0.000995512
0.000995159
0.000994806
0.000994453
0.000994099
0.000993746
0.000993393
0.000993039
0.000992686
0.000992333
0.00099198
0.000991629
0.000991278
0.000990929
0.000990582
0.000990237
0.000989894
0.000989554
0.000989218
0.000988885
0.000988557
0.000988233
0.000987914
0.000987601
0.000987293
0.000986992
0.000986698
0.000986411
0.000986133
0.000985862
0.000985601
0.000985348
0.000985105
0.000984871
0.000984648
0.000984434
0.00098423
0.000984036
0.000983851
0.000983675
0.000983508
0.000983348
0.000983195
0.000983048
0.000982906
0.000982768
0.000982632
0.000982499
0.000982366
0.000982234
0.000982102
0.00098197
0.000981839
0.00098171
0.000981584
0.000981463
0.00098135
0.000981248
0.000981161
0.000981092
0.000981046
0.000981027
0.000981039
0.000981086
0.000981173
0.000981303
0.000981481
0.000981711
0.000981998
0.000982345
0.000982762
0.000983243
0.000983836
0.000984417
0.000985435
0.000985278
0.000993571
0.00100333
0.00100301
0.00100268
0.00100235
0.00100202
0.00100169
0.00100135
0.00100102
0.00100068
0.00100034
0.000999996
0.000999653
0.000999309
0.000998963
0.000998616
0.000998268
0.000997919
0.00099757
0.000997219
0.000996868
0.000996517
0.000996166
0.000995816
0.000995466
0.000995117
0.000994769
0.000994418
0.000994066
0.000993711
0.000993355
0.000992997
0.000992639
0.000992281
0.000991922
0.000991563
0.000991205
0.000990847
0.00099049
0.000990134
0.00098978
0.000989427
0.000989077
0.000988728
0.000988383
0.00098804
0.000987701
0.000987365
0.000987032
0.000986704
0.000986381
0.000986062
0.000985747
0.000985438
0.000985134
0.000984836
0.000984542
0.000984254
0.000983971
0.000983693
0.00098342
0.000983151
0.000982885
0.000982622
0.000982361
0.000982102
0.000981843
0.000981583
0.000981321
0.000981056
0.000980788
0.000980515
0.000980237
0.000979955
0.000979667
0.000979375
0.000979081
0.000978786
0.000978492
0.000978204
0.000977924
0.000977657
0.000977408
0.000977182
0.000976984
0.000976818
0.000976689
0.000976603
0.000976561
0.000976569
0.000976629
0.000976743
0.000976915
0.000977145
0.000977442
0.000977794
0.000978249
0.000978677
0.000979523
0.000979197
0.000987138
0.00100335
0.00100303
0.0010027
0.00100237
0.00100204
0.00100171
0.00100137
0.00100103
0.00100069
0.00100035
0.00100001
0.000999664
0.000999317
0.000998969
0.000998619
0.000998268
0.000997916
0.000997563
0.000997209
0.000996853
0.000996494
0.000996134
0.000995772
0.000995409
0.000995045
0.00099468
0.000994314
0.000993947
0.000993579
0.00099321
0.000992838
0.000992465
0.000992091
0.000991715
0.000991338
0.00099096
0.000990581
0.000990201
0.00098982
0.000989439
0.000989057
0.000988675
0.000988293
0.000987911
0.00098753
0.000987148
0.000986767
0.000986387
0.000986007
0.000985628
0.000985249
0.000984872
0.000984494
0.000984118
0.000983741
0.000983365
0.000982989
0.000982612
0.000982234
0.000981854
0.000981473
0.000981088
0.0009807
0.000980307
0.000979909
0.000979504
0.000979093
0.000978673
0.000978244
0.000977807
0.00097736
0.000976904
0.00097644
0.00097597
0.000975495
0.000975019
0.000974544
0.000974075
0.000973618
0.000973179
0.000972763
0.000972377
0.000972029
0.000971725
0.000971471
0.000971274
0.000971138
0.000971068
0.000971068
0.000971139
0.000971283
0.000971503
0.000971796
0.000972169
0.000972609
0.000973161
0.00097369
0.000974637
0.000974443
0.000982286
0.00100326
0.00100293
0.0010026
0.00100226
0.00100193
0.00100159
0.00100125
0.0010009
0.00100056
0.00100021
0.000999863
0.000999511
0.000999158
0.000998802
0.000998445
0.000998086
0.000997724
0.000997362
0.000996997
0.000996631
0.000996263
0.000995893
0.000995523
0.000995151
0.00099478
0.000994405
0.000994025
0.00099364
0.00099325
0.000992855
0.000992457
0.000992053
0.000991646
0.000991234
0.000990819
0.000990399
0.000989976
0.000989548
0.000989117
0.000988682
0.000988243
0.0009878
0.000987353
0.000986902
0.000986447
0.000985987
0.000985524
0.000985056
0.000984584
0.000984107
0.000983626
0.000983139
0.000982647
0.000982149
0.000981646
0.000981136
0.000980619
0.000980095
0.000979564
0.000979023
0.000978474
0.000977915
0.000977345
0.000976764
0.000976172
0.000975567
0.000974949
0.000974319
0.000973677
0.000973023
0.000972358
0.000971684
0.000971005
0.000970322
0.000969641
0.000968966
0.000968305
0.000967664
0.000967051
0.000966476
0.000965948
0.000965477
0.000965072
0.000964742
0.000964497
0.000964343
0.000964287
0.000964332
0.000964482
0.000964739
0.000965101
0.000965568
0.000966137
0.00096681
0.00096757
0.000968459
0.000969338
0.000970637
0.000970846
0.000978761
0.00100326
0.00100292
0.00100259
0.00100225
0.0010019
0.00100156
0.00100121
0.00100085
0.00100049
0.00100013
0.00099977
0.000999403
0.000999032
0.000998657
0.00099828
0.000997898
0.000997513
0.000997123
0.000996728
0.000996327
0.000995922
0.000995511
0.000995096
0.000994676
0.000994251
0.000993822
0.000993387
0.000992945
0.000992498
0.000992043
0.000991581
0.000991112
0.000990635
0.00099015
0.000989657
0.000989156
0.000988646
0.000988128
0.000987601
0.000987065
0.000986519
0.000985965
0.0009854
0.000984826
0.000984242
0.000983648
0.000983042
0.000982427
0.000981799
0.000981161
0.00098051
0.000979848
0.000979173
0.000978485
0.000977783
0.000977068
0.000976339
0.000975595
0.000974837
0.000974063
0.000973273
0.000972467
0.000971646
0.000970808
0.000969955
0.000969087
0.000968204
0.000967308
0.000966402
0.000965487
0.000964567
0.000963647
0.000962731
0.000961827
0.000960943
0.000960088
0.000959271
0.000958505
0.000957803
0.000957176
0.00095664
0.000956208
0.000955891
0.000955703
0.000955653
0.000955749
0.000955996
0.000956397
0.000956952
0.000957658
0.000958509
0.000959498
0.000960616
0.000961858
0.0009632
0.000964677
0.000966143
0.000968007
0.000968842
0.00097682
0.00100298
0.00100263
0.00100227
0.00100191
0.00100154
0.00100117
0.00100079
0.00100041
0.00100002
0.000999628
0.000999228
0.000998821
0.000998408
0.000997988
0.000997562
0.000997129
0.00099669
0.000996243
0.000995788
0.000995326
0.000994857
0.00099438
0.000993895
0.000993403
0.000992902
0.000992388
0.000991861
0.00099132
0.000990765
0.000990196
0.000989614
0.000989018
0.000988407
0.000987782
0.000987143
0.000986489
0.00098582
0.000985135
0.000984435
0.000983719
0.000982986
0.000982237
0.000981471
0.000980688
0.000979887
0.000979069
0.000978232
0.000977376
0.000976502
0.000975609
0.000974696
0.000973764
0.000972812
0.000971839
0.000970847
0.000969834
0.000968801
0.000967748
0.000966675
0.000965582
0.000964471
0.000963342
0.000962196
0.000961035
0.000959861
0.000958676
0.000957485
0.00095629
0.000955098
0.000953913
0.000952744
0.0009516
0.00095049
0.000949427
0.000948423
0.000947494
0.000946656
0.000945927
0.000945324
0.000944866
0.000944572
0.000944457
0.000944537
0.000944823
0.000945323
0.000946041
0.000946975
0.00094812
0.000949465
0.000950995
0.00095269
0.00095453
0.000956489
0.00095855
0.000960674
0.000962886
0.000965032
0.00096748
0.000968973
0.000976513
0.00100267
0.00100227
0.00100186
0.00100144
0.00100101
0.00100057
0.00100012
0.000999654
0.000999182
0.000998698
0.000998203
0.000997695
0.000997176
0.000996643
0.000996098
0.000995539
0.000994964
0.000994374
0.000993769
0.000993148
0.000992511
0.000991858
0.00099119
0.000990505
0.000989804
0.000989085
0.000988348
0.000987592
0.000986816
0.00098602
0.000985204
0.000984367
0.000983509
0.000982629
0.000981727
0.000980802
0.000979855
0.000978885
0.000977891
0.000976874
0.000975833
0.000974767
0.000973677
0.000972563
0.000971423
0.000970259
0.00096907
0.000967855
0.000966615
0.00096535
0.00096406
0.000962746
0.000961407
0.000960045
0.00095866
0.000957253
0.000955825
0.000954378
0.000952914
0.000951435
0.000949943
0.000948443
0.000946937
0.000945431
0.00094393
0.00094244
0.000940971
0.000939529
0.000938127
0.000936777
0.000935491
0.000934286
0.000933181
0.000932193
0.000931345
0.000930658
0.000930158
0.000929867
0.000929808
0.000930004
0.000930472
0.000931226
0.000932276
0.000933622
0.000935259
0.000937172
0.000939337
0.000941724
0.000944294
0.000947003
0.000949803
0.000952648
0.000955487
0.000958282
0.000960979
0.000963591
0.000965966
0.000968407
0.000970014
0.000975455
0.00100105
0.00100051
0.000999954
0.00099938
0.000998787
0.000998175
0.000997542
0.000996889
0.000996215
0.00099552
0.000994804
0.000994066
0.000993306
0.000992523
0.000991719
0.000990892
0.000990043
0.00098917
0.000988275
0.000987356
0.000986415
0.000985451
0.000984466
0.000983453
0.00098241
0.000981338
0.000980237
0.000979107
0.000977947
0.000976758
0.00097554
0.000974293
0.000973016
0.000971711
0.000970377
0.000969013
0.000967621
0.000966199
0.000964748
0.000963268
0.00096176
0.000960222
0.000958657
0.000957063
0.000955441
0.000953792
0.000952116
0.000950415
0.000948688
0.000946939
0.000945167
0.000943374
0.000941564
0.000939737
0.000937897
0.000936048
0.000934192
0.000932335
0.000930482
0.000928639
0.000926813
0.000925012
0.000923245
0.000921523
0.000919858
0.000918263
0.000916755
0.000915351
0.000914069
0.000912932
0.000911964
0.00091119
0.000910637
0.000910333
0.000910309
0.000910592
0.000911209
0.000912184
0.000913535
0.000915273
0.0009174
0.000919904
0.000922764
0.000925941
0.000929382
0.000933022
0.000936781
0.000940573
0.000944306
0.000947889
0.000951235
0.000954267
0.00095692
0.000959154
0.000960924
0.000962261
0.000963059
0.00096353
0.00096352
0.000963129
0.00099663
0.000995726
0.000994789
0.00099382
0.000992816
0.000991779
0.000990707
0.000989601
0.000988461
0.000987288
0.00098608
0.000984839
0.000983566
0.000982259
0.000980917
0.000979542
0.000978132
0.000976689
0.000975212
0.000973704
0.000972163
0.000970591
0.000968987
0.000967353
0.000965686
0.000963989
0.00096226
0.0009605
0.000958709
0.000956888
0.000955036
0.000953155
0.000951244
0.000949304
0.000947335
0.000945339
0.000943316
0.000941266
0.00093919
0.00093709
0.000934966
0.00093282
0.000930653
0.000928467
0.000926264
0.000924045
0.000921814
0.000919573
0.000917326
0.000915076
0.000912827
0.000910585
0.000908356
0.000906145
0.00090396
0.000901809
0.000899702
0.000897649
0.000895661
0.000893753
0.000891938
0.000890234
0.000888658
0.000887231
0.000885975
0.000884914
0.000884075
0.000883486
0.000883178
0.000883181
0.000883528
0.000884253
0.000885386
0.000886956
0.000888987
0.000891497
0.000894491
0.000897964
0.000901891
0.000906228
0.000910907
0.000915836
0.000920897
0.000925949
0.000930834
0.000935382
0.000939426
0.000942805
0.000945385
0.000947058
0.000947757
0.000947456
0.000946172
0.000943961
0.000940888
0.00093709
0.000932601
0.000927508
0.000923026
0.000911318
0.000981795
0.000980062
0.000978281
0.000976452
0.000974578
0.000972658
0.000970695
0.000968689
0.000966642
0.000964556
0.000962431
0.00096027
0.000958073
0.000955842
0.000953578
0.000951283
0.000948958
0.000946604
0.000944224
0.000941819
0.000939387
0.000936924
0.000934432
0.000931913
0.000929367
0.000926796
0.000924203
0.000921588
0.000918953
0.000916299
0.000913628
0.000910942
0.000908242
0.00090553
0.000902809
0.000900079
0.000897344
0.000894605
0.000891867
0.000889131
0.0008864
0.00088368
0.000880973
0.000878285
0.000875621
0.000872987
0.000870388
0.000867833
0.000865328
0.000862884
0.000860511
0.000858218
0.000856018
0.000853924
0.000851952
0.000850116
0.000848434
0.000846924
0.000845606
0.000844502
0.000843634
0.000843027
0.000842707
0.0008427
0.000843033
0.000843735
0.000844835
0.000846359
0.000848333
0.000850781
0.00085372
0.000857161
0.000861106
0.000865542
0.00087044
0.000875747
0.000881384
0.000887238
0.000893161
0.000898964
0.000904422
0.000909277
0.000913251
0.000916066
0.000917461
0.000917223
0.000915208
0.000911353
0.000905691
0.000898342
0.00088951
0.000879468
0.000868512
0.000856942
0.000845015
0.000832989
0.00082105
0.000809009
0.000799872
0.000776162
0.000939908
0.000936618
0.000933294
0.000929939
0.000926554
0.000923142
0.000919707
0.00091625
0.000912775
0.000909281
0.00090577
0.000902244
0.000898706
0.000895157
0.0008916
0.000888037
0.00088447
0.0008809
0.000877331
0.000873765
0.000870202
0.000866646
0.000863098
0.000859561
0.000856035
0.000852524
0.00084903
0.000845555
0.000842102
0.000838674
0.000835274
0.000831905
0.000828572
0.000825277
0.000822025
0.000818822
0.000815671
0.000812579
0.000809552
0.000806596
0.000803718
0.000800926
0.000798229
0.000795634
0.000793152
0.000790792
0.000788564
0.000786481
0.000784554
0.000782795
0.000781216
0.00077983
0.000778649
0.000777685
0.000776948
0.00077645
0.000776199
0.000776203
0.000776468
0.000776996
0.000777789
0.000778842
0.000780147
0.000781691
0.000783455
0.000785413
0.000787532
0.000789769
0.000792074
0.000794385
0.000796634
0.000798739
0.000800609
0.000802141
0.000803225
0.000803738
0.000803547
0.000802513
0.000800487
0.00079732
0.00079287
0.000787008
0.000779641
0.000770721
0.00076027
0.000748388
0.00073526
0.00072114
0.000706343
0.000691234
0.000676211
0.000661668
0.000647908
0.000635152
0.00062353
0.000613148
0.000604065
0.000595856
0.000591948
0.000572853
0.000831746
0.000826526
0.000821345
0.000816204
0.000811107
0.000806054
0.000801049
0.000796087
0.000791169
0.000786296
0.00078147
0.000776692
0.000771964
0.000767287
0.000762662
0.000758091
0.000753575
0.000749117
0.000744717
0.000740378
0.000736101
0.000731889
0.000727743
0.000723667
0.000719663
0.000715733
0.000711882
0.000708112
0.000704426
0.00070083
0.000697326
0.000693919
0.000690613
0.000687413
0.000684324
0.000681348
0.000678491
0.000675756
0.000673147
0.000670667
0.000668317
0.000666099
0.000664013
0.000662058
0.000660229
0.000658522
0.000656928
0.000655439
0.000654035
0.000652696
0.000651395
0.000650099
0.000648771
0.000647369
0.000645843
0.000644137
0.00064219
0.000639933
0.000637293
0.000634191
0.000630545
0.000626275
0.000621303
0.000615557
0.000608976
0.000601519
0.000593162
0.000583913
0.000573808
0.00056292
0.000551358
0.000539265
0.000526813
0.000514202
0.000501644
0.000489355
0.000477544
0.000466401
0.000456089
0.000446732
0.000438416
0.000431187
0.000425053
0.00041999
0.000415956
0.000412896
0.000410755
0.000409472
0.00040901
0.000409396
0.000410703
0.000412953
0.000416121
0.000420187
0.000425099
0.000430829
0.000437224
0.000444188
0.000453223
0.000455248
0.000598737
0.000592685
0.000586747
0.000580922
0.000575207
0.000569599
0.000564095
0.000558693
0.000553391
0.000548185
0.000543074
0.000538055
0.000533126
0.000528285
0.000523531
0.00051886
0.000514272
0.000509765
0.000505338
0.000500988
0.000496714
0.000492515
0.000488389
0.000484335
0.000480351
0.000476435
0.000472585
0.000468799
0.000465073
0.000461404
0.000457789
0.000454221
0.000450696
0.000447206
0.000443745
0.000440303
0.00043687
0.000433435
0.000429986
0.000426508
0.000422986
0.000419405
0.000415746
0.000411993
0.000408125
0.000404125
0.000399975
0.000395655
0.000391114
0.000386331
0.00038129
0.000375982
0.000370399
0.000364541
0.000358411
0.000352016
0.000345373
0.000338504
0.000331439
0.000324216
0.000316882
0.000309489
0.0003021
0.000294783
0.000287612
0.000280667
0.000274031
0.000267789
0.000262028
0.000256833
0.000252289
0.000248476
0.000245469
0.000243338
0.000242147
0.000241951
0.000242798
0.000244728
0.000247771
0.000251949
0.000257277
0.000263761
0.000271399
0.000280183
0.000290095
0.000301105
0.000313133
0.000326034
0.000339664
0.000353922
0.000368896
0.000384409
0.000399829
0.000414737
0.000428812
0.000441878
0.000453733
0.00046463
0.000474848
0.000487966
0.000259949
0.000256747
0.000253646
0.000250645
0.000247739
0.000244926
0.000242204
0.000239572
0.000237026
0.000234565
0.000232187
0.000229891
0.000227675
0.000225537
0.000223475
0.00022149
0.000219578
0.000217738
0.00021597
0.000214272
0.000212643
0.000211082
0.000209588
0.000208159
0.000206794
0.000205494
0.000204257
0.000203082
0.000201969
0.000200918
0.000199929
0.000199001
0.000198135
0.000197332
0.000196592
0.000195916
0.000195307
0.000194766
0.000194296
0.000193899
0.000193578
0.000193338
0.000193182
0.000193116
0.000193145
0.000193274
0.000193511
0.000193864
0.000194339
0.000194948
0.000195698
0.000196603
0.000197673
0.000198922
0.000200365
0.000202017
0.000203897
0.000206023
0.000208417
0.000211102
0.000214104
0.00021745
0.00022117
0.000225297
0.000229868
0.000234919
0.000240492
0.00024663
0.000253378
0.000260782
0.000268888
0.000277741
0.000287382
0.000297846
0.00030916
0.000321335
0.000334368
0.00034823
0.000362866
0.00037819
0.000394077
0.000410371
0.000426878
0.000443377
0.000459618
0.000475357
0.000490232
0.000503303
0.000514452
0.000523643
0.000530654
0.000535454
0.000538519
0.00054024
0.000540921
0.000540885
0.000540097
0.00053949
0.000536638
0.000550255
0.000180212
0.000181061
0.000181886
0.000182685
0.000183459
0.000184207
0.000184929
0.000185623
0.000186289
0.000186928
0.000187537
0.000188118
0.000188669
0.00018919
0.000189681
0.000190141
0.00019057
0.000190968
0.000191335
0.000191669
0.000191971
0.000192241
0.000192478
0.000192682
0.000192852
0.000192988
0.000193091
0.000193159
0.000193192
0.00019319
0.000193151
0.000193077
0.000192966
0.000192817
0.000192629
0.000192403
0.000192137
0.00019183
0.000191481
0.000191089
0.000190653
0.000190172
0.000189643
0.000189066
0.00018844
0.000187761
0.000187029
0.000186242
0.000185398
0.000184494
0.000183529
0.0001825
0.000181405
0.000180243
0.00017901
0.000177705
0.000176326
0.000174871
0.000173338
0.000171727
0.000170035
0.000168264
0.000166414
0.000164486
0.000162483
0.000160411
0.000158274
0.000156083
0.00015385
0.000151588
0.000149319
0.000147065
0.000144857
0.000142728
0.000140718
0.000138872
0.000137238
0.000135866
0.000134801
0.000134086
0.000133751
0.00013381
0.000134261
0.00013508
0.000136222
0.00013763
0.000139241
0.000141404
0.00014389
0.000146432
0.000148816
0.000150889
0.000152566
0.000153818
0.00015466
0.00015511
0.000155266
0.000155055
0.000155062
0.00015493
2.02097e-05
5.2785e-05
5.83771e-05
6.15066e-05
6.32569e-05
6.41684e-05
6.45623e-05
6.4641e-05
6.44514e-05
6.40609e-05
6.38351e-05
6.37951e-05
6.3746e-05
6.37436e-05
6.38668e-05
6.42071e-05
6.48564e-05
6.58915e-05
6.73281e-05
6.91939e-05
7.16526e-05
7.53726e-05
8.23724e-05
9.16627e-05
0.000101968
0.000112213
0.000121783
0.000130474
0.000138309
0.000145399
0.000151869
0.000157833
0.000163377
0.000168544
0.000173361
0.000177852
0.000182046
0.00018598
0.000189678
0.000193155
0.000196422
0.000199484
0.000202341
0.000204986
0.000207408
0.000209688
0.000211913
0.0002141
0.000216254
0.000218367
0.000220429
0.000222436
0.000224383
0.00022627
0.000228096
0.000229862
0.00023157
0.000233219
0.000234813
0.000236354
0.000237843
0.000239284
0.000240678
0.000242028
0.000243334
0.000244601
0.000245831
0.000247033
0.000248227
0.000249473
0.000250989
0.000252958
0.000254821
0.000256522
0.000258112
0.000259626
0.00026105
0.00026222
0.000262689
0.000262238
0.000262829
0.000263683
0.000264212
0.000264597
0.000264799
0.000264799
0.000264604
0.000264226
0.00026368
0.00026298
0.000262143
0.000261185
0.000260123
0.000258982
0.000257781
0.000256591
0.000255424
0.000254669
0.000253978
0.000256777
2.7062e-05
0.000119584
0.000234845
0.000311992
0.000366274
0.000409316
0.000445138
0.000475028
0.00049759
0.000512614
0.000520859
0.000524197
0.000525126
0.00052507
0.000524577
0.000523768
0.000522767
0.000522028
0.000517814
0.000509569
0.000497791
0.000484455
0.000470647
0.000457724
0.000450936
0.000455424
0.000473518
0.000504722
0.000547197
0.000598606
0.000656579
0.00072083
0.000797723
0.000882687
0.000969755
0.00105268
0.0011266
0.00119576
0.00126089
0.00132213
0.00137955
0.00143315
0.00148282
0.00152829
0.00156902
0.00160516
0.00163844
0.00166999
0.00170069
0.00173077
0.00176003
0.00178834
0.00181565
0.0018419
0.00186705
0.00189108
0.00191395
0.00193565
0.00195614
0.00197543
0.0019935
0.00201032
0.00202588
0.00204016
0.00205313
0.0020648
0.00207515
0.00208414
0.00209166
0.00209757
0.00210195
0.00210528
0.00210778
0.00210911
0.00210913
0.00210766
0.00210433
0.0020986
0.00209033
0.00207939
0.00206906
0.00206057
0.0020525
0.00204295
0.00203198
0.00201985
0.00200678
0.00199292
0.00197841
0.00196332
0.00194772
0.00193165
0.00191514
0.00189817
0.00188087
0.00186309
0.00184578
0.00182889
0.00181219
0.00183501
3.18686e-05
0.000176826
0.00033845
0.000457079
0.000546124
0.000614506
0.000667296
0.000707906
0.00073868
0.000761357
0.000774652
0.000778489
0.000773692
0.00076157
0.00074408
0.000723561
0.000702305
0.000682175
0.000664505
0.000650696
0.000642813
0.000644029
0.000657965
0.000687453
0.00073473
0.000800686
0.000883832
0.00098072
0.00109331
0.00121563
0.00133266
0.00144752
0.00155912
0.00166423
0.00176065
0.00184773
0.00192629
0.00199778
0.00206318
0.00212334
0.00217898
0.00223068
0.0022789
0.00232404
0.00236656
0.00240711
0.00244645
0.00248508
0.00252224
0.00255758
0.00259121
0.00262318
0.00265348
0.00268211
0.00270908
0.00273439
0.00275805
0.00278008
0.00280048
0.00281926
0.00283646
0.00285208
0.0028661
0.00287851
0.00288933
0.00289864
0.00290649
0.00291294
0.00291803
0.00292166
0.00292377
0.00292438
0.00292359
0.00292143
0.00291781
0.00291234
0.00290477
0.00289499
0.00288379
0.00287289
0.00286332
0.0028541
0.00284414
0.00283307
0.0028211
0.00280846
0.00279528
0.00278164
0.0027676
0.00275317
0.00273835
0.00272313
0.00270744
0.0026912
0.00267435
0.00265678
0.00263931
0.00262252
0.00261725
0.00265213
3.65975e-05
0.000220245
0.000407094
0.000544603
0.000648033
0.00072736
0.000788547
0.000835247
0.000869735
0.000891724
0.000902726
0.000903986
0.000896734
0.000882585
0.000863695
0.000842685
0.000822426
0.000805916
0.000796378
0.000797444
0.000812982
0.00084616
0.000897765
0.000965114
0.0010434
0.0011313
0.00124366
0.0013737
0.00150419
0.00162385
0.00173673
0.00184363
0.00194334
0.00203477
0.00211774
0.00219292
0.00226144
0.00232445
0.00238294
0.00243768
0.0024893
0.00253831
0.00258517
0.00263032
0.00267419
0.00271714
0.00275908
0.00279888
0.00283661
0.00287241
0.00290638
0.00293851
0.00296878
0.00299717
0.00302372
0.00304845
0.00307138
0.00309254
0.00311195
0.00312964
0.00314567
0.00316005
0.00317262
0.00318337
0.00319241
0.00319983
0.00320576
0.0032103
0.00321358
0.00321524
0.00321517
0.00321351
0.00321042
0.00320604
0.00320038
0.00319336
0.00318489
0.003175
0.00316425
0.00315374
0.00314409
0.00313492
0.00312549
0.00311555
0.00310512
0.00309433
0.00308325
0.00307191
0.00306031
0.00304843
0.00303624
0.00302365
0.00301055
0.0029968
0.00298222
0.0029668
0.00295123
0.00293781
0.00293783
0.002983
4.05312e-05
0.000252018
0.00045958
0.00060954
0.000720122
0.000803518
0.000867187
0.0009145
0.00094793
0.000970484
0.000984351
0.000991089
0.000992084
0.000988849
0.000983219
0.000977463
0.00097437
0.000977304
0.000990043
0.00101614
0.00105755
0.00111287
0.00117653
0.0012422
0.00131977
0.00141833
0.0015334
0.00164439
0.00174931
0.00184873
0.00194306
0.00203141
0.00211298
0.00218774
0.00225636
0.0023199
0.00237938
0.00243561
0.0024892
0.00254057
0.00259011
0.00263819
0.00268518
0.00273136
0.00277686
0.00282091
0.00286262
0.00290215
0.00293972
0.00297549
0.00300953
0.00304166
0.00307182
0.00310005
0.00312638
0.00315084
0.00317345
0.00319424
0.00321325
0.00323052
0.00324618
0.00326023
0.00327201
0.00328184
0.00328987
0.00329622
0.00330101
0.00330433
0.00330622
0.00330665
0.00330566
0.00330333
0.00329979
0.00329518
0.00328962
0.00328315
0.00327574
0.0032674
0.00325839
0.00324935
0.00324086
0.00323291
0.0032251
0.00321718
0.00320908
0.00320081
0.00319238
0.00318378
0.00317497
0.0031659
0.00315648
0.00314661
0.00313613
0.00312488
0.00311269
0.00309968
0.00308664
0.00307691
0.00308119
0.00313515
4.36468e-05
0.000278029
0.000502079
0.000659162
0.00077071
0.000850391
0.00090793
0.000949986
0.000981321
0.00100523
0.00102407
0.00103961
0.00105332
0.00106663
0.00108104
0.00109823
0.00112006
0.0011485
0.00118515
0.00123043
0.00128273
0.00133858
0.00139497
0.00145304
0.00152069
0.00159722
0.00167924
0.00176174
0.00184317
0.00192223
0.0019976
0.00206839
0.00213451
0.00219632
0.00225461
0.00231019
0.00236369
0.00241553
0.00246602
0.00251541
0.00256398
0.00261206
0.00265979
0.00270696
0.00275226
0.00279538
0.00283657
0.00287599
0.00291378
0.00295008
0.00298504
0.00301772
0.00304836
0.00307706
0.00310388
0.00312881
0.00315186
0.00317305
0.0031924
0.00320993
0.00322564
0.00323947
0.00325135
0.00326136
0.00326962
0.00327622
0.00328125
0.00328481
0.00328698
0.00328784
0.00328749
0.00328603
0.0032836
0.00328035
0.00327644
0.00327195
0.00326689
0.00326124
0.00325509
0.0032488
0.00324283
0.00323735
0.00323218
0.00322711
0.00322205
0.00321692
0.00321169
0.00320629
0.00320065
0.00319469
0.00318829
0.00318135
0.00317368
0.00316516
0.00315563
0.00314537
0.00313533
0.00312939
0.00313759
0.00319865
4.63782e-05
0.000297884
0.000530017
0.000685789
0.000790615
0.000861173
0.000909324
0.000943205
0.000968713
0.00098989
0.00100943
0.00102901
0.00104988
0.00107313
0.00109972
0.00113044
0.00116574
0.00120551
0.00124899
0.00129468
0.00134064
0.00138568
0.00143061
0.00147845
0.00153248
0.00159278
0.00165746
0.00172433
0.0017915
0.00185731
0.00192072
0.00198147
0.00203978
0.00209531
0.00214901
0.0022015
0.00225315
0.0023042
0.00235482
0.00240519
0.00245543
0.00250563
0.00255467
0.00260158
0.00264657
0.00268978
0.00273133
0.00277131
0.00280973
0.0028466
0.00288178
0.00291508
0.00294653
0.00297614
0.00300389
0.00302978
0.0030538
0.00307594
0.00309622
0.00311464
0.0031312
0.00314589
0.00315873
0.00316979
0.00317914
0.00318687
0.0031931
0.00319791
0.00320144
0.00320379
0.00320511
0.00320552
0.00320517
0.00320422
0.00320283
0.00320111
0.0031991
0.00319676
0.00319412
0.00319138
0.00318885
0.0031867
0.00318489
0.00318326
0.00318171
0.00318012
0.00317841
0.00317649
0.00317426
0.00317161
0.00316843
0.00316457
0.00315988
0.00315426
0.00314762
0.00314035
0.00313353
0.00313128
0.00314298
0.00320915
4.84563e-05
0.00031065
0.000543012
0.000691937
0.000785112
0.000841852
0.00087618
0.000897646
0.00091282
0.000925907
0.000939578
0.000955351
0.00097395
0.000995777
0.00102121
0.00105039
0.00108288
0.00111774
0.00115387
0.00119032
0.0012267
0.00126385
0.0013035
0.00134761
0.00139812
0.00145405
0.00151241
0.0015725
0.00163315
0.00169327
0.00175221
0.00180975
0.00186594
0.00192093
0.00197515
0.0020289
0.0020824
0.00213581
0.00218924
0.00224271
0.00229561
0.00234666
0.00239578
0.00244303
0.00248856
0.00253247
0.00257482
0.00261565
0.00265495
0.00269269
0.00272877
0.00276313
0.00279572
0.00282653
0.00285552
0.00288268
0.00290798
0.00293143
0.00295303
0.00297278
0.0029907
0.00300681
0.00302116
0.00303379
0.00304481
0.00305429
0.00306234
0.00306908
0.00307464
0.00307915
0.00308278
0.00308567
0.00308798
0.00308987
0.00309151
0.00309303
0.00309445
0.00309578
0.00309699
0.00309818
0.00309953
0.00310118
0.00310313
0.00310525
0.00310744
0.00310957
0.00311152
0.00311319
0.00311445
0.00311517
0.00311524
0.00311453
0.00311289
0.00311026
0.00310661
0.00310242
0.00309887
0.0031001
0.00311483
0.00318413
4.99584e-05
0.000317291
0.000545215
0.000681303
0.000756423
0.000794247
0.00081169
0.000819375
0.000823647
0.000827964
0.000834215
0.000843379
0.000855904
0.000871734
0.000890723
0.000912818
0.00093726
0.000963195
0.000990262
0.00101852
0.00104849
0.00108212
0.00112016
0.00116244
0.00120955
0.00126067
0.00131459
0.00137054
0.00142775
0.00148556
0.00154347
0.00160118
0.00165851
0.0017155
0.00177225
0.00182892
0.00188559
0.00194233
0.00199882
0.00205387
0.00210704
0.00215839
0.002208
0.00225595
0.00230232
0.00234716
0.00239049
0.00243233
0.00247265
0.00251142
0.00254858
0.00258408
0.00261786
0.0026499
0.00268016
0.00270863
0.0027353
0.00276015
0.0027832
0.00280445
0.00282395
0.00284171
0.0028578
0.00287229
0.00288524
0.00289676
0.00290696
0.00291595
0.00292388
0.0029309
0.00293717
0.00294285
0.00294811
0.00295311
0.00295802
0.00296295
0.00296797
0.00297306
0.0029782
0.00298339
0.00298874
0.00299432
0.00300012
0.00300605
0.00301198
0.0030178
0.00302336
0.00302854
0.00303321
0.00303724
0.00304049
0.00304287
0.00304424
0.00304458
0.00304392
0.0030428
0.00304245
0.0030469
0.0030642
0.0031348
5.08879e-05
0.000318692
0.000538043
0.000651555
0.000700054
0.000715623
0.000717778
0.000716244
0.000715323
0.000716661
0.000720838
0.000727925
0.000737911
0.000750706
0.000766261
0.000784248
0.000803522
0.000823743
0.000845471
0.000869096
0.000894793
0.000924156
0.000957849
0.00099595
0.00103826
0.00108412
0.00113281
0.00118382
0.00123672
0.00129117
0.00134683
0.00140335
0.00146044
0.00151805
0.00157598
0.00163424
0.00169246
0.00174961
0.00180518
0.00185926
0.00191184
0.00196295
0.00201259
0.00206079
0.00210756
0.00215289
0.0021968
0.00223926
0.00228025
0.00231973
0.00235767
0.00239401
0.00242872
0.00246175
0.00249308
0.00252269
0.00255058
0.00257673
0.00260115
0.00262387
0.00264492
0.00266434
0.00268218
0.00269852
0.00271345
0.00272706
0.00273946
0.00275079
0.00276118
0.00277081
0.00277982
0.00278839
0.00279669
0.00280487
0.00281308
0.00282145
0.00283002
0.0028388
0.00284773
0.0028568
0.00286602
0.00287541
0.00288496
0.00289456
0.00290409
0.00291342
0.00292241
0.00293093
0.00293883
0.00294598
0.00295228
0.00295762
0.0029619
0.00296512
0.00296738
0.00296925
0.00297198
0.0029794
0.00299889
0.00306922
5.1581e-05
0.000321352
0.000516827
0.00059006
0.000605588
0.000603707
0.000600297
0.000599986
0.000603291
0.000609925
0.000619437
0.000631222
0.000644823
0.000659861
0.000676743
0.000694767
0.000712818
0.000731154
0.000750279
0.000770798
0.000793439
0.000819115
0.000848361
0.000881312
0.000917781
0.000957353
0.0009996
0.00104421
0.00109098
0.00113982
0.00119058
0.00124292
0.00129658
0.00135169
0.00140721
0.00146232
0.00151661
0.00157013
0.00162277
0.00167449
0.00172522
0.00177489
0.00182346
0.00187088
0.00191711
0.0019621
0.00200583
0.00204824
0.0020893
0.00212897
0.0021672
0.00220395
0.00223917
0.00227283
0.00230489
0.00233534
0.00236417
0.00239136
0.00241693
0.00244089
0.00246329
0.00248418
0.0025036
0.00252165
0.00253842
0.002554
0.00256853
0.00258213
0.00259495
0.00260715
0.00261888
0.00263031
0.0026416
0.00265289
0.00266432
0.00267599
0.00268796
0.00270022
0.00271271
0.00272539
0.00273822
0.00275119
0.00276423
0.00277726
0.00279013
0.00280273
0.0028149
0.0028265
0.0028374
0.00284748
0.00285663
0.00286476
0.00287181
0.00287779
0.00288285
0.0028876
0.00289324
0.0029034
0.00292475
0.00299354
5.14286e-05
0.000313295
0.000458279
0.000477802
0.000473334
0.000472112
0.000477789
0.000488966
0.000503088
0.00051972
0.000538208
0.000557893
0.000578196
0.000598507
0.000618507
0.000638206
0.000657573
0.000676798
0.000696128
0.000716033
0.000737149
0.000760158
0.000785566
0.000813622
0.000844332
0.000877536
0.000913034
0.00095068
0.000990435
0.00103245
0.00107669
0.00112261
0.0011698
0.00121742
0.00126555
0.00131399
0.00136255
0.00141107
0.00145941
0.00150743
0.00155501
0.00160201
0.00164834
0.00169389
0.00173857
0.0017823
0.00182501
0.00186662
0.00190708
0.00194632
0.00198428
0.00202092
0.00205617
0.00209001
0.00212238
0.00215326
0.00218264
0.00221051
0.00223688
0.00226178
0.00228524
0.00230732
0.00232809
0.00234764
0.00236607
0.00238349
0.00240001
0.00241577
0.00243092
0.00244559
0.00245994
0.00247412
0.00248826
0.00250251
0.00251697
0.00253175
0.00254688
0.00256236
0.00257812
0.0025941
0.00261023
0.00262645
0.0026427
0.00265885
0.00267478
0.00269036
0.00270543
0.00271986
0.00273352
0.00274629
0.00275809
0.00276883
0.00277847
0.00278708
0.00279481
0.00280227
0.00281068
0.00282335
0.0028463
0.00291255
5.28198e-05
0.000291108
0.000336889
0.000339553
0.000346636
0.000361388
0.000380843
0.000403012
0.000426629
0.000451274
0.000476607
0.000502349
0.000527998
0.00055307
0.000577082
0.000599678
0.000621114
0.000641908
0.000662219
0.000682358
0.000702811
0.000724107
0.000746693
0.000770884
0.00079683
0.000824557
0.00085403
0.00088522
0.000918105
0.000952512
0.00098826
0.0010255
0.00106414
0.00110397
0.00114485
0.00118662
0.00122909
0.00127211
0.0013155
0.0013591
0.00140274
0.00144628
0.00148957
0.00153247
0.00157487
0.00161664
0.00165767
0.00169787
0.00173714
0.00177541
0.00181259
0.00184862
0.00188343
0.00191697
0.0019492
0.00198009
0.00200963
0.00203781
0.00206464
0.00209017
0.00211443
0.00213749
0.00215942
0.00218031
0.00220027
0.00221939
0.0022378
0.00225561
0.00227296
0.00228997
0.00230679
0.00232355
0.00234037
0.00235737
0.00237466
0.0023923
0.00241034
0.00242875
0.00244748
0.00246644
0.00248555
0.00250471
0.00252385
0.00254283
0.00256152
0.00257979
0.00259749
0.00261448
0.00263065
0.00264589
0.00266012
0.00267328
0.00268536
0.00269642
0.00270666
0.00271669
0.00272766
0.00274264
0.00276696
0.00282993
5.83103e-05
0.000183896
0.000221792
0.000245833
0.000270777
0.000297734
0.000324992
0.000352045
0.000378849
0.000405575
0.000432448
0.000459658
0.000486514
0.00051277
0.00053812
0.000562126
0.000584717
0.000606231
0.000626933
0.000647067
0.000666912
0.000686802
0.000707086
0.000728065
0.000749969
0.000772961
0.000797154
0.00082263
0.000849448
0.000877615
0.000907135
0.000938055
0.000970365
0.00100399
0.00103886
0.00107487
0.00111189
0.00114978
0.0011884
0.00122758
0.00126717
0.00130702
0.00134697
0.00138687
0.00142656
0.00146592
0.00150481
0.00154311
0.00158072
0.00161752
0.00165344
0.00168839
0.00172231
0.00175515
0.00178686
0.00181742
0.00184682
0.00187506
0.00190216
0.00192814
0.00195307
0.001977
0.00199999
0.00202214
0.00204353
0.00206426
0.00208444
0.00210418
0.00212359
0.0021428
0.00216193
0.00218108
0.00220039
0.00221994
0.00223983
0.0022601
0.0022808
0.00230188
0.0023233
0.00234495
0.00236672
0.00238853
0.00241025
0.00243177
0.00245294
0.00247362
0.00249369
0.00251299
0.00253144
0.00254892
0.00256537
0.00258076
0.00259507
0.00260842
0.002621
0.00263341
0.00264675
0.00266379
0.00268928
0.00274843
9.41498e-05
0.000172797
0.000197872
0.000231061
0.000259833
0.000286065
0.000310161
0.000332673
0.000354353
0.000375794
0.000397315
0.000418829
0.000440652
0.000462751
0.000484937
0.00050689
0.000528344
0.000549232
0.000569626
0.000589637
0.000609388
0.00062903
0.000648747
0.000668729
0.00068916
0.0007102
0.000731986
0.000754633
0.000778233
0.00080286
0.000828577
0.000855446
0.000883502
0.000912752
0.000943175
0.000974724
0.00100733
0.0010409
0.00107532
0.00111048
0.00114624
0.00118246
0.001219
0.00125571
0.00129245
0.00132908
0.00136548
0.00140152
0.00143709
0.00147208
0.00150641
0.00154001
0.0015728
0.00160474
0.00163578
0.0016659
0.00169508
0.00172333
0.00175065
0.00177708
0.00180265
0.00182741
0.00185142
0.00187476
0.00189752
0.00191977
0.00194162
0.00196317
0.00198453
0.00200579
0.00202706
0.00204846
0.00207007
0.00209199
0.00211427
0.00213696
0.00216008
0.0021836
0.00220744
0.0022315
0.00225566
0.00227982
0.00230386
0.00232763
0.002351
0.00237384
0.00239601
0.00241738
0.00243785
0.00245735
0.0024758
0.0024932
0.00250957
0.00252499
0.0025397
0.00255427
0.00256975
0.00258862
0.00261508
0.00267004
)
;

boundaryField
{
    outlet
    {
        type            calculated;
        value           nonuniform List<scalar> 
55
(
0.00259793
0.00253423
0.00246998
0.00240606
0.00234332
0.00228258
0.00222449
0.00216937
0.00211692
0.00206594
0.00201408
0.00195779
0.00189271
0.00181469
0.00172126
0.00161345
0.00149665
0.00137995
0.00127342
0.00118474
0.00111704
0.00106904
0.00103688
0.00101604
0.00100258
0.000993571
0.000987138
0.000982286
0.000978761
0.00097682
0.000976513
0.000975455
0.000963129
0.000911318
0.000776162
0.000572853
0.000455248
0.000487966
0.000550255
0.00015493
0.000256777
0.00183501
0.00265213
0.002983
0.00313515
0.00319865
0.00320915
0.00318413
0.0031348
0.00306922
0.00299354
0.00291255
0.00282993
0.00274843
0.00267004
)
;
    }
    inlet
    {
        type            calculated;
        value           uniform 0.00101694;
    }
    lowerWall
    {
        type            nutkWallFunction;
        Cmu             0.09;
        kappa           0.41;
        E               9.8;
        value           nonuniform List<scalar> 
148
(
0
3.97747e-07
1.03823e-06
1.60381e-06
2.09681e-06
2.52084e-06
2.88033e-06
3.18054e-06
3.42734e-06
3.6268e-06
3.78487e-06
3.90721e-06
3.999e-06
4.06497e-06
4.10929e-06
4.13561e-06
4.14711e-06
4.14649e-06
4.13609e-06
4.11787e-06
4.09348e-06
4.06432e-06
4.03155e-06
3.99613e-06
3.95887e-06
3.92043e-06
3.88136e-06
3.8421e-06
3.80302e-06
3.76443e-06
3.7265e-06
3.69017e-06
3.66756e-06
0
0
0
0
0
0
0
1.96687e-07
4.45702e-07
5.99218e-07
7.13424e-07
6.88363e-07
9.16951e-07
1.8104e-06
7.38271e-06
0
9.11138e-07
1.82099e-06
2.32436e-06
2.6042e-06
2.74947e-06
2.81215e-06
2.82466e-06
2.79447e-06
2.73229e-06
2.69636e-06
2.69001e-06
2.6822e-06
2.68184e-06
2.7015e-06
2.75572e-06
2.85904e-06
3.02341e-06
3.25087e-06
3.54522e-06
3.93134e-06
4.51197e-06
5.59348e-06
7.00812e-06
8.55349e-06
1.00678e-05
1.1465e-05
1.27207e-05
1.38428e-05
1.48508e-05
1.57649e-05
1.66028e-05
1.73779e-05
1.80971e-05
1.8765e-05
1.93855e-05
1.9963e-05
2.05032e-05
2.10095e-05
2.14845e-05
2.19297e-05
2.23461e-05
2.27338e-05
2.30923e-05
2.34199e-05
2.37279e-05
2.4028e-05
2.43226e-05
2.46124e-05
2.48963e-05
2.5173e-05
2.54419e-05
2.57026e-05
2.5955e-05
2.6199e-05
2.64347e-05
2.66623e-05
2.6882e-05
2.70942e-05
2.7299e-05
2.74969e-05
2.76882e-05
2.78731e-05
2.8052e-05
2.82251e-05
2.83927e-05
2.85554e-05
2.87143e-05
2.88722e-05
2.90367e-05
2.92371e-05
2.94967e-05
2.9742e-05
2.99656e-05
3.01747e-05
3.03734e-05
3.05601e-05
3.07134e-05
3.07747e-05
3.07156e-05
3.07931e-05
3.09044e-05
3.09734e-05
3.10233e-05
3.10492e-05
3.10487e-05
3.10227e-05
3.09726e-05
3.09005e-05
3.08084e-05
3.06982e-05
3.05723e-05
3.04327e-05
3.02829e-05
3.01251e-05
2.9969e-05
2.98159e-05
2.97172e-05
2.9627e-05
2.99965e-05
)
;
    }
    upperWall
    {
        type            nutkWallFunction;
        Cmu             0.09;
        kappa           0.41;
        E               9.8;
        value           nonuniform List<scalar> 
133
(
1.21798e-05
1.2646e-05
1.30841e-05
1.34973e-05
1.38882e-05
1.42588e-05
1.46106e-05
1.49449e-05
1.52627e-05
1.55648e-05
1.58523e-05
1.61257e-05
1.63858e-05
1.66333e-05
1.68687e-05
1.70927e-05
1.73058e-05
1.75085e-05
1.77012e-05
1.78846e-05
1.80589e-05
1.82248e-05
1.83824e-05
1.85324e-05
1.8675e-05
1.88106e-05
1.89395e-05
1.90621e-05
1.91786e-05
1.92895e-05
1.93949e-05
1.94952e-05
1.95913e-05
1.97108e-05
1.98277e-05
1.99411e-05
2.00511e-05
2.01574e-05
2.02602e-05
2.03592e-05
2.04544e-05
2.05458e-05
2.06333e-05
2.07168e-05
2.07963e-05
2.08717e-05
2.0943e-05
2.10101e-05
2.10731e-05
2.11318e-05
2.11861e-05
2.12362e-05
2.12819e-05
2.13231e-05
2.13599e-05
2.13923e-05
2.14201e-05
2.14433e-05
2.1462e-05
2.14759e-05
2.14852e-05
2.14897e-05
2.14894e-05
2.14842e-05
2.1474e-05
2.14588e-05
2.14385e-05
2.1413e-05
2.13821e-05
2.13457e-05
2.13038e-05
2.12562e-05
2.12026e-05
2.1143e-05
2.10772e-05
2.1005e-05
2.09261e-05
2.08403e-05
2.07474e-05
2.06472e-05
2.05393e-05
2.04235e-05
2.02995e-05
2.01669e-05
2.00256e-05
1.98751e-05
1.97151e-05
1.95453e-05
1.93654e-05
1.91751e-05
1.8974e-05
1.8762e-05
1.85388e-05
1.83043e-05
1.80584e-05
1.78011e-05
1.75327e-05
1.72534e-05
1.69638e-05
1.66648e-05
1.63576e-05
1.60438e-05
1.57255e-05
1.54054e-05
1.5087e-05
1.47742e-05
1.44721e-05
1.41863e-05
1.39234e-05
1.36903e-05
1.34941e-05
1.33417e-05
1.32392e-05
1.31911e-05
1.31996e-05
1.32642e-05
1.33813e-05
1.35447e-05
1.37457e-05
1.39755e-05
1.42832e-05
1.46362e-05
1.49964e-05
1.53335e-05
1.56261e-05
1.58625e-05
1.60389e-05
1.61573e-05
1.62207e-05
1.62427e-05
1.62131e-05
1.62142e-05
1.61958e-05
)
;
    }
    frontAndBack
    {
        type            empty;
    }
}


// ************************************************************************* //
