/*--------------------------------*- C++ -*----------------------------------*\
| =========                 |                                                 |
| \\      /  F ield         | OpenFOAM: The Open Source CFD Toolbox           |
|  \\    /   O peration     | Version:  4.1                                   |
|   \\  /    A nd           | Web:      www.OpenFOAM.org                      |
|    \\/     M anipulation  |                                                 |
\*---------------------------------------------------------------------------*/
FoamFile
{
    version     2.0;
    format      ascii;
    class       volScalarField;
    location    "700";
    object      k;
}
// * * * * * * * * * * * * * * * * * * * * * * * * * * * * * * * * * * * * * //

dimensions      [0 2 -2 0 0 0 0];

internalField   nonuniform List<scalar> 
6820
(
0.226697
0.279347
0.331744
0.382734
0.43093
0.475126
0.51442
0.54829
0.576587
0.599476
0.617344
0.630716
0.64018
0.64634
0.649768
0.650989
0.650466
0.648594
0.645709
0.642084
0.637945
0.633472
0.628806
0.624061
0.619321
0.614654
0.610107
0.605726
0.601498
0.597637
0.593201
0.592919
0.573723
0.207938
0.216621
0.219548
0.220394
0.221057
0.222078
0.223474
0.22514
0.226961
0.228846
0.230731
0.232584
0.234394
0.236162
0.237902
0.239628
0.241358
0.243107
0.244886
0.246707
0.248574
0.250492
0.252461
0.254478
0.256539
0.258638
0.260766
0.262915
0.265066
0.267234
0.269308
0.271642
0.273194
0.201064
0.204896
0.206826
0.206612
0.205168
0.203176
0.200968
0.198675
0.196348
0.194008
0.19167
0.189349
0.187063
0.184828
0.182661
0.180578
0.178592
0.176713
0.174949
0.173308
0.171791
0.170401
0.169138
0.167998
0.166981
0.166081
0.165293
0.164613
0.164033
0.163547
0.163144
0.162821
0.162547
0.199585
0.199595
0.199834
0.199709
0.199082
0.198053
0.196754
0.195281
0.193696
0.192037
0.19033
0.188591
0.186834
0.18507
0.183308
0.181557
0.179825
0.178118
0.176444
0.174806
0.17321
0.171659
0.170156
0.168704
0.167303
0.165957
0.164664
0.163426
0.162242
0.161112
0.160036
0.159013
0.15804
0.199411
0.198486
0.19779
0.197167
0.196484
0.195676
0.194737
0.193687
0.19255
0.191348
0.190098
0.188816
0.187511
0.186191
0.184864
0.183536
0.182211
0.180895
0.17959
0.1783
0.177029
0.175777
0.174549
0.173345
0.172168
0.171018
0.169896
0.168804
0.167742
0.166711
0.165711
0.164743
0.163807
0.199395
0.198258
0.197235
0.196308
0.195431
0.194563
0.193675
0.192755
0.191799
0.190812
0.189799
0.188765
0.187716
0.186657
0.185592
0.184526
0.183461
0.182401
0.181348
0.180303
0.17927
0.17825
0.177243
0.176253
0.175279
0.174322
0.173384
0.172466
0.171567
0.170689
0.169832
0.168996
0.168182
0.199395
0.198217
0.197099
0.196044
0.195047
0.194092
0.193165
0.192252
0.191343
0.190435
0.189525
0.188612
0.187697
0.186781
0.185867
0.184955
0.184048
0.183146
0.182252
0.181366
0.180489
0.179623
0.178769
0.177926
0.177097
0.176282
0.17548
0.174694
0.173922
0.173166
0.172426
0.171702
0.170995
0.199395
0.198211
0.19707
0.195974
0.194924
0.193917
0.192948
0.19201
0.191097
0.190204
0.189326
0.188462
0.187608
0.186764
0.185929
0.185103
0.184287
0.18348
0.182683
0.181896
0.181119
0.180354
0.179599
0.178857
0.178126
0.177408
0.176702
0.176009
0.17533
0.174663
0.17401
0.17337
0.172744
0.199395
0.19821
0.197064
0.195957
0.194889
0.19386
0.192867
0.191909
0.190981
0.190082
0.189208
0.188355
0.187523
0.186708
0.18591
0.185127
0.184358
0.183603
0.182862
0.182133
0.181417
0.180714
0.180023
0.179345
0.178679
0.178026
0.177385
0.176756
0.17614
0.175536
0.174945
0.174365
0.173798
0.199395
0.19821
0.197062
0.195953
0.19488
0.193843
0.19284
0.191871
0.190934
0.190027
0.189147
0.188294
0.187465
0.186659
0.185874
0.185108
0.184361
0.183631
0.182918
0.182221
0.181539
0.180871
0.180218
0.179579
0.178953
0.17834
0.177741
0.177154
0.17658
0.176018
0.175468
0.17493
0.174403
0.199395
0.198209
0.197062
0.195951
0.194877
0.193838
0.192832
0.191858
0.190916
0.190004
0.189121
0.188264
0.187434
0.186628
0.185846
0.185085
0.184345
0.183625
0.182925
0.182242
0.181576
0.180927
0.180293
0.179675
0.179072
0.178483
0.177908
0.177346
0.176797
0.176261
0.175738
0.175226
0.174727
0.199395
0.198209
0.197061
0.195951
0.194876
0.193836
0.192829
0.191854
0.19091
0.189995
0.189109
0.188251
0.187418
0.186611
0.185828
0.185068
0.18433
0.183613
0.182916
0.182239
0.181579
0.180938
0.180314
0.179706
0.179114
0.178537
0.177974
0.177426
0.176892
0.176371
0.175862
0.175367
0.174883
0.199395
0.198209
0.197061
0.19595
0.194875
0.193834
0.192827
0.191851
0.190907
0.189991
0.189104
0.188244
0.187411
0.186603
0.185818
0.185058
0.184319
0.183603
0.182907
0.18223
0.181573
0.180934
0.180313
0.17971
0.179122
0.17855
0.177994
0.177452
0.176925
0.176411
0.175911
0.175423
0.174948
0.199395
0.198209
0.197061
0.19595
0.194874
0.193833
0.192826
0.19185
0.190905
0.189989
0.189101
0.188241
0.187407
0.186598
0.185813
0.185051
0.184313
0.183595
0.182899
0.182223
0.181566
0.180928
0.180307
0.179705
0.179119
0.178549
0.177994
0.177455
0.176931
0.17642
0.175923
0.175439
0.174968
0.199395
0.198209
0.19706
0.195949
0.194874
0.193833
0.192825
0.191849
0.190903
0.189987
0.189099
0.188238
0.187404
0.186594
0.185809
0.185047
0.184308
0.18359
0.182893
0.182217
0.18156
0.180921
0.180301
0.179698
0.179112
0.178543
0.177989
0.17745
0.176927
0.176417
0.175921
0.175438
0.174968
0.199395
0.198209
0.19706
0.195949
0.194873
0.193832
0.192824
0.191848
0.190902
0.189985
0.189097
0.188236
0.187401
0.186591
0.185806
0.185044
0.184304
0.183586
0.182889
0.182212
0.181554
0.180916
0.180295
0.179692
0.179106
0.178536
0.177982
0.177444
0.17692
0.17641
0.175914
0.175432
0.174962
0.199395
0.198209
0.19706
0.195949
0.194873
0.193832
0.192823
0.191847
0.190901
0.189984
0.189095
0.188234
0.187399
0.186589
0.185803
0.185041
0.184301
0.183582
0.182885
0.182207
0.18155
0.180911
0.18029
0.179686
0.1791
0.17853
0.177976
0.177437
0.176912
0.176403
0.175907
0.175424
0.174954
0.199395
0.198208
0.19706
0.195948
0.194873
0.193831
0.192823
0.191846
0.1909
0.189983
0.189094
0.188232
0.187397
0.186587
0.185801
0.185038
0.184298
0.183579
0.182881
0.182204
0.181545
0.180906
0.180285
0.179681
0.179094
0.178524
0.177969
0.17743
0.176906
0.176395
0.175899
0.175416
0.174946
0.199395
0.198208
0.19706
0.195948
0.194872
0.193831
0.192822
0.191845
0.190899
0.189982
0.189093
0.188231
0.187395
0.186585
0.185798
0.185035
0.184295
0.183576
0.182878
0.1822
0.181542
0.180902
0.18028
0.179676
0.179089
0.178519
0.177964
0.177424
0.176899
0.176389
0.175892
0.175408
0.174938
0.199395
0.198208
0.19706
0.195948
0.194872
0.19383
0.192821
0.191844
0.190898
0.189981
0.189092
0.18823
0.187394
0.186583
0.185796
0.185033
0.184292
0.183573
0.182875
0.182197
0.181538
0.180898
0.180276
0.179672
0.179085
0.178514
0.177958
0.177418
0.176893
0.176382
0.175885
0.175401
0.174931
0.199395
0.198208
0.19706
0.195948
0.194872
0.19383
0.192821
0.191844
0.190897
0.18998
0.189091
0.188228
0.187392
0.186581
0.185795
0.185031
0.18429
0.183571
0.182872
0.182194
0.181535
0.180895
0.180273
0.179668
0.17908
0.178509
0.177953
0.177413
0.176888
0.176376
0.175879
0.175395
0.174924
0.199395
0.198208
0.19706
0.195948
0.194872
0.19383
0.192821
0.191843
0.190897
0.189979
0.18909
0.188227
0.187391
0.18658
0.185793
0.185029
0.184288
0.183568
0.18287
0.182191
0.181532
0.180891
0.180269
0.179664
0.179076
0.178505
0.177949
0.177408
0.176883
0.176371
0.175873
0.175389
0.174918
0.199395
0.198208
0.197059
0.195948
0.194871
0.193829
0.19282
0.191843
0.190896
0.189978
0.189089
0.188226
0.18739
0.186579
0.185791
0.185028
0.184286
0.183566
0.182867
0.182189
0.181529
0.180888
0.180266
0.179661
0.179073
0.178501
0.177945
0.177404
0.176878
0.176366
0.175868
0.175383
0.174912
0.199395
0.198208
0.197059
0.195947
0.194871
0.193829
0.19282
0.191843
0.190896
0.189978
0.189088
0.188225
0.187389
0.186577
0.18579
0.185026
0.184284
0.183564
0.182865
0.182186
0.181527
0.180886
0.180263
0.179658
0.179069
0.178497
0.177941
0.1774
0.176873
0.176361
0.175863
0.175378
0.174906
0.199395
0.198208
0.197059
0.195947
0.194871
0.193829
0.19282
0.191842
0.190895
0.189977
0.189087
0.188225
0.187388
0.186576
0.185789
0.185025
0.184283
0.183563
0.182864
0.182184
0.181525
0.180883
0.18026
0.179655
0.179066
0.178494
0.177937
0.177396
0.17687
0.176357
0.175859
0.175374
0.174902
0.199395
0.198208
0.197059
0.195947
0.194871
0.193829
0.19282
0.191842
0.190895
0.189977
0.189087
0.188224
0.187387
0.186576
0.185788
0.185024
0.184282
0.183561
0.182862
0.182183
0.181523
0.180881
0.180258
0.179652
0.179064
0.178491
0.177934
0.177393
0.176866
0.176353
0.175855
0.17537
0.174897
0.199395
0.198208
0.197059
0.195947
0.194871
0.193829
0.192819
0.191842
0.190895
0.189976
0.189086
0.188224
0.187387
0.186575
0.185787
0.185023
0.184281
0.18356
0.18286
0.182181
0.181521
0.180879
0.180256
0.17965
0.179061
0.178488
0.177931
0.17739
0.176863
0.17635
0.175851
0.175366
0.174893
0.199395
0.198208
0.197059
0.195947
0.194871
0.193829
0.192819
0.191842
0.190894
0.189976
0.189086
0.188223
0.187386
0.186574
0.185786
0.185022
0.18428
0.183559
0.182859
0.18218
0.181519
0.180878
0.180254
0.179648
0.179059
0.178486
0.177929
0.177387
0.17686
0.176347
0.175848
0.175362
0.17489
0.199395
0.198208
0.197059
0.195947
0.194871
0.193829
0.192819
0.191842
0.190894
0.189976
0.189086
0.188223
0.187386
0.186574
0.185786
0.185021
0.184279
0.183558
0.182858
0.182178
0.181518
0.180876
0.180253
0.179647
0.179057
0.178484
0.177927
0.177385
0.176858
0.176345
0.175845
0.17536
0.174887
0.199395
0.198208
0.197059
0.195947
0.194871
0.193829
0.192819
0.191841
0.190894
0.189976
0.189086
0.188223
0.187385
0.186573
0.185785
0.185021
0.184278
0.183557
0.182857
0.182178
0.181517
0.180875
0.180252
0.179645
0.179056
0.178483
0.177925
0.177383
0.176856
0.176342
0.175843
0.175357
0.174884
0.199395
0.198208
0.197059
0.195947
0.194871
0.193829
0.192819
0.191841
0.190894
0.189976
0.189086
0.188222
0.187385
0.186573
0.185785
0.18502
0.184278
0.183557
0.182857
0.182177
0.181516
0.180874
0.180251
0.179644
0.179055
0.178481
0.177924
0.177382
0.176854
0.176341
0.175841
0.175355
0.174882
0.199395
0.198208
0.197059
0.195947
0.194871
0.193829
0.192819
0.191841
0.190894
0.189976
0.189086
0.188222
0.187385
0.186573
0.185785
0.18502
0.184278
0.183557
0.182857
0.182177
0.181516
0.180874
0.180251
0.179644
0.179054
0.178481
0.177923
0.177381
0.176853
0.17634
0.17584
0.175354
0.174881
0.199395
0.198208
0.197059
0.195947
0.194871
0.193829
0.192819
0.191841
0.190894
0.189976
0.189086
0.188223
0.187386
0.186573
0.185786
0.185021
0.184278
0.183558
0.182858
0.182178
0.181517
0.180875
0.180251
0.179644
0.179055
0.178481
0.177923
0.177381
0.176852
0.176339
0.175839
0.175352
0.174878
0.199395
0.198208
0.197059
0.195947
0.194871
0.193829
0.19282
0.191843
0.190896
0.189978
0.189089
0.188226
0.18739
0.186578
0.185791
0.185026
0.184284
0.183563
0.182863
0.182183
0.181522
0.180879
0.180255
0.179647
0.179056
0.178481
0.177922
0.177378
0.176848
0.176333
0.17583
0.175342
0.174865
0.199395
0.198208
0.197059
0.195948
0.194872
0.193831
0.192824
0.191848
0.190902
0.189986
0.189098
0.188236
0.1874
0.186589
0.185801
0.185036
0.184293
0.183571
0.182869
0.182186
0.181522
0.180877
0.180248
0.179636
0.179041
0.178461
0.177897
0.177347
0.176811
0.176289
0.175781
0.175285
0.174802
0.199395
0.198209
0.197062
0.195955
0.194886
0.193853
0.192854
0.191885
0.190945
0.190033
0.189146
0.188284
0.187446
0.186631
0.185838
0.185066
0.184314
0.183582
0.182869
0.182174
0.181497
0.180837
0.180194
0.179567
0.178956
0.17836
0.177779
0.177212
0.176659
0.176119
0.175593
0.175079
0.174577
0.199395
0.198223
0.197106
0.196032
0.194988
0.19397
0.192977
0.192008
0.191061
0.190136
0.189233
0.188352
0.187492
0.186652
0.185833
0.185034
0.184253
0.183492
0.182748
0.182022
0.181314
0.180622
0.179947
0.179288
0.178644
0.178015
0.1774
0.1768
0.176214
0.175641
0.175082
0.174535
0.174001
0.19941
0.198319
0.197296
0.196301
0.19531
0.194319
0.193329
0.192346
0.191374
0.190417
0.189479
0.188561
0.187664
0.186788
0.185934
0.185101
0.184288
0.183495
0.182721
0.181966
0.18123
0.180511
0.179809
0.179123
0.178454
0.1778
0.177161
0.176537
0.175927
0.175331
0.174749
0.17418
0.173624
0.199716
0.199139
0.19847
0.197764
0.197072
0.196419
0.195812
0.195251
0.194735
0.194262
0.193831
0.193441
0.193089
0.192773
0.192493
0.192245
0.192027
0.191839
0.191676
0.191539
0.191425
0.191332
0.191258
0.191203
0.191164
0.191141
0.191132
0.191136
0.191152
0.191179
0.191217
0.191264
0.191319
0.205424
0.216593
0.227629
0.238434
0.248976
0.259243
0.269229
0.278926
0.288326
0.297424
0.306216
0.314701
0.322877
0.330747
0.338313
0.345577
0.352546
0.359225
0.365619
0.371736
0.377584
0.383171
0.388503
0.393591
0.398442
0.403065
0.407469
0.411661
0.415651
0.419447
0.423057
0.426489
0.429753
0.66007
0.768131
0.874152
0.981721
1.0924
1.20233
1.30503
1.39455
1.46735
1.52304
1.56382
1.59317
1.6147
1.63136
1.64511
1.65696
1.66723
1.67586
1.68266
1.68751
1.69044
1.69163
1.69136
1.68994
1.68769
1.68486
1.68164
1.67819
1.67461
1.67097
1.66732
1.66368
1.66005
1.65641
1.65268
1.64878
1.64458
1.63994
1.63469
1.62867
1.62168
1.61355
1.60411
1.59319
1.58065
1.56637
1.55024
1.53222
1.51228
1.49042
1.46671
1.44124
1.41414
1.38558
1.35579
1.32498
1.29342
1.2614
1.2292
1.19712
1.16543
1.13443
1.10435
1.07545
1.04791
1.02191
0.99759
0.975038
0.954321
0.935466
0.918471
0.903302
0.889901
0.878185
0.868055
0.859396
0.85208
0.845971
0.840926
0.8368
0.833448
0.830724
0.82849
0.826612
0.824964
0.823429
0.821897
0.82027
0.81846
0.816386
0.81398
0.811179
0.80793
0.804182
0.799902
0.79503
0.7896
0.783364
0.777162
0.766557
0.276539
0.284722
0.29801
0.317403
0.344422
0.380582
0.426976
0.483938
0.550785
0.625775
0.706312
0.7893
0.871548
0.950156
1.02282
1.08798
1.14493
1.19364
1.23468
1.26892
1.29738
1.32102
1.34064
1.35686
1.37012
1.38073
1.38895
1.39502
1.39916
1.4016
1.40258
1.40229
1.40089
1.39849
1.39517
1.39094
1.3858
1.37973
1.37265
1.36449
1.35519
1.34464
1.33276
1.31947
1.30471
1.28843
1.27058
1.25118
1.23024
1.20782
1.18402
1.15896
1.1328
1.10573
1.07795
1.04971
1.02126
0.992853
0.964747
0.937199
0.910452
0.884732
0.860239
0.837149
0.815607
0.795727
0.77759
0.761247
0.746718
0.733996
0.72305
0.713825
0.706249
0.700232
0.695673
0.692456
0.690459
0.689551
0.689599
0.690464
0.692007
0.694091
0.696581
0.699347
0.702262
0.705209
0.708079
0.710769
0.713187
0.71525
0.716883
0.71802
0.718604
0.71858
0.71791
0.716535
0.714476
0.711532
0.708297
0.701893
0.162234
0.162075
0.162291
0.163025
0.16457
0.167276
0.171574
0.177999
0.187195
0.199894
0.216877
0.238913
0.266664
0.300586
0.340817
0.387095
0.438705
0.494492
0.552927
0.61225
0.67065
0.726463
0.778341
0.825355
0.867028
0.903278
0.934327
0.96058
0.982521
1.00063
1.01534
1.02701
1.03595
1.04239
1.04656
1.0486
1.04866
1.04685
1.04328
1.038
1.03108
1.02255
1.01246
1.00084
0.987712
0.973125
0.957133
0.939807
0.921239
0.90154
0.880846
0.859314
0.837123
0.814468
0.791558
0.768611
0.745849
0.723491
0.701749
0.68082
0.660887
0.642108
0.624618
0.608529
0.593923
0.58086
0.569375
0.559479
0.551167
0.544414
0.53918
0.535412
0.533047
0.532011
0.53222
0.533585
0.536007
0.539383
0.543603
0.54855
0.554108
0.560154
0.566568
0.573228
0.580014
0.586812
0.59351
0.600006
0.606201
0.612006
0.617339
0.622127
0.626303
0.629808
0.632594
0.634601
0.635828
0.636127
0.635814
0.633662
0.156976
0.15582
0.154717
0.153683
0.152725
0.151877
0.151188
0.150724
0.150572
0.150846
0.151687
0.153273
0.155823
0.159602
0.164923
0.172151
0.181687
0.193947
0.209325
0.228137
0.250556
0.276554
0.305858
0.33794
0.372046
0.40726
0.442596
0.477092
0.509899
0.540336
0.567926
0.592385
0.613598
0.63158
0.646435
0.658315
0.667398
0.673863
0.677883
0.67962
0.679226
0.676839
0.672593
0.666615
0.659033
0.649976
0.639578
0.627979
0.615327
0.601781
0.587507
0.572679
0.557478
0.542086
0.526686
0.511458
0.496573
0.48219
0.468456
0.455498
0.443426
0.432331
0.422285
0.41334
0.405532
0.398884
0.393406
0.389096
0.385944
0.383937
0.383051
0.383261
0.384536
0.386841
0.390136
0.394374
0.399503
0.405461
0.412181
0.419584
0.427587
0.436096
0.445013
0.454233
0.463649
0.47315
0.482628
0.491976
0.501089
0.50987
0.518224
0.526066
0.533318
0.539906
0.545768
0.550837
0.555086
0.558416
0.560843
0.562825
0.162755
0.161579
0.160413
0.159263
0.158129
0.157014
0.155926
0.154875
0.153875
0.152943
0.152104
0.151387
0.150827
0.150471
0.150373
0.150597
0.151224
0.152345
0.154071
0.156526
0.159849
0.16419
0.169699
0.17652
0.184766
0.194506
0.205742
0.218394
0.232288
0.247165
0.262691
0.278483
0.294138
0.309264
0.323508
0.336571
0.348222
0.3583
0.366705
0.3734
0.378392
0.381725
0.383474
0.383735
0.382619
0.380249
0.376759
0.372286
0.366974
0.360968
0.354416
0.347462
0.340247
0.332908
0.325573
0.318358
0.31137
0.304702
0.298436
0.292637
0.287361
0.282651
0.278541
0.275055
0.272211
0.270025
0.268506
0.267664
0.267507
0.268045
0.269285
0.271238
0.273911
0.277314
0.281451
0.286326
0.291935
0.298268
0.305308
0.313025
0.321379
0.330318
0.339779
0.349686
0.359953
0.370485
0.381181
0.391935
0.40264
0.413186
0.423469
0.433386
0.44284
0.451739
0.460001
0.467544
0.474309
0.480239
0.485039
0.490787
0.167258
0.166213
0.165165
0.164117
0.163068
0.162022
0.160979
0.159943
0.158915
0.157901
0.156905
0.155935
0.155
0.154111
0.153281
0.152526
0.151866
0.151321
0.150917
0.150682
0.150647
0.150845
0.151314
0.152092
0.153219
0.154733
0.156669
0.159057
0.161914
0.165244
0.169032
0.173243
0.177818
0.182677
0.187719
0.19283
0.197886
0.202762
0.207341
0.211518
0.215205
0.218336
0.220868
0.22278
0.224073
0.224766
0.224895
0.224508
0.223662
0.222423
0.220859
0.21904
0.217034
0.214907
0.212721
0.210532
0.20839
0.206341
0.204422
0.202666
0.201101
0.199751
0.198637
0.197778
0.19719
0.196891
0.196897
0.197227
0.197899
0.198937
0.200363
0.202203
0.204487
0.207243
0.210503
0.214298
0.218658
0.223609
0.229175
0.235371
0.242203
0.249667
0.257746
0.266409
0.275611
0.285292
0.295376
0.305777
0.316399
0.327136
0.337878
0.348514
0.358931
0.369018
0.37867
0.387785
0.396268
0.404095
0.410675
0.419498
0.170189
0.169272
0.168348
0.167417
0.166481
0.165539
0.164594
0.163646
0.162696
0.161745
0.160795
0.159849
0.15891
0.15798
0.157064
0.156168
0.155299
0.154462
0.153668
0.152925
0.152243
0.151635
0.151112
0.150685
0.150368
0.150171
0.150107
0.150186
0.150414
0.150799
0.151342
0.152041
0.15289
0.153878
0.154987
0.156195
0.157476
0.158798
0.160128
0.161431
0.162675
0.163829
0.164864
0.16576
0.1665
0.167075
0.167481
0.167723
0.167807
0.167747
0.167559
0.167261
0.166873
0.166417
0.165912
0.165378
0.164834
0.164299
0.163787
0.163314
0.162894
0.162539
0.162263
0.162077
0.161994
0.162026
0.162187
0.162492
0.162959
0.163606
0.164454
0.165526
0.166848
0.168451
0.170364
0.172623
0.175263
0.178322
0.181838
0.185848
0.190385
0.195479
0.201153
0.207421
0.214284
0.221731
0.229736
0.238255
0.247231
0.256589
0.266242
0.276091
0.286029
0.295941
0.305711
0.315225
0.324354
0.333103
0.340631
0.351466
0.172029
0.171215
0.170391
0.169559
0.16872
0.167873
0.167019
0.166159
0.165293
0.164422
0.163547
0.162669
0.161788
0.160907
0.160027
0.15915
0.158279
0.157418
0.156568
0.155735
0.154924
0.154138
0.153383
0.152666
0.15199
0.151363
0.150788
0.150272
0.149819
0.149431
0.149111
0.14886
0.148679
0.148564
0.148514
0.148521
0.14858
0.148682
0.148817
0.148976
0.149147
0.14932
0.149483
0.149629
0.149747
0.149833
0.14988
0.149885
0.149849
0.14977
0.149651
0.149495
0.149307
0.149091
0.148853
0.148598
0.148333
0.148064
0.147795
0.147534
0.147285
0.147055
0.146849
0.146674
0.146536
0.146443
0.146403
0.146425
0.14652
0.1467
0.146979
0.147371
0.147897
0.148575
0.149429
0.150484
0.151768
0.153313
0.155152
0.15732
0.159854
0.162791
0.166167
0.170016
0.174368
0.179246
0.184665
0.190627
0.197124
0.20413
0.211605
0.219491
0.227716
0.236194
0.244825
0.253505
0.262098
0.270634
0.27813
0.289596
0.17315
0.172412
0.171665
0.170909
0.170146
0.169375
0.168596
0.16781
0.167017
0.166217
0.165411
0.1646
0.163784
0.162963
0.16214
0.161314
0.160487
0.159661
0.158837
0.158017
0.157204
0.1564
0.155608
0.15483
0.15407
0.15333
0.152614
0.151925
0.151265
0.150637
0.150044
0.149486
0.148965
0.148482
0.148036
0.147626
0.147251
0.146907
0.146594
0.146306
0.14604
0.145791
0.145557
0.145332
0.145112
0.144894
0.144675
0.144451
0.144222
0.143985
0.14374
0.143485
0.143222
0.14295
0.142671
0.142384
0.142092
0.141795
0.141496
0.141196
0.140896
0.140599
0.140306
0.140021
0.139746
0.139486
0.139244
0.139024
0.138834
0.13868
0.13857
0.138514
0.138523
0.138609
0.138787
0.139074
0.139488
0.140052
0.140788
0.141723
0.142885
0.144304
0.146013
0.148043
0.150428
0.153201
0.156391
0.160023
0.164117
0.168683
0.173722
0.179222
0.185157
0.191486
0.198151
0.205086
0.21218
0.219491
0.226043
0.236689
0.173803
0.173118
0.172426
0.171727
0.17102
0.170306
0.169585
0.168856
0.168121
0.167378
0.16663
0.165875
0.165115
0.164349
0.163578
0.162804
0.162026
0.161246
0.160464
0.159682
0.158901
0.158122
0.157347
0.156577
0.155815
0.155061
0.154318
0.153588
0.152873
0.152174
0.151493
0.150832
0.150192
0.149574
0.148978
0.148406
0.147857
0.147331
0.146828
0.146345
0.145883
0.145439
0.145012
0.144599
0.1442
0.143811
0.143432
0.14306
0.142693
0.142331
0.141971
0.141613
0.141255
0.140896
0.140537
0.140175
0.13981
0.139443
0.139072
0.138698
0.13832
0.137939
0.137555
0.137168
0.13678
0.136392
0.136006
0.135623
0.135248
0.134884
0.134535
0.134207
0.133906
0.133639
0.133416
0.133247
0.133143
0.133119
0.133189
0.133372
0.133686
0.134153
0.134795
0.135639
0.13671
0.138035
0.139644
0.141563
0.143818
0.146433
0.149425
0.152807
0.156584
0.16075
0.165287
0.17017
0.17533
0.18085
0.185892
0.194607
0.174157
0.173509
0.172855
0.172194
0.171527
0.170854
0.170174
0.169488
0.168796
0.168097
0.167392
0.166682
0.165965
0.165244
0.164517
0.163786
0.163051
0.162313
0.161572
0.160828
0.160083
0.159338
0.158594
0.15785
0.15711
0.156372
0.15564
0.154914
0.154196
0.153486
0.152785
0.152097
0.15142
0.150757
0.150107
0.149473
0.148855
0.148252
0.147666
0.147095
0.146541
0.146002
0.145477
0.144967
0.14447
0.143985
0.143512
0.143048
0.142593
0.142146
0.141705
0.141268
0.140836
0.140406
0.139978
0.13955
0.13912
0.138689
0.138255
0.137816
0.137373
0.136924
0.136469
0.136007
0.135539
0.135065
0.134584
0.134099
0.13361
0.133119
0.132628
0.13214
0.131659
0.131189
0.130735
0.130303
0.129901
0.129537
0.12922
0.128962
0.128774
0.128672
0.12867
0.128786
0.129039
0.129449
0.130038
0.130827
0.13184
0.133098
0.134623
0.136434
0.138544
0.140966
0.143703
0.146753
0.150086
0.153786
0.157225
0.163552
0.174332
0.173707
0.173077
0.172441
0.1718
0.171154
0.170502
0.169845
0.169183
0.168515
0.167842
0.167164
0.16648
0.165792
0.165099
0.164402
0.163701
0.162996
0.162288
0.161578
0.160865
0.160151
0.159435
0.15872
0.158005
0.157291
0.15658
0.155871
0.155166
0.154465
0.153771
0.153082
0.152401
0.151729
0.151065
0.150411
0.149768
0.149136
0.148515
0.147906
0.147309
0.146725
0.146152
0.145591
0.145041
0.144502
0.143973
0.143454
0.142944
0.142442
0.141946
0.141456
0.140971
0.14049
0.14001
0.139532
0.139053
0.138573
0.13809
0.137602
0.13711
0.136612
0.136106
0.135592
0.13507
0.134539
0.133999
0.133449
0.132891
0.132324
0.13175
0.131171
0.130588
0.130003
0.129419
0.12884
0.128271
0.127715
0.12718
0.12667
0.126196
0.125764
0.125386
0.125073
0.124837
0.124692
0.124654
0.124738
0.124962
0.125343
0.125899
0.126648
0.127606
0.128786
0.1302
0.131857
0.133746
0.135938
0.138015
0.142097
0.174408
0.173795
0.173178
0.172557
0.171932
0.171303
0.170669
0.17003
0.169387
0.16874
0.168088
0.167432
0.166771
0.166106
0.165437
0.164764
0.164088
0.163408
0.162725
0.16204
0.161352
0.160662
0.159971
0.15928
0.158587
0.157895
0.157204
0.156513
0.155825
0.155139
0.154457
0.153779
0.153105
0.152436
0.151774
0.151118
0.150469
0.149828
0.149196
0.148572
0.147957
0.147351
0.146755
0.146168
0.14559
0.145021
0.144461
0.143909
0.143365
0.142828
0.142297
0.141772
0.141251
0.140733
0.140218
0.139704
0.139189
0.138674
0.138156
0.137633
0.137106
0.136573
0.136032
0.135483
0.134925
0.134357
0.133778
0.133189
0.132589
0.131978
0.131356
0.130724
0.130083
0.129435
0.12878
0.12812
0.127459
0.126799
0.126144
0.125497
0.124863
0.124248
0.123658
0.1231
0.122582
0.122113
0.121704
0.121365
0.121108
0.120947
0.120894
0.120964
0.121169
0.121524
0.12204
0.122728
0.123587
0.124669
0.125726
0.128012
0.174433
0.173826
0.173216
0.172603
0.171986
0.171366
0.170742
0.170114
0.169483
0.168848
0.168209
0.167566
0.16692
0.16627
0.165617
0.164961
0.164301
0.163638
0.162973
0.162305
0.161635
0.160964
0.160291
0.159616
0.158941
0.158266
0.157591
0.156916
0.156243
0.155571
0.154901
0.154233
0.153569
0.152908
0.152252
0.1516
0.150953
0.150312
0.149677
0.149049
0.148427
0.147813
0.147205
0.146606
0.146013
0.145428
0.14485
0.144279
0.143715
0.143156
0.142603
0.142054
0.14151
0.140968
0.140428
0.139889
0.13935
0.13881
0.138267
0.137721
0.137169
0.136612
0.136047
0.135474
0.134892
0.1343
0.133698
0.133084
0.132458
0.131821
0.131171
0.13051
0.129838
0.129154
0.128461
0.127758
0.127049
0.126333
0.125614
0.124894
0.124175
0.123461
0.122756
0.122064
0.12139
0.12074
0.12012
0.119538
0.119001
0.118518
0.118098
0.117751
0.117489
0.11732
0.117256
0.117305
0.117474
0.117792
0.118143
0.119116
0.174435
0.173831
0.173224
0.172614
0.172002
0.171386
0.170767
0.170145
0.169519
0.168891
0.168259
0.167625
0.166987
0.166346
0.165702
0.165055
0.164406
0.163754
0.1631
0.162444
0.161786
0.161126
0.160465
0.159803
0.15914
0.158476
0.157813
0.157149
0.156487
0.155825
0.155165
0.154506
0.15385
0.153197
0.152546
0.151899
0.151256
0.150618
0.149984
0.149355
0.148732
0.148114
0.147502
0.146896
0.146296
0.145702
0.145114
0.144532
0.143955
0.143383
0.142816
0.142252
0.141692
0.141134
0.140578
0.140023
0.139467
0.13891
0.13835
0.137787
0.137219
0.136645
0.136064
0.135475
0.134878
0.13427
0.133653
0.133024
0.132383
0.13173
0.131065
0.130387
0.129698
0.128996
0.128282
0.127558
0.126823
0.126079
0.125328
0.12457
0.123808
0.123043
0.122278
0.121516
0.120759
0.120012
0.119278
0.118561
0.117867
0.117202
0.116571
0.115981
0.11544
0.114954
0.114532
0.114182
0.113909
0.113727
0.113613
0.113684
0.174429
0.173826
0.17322
0.172611
0.172
0.171386
0.170769
0.170149
0.169527
0.168901
0.168273
0.167642
0.167009
0.166373
0.165734
0.165093
0.164449
0.163804
0.163156
0.162506
0.161855
0.161202
0.160549
0.159894
0.159238
0.158582
0.157926
0.15727
0.156614
0.15596
0.155306
0.154653
0.154003
0.153355
0.152709
0.152066
0.151426
0.15079
0.150157
0.149529
0.148905
0.148286
0.147672
0.147063
0.146458
0.145859
0.145265
0.144676
0.144091
0.143511
0.142934
0.142361
0.14179
0.141222
0.140654
0.140088
0.13952
0.138952
0.138381
0.137806
0.137227
0.136642
0.136051
0.135451
0.134844
0.134227
0.1336
0.132961
0.132312
0.13165
0.130976
0.13029
0.129591
0.12888
0.128156
0.127421
0.126674
0.125917
0.12515
0.124374
0.12359
0.122801
0.122007
0.121209
0.120411
0.119614
0.11882
0.118034
0.117256
0.116492
0.115745
0.11502
0.11432
0.113652
0.11302
0.11243
0.111889
0.111396
0.110992
0.110473
0.174421
0.173818
0.173212
0.172603
0.171992
0.171378
0.170762
0.170143
0.169521
0.168897
0.16827
0.167641
0.167009
0.166375
0.165739
0.1651
0.16446
0.163817
0.163173
0.162527
0.161879
0.16123
0.16058
0.159929
0.159277
0.158625
0.157973
0.157321
0.156669
0.156018
0.155368
0.154719
0.154072
0.153426
0.152783
0.152142
0.151504
0.150869
0.150237
0.149609
0.148984
0.148364
0.147748
0.147137
0.146529
0.145927
0.145328
0.144734
0.144144
0.143557
0.142974
0.142394
0.141817
0.141241
0.140666
0.140091
0.139516
0.138939
0.13836
0.137778
0.137191
0.136599
0.136
0.135394
0.13478
0.134157
0.133524
0.13288
0.132226
0.131559
0.130881
0.13019
0.129487
0.128771
0.128043
0.127303
0.126551
0.125788
0.125014
0.12423
0.123437
0.122637
0.121829
0.121015
0.120197
0.119376
0.118554
0.117732
0.116913
0.116098
0.11529
0.114493
0.113708
0.112939
0.11219
0.111464
0.110768
0.110091
0.109515
0.108629
0.174413
0.173809
0.173202
0.172593
0.171982
0.171368
0.170751
0.170132
0.169511
0.168887
0.168261
0.167632
0.167001
0.166368
0.165732
0.165094
0.164455
0.163813
0.16317
0.162526
0.161879
0.161232
0.160584
0.159934
0.159284
0.158634
0.157983
0.157333
0.156683
0.156033
0.155384
0.154736
0.15409
0.153445
0.152802
0.152162
0.151524
0.150888
0.150256
0.149627
0.149002
0.14838
0.147762
0.147148
0.146538
0.145932
0.14533
0.144731
0.144137
0.143546
0.142958
0.142373
0.141789
0.141208
0.140627
0.140047
0.139466
0.138883
0.138299
0.13771
0.137118
0.136521
0.135918
0.135307
0.134689
0.134062
0.133425
0.132778
0.132121
0.131452
0.130771
0.130078
0.129373
0.128656
0.127926
0.127184
0.126431
0.125666
0.12489
0.124104
0.123308
0.122503
0.12169
0.120869
0.120043
0.119211
0.118376
0.117538
0.116698
0.115859
0.115021
0.114187
0.113358
0.112537
0.111726
0.110926
0.110145
0.109364
0.10869
0.107589
0.174404
0.1738
0.173193
0.172584
0.171972
0.171357
0.170741
0.170121
0.1695
0.168875
0.168249
0.16762
0.166989
0.166356
0.16572
0.165083
0.164444
0.163802
0.163159
0.162515
0.161869
0.161222
0.160574
0.159925
0.159275
0.158625
0.157975
0.157324
0.156674
0.156024
0.155375
0.154727
0.15408
0.153435
0.152791
0.152149
0.15151
0.150874
0.15024
0.149609
0.148981
0.148357
0.147737
0.14712
0.146507
0.145898
0.145292
0.14469
0.144092
0.143496
0.142904
0.142314
0.141726
0.14114
0.140555
0.13997
0.139384
0.138797
0.138208
0.137615
0.137019
0.136418
0.135811
0.135197
0.134576
0.133946
0.133307
0.132659
0.131999
0.131329
0.130647
0.129954
0.129248
0.128531
0.127801
0.12706
0.126306
0.125541
0.124766
0.123979
0.123183
0.122377
0.121562
0.12074
0.119911
0.119075
0.118234
0.117389
0.116541
0.11569
0.114839
0.113987
0.113137
0.112289
0.111446
0.110608
0.109782
0.108945
0.108219
0.106996
0.174397
0.173792
0.173184
0.172575
0.171962
0.171347
0.17073
0.17011
0.169488
0.168864
0.168237
0.167608
0.166976
0.166343
0.165707
0.16507
0.16443
0.163789
0.163145
0.162501
0.161855
0.161207
0.160559
0.159909
0.159259
0.158608
0.157957
0.157306
0.156655
0.156004
0.155354
0.154704
0.154056
0.153409
0.152764
0.15212
0.151479
0.15084
0.150204
0.149571
0.148941
0.148314
0.14769
0.14707
0.146454
0.145841
0.145232
0.144626
0.144023
0.143424
0.142828
0.142234
0.141642
0.141051
0.140461
0.139872
0.139282
0.138691
0.138098
0.137502
0.136903
0.136299
0.135689
0.135072
0.134449
0.133817
0.133177
0.132527
0.131867
0.131196
0.130514
0.12982
0.129115
0.128398
0.127669
0.126928
0.126175
0.125411
0.124636
0.123851
0.123055
0.12225
0.121435
0.120613
0.119783
0.118947
0.118104
0.117257
0.116405
0.115549
0.114691
0.113831
0.112971
0.112111
0.111252
0.110395
0.109545
0.108679
0.107926
0.106637
0.174389
0.173784
0.173176
0.172566
0.171953
0.171338
0.17072
0.1701
0.169478
0.168853
0.168225
0.167596
0.166964
0.16633
0.165694
0.165056
0.164416
0.163774
0.163131
0.162485
0.161839
0.161191
0.160541
0.159891
0.15924
0.158588
0.157936
0.157283
0.156631
0.155979
0.155327
0.154676
0.154026
0.153377
0.152729
0.152084
0.15144
0.150799
0.15016
0.149524
0.14889
0.14826
0.147633
0.14701
0.14639
0.145773
0.14516
0.14455
0.143944
0.14334
0.14274
0.142142
0.141545
0.140951
0.140357
0.139764
0.13917
0.138576
0.137979
0.13738
0.136777
0.13617
0.135558
0.134939
0.134314
0.13368
0.133039
0.132388
0.131727
0.131055
0.130373
0.12968
0.128975
0.128258
0.127529
0.126789
0.126038
0.125275
0.124501
0.123716
0.122921
0.122117
0.121303
0.120481
0.119652
0.118815
0.117972
0.117124
0.11627
0.115413
0.114552
0.113688
0.112823
0.111956
0.111089
0.110222
0.109361
0.108479
0.107712
0.106387
0.174383
0.173777
0.173169
0.172558
0.171945
0.171329
0.170711
0.170091
0.169468
0.168842
0.168215
0.167585
0.166953
0.166318
0.165682
0.165043
0.164403
0.16376
0.163116
0.16247
0.161823
0.161174
0.160524
0.159873
0.15922
0.158568
0.157914
0.15726
0.156606
0.155953
0.155299
0.154646
0.153994
0.153343
0.152693
0.152045
0.151399
0.150754
0.150112
0.149473
0.148837
0.148203
0.147573
0.146945
0.146322
0.145701
0.145084
0.144471
0.14386
0.143253
0.142648
0.142046
0.141445
0.140847
0.140249
0.139652
0.139055
0.138456
0.137856
0.137254
0.136648
0.136038
0.135424
0.134803
0.134175
0.13354
0.132897
0.132245
0.131583
0.130911
0.130228
0.129534
0.128829
0.128113
0.127385
0.126645
0.125894
0.125131
0.124358
0.123574
0.122779
0.121975
0.121162
0.12034
0.119511
0.118674
0.11783
0.116981
0.116126
0.115267
0.114404
0.113538
0.112669
0.111799
0.110927
0.110054
0.109186
0.108295
0.10752
0.106175
0.174377
0.173771
0.173162
0.172551
0.171937
0.171321
0.170703
0.170082
0.169458
0.168833
0.168204
0.167574
0.166941
0.166307
0.16567
0.165031
0.16439
0.163747
0.163102
0.162455
0.161807
0.161158
0.160507
0.159855
0.159202
0.158548
0.157893
0.157238
0.156582
0.155927
0.155271
0.154617
0.153962
0.153309
0.152657
0.152006
0.151357
0.15071
0.150065
0.149423
0.148783
0.148146
0.147512
0.146881
0.146254
0.14563
0.145009
0.144391
0.143776
0.143165
0.142556
0.14195
0.141345
0.140743
0.140141
0.13954
0.138939
0.138337
0.137734
0.137128
0.136519
0.135906
0.135289
0.134666
0.134036
0.133399
0.132754
0.1321
0.131437
0.130764
0.13008
0.129386
0.12868
0.127963
0.127234
0.126494
0.125743
0.12498
0.124206
0.123421
0.122626
0.121822
0.121008
0.120185
0.119354
0.118516
0.117671
0.11682
0.115964
0.115102
0.114237
0.113368
0.112496
0.111622
0.110746
0.109868
0.108995
0.108098
0.107317
0.105957
0.174371
0.173765
0.173156
0.172544
0.17193
0.171314
0.170695
0.170073
0.16945
0.168824
0.168195
0.167564
0.166931
0.166296
0.165659
0.165019
0.164377
0.163734
0.163089
0.162441
0.161793
0.161142
0.160491
0.159838
0.159183
0.158528
0.157872
0.157216
0.156559
0.155902
0.155245
0.154588
0.153932
0.153276
0.152622
0.151969
0.151317
0.150667
0.15002
0.149374
0.148731
0.148091
0.147454
0.146819
0.146188
0.14556
0.144935
0.144313
0.143695
0.143079
0.142466
0.141856
0.141248
0.140641
0.140035
0.13943
0.138826
0.13822
0.137613
0.137004
0.136392
0.135776
0.135155
0.134529
0.133896
0.133257
0.132609
0.131953
0.131288
0.130613
0.129928
0.129231
0.128524
0.127805
0.127075
0.126333
0.12558
0.124815
0.12404
0.123253
0.122456
0.121649
0.120833
0.120008
0.119175
0.118334
0.117486
0.116632
0.115772
0.114907
0.114038
0.113165
0.112289
0.11141
0.11053
0.109647
0.108768
0.107864
0.107078
0.105706
0.174366
0.173759
0.17315
0.172538
0.171924
0.171307
0.170688
0.170066
0.169442
0.168815
0.168186
0.167555
0.166922
0.166286
0.165648
0.165008
0.164366
0.163722
0.163076
0.162428
0.161779
0.161128
0.160475
0.159821
0.159166
0.15851
0.157853
0.157195
0.156537
0.155878
0.15522
0.154561
0.153903
0.153246
0.152589
0.151934
0.151279
0.150627
0.149976
0.149328
0.148682
0.148039
0.147398
0.14676
0.146125
0.145494
0.144865
0.144239
0.143617
0.142997
0.14238
0.141766
0.141153
0.140542
0.139933
0.139324
0.138715
0.138105
0.137494
0.136881
0.136265
0.135645
0.135021
0.134391
0.133755
0.133112
0.132461
0.131802
0.131133
0.130455
0.129766
0.129067
0.128356
0.127634
0.1269
0.126155
0.125398
0.12463
0.12385
0.12306
0.122259
0.121448
0.120627
0.119798
0.11896
0.118114
0.117261
0.116402
0.115537
0.114666
0.113792
0.112913
0.112031
0.111146
0.110259
0.109369
0.108484
0.107573
0.10678
0.105396
0.174361
0.173754
0.173145
0.172532
0.171918
0.171301
0.170681
0.170059
0.169434
0.168807
0.168178
0.167547
0.166913
0.166277
0.165638
0.164998
0.164355
0.163711
0.163064
0.162416
0.161766
0.161114
0.160461
0.159806
0.15915
0.158493
0.157835
0.157176
0.156516
0.155856
0.155196
0.154536
0.153876
0.153217
0.152558
0.1519
0.151244
0.150589
0.149936
0.149285
0.148636
0.147989
0.147345
0.146704
0.146066
0.14543
0.144798
0.144168
0.143542
0.142918
0.142297
0.141678
0.141061
0.140446
0.139832
0.139218
0.138605
0.13799
0.137375
0.136757
0.136136
0.135511
0.134882
0.134248
0.133607
0.132959
0.132303
0.131638
0.130965
0.130281
0.129587
0.128882
0.128166
0.127438
0.126698
0.125947
0.125184
0.124409
0.123623
0.122826
0.122019
0.121201
0.120373
0.119536
0.118691
0.117838
0.116977
0.11611
0.115238
0.114359
0.113477
0.11259
0.1117
0.110807
0.109912
0.109014
0.10812
0.1072
0.1064
0.105001
0.174357
0.17375
0.17314
0.172527
0.171912
0.171295
0.170675
0.170053
0.169428
0.1688
0.168171
0.167539
0.166905
0.166268
0.165629
0.164988
0.164345
0.1637
0.163053
0.162404
0.161754
0.161101
0.160447
0.159792
0.159135
0.158477
0.157818
0.157158
0.156497
0.155836
0.155174
0.154512
0.153851
0.153189
0.152529
0.151869
0.15121
0.150553
0.149897
0.149243
0.148591
0.147942
0.147295
0.14665
0.146008
0.145369
0.144733
0.144099
0.143469
0.14284
0.142215
0.141591
0.140969
0.140349
0.139729
0.13911
0.138491
0.137871
0.137249
0.136625
0.135998
0.135367
0.134731
0.134089
0.133441
0.132786
0.132122
0.13145
0.130768
0.130077
0.129374
0.12866
0.127935
0.127198
0.12645
0.125689
0.124917
0.124132
0.123336
0.122529
0.121711
0.120883
0.120045
0.119198
0.118342
0.117479
0.116608
0.11573
0.114847
0.113959
0.113066
0.112168
0.111268
0.110365
0.10946
0.108551
0.107647
0.106717
0.105908
0.104492
0.174353
0.173746
0.173136
0.172523
0.171908
0.17129
0.17067
0.170047
0.169422
0.168794
0.168164
0.167532
0.166897
0.16626
0.165621
0.16498
0.164336
0.163691
0.163043
0.162394
0.161743
0.161089
0.160435
0.159778
0.159121
0.158462
0.157802
0.15714
0.156479
0.155816
0.155153
0.15449
0.153826
0.153163
0.152501
0.151839
0.151178
0.150518
0.14986
0.149203
0.148548
0.147895
0.147244
0.146596
0.14595
0.145307
0.144666
0.144028
0.143392
0.142759
0.142128
0.141498
0.14087
0.140243
0.139617
0.138991
0.138364
0.137736
0.137106
0.136473
0.135837
0.135196
0.13455
0.133899
0.13324
0.132574
0.131899
0.131215
0.130521
0.129817
0.129102
0.128375
0.127637
0.126887
0.126125
0.12535
0.124564
0.123766
0.122956
0.122134
0.121302
0.12046
0.119608
0.118747
0.117878
0.117
0.116116
0.115225
0.114328
0.113427
0.112521
0.111611
0.110698
0.109783
0.108866
0.107946
0.10703
0.106088
0.105269
0.103837
0.17435
0.173742
0.173132
0.172519
0.171903
0.171285
0.170665
0.170042
0.169416
0.168789
0.168158
0.167526
0.166891
0.166253
0.165614
0.164972
0.164328
0.163682
0.163034
0.162384
0.161732
0.161078
0.160423
0.159766
0.159107
0.158447
0.157786
0.157124
0.156461
0.155797
0.155132
0.154467
0.153802
0.153137
0.152472
0.151808
0.151144
0.150481
0.14982
0.14916
0.148501
0.147844
0.147189
0.146536
0.145885
0.145237
0.14459
0.143946
0.143303
0.142663
0.142024
0.141387
0.14075
0.140114
0.139478
0.138841
0.138204
0.137564
0.136922
0.136277
0.135627
0.134973
0.134313
0.133646
0.132972
0.13229
0.131598
0.130897
0.130186
0.129464
0.128731
0.127986
0.127229
0.12646
0.125679
0.124886
0.124081
0.123263
0.122435
0.121595
0.120744
0.119884
0.119014
0.118135
0.117249
0.116354
0.115453
0.114546
0.113634
0.112717
0.111797
0.110873
0.109946
0.109017
0.108087
0.107154
0.106227
0.105273
0.104446
0.102998
0.174347
0.173739
0.173129
0.172516
0.1719
0.171282
0.170661
0.170038
0.169412
0.168784
0.168153
0.16752
0.166885
0.166247
0.165607
0.164965
0.16432
0.163674
0.163025
0.162374
0.161722
0.161067
0.160411
0.159752
0.159093
0.158432
0.157769
0.157105
0.15644
0.155774
0.155108
0.15444
0.153773
0.153105
0.152437
0.151769
0.151102
0.150435
0.149769
0.149104
0.14844
0.147778
0.147117
0.146457
0.145799
0.145143
0.144488
0.143834
0.143182
0.142531
0.141881
0.141232
0.140582
0.139933
0.139282
0.138631
0.137977
0.13732
0.136661
0.135997
0.135328
0.134653
0.133972
0.133284
0.132587
0.131882
0.131168
0.130443
0.129707
0.128961
0.128203
0.127433
0.126651
0.125857
0.125051
0.124234
0.123404
0.122563
0.12171
0.120848
0.119975
0.119092
0.118201
0.117301
0.116394
0.115481
0.114561
0.113636
0.112707
0.111774
0.110838
0.109899
0.108959
0.108017
0.107076
0.106133
0.105197
0.104235
0.103402
0.101946
0.174345
0.173737
0.173126
0.172513
0.171897
0.171278
0.170657
0.170033
0.169407
0.168779
0.168148
0.167514
0.166878
0.16624
0.165599
0.164956
0.164311
0.163663
0.163014
0.162362
0.161708
0.161052
0.160394
0.159734
0.159072
0.158409
0.157744
0.157077
0.15641
0.155741
0.15507
0.154399
0.153727
0.153055
0.152382
0.151708
0.151035
0.150362
0.149689
0.149016
0.148343
0.147672
0.147001
0.14633
0.145661
0.144992
0.144324
0.143656
0.142989
0.142321
0.141654
0.140986
0.140318
0.139648
0.138976
0.138301
0.137624
0.136943
0.136257
0.135566
0.13487
0.134167
0.133456
0.132738
0.13201
0.131274
0.130527
0.129771
0.129003
0.128225
0.127434
0.126633
0.125819
0.124994
0.124158
0.12331
0.122451
0.121581
0.120702
0.119812
0.118913
0.118006
0.117092
0.11617
0.115242
0.114308
0.11337
0.112428
0.111483
0.110535
0.109587
0.108637
0.107688
0.10674
0.105793
0.104848
0.103911
0.102951
0.102123
0.10068
0.174343
0.173735
0.173124
0.17251
0.171894
0.171274
0.170653
0.170028
0.169401
0.168772
0.16814
0.167505
0.166868
0.166228
0.165586
0.164941
0.164294
0.163644
0.162992
0.162338
0.161681
0.161022
0.16036
0.159697
0.159031
0.158363
0.157693
0.157021
0.156348
0.155672
0.154995
0.154317
0.153637
0.152956
0.152273
0.15159
0.150906
0.150221
0.149535
0.148849
0.148162
0.147475
0.146787
0.146099
0.145411
0.144722
0.144032
0.143342
0.142651
0.141959
0.141266
0.14057
0.139873
0.139173
0.138469
0.137762
0.13705
0.136334
0.135612
0.134884
0.13415
0.133408
0.132658
0.131899
0.131131
0.130354
0.129568
0.128771
0.127963
0.127145
0.126316
0.125476
0.124626
0.123764
0.122893
0.122011
0.12112
0.12022
0.119311
0.118394
0.117469
0.116538
0.115601
0.11466
0.113714
0.112765
0.111814
0.110862
0.109909
0.108957
0.108007
0.10706
0.106116
0.105178
0.104245
0.103318
0.102404
0.101474
0.100675
0.0992972
0.17434
0.17373
0.173118
0.172503
0.171885
0.171264
0.170641
0.170014
0.169385
0.168753
0.168118
0.167481
0.16684
0.166196
0.16555
0.164901
0.164249
0.163594
0.162936
0.162275
0.161612
0.160946
0.160277
0.159605
0.15893
0.158252
0.157572
0.156889
0.156204
0.155516
0.154826
0.154133
0.153438
0.152741
0.152041
0.15134
0.150636
0.14993
0.149223
0.148514
0.147803
0.14709
0.146376
0.14566
0.144942
0.144222
0.1435
0.142776
0.142049
0.14132
0.140588
0.139853
0.139114
0.138371
0.137623
0.136871
0.136113
0.135349
0.134579
0.133803
0.133019
0.132227
0.131427
0.130619
0.129802
0.128977
0.128142
0.127298
0.126444
0.125582
0.12471
0.123829
0.122939
0.122041
0.121134
0.12022
0.119299
0.118371
0.117437
0.116499
0.115556
0.114611
0.113663
0.112715
0.111767
0.110821
0.109877
0.108938
0.108004
0.107078
0.106159
0.105251
0.104354
0.10347
0.102601
0.101747
0.100915
0.100082
0.0993726
0.0981862
0.174325
0.173712
0.173095
0.172476
0.171853
0.171228
0.170598
0.169966
0.16933
0.168691
0.168048
0.167402
0.166753
0.1661
0.165443
0.164783
0.16412
0.163453
0.162782
0.162108
0.161429
0.160748
0.160062
0.159373
0.15868
0.157984
0.157283
0.156579
0.155872
0.155161
0.154446
0.153727
0.153005
0.15228
0.151551
0.150819
0.150083
0.149344
0.148602
0.147856
0.147107
0.146355
0.1456
0.144841
0.144079
0.143313
0.142544
0.141771
0.140994
0.140213
0.139427
0.138638
0.137843
0.137043
0.136238
0.135427
0.134611
0.133788
0.132959
0.132123
0.13128
0.13043
0.129574
0.12871
0.127839
0.126961
0.126076
0.125184
0.124285
0.123381
0.12247
0.121553
0.120632
0.119706
0.118776
0.117844
0.11691
0.115975
0.115041
0.114108
0.113179
0.112255
0.111338
0.11043
0.109532
0.108646
0.107775
0.106921
0.106086
0.105272
0.104481
0.103716
0.10298
0.102275
0.101603
0.100968
0.100375
0.0998152
0.0993533
0.0986815
0.174252
0.173629
0.173002
0.17237
0.171735
0.171096
0.170452
0.169804
0.169152
0.168496
0.167835
0.16717
0.166501
0.165827
0.165149
0.164466
0.163778
0.163086
0.162389
0.161687
0.160981
0.16027
0.159554
0.158833
0.158107
0.157376
0.15664
0.155899
0.155154
0.154403
0.153647
0.152887
0.152121
0.151351
0.150575
0.149795
0.14901
0.14822
0.147425
0.146626
0.145821
0.145012
0.144198
0.143379
0.142556
0.141728
0.140894
0.140056
0.139213
0.138366
0.137513
0.136655
0.135792
0.134924
0.134051
0.133173
0.132291
0.131403
0.130511
0.129614
0.128713
0.127808
0.126899
0.125986
0.125071
0.124154
0.123235
0.122314
0.121394
0.120474
0.119556
0.118642
0.117732
0.116828
0.115933
0.115048
0.114175
0.113318
0.112478
0.111659
0.110863
0.110094
0.109355
0.10865
0.107982
0.107355
0.106772
0.106238
0.105756
0.105331
0.104965
0.104664
0.104431
0.104271
0.104188
0.104188
0.104271
0.104465
0.104673
0.105345
0.174007
0.173358
0.172705
0.172046
0.171382
0.170713
0.170038
0.169359
0.168673
0.167983
0.167286
0.166584
0.165877
0.165164
0.164445
0.16372
0.162989
0.162253
0.16151
0.160761
0.160007
0.159246
0.158479
0.157706
0.156926
0.156141
0.155349
0.15455
0.153746
0.152935
0.152118
0.151294
0.150465
0.149629
0.148787
0.147938
0.147084
0.146224
0.145358
0.144487
0.143609
0.142727
0.141839
0.140946
0.140049
0.139147
0.13824
0.13733
0.136416
0.1355
0.13458
0.133658
0.132735
0.13181
0.130885
0.129961
0.129037
0.128115
0.127196
0.126282
0.125372
0.124469
0.123573
0.122688
0.121814
0.120953
0.120109
0.119284
0.118481
0.117703
0.116954
0.11624
0.115563
0.114929
0.114344
0.113813
0.113341
0.112935
0.112602
0.112346
0.112175
0.112094
0.11211
0.112228
0.112453
0.112791
0.113245
0.11382
0.114519
0.115345
0.1163
0.117385
0.118601
0.119948
0.121424
0.123032
0.124751
0.126666
0.12837
0.131741
0.173392
0.172699
0.172
0.171294
0.170582
0.169863
0.169137
0.168404
0.167665
0.166919
0.166165
0.165405
0.164637
0.163863
0.163081
0.162293
0.161497
0.160694
0.159883
0.159066
0.158242
0.15741
0.156571
0.155726
0.154873
0.154014
0.153148
0.152276
0.151397
0.150513
0.149622
0.148726
0.147825
0.146918
0.146008
0.145094
0.144176
0.143256
0.142334
0.141411
0.140488
0.139565
0.138645
0.137728
0.136815
0.135909
0.13501
0.134121
0.133243
0.132378
0.13153
0.130699
0.129889
0.129103
0.128344
0.127615
0.12692
0.126263
0.125648
0.12508
0.124565
0.124108
0.123714
0.123392
0.123148
0.122989
0.122924
0.122961
0.12311
0.12338
0.12378
0.12432
0.125009
0.125856
0.126871
0.128061
0.129432
0.13099
0.132738
0.13468
0.136814
0.139138
0.141647
0.144334
0.14719
0.150201
0.153353
0.156629
0.16001
0.163474
0.167001
0.170568
0.174151
0.177728
0.181276
0.184777
0.188191
0.191599
0.194484
0.199288
0.172991
0.17227
0.171543
0.17081
0.170069
0.169323
0.16857
0.167811
0.167046
0.166276
0.1655
0.164719
0.163933
0.163142
0.162348
0.16155
0.160748
0.159945
0.159139
0.158333
0.157526
0.156719
0.155915
0.155112
0.154314
0.153521
0.152734
0.151955
0.151185
0.150427
0.149683
0.148955
0.148244
0.147555
0.146889
0.14625
0.145641
0.145066
0.144528
0.144033
0.143584
0.143187
0.142846
0.142568
0.14236
0.142226
0.142176
0.142215
0.142353
0.142598
0.142958
0.143444
0.144066
0.144834
0.145759
0.146851
0.148124
0.149587
0.151254
0.153134
0.15524
0.157582
0.160168
0.163009
0.166111
0.169479
0.173117
0.177025
0.181201
0.18564
0.190332
0.195265
0.200421
0.20578
0.211315
0.216995
0.222786
0.228648
0.234539
0.240412
0.246221
0.251916
0.257447
0.262767
0.267829
0.272593
0.27702
0.28108
0.284748
0.288005
0.290841
0.293253
0.295244
0.296824
0.29801
0.298814
0.299281
0.29937
0.299291
0.298474
0.191394
0.191494
0.191611
0.191745
0.191897
0.192067
0.192256
0.192464
0.192693
0.192942
0.193214
0.193509
0.193827
0.194172
0.194543
0.194942
0.195371
0.195832
0.196327
0.196858
0.197428
0.198039
0.198693
0.199395
0.200146
0.200952
0.201814
0.202739
0.203729
0.204789
0.205925
0.207141
0.208443
0.209837
0.211328
0.212924
0.214632
0.216458
0.218412
0.2205
0.222733
0.225119
0.227668
0.230392
0.233301
0.236406
0.239722
0.24326
0.247034
0.251059
0.255348
0.259916
0.264779
0.269949
0.275441
0.281267
0.287438
0.293961
0.300841
0.308079
0.31567
0.323602
0.331856
0.340404
0.349209
0.358221
0.367381
0.376615
0.385842
0.394966
0.403886
0.412491
0.420669
0.428307
0.435296
0.441536
0.446937
0.451429
0.454956
0.457486
0.459009
0.459536
0.459099
0.457747
0.455546
0.452573
0.448915
0.444661
0.439905
0.434735
0.429238
0.423496
0.417581
0.411558
0.405489
0.399408
0.39342
0.387289
0.382127
0.373265
0.433353
0.437306
0.441141
0.44485
0.44843
0.451875
0.455182
0.458346
0.461363
0.464229
0.466942
0.469498
0.471894
0.474126
0.476193
0.478092
0.47982
0.481375
0.482756
0.48396
0.484986
0.485831
0.486495
0.486976
0.487273
0.487384
0.487307
0.487041
0.486585
0.485937
0.485096
0.48406
0.482826
0.481394
0.479761
0.477925
0.475884
0.473636
0.471179
0.468512
0.465632
0.462539
0.459232
0.455709
0.451971
0.44802
0.443857
0.439486
0.434911
0.430138
0.425175
0.420033
0.414723
0.409259
0.40366
0.397945
0.392137
0.386262
0.380348
0.374427
0.368533
0.362703
0.356975
0.351388
0.345981
0.340794
0.335864
0.331226
0.326909
0.32294
0.319337
0.316109
0.313261
0.310786
0.308668
0.306884
0.305401
0.304182
0.303183
0.302358
0.30166
0.30104
0.300454
0.299863
0.299229
0.298525
0.297726
0.296816
0.295784
0.294624
0.293336
0.291921
0.290387
0.288739
0.28699
0.285137
0.283228
0.281139
0.279388
0.275964
0.00364506
0.00569811
0.00753447
0.0089169
0.00986631
0.0104634
0.0107743
0.0109747
0.011169
0.0114954
0.0120984
0.0130748
0.0144705
0.0166111
0.0209596
0.0294365
0.0415425
0.0563441
0.0731236
0.0913387
0.110579
0.130541
0.151
0.171789
0.192784
0.213889
0.235036
0.256171
0.27726
0.298275
0.319195
0.340002
0.360672
0.381178
0.401484
0.421545
0.441306
0.460705
0.479673
0.498146
0.516078
0.53346
0.550344
0.566791
0.582501
0.597542
0.611871
0.625435
0.638175
0.650029
0.660937
0.670841
0.67969
0.687438
0.694041
0.699467
0.703687
0.70668
0.708435
0.708946
0.708219
0.706267
0.703111
0.698784
0.693324
0.686777
0.679202
0.670666
0.661249
0.65105
0.640241
0.629281
0.619818
0.612997
0.606678
0.600045
0.592979
0.58551
0.577693
0.569584
0.561236
0.552699
0.544017
0.535236
0.526395
0.517534
0.508687
0.499885
0.49116
0.482537
0.474041
0.465695
0.45752
0.449537
0.441769
0.434241
0.426995
0.42009
0.413837
0.406344
0.00925008
0.0143732
0.018707
0.0214987
0.023567
0.0254144
0.0273113
0.0295028
0.0325044
0.0368243
0.0428207
0.0506318
0.0602991
0.0719585
0.0859326
0.102537
0.121694
0.143204
0.166979
0.193022
0.221365
0.252014
0.284913
0.319931
0.356863
0.395462
0.435458
0.476595
0.518644
0.561412
0.604748
0.648531
0.692661
0.737048
0.781603
0.826226
0.870803
0.915195
0.95924
1.00275
1.04549
1.0872
1.12758
1.16653
1.20444
1.24128
1.27696
1.31132
1.34424
1.37555
1.4051
1.43275
1.45836
1.48179
1.50293
1.52167
1.53792
1.55161
1.56266
1.57105
1.57673
1.57972
1.58003
1.57768
1.57274
1.56527
1.55537
1.54314
1.52873
1.51227
1.49398
1.47415
1.45328
1.43162
1.40892
1.38514
1.36041
1.33491
1.30879
1.28221
1.2553
1.22821
1.20104
1.1739
1.14689
1.12011
1.09361
1.06748
1.04178
1.01654
0.991825
0.967661
0.944082
0.921108
0.898769
0.877039
0.856043
0.835356
0.81634
0.78949
0.0142783
0.0238285
0.0295274
0.0331555
0.0362436
0.0395147
0.0434774
0.048594
0.0553042
0.0639005
0.0744402
0.0868431
0.101098
0.117383
0.136008
0.15729
0.181507
0.208894
0.23963
0.273792
0.311321
0.352018
0.395557
0.44153
0.489496
0.539029
0.589755
0.64137
0.693646
0.746424
0.799598
0.853095
0.906862
0.960849
1.015
1.06925
1.12352
1.17772
1.23172
1.28542
1.33869
1.39138
1.4434
1.49452
1.54454
1.59327
1.6405
1.68599
1.72954
1.77091
1.8099
1.84632
1.87998
1.9107
1.93834
1.96275
1.98382
2.00146
2.01558
2.02616
2.03315
2.03657
2.03645
2.03284
2.02583
2.01552
2.00206
1.98558
1.96627
1.94433
1.91996
1.8934
1.86498
1.83504
1.80375
1.77122
1.73761
1.70308
1.66784
1.63208
1.59598
1.55971
1.52342
1.48726
1.45134
1.41578
1.38066
1.34608
1.31211
1.27881
1.24622
1.21438
1.18333
1.15309
1.12366
1.09504
1.06726
1.04002
1.01419
0.979759
0.0184653
0.0331389
0.040235
0.0448928
0.0490327
0.0536122
0.0592761
0.0664615
0.0754207
0.0862312
0.0988669
0.113346
0.129851
0.148723
0.170366
0.195147
0.223344
0.255115
0.290479
0.329334
0.371479
0.416645
0.464525
0.514796
0.567145
0.621285
0.676964
0.733979
0.792166
0.851399
0.911582
0.972631
1.03447
1.09702
1.16019
1.22387
1.28794
1.35226
1.41666
1.48097
1.54497
1.60842
1.67104
1.73252
1.79258
1.85099
1.90746
1.96174
2.01353
2.06259
2.10865
2.1515
2.1909
2.22666
2.2586
2.28659
2.31048
2.33018
2.34563
2.35679
2.36366
2.36626
2.36464
2.3589
2.34916
2.33557
2.3183
2.29755
2.27354
2.24652
2.21672
2.18442
2.14992
2.11353
2.07556
2.03623
1.99574
1.95432
1.91218
1.86956
1.82666
1.78367
1.74076
1.69808
1.65579
1.61398
1.57278
1.53226
1.49251
1.45359
1.41554
1.3784
1.34221
1.30696
1.27268
1.23932
1.20691
1.17519
1.14489
1.10552
0.0219374
0.0414807
0.0502134
0.0558405
0.0607746
0.0662258
0.0728903
0.0811375
0.0911297
0.102935
0.116638
0.132426
0.150599
0.171506
0.195457
0.222665
0.253232
0.287162
0.324394
0.364833
0.408374
0.454908
0.504316
0.556463
0.611197
0.668356
0.727769
0.789267
0.852692
0.917889
0.984715
1.05303
1.12268
1.19352
1.26538
1.33807
1.4114
1.48514
1.55904
1.63282
1.70619
1.7788
1.85027
1.92023
1.98835
2.05434
2.11788
2.17866
2.23639
2.29076
2.34152
2.3884
2.43117
2.46962
2.50359
2.53293
2.55751
2.57726
2.59214
2.60214
2.60728
2.60763
2.60328
2.59437
2.58106
2.56354
2.54205
2.51681
2.48811
2.45621
2.42141
2.38402
2.34434
2.30272
2.25946
2.21484
2.16911
2.12253
2.07534
2.02776
1.98001
1.9323
1.88479
1.83765
1.79102
1.74502
1.69975
1.6553
1.61173
1.56912
1.5275
1.48691
1.44736
1.40886
1.37141
1.33497
1.29954
1.26489
1.23182
1.18912
0.0247061
0.0486234
0.0587216
0.06504
0.0704531
0.0763758
0.0835513
0.0923433
0.102934
0.115466
0.130122
0.147143
0.16679
0.189286
0.214776
0.243319
0.274922
0.309573
0.347277
0.38807
0.432012
0.47917
0.529589
0.583275
0.640185
0.700224
0.763256
0.829114
0.897607
0.96853
1.04167
1.11679
1.19367
1.27205
1.35167
1.43226
1.51351
1.59512
1.67676
1.75806
1.83865
1.9181
1.99599
2.07188
2.14542
2.21626
2.28405
2.34849
2.40925
2.46604
2.51858
2.56662
2.60995
2.64838
2.68173
2.70991
2.73281
2.75039
2.76265
2.76963
2.77138
2.76803
2.75972
2.74663
2.72899
2.70702
2.681
2.65122
2.61799
2.58161
2.54241
2.50073
2.4569
2.41124
2.3641
2.31574
2.26646
2.21649
2.16609
2.11548
2.06486
2.01443
1.96436
1.91479
1.86586
1.81767
1.77032
1.72388
1.67843
1.634
1.59063
1.54835
1.50716
1.46707
1.42806
1.39008
1.35315
1.31702
1.28266
1.23808
0.0270459
0.0543484
0.0653669
0.0720711
0.0777261
0.0839244
0.0914614
0.100733
0.111971
0.125368
0.141124
0.159433
0.180451
0.204271
0.230927
0.260421
0.292763
0.328007
0.366262
0.407693
0.452493
0.500849
0.552911
0.608766
0.668427
0.731826
0.798825
0.869223
0.942775
1.0192
1.09819
1.17941
1.26254
1.34722
1.43309
1.51978
1.6069
1.69408
1.78091
1.86697
1.95183
2.03504
2.11613
2.19467
2.27027
2.34256
2.4112
2.47587
2.53628
2.59214
2.64321
2.68926
2.73009
2.76556
2.79554
2.81996
2.83877
2.85199
2.85965
2.86184
2.85869
2.85036
2.83706
2.81902
2.7965
2.76979
2.73921
2.70508
2.66773
2.62751
2.58476
2.53982
2.49303
2.44471
2.3952
2.34476
2.29367
2.24216
2.19045
2.13876
2.08726
2.03613
1.98551
1.93552
1.88628
1.83788
1.79039
1.74387
1.69838
1.65393
1.61056
1.56828
1.52709
1.48698
1.44792
1.40988
1.37286
1.33658
1.30224
1.2572
0.029555
0.0587627
0.0701697
0.0769895
0.082793
0.0892836
0.0972939
0.107256
0.119438
0.134046
0.151253
0.171186
0.193916
0.219461
0.247815
0.27898
0.313007
0.350014
0.390184
0.433757
0.480987
0.532113
0.587316
0.646693
0.710247
0.777878
0.849398
0.924539
1.00297
1.08432
1.16819
1.25416
1.34179
1.43065
1.52031
1.61033
1.70029
1.78975
1.87827
1.96542
2.05076
2.13384
2.21422
2.29147
2.36521
2.43508
2.50077
2.56197
2.61843
2.6699
2.71616
2.75704
2.7924
2.82212
2.84614
2.86444
2.87703
2.88397
2.88537
2.88136
2.87215
2.85793
2.83898
2.81557
2.78802
2.75665
2.7218
2.68383
2.64309
2.59993
2.5547
2.50774
2.45937
2.40991
2.35964
2.30884
2.25772
2.20651
2.15539
2.10453
2.05409
2.00418
1.95494
1.90644
1.85877
1.812
1.76617
1.72133
1.6775
1.63469
1.59293
1.55219
1.51249
1.47378
1.43607
1.39927
1.36343
1.32822
1.29503
1.25088
0.0319684
0.0619475
0.0733164
0.0801308
0.0861724
0.0931827
0.102026
0.113186
0.126975
0.143622
0.163292
0.186078
0.212007
0.241059
0.273201
0.308422
0.346764
0.388334
0.4333
0.481865
0.534235
0.590582
0.651012
0.715542
0.784087
0.856468
0.932415
1.01159
1.09359
1.17798
1.26433
1.35216
1.44101
1.53043
1.61998
1.7092
1.79766
1.88494
1.97063
2.05432
2.13561
2.21409
2.28935
2.36103
2.42876
2.49223
2.55114
2.60525
2.65432
2.69816
2.73661
2.76953
2.79684
2.81848
2.83445
2.84478
2.84954
2.84885
2.84287
2.83181
2.81591
2.79542
2.77067
2.74197
2.70967
2.67412
2.63569
2.59474
2.55162
2.5067
2.46029
2.41272
2.3643
2.31528
2.26593
2.21647
2.16709
2.11795
2.06921
2.02098
1.97337
1.92647
1.88034
1.83505
1.79063
1.74713
1.70455
1.66292
1.62225
1.58253
1.54375
1.5059
1.46896
1.4329
1.39771
1.3633
1.32971
1.29661
1.26552
1.22348
0.0340355
0.063997
0.0750987
0.0820353
0.0886801
0.0968061
0.10739
0.121076
0.138341
0.159536
0.184871
0.214402
0.24804
0.285582
0.326788
0.371421
0.419299
0.470312
0.524417
0.58162
0.641941
0.705395
0.771954
0.841542
0.914017
0.989175
1.06675
1.14644
1.22788
1.31072
1.39454
1.47898
1.56361
1.64803
1.73184
1.81466
1.89612
1.97585
2.0535
2.12872
2.20115
2.27044
2.33624
2.39822
2.45608
2.50952
2.5583
2.60221
2.64105
2.67467
2.70296
2.72584
2.74327
2.75524
2.76181
2.76307
2.75913
2.75018
2.73642
2.71812
2.69555
2.66903
2.6389
2.60552
2.56924
2.53044
2.48948
2.44674
2.40255
2.35724
2.31113
2.26448
2.21757
2.17061
2.12382
2.07735
2.03135
1.98593
1.94118
1.89718
1.85397
1.8116
1.77009
1.72945
1.68969
1.65082
1.61282
1.57568
1.53939
1.50392
1.46927
1.43539
1.40226
1.36985
1.33812
1.30701
1.27656
1.2464
1.21816
1.17926
0.0357112
0.0651287
0.0760797
0.0837647
0.0920863
0.103162
0.118542
0.139513
0.167028
0.201532
0.242848
0.29029
0.342851
0.399384
0.458853
0.520397
0.583387
0.647419
0.712274
0.777873
0.844225
0.911388
0.979433
1.04842
1.11836
1.18927
1.26106
1.33361
1.40678
1.48038
1.55415
1.62781
1.70106
1.77364
1.84525
1.91558
1.98432
2.05117
2.11581
2.17794
2.23724
2.29341
2.34613
2.39513
2.44011
2.48083
2.51706
2.54862
2.57536
2.59715
2.61393
2.62565
2.63231
2.63397
2.6307
2.62266
2.61001
2.59297
2.5718
2.54679
2.51826
2.48656
2.45204
2.41507
2.37603
2.33529
2.29321
2.25013
2.20636
2.16221
2.11794
2.07378
2.02993
1.98658
1.94386
1.90188
1.86072
1.82043
1.78106
1.74261
1.70509
1.66848
1.63277
1.59793
1.56394
1.53074
1.49832
1.46664
1.43566
1.40534
1.37565
1.34655
1.31801
1.28999
1.26245
1.23532
1.20867
1.18208
1.15723
1.1223
0.0371348
0.0661011
0.0780882
0.088927
0.103548
0.126378
0.160925
0.208927
0.269812
0.341114
0.419339
0.501177
0.583845
0.665293
0.744211
0.819901
0.892129
0.960997
1.0268
1.08995
1.15089
1.21011
1.26803
1.32505
1.38153
1.43777
1.4939
1.55004
1.6062
1.66235
1.71843
1.77431
1.82982
1.88474
1.93884
1.99186
2.04352
2.09355
2.14165
2.18754
2.23091
2.27148
2.30896
2.34307
2.37356
2.4002
2.42278
2.44113
2.45512
2.46466
2.46971
2.47025
2.46631
2.458
2.44542
2.42876
2.40823
2.38407
2.35659
2.32609
2.29291
2.25742
2.21999
2.18098
2.14076
2.09968
2.05809
2.01628
1.97454
1.93311
1.89222
1.85204
1.81271
1.77434
1.73701
1.70077
1.66564
1.63162
1.59868
1.56679
1.5359
1.50595
1.47689
1.44864
1.42115
1.39435
1.36819
1.3426
1.31753
1.29294
1.26877
1.24499
1.22155
1.1984
1.17551
1.15282
1.13038
1.1078
1.08668
1.05633
0.0382202
0.0708252
0.0919481
0.124063
0.175989
0.254363
0.355694
0.471219
0.592027
0.710896
0.82319
0.926572
1.02025
1.10438
1.17958
1.24676
1.30688
1.36099
1.41004
1.45489
1.49635
1.53518
1.57204
1.60752
1.64209
1.67613
1.70997
1.74387
1.77797
1.81232
1.84691
1.88167
1.91648
1.95115
1.98548
2.01923
2.05214
2.08393
2.11432
2.14302
2.16974
2.19419
2.2161
2.23518
2.25121
2.26395
2.27322
2.27886
2.28075
2.27883
2.27307
2.26349
2.25014
2.23315
2.21266
2.18888
2.16205
2.13244
2.10036
2.06614
2.03012
1.99268
1.95417
1.91494
1.87534
1.83569
1.79629
1.7574
1.71926
1.68206
1.64595
1.61105
1.57744
1.54518
1.51427
1.48471
1.45646
1.42947
1.40366
1.37895
1.35526
1.33247
1.31051
1.28928
1.26868
1.24863
1.22904
1.20986
1.191
1.17241
1.15403
1.13581
1.11771
1.09967
1.08168
1.06365
1.04565
1.0273
1.01008
0.984683
0.0401125
0.140533
0.238635
0.392763
0.57366
0.757947
0.928802
1.07784
1.20449
1.30949
1.39602
1.46768
1.52747
1.57763
1.61984
1.65543
1.68548
1.71089
1.7325
1.75106
1.76725
1.78166
1.79483
1.80721
1.81922
1.83119
1.84339
1.85603
1.86925
1.88311
1.89761
1.91269
1.92825
1.94413
1.96014
1.97606
1.99165
2.00665
2.02078
2.03375
2.0453
2.05514
2.063
2.06864
2.07181
2.07231
2.06998
2.06467
2.05628
2.04477
2.03013
2.01241
1.99168
1.96809
1.9418
1.91305
1.88209
1.84921
1.81471
1.77893
1.74221
1.7049
1.66734
1.62984
1.59273
1.55628
1.52073
1.4863
1.45316
1.42145
1.39127
1.36266
1.33566
1.31026
1.28641
1.26407
1.24314
1.22352
1.20511
1.18779
1.17143
1.15592
1.14112
1.12693
1.11323
1.09993
1.08691
1.07411
1.06144
1.04883
1.03622
1.02356
1.01079
0.997877
0.98478
0.971435
0.957897
0.943827
0.930524
0.910242
0.0904313
0.547584
0.984262
1.30809
1.51896
1.64461
1.71557
1.7558
1.77961
1.79614
1.80951
1.82099
1.83077
1.83878
1.84506
1.84974
1.853
1.85498
1.85582
1.85561
1.85452
1.8527
1.85038
1.84778
1.84517
1.84275
1.84074
1.83927
1.83844
1.83829
1.83882
1.83999
1.8417
1.84386
1.8463
1.84884
1.8513
1.85343
1.85502
1.85581
1.85555
1.85401
1.85094
1.84613
1.83937
1.83049
1.81936
1.80586
1.78992
1.77153
1.75071
1.72751
1.70206
1.6745
1.64504
1.6139
1.58135
1.54768
1.5132
1.47821
1.44305
1.40802
1.37344
1.33959
1.30672
1.27505
1.24479
1.21608
1.18905
1.16375
1.14025
1.11853
1.09858
1.08034
1.06374
1.04866
1.03501
1.02265
1.01145
1.00127
0.991958
0.983387
0.975417
0.967918
0.960767
0.953851
0.947066
0.940317
0.93352
0.9266
0.91949
0.912132
0.904476
0.896473
0.888091
0.879268
0.870049
0.86014
0.850617
0.835422
)
;

boundaryField
{
    outlet
    {
        type            zeroGradient;
    }
    inlet
    {
        type            fixedValue;
        value           uniform 0.2;
    }
    lowerWall
    {
        type            kqRWallFunction;
        value           nonuniform List<scalar> 
148
(
0.226697
0.279347
0.331744
0.382734
0.43093
0.475126
0.51442
0.54829
0.576587
0.599476
0.617344
0.630716
0.64018
0.64634
0.649768
0.650989
0.650466
0.648594
0.645709
0.642084
0.637945
0.633472
0.628806
0.624061
0.619321
0.614654
0.610107
0.605726
0.601498
0.597637
0.593201
0.592919
0.573723
0.00364506
0.00925008
0.0142783
0.0184653
0.0219374
0.0247061
0.0270459
0.029555
0.0319684
0.0340355
0.0357112
0.0371348
0.0382202
0.0401125
0.0904313
0.00364506
0.00569811
0.00753447
0.0089169
0.00986631
0.0104634
0.0107743
0.0109747
0.011169
0.0114954
0.0120984
0.0130748
0.0144705
0.0166111
0.0209596
0.0294365
0.0415425
0.0563441
0.0731236
0.0913387
0.110579
0.130541
0.151
0.171789
0.192784
0.213889
0.235036
0.256171
0.27726
0.298275
0.319195
0.340002
0.360672
0.381178
0.401484
0.421545
0.441306
0.460705
0.479673
0.498146
0.516078
0.53346
0.550344
0.566791
0.582501
0.597542
0.611871
0.625435
0.638175
0.650029
0.660937
0.670841
0.67969
0.687438
0.694041
0.699467
0.703687
0.70668
0.708435
0.708946
0.708219
0.706267
0.703111
0.698784
0.693324
0.686777
0.679202
0.670666
0.661249
0.65105
0.640241
0.629281
0.619818
0.612997
0.606678
0.600045
0.592979
0.58551
0.577693
0.569584
0.561236
0.552699
0.544017
0.535236
0.526395
0.517534
0.508687
0.499885
0.49116
0.482537
0.474041
0.465695
0.45752
0.449537
0.441769
0.434241
0.426995
0.42009
0.413837
0.406344
)
;
    }
    upperWall
    {
        type            kqRWallFunction;
        value           nonuniform List<scalar> 
133
(
0.205424
0.216593
0.227629
0.238434
0.248976
0.259243
0.269229
0.278926
0.288326
0.297424
0.306216
0.314701
0.322877
0.330747
0.338313
0.345577
0.352546
0.359225
0.365619
0.371736
0.377584
0.383171
0.388503
0.393591
0.398442
0.403065
0.407469
0.411661
0.415651
0.419447
0.423057
0.426489
0.429753
0.433353
0.437306
0.441141
0.44485
0.44843
0.451875
0.455182
0.458346
0.461363
0.464229
0.466942
0.469498
0.471894
0.474126
0.476193
0.478092
0.47982
0.481375
0.482756
0.48396
0.484986
0.485831
0.486495
0.486976
0.487273
0.487384
0.487307
0.487041
0.486585
0.485937
0.485096
0.48406
0.482826
0.481394
0.479761
0.477925
0.475884
0.473636
0.471179
0.468512
0.465632
0.462539
0.459232
0.455709
0.451971
0.44802
0.443857
0.439486
0.434911
0.430138
0.425175
0.420033
0.414723
0.409259
0.40366
0.397945
0.392137
0.386262
0.380348
0.374427
0.368533
0.362703
0.356975
0.351388
0.345981
0.340794
0.335864
0.331226
0.326909
0.32294
0.319337
0.316109
0.313261
0.310786
0.308668
0.306884
0.305401
0.304182
0.303183
0.302358
0.30166
0.30104
0.300454
0.299863
0.299229
0.298525
0.297726
0.296816
0.295784
0.294624
0.293336
0.291921
0.290387
0.288739
0.28699
0.285137
0.283228
0.281139
0.279388
0.275964
)
;
    }
    frontAndBack
    {
        type            empty;
    }
}


// ************************************************************************* //
