/*--------------------------------*- C++ -*----------------------------------*\
| =========                 |                                                 |
| \\      /  F ield         | OpenFOAM: The Open Source CFD Toolbox           |
|  \\    /   O peration     | Version:  4.1                                   |
|   \\  /    A nd           | Web:      www.OpenFOAM.org                      |
|    \\/     M anipulation  |                                                 |
\*---------------------------------------------------------------------------*/
FoamFile
{
    version     2.0;
    format      ascii;
    class       volScalarField;
    location    "700";
    object      nut;
}
// * * * * * * * * * * * * * * * * * * * * * * * * * * * * * * * * * * * * * //

dimensions      [0 2 -1 0 0 0 0];

internalField   nonuniform List<scalar> 
6820
(
4.39385e-05
4.87747e-05
5.31526e-05
5.70915e-05
6.05796e-05
6.36103e-05
6.61884e-05
6.83326e-05
7.00738e-05
7.14511e-05
7.25081e-05
7.32892e-05
7.3837e-05
7.41914e-05
7.43879e-05
7.44577e-05
7.44278e-05
7.43206e-05
7.41551e-05
7.39467e-05
7.3708e-05
7.34491e-05
7.31781e-05
7.29015e-05
7.26241e-05
7.23499e-05
7.20819e-05
7.18226e-05
7.15715e-05
7.13414e-05
7.10761e-05
7.10592e-05
6.98995e-05
0.00046941
0.000265606
0.000193508
0.000152487
0.000125527
0.000107012
9.39993e-05
8.46683e-05
7.7868e-05
7.28566e-05
6.91405e-05
6.63822e-05
6.4345e-05
6.286e-05
6.18041e-05
6.10864e-05
6.06383e-05
6.04078e-05
6.03544e-05
6.04464e-05
6.06585e-05
6.09703e-05
6.13654e-05
6.18299e-05
6.23524e-05
6.29232e-05
6.35341e-05
6.41784e-05
6.48491e-05
6.55437e-05
6.62513e-05
6.69791e-05
6.76808e-05
0.000918058
0.000718795
0.000582223
0.000488778
0.00042158
0.000370785
0.000331008
0.000299115
0.000273073
0.000251474
0.00023332
0.000217887
0.000204638
0.000193169
0.000183167
0.000174389
0.000166642
0.000159772
0.000153652
0.000148182
0.000143274
0.00013886
0.00013488
0.000131283
0.000128026
0.000125074
0.000122393
0.000119957
0.000117742
0.000115725
0.00011389
0.000112225
0.000110658
0.00100704
0.000950024
0.000874018
0.000798213
0.000730805
0.000673128
0.000624146
0.000582408
0.000546591
0.000515599
0.00048855
0.000464749
0.000443645
0.000424802
0.00040787
0.000392571
0.000378677
0.000366
0.000354388
0.00034371
0.000333858
0.00032474
0.000316277
0.0003084
0.000301051
0.000294179
0.000287739
0.000281691
0.000276
0.000270635
0.000265569
0.000260773
0.000256221
0.00101631
0.001006
0.000983563
0.000951519
0.000914347
0.000875791
0.000838168
0.000802653
0.000769714
0.000739438
0.000711722
0.000686378
0.000663192
0.000641951
0.000622452
0.000604513
0.000587969
0.000572677
0.000558508
0.00054535
0.000533104
0.000521682
0.000511007
0.000501011
0.000491634
0.000482822
0.000474527
0.000466707
0.000459325
0.000452347
0.000445743
0.000439488
0.000433556
0.00101678
0.00101508
0.00101017
0.0010009
0.00098729
0.000970152
0.000950606
0.000929706
0.000908287
0.000886944
0.000866075
0.000845923
0.000826628
0.000808259
0.000790837
0.000774352
0.000758777
0.000744075
0.000730199
0.000717105
0.000704744
0.00069307
0.00068204
0.000671611
0.000661744
0.000652402
0.000643553
0.000635164
0.000627209
0.00061966
0.000612497
0.0006057
0.000599246
0.00101672
0.00101615
0.001015
0.00101271
0.00100877
0.00100297
0.000995342
0.000986101
0.000975569
0.000964085
0.000951964
0.000939473
0.000926828
0.000914198
0.00090171
0.000889458
0.000877506
0.000865902
0.000854673
0.000843837
0.000833402
0.000823369
0.000813735
0.000804492
0.000795631
0.000787142
0.000779012
0.000771229
0.000763782
0.000756659
0.000749849
0.000743343
0.000737127
0.0010167
0.00101622
0.00101568
0.00101493
0.00101376
0.00101199
0.00100945
0.00100608
0.00100186
0.000996852
0.000991145
0.00098485
0.000978082
0.000970952
0.000963562
0.000956001
0.000948345
0.000940658
0.000932995
0.000925397
0.000917899
0.000910529
0.000903307
0.000896249
0.000889369
0.000882674
0.00087617
0.000869862
0.000863752
0.000857842
0.000852131
0.00084662
0.000841306
0.0010167
0.00101622
0.00101574
0.00101525
0.00101469
0.001014
0.00101308
0.00101187
0.00101031
0.00100837
0.00100603
0.0010033
0.0010002
0.000996763
0.000993031
0.000989044
0.000984846
0.000980478
0.000975978
0.000971382
0.00096672
0.000962021
0.00095731
0.000952607
0.000947932
0.000943299
0.000938723
0.000934215
0.000929785
0.00092544
0.000921188
0.000917034
0.000912983
0.0010167
0.00101621
0.00101574
0.00101529
0.00101483
0.00101436
0.00101385
0.00101326
0.00101258
0.00101176
0.00101079
0.00100964
0.00100831
0.00100679
0.00100508
0.0010032
0.00100114
0.000998935
0.000996592
0.000994128
0.000991561
0.000988907
0.000986182
0.000983401
0.000980579
0.000977728
0.000974859
0.000971985
0.000969115
0.000966258
0.000963422
0.000960613
0.000957839
0.0010167
0.00101621
0.00101574
0.00101529
0.00101484
0.00101441
0.00101398
0.00101354
0.00101308
0.0010126
0.00101208
0.0010115
0.00101085
0.00101013
0.00100932
0.00100843
0.00100745
0.00100639
0.00100524
0.001004
0.00100269
0.00100131
0.000999857
0.000998351
0.000996794
0.000995193
0.000993554
0.000991886
0.000990193
0.000988483
0.000986761
0.000985032
0.000983302
0.0010167
0.00101621
0.00101574
0.00101528
0.00101484
0.00101441
0.00101399
0.00101358
0.00101317
0.00101277
0.00101237
0.00101195
0.00101153
0.00101108
0.00101061
0.00101011
0.00100958
0.00100901
0.0010084
0.00100776
0.00100707
0.00100635
0.00100558
0.00100479
0.00100395
0.00100309
0.00100219
0.00100127
0.00100033
0.000999364
0.000998381
0.000997383
0.000996373
0.0010167
0.00101621
0.00101574
0.00101528
0.00101484
0.00101441
0.00101399
0.00101358
0.00101318
0.0010128
0.00101242
0.00101204
0.00101167
0.00101131
0.00101094
0.00101057
0.00101019
0.0010098
0.00100941
0.001009
0.00100858
0.00100815
0.0010077
0.00100724
0.00100676
0.00100626
0.00100575
0.00100523
0.00100469
0.00100414
0.00100357
0.001003
0.00100242
0.0010167
0.00101621
0.00101574
0.00101528
0.00101484
0.0010144
0.00101398
0.00101358
0.00101318
0.00101279
0.00101242
0.00101205
0.0010117
0.00101135
0.00101101
0.00101067
0.00101034
0.00101001
0.00100968
0.00100936
0.00100904
0.00100871
0.00100838
0.00100805
0.00100772
0.00100739
0.00100705
0.0010067
0.00100636
0.00100601
0.00100565
0.00100529
0.00100493
0.0010167
0.00101621
0.00101574
0.00101528
0.00101484
0.0010144
0.00101398
0.00101357
0.00101318
0.00101279
0.00101242
0.00101205
0.0010117
0.00101135
0.00101101
0.00101068
0.00101036
0.00101005
0.00100974
0.00100944
0.00100915
0.00100886
0.00100857
0.00100829
0.00100801
0.00100773
0.00100746
0.00100719
0.00100692
0.00100665
0.00100638
0.00100612
0.00100585
0.0010167
0.00101621
0.00101574
0.00101528
0.00101483
0.0010144
0.00101398
0.00101357
0.00101317
0.00101279
0.00101241
0.00101205
0.00101169
0.00101135
0.00101101
0.00101068
0.00101036
0.00101005
0.00100975
0.00100945
0.00100917
0.00100888
0.00100861
0.00100834
0.00100808
0.00100782
0.00100757
0.00100732
0.00100708
0.00100684
0.00100661
0.00100638
0.00100615
0.0010167
0.00101621
0.00101574
0.00101528
0.00101483
0.0010144
0.00101398
0.00101357
0.00101317
0.00101278
0.00101241
0.00101204
0.00101169
0.00101134
0.001011
0.00101068
0.00101036
0.00101005
0.00100974
0.00100945
0.00100916
0.00100888
0.00100861
0.00100835
0.00100809
0.00100783
0.00100759
0.00100735
0.00100711
0.00100688
0.00100666
0.00100644
0.00100623
0.0010167
0.00101621
0.00101574
0.00101528
0.00101483
0.0010144
0.00101398
0.00101357
0.00101317
0.00101278
0.0010124
0.00101204
0.00101168
0.00101134
0.001011
0.00101067
0.00101035
0.00101004
0.00100974
0.00100944
0.00100915
0.00100887
0.0010086
0.00100834
0.00100808
0.00100783
0.00100758
0.00100734
0.00100711
0.00100688
0.00100666
0.00100644
0.00100623
0.0010167
0.00101621
0.00101574
0.00101528
0.00101483
0.0010144
0.00101398
0.00101357
0.00101317
0.00101278
0.0010124
0.00101204
0.00101168
0.00101133
0.00101099
0.00101066
0.00101034
0.00101003
0.00100973
0.00100943
0.00100915
0.00100887
0.00100859
0.00100833
0.00100807
0.00100782
0.00100757
0.00100733
0.0010071
0.00100687
0.00100665
0.00100643
0.00100622
0.0010167
0.00101621
0.00101574
0.00101528
0.00101483
0.0010144
0.00101397
0.00101356
0.00101317
0.00101278
0.0010124
0.00101203
0.00101168
0.00101133
0.00101099
0.00101066
0.00101034
0.00101003
0.00100972
0.00100943
0.00100914
0.00100886
0.00100859
0.00100832
0.00100806
0.00100781
0.00100756
0.00100732
0.00100709
0.00100686
0.00100664
0.00100642
0.00100621
0.0010167
0.00101621
0.00101574
0.00101528
0.00101483
0.0010144
0.00101397
0.00101356
0.00101316
0.00101278
0.0010124
0.00101203
0.00101167
0.00101132
0.00101099
0.00101066
0.00101034
0.00101002
0.00100972
0.00100942
0.00100913
0.00100885
0.00100858
0.00100831
0.00100805
0.0010078
0.00100755
0.00100731
0.00100708
0.00100685
0.00100662
0.00100641
0.00100619
0.0010167
0.00101621
0.00101574
0.00101528
0.00101483
0.00101439
0.00101397
0.00101356
0.00101316
0.00101277
0.0010124
0.00101203
0.00101167
0.00101132
0.00101098
0.00101065
0.00101033
0.00101002
0.00100971
0.00100942
0.00100913
0.00100885
0.00100857
0.0010083
0.00100804
0.00100779
0.00100754
0.0010073
0.00100706
0.00100684
0.00100661
0.00100639
0.00100618
0.0010167
0.00101621
0.00101574
0.00101528
0.00101483
0.00101439
0.00101397
0.00101356
0.00101316
0.00101277
0.00101239
0.00101203
0.00101167
0.00101132
0.00101098
0.00101065
0.00101033
0.00101001
0.00100971
0.00100941
0.00100912
0.00100884
0.00100856
0.0010083
0.00100804
0.00100778
0.00100753
0.00100729
0.00100706
0.00100683
0.0010066
0.00100638
0.00100617
0.0010167
0.00101621
0.00101574
0.00101528
0.00101483
0.00101439
0.00101397
0.00101356
0.00101316
0.00101277
0.00101239
0.00101202
0.00101167
0.00101132
0.00101098
0.00101065
0.00101032
0.00101001
0.00100971
0.00100941
0.00100912
0.00100883
0.00100856
0.00100829
0.00100803
0.00100777
0.00100753
0.00100728
0.00100705
0.00100682
0.00100659
0.00100637
0.00100616
0.0010167
0.00101621
0.00101574
0.00101528
0.00101483
0.00101439
0.00101397
0.00101356
0.00101316
0.00101277
0.00101239
0.00101202
0.00101166
0.00101131
0.00101097
0.00101064
0.00101032
0.00101001
0.0010097
0.0010094
0.00100911
0.00100883
0.00100855
0.00100829
0.00100802
0.00100777
0.00100752
0.00100728
0.00100704
0.00100681
0.00100658
0.00100636
0.00100615
0.0010167
0.00101621
0.00101574
0.00101528
0.00101483
0.00101439
0.00101397
0.00101356
0.00101316
0.00101277
0.00101239
0.00101202
0.00101166
0.00101131
0.00101097
0.00101064
0.00101032
0.00101
0.0010097
0.0010094
0.00100911
0.00100883
0.00100855
0.00100828
0.00100802
0.00100776
0.00100751
0.00100727
0.00100703
0.0010068
0.00100657
0.00100635
0.00100614
0.0010167
0.00101621
0.00101574
0.00101528
0.00101483
0.00101439
0.00101397
0.00101356
0.00101316
0.00101277
0.00101239
0.00101202
0.00101166
0.00101131
0.00101097
0.00101064
0.00101032
0.00101
0.0010097
0.0010094
0.00100911
0.00100882
0.00100855
0.00100828
0.00100801
0.00100776
0.00100751
0.00100726
0.00100703
0.00100679
0.00100657
0.00100635
0.00100613
0.0010167
0.00101621
0.00101574
0.00101528
0.00101483
0.00101439
0.00101397
0.00101356
0.00101316
0.00101277
0.00101239
0.00101202
0.00101166
0.00101131
0.00101097
0.00101064
0.00101032
0.00101
0.00100969
0.00100939
0.0010091
0.00100882
0.00100854
0.00100827
0.00100801
0.00100775
0.0010075
0.00100726
0.00100702
0.00100679
0.00100656
0.00100634
0.00100612
0.0010167
0.00101621
0.00101574
0.00101528
0.00101483
0.00101439
0.00101397
0.00101356
0.00101316
0.00101277
0.00101239
0.00101202
0.00101166
0.00101131
0.00101097
0.00101064
0.00101031
0.00101
0.00100969
0.00100939
0.0010091
0.00100882
0.00100854
0.00100827
0.00100801
0.00100775
0.0010075
0.00100725
0.00100702
0.00100678
0.00100656
0.00100633
0.00100612
0.0010167
0.00101621
0.00101574
0.00101528
0.00101483
0.00101439
0.00101397
0.00101356
0.00101316
0.00101277
0.00101239
0.00101202
0.00101166
0.00101131
0.00101097
0.00101064
0.00101031
0.00101
0.00100969
0.00100939
0.0010091
0.00100881
0.00100854
0.00100827
0.001008
0.00100775
0.00100749
0.00100725
0.00100701
0.00100678
0.00100655
0.00100633
0.00100611
0.0010167
0.00101621
0.00101574
0.00101528
0.00101483
0.00101439
0.00101397
0.00101356
0.00101316
0.00101277
0.00101239
0.00101202
0.00101166
0.00101131
0.00101097
0.00101064
0.00101031
0.00101
0.00100969
0.00100939
0.0010091
0.00100881
0.00100853
0.00100826
0.001008
0.00100774
0.00100749
0.00100724
0.001007
0.00100677
0.00100654
0.00100632
0.0010061
0.0010167
0.00101621
0.00101574
0.00101528
0.00101483
0.00101439
0.00101397
0.00101356
0.00101316
0.00101277
0.00101239
0.00101202
0.00101166
0.00101131
0.00101097
0.00101064
0.00101031
0.00101
0.00100969
0.00100939
0.00100909
0.00100881
0.00100853
0.00100825
0.00100798
0.00100772
0.00100747
0.00100722
0.00100697
0.00100673
0.0010065
0.00100627
0.00100604
0.0010167
0.00101621
0.00101574
0.00101528
0.00101483
0.00101439
0.00101397
0.00101356
0.00101316
0.00101277
0.00101239
0.00101202
0.00101166
0.00101131
0.00101096
0.00101063
0.0010103
0.00100997
0.00100966
0.00100935
0.00100905
0.00100875
0.00100845
0.00100817
0.00100788
0.0010076
0.00100732
0.00100705
0.00100678
0.00100651
0.00100625
0.00100599
0.00100573
0.0010167
0.00101621
0.00101574
0.00101528
0.00101483
0.00101439
0.00101397
0.00101356
0.00101316
0.00101276
0.00101237
0.00101199
0.00101162
0.00101125
0.00101088
0.00101051
0.00101015
0.00100979
0.00100942
0.00100906
0.00100869
0.00100833
0.00100796
0.00100759
0.00100721
0.00100684
0.00100646
0.00100608
0.00100569
0.00100531
0.00100492
0.00100453
0.00100413
0.0010167
0.00101621
0.00101574
0.00101527
0.00101482
0.00101438
0.00101394
0.0010135
0.00101305
0.00101259
0.00101213
0.00101165
0.00101115
0.00101063
0.00101008
0.00100952
0.00100893
0.00100832
0.00100769
0.00100703
0.00100635
0.00100565
0.00100493
0.00100419
0.00100343
0.00100265
0.00100186
0.00100105
0.00100023
0.000999396
0.000998554
0.000997702
0.000996844
0.0010167
0.00101621
0.00101571
0.00101519
0.00101464
0.00101403
0.00101334
0.00101256
0.00101168
0.00101069
0.00100958
0.00100837
0.00100706
0.00100563
0.00100411
0.0010025
0.0010008
0.000999029
0.000997185
0.00099528
0.00099332
0.000991313
0.000989266
0.000987185
0.000985077
0.000982947
0.000980801
0.000978645
0.000976482
0.000974316
0.000972153
0.000969995
0.000967846
0.00101669
0.00101596
0.00101486
0.00101328
0.00101118
0.00100855
0.00100542
0.00100182
0.000997785
0.000993377
0.000988643
0.000983636
0.000978404
0.000972993
0.000967446
0.0009618
0.000956089
0.000950342
0.000944585
0.00093884
0.000933125
0.000927458
0.000921851
0.000916315
0.00091086
0.000905493
0.00090022
0.000895046
0.000889975
0.000885008
0.000880147
0.000875395
0.00087075
0.00101524
0.00100708
0.00099496
0.000980623
0.000964776
0.000947876
0.000930305
0.000912411
0.000894487
0.000876761
0.000859397
0.000842509
0.000826171
0.000810426
0.000795297
0.000780791
0.000766901
0.000753616
0.000740916
0.000728781
0.000717187
0.000706109
0.000695524
0.000685406
0.000675732
0.00066648
0.000657627
0.000649152
0.000641036
0.000633259
0.000625804
0.000618655
0.000611793
0.000934352
0.00081341
0.000726844
0.000658858
0.000603206
0.000556872
0.000517958
0.000484986
0.000456769
0.000432384
0.000411125
0.000392442
0.000375907
0.00036118
0.00034799
0.000336116
0.000325379
0.000315631
0.00030675
0.000298632
0.000291189
0.000284347
0.000278042
0.000272218
0.000266828
0.000261829
0.000257185
0.000252864
0.000248836
0.000245076
0.000241562
0.000238273
0.00023519
0.000125479
0.000128845
0.000132086
0.000135185
0.000138141
0.000140961
0.00014365
0.000146214
0.000148657
0.000150984
0.0001532
0.000155308
0.000157312
0.000159218
0.000161029
0.000162748
0.000164381
0.000165931
0.000167401
0.000168796
0.000170118
0.000171372
0.000172561
0.000173687
0.000174754
0.000175765
0.000176722
0.000177629
0.000178488
0.000179301
0.000180071
0.0001808
0.00018149
8.0496e-05
9.56943e-05
0.000113544
0.000134785
0.000159571
0.000187136
0.000216178
0.000245376
0.000273762
0.000300929
0.000326973
0.000352281
0.000377306
0.000402393
0.000427707
0.00045324
0.000478871
0.000504442
0.000529823
0.000554946
0.000579812
0.000604473
0.000629002
0.000653473
0.000677941
0.000702444
0.000727005
0.000751641
0.000776375
0.000801235
0.000826253
0.000851458
0.000876869
0.000902489
0.000928298
0.000954258
0.000980305
0.00100636
0.00103233
0.0010581
0.00108354
0.00110854
0.00113296
0.00115665
0.00117948
0.00120133
0.00122206
0.00124158
0.0012598
0.00127665
0.00129209
0.0013061
0.00131871
0.00132995
0.00133992
0.0013487
0.00135644
0.0013633
0.00136945
0.0013751
0.00138047
0.00138576
0.0013912
0.00139701
0.0014034
0.00141056
0.00141867
0.00142788
0.00143831
0.00145008
0.00146326
0.00147789
0.00149399
0.00151156
0.00153057
0.00155097
0.00157269
0.00159564
0.00161971
0.00164478
0.00167074
0.00169743
0.00172472
0.00175246
0.0017805
0.0018087
0.00183692
0.00186501
0.00189283
0.00192026
0.00194716
0.00197341
0.0019989
0.0020235
0.00204711
0.0020696
0.00209085
0.002111
0.00212792
0.00215449
6.88006e-05
7.06335e-05
7.33901e-05
7.7507e-05
8.35122e-05
9.19439e-05
0.000103265
0.000117779
0.000135552
0.000156386
0.000179847
0.000205335
0.000232176
0.000259723
0.000287433
0.000314921
0.000341978
0.000368548
0.000394688
0.000420507
0.000446115
0.000471581
0.000496913
0.000522072
0.000546993
0.00057161
0.000595886
0.000619817
0.00064343
0.000666773
0.000689901
0.00071286
0.000735681
0.000758377
0.000780945
0.000803366
0.000825605
0.000847618
0.000869349
0.000890731
0.000911688
0.000932134
0.00095198
0.000971129
0.000989487
0.00100696
0.00102347
0.00103894
0.00105332
0.00106658
0.00107868
0.00108966
0.00109955
0.00110841
0.00111633
0.00112345
0.00112989
0.00113582
0.00114144
0.00114692
0.00115247
0.0011583
0.00116461
0.00117158
0.00117939
0.00118821
0.00119818
0.00120941
0.001222
0.00123603
0.00125153
0.00126853
0.00128704
0.00130704
0.0013285
0.00135136
0.00137556
0.00140101
0.00142762
0.00145527
0.00148385
0.00151323
0.00154326
0.00157381
0.00160474
0.00163589
0.00166712
0.00169829
0.00172925
0.00175987
0.00179
0.00181952
0.0018483
0.00187621
0.00190313
0.00192894
0.00195349
0.00197696
0.001997
0.0020279
0.000108996
0.000107177
0.000105283
0.000103565
0.000102065
0.000100842
0.000100025
9.98219e-05
0.000100527
0.00010251
0.000106187
0.000111976
0.000120242
0.000131263
0.000145193
0.000162035
0.000181633
0.000203675
0.000227713
0.000253209
0.000279601
0.000306361
0.000333057
0.000359384
0.000385169
0.000410349
0.000434935
0.000458972
0.000482512
0.000505587
0.00052821
0.000550379
0.00057208
0.000593303
0.000614038
0.000634278
0.000654018
0.00067325
0.00069196
0.000710123
0.000727709
0.000744678
0.000760985
0.000776583
0.000791423
0.000805462
0.000818664
0.000831002
0.000842463
0.000853053
0.000862794
0.000871731
0.000879932
0.000887484
0.000894499
0.000901106
0.000907452
0.000913697
0.000920008
0.000926558
0.000933516
0.000941048
0.000949307
0.000958433
0.00096855
0.000979764
0.000992161
0.00100581
0.00102076
0.00103706
0.00105472
0.00107375
0.00109416
0.00111593
0.00113904
0.00116346
0.00118915
0.00121605
0.00124409
0.00127319
0.00130327
0.00133421
0.0013659
0.00139821
0.00143102
0.00146418
0.00149755
0.00153099
0.00156434
0.00159746
0.00163021
0.00166245
0.00169402
0.00172481
0.00175466
0.00178346
0.00181102
0.00183757
0.00186051
0.00189561
0.000251128
0.000245514
0.000240005
0.000234582
0.000229403
0.000224405
0.000219473
0.000214487
0.000209334
0.000203931
0.000198249
0.000192341
0.000186369
0.00018061
0.000175445
0.000171332
0.000168753
0.000168166
0.000169964
0.000174431
0.000181722
0.000191852
0.000204695
0.000219993
0.000237383
0.000256428
0.000276664
0.00029764
0.000318959
0.000340294
0.000361405
0.000382129
0.000402364
0.000422057
0.00044118
0.00045972
0.000477666
0.00049501
0.000511739
0.000527839
0.000543298
0.000558102
0.000572242
0.00058571
0.000598506
0.000610633
0.000622105
0.000632944
0.000643185
0.000652875
0.000662075
0.000670862
0.000679326
0.00068757
0.000695708
0.000703862
0.000712157
0.000720721
0.000729672
0.000739127
0.000749184
0.000759934
0.000771447
0.000783781
0.000796978
0.000811069
0.000826076
0.000842013
0.000858894
0.000876732
0.000895542
0.000915343
0.000936156
0.000958005
0.000980915
0.00100491
0.00103
0.0010562
0.0010835
0.00111188
0.0011413
0.0011717
0.00120302
0.00123516
0.00126801
0.00130145
0.00133534
0.00136955
0.00140391
0.00143829
0.00147252
0.00150644
0.00153989
0.00157273
0.00160479
0.00163593
0.00166594
0.00169509
0.0017205
0.00175939
0.000427008
0.000419806
0.000412781
0.000405914
0.000399294
0.000392915
0.000386736
0.000380696
0.000374709
0.000368672
0.000362464
0.000355951
0.000348999
0.000341483
0.000333308
0.00032443
0.000314879
0.000304779
0.000294362
0.000283964
0.000273999
0.000264923
0.000257189
0.000251196
0.00024726
0.00024559
0.00024628
0.000249312
0.000254567
0.000261846
0.00027089
0.000281406
0.000293089
0.000305645
0.000318803
0.00033233
0.000346031
0.00035975
0.000373371
0.000386806
0.000399997
0.000412906
0.000425512
0.000437811
0.000449811
0.000461532
0.000473005
0.000484273
0.000495387
0.000506407
0.000517402
0.000528445
0.00053961
0.000550974
0.000562608
0.000574577
0.000586935
0.000599724
0.000612972
0.000626689
0.000640874
0.00065551
0.00067057
0.000686024
0.000701836
0.000717974
0.000734414
0.000751141
0.000768157
0.000785477
0.000803137
0.000821189
0.0008397
0.000858753
0.000878443
0.000898868
0.000920129
0.000942323
0.000965536
0.000989836
0.00101527
0.00104187
0.00106963
0.00109851
0.00112845
0.00115938
0.00119117
0.0012237
0.00125681
0.00129035
0.00132415
0.00135803
0.0013918
0.00142528
0.00145829
0.00149066
0.00152214
0.00155302
0.00158015
0.00162197
0.000592136
0.000584334
0.000576748
0.000569369
0.00056222
0.000555301
0.000548599
0.000542096
0.000535762
0.000529558
0.000523432
0.00051732
0.000511149
0.000504831
0.000498273
0.000491377
0.000484042
0.000476179
0.000467717
0.000458612
0.000448867
0.000438534
0.000427726
0.000416616
0.000405435
0.000394453
0.000383969
0.00037428
0.000365666
0.000358364
0.000352555
0.000348356
0.000345819
0.000344938
0.000345654
0.000347872
0.000351469
0.000356311
0.000362258
0.000369177
0.000376947
0.000385463
0.000394638
0.000404403
0.000414707
0.000425514
0.000436803
0.000448563
0.000460788
0.000473479
0.000486636
0.000500258
0.000514336
0.000528855
0.000543789
0.000559103
0.000574747
0.000590663
0.000606783
0.000623032
0.000639331
0.000655602
0.000671767
0.000687757
0.000703515
0.000718993
0.000734161
0.000749006
0.000763535
0.000777775
0.000791773
0.000805598
0.000819338
0.000833105
0.000847024
0.000861239
0.000875907
0.000891189
0.000907251
0.000924253
0.000942343
0.00096165
0.000982274
0.00100429
0.00102772
0.00105257
0.00107879
0.0011063
0.00113498
0.00116469
0.00119525
0.00122649
0.00125819
0.00129015
0.00132215
0.00135398
0.00138534
0.00141653
0.0014442
0.00148745
0.000730233
0.000722623
0.000715185
0.000707923
0.000700846
0.000693955
0.000687245
0.00068071
0.000674341
0.000668124
0.000662042
0.000656073
0.000650191
0.000644363
0.000638554
0.000632721
0.000626821
0.000620803
0.000614616
0.000608209
0.000601536
0.000594557
0.000587248
0.000579602
0.000571633
0.000563385
0.00055493
0.000546369
0.000537831
0.000529464
0.000521435
0.000513913
0.000507065
0.000501048
0.000495999
0.00049203
0.000489229
0.000487654
0.000487337
0.00048829
0.000490501
0.000493946
0.000498586
0.000504376
0.000511264
0.000519196
0.000528111
0.000537949
0.000548645
0.00056013
0.000572332
0.000585173
0.00059857
0.000612436
0.000626678
0.000641198
0.0006559
0.000670683
0.00068545
0.000700107
0.000714565
0.000728745
0.000742575
0.000755994
0.000768953
0.000781415
0.000793358
0.00080477
0.000815653
0.000826024
0.000835911
0.000845358
0.000854424
0.00086318
0.000871718
0.000880144
0.000888584
0.00089718
0.000906095
0.000915502
0.00092559
0.000936548
0.000948567
0.000961821
0.000976467
0.000992629
0.00101039
0.0010298
0.00105085
0.00107348
0.00109759
0.00112305
0.00114967
0.00117725
0.00120557
0.00123439
0.00126337
0.0012928
0.00131925
0.00136159
0.00083535
0.000828704
0.000822143
0.000815674
0.00080931
0.000803055
0.000796911
0.00079088
0.00078496
0.000779151
0.000773448
0.000767846
0.000762338
0.000756917
0.000751574
0.000746299
0.00074108
0.000735906
0.000730761
0.000725631
0.0007205
0.000715352
0.000710171
0.000704944
0.000699665
0.000694331
0.000688951
0.000683542
0.000678136
0.000672779
0.000667529
0.000662457
0.000657645
0.000653184
0.00064917
0.000645697
0.000642858
0.000640739
0.000639417
0.000638955
0.000639402
0.000640793
0.000643148
0.000646471
0.00065075
0.000655963
0.000662072
0.00066903
0.000676778
0.000685248
0.000694366
0.000704051
0.000714216
0.00072477
0.000735624
0.000746685
0.000757863
0.000769072
0.00078023
0.00079126
0.000802096
0.000812675
0.000822946
0.000832867
0.000842403
0.000851529
0.000860229
0.000868493
0.00087632
0.000883714
0.000890688
0.000897257
0.000903446
0.000909284
0.000914807
0.00092006
0.000925098
0.000929986
0.000934808
0.000939662
0.000944667
0.000949963
0.00095571
0.000962086
0.000969281
0.000977493
0.00098691
0.000997705
0.00101003
0.00102397
0.00103961
0.00105694
0.0010759
0.00109641
0.00111829
0.00114137
0.00116535
0.00119045
0.00121354
0.00125174
0.000908385
0.000903187
0.000897986
0.000892794
0.000887622
0.000882476
0.000877365
0.000872294
0.000867266
0.000862286
0.000857357
0.000852479
0.000847656
0.000842888
0.000838177
0.000833526
0.000828937
0.000824412
0.000819955
0.000815568
0.000811254
0.000807017
0.000802859
0.000798783
0.000794792
0.000790891
0.000787085
0.000783383
0.000779797
0.000776343
0.000773044
0.000769926
0.000767021
0.00076437
0.000762014
0.00076
0.000758377
0.000757194
0.000756499
0.000756334
0.000756739
0.000757745
0.000759374
0.00076164
0.000764547
0.000768089
0.000772248
0.000776998
0.000782304
0.000788121
0.0007944
0.000801084
0.000808112
0.000815422
0.000822947
0.000830623
0.000838388
0.000846179
0.000853941
0.000861622
0.000869175
0.000876559
0.00088374
0.000890691
0.00089739
0.00090382
0.000909974
0.000915845
0.000921436
0.000926748
0.000931792
0.000936576
0.000941115
0.000945422
0.000949514
0.000953407
0.00095712
0.000960674
0.000964091
0.000967402
0.000970642
0.000973859
0.000977116
0.000980492
0.000984091
0.000988037
0.000992481
0.00099759
0.00100355
0.00101053
0.00101872
0.00102827
0.0010393
0.00105186
0.00106598
0.00108162
0.00109864
0.00111722
0.00113496
0.00116562
0.000954645
0.000950982
0.000947262
0.000943494
0.000939685
0.000935845
0.000931979
0.000928094
0.000924195
0.00092029
0.000916382
0.000912475
0.000908576
0.000904689
0.000900819
0.000896971
0.000893153
0.000889372
0.000885635
0.000881951
0.000878331
0.000874784
0.000871319
0.000867949
0.000864684
0.000861533
0.00085851
0.000855624
0.000852887
0.000850313
0.000847915
0.000845708
0.00084371
0.000841937
0.000840411
0.000839153
0.000838186
0.000837531
0.000837213
0.000837251
0.000837666
0.000838472
0.000839683
0.000841305
0.00084334
0.000845784
0.000848628
0.000851856
0.000855446
0.000859372
0.000863603
0.000868102
0.000872832
0.000877752
0.00088282
0.000887995
0.000893236
0.000898502
0.000903758
0.000908968
0.000914103
0.000919136
0.000924045
0.000928811
0.00093342
0.000937863
0.000942135
0.000946234
0.000950163
0.000953925
0.000957531
0.00096099
0.000964316
0.000967522
0.000970625
0.00097364
0.000976582
0.000979467
0.000982308
0.000985116
0.000987903
0.000990678
0.000993452
0.000996238
0.000999055
0.00100193
0.00100491
0.00100806
0.00101146
0.00101522
0.00101948
0.00102438
0.00103008
0.00103673
0.00104448
0.00105343
0.00106363
0.00107528
0.001087
0.00110816
0.000981282
0.00097893
0.000976503
0.000974007
0.000971447
0.000968826
0.000966149
0.000963423
0.00096065
0.000957836
0.000954986
0.000952104
0.000949194
0.000946263
0.000943314
0.000940355
0.000937392
0.000934431
0.000931482
0.000928554
0.000925655
0.000922798
0.000919992
0.00091725
0.000914584
0.000912006
0.000909529
0.000907166
0.00090493
0.000902832
0.000900886
0.000899104
0.000897498
0.000896082
0.000894867
0.000893867
0.000893092
0.000892555
0.000892267
0.000892237
0.000892474
0.000892984
0.000893772
0.00089484
0.000896186
0.000897807
0.000899694
0.000901836
0.00090422
0.000906827
0.000909639
0.000912631
0.00091578
0.00091906
0.000922444
0.000925904
0.000929415
0.000932951
0.000936486
0.000939999
0.000943469
0.000946878
0.00095021
0.000953452
0.000956596
0.000959633
0.000962559
0.000965375
0.00096808
0.00097068
0.000973181
0.000975594
0.000977928
0.0009802
0.000982423
0.000984616
0.000986796
0.000988983
0.000991196
0.000993452
0.000995768
0.000998159
0.00100064
0.0010032
0.00100587
0.00100863
0.00101148
0.00101443
0.00101748
0.00102065
0.00102396
0.00102746
0.00103122
0.00103533
0.00103989
0.00104503
0.00105087
0.00105754
0.00106457
0.00107733
0.000995179
0.00099377
0.000992296
0.000990758
0.000989157
0.000987496
0.000985776
0.000983999
0.000982168
0.000980285
0.000978353
0.000976376
0.000974357
0.000972298
0.000970205
0.000968082
0.000965933
0.000963765
0.000961583
0.000959395
0.00095721
0.000955034
0.000952879
0.000950752
0.000948666
0.000946631
0.000944658
0.000942758
0.000940944
0.000939227
0.000937618
0.000936129
0.00093477
0.000933552
0.000932485
0.000931579
0.000930842
0.000930282
0.000929905
0.000929719
0.000929727
0.000929932
0.000930337
0.000930941
0.000931742
0.000932736
0.000933917
0.000935278
0.000936809
0.000938497
0.000940329
0.00094229
0.000944363
0.000946533
0.00094878
0.000951088
0.000953437
0.00095581
0.000958191
0.000960564
0.000962913
0.000965227
0.000967492
0.0009697
0.000971843
0.000973914
0.000975909
0.000977826
0.000979666
0.00098143
0.000983123
0.00098475
0.00098632
0.000987844
0.000989335
0.000990807
0.000992277
0.000993764
0.000995288
0.000996871
0.000998534
0.0010003
0.00100219
0.00100423
0.00100643
0.0010088
0.00101135
0.00101408
0.00101699
0.00102007
0.00102331
0.0010267
0.00103023
0.0010339
0.00103774
0.00104177
0.00104605
0.00105062
0.00105534
0.00106336
0.00100172
0.0010009
0.00100003
0.000999113
0.00099815
0.000997139
0.000996081
0.000994976
0.000993824
0.000992627
0.000991385
0.000990099
0.000988772
0.000987404
0.000985999
0.000984558
0.000983085
0.000981584
0.000980059
0.000978514
0.000976955
0.000975387
0.000973818
0.000972254
0.000970704
0.000969175
0.000967676
0.000966216
0.000964804
0.00096345
0.000962164
0.000960954
0.00095983
0.000958801
0.000957875
0.000957061
0.000956366
0.000955795
0.000955357
0.000955054
0.000954891
0.000954871
0.000954994
0.000955262
0.000955673
0.000956224
0.000956912
0.00095773
0.000958674
0.000959734
0.000960901
0.000962166
0.000963517
0.000964943
0.000966432
0.00096797
0.000969546
0.000971146
0.00097276
0.000974374
0.000975979
0.000977563
0.000979118
0.000980635
0.000982108
0.000983531
0.000984898
0.000986208
0.000987459
0.000988649
0.000989782
0.00099086
0.000991887
0.00099287
0.000993818
0.000994742
0.000995652
0.000996565
0.000997496
0.000998464
0.00099949
0.0010006
0.00100181
0.00100315
0.00100465
0.00100632
0.0010082
0.0010103
0.00101263
0.00101521
0.00101803
0.00102109
0.00102438
0.00102788
0.00103157
0.00103543
0.00103945
0.00104363
0.00104768
0.00105433
0.0010045
0.00100399
0.00100345
0.00100288
0.00100229
0.00100166
0.00100101
0.00100032
0.000999594
0.000998839
0.00099805
0.000997228
0.000996374
0.000995487
0.000994568
0.000993619
0.000992641
0.000991636
0.000990607
0.000989555
0.000988485
0.000987399
0.000986302
0.000985199
0.000984095
0.000982995
0.000981905
0.000980831
0.000979781
0.00097876
0.000977777
0.000976839
0.000975952
0.000975123
0.000974361
0.000973671
0.00097306
0.000972534
0.000972097
0.000971755
0.00097151
0.000971366
0.000971325
0.000971388
0.000971555
0.000971825
0.000972195
0.000972664
0.000973226
0.000973877
0.000974611
0.000975421
0.0009763
0.000977239
0.000978231
0.000979266
0.000980335
0.000981429
0.000982539
0.000983657
0.000984772
0.000985878
0.000986966
0.000988029
0.000989062
0.000990058
0.000991013
0.000991922
0.000992784
0.000993597
0.00099436
0.000995073
0.000995739
0.00099636
0.000996942
0.00099749
0.000998013
0.000998519
0.000999021
0.000999531
0.00100007
0.00100064
0.00100128
0.00100201
0.00100284
0.0010038
0.00100493
0.00100624
0.00100777
0.00100953
0.00101155
0.00101384
0.00101641
0.00101927
0.0010224
0.0010258
0.00102943
0.00103334
0.00103701
0.00104344
0.00100554
0.00100518
0.0010048
0.00100441
0.001004
0.00100358
0.00100314
0.00100267
0.00100219
0.00100169
0.00100116
0.00100061
0.00100005
0.000999455
0.000998842
0.000998208
0.000997552
0.000996876
0.00099618
0.000995466
0.000994736
0.000993992
0.000993235
0.000992469
0.000991697
0.000990922
0.000990148
0.00098938
0.00098862
0.000987875
0.000987149
0.000986448
0.000985776
0.000985138
0.000984542
0.00098399
0.000983489
0.000983044
0.000982658
0.000982336
0.000982082
0.000981898
0.000981786
0.000981749
0.000981787
0.000981901
0.000982089
0.000982351
0.000982685
0.000983087
0.000983554
0.000984081
0.000984665
0.000985298
0.000985976
0.000986691
0.000987437
0.000988208
0.000988996
0.000989794
0.000990595
0.000991393
0.00099218
0.000992951
0.0009937
0.000994421
0.000995111
0.000995764
0.000996377
0.000996948
0.000997475
0.000997957
0.000998394
0.000998786
0.000999137
0.000999448
0.000999724
0.000999971
0.0010002
0.00100041
0.00100061
0.00100083
0.00100107
0.00100135
0.00100168
0.00100209
0.0010026
0.00100324
0.00100403
0.00100499
0.00100616
0.00100755
0.0010092
0.00101112
0.00101333
0.00101583
0.00101862
0.00102178
0.00102473
0.00103045
0.00100589
0.00100559
0.00100528
0.00100496
0.00100464
0.0010043
0.00100396
0.00100361
0.00100324
0.00100286
0.00100248
0.00100207
0.00100166
0.00100123
0.00100079
0.00100033
0.000999866
0.000999385
0.00099889
0.000998384
0.000997866
0.000997338
0.000996801
0.000996256
0.000995706
0.000995153
0.000994598
0.000994044
0.000993494
0.000992951
0.000992419
0.000991901
0.0009914
0.00099092
0.000990466
0.000990041
0.000989648
0.000989293
0.000988977
0.000988705
0.00098848
0.000988305
0.000988181
0.000988111
0.000988096
0.000988137
0.000988235
0.000988389
0.000988597
0.00098886
0.000989174
0.000989537
0.000989945
0.000990395
0.000990883
0.000991404
0.000991952
0.000992523
0.000993111
0.00099371
0.000994315
0.000994919
0.000995518
0.000996105
0.000996676
0.000997225
0.000997748
0.00099824
0.000998699
0.00099912
0.000999502
0.000999842
0.00100014
0.00100039
0.00100061
0.00100078
0.0010009
0.001001
0.00100106
0.00100109
0.0010011
0.0010011
0.00100109
0.00100108
0.0010011
0.00100114
0.00100124
0.00100139
0.00100164
0.00100199
0.00100248
0.00100312
0.00100394
0.00100496
0.00100622
0.00100773
0.0010095
0.00101163
0.00101361
0.00101794
0.00100598
0.0010057
0.00100542
0.00100513
0.00100484
0.00100454
0.00100424
0.00100393
0.00100362
0.0010033
0.00100297
0.00100264
0.0010023
0.00100195
0.00100159
0.00100123
0.00100086
0.00100048
0.00100009
0.0009997
0.000999301
0.000998896
0.000998486
0.000998072
0.000997655
0.000997236
0.000996817
0.000996399
0.000995985
0.000995575
0.000995172
0.00099478
0.000994399
0.000994033
0.000993685
0.000993356
0.000993052
0.000992773
0.000992523
0.000992304
0.00099212
0.000991972
0.000991863
0.000991794
0.000991767
0.000991783
0.000991843
0.000991946
0.000992094
0.000992285
0.000992517
0.00099279
0.000993101
0.000993447
0.000993825
0.000994232
0.000994664
0.000995116
0.000995584
0.000996063
0.000996549
0.000997036
0.00099752
0.000997995
0.000998456
0.0009989
0.000999322
0.000999716
0.00100008
0.00100041
0.00100071
0.00100096
0.00100118
0.00100135
0.00100149
0.00100157
0.00100162
0.00100163
0.0010016
0.00100153
0.00100143
0.0010013
0.00100115
0.00100099
0.00100081
0.00100064
0.00100048
0.00100034
0.00100024
0.00100019
0.00100021
0.00100032
0.00100054
0.00100089
0.00100139
0.00100207
0.00100293
0.00100408
0.00100514
0.00100786
0.00100599
0.00100572
0.00100544
0.00100516
0.00100488
0.0010046
0.00100431
0.00100402
0.00100373
0.00100343
0.00100313
0.00100282
0.00100251
0.0010022
0.00100188
0.00100156
0.00100123
0.0010009
0.00100057
0.00100023
0.000999893
0.000999551
0.000999207
0.000998862
0.000998516
0.000998171
0.000997827
0.000997486
0.000997149
0.000996817
0.000996492
0.000996175
0.000995869
0.000995574
0.000995294
0.000995031
0.000994786
0.000994561
0.00099436
0.000994183
0.000994033
0.000993913
0.000993823
0.000993766
0.000993743
0.000993754
0.000993802
0.000993886
0.000994006
0.000994162
0.000994353
0.000994579
0.000994837
0.000995126
0.000995443
0.000995786
0.00099615
0.000996533
0.000996931
0.00099734
0.000997755
0.000998173
0.000998588
0.000998996
0.000999392
0.000999773
0.00100013
0.00100047
0.00100078
0.00100106
0.0010013
0.00100151
0.00100168
0.00100181
0.0010019
0.00100194
0.00100194
0.00100191
0.00100182
0.0010017
0.00100155
0.00100135
0.00100113
0.00100087
0.0010006
0.0010003
0.000999996
0.000999686
0.000999382
0.000999093
0.00099883
0.000998606
0.000998435
0.000998333
0.000998317
0.000998406
0.000998608
0.000999001
0.000999343
0.00100067
0.00100598
0.00100571
0.00100543
0.00100516
0.00100488
0.0010046
0.00100431
0.00100403
0.00100374
0.00100345
0.00100316
0.00100286
0.00100256
0.00100226
0.00100196
0.00100165
0.00100135
0.00100104
0.00100073
0.00100042
0.0010001
0.000999788
0.000999475
0.000999162
0.00099885
0.00099854
0.000998233
0.00099793
0.000997632
0.00099734
0.000997055
0.000996778
0.000996511
0.000996256
0.000996014
0.000995787
0.000995576
0.000995384
0.000995211
0.00099506
0.000994933
0.000994831
0.000994756
0.000994708
0.00099469
0.000994702
0.000994746
0.000994821
0.000994928
0.000995066
0.000995236
0.000995436
0.000995665
0.000995922
0.000996204
0.000996509
0.000996835
0.000997178
0.000997534
0.000997901
0.000998274
0.00099865
0.000999024
0.000999392
0.000999749
0.00100009
0.00100042
0.00100072
0.001001
0.00100124
0.00100146
0.00100164
0.00100178
0.00100188
0.00100195
0.00100197
0.00100195
0.00100188
0.00100177
0.00100162
0.00100143
0.0010012
0.00100094
0.00100063
0.0010003
0.00099994
0.000999553
0.000999148
0.000998728
0.0009983
0.000997871
0.00099745
0.000997044
0.000996665
0.000996324
0.000996034
0.000995801
0.000995678
0.00099553
0.000995835
0.00100597
0.00100569
0.00100542
0.00100514
0.00100486
0.00100458
0.0010043
0.00100401
0.00100373
0.00100344
0.00100315
0.00100285
0.00100256
0.00100226
0.00100196
0.00100167
0.00100136
0.00100106
0.00100076
0.00100046
0.00100015
0.00099985
0.000999548
0.000999248
0.000998949
0.000998654
0.000998362
0.000998075
0.000997793
0.000997517
0.00099725
0.00099699
0.000996741
0.000996503
0.000996278
0.000996067
0.000995872
0.000995693
0.000995534
0.000995394
0.000995277
0.000995182
0.000995113
0.000995068
0.000995051
0.000995062
0.000995101
0.000995169
0.000995266
0.000995393
0.000995548
0.000995732
0.000995942
0.000996178
0.000996438
0.00099672
0.00099702
0.000997337
0.000997667
0.000998007
0.000998354
0.000998703
0.00099905
0.000999392
0.000999725
0.00100004
0.00100035
0.00100063
0.00100088
0.00100111
0.00100131
0.00100147
0.00100159
0.00100168
0.00100173
0.00100173
0.00100169
0.00100161
0.00100148
0.00100131
0.0010011
0.00100085
0.00100055
0.00100022
0.00099985
0.000999445
0.000999008
0.000998542
0.000998051
0.000997538
0.000997008
0.000996466
0.000995917
0.000995368
0.000994827
0.000994301
0.000993795
0.00099334
0.000992879
0.000992488
0.00100595
0.00100568
0.0010054
0.00100512
0.00100484
0.00100456
0.00100428
0.00100399
0.00100371
0.00100342
0.00100313
0.00100283
0.00100254
0.00100224
0.00100195
0.00100165
0.00100135
0.00100105
0.00100075
0.00100045
0.00100014
0.000999845
0.000999546
0.000999249
0.000998954
0.000998663
0.000998375
0.000998092
0.000997815
0.000997544
0.000997281
0.000997026
0.000996781
0.000996548
0.000996327
0.000996119
0.000995927
0.000995752
0.000995594
0.000995456
0.000995338
0.000995243
0.000995171
0.000995124
0.000995102
0.000995107
0.000995138
0.000995198
0.000995285
0.000995399
0.000995542
0.000995711
0.000995906
0.000996125
0.000996367
0.00099663
0.000996912
0.000997209
0.00099752
0.00099784
0.000998166
0.000998495
0.000998823
0.000999146
0.00099946
0.000999761
0.00100004
0.00100031
0.00100055
0.00100076
0.00100094
0.00100109
0.0010012
0.00100127
0.0010013
0.00100128
0.00100123
0.00100113
0.00100098
0.00100079
0.00100056
0.00100028
0.000999957
0.000999593
0.000999188
0.000998744
0.000998263
0.000997747
0.000997199
0.000996621
0.000996016
0.000995388
0.00099474
0.000994075
0.0009934
0.000992718
0.000992032
0.00099136
0.000990694
0.000989843
0.00100594
0.00100566
0.00100539
0.00100511
0.00100483
0.00100454
0.00100426
0.00100397
0.00100369
0.0010034
0.0010031
0.00100281
0.00100252
0.00100222
0.00100192
0.00100162
0.00100132
0.00100102
0.00100072
0.00100042
0.00100012
0.000999817
0.000999518
0.000999221
0.000998925
0.000998633
0.000998345
0.000998061
0.000997782
0.00099751
0.000997246
0.00099699
0.000996743
0.000996507
0.000996283
0.000996073
0.000995878
0.000995698
0.000995536
0.000995392
0.000995269
0.000995167
0.000995088
0.000995033
0.000995002
0.000994997
0.000995018
0.000995066
0.00099514
0.000995242
0.00099537
0.000995525
0.000995704
0.000995907
0.000996133
0.000996379
0.000996643
0.000996922
0.000997215
0.000997516
0.000997825
0.000998135
0.000998445
0.00099875
0.000999046
0.000999329
0.000999595
0.000999841
0.00100006
0.00100026
0.00100042
0.00100054
0.00100063
0.00100068
0.00100069
0.00100066
0.00100058
0.00100045
0.00100028
0.00100005
0.000999787
0.000999472
0.000999111
0.000998704
0.000998254
0.000997761
0.000997228
0.000996654
0.000996044
0.000995399
0.00099472
0.00099401
0.000993273
0.000992509
0.000991724
0.000990918
0.000990095
0.000989261
0.000988447
0.000987265
0.00100593
0.00100565
0.00100537
0.00100509
0.00100481
0.00100453
0.00100424
0.00100395
0.00100367
0.00100337
0.00100308
0.00100279
0.00100249
0.00100219
0.0010019
0.0010016
0.00100129
0.00100099
0.00100069
0.00100039
0.00100009
0.000999784
0.000999483
0.000999184
0.000998886
0.000998592
0.000998301
0.000998014
0.000997732
0.000997457
0.000997188
0.000996928
0.000996676
0.000996435
0.000996206
0.00099599
0.000995787
0.000995601
0.000995431
0.000995279
0.000995147
0.000995036
0.000994946
0.00099488
0.000994837
0.00099482
0.000994828
0.000994862
0.000994923
0.00099501
0.000995122
0.000995261
0.000995423
0.000995609
0.000995817
0.000996045
0.000996291
0.000996552
0.000996825
0.000997107
0.000997396
0.000997686
0.000997975
0.000998259
0.000998534
0.000998795
0.000999038
0.00099926
0.000999456
0.000999623
0.000999758
0.000999856
0.000999915
0.000999932
0.000999905
0.000999831
0.00099971
0.00099954
0.00099932
0.000999049
0.000998728
0.000998357
0.000997937
0.000997467
0.00099695
0.000996387
0.00099578
0.000995129
0.000994436
0.000993705
0.000992935
0.00099213
0.000991291
0.000990421
0.00098952
0.000988592
0.000987639
0.000986657
0.00098571
0.000984252
0.00100591
0.00100564
0.00100536
0.00100508
0.0010048
0.00100451
0.00100423
0.00100394
0.00100365
0.00100336
0.00100306
0.00100277
0.00100247
0.00100217
0.00100187
0.00100157
0.00100127
0.00100097
0.00100066
0.00100036
0.00100005
0.00099975
0.000999447
0.000999145
0.000998846
0.000998548
0.000998254
0.000997964
0.000997679
0.000997399
0.000997125
0.00099686
0.000996603
0.000996356
0.00099612
0.000995896
0.000995686
0.000995491
0.000995312
0.00099515
0.000995008
0.000994885
0.000994784
0.000994706
0.00099465
0.000994619
0.000994613
0.000994632
0.000994677
0.000994747
0.000994843
0.000994963
0.000995108
0.000995275
0.000995463
0.00099567
0.000995894
0.000996133
0.000996383
0.000996642
0.000996906
0.00099717
0.000997432
0.000997688
0.000997932
0.000998161
0.000998371
0.000998556
0.000998714
0.00099884
0.000998931
0.000998982
0.00099899
0.000998953
0.000998868
0.000998733
0.000998546
0.000998306
0.000998011
0.000997662
0.000997259
0.000996801
0.00099629
0.000995725
0.00099511
0.000994444
0.00099373
0.00099297
0.000992164
0.000991316
0.000990426
0.000989497
0.00098853
0.000987527
0.00098649
0.000985419
0.000984319
0.000983178
0.00098209
0.000980356
0.0010059
0.00100563
0.00100535
0.00100507
0.00100478
0.0010045
0.00100421
0.00100392
0.00100363
0.00100334
0.00100304
0.00100275
0.00100245
0.00100215
0.00100185
0.00100155
0.00100124
0.00100094
0.00100063
0.00100033
0.00100002
0.000999718
0.000999413
0.000999109
0.000998806
0.000998506
0.000998209
0.000997915
0.000997626
0.000997342
0.000997063
0.000996793
0.00099653
0.000996276
0.000996033
0.000995802
0.000995584
0.00099538
0.000995191
0.00099502
0.000994866
0.000994732
0.000994619
0.000994527
0.000994458
0.000994412
0.00099439
0.000994392
0.00099442
0.000994471
0.000994548
0.000994647
0.00099477
0.000994914
0.000995078
0.00099526
0.000995457
0.000995667
0.000995887
0.000996113
0.000996341
0.000996569
0.000996791
0.000997003
0.000997201
0.00099738
0.000997536
0.000997665
0.00099776
0.00099782
0.000997838
0.000997813
0.000997739
0.000997615
0.000997437
0.000997204
0.000996913
0.000996563
0.000996154
0.000995685
0.000995157
0.00099457
0.000993924
0.000993222
0.000992464
0.000991653
0.00099079
0.000989877
0.000988917
0.000987911
0.00098686
0.000985768
0.000984636
0.000983465
0.000982256
0.00098101
0.000979732
0.000978403
0.000977149
0.000975106
0.00100589
0.00100562
0.00100534
0.00100505
0.00100477
0.00100448
0.0010042
0.00100391
0.00100362
0.00100332
0.00100303
0.00100273
0.00100243
0.00100213
0.00100183
0.00100153
0.00100122
0.00100092
0.00100061
0.0010003
0.000999994
0.000999687
0.00099938
0.000999074
0.000998769
0.000998466
0.000998166
0.000997868
0.000997575
0.000997287
0.000997004
0.000996728
0.000996459
0.000996199
0.000995949
0.00099571
0.000995484
0.00099527
0.000995072
0.00099489
0.000994725
0.000994578
0.000994451
0.000994344
0.000994259
0.000994196
0.000994156
0.000994139
0.000994145
0.000994174
0.000994226
0.000994299
0.000994394
0.000994507
0.000994637
0.000994783
0.000994941
0.000995109
0.000995283
0.000995459
0.000995634
0.000995803
0.000995961
0.000996105
0.000996228
0.000996327
0.000996395
0.00099643
0.000996425
0.000996376
0.00099628
0.000996132
0.000995928
0.000995667
0.000995345
0.000994959
0.00099451
0.000993996
0.000993416
0.000992771
0.000992062
0.000991289
0.000990453
0.000989557
0.000988603
0.000987592
0.000986527
0.000985411
0.000984245
0.000983032
0.000981773
0.000980472
0.000979128
0.000977745
0.000976322
0.00097486
0.000973364
0.000971806
0.000970354
0.000967946
0.00100589
0.00100561
0.00100533
0.00100504
0.00100476
0.00100447
0.00100418
0.00100389
0.0010036
0.00100331
0.00100301
0.00100271
0.00100241
0.00100211
0.00100181
0.0010015
0.0010012
0.00100089
0.00100058
0.00100028
0.000999967
0.000999658
0.000999349
0.00099904
0.000998733
0.000998427
0.000998123
0.000997823
0.000997525
0.000997232
0.000996944
0.000996662
0.000996388
0.000996121
0.000995863
0.000995615
0.000995379
0.000995156
0.000994946
0.00099475
0.000994571
0.000994409
0.000994265
0.00099414
0.000994034
0.000993949
0.000993884
0.00099384
0.000993816
0.000993813
0.000993828
0.000993863
0.000993914
0.00099398
0.000994058
0.000994147
0.000994243
0.000994342
0.000994441
0.000994536
0.000994622
0.000994694
0.000994747
0.000994777
0.000994777
0.000994744
0.000994671
0.000994554
0.000994387
0.000994167
0.00099389
0.000993551
0.000993148
0.000992678
0.000992138
0.000991529
0.000990848
0.000990096
0.000989273
0.000988379
0.000987418
0.000986389
0.000985295
0.00098414
0.000982924
0.000981651
0.000980324
0.000978946
0.000977518
0.000976043
0.000974523
0.00097296
0.000971356
0.000969711
0.000968026
0.0009663
0.00096454
0.000962707
0.000961015
0.00095817
0.00100588
0.0010056
0.00100532
0.00100503
0.00100475
0.00100446
0.00100417
0.00100388
0.00100359
0.00100329
0.001003
0.0010027
0.0010024
0.0010021
0.00100179
0.00100149
0.00100118
0.00100087
0.00100056
0.00100025
0.000999939
0.000999628
0.000999316
0.000999005
0.000998694
0.000998385
0.000998077
0.000997771
0.000997469
0.00099717
0.000996875
0.000996586
0.000996302
0.000996026
0.000995757
0.000995497
0.000995247
0.000995008
0.000994781
0.000994567
0.000994367
0.000994181
0.000994011
0.000993856
0.000993718
0.000993596
0.000993491
0.000993403
0.00099333
0.000993272
0.000993227
0.000993195
0.000993172
0.000993157
0.000993147
0.000993138
0.000993127
0.000993109
0.000993081
0.000993037
0.000992972
0.000992882
0.000992761
0.000992603
0.000992403
0.000992156
0.000991857
0.0009915
0.000991082
0.000990599
0.000990046
0.000989422
0.000988723
0.000987949
0.000987098
0.000986171
0.000985166
0.000984086
0.000982932
0.000981706
0.00098041
0.000979047
0.00097762
0.000976132
0.000974586
0.000972985
0.000971332
0.000969629
0.00096788
0.000966086
0.000964249
0.000962371
0.000960451
0.000958491
0.000956491
0.000954447
0.000952368
0.000950203
0.000948223
0.000944846
0.00100587
0.00100559
0.00100531
0.00100503
0.00100474
0.00100445
0.00100416
0.00100387
0.00100358
0.00100328
0.00100298
0.00100268
0.00100238
0.00100208
0.00100177
0.00100146
0.00100115
0.00100084
0.00100053
0.00100022
0.000999902
0.000999587
0.000999271
0.000998954
0.000998638
0.000998321
0.000998006
0.000997692
0.000997379
0.000997069
0.000996762
0.000996458
0.000996158
0.000995864
0.000995575
0.000995292
0.000995017
0.00099475
0.00099449
0.000994241
0.000994
0.00099377
0.00099355
0.000993341
0.000993142
0.000992952
0.000992773
0.000992601
0.000992437
0.000992278
0.000992123
0.000991969
0.000991814
0.000991653
0.000991484
0.000991303
0.000991105
0.000990885
0.000990638
0.00099036
0.000990045
0.000989687
0.000989282
0.000988823
0.000988306
0.000987726
0.000987078
0.000986359
0.000985566
0.000984696
0.000983746
0.000982715
0.000981603
0.000980409
0.000979135
0.000977782
0.000976351
0.000974844
0.000973266
0.000971618
0.000969904
0.000968127
0.000966292
0.0009644
0.000962455
0.000960461
0.000958419
0.000956332
0.000954202
0.00095203
0.000949816
0.000947562
0.000945266
0.000942928
0.000940547
0.000938117
0.000935649
0.000933075
0.000930737
0.000926693
0.00100586
0.00100558
0.0010053
0.00100502
0.00100473
0.00100444
0.00100415
0.00100386
0.00100356
0.00100326
0.00100296
0.00100266
0.00100235
0.00100204
0.00100173
0.00100142
0.00100111
0.00100079
0.00100047
0.00100015
0.000999823
0.000999497
0.000999168
0.000998838
0.000998507
0.000998173
0.000997839
0.000997503
0.000997167
0.00099683
0.000996493
0.000996156
0.000995819
0.000995484
0.000995149
0.000994816
0.000994484
0.000994154
0.000993826
0.0009935
0.000993176
0.000992854
0.000992532
0.000992211
0.000991889
0.000991566
0.000991239
0.000990907
0.000990568
0.000990219
0.000989858
0.000989481
0.000989084
0.000988664
0.000988215
0.000987734
0.000987216
0.000986656
0.000986048
0.000985387
0.000984669
0.000983889
0.000983042
0.000982123
0.00098113
0.000980058
0.000978906
0.000977671
0.000976353
0.00097495
0.000973463
0.000971892
0.00097024
0.000968507
0.000966698
0.000964814
0.000962858
0.000960835
0.000958748
0.0009566
0.000954394
0.000952135
0.000949824
0.000947464
0.000945058
0.000942608
0.000940114
0.000937578
0.000934999
0.000932377
0.000929712
0.000927001
0.000924243
0.000921435
0.000918574
0.000915653
0.000912684
0.000909574
0.000906771
0.000901834
0.00100585
0.00100557
0.00100528
0.00100499
0.0010047
0.00100441
0.00100411
0.00100381
0.00100351
0.0010032
0.00100289
0.00100258
0.00100226
0.00100194
0.00100162
0.00100129
0.00100095
0.00100061
0.00100027
0.000999924
0.000999572
0.000999214
0.000998851
0.000998482
0.000998107
0.000997727
0.00099734
0.000996947
0.000996548
0.000996142
0.000995729
0.000995309
0.000994882
0.000994447
0.000994004
0.000993553
0.000993093
0.000992623
0.000992143
0.000991652
0.000991149
0.000990633
0.000990101
0.000989554
0.000988988
0.000988401
0.000987791
0.000987156
0.000986491
0.000985794
0.000985062
0.000984289
0.000983473
0.000982609
0.000981692
0.000980718
0.000979682
0.000978581
0.000977409
0.000976164
0.000974842
0.00097344
0.000971956
0.000970387
0.000968734
0.000966994
0.00096517
0.000963261
0.000961269
0.000959197
0.000957047
0.000954822
0.000952525
0.00095016
0.00094773
0.00094524
0.000942691
0.000940086
0.00093743
0.000934723
0.000931968
0.000929166
0.000926318
0.000923423
0.000920483
0.000917496
0.000914461
0.000911377
0.00090824
0.000905049
0.000901799
0.000898488
0.000895111
0.000891664
0.000888141
0.000884532
0.000880856
0.000876984
0.000873517
0.000867293
0.00100578
0.00100549
0.00100519
0.00100489
0.00100458
0.00100427
0.00100395
0.00100362
0.00100329
0.00100296
0.00100261
0.00100226
0.0010019
0.00100154
0.00100116
0.00100078
0.00100038
0.000999979
0.000999564
0.000999138
0.000998699
0.000998248
0.000997784
0.000997305
0.000996812
0.000996303
0.000995778
0.000995236
0.000994676
0.000994097
0.000993498
0.000992879
0.000992237
0.000991573
0.000990885
0.000990171
0.00098943
0.00098866
0.000987861
0.000987029
0.000986164
0.000985262
0.000984322
0.000983341
0.000982317
0.000981245
0.000980125
0.000978951
0.000977721
0.000976432
0.000975079
0.00097366
0.000972171
0.000970609
0.00096897
0.000967253
0.000965454
0.000963572
0.000961606
0.000959554
0.000957416
0.000955194
0.000952888
0.0009505
0.000948032
0.000945488
0.000942871
0.000940184
0.00093743
0.000934614
0.000931739
0.000928808
0.000925824
0.000922788
0.000919704
0.00091657
0.000913389
0.00091016
0.000906882
0.000903552
0.00090017
0.000896732
0.000893235
0.000889675
0.00088605
0.000882354
0.000878584
0.000874735
0.000870801
0.000866779
0.000862662
0.000858447
0.000854128
0.000849699
0.000845156
0.000840486
0.000835718
0.000830673
0.000826192
0.000818009
0.00100543
0.00100509
0.00100473
0.00100437
0.00100399
0.0010036
0.0010032
0.00100278
0.00100236
0.00100191
0.00100145
0.00100097
0.00100048
0.000999966
0.000999432
0.000998878
0.000998302
0.000997702
0.000997078
0.000996429
0.000995754
0.00099505
0.000994318
0.000993554
0.000992759
0.000991931
0.000991069
0.00099017
0.000989233
0.000988257
0.000987241
0.000986181
0.000985078
0.000983928
0.00098273
0.000981482
0.000980182
0.000978827
0.000977416
0.000975947
0.000974416
0.000972822
0.000971161
0.000969433
0.000967634
0.000965762
0.000963814
0.000961788
0.000959684
0.000957498
0.000955229
0.000952876
0.000950439
0.000947918
0.000945313
0.000942624
0.000939854
0.000937005
0.00093408
0.000931081
0.000928012
0.000924878
0.000921682
0.000918429
0.000915122
0.000911766
0.000908362
0.000904914
0.000901423
0.000897889
0.000894312
0.000890691
0.000887021
0.000883301
0.000879523
0.000875685
0.000871777
0.000867795
0.00086373
0.000859576
0.000855323
0.000850966
0.000846495
0.000841905
0.000837189
0.000832341
0.000827355
0.000822226
0.000816951
0.000811526
0.000805949
0.000800217
0.000794329
0.000788284
0.000782084
0.000775717
0.000769237
0.000762389
0.000756387
0.000745346
0.00100367
0.00100313
0.00100256
0.00100197
0.00100134
0.00100069
0.00100001
0.000999296
0.000998549
0.000997768
0.00099695
0.000996095
0.000995202
0.000994268
0.000993293
0.000992274
0.000991212
0.000990103
0.000988948
0.000987743
0.000986489
0.000985183
0.000983823
0.00098241
0.00098094
0.000979412
0.000977825
0.000976178
0.000974468
0.000972694
0.000970855
0.000968948
0.000966973
0.000964927
0.000962809
0.000960618
0.000958352
0.000956009
0.000953589
0.00095109
0.000948511
0.000945851
0.000943109
0.000940286
0.000937382
0.000934396
0.000931329
0.000928184
0.00092496
0.000921661
0.00091829
0.000914848
0.000911341
0.000907773
0.000904146
0.000900467
0.00089674
0.00089297
0.00088916
0.000885314
0.000881436
0.000877527
0.000873589
0.000869619
0.000865618
0.000861579
0.000857499
0.000853369
0.000849181
0.000844924
0.000840586
0.000836154
0.000831614
0.000826952
0.000822154
0.000817204
0.00081209
0.000806798
0.000801316
0.000795633
0.000789741
0.000783632
0.000777301
0.000770746
0.000763966
0.000756963
0.000749741
0.000742308
0.000734673
0.000726846
0.000718843
0.000710678
0.000702368
0.000693931
0.000685388
0.000676743
0.000668091
0.0006591
0.000651416
0.000637506
0.000995831
0.000994636
0.000993385
0.000992077
0.000990709
0.000989281
0.000987791
0.000986238
0.000984622
0.000982941
0.000981195
0.000979382
0.000977502
0.000975554
0.000973538
0.000971453
0.000969299
0.000967074
0.000964779
0.000962413
0.000959975
0.000957466
0.000954885
0.000952231
0.000949504
0.000946705
0.000943832
0.000940886
0.000937867
0.000934775
0.000931609
0.000928371
0.000925059
0.000921676
0.000918221
0.000914695
0.000911101
0.000907438
0.000903708
0.000899915
0.000896059
0.000892145
0.000888174
0.000884151
0.000880079
0.000875962
0.000871805
0.000867613
0.000863389
0.000859138
0.000854866
0.000850574
0.000846268
0.000841947
0.000837615
0.00083327
0.000828911
0.000824532
0.000820128
0.00081569
0.000811208
0.000806667
0.000802051
0.000797342
0.00079252
0.000787563
0.000782446
0.000777146
0.000771638
0.000765898
0.000759903
0.00075363
0.000747061
0.000740177
0.000732967
0.00072542
0.000717532
0.000709301
0.000700734
0.000691841
0.000682638
0.000673146
0.000663395
0.000653417
0.00064325
0.000632937
0.000622525
0.000612063
0.000601603
0.000591198
0.0005809
0.000570761
0.000560832
0.000551159
0.000541791
0.000532752
0.000524149
0.000515706
0.000508839
0.000497426
0.000965347
0.000962445
0.000959456
0.000956382
0.000953222
0.000949979
0.000946653
0.000943247
0.000939762
0.0009362
0.000932563
0.000928852
0.000925069
0.000921217
0.000917297
0.000913312
0.000909263
0.000905153
0.000900985
0.000896759
0.000892478
0.000888145
0.000883762
0.000879331
0.000874854
0.000870335
0.000865775
0.000861177
0.000856543
0.000851878
0.000847182
0.00084246
0.000837715
0.000832948
0.000828165
0.000823367
0.000818559
0.000813742
0.000808922
0.000804099
0.000799278
0.000794459
0.000789645
0.000784836
0.000780031
0.00077523
0.000770429
0.000765623
0.000760805
0.000755967
0.000751096
0.000746179
0.000741198
0.000736133
0.000730962
0.000725659
0.000720195
0.000714542
0.000708668
0.00070254
0.000696127
0.000689398
0.000682324
0.00067488
0.000667042
0.000658796
0.000650129
0.000641038
0.000631525
0.000621601
0.000611284
0.000600603
0.000589592
0.000578295
0.000566766
0.000555062
0.00054325
0.000531404
0.0005196
0.000507917
0.000496437
0.000485242
0.000474409
0.000464013
0.000454123
0.000444801
0.000436101
0.000428067
0.000420736
0.000414135
0.000408281
0.000403185
0.000398848
0.000395265
0.000392426
0.000390316
0.000388906
0.000388211
0.000388022
0.000389223
0.000865461
0.000859452
0.000853401
0.000847313
0.000841194
0.000835047
0.000828876
0.000822687
0.000816483
0.000810268
0.000804046
0.000797821
0.000791596
0.000785375
0.000779161
0.000772956
0.000766765
0.000760589
0.000754432
0.000748297
0.000742184
0.000736098
0.000730039
0.00072401
0.000718011
0.000712045
0.000706112
0.000700212
0.000694346
0.000688513
0.000682712
0.00067694
0.000671194
0.000665471
0.000659766
0.000654071
0.000648379
0.00064268
0.000636962
0.000631211
0.000625413
0.000619547
0.000613596
0.000607534
0.000601339
0.000594982
0.000588435
0.00058167
0.000574656
0.000567364
0.000559767
0.000551839
0.000543562
0.000534919
0.000525903
0.000516516
0.000506768
0.000496679
0.000486282
0.00047562
0.000464744
0.000453717
0.000442608
0.000431492
0.000420448
0.000409556
0.000398895
0.000388543
0.000378573
0.000369051
0.000360039
0.000351593
0.000343758
0.000336578
0.000330085
0.000324308
0.000319267
0.000314979
0.000311452
0.000308692
0.000306696
0.000305458
0.000304965
0.0003052
0.000306139
0.000307755
0.000310016
0.000312884
0.000316319
0.000320276
0.000324709
0.00032957
0.000334808
0.000340374
0.000346216
0.000352296
0.000358516
0.000365075
0.000370768
0.000381091
0.000604125
0.000595587
0.000587165
0.00057886
0.000570672
0.0005626
0.000554642
0.000546798
0.000539064
0.000531441
0.000523926
0.000516517
0.000509212
0.00050201
0.000494907
0.000487901
0.000480989
0.000474169
0.000467438
0.000460792
0.000454228
0.000447742
0.00044133
0.000434988
0.000428711
0.000422494
0.000416331
0.000410219
0.00040415
0.000398118
0.000392118
0.000386143
0.000380186
0.000374242
0.000368304
0.000362368
0.000356427
0.000350478
0.000344519
0.000338548
0.000332565
0.000326572
0.000320574
0.000314578
0.000308594
0.000302635
0.000296716
0.000290857
0.000285079
0.000279407
0.000273869
0.000268493
0.000263312
0.000258358
0.000253665
0.000249266
0.000245195
0.000241485
0.000238166
0.000235269
0.000232821
0.000230847
0.00022937
0.000228408
0.000227978
0.000228094
0.000228766
0.000229999
0.000231799
0.000234163
0.000237088
0.000240565
0.000244582
0.00024912
0.000254157
0.000259667
0.000265616
0.000271968
0.000278678
0.000285701
0.000292984
0.000300473
0.000308112
0.000315843
0.000323607
0.000331349
0.000339015
0.000346557
0.00035393
0.000361095
0.000368021
0.000374683
0.000381061
0.000387145
0.000392927
0.000398409
0.000403577
0.000408539
0.00041269
0.000419332
0.000231832
0.000228197
0.000224717
0.000221388
0.000218205
0.000215164
0.000212259
0.000209486
0.000206841
0.000204321
0.000201922
0.00019964
0.000197472
0.000195416
0.000193467
0.000191625
0.000189885
0.000188247
0.000186708
0.000185266
0.00018392
0.000182669
0.00018151
0.000180444
0.00017947
0.000178588
0.000177797
0.000177098
0.000176492
0.000175979
0.000175561
0.00017524
0.000175018
0.000174898
0.000174883
0.000174976
0.000175182
0.000175505
0.000175951
0.000176526
0.000177235
0.000178086
0.000179086
0.000180244
0.000181569
0.000183068
0.000184754
0.000186636
0.000188724
0.000191032
0.000193569
0.000196349
0.000199384
0.000202685
0.000206263
0.000210131
0.000214299
0.000218774
0.000223564
0.000228673
0.000234103
0.000239852
0.000245914
0.000252278
0.000258927
0.000265841
0.000272989
0.000280338
0.000287845
0.000295462
0.000303137
0.00031081
0.00031842
0.000325903
0.000333195
0.000340234
0.00034696
0.000353322
0.000359273
0.000364776
0.000369804
0.000374341
0.000378379
0.00038192
0.000384976
0.000387567
0.000389715
0.000391451
0.000392805
0.000393811
0.0003945
0.000394905
0.000395055
0.000394976
0.000394697
0.000394226
0.000393633
0.000392771
0.000392195
0.000390416
0.000182249
0.000183078
0.000183879
0.000184651
0.000185392
0.000186103
0.000186783
0.000187431
0.000188047
0.00018863
0.00018918
0.000189697
0.000190181
0.00019063
0.000191045
0.000191426
0.000191771
0.000192082
0.000192357
0.000192597
0.000192801
0.000192969
0.000193101
0.000193196
0.000193255
0.000193277
0.000193262
0.000193209
0.000193118
0.00019299
0.000192823
0.000192617
0.000192371
0.000192085
0.000191759
0.000191392
0.000190983
0.000190531
0.000190037
0.000189498
0.000188915
0.000188286
0.000187612
0.000186891
0.000186123
0.000185307
0.000184445
0.000183534
0.000182576
0.000181572
0.000180521
0.000179426
0.000178288
0.00017711
0.000175894
0.000174645
0.000173366
0.000172062
0.00017074
0.000169406
0.000168067
0.000166732
0.000165411
0.000164111
0.000162843
0.000161618
0.000160445
0.000159333
0.000158292
0.000157328
0.000156447
0.000155655
0.000154952
0.000154339
0.000153812
0.000153367
0.000152996
0.00015269
0.000152439
0.000152232
0.000152056
0.000151899
0.000151752
0.000151602
0.000151442
0.000151264
0.000151061
0.00015083
0.000150568
0.000150272
0.000149943
0.000149581
0.000149188
0.000148764
0.000148312
0.000147833
0.000147337
0.000146793
0.000146335
0.000145436
1.11601e-05
2.8912e-05
3.3246e-05
3.61676e-05
3.80444e-05
3.91786e-05
3.97564e-05
4.01244e-05
4.04781e-05
4.10653e-05
4.21286e-05
4.37956e-05
4.60739e-05
4.93642e-05
5.54504e-05
6.57138e-05
7.80655e-05
9.09154e-05
0.000103572
0.000115755
0.000127365
0.000138384
0.000148834
0.000158749
0.00016817
0.000177136
0.000185686
0.000193856
0.000201677
0.000209181
0.000216392
0.000223333
0.000230022
0.00023647
0.000242687
0.000248676
0.000254439
0.000259971
0.000265268
0.000270328
0.000275151
0.000279746
0.000284138
0.000288353
0.000292322
0.000296072
0.0002996
0.000302903
0.000305973
0.000308801
0.000311381
0.000313706
0.000315768
0.000317562
0.000319084
0.000320329
0.000321293
0.000321976
0.000322376
0.000322492
0.000322326
0.000321882
0.000321162
0.000320172
0.000318919
0.00031741
0.000315654
0.000313664
0.000311455
0.000309043
0.000306467
0.000303833
0.00030154
0.000299877
0.000298327
0.000296692
0.00029494
0.000293077
0.000291114
0.000289064
0.000286938
0.000284747
0.000282502
0.000280213
0.00027789
0.000275541
0.000273176
0.000270802
0.000268428
0.000266062
0.000263709
0.000261377
0.000259073
0.000256803
0.000254574
0.000252396
0.000250281
0.000248249
0.000246394
0.000244153
1.77783e-05
6.46164e-05
0.000131273
0.000179846
0.000206655
0.000217664
0.000218073
0.000212537
0.000207229
0.000205069
0.000206193
0.000210429
0.000218055
0.000229674
0.000245909
0.000267161
0.000293201
0.000323826
0.000359164
0.000399395
0.000444548
0.000494406
0.000548489
0.000606104
0.00066643
0.000728624
0.000791908
0.000855635
0.000919319
0.000982633
0.00104539
0.00110751
0.00116897
0.0012298
0.00129002
0.00134964
0.00140862
0.00146686
0.00152416
0.00158019
0.00163437
0.00168578
0.00173333
0.00177709
0.00181931
0.00186018
0.00189969
0.00193778
0.00197435
0.00200931
0.00204257
0.00207403
0.0021036
0.0021312
0.00215676
0.00218021
0.00220148
0.00222054
0.00223734
0.00225185
0.00226405
0.00227393
0.00228151
0.0022868
0.00228983
0.00229065
0.0022893
0.00228586
0.00228038
0.00227294
0.00226353
0.00225195
0.00223773
0.00222036
0.00220037
0.00217845
0.0021551
0.00213064
0.00210526
0.00207913
0.00205238
0.00202515
0.00199754
0.00196967
0.00194163
0.00191352
0.00188542
0.0018574
0.00182954
0.0018019
0.00177454
0.00174751
0.00172086
0.00169464
0.00166891
0.00164368
0.00161916
0.00159519
0.00157233
0.00154715
2.2088e-05
0.000114571
0.000210491
0.000268559
0.000298525
0.000310169
0.000312345
0.000311143
0.000311578
0.000316483
0.000326593
0.000341838
0.000362448
0.000389244
0.000423351
0.000465859
0.000517592
0.000578966
0.000649864
0.000729513
0.000816521
0.000909076
0.00100521
0.00110305
0.00120104
0.00129797
0.00139305
0.00148579
0.001576
0.00166365
0.00174884
0.0018317
0.00191241
0.0019911
0.00206789
0.00214286
0.00221603
0.00228739
0.00235689
0.00242446
0.00249007
0.00255383
0.00261613
0.00267623
0.00273433
0.00279043
0.00284442
0.00289619
0.00294564
0.00299264
0.00303709
0.00307888
0.00311792
0.00315412
0.0031874
0.00321771
0.00324499
0.00326919
0.00329029
0.00330827
0.00332312
0.00333485
0.0033435
0.00334909
0.00335169
0.00335137
0.0033482
0.00334228
0.00333371
0.00332262
0.00330907
0.00329312
0.00327471
0.00325384
0.00323063
0.00320537
0.00317832
0.00314974
0.00311985
0.00308885
0.0030569
0.00302416
0.00299078
0.00295689
0.00292261
0.00288807
0.00285337
0.00281861
0.00278389
0.00274928
0.00271487
0.00268072
0.0026469
0.00261347
0.00258049
0.002548
0.00251609
0.00248482
0.00245352
0.00242077
2.51186e-05
0.000162249
0.000274664
0.000336963
0.000365842
0.000376596
0.000380504
0.000384707
0.00039303
0.000407055
0.000427281
0.000454133
0.000488471
0.000531507
0.000584418
0.000647963
0.000722221
0.000806485
0.000899329
0.000998839
0.00110292
0.00120957
0.00131708
0.0014241
0.00152966
0.0016331
0.00173404
0.0018323
0.00192786
0.00202076
0.00211115
0.00219916
0.00228495
0.00236865
0.00245037
0.00253021
0.00260821
0.0026844
0.00275879
0.00283139
0.00290222
0.00297136
0.00303864
0.00310379
0.00316675
0.00322744
0.00328575
0.00334157
0.00339478
0.00344527
0.00349294
0.00353769
0.00357942
0.00361805
0.00365353
0.00368578
0.00371477
0.00374047
0.00376285
0.00378192
0.00379767
0.00381015
0.00381937
0.00382541
0.00382832
0.00382818
0.0038251
0.00381918
0.00381053
0.00379928
0.00378555
0.00376946
0.00375112
0.00373064
0.00370815
0.00368378
0.00365771
0.00363011
0.00360117
0.00357106
0.00353995
0.00350797
0.00347528
0.00344201
0.00340827
0.00337419
0.00333986
0.00330538
0.00327084
0.00323632
0.0032019
0.00316764
0.00313359
0.00309982
0.00306635
0.00303322
0.00300047
0.00296814
0.00293501
0.00290115
2.73785e-05
0.000198175
0.000325969
0.000391928
0.000421237
0.000433191
0.000440547
0.000450361
0.000465792
0.000488055
0.000517784
0.00055568
0.000602594
0.000659276
0.000726052
0.000802618
0.000888009
0.000980738
0.00107904
0.0011811
0.00128528
0.00139022
0.00149484
0.00159834
0.00170017
0.00179997
0.00189752
0.00199276
0.0020857
0.00217641
0.002265
0.00235161
0.00243637
0.00251939
0.00260076
0.00268057
0.00275886
0.00283564
0.0029109
0.00298462
0.00305676
0.00312721
0.00319581
0.00326236
0.00332672
0.00338877
0.00344839
0.00350547
0.00355986
0.00361146
0.00366016
0.00370585
0.00374845
0.00378788
0.00382408
0.00385699
0.00388659
0.00391285
0.00393577
0.00395536
0.00397164
0.00398465
0.00399444
0.00400109
0.00400467
0.00400528
0.00400303
0.00399803
0.00399041
0.0039803
0.00396784
0.00395316
0.00393642
0.00391775
0.00389731
0.00387522
0.0038516
0.00382661
0.00380039
0.00377307
0.00374481
0.00371574
0.00368598
0.00365565
0.00362485
0.00359368
0.00356224
0.00353061
0.00349886
0.00346706
0.00343527
0.00340355
0.00337194
0.00334048
0.00330918
0.00327805
0.0032471
0.00321638
0.00318439
0.00315243
2.90549e-05
0.000226166
0.000365564
0.00043508
0.000466152
0.000480788
0.000492433
0.000507915
0.000530059
0.000559922
0.000598027
0.000644773
0.000700394
0.000764789
0.000837401
0.000917217
0.0010029
0.00109297
0.00118597
0.00128062
0.00137588
0.00147095
0.00156527
0.00165846
0.00175031
0.0018407
0.0019296
0.00201703
0.00210308
0.00218781
0.00227133
0.00235371
0.00243503
0.00251534
0.00259467
0.002673
0.00275032
0.00282657
0.00290167
0.00297548
0.00304788
0.00311871
0.00318776
0.00325485
0.0033198
0.00338244
0.00344263
0.00350024
0.00355513
0.00360717
0.00365625
0.00370227
0.00374515
0.00378481
0.00382121
0.00385429
0.00388405
0.00391047
0.00393357
0.00395337
0.00396993
0.0039833
0.00399356
0.00400078
0.00400509
0.00400658
0.00400538
0.00400161
0.00399542
0.00398695
0.00397633
0.00396372
0.00394926
0.00393312
0.00391543
0.00389633
0.00387592
0.00385434
0.00383171
0.00380813
0.00378374
0.00375863
0.00373291
0.00370668
0.00368001
0.003653
0.00362572
0.00359822
0.00357057
0.00354281
0.003515
0.00348717
0.00345934
0.00343154
0.00340378
0.00337602
0.00334827
0.00332058
0.00329136
0.00326282
3.03996e-05
0.00024644
0.000393827
0.000465878
0.00049881
0.000516406
0.00053226
0.000552796
0.000580431
0.000615853
0.000659129
0.000710044
0.000768127
0.000832626
0.000902531
0.00097667
0.00105384
0.00113294
0.00121305
0.00129351
0.00137388
0.00145395
0.00153364
0.001613
0.00169211
0.00177105
0.00184992
0.00192876
0.00200761
0.00208646
0.00216529
0.00224406
0.00232268
0.00240107
0.00247913
0.00255673
0.00263373
0.00270999
0.00278527
0.00285939
0.00293218
0.00300345
0.00307297
0.00314051
0.00320588
0.00326888
0.00332937
0.00338719
0.0034422
0.00349429
0.00354334
0.00358926
0.00363197
0.00367141
0.00370755
0.00374037
0.00376987
0.00379605
0.00381896
0.00383865
0.00385518
0.00386865
0.00387915
0.0038868
0.00389172
0.00389403
0.00389389
0.00389143
0.00388681
0.00388018
0.00387167
0.00386146
0.00384967
0.00383647
0.003822
0.00380637
0.00378969
0.00377208
0.00375362
0.00373441
0.00371455
0.0036941
0.00367316
0.00365179
0.00363005
0.00360799
0.00358568
0.00356315
0.00354043
0.00351757
0.00349459
0.0034715
0.00344833
0.00342505
0.00340169
0.00337818
0.00335452
0.00333077
0.00330533
0.00328108
3.17785e-05
0.00025912
0.000410536
0.00048258
0.000515601
0.000534509
0.000552497
0.00057524
0.000604497
0.000640391
0.000682451
0.000729967
0.000782094
0.00083791
0.00089648
0.000956953
0.00101864
0.00108107
0.00114401
0.00120743
0.00127149
0.00133641
0.00140246
0.00146986
0.00153878
0.00160927
0.00168133
0.00175486
0.00182971
0.00190569
0.00198258
0.00206015
0.00213816
0.00221639
0.0022946
0.00237257
0.00245004
0.00252673
0.00260245
0.002677
0.00275016
0.00282172
0.00289142
0.00295905
0.00302439
0.00308726
0.0031475
0.00320495
0.00325949
0.003311
0.00335939
0.00340458
0.00344651
0.00348514
0.00352045
0.00355245
0.00358115
0.0036066
0.00362886
0.00364801
0.00366414
0.00367738
0.00368784
0.00369567
0.00370101
0.00370402
0.00370486
0.00370368
0.00370065
0.00369593
0.00368968
0.00368204
0.00367316
0.00366319
0.00365224
0.00364043
0.00362786
0.00361462
0.00360078
0.0035864
0.00357154
0.00355628
0.00354064
0.00352467
0.00350841
0.00349189
0.00347513
0.00345815
0.00344097
0.0034236
0.00340604
0.0033883
0.00337037
0.00335223
0.00333386
0.00331521
0.00329626
0.00327706
0.00325607
0.00323673
3.30505e-05
0.000265236
0.000414756
0.000481701
0.000510273
0.000525815
0.000540487
0.000558864
0.00058198
0.000609602
0.000641181
0.000676152
0.000713996
0.000754268
0.000796608
0.00084077
0.000886648
0.000934276
0.000983787
0.00103541
0.00108941
0.00114599
0.00120533
0.00126749
0.00133242
0.0014
0.00147
0.00154215
0.00161613
0.00169163
0.00176829
0.0018458
0.00192382
0.00200209
0.00208029
0.00215811
0.0022353
0.00231165
0.00238693
0.00246092
0.0025334
0.00260415
0.00267293
0.00273953
0.00280373
0.00286537
0.00292428
0.00298033
0.00303339
0.00308337
0.00313018
0.00317377
0.00321409
0.00325112
0.00328487
0.00331537
0.00334265
0.00336679
0.00338788
0.00340602
0.00342134
0.00343397
0.00344408
0.00345182
0.00345737
0.0034609
0.0034626
0.00346263
0.00346118
0.0034584
0.00345446
0.00344951
0.00344368
0.0034371
0.0034299
0.00342216
0.00341396
0.00340537
0.00339645
0.00338722
0.00337772
0.00336798
0.00335801
0.00334782
0.00333743
0.00332683
0.00331602
0.003305
0.00329376
0.00328229
0.00327056
0.00325858
0.0032463
0.0032337
0.00322074
0.00320736
0.00319353
0.0031793
0.00316318
0.00314925
3.41023e-05
0.00026511
0.000403594
0.00045657
0.000472521
0.000476428
0.000478949
0.000483838
0.000492236
0.000504641
0.000521419
0.000542754
0.000568591
0.000598698
0.00063273
0.000670333
0.000711211
0.000755159
0.000802054
0.000851843
0.000904511
0.000960043
0.0010184
0.00107951
0.00114323
0.00120938
0.00127773
0.00134801
0.00141993
0.00149319
0.00156748
0.00164251
0.00171797
0.00179355
0.00186899
0.00194404
0.00201846
0.00209203
0.00216451
0.00223568
0.00230532
0.00237321
0.00243913
0.00250286
0.00256421
0.00262301
0.0026791
0.00273234
0.00278263
0.00282986
0.00287398
0.00291494
0.0029527
0.00298726
0.00301866
0.00304693
0.00307214
0.00309438
0.00311376
0.00313042
0.00314451
0.00315619
0.00316564
0.00317305
0.0031786
0.0031825
0.00318494
0.00318611
0.0031862
0.00318536
0.00318377
0.00318156
0.00317887
0.00317581
0.00317248
0.00316896
0.0031653
0.00316155
0.00315772
0.00315384
0.0031499
0.0031459
0.00314182
0.00313764
0.00313334
0.00312889
0.00312427
0.00311944
0.00311437
0.00310903
0.00310337
0.00309738
0.00309099
0.00308417
0.00307687
0.00306901
0.00306055
0.00305154
0.00304053
0.00303236
3.49317e-05
0.000257854
0.000370072
0.000395186
0.00038793
0.000372189
0.000357944
0.000349996
0.000350578
0.000360345
0.000378797
0.000404685
0.000436543
0.000473027
0.000513049
0.000555801
0.000600739
0.000647529
0.000695995
0.000746078
0.000797788
0.00085117
0.000906273
0.000963135
0.00102176
0.00108211
0.0011441
0.00120763
0.00127255
0.00133867
0.00140578
0.00147365
0.00154207
0.0016108
0.00167961
0.00174824
0.00181645
0.001884
0.00195065
0.00201618
0.00208036
0.00214297
0.00220377
0.00226257
0.00231916
0.00237336
0.00242501
0.00247398
0.00252014
0.00256341
0.00260371
0.00264102
0.0026753
0.00270657
0.00273487
0.00276024
0.00278279
0.00280261
0.00281984
0.00283462
0.00284714
0.00285758
0.00286614
0.00287302
0.00287843
0.00288259
0.0028857
0.00288796
0.00288955
0.00289066
0.00289143
0.00289201
0.0028925
0.00289302
0.00289364
0.00289441
0.00289537
0.00289653
0.0028979
0.00289944
0.00290114
0.00290295
0.00290483
0.00290673
0.0029086
0.00291038
0.00291202
0.00291345
0.00291462
0.00291549
0.00291598
0.00291606
0.00291565
0.0029147
0.00291315
0.0029109
0.00290792
0.00290424
0.00289842
0.00289625
3.56212e-05
0.000239723
0.000299101
0.000281979
0.000252303
0.00023056
0.000223743
0.000233193
0.000256034
0.000288354
0.000326763
0.000368772
0.000412692
0.00045745
0.000502439
0.000547367
0.000592159
0.000636865
0.000681616
0.00072659
0.000771987
0.000818011
0.00086485
0.000912673
0.000961619
0.00101178
0.0010632
0.00111592
0.00116991
0.00122512
0.00128145
0.00133875
0.00139686
0.00145558
0.00151469
0.00157397
0.00163318
0.00169208
0.00175044
0.00180802
0.00186458
0.00191989
0.00197372
0.00202586
0.00207609
0.00212422
0.00217009
0.00221355
0.00225446
0.00229275
0.00232833
0.00236116
0.00239123
0.00241856
0.00244317
0.00246515
0.00248459
0.00250161
0.00251637
0.00252902
0.00253976
0.00254879
0.00255632
0.00256258
0.00256779
0.00257217
0.00257593
0.00257928
0.00258241
0.00258549
0.00258865
0.00259204
0.00259576
0.00259988
0.00260446
0.00260953
0.00261511
0.00262117
0.0026277
0.00263463
0.00264192
0.00264949
0.00265727
0.00266518
0.00267314
0.00268107
0.00268888
0.0026965
0.00270384
0.00271083
0.0027174
0.00272348
0.00272898
0.00273385
0.00273799
0.00274132
0.00274378
0.00274541
0.00274472
0.00274867
3.6138e-05
0.000198274
0.000178596
0.00014746
0.000140143
0.000157948
0.000191787
0.000234237
0.000280444
0.000327599
0.000374137
0.000419314
0.000462876
0.000504837
0.000545355
0.000584656
0.000622991
0.000660605
0.000697733
0.000734611
0.000771463
0.000808502
0.000845924
0.000883913
0.000922634
0.000962229
0.00100283
0.00104452
0.00108735
0.00113132
0.00117639
0.00122249
0.00126952
0.00131734
0.00136578
0.00141466
0.00146378
0.00151291
0.00156185
0.00161035
0.00165819
0.00170514
0.00175096
0.00179545
0.00183838
0.00187957
0.00191883
0.00195602
0.001991
0.00202367
0.00205396
0.00208182
0.00210724
0.00213023
0.00215085
0.00216916
0.00218528
0.00219934
0.00221149
0.00222193
0.00223084
0.00223845
0.00224497
0.00225065
0.00225571
0.00226038
0.00226488
0.0022694
0.00227413
0.00227923
0.00228484
0.00229108
0.00229803
0.00230574
0.00231425
0.00232356
0.00233367
0.00234452
0.00235607
0.00236824
0.00238094
0.00239408
0.00240755
0.00242125
0.00243508
0.00244892
0.00246267
0.00247624
0.00248951
0.00250241
0.00251483
0.00252669
0.00253791
0.00254839
0.00255805
0.00256678
0.00257452
0.00258133
0.0025856
0.00259564
3.70216e-05
0.000108443
9.32709e-05
0.000124449
0.000168513
0.000216854
0.000265058
0.000310975
0.000353706
0.000393477
0.000430863
0.000466414
0.000500547
0.000533566
0.000565701
0.00059714
0.000628041
0.000658536
0.000688748
0.000718789
0.000748765
0.000778788
0.00080898
0.000839475
0.000870406
0.000901904
0.000934086
0.000967051
0.00100087
0.00103558
0.00107119
0.00110767
0.00114498
0.00118304
0.00122174
0.00126095
0.00130052
0.00134028
0.00138004
0.0014196
0.00145876
0.00149731
0.00153503
0.00157172
0.00160718
0.00164122
0.00167368
0.0017044
0.00173325
0.00176014
0.00178499
0.00180776
0.00182843
0.00184704
0.00186363
0.00187829
0.00189113
0.0019023
0.00191197
0.00192031
0.00192756
0.00193392
0.00193963
0.00194492
0.00195003
0.00195518
0.00196059
0.00196644
0.00197291
0.00198015
0.00198828
0.00199739
0.00200755
0.0020188
0.00203114
0.00204455
0.002059
0.00207442
0.00209073
0.00210783
0.00212562
0.00214397
0.00216276
0.00218187
0.00220117
0.00222053
0.00223983
0.00225895
0.00227777
0.00229619
0.0023141
0.00233139
0.00234797
0.00236374
0.0023786
0.00239245
0.0024052
0.00241692
0.00242588
0.00244187
5.5587e-05
8.98804e-05
0.000155408
0.000210601
0.000254533
0.000289853
0.000319767
0.000346885
0.000372778
0.000398396
0.000424083
0.000449878
0.000475746
0.00050167
0.000527659
0.000553722
0.000579844
0.000605984
0.000632088
0.000658118
0.00068406
0.000709941
0.000735825
0.0007618
0.000787965
0.000814416
0.000841239
0.000868502
0.000896259
0.000924545
0.000953384
0.000982784
0.00101273
0.0010432
0.00107414
0.00110547
0.00113709
0.00116888
0.00120069
0.00123238
0.00126378
0.00129471
0.001325
0.00135447
0.00138294
0.00141027
0.00143628
0.00146086
0.00148388
0.00150526
0.00152494
0.00154289
0.0015591
0.00157361
0.00158648
0.0015978
0.00160771
0.00161634
0.00162388
0.00163052
0.00163649
0.001642
0.00164728
0.00165257
0.00165809
0.00166405
0.00167066
0.00167809
0.0016865
0.00169602
0.00170674
0.00171874
0.00173205
0.0017467
0.00176266
0.0017799
0.00179836
0.00181795
0.00183858
0.00186014
0.0018825
0.00190553
0.00192908
0.00195302
0.00197721
0.00200151
0.00202578
0.00204988
0.00207369
0.00209709
0.00211996
0.00214218
0.00216364
0.00218424
0.00220388
0.00222243
0.0022398
0.00225609
0.00226937
0.00229101
)
;

boundaryField
{
    outlet
    {
        type            calculated;
        value           nonuniform List<scalar> 
55
(
0.00215449
0.0020279
0.00189561
0.00175939
0.00162197
0.00148745
0.00136159
0.00125174
0.00116562
0.00110816
0.00107733
0.00106336
0.00105433
0.00104344
0.00103045
0.00101794
0.00100786
0.00100067
0.000995835
0.000992488
0.000989843
0.000987265
0.000984252
0.000980356
0.000975106
0.000967946
0.00095817
0.000944846
0.000926693
0.000901834
0.000867293
0.000818009
0.000745346
0.000637506
0.000497426
0.000389223
0.000381091
0.000419332
0.000390416
0.000145436
0.000244153
0.00154715
0.00242077
0.00290115
0.00315243
0.00326282
0.00328108
0.00323673
0.00314925
0.00303236
0.00289625
0.00274867
0.00259564
0.00244187
0.00229101
)
;
    }
    inlet
    {
        type            calculated;
        value           uniform 0.00101695;
    }
    lowerWall
    {
        type            nutkWallFunction;
        Cmu             0.09;
        kappa           0.41;
        E               9.8;
        value           nonuniform List<scalar> 
148
(
0
2.49787e-07
9.71596e-07
1.61329e-06
2.17593e-06
2.66085e-06
3.07064e-06
3.40964e-06
3.68376e-06
3.89989e-06
4.06534e-06
4.18736e-06
4.27283e-06
4.32807e-06
4.35868e-06
4.36957e-06
4.3649e-06
4.34821e-06
4.32242e-06
4.28994e-06
4.25271e-06
4.21232e-06
4.17002e-06
4.12681e-06
4.08347e-06
4.0406e-06
3.99866e-06
3.95807e-06
3.91875e-06
3.8827e-06
3.84111e-06
3.83846e-06
3.65637e-06
0
0
0
0
0
0
0
0
0
0
0
0
0
0
1.36909e-06
0
0
0
0
0
0
0
0
0
0
0
0
0
3.47536e-07
1.34678e-06
2.99538e-06
4.9295e-06
6.89461e-06
8.79141e-06
1.05865e-05
1.22726e-05
1.38535e-05
1.53368e-05
1.67312e-05
1.80453e-05
1.92869e-05
2.04631e-05
2.15802e-05
2.26441e-05
2.36596e-05
2.46311e-05
2.55623e-05
2.6456e-05
2.73145e-05
2.81394e-05
2.89315e-05
2.96912e-05
3.04185e-05
3.11133e-05
3.17751e-05
3.24045e-05
3.30029e-05
3.35738e-05
3.41205e-05
3.46344e-05
3.51192e-05
3.55746e-05
3.60003e-05
3.63954e-05
3.67591e-05
3.70905e-05
3.73887e-05
3.7653e-05
3.78829e-05
3.80777e-05
3.8237e-05
3.83603e-05
3.84476e-05
3.84987e-05
3.85135e-05
3.84924e-05
3.84356e-05
3.83435e-05
3.82169e-05
3.80566e-05
3.78634e-05
3.76385e-05
3.73834e-05
3.70999e-05
3.67902e-05
3.64591e-05
3.61201e-05
3.58247e-05
3.56102e-05
3.54103e-05
3.51992e-05
3.49728e-05
3.47319e-05
3.44779e-05
3.42124e-05
3.39369e-05
3.36526e-05
3.33611e-05
3.30634e-05
3.27611e-05
3.24551e-05
3.21466e-05
3.18367e-05
3.15265e-05
3.12168e-05
3.09086e-05
3.06028e-05
3.03003e-05
3.0002e-05
2.97087e-05
2.94218e-05
2.9143e-05
2.88747e-05
2.86297e-05
2.83333e-05
)
;
    }
    upperWall
    {
        type            nutkWallFunction;
        Cmu             0.09;
        kappa           0.41;
        E               9.8;
        value           nonuniform List<scalar> 
133
(
1.20002e-05
1.2486e-05
1.29522e-05
1.33963e-05
1.38188e-05
1.42205e-05
1.46027e-05
1.49662e-05
1.53118e-05
1.56402e-05
1.59523e-05
1.62486e-05
1.65299e-05
1.67969e-05
1.70501e-05
1.72903e-05
1.7518e-05
1.77339e-05
1.79384e-05
1.81322e-05
1.83158e-05
1.84897e-05
1.86543e-05
1.88102e-05
1.89578e-05
1.90975e-05
1.92297e-05
1.93549e-05
1.94733e-05
1.95854e-05
1.96914e-05
1.97918e-05
1.98868e-05
1.99911e-05
2.01051e-05
2.02151e-05
2.0321e-05
2.04227e-05
2.05202e-05
2.06134e-05
2.07022e-05
2.07865e-05
2.08663e-05
2.09417e-05
2.10124e-05
2.10785e-05
2.11399e-05
2.11966e-05
2.12486e-05
2.12958e-05
2.13382e-05
2.13758e-05
2.14085e-05
2.14363e-05
2.14593e-05
2.14773e-05
2.14903e-05
2.14983e-05
2.15013e-05
2.14992e-05
2.1492e-05
2.14797e-05
2.14621e-05
2.14393e-05
2.14112e-05
2.13777e-05
2.13387e-05
2.12942e-05
2.1244e-05
2.11881e-05
2.11264e-05
2.10588e-05
2.09851e-05
2.09053e-05
2.08193e-05
2.0727e-05
2.06282e-05
2.05229e-05
2.04111e-05
2.02927e-05
2.01677e-05
2.00361e-05
1.9898e-05
1.97534e-05
1.96026e-05
1.94458e-05
1.92833e-05
1.91154e-05
1.89427e-05
1.87658e-05
1.85853e-05
1.8402e-05
1.82169e-05
1.8031e-05
1.78454e-05
1.76614e-05
1.74803e-05
1.73036e-05
1.71325e-05
1.69685e-05
1.6813e-05
1.66671e-05
1.6532e-05
1.64086e-05
1.62973e-05
1.61986e-05
1.61124e-05
1.60384e-05
1.59757e-05
1.59236e-05
1.58805e-05
1.58452e-05
1.5816e-05
1.57912e-05
1.57692e-05
1.57484e-05
1.57273e-05
1.57047e-05
1.56796e-05
1.56511e-05
1.56185e-05
1.55815e-05
1.55398e-05
1.54934e-05
1.54423e-05
1.53867e-05
1.53269e-05
1.52631e-05
1.51953e-05
1.51252e-05
1.50482e-05
1.49834e-05
1.4856e-05
)
;
    }
    frontAndBack
    {
        type            empty;
    }
}


// ************************************************************************* //
