/*--------------------------------*- C++ -*----------------------------------*\
| =========                 |                                                 |
| \\      /  F ield         | OpenFOAM: The Open Source CFD Toolbox           |
|  \\    /   O peration     | Version:  4.1                                   |
|   \\  /    A nd           | Web:      www.OpenFOAM.org                      |
|    \\/     M anipulation  |                                                 |
\*---------------------------------------------------------------------------*/
FoamFile
{
    version     2.0;
    format      ascii;
    class       volScalarField;
    location    "1100";
    object      p;
}
// * * * * * * * * * * * * * * * * * * * * * * * * * * * * * * * * * * * * * //

dimensions      [0 2 -2 0 0 0 0];

internalField   nonuniform List<scalar> 
6820
(
-8.24282
-8.50037
-8.59799
-8.61871
-8.65195
-8.69728
-8.73891
-8.7751
-8.80883
-8.84096
-8.87105
-8.89896
-8.92496
-8.9493
-8.97216
-8.99372
-9.01412
-9.03353
-9.05207
-9.06987
-9.08703
-9.10365
-9.11981
-9.13558
-9.15103
-9.16624
-9.18124
-9.1961
-9.21091
-9.22555
-9.24093
-9.25479
-9.28491
-8.3556
-8.52166
-8.60038
-8.62127
-8.64821
-8.68348
-8.71511
-8.74205
-8.76737
-8.79213
-8.81602
-8.83893
-8.86101
-8.8824
-8.90317
-8.92336
-8.943
-8.96216
-8.98086
-8.99916
-9.01709
-9.03469
-9.05199
-9.06903
-9.08585
-9.10248
-9.11895
-9.13531
-9.15161
-9.16784
-9.18422
-9.20073
-9.21744
-8.41186
-8.51657
-8.59459
-8.62651
-8.65472
-8.68794
-8.7184
-8.74473
-8.76937
-8.79332
-8.81634
-8.83833
-8.85942
-8.87975
-8.89939
-8.91838
-8.93679
-8.95467
-8.97209
-8.98909
-9.00571
-9.022
-9.038
-9.05376
-9.0693
-9.08467
-9.09991
-9.11504
-9.13014
-9.14517
-9.16035
-9.17524
-9.19077
-8.46164
-8.53664
-8.60929
-8.64446
-8.67194
-8.70352
-8.73356
-8.75991
-8.78432
-8.80775
-8.83013
-8.85139
-8.87168
-8.89118
-8.90996
-8.92811
-8.9457
-8.96278
-8.97943
-8.99569
-9.01161
-9.02724
-9.0426
-9.05775
-9.07271
-9.08751
-9.10221
-9.11682
-9.13139
-9.14594
-9.16053
-9.17511
-9.18977
-8.50313
-8.55436
-8.61458
-8.64944
-8.67669
-8.70696
-8.73621
-8.76224
-8.78639
-8.80961
-8.83189
-8.85318
-8.87359
-8.89326
-8.91227
-8.93067
-8.94851
-8.96586
-8.98275
-8.99924
-9.01536
-9.03117
-9.04668
-9.06195
-9.077
-9.09187
-9.10659
-9.1212
-9.13574
-9.15023
-9.16472
-9.17924
-9.19384
-8.53792
-8.57378
-8.62462
-8.65991
-8.68758
-8.71664
-8.74499
-8.77071
-8.79468
-8.81769
-8.83977
-8.86086
-8.88108
-8.90054
-8.9193
-8.93744
-8.95501
-8.97208
-8.98868
-9.00488
-9.02071
-9.03622
-9.05145
-9.06642
-9.08119
-9.09577
-9.11021
-9.12453
-9.13877
-9.15295
-9.16714
-9.18136
-9.1957
-8.56777
-8.59333
-8.63522
-8.6684
-8.69488
-8.72198
-8.74889
-8.77383
-8.7972
-8.81968
-8.84131
-8.86207
-8.88203
-8.9013
-8.91994
-8.93801
-8.95555
-8.97261
-8.98925
-9.00549
-9.02138
-9.03695
-9.05224
-9.06727
-9.08208
-9.0967
-9.11115
-9.12547
-9.13968
-9.15382
-9.16791
-9.18202
-9.19617
-8.5937
-8.61228
-8.6467
-8.67755
-8.70328
-8.72916
-8.75508
-8.77949
-8.80251
-8.82466
-8.84603
-8.86659
-8.8864
-8.90553
-8.92405
-8.942
-8.95941
-8.97635
-8.99285
-9.00894
-9.02468
-9.04008
-9.05519
-9.07003
-9.08464
-9.09904
-9.11326
-9.12733
-9.14127
-9.15511
-9.16888
-9.1826
-9.1963
-8.61656
-8.63039
-8.65869
-8.68679
-8.71125
-8.73556
-8.76003
-8.78345
-8.80573
-8.82723
-8.84805
-8.86816
-8.88758
-8.90639
-8.92463
-8.94233
-8.95955
-8.97632
-8.99268
-9.00865
-9.02428
-9.03959
-9.05462
-9.06938
-9.0839
-9.09822
-9.11234
-9.12629
-9.1401
-9.15378
-9.16735
-9.18083
-9.19423
-8.63693
-8.64747
-8.67083
-8.69614
-8.71922
-8.74216
-8.76541
-8.78803
-8.80974
-8.83078
-8.85122
-8.87102
-8.89021
-8.90882
-8.9269
-8.94447
-8.96157
-8.97822
-8.99447
-9.01034
-9.02585
-9.04104
-9.05593
-9.07055
-9.08492
-9.09905
-9.11297
-9.12671
-9.14026
-9.15366
-9.1669
-9.17999
-9.19292
-8.65526
-8.66347
-8.68289
-8.70552
-8.72712
-8.74869
-8.77066
-8.79228
-8.81323
-8.83361
-8.85347
-8.87279
-8.89155
-8.9098
-8.92755
-8.94483
-8.96167
-8.97809
-8.99411
-9.00978
-9.0251
-9.04011
-9.05483
-9.06927
-9.08346
-9.09741
-9.11114
-9.12466
-9.13799
-9.15114
-9.16409
-9.17687
-9.18946
-8.67188
-8.67839
-8.69468
-8.71485
-8.73493
-8.75517
-8.77592
-8.7966
-8.81682
-8.8366
-8.85597
-8.87488
-8.89331
-8.91127
-8.92878
-8.94586
-8.96252
-8.97878
-8.99466
-9.01019
-9.02538
-9.04025
-9.05482
-9.06911
-9.08314
-9.09691
-9.11045
-9.12376
-9.13684
-9.14971
-9.16235
-9.17477
-9.18693
-8.68701
-8.69227
-8.70606
-8.72403
-8.74261
-8.76158
-8.78116
-8.80086
-8.82031
-8.83943
-8.85822
-8.87664
-8.89464
-8.91222
-8.92939
-8.94615
-8.96253
-8.97853
-8.99416
-9.00945
-9.02441
-9.03906
-9.05341
-9.06748
-9.08128
-9.09481
-9.1081
-9.12115
-9.13395
-9.14652
-9.15884
-9.17092
-9.18272
-8.70084
-8.70515
-8.71695
-8.73298
-8.75011
-8.76787
-8.78633
-8.80508
-8.82376
-8.84224
-8.86047
-8.87841
-8.896
-8.91323
-8.93009
-8.94659
-8.96272
-8.9785
-8.99394
-9.00904
-9.02382
-9.03829
-9.05246
-9.06635
-9.07995
-9.09329
-9.10636
-9.11918
-9.13173
-9.14403
-9.15605
-9.16779
-9.17922
-8.7135
-8.71707
-8.72727
-8.74161
-8.75739
-8.77401
-8.7914
-8.80924
-8.82715
-8.84497
-8.86263
-8.88006
-8.89722
-8.91406
-8.93057
-8.94674
-8.96258
-8.97808
-8.99326
-9.0081
-9.02264
-9.03687
-9.05079
-9.06443
-9.07779
-9.09086
-9.10367
-9.1162
-9.12845
-9.14043
-9.15213
-9.16353
-9.17461
-8.72509
-8.72807
-8.73697
-8.74986
-8.7644
-8.77994
-8.79635
-8.8133
-8.83046
-8.84763
-8.86472
-8.88166
-8.89838
-8.91483
-8.931
-8.94686
-8.96242
-8.97766
-8.99258
-9.0072
-9.02151
-9.03552
-9.04923
-9.06265
-9.07578
-9.08863
-9.10119
-9.11347
-9.12547
-9.13717
-9.14857
-9.15966
-9.17042
-8.73567
-8.73818
-8.74602
-8.75767
-8.77109
-8.78563
-8.80111
-8.81723
-8.83366
-8.8502
-8.86673
-8.88317
-8.89945
-8.91551
-8.93131
-8.94685
-8.9621
-8.97705
-8.9917
-9.00606
-9.02011
-9.03386
-9.04732
-9.06048
-9.07335
-9.08593
-9.09821
-9.11021
-9.12191
-9.1333
-9.14439
-9.15516
-9.1656
-8.74531
-8.74743
-8.75441
-8.76499
-8.77741
-8.79103
-8.80565
-8.82099
-8.83673
-8.85266
-8.86865
-8.8846
-8.90043
-8.9161
-8.93155
-8.94675
-8.9617
-8.97636
-8.99075
-9.00484
-9.01864
-9.03215
-9.04536
-9.05828
-9.0709
-9.08323
-9.09526
-9.10699
-9.11842
-9.12954
-9.14035
-9.15083
-9.16096
-8.75403
-8.75584
-8.7621
-8.77178
-8.78331
-8.79609
-8.80993
-8.82455
-8.83963
-8.85497
-8.87044
-8.88591
-8.90132
-8.91659
-8.93169
-8.94656
-8.96119
-8.97557
-8.98967
-9.00349
-9.01703
-9.03027
-9.04323
-9.05588
-9.06824
-9.0803
-9.09206
-9.10351
-9.11465
-9.12548
-9.13599
-9.14618
-9.15602
-8.76185
-8.76341
-8.76907
-8.77799
-8.78874
-8.80078
-8.81391
-8.82785
-8.84233
-8.85712
-8.87208
-8.8871
-8.9021
-8.91699
-8.93173
-8.94627
-8.9606
-8.97468
-8.9885
-9.00206
-9.01533
-9.02831
-9.04101
-9.05341
-9.06551
-9.07731
-9.08881
-9.1
-9.11087
-9.12143
-9.13167
-9.14158
-9.15115
-8.76879
-8.77014
-8.77531
-8.78359
-8.79366
-8.80504
-8.81753
-8.83088
-8.84479
-8.85907
-8.87356
-8.88815
-8.90274
-8.91726
-8.93166
-8.94588
-8.9599
-8.9737
-8.98724
-9.00052
-9.01352
-9.02625
-9.03868
-9.05082
-9.06266
-9.0742
-9.08543
-9.09635
-9.10696
-9.11725
-9.12721
-9.13685
-9.14615
-8.77485
-8.77602
-8.78079
-8.78853
-8.79804
-8.80884
-8.82077
-8.83357
-8.84698
-8.86078
-8.87484
-8.88902
-8.90324
-8.91741
-8.93147
-8.94538
-8.9591
-8.97261
-8.98588
-8.99889
-9.01163
-9.02409
-9.03627
-9.04815
-9.05973
-9.07101
-9.08198
-9.09265
-9.10299
-9.11302
-9.12273
-9.13211
-9.14116
-8.78001
-8.78104
-8.78549
-8.79279
-8.80182
-8.81214
-8.82358
-8.83591
-8.84886
-8.86224
-8.87589
-8.8897
-8.90356
-8.9174
-8.93115
-8.94476
-8.95819
-8.97142
-8.98441
-8.99716
-9.00964
-9.02185
-9.03377
-9.0454
-9.05673
-9.06776
-9.07848
-9.08889
-9.09898
-9.10876
-9.11822
-9.12736
-9.13616
-8.78425
-8.78517
-8.78937
-8.79632
-8.80497
-8.81488
-8.82591
-8.83783
-8.85039
-8.86339
-8.87669
-8.89015
-8.90369
-8.91722
-8.93067
-8.94399
-8.95715
-8.97011
-8.98284
-8.99533
-9.00755
-9.01951
-9.03118
-9.04255
-9.05363
-9.06441
-9.07488
-9.08504
-9.09488
-9.10441
-9.11363
-9.12252
-9.1311
-8.78752
-8.78837
-8.79238
-8.79908
-8.80742
-8.81701
-8.82771
-8.8393
-8.85153
-8.86421
-8.87719
-8.89035
-8.90359
-8.91683
-8.93001
-8.94306
-8.95596
-8.96866
-8.98114
-8.99338
-9.00537
-9.01708
-9.02851
-9.03965
-9.05049
-9.06103
-9.07127
-9.08119
-9.0908
-9.1001
-9.10909
-9.11776
-9.12611
-8.78978
-8.79058
-8.79446
-8.80098
-8.80912
-8.81847
-8.82892
-8.84025
-8.85221
-8.86462
-8.87733
-8.89023
-8.90321
-8.9162
-8.92912
-8.94192
-8.95457
-8.96702
-8.97926
-8.99126
-9.003
-9.01447
-9.02566
-9.03655
-9.04715
-9.05745
-9.06745
-9.07713
-9.08651
-9.09557
-9.10433
-9.11277
-9.1209
-8.79095
-8.79173
-8.79555
-8.80196
-8.80998
-8.81919
-8.82947
-8.84061
-8.85237
-8.86458
-8.87707
-8.88975
-8.90251
-8.91527
-8.92797
-8.94055
-8.95297
-8.96521
-8.97723
-8.989
-9.00053
-9.01178
-9.02275
-9.03344
-9.04382
-9.05391
-9.06369
-9.07317
-9.08234
-9.0912
-9.09975
-9.10799
-9.11592
-8.79096
-8.79175
-8.79557
-8.80199
-8.80998
-8.81914
-8.82934
-8.84038
-8.85202
-8.86408
-8.87641
-8.88891
-8.90148
-8.91404
-8.92653
-8.9389
-8.95111
-8.96313
-8.97492
-8.98647
-8.99777
-9.00879
-9.01953
-9.02998
-9.04014
-9.04999
-9.05954
-9.06879
-9.07773
-9.08637
-9.0947
-9.10273
-9.11046
-8.78971
-8.79056
-8.79447
-8.80099
-8.80908
-8.8183
-8.82852
-8.83955
-8.85114
-8.86313
-8.87537
-8.88775
-8.90019
-8.91261
-8.92495
-8.93716
-8.9492
-8.96105
-8.97267
-8.98405
-8.99516
-9.006
-9.01656
-9.02683
-9.03681
-9.04648
-9.05585
-9.06492
-9.07368
-9.08213
-9.09029
-9.09813
-9.10566
-8.78708
-8.78803
-8.79213
-8.7989
-8.80721
-8.81662
-8.82698
-8.83808
-8.84972
-8.86169
-8.87388
-8.88618
-8.8985
-8.91078
-8.92296
-8.93499
-8.94685
-8.9585
-8.96991
-8.98108
-8.99198
-9.00261
-9.01295
-9.02299
-9.03275
-9.0422
-9.05135
-9.0602
-9.06874
-9.07699
-9.08494
-9.0926
-9.09997
-8.78288
-8.784
-8.78843
-8.79561
-8.80432
-8.81405
-8.82467
-8.83599
-8.84778
-8.85986
-8.87211
-8.88443
-8.89675
-8.90899
-8.92111
-8.93307
-8.94483
-8.95637
-8.96767
-8.97871
-8.98948
-8.99996
-9.01016
-9.02006
-9.02967
-9.03897
-9.04797
-9.05666
-9.06505
-9.07314
-9.08093
-9.08841
-9.09557
-8.77688
-8.77825
-8.78321
-8.79104
-8.80034
-8.81055
-8.82154
-8.83314
-8.84512
-8.85731
-8.86959
-8.88189
-8.89415
-8.9063
-8.9183
-8.93011
-8.94171
-8.95308
-8.9642
-8.97505
-8.98563
-8.99592
-9.00592
-9.01562
-9.02502
-9.03412
-9.04292
-9.05141
-9.05961
-9.06752
-9.07513
-9.08247
-9.08953
-8.76877
-8.77052
-8.77628
-8.78506
-8.79521
-8.80613
-8.81775
-8.8299
-8.84233
-8.85485
-8.86739
-8.87988
-8.89226
-8.90447
-8.9165
-8.92831
-8.93987
-8.95119
-8.96223
-8.97299
-8.98346
-8.99364
-9.00352
-9.0131
-9.02237
-9.03133
-9.03999
-9.04835
-9.0564
-9.06415
-9.0716
-9.07874
-9.08556
-8.75806
-8.76041
-8.76744
-8.7776
-8.78878
-8.80041
-8.81258
-8.82516
-8.83789
-8.8506
-8.86325
-8.87579
-8.88817
-8.90035
-8.91231
-8.92403
-8.93548
-8.94666
-8.95756
-8.96818
-8.97849
-8.98851
-8.99822
-9.00763
-9.01674
-9.02554
-9.03403
-9.04223
-9.05013
-9.05774
-9.06506
-9.07212
-9.0789
-8.74405
-8.74737
-8.75644
-8.76878
-8.78171
-8.79477
-8.80816
-8.8217
-8.83513
-8.84834
-8.86134
-8.87411
-8.88664
-8.8989
-8.91088
-8.92258
-8.93399
-8.9451
-8.95591
-8.96642
-8.97662
-8.98651
-8.99609
-9.00536
-9.01431
-9.02296
-9.0313
-9.03933
-9.04706
-9.05449
-9.06161
-9.06843
-9.07493
-8.72566
-8.73075
-8.74284
-8.75734
-8.77129
-8.78516
-8.79945
-8.81375
-8.82771
-8.84131
-8.8546
-8.86758
-8.88024
-8.89256
-8.90455
-8.91622
-8.92757
-8.93861
-8.94932
-8.95972
-8.96981
-8.97958
-8.98905
-8.9982
-9.00704
-9.01558
-9.02381
-9.03174
-9.03938
-9.04672
-9.05379
-9.06058
-9.06711
-8.70073
-8.70988
-8.72928
-8.74902
-8.76546
-8.78085
-8.79637
-8.81148
-8.82586
-8.83965
-8.85304
-8.86604
-8.87864
-8.89087
-8.90275
-8.91429
-8.92549
-8.93635
-8.94689
-8.9571
-8.96699
-8.97655
-8.9858
-8.99474
-9.00336
-9.01167
-9.01967
-9.02737
-9.03478
-9.04189
-9.04871
-9.05523
-9.06146
-8.66579
-8.67945
-8.70508
-8.72834
-8.7473
-8.76531
-8.78295
-8.7994
-8.81462
-8.82899
-8.84276
-8.85596
-8.86864
-8.88086
-8.89268
-8.90414
-8.91524
-8.926
-8.93644
-8.94656
-8.95637
-8.96587
-8.97507
-8.98396
-8.99255
-9.00084
-9.00883
-9.01653
-9.02393
-9.03103
-9.03783
-9.04432
-9.05048
-8.6184
-8.66606
-8.70544
-8.72571
-8.74198
-8.76033
-8.77829
-8.79424
-8.80879
-8.82272
-8.83615
-8.84904
-8.86141
-8.87335
-8.8849
-8.89608
-8.90692
-8.91743
-8.92762
-8.9375
-8.94708
-8.95636
-8.96534
-8.97403
-8.98243
-8.99056
-8.9984
-9.00598
-9.0133
-9.02038
-9.02724
-9.03394
-9.0405
-8.48407
-8.60625
-8.68091
-8.70513
-8.72145
-8.74247
-8.76295
-8.78015
-8.79548
-8.8103
-8.82482
-8.83893
-8.85265
-8.86606
-8.87921
-8.89209
-8.90469
-8.917
-8.92902
-8.94074
-8.95215
-8.96323
-8.974
-8.98443
-8.99452
-9.00428
-9.0137
-9.02277
-9.03149
-9.03987
-9.04789
-9.05554
-9.06294
-9.33237
-9.48836
-9.70573
-9.81012
-9.92092
-10.0271
-10.1086
-10.1717
-10.221
-10.2573
-10.2821
-10.2967
-10.303
-10.3031
-10.2995
-10.2946
-10.2891
-10.2805
-10.2757
-10.2788
-10.2909
-10.3115
-10.3394
-10.3725
-10.4088
-10.4468
-10.485
-10.5225
-10.5587
-10.5926
-10.6234
-10.6503
-10.6724
-10.6892
-10.7002
-10.7053
-10.7043
-10.6969
-10.683
-10.6624
-10.6348
-10.6002
-10.5582
-10.5087
-10.4516
-10.3866
-10.3137
-10.2326
-10.1432
-10.0452
-9.93835
-9.82253
-9.69748
-9.56301
-9.41899
-9.26531
-9.1019
-8.92875
-8.74593
-8.55355
-8.35179
-8.14092
-7.92126
-7.69324
-7.45738
-7.21425
-6.96452
-6.70892
-6.44822
-6.18323
-5.91477
-5.64371
-5.37095
-5.09742
-4.82411
-4.55207
-4.2824
-4.01626
-3.75487
-3.49942
-3.25093
-3.01004
-2.77714
-2.55257
-2.33664
-2.12962
-1.93172
-1.74307
-1.56366
-1.39346
-1.23212
-1.07952
-0.934551
-0.79768
-0.665001
-0.541308
-0.410649
-0.302204
-0.144567
-0.0949483
-9.24776
-9.3004
-9.39257
-9.43867
-9.49211
-9.5598
-9.62626
-9.68965
-9.75021
-9.80543
-9.85353
-9.89396
-9.92703
-9.95367
-9.97549
-9.99479
-10.0138
-10.029
-10.0446
-10.0652
-10.0923
-10.1259
-10.165
-10.2081
-10.2533
-10.299
-10.3442
-10.3878
-10.4292
-10.4676
-10.5023
-10.5323
-10.5571
-10.5761
-10.589
-10.5956
-10.5957
-10.5892
-10.576
-10.5558
-10.5286
-10.4941
-10.4523
-10.4029
-10.3459
-10.281
-10.2081
-10.1272
-10.0379
-9.94006
-9.83355
-9.71811
-9.59355
-9.45971
-9.31645
-9.16368
-9.00134
-8.82944
-8.64804
-8.45726
-8.25729
-8.0484
-7.83092
-7.60526
-7.37194
-7.13152
-6.88467
-6.63208
-6.37453
-6.11278
-5.84767
-5.58003
-5.31074
-5.04071
-4.77092
-4.50238
-4.23616
-3.97338
-3.71523
-3.46282
-3.21713
-2.97881
-2.74827
-2.52584
-2.31186
-2.10657
-1.9102
-1.72286
-1.54456
-1.37527
-1.21466
-1.06263
-0.91809
-0.781545
-0.649131
-0.525804
-0.395724
-0.288574
-0.133584
-0.0881011
-9.2092
-9.23059
-9.27511
-9.30264
-9.32601
-9.35867
-9.39403
-9.42884
-9.46391
-9.49857
-9.53176
-9.56291
-9.59188
-9.61903
-9.64533
-9.67234
-9.7013
-9.73124
-9.76237
-9.79747
-9.83809
-9.88422
-9.93493
-9.98876
-10.044
-10.0993
-10.1531
-10.2048
-10.2534
-10.2983
-10.3387
-10.3739
-10.4033
-10.4263
-10.4428
-10.4526
-10.4555
-10.4514
-10.4402
-10.4219
-10.3963
-10.3633
-10.3228
-10.2746
-10.2187
-10.1549
-10.0832
-10.0033
-9.91511
-9.81847
-9.71319
-9.59906
-9.47591
-9.34359
-9.20198
-9.05099
-8.89057
-8.72075
-8.54159
-8.35321
-8.1558
-7.94963
-7.73504
-7.51243
-7.2823
-7.04522
-6.80183
-6.55281
-6.29891
-6.0409
-5.77956
-5.51573
-5.25026
-4.98405
-4.71805
-4.45324
-4.19066
-3.93141
-3.67661
-3.42733
-3.18451
-2.9488
-2.72063
-2.50034
-2.28827
-2.08467
-1.88975
-1.70365
-1.52638
-1.35792
-1.19795
-1.04639
-0.902181
-0.765871
-0.633664
-0.510622
-0.381174
-0.275176
-0.123226
-0.0811212
-9.20709
-9.23014
-9.26647
-9.2946
-9.3135
-9.33406
-9.3545
-9.37187
-9.38721
-9.40135
-9.41419
-9.42585
-9.43687
-9.44809
-9.46067
-9.47606
-9.49558
-9.51969
-9.54755
-9.58074
-9.62043
-9.66654
-9.71809
-9.77362
-9.83145
-9.88997
-9.94777
-10.0037
-10.0569
-10.1064
-10.1514
-10.191
-10.2247
-10.2519
-10.2724
-10.2858
-10.2921
-10.2912
-10.283
-10.2675
-10.2444
-10.2138
-10.1755
-10.1295
-10.0757
-10.014
-9.94421
-9.86631
-9.78013
-9.6855
-9.58226
-9.47025
-9.34929
-9.21926
-9.08003
-8.93153
-8.77374
-8.60667
-8.4304
-8.24504
-8.05081
-7.84795
-7.6368
-7.41778
-7.19135
-6.95808
-6.71858
-6.47354
-6.22366
-5.9697
-5.71244
-5.45268
-5.19127
-4.92907
-4.66701
-4.40605
-4.14721
-3.89154
-3.64012
-3.39398
-3.15402
-2.9209
-2.69505
-2.47684
-2.26659
-2.06458
-1.87102
-1.68605
-1.50968
-1.34192
-1.18247
-1.03126
-0.887264
-0.751068
-0.618989
-0.496121
-0.367337
-0.262291
-0.113722
-0.0741549
-9.21144
-9.2335
-9.26125
-9.28488
-9.30172
-9.31856
-9.33563
-9.35044
-9.36294
-9.37356
-9.38209
-9.38851
-9.39328
-9.39723
-9.40153
-9.40763
-9.41697
-9.43043
-9.44826
-9.47156
-9.50136
-9.53773
-9.58002
-9.62706
-9.67748
-9.72982
-9.78275
-9.83508
-9.88574
-9.93373
-9.97807
-10.0179
-10.0523
-10.0809
-10.103
-10.1184
-10.1269
-10.1282
-10.1223
-10.1091
-10.0883
-10.06
-10.024
-9.98027
-9.92869
-9.86919
-9.80167
-9.72601
-9.6421
-9.54978
-9.44891
-9.33933
-9.22089
-9.09347
-8.95697
-8.81133
-8.65651
-8.49254
-8.31949
-8.13751
-7.94677
-7.74754
-7.54014
-7.32498
-7.10252
-6.87329
-6.63791
-6.39703
-6.15134
-5.90158
-5.64851
-5.39291
-5.13561
-4.87746
-4.61936
-4.36226
-4.10712
-3.85499
-3.60689
-3.36382
-3.12664
-2.896
-2.67237
-2.45611
-2.24756
-2.04701
-1.85465
-1.67066
-1.49505
-1.32783
-1.16873
-1.01772
-0.873799
-0.737577
-0.605519
-0.482692
-0.354558
-0.250257
-0.10526
-0.0674632
-9.21282
-9.23339
-9.25701
-9.27941
-9.29761
-9.31465
-9.33118
-9.34547
-9.35711
-9.36642
-9.37345
-9.37826
-9.38129
-9.38331
-9.3853
-9.38846
-9.39398
-9.40275
-9.4154
-9.43261
-9.45522
-9.48345
-9.51686
-9.55464
-9.59572
-9.63896
-9.68324
-9.72755
-9.77092
-9.81243
-9.85116
-9.88624
-9.9169
-9.94248
-9.96244
-9.97637
-9.98394
-9.98489
-9.97901
-9.96609
-9.94599
-9.91855
-9.88364
-9.84114
-9.79096
-9.73297
-9.66709
-9.59318
-9.51112
-9.42077
-9.32198
-9.21461
-9.09851
-8.97357
-8.83968
-8.6968
-8.54489
-8.38397
-8.21413
-8.03549
-7.84824
-7.65262
-7.44896
-7.23764
-7.01911
-6.79391
-6.56261
-6.32584
-6.08429
-5.83866
-5.58971
-5.33818
-5.0849
-4.8307
-4.57645
-4.32308
-4.07153
-3.82279
-3.57787
-3.33771
-3.10316
-2.87486
-2.65328
-2.43881
-2.2318
-2.03252
-1.8412
-1.658
-1.48297
-1.31612
-1.15721
-1.00621
-0.862204
-0.725795
-0.593633
-0.470697
-0.343166
-0.239378
-0.0980281
-0.0612555
-9.21286
-9.23262
-9.25394
-9.27457
-9.29218
-9.30806
-9.32304
-9.33624
-9.34723
-9.35623
-9.3633
-9.36852
-9.37221
-9.37497
-9.3776
-9.38107
-9.38635
-9.39425
-9.40542
-9.42038
-9.43978
-9.46382
-9.49218
-9.52418
-9.55895
-9.59552
-9.63294
-9.67031
-9.70681
-9.7416
-9.7739
-9.80294
-9.82804
-9.84858
-9.86407
-9.87409
-9.8783
-9.87641
-9.86818
-9.85338
-9.83182
-9.8033
-9.76767
-9.72478
-9.67449
-9.61667
-9.55119
-9.47792
-9.39671
-9.30741
-9.20987
-9.10395
-8.9895
-8.86639
-8.73455
-8.59389
-8.44439
-8.28608
-8.11902
-7.94334
-7.7592
-7.56685
-7.3666
-7.15882
-6.94394
-6.72247
-6.49498
-6.26207
-6.02439
-5.78266
-5.53757
-5.2899
-5.04041
-4.78993
-4.53931
-4.28945
-4.04127
-3.79572
-3.55376
-3.31632
-3.0842
-2.85804
-2.63832
-2.42545
-2.21978
-2.02159
-1.83111
-1.64851
-1.47386
-1.30719
-1.14827
-0.997115
-0.852851
-0.716085
-0.583677
-0.460469
-0.333457
-0.229943
-0.0921793
-0.0557484
-9.21226
-9.23098
-9.2505
-9.26947
-9.28653
-9.30206
-9.31664
-9.32976
-9.34097
-9.3503
-9.35782
-9.36363
-9.36802
-9.37151
-9.37482
-9.37875
-9.38417
-9.39181
-9.40225
-9.41603
-9.43359
-9.4551
-9.48029
-9.50859
-9.53925
-9.57143
-9.60425
-9.63689
-9.66856
-9.69851
-9.72599
-9.75031
-9.77085
-9.78703
-9.7984
-9.80455
-9.80518
-9.8
-9.78878
-9.77129
-9.74734
-9.71674
-9.67933
-9.63495
-9.58345
-9.52469
-9.45853
-9.38483
-9.30344
-9.21421
-9.11698
-9.0116
-8.89793
-8.77584
-8.64524
-8.50607
-8.35829
-8.20191
-8.03699
-7.86365
-7.68205
-7.49243
-7.29507
-7.09033
-6.87862
-6.66045
-6.43633
-6.20687
-5.9727
-5.73449
-5.49293
-5.24878
-5.00277
-4.75572
-4.50845
-4.26183
-4.01675
-3.77414
-3.53492
-3.29996
-3.07006
-2.84583
-2.62778
-2.41631
-2.21177
-2.01447
-1.82464
-1.64246
-1.468
-1.30131
-1.14221
-0.99071
-0.846013
-0.708721
-0.57592
-0.452275
-0.32567
-0.222184
-0.087826
-0.0511154
-9.2098
-9.22772
-9.24602
-9.26384
-9.28033
-9.29546
-9.30947
-9.32211
-9.33307
-9.34234
-9.35002
-9.35627
-9.36133
-9.36569
-9.36992
-9.37471
-9.38078
-9.38875
-9.39915
-9.41246
-9.42899
-9.44888
-9.47192
-9.49761
-9.52532
-9.55429
-9.58375
-9.61292
-9.64107
-9.66748
-9.69146
-9.71235
-9.72955
-9.74253
-9.75082
-9.75405
-9.7519
-9.74409
-9.73039
-9.71058
-9.68447
-9.65188
-9.61264
-9.56662
-9.51366
-9.45362
-9.38638
-9.31178
-9.22969
-9.13996
-9.04245
-8.937
-8.82348
-8.70177
-8.57179
-8.43345
-8.28674
-8.13167
-7.96828
-7.79669
-7.61705
-7.42959
-7.23458
-7.03236
-6.82334
-6.60797
-6.38679
-6.16035
-5.92927
-5.6942
-5.45581
-5.21483
-4.97198
-4.72805
-4.48384
-4.24019
-3.99796
-3.75805
-3.52132
-3.28863
-3.06073
-2.83825
-2.62167
-2.41141
-2.20784
-2.01125
-1.82189
-1.63994
-1.4655
-1.29862
-1.13917
-0.987153
-0.841862
-0.703882
-0.570545
-0.446301
-0.319971
-0.21627
-0.0850271
-0.047487
-9.20775
-9.22481
-9.24202
-9.25882
-9.27456
-9.28915
-9.30268
-9.31503
-9.32598
-9.33548
-9.34361
-9.35049
-9.35636
-9.36159
-9.3667
-9.37226
-9.37888
-9.38712
-9.39744
-9.41024
-9.42582
-9.44426
-9.46541
-9.48883
-9.51396
-9.54015
-9.5667
-9.59291
-9.61807
-9.64152
-9.66259
-9.68067
-9.69517
-9.70559
-9.71147
-9.71243
-9.70814
-9.69833
-9.68275
-9.66118
-9.63342
-9.59931
-9.55866
-9.51134
-9.4572
-9.3961
-9.3279
-9.25249
-9.16971
-9.07943
-8.98152
-8.87584
-8.76226
-8.64068
-8.51102
-8.37321
-8.22722
-8.07308
-7.91084
-7.7406
-7.56253
-7.37682
-7.18376
-6.98366
-6.77692
-6.56399
-6.34536
-6.12159
-5.89326
-5.66101
-5.42548
-5.18738
-4.94742
-4.70635
-4.46496
-4.22404
-3.98445
-3.74701
-3.51259
-3.28199
-3.05593
-2.83502
-2.61976
-2.41057
-2.20781
-2.01178
-1.82274
-1.64088
-1.46631
-1.2991
-1.13914
-0.986466
-0.840439
-0.701631
-0.567625
-0.442632
-0.316431
-0.212283
-0.0837771
-0.0449297
-9.20391
-9.2203
-9.23668
-9.25267
-9.26781
-9.28195
-9.29516
-9.30727
-9.31816
-9.32776
-9.33615
-9.34344
-9.34987
-9.35576
-9.36156
-9.36776
-9.37488
-9.38339
-9.39372
-9.40618
-9.42105
-9.43834
-9.45793
-9.47946
-9.50242
-9.52624
-9.55029
-9.57394
-9.59652
-9.6174
-9.63596
-9.65162
-9.66382
-9.67207
-9.67592
-9.67499
-9.66895
-9.65752
-9.64044
-9.61749
-9.58847
-9.55318
-9.51147
-9.46318
-9.40815
-9.34627
-9.27738
-9.20136
-9.11809
-9.02742
-8.92922
-8.82339
-8.70979
-8.58835
-8.45897
-8.32161
-8.17625
-8.02292
-7.86167
-7.69261
-7.5159
-7.33174
-7.1404
-6.9422
-6.73751
-6.52677
-6.31047
-6.08913
-5.86333
-5.63367
-5.4008
-5.16538
-4.92811
-4.68972
-4.45096
-4.21262
-3.97549
-3.7404
-3.50814
-3.27949
-3.05514
-2.8357
-2.62165
-2.41341
-2.21135
-2.01578
-1.82694
-1.64506
-1.47024
-1.30258
-1.142
-0.988549
-0.841671
-0.701916
-0.567126
-0.441254
-0.315032
-0.210217
-0.084006
-0.0434427
-9.20074
-9.21644
-9.23207
-9.24732
-9.26189
-9.27557
-9.28838
-9.30024
-9.31102
-9.3207
-9.32932
-9.33702
-9.34399
-9.35052
-9.35697
-9.36376
-9.37132
-9.38007
-9.39035
-9.40245
-9.41659
-9.43278
-9.4509
-9.47064
-9.49155
-9.51314
-9.53485
-9.55607
-9.57621
-9.59467
-9.61087
-9.62426
-9.6343
-9.64053
-9.64249
-9.63983
-9.63219
-9.6193
-9.6009
-9.57674
-9.54662
-9.51036
-9.46777
-9.4187
-9.363
-9.30053
-9.23114
-9.15472
-9.07112
-8.98023
-8.88191
-8.77607
-8.66258
-8.54136
-8.41234
-8.2755
-8.1308
-7.97829
-7.81802
-7.65011
-7.47471
-7.29203
-7.10233
-6.90593
-6.7032
-6.49454
-6.28045
-6.06143
-5.83803
-5.61085
-5.38051
-5.14765
-4.91296
-4.67714
-4.44092
-4.20505
-3.97029
-3.73744
-3.50726
-3.28048
-3.05777
-2.83972
-2.62681
-2.41946
-2.21803
-2.02284
-1.83414
-1.65215
-1.477
-1.30881
-1.14752
-0.993205
-0.845386
-0.704593
-0.568922
-0.442059
-0.315667
-0.209981
-0.0855838
-0.0429583
-9.19616
-9.21129
-9.22629
-9.24093
-9.25498
-9.26829
-9.28077
-9.2924
-9.30312
-9.31288
-9.32171
-9.32974
-9.33713
-9.34414
-9.35108
-9.3583
-9.36617
-9.37504
-9.38522
-9.39694
-9.41037
-9.42555
-9.44234
-9.46046
-9.47953
-9.4991
-9.51866
-9.53767
-9.55558
-9.57183
-9.58588
-9.59718
-9.60525
-9.60962
-9.60987
-9.60562
-9.59654
-9.58233
-9.56273
-9.53751
-9.50644
-9.46933
-9.426
-9.37629
-9.32004
-9.25711
-9.18735
-9.11064
-9.02686
-8.93586
-8.83755
-8.7318
-8.61852
-8.49763
-8.36907
-8.2328
-8.08883
-7.93719
-7.77794
-7.61121
-7.43714
-7.25594
-7.06788
-6.87326
-6.67245
-6.46585
-6.25392
-6.03716
-5.81612
-5.59137
-5.36351
-5.13316
-4.901
-4.6677
-4.43396
-4.20051
-3.96809
-3.73743
-3.50928
-3.28433
-3.06323
-2.84654
-2.63474
-2.42824
-2.2274
-2.03254
-1.84393
-1.66179
-1.48626
-1.31748
-1.15542
-1.00018
-0.851351
-0.70945
-0.57282
-0.444873
-0.318161
-0.211419
-0.0883365
-0.043354
-9.19214
-9.20671
-9.22113
-9.23521
-9.24877
-9.26168
-9.27383
-9.2852
-9.2958
-9.30558
-9.31457
-9.32285
-9.33059
-9.33799
-9.34533
-9.3529
-9.36101
-9.36995
-9.37999
-9.39132
-9.40406
-9.41826
-9.43378
-9.45036
-9.46766
-9.4853
-9.50281
-9.51971
-9.53547
-9.54959
-9.56154
-9.57083
-9.57698
-9.57954
-9.5781
-9.57231
-9.56181
-9.54632
-9.52556
-9.49931
-9.46732
-9.42941
-9.38539
-9.33509
-9.27835
-9.21503
-9.14497
-9.06806
-8.98416
-8.89315
-8.79491
-8.68934
-8.57635
-8.45587
-8.32784
-8.19224
-8.04906
-7.89835
-7.74017
-7.57466
-7.40195
-7.22227
-7.03587
-6.84305
-6.64416
-6.43961
-6.22985
-6.01536
-5.79667
-5.57433
-5.34894
-5.1211
-4.89145
-4.66066
-4.42939
-4.19834
-3.96823
-3.73976
-3.51363
-3.2905
-3.071
-2.85566
-2.64496
-2.4393
-2.23904
-2.0445
-1.85595
-1.67362
-1.49768
-1.32828
-1.16541
-1.00919
-0.859308
-0.716247
-0.578592
-0.449481
-0.322301
-0.214331
-0.092067
-0.0444727
-9.18717
-9.20125
-9.21515
-9.22873
-9.24185
-9.2544
-9.26628
-9.27745
-9.28791
-9.29768
-9.30678
-9.31526
-9.32326
-9.33097
-9.33861
-9.34642
-9.35467
-9.36359
-9.37342
-9.38431
-9.39636
-9.40958
-9.42387
-9.43899
-9.45464
-9.47046
-9.48606
-9.50096
-9.51471
-9.52682
-9.53681
-9.54419
-9.54853
-9.54938
-9.54636
-9.5391
-9.52727
-9.51057
-9.48874
-9.46152
-9.42869
-9.39004
-9.34539
-9.29456
-9.2374
-9.17374
-9.10344
-9.02638
-8.94243
-8.85145
-8.75335
-8.64803
-8.53539
-8.41538
-8.28793
-8.15304
-8.01071
-7.86097
-7.70392
-7.53966
-7.36836
-7.19023
-7.00551
-6.81451
-6.61757
-6.4151
-6.20751
-5.9953
-5.77897
-5.55906
-5.33615
-5.11082
-4.8837
-4.65542
-4.42663
-4.198
-3.97021
-3.74393
-3.51983
-3.29854
-3.08064
-2.86667
-2.65707
-2.45226
-2.25258
-2.05835
-1.86986
-1.68734
-1.51097
-1.34091
-1.1772
-1.01998
-0.869007
-0.724744
-0.586004
-0.45566
-0.327865
-0.218505
-0.0965769
-0.0461472
-9.18254
-9.19616
-9.20959
-9.22271
-9.23543
-9.24763
-9.25925
-9.27023
-9.28056
-9.29026
-9.29939
-9.308
-9.31618
-9.3241
-9.33194
-9.3399
-9.3482
-9.35704
-9.36661
-9.37704
-9.38839
-9.40067
-9.41376
-9.42749
-9.44155
-9.45565
-9.4694
-9.4824
-9.49421
-9.50437
-9.51244
-9.51798
-9.52053
-9.51971
-9.51512
-9.50641
-9.49325
-9.47535
-9.45243
-9.42425
-9.39057
-9.35119
-9.30591
-9.25456
-9.19697
-9.133
-9.06248
-8.98529
-8.90131
-8.81041
-8.71248
-8.60743
-8.49519
-8.37567
-8.24885
-8.11471
-7.97326
-7.82454
-7.66864
-7.50568
-7.33582
-7.15926
-6.97626
-6.7871
-6.59214
-6.39176
-6.18638
-5.97646
-5.76251
-5.54505
-5.32464
-5.10185
-4.87727
-4.65152
-4.42523
-4.19904
-3.97359
-3.74953
-3.52748
-3.30804
-3.09178
-2.8792
-2.67073
-2.46679
-2.2677
-2.07381
-1.88538
-1.70266
-1.52585
-1.35512
-1.19057
-1.03232
-0.88022
-0.734723
-0.594842
-0.463201
-0.334639
-0.22374
-0.101686
-0.0482248
-9.17737
-9.19055
-9.20354
-9.21624
-9.22857
-9.24045
-9.25181
-9.2626
-9.27281
-9.28244
-9.29155
-9.30021
-9.30852
-9.31657
-9.32452
-9.33255
-9.34083
-9.34952
-9.35878
-9.3687
-9.37934
-9.39066
-9.4026
-9.41497
-9.42753
-9.43998
-9.45199
-9.46318
-9.47314
-9.48145
-9.48769
-9.49145
-9.49231
-9.48987
-9.48378
-9.47367
-9.45923
-9.44017
-9.4162
-9.38709
-9.3526
-9.31252
-9.26665
-9.21481
-9.15683
-9.09256
-9.02185
-8.94457
-8.86059
-8.76978
-8.67206
-8.56732
-8.45549
-8.33651
-8.21034
-8.07698
-7.93643
-7.78876
-7.63403
-7.47239
-7.30398
-7.12902
-6.94775
-6.76046
-6.56749
-6.36922
-6.16606
-5.95846
-5.74691
-5.53192
-5.31403
-5.09379
-4.87179
-4.6486
-4.42484
-4.20111
-3.97803
-3.75621
-3.53624
-3.3187
-3.10411
-2.89295
-2.68565
-2.4826
-2.28414
-2.09059
-1.90223
-1.71933
-1.54208
-1.3707
-1.20528
-1.04599
-0.89275
-0.745992
-0.604918
-0.471921
-0.342441
-0.229867
-0.107251
-0.0505925
-9.17237
-9.18515
-9.19774
-9.21006
-9.22204
-9.23361
-9.24472
-9.25532
-9.2654
-9.27495
-9.28402
-9.29267
-9.301
-9.30911
-9.31711
-9.32513
-9.33331
-9.34178
-9.35067
-9.36005
-9.36995
-9.38034
-9.39116
-9.40225
-9.41337
-9.42426
-9.4346
-9.44404
-9.45223
-9.45875
-9.46323
-9.46526
-9.46446
-9.46044
-9.45285
-9.44136
-9.42565
-9.40542
-9.3804
-9.35036
-9.31504
-9.27424
-9.22777
-9.17542
-9.11705
-9.05248
-8.98158
-8.90419
-8.82021
-8.72951
-8.632
-8.52757
-8.41617
-8.29773
-8.17223
-8.03965
-7.90003
-7.75341
-7.59987
-7.43956
-7.27262
-7.09927
-6.91974
-6.73433
-6.54336
-6.34721
-6.14628
-5.94101
-5.73188
-5.51938
-5.30403
-5.08637
-4.86695
-4.64636
-4.42515
-4.20391
-3.98323
-3.76369
-3.54584
-3.33022
-3.11733
-2.90763
-2.70154
-2.49942
-2.30161
-2.10844
-1.92019
-1.73711
-1.55945
-1.3874
-1.22112
-1.0608
-0.906402
-0.758366
-0.616053
-0.481651
-0.351109
-0.236741
-0.113157
-0.0531771
-9.1671
-9.17949
-9.1917
-9.20365
-9.21529
-9.22656
-9.23741
-9.24781
-9.25774
-9.2672
-9.27621
-9.28482
-9.2931
-9.30118
-9.30913
-9.31707
-9.3251
-9.3333
-9.34179
-9.3506
-9.35975
-9.36925
-9.379
-9.38885
-9.39859
-9.40798
-9.41672
-9.42451
-9.43099
-9.4358
-9.43858
-9.43894
-9.43653
-9.43098
-9.42195
-9.40911
-9.39215
-9.37078
-9.34474
-9.31378
-9.27766
-9.23616
-9.18909
-9.13626
-9.0775
-9.01264
-8.94155
-8.86408
-8.78011
-8.68952
-8.59222
-8.48812
-8.37715
-8.25927
-8.13444
-8.00266
-7.86396
-7.7184
-7.56606
-7.40707
-7.2416
-7.06986
-6.89207
-6.70854
-6.51958
-6.32555
-6.12686
-5.92392
-5.71721
-5.50721
-5.29441
-5.07935
-4.86255
-4.64455
-4.42592
-4.20721
-3.98896
-3.77172
-3.55601
-3.34235
-3.13121
-2.92301
-2.71815
-2.517
-2.31988
-2.12712
-1.93898
-1.75576
-1.57769
-1.405
-1.23787
-1.07652
-0.920962
-0.77164
-0.628054
-0.492207
-0.36047
-0.244216
-0.119297
-0.055928
-9.16191
-9.17394
-9.18579
-9.1974
-9.20872
-9.21971
-9.23032
-9.24051
-9.25028
-9.25962
-9.26854
-9.27708
-9.28529
-9.29327
-9.30109
-9.30886
-9.31665
-9.32453
-9.33257
-9.34081
-9.34926
-9.3579
-9.36661
-9.37527
-9.3837
-9.39165
-9.39887
-9.40506
-9.40991
-9.41307
-9.41421
-9.41296
-9.40898
-9.40194
-9.39148
-9.37731
-9.35912
-9.33662
-9.30955
-9.27766
-9.24072
-9.19852
-9.15084
-9.09751
-9.03834
-8.97319
-8.90189
-8.82432
-8.74035
-8.64987
-8.55278
-8.44899
-8.33845
-8.22111
-8.09695
-7.96596
-7.82818
-7.68367
-7.53252
-7.37486
-7.21085
-7.0407
-6.86466
-6.68299
-6.49603
-6.30412
-6.10766
-5.90706
-5.70277
-5.49527
-5.28503
-5.07257
-4.85839
-4.64302
-4.42699
-4.21081
-3.99502
-3.78011
-3.56658
-3.35491
-3.14554
-2.93887
-2.73529
-2.53513
-2.33873
-2.14639
-1.9584
-1.77505
-1.59659
-1.42327
-1.2553
-1.09291
-0.936196
-0.785586
-0.640695
-0.503377
-0.370327
-0.252121
-0.12555
-0.0587939
-9.15661
-9.1683
-9.17981
-9.19109
-9.2021
-9.2128
-9.22316
-9.23314
-9.24273
-9.25192
-9.26072
-9.26916
-9.27728
-9.28513
-9.29278
-9.30031
-9.3078
-9.3153
-9.32287
-9.33054
-9.33829
-9.34607
-9.35378
-9.3613
-9.36846
-9.37504
-9.3808
-9.38546
-9.38874
-9.39032
-9.38988
-9.38707
-9.38158
-9.37308
-9.36124
-9.34577
-9.32637
-9.30275
-9.27467
-9.24187
-9.20412
-9.16121
-9.11293
-9.05909
-8.99952
-8.93407
-8.86257
-8.7849
-8.70092
-8.61054
-8.51366
-8.41019
-8.30007
-8.18327
-8.05976
-7.92956
-7.79269
-7.64922
-7.49924
-7.34289
-7.18033
-7.01177
-6.83744
-6.65763
-6.47265
-6.28285
-6.08861
-5.89033
-5.68846
-5.48346
-5.27578
-5.06593
-4.85438
-4.64165
-4.42822
-4.2146
-4.00128
-3.78872
-3.5774
-3.36774
-3.16017
-2.95506
-2.75277
-2.55364
-2.35797
-2.16608
-1.97825
-1.79477
-1.61592
-1.44198
-1.27316
-1.10975
-0.951868
-0.799962
-0.65374
-0.514924
-0.380461
-0.260261
-0.131779
-0.0617037
-9.15133
-9.16269
-9.17388
-9.18485
-9.19556
-9.20599
-9.2161
-9.22586
-9.23526
-9.24428
-9.25294
-9.26125
-9.26925
-9.27695
-9.28443
-9.29173
-9.2989
-9.30601
-9.3131
-9.32017
-9.3272
-9.33411
-9.34084
-9.34725
-9.35318
-9.35843
-9.36279
-9.36599
-9.36777
-9.36782
-9.36585
-9.36154
-9.35458
-9.34466
-9.33147
-9.31472
-9.29412
-9.26941
-9.24032
-9.20661
-9.16804
-9.12442
-9.07552
-9.02117
-8.96119
-8.89542
-8.82371
-8.74592
-8.66193
-8.57163
-8.47493
-8.37176
-8.26206
-8.14578
-8.02291
-7.89347
-7.7575
-7.61505
-7.46623
-7.31117
-7.15004
-6.98304
-6.81041
-6.63244
-6.44942
-6.2617
-6.06966
-5.8737
-5.67423
-5.47171
-5.2666
-5.05935
-4.85044
-4.64034
-4.42954
-4.21849
-4.00765
-3.79747
-3.58837
-3.38075
-3.175
-2.97148
-2.7705
-2.5724
-2.37748
-2.18604
-1.99837
-1.81477
-1.63553
-1.46094
-1.29128
-1.12682
-0.967765
-0.814547
-0.66696
-0.526617
-0.390651
-0.268426
-0.137837
-0.0645665
-9.14605
-9.15709
-9.16797
-9.17864
-9.18908
-9.19923
-9.20909
-9.21862
-9.22781
-9.23665
-9.24514
-9.25329
-9.26111
-9.26865
-9.27592
-9.28296
-9.28982
-9.29654
-9.30313
-9.30958
-9.31587
-9.32194
-9.32771
-9.33304
-9.33779
-9.34177
-9.34478
-9.34658
-9.34691
-9.3455
-9.34206
-9.3363
-9.32791
-9.31662
-9.30211
-9.28412
-9.26235
-9.23655
-9.20647
-9.17185
-9.13249
-9.08815
-9.03864
-8.98377
-8.92337
-8.85727
-8.78534
-8.70742
-8.6234
-8.53318
-8.43666
-8.33377
-8.22446
-8.10869
-7.98645
-7.85776
-7.72265
-7.5812
-7.43351
-7.27972
-7.11999
-6.95453
-6.78357
-6.6074
-6.42632
-6.24066
-6.0508
-5.85712
-5.66005
-5.46
-5.25743
-5.05278
-4.84651
-4.63906
-4.43088
-4.22241
-4.01408
-3.80629
-3.59943
-3.39387
-3.18997
-2.98804
-2.7884
-2.59135
-2.39718
-2.20619
-2.01867
-1.83493
-1.65528
-1.48004
-1.30949
-1.14397
-0.983707
-0.82915
-0.680156
-0.53825
-0.400698
-0.276425
-0.143595
-0.067287
-9.14072
-9.15146
-9.16205
-9.17242
-9.18257
-9.19247
-9.20207
-9.21137
-9.22034
-9.22897
-9.23727
-9.24522
-9.25285
-9.26016
-9.26719
-9.27396
-9.28048
-9.28678
-9.29286
-9.29871
-9.30429
-9.30954
-9.31438
-9.31868
-9.3223
-9.32507
-9.3268
-9.32726
-9.32621
-9.32339
-9.31855
-9.31139
-9.30164
-9.28901
-9.27323
-9.25403
-9.23112
-9.20426
-9.17319
-9.13769
-9.09752
-9.05247
-9.00234
-8.94695
-8.88612
-8.8197
-8.74752
-8.66946
-8.58541
-8.49524
-8.39889
-8.29626
-8.18733
-8.07204
-7.95041
-7.82243
-7.68817
-7.54769
-7.40111
-7.24855
-7.09019
-6.92623
-6.75691
-6.58251
-6.40334
-6.21971
-6.032
-5.84059
-5.64588
-5.4483
-5.24826
-5.0462
-4.84256
-4.63776
-4.43222
-4.22634
-4.02053
-3.81514
-3.61055
-3.40707
-3.20503
-3.00472
-2.80642
-2.61042
-2.417
-2.22645
-2.03907
-1.85518
-1.67509
-1.49915
-1.3277
-1.16108
-0.999558
-0.843621
-0.693168
-0.549655
-0.41044
-0.284099
-0.148955
-0.0697824
-9.13547
-9.14593
-9.15623
-9.16633
-9.17621
-9.18584
-9.19519
-9.20425
-9.21299
-9.2214
-9.22948
-9.23721
-9.24461
-9.25169
-9.25844
-9.2649
-9.27106
-9.27692
-9.28249
-9.28774
-9.29263
-9.29708
-9.30102
-9.30433
-9.30688
-9.30849
-9.309
-9.30817
-9.30581
-9.30165
-9.29546
-9.28696
-9.27589
-9.26198
-9.24496
-9.22457
-9.20055
-9.17265
-9.14062
-9.10423
-9.06326
-9.01751
-8.96676
-8.91085
-8.84958
-8.78281
-8.71038
-8.63217
-8.54806
-8.45793
-8.36172
-8.25934
-8.15075
-8.03593
-7.91486
-7.78758
-7.65414
-7.5146
-7.36908
-7.21771
-7.06068
-6.89819
-6.73047
-6.55781
-6.38049
-6.19886
-6.01327
-5.82409
-5.63173
-5.43658
-5.23906
-5.03959
-4.83857
-4.63642
-4.43352
-4.23025
-4.02697
-3.82402
-3.6217
-3.42032
-3.22016
-3.02148
-2.82455
-2.62961
-2.43693
-2.24681
-2.05955
-1.87546
-1.6949
-1.51822
-1.34581
-1.17803
-1.01521
-0.857842
-0.705872
-0.560699
-0.419752
-0.291324
-0.153851
-0.0719898
-9.13003
-9.14021
-9.15023
-9.16005
-9.16966
-9.17902
-9.18812
-9.19693
-9.20543
-9.21361
-9.22145
-9.22895
-9.2361
-9.24291
-9.24938
-9.25551
-9.26128
-9.26671
-9.27177
-9.27642
-9.28063
-9.28431
-9.2874
-9.28976
-9.29128
-9.2918
-9.29114
-9.28911
-9.28549
-9.28007
-9.27259
-9.26281
-9.25048
-9.23534
-9.21714
-9.19561
-9.17051
-9.1416
-9.10863
-9.07138
-9.02964
-8.98318
-8.93183
-8.87539
-8.81368
-8.74657
-8.67389
-8.59551
-8.51132
-8.42122
-8.32513
-8.22298
-8.11472
-8.00033
-7.87982
-7.7532
-7.62053
-7.4819
-7.33741
-7.1872
-7.03146
-6.87039
-6.70424
-6.53326
-6.35777
-6.1781
-5.99458
-5.80761
-5.61756
-5.42482
-5.2298
-5.0329
-4.83451
-4.63501
-4.43477
-4.23412
-4.03339
-3.83289
-3.63288
-3.43363
-3.23537
-3.03834
-2.84277
-2.64889
-2.45696
-2.26725
-2.08007
-1.89575
-1.71466
-1.5372
-1.36376
-1.19477
-1.03059
-0.871722
-0.718171
-0.571281
-0.428538
-0.29801
-0.15824
-0.0738705
-9.12478
-9.1347
-9.14446
-9.15402
-9.16337
-9.17248
-9.18133
-9.18989
-9.19815
-9.20609
-9.21369
-9.22094
-9.22784
-9.23437
-9.24052
-9.2463
-9.25169
-9.25666
-9.2612
-9.26527
-9.2688
-9.27174
-9.274
-9.27546
-9.27599
-9.27546
-9.2737
-9.27051
-9.2657
-9.25906
-9.25035
-9.23935
-9.22581
-9.20949
-9.19014
-9.16751
-9.14136
-9.11146
-9.07757
-9.03947
-8.99695
-8.9498
-8.89783
-8.84086
-8.77871
-8.71123
-8.63827
-8.55971
-8.47543
-8.38534
-8.28934
-8.18738
-8.07941
-7.96543
-7.84542
-7.71942
-7.58749
-7.44972
-7.30621
-7.15711
-7.00261
-6.84291
-6.67826
-6.50892
-6.33521
-6.15744
-5.97596
-5.79115
-5.60337
-5.41302
-5.22049
-5.02615
-4.83038
-4.63353
-4.43595
-4.23794
-4.03979
-3.84176
-3.64408
-3.44698
-3.25066
-3.0553
-2.86111
-2.66829
-2.47709
-2.28776
-2.10063
-1.91603
-1.73437
-1.55604
-1.38151
-1.21124
-1.04561
-0.885185
-0.729981
-0.581315
-0.436718
-0.304077
-0.162081
-0.0753808
-9.11914
-9.1288
-9.1383
-9.1476
-9.15669
-9.16555
-9.17415
-9.18247
-9.19049
-9.19818
-9.20553
-9.21252
-9.21914
-9.22538
-9.23122
-9.23665
-9.24163
-9.24616
-9.25019
-9.25368
-9.25658
-9.2588
-9.26026
-9.26086
-9.26047
-9.25895
-9.25614
-9.25187
-9.24594
-9.23815
-9.22829
-9.21614
-9.20145
-9.184
-9.16356
-9.13987
-9.11272
-9.08187
-9.0471
-9.00818
-8.96491
-8.91708
-8.86451
-8.80702
-8.74443
-8.67659
-8.60336
-8.52461
-8.44023
-8.35011
-8.25419
-8.15241
-8.04472
-7.9311
-7.81157
-7.68616
-7.55493
-7.41797
-7.2754
-7.12737
-6.97405
-6.81568
-6.65248
-6.48473
-6.31274
-6.13683
-5.95735
-5.77466
-5.58913
-5.40114
-5.21107
-5.01928
-4.82612
-4.63194
-4.43703
-4.24168
-4.04614
-3.85062
-3.65532
-3.4604
-3.26604
-3.07237
-2.87957
-2.68782
-2.49733
-2.30837
-2.12124
-1.93632
-1.754
-1.57474
-1.39904
-1.22739
-1.06025
-0.89818
-0.741253
-0.590751
-0.444254
-0.309497
-0.165373
-0.0765301
-9.11407
-9.12348
-9.13273
-9.14179
-9.15064
-9.15925
-9.16761
-9.17568
-9.18344
-9.19088
-9.19797
-9.20469
-9.21103
-9.21696
-9.22247
-9.22752
-9.2321
-9.23617
-9.23969
-9.24261
-9.24487
-9.24639
-9.24709
-9.24686
-9.24558
-9.24312
-9.23931
-9.234
-9.227
-9.21812
-9.20715
-9.19388
-9.1781
-9.15956
-9.13806
-9.11336
-9.08523
-9.05346
-9.01781
-8.97808
-8.93407
-8.88557
-8.83239
-8.77436
-8.71132
-8.6431
-8.56957
-8.49061
-8.40609
-8.31593
-8.22006
-8.1184
-8.01094
-7.89765
-7.77854
-7.65367
-7.52308
-7.38687
-7.24517
-7.09813
-6.94594
-6.78882
-6.627
-6.46078
-6.29045
-6.11634
-5.93879
-5.75817
-5.57484
-5.38917
-5.20153
-5.01228
-4.82174
-4.63023
-4.43801
-4.24535
-4.05245
-3.85948
-3.66659
-3.4739
-3.28153
-3.08959
-2.8982
-2.70751
-2.51773
-2.32909
-2.14192
-1.9566
-1.77355
-1.59327
-1.41629
-1.24317
-1.07441
-0.910619
-0.751886
-0.599478
-0.451027
-0.314139
-0.167991
-0.0771989
-9.10826
-9.11744
-9.12645
-9.13527
-9.14388
-9.15226
-9.16037
-9.16821
-9.17573
-9.18292
-9.18975
-9.19621
-9.20227
-9.20789
-9.21307
-9.21776
-9.22195
-9.22557
-9.2286
-9.23098
-9.23264
-9.23351
-9.23349
-9.23248
-9.23037
-9.22702
-9.22229
-9.21601
-9.20801
-9.19811
-9.18611
-9.1718
-9.15499
-9.13544
-9.11294
-9.08728
-9.05823
-9.02557
-8.9891
-8.9486
-8.90387
-8.85472
-8.80096
-8.74242
-8.67893
-8.61034
-8.53651
-8.45733
-8.37267
-8.28245
-8.1866
-8.08506
-7.9778
-7.8648
-7.74609
-7.62171
-7.49172
-7.35622
-7.21534
-7.06925
-6.91812
-6.76219
-6.6017
-6.43694
-6.26821
-6.09584
-5.92018
-5.74158
-5.56042
-5.37705
-5.19183
-5.0051
-4.81718
-4.62835
-4.43886
-4.24893
-4.05871
-3.86834
-3.67792
-3.48752
-3.2972
-3.10701
-2.91706
-2.72744
-2.53835
-2.35001
-2.16275
-1.97696
-1.79309
-1.6117
-1.43335
-1.25866
-1.08819
-0.92259
-0.761984
-0.60762
-0.45718
-0.318164
-0.170095
-0.0775551
-9.10354
-9.11249
-9.12127
-9.12986
-9.13823
-9.14636
-9.15423
-9.16181
-9.16907
-9.176
-9.18256
-9.18873
-9.19449
-9.19979
-9.20462
-9.20894
-9.21271
-9.21589
-9.21842
-9.22026
-9.22132
-9.22154
-9.22082
-9.21906
-9.21615
-9.21195
-9.20633
-9.19912
-9.19017
-9.17929
-9.1663
-9.151
-9.13319
-9.11267
-9.08921
-9.06262
-9.03267
-8.99915
-8.96186
-8.9206
-8.87516
-8.82536
-8.77101
-8.71194
-8.64799
-8.57901
-8.50486
-8.42542
-8.34059
-8.25027
-8.15439
-8.05291
-7.94579
-7.83302
-7.71464
-7.59068
-7.46121
-7.32634
-7.1862
-7.04096
-6.89081
-6.73598
-6.57673
-6.41335
-6.24613
-6.07542
-5.90157
-5.72493
-5.54587
-5.36476
-5.18193
-4.99771
-4.81241
-4.62628
-4.43954
-4.25238
-4.0649
-3.87719
-3.6893
-3.50125
-3.31302
-3.12465
-2.93615
-2.74761
-2.55919
-2.37111
-2.18368
-1.99732
-1.81253
-1.62988
-1.45001
-1.27361
-1.1013
-0.933768
-0.771187
-0.614786
-0.462292
-0.321117
-0.171186
-0.0771383
-9.09747
-9.10622
-9.11479
-9.12317
-9.13133
-9.13925
-9.1469
-9.15426
-9.1613
-9.16799
-9.1743
-9.18021
-9.18569
-9.1907
-9.19521
-9.19918
-9.20257
-9.20533
-9.20741
-9.20874
-9.20926
-9.20889
-9.20752
-9.20508
-9.20143
-9.19645
-9.19001
-9.18196
-9.17213
-9.16036
-9.14646
-9.13024
-9.11152
-9.09009
-9.06575
-9.03828
-9.0075
-8.97318
-8.93513
-8.89315
-8.84704
-8.79662
-8.7417
-8.68213
-8.61774
-8.54837
-8.47391
-8.39422
-8.3092
-8.21877
-8.12286
-8.02142
-7.91442
-7.80186
-7.68376
-7.56018
-7.43119
-7.2969
-7.15745
-7.01301
-6.86378
-6.71
-6.55192
-6.38984
-6.22408
-6.05498
-5.88289
-5.70816
-5.53118
-5.35229
-5.17184
-4.99014
-4.80748
-4.62409
-4.44017
-4.25584
-4.07118
-3.88623
-3.70097
-3.51535
-3.32932
-3.14282
-2.95584
-2.76842
-2.58068
-2.39283
-2.2052
-2.01822
-1.83241
-1.64842
-1.46694
-1.28873
-1.11449
-0.944961
-0.78035
-0.621873
-0.467285
-0.32392
-0.172105
-0.0766732
-9.09313
-9.10164
-9.10999
-9.11813
-9.12605
-9.13373
-9.14113
-9.14824
-9.15502
-9.16144
-9.16748
-9.1731
-9.17827
-9.18296
-9.18712
-9.19072
-9.19371
-9.19604
-9.19765
-9.19848
-9.19845
-9.19749
-9.1955
-9.19238
-9.18802
-9.18229
-9.17507
-9.1662
-9.15554
-9.14291
-9.12814
-9.11105
-9.09145
-9.06915
-9.04395
-9.01565
-8.98406
-8.94896
-8.91016
-8.86747
-8.8207
-8.76966
-8.71418
-8.65408
-8.58922
-8.51945
-8.44464
-8.36466
-8.27941
-8.18882
-8.09281
-7.99134
-7.88438
-7.77194
-7.65405
-7.53076
-7.40214
-7.26832
-7.12945
-6.98569
-6.83725
-6.68439
-6.52736
-6.36647
-6.20205
-6.03444
-5.864
-5.69111
-5.51612
-5.3394
-5.16128
-4.98208
-4.80206
-4.62144
-4.44036
-4.25893
-4.07718
-3.89507
-3.71253
-3.52943
-3.34566
-3.1611
-2.97566
-2.78935
-2.60225
-2.41455
-2.22659
-2.03882
-1.85181
-1.66626
-1.48295
-1.30274
-1.12639
-0.954731
-0.788004
-0.627406
-0.470689
-0.325096
-0.171333
-0.074758
-9.08654
-9.09491
-9.10308
-9.11105
-9.11879
-9.12628
-9.13349
-9.1404
-9.14697
-9.15317
-9.15898
-9.16437
-9.16928
-9.1737
-9.17757
-9.18085
-9.18349
-9.18545
-9.18665
-9.18703
-9.18653
-9.18505
-9.1825
-9.17879
-9.1738
-9.16741
-9.15949
-9.1499
-9.13849
-9.12509
-9.10954
-9.09167
-9.07128
-9.0482
-9.02222
-8.99316
-8.96083
-8.92502
-8.88554
-8.8422
-8.79481
-8.7432
-8.68719
-8.62662
-8.56133
-8.49118
-8.41603
-8.33578
-8.25032
-8.15957
-8.06347
-7.96197
-7.85506
-7.74273
-7.62503
-7.502
-7.37375
-7.24037
-7.10204
-6.95893
-6.81126
-6.65928
-6.50326
-6.34353
-6.18042
-6.01427
-5.84547
-5.67439
-5.5014
-5.32687
-5.15113
-4.97449
-4.79719
-4.61944
-4.44135
-4.26298
-4.0843
-3.90522
-3.72559
-3.54523
-3.36391
-3.18146
-2.99773
-2.81266
-2.62628
-2.4388
-2.25054
-2.06197
-1.87371
-1.68652
-1.50126
-1.31891
-1.14033
-0.966404
-0.79745
-0.634644
-0.475692
-0.327738
-0.171614
-0.0736408
-9.08213
-9.09025
-9.09822
-9.10596
-9.11347
-9.12072
-9.12769
-9.13435
-9.14067
-9.14661
-9.15215
-9.15725
-9.16187
-9.16598
-9.16952
-9.17245
-9.17473
-9.17629
-9.17707
-9.177
-9.17602
-9.17402
-9.17093
-9.16665
-9.16105
-9.15403
-9.14545
-9.13517
-9.12305
-9.10893
-9.09265
-9.07404
-9.05291
-9.02908
-9.00238
-8.9726
-8.93956
-8.90306
-8.86292
-8.81895
-8.77096
-8.71878
-8.66224
-8.60117
-8.53542
-8.46485
-8.38933
-8.30875
-8.22301
-8.13202
-8.03573
-7.9341
-7.82711
-7.71477
-7.59712
-7.47421
-7.34614
-7.21304
-7.07507
-6.93242
-6.78532
-6.63402
-6.47882
-6.32005
-6.15804
-5.99318
-5.82584
-5.65641
-5.48529
-5.31284
-5.13939
-4.96525
-4.79066
-4.61578
-4.44071
-4.26546
-4.08993
-3.91397
-3.73735
-3.55979
-3.38099
-3.20068
-3.01864
-2.83475
-2.64901
-2.4616
-2.27286
-2.08332
-1.89362
-1.70461
-1.51729
-1.33275
-1.15196
-0.975887
-0.804884
-0.640095
-0.479103
-0.328894
-0.169903
-0.0710063
-9.07443
-9.08244
-9.09022
-9.09779
-9.10514
-9.11223
-9.11904
-9.12553
-9.13167
-9.13744
-9.14279
-9.14768
-9.15209
-9.15596
-9.15926
-9.16193
-9.16392
-9.16517
-9.16562
-9.16519
-9.16381
-9.1614
-9.15786
-9.1531
-9.147
-9.13944
-9.13031
-9.11945
-9.10674
-9.09201
-9.0751
-9.05586
-9.03409
-9.00964
-8.98231
-8.95191
-8.91827
-8.88119
-8.84049
-8.79598
-8.74748
-8.69483
-8.63784
-8.57637
-8.51025
-8.43936
-8.36356
-8.28274
-8.19681
-8.10569
-8.00932
-7.90766
-7.80071
-7.68846
-7.57097
-7.44829
-7.32054
-7.18784
-7.05036
-6.9083
-6.76189
-6.61142
-6.45718
-6.29951
-6.13877
-5.97535
-5.80965
-5.64208
-5.47303
-5.30288
-5.13198
-4.96063
-4.78905
-4.61739
-4.44572
-4.27399
-4.10206
-3.92968
-3.75655
-3.58228
-3.40647
-3.22876
-3.04881
-2.86644
-2.68159
-2.49442
-2.30526
-2.11466
-1.92332
-1.73215
-1.54235
-1.35516
-1.17175
-0.993235
-0.820024
-0.653244
-0.490235
-0.337818
-0.174316
-0.0746186
-9.06839
-9.07628
-9.08395
-9.09133
-9.09846
-9.10533
-9.11191
-9.11817
-9.12408
-9.12961
-9.13472
-9.13937
-9.14352
-9.14714
-9.15016
-9.15255
-9.15425
-9.15519
-9.15531
-9.15453
-9.15279
-9.15
-9.14606
-9.14087
-9.13432
-9.1263
-9.11667
-9.10532
-9.09208
-9.07682
-9.05938
-9.03958
-9.01727
-8.99226
-8.96438
-8.93344
-8.89925
-8.86164
-8.82042
-8.77541
-8.72643
-8.6733
-8.61586
-8.55396
-8.48743
-8.41615
-8.33998
-8.25883
-8.17258
-8.08117
-7.98454
-7.88265
-7.7755
-7.66309
-7.54548
-7.42274
-7.29497
-7.16232
-7.02495
-6.88308
-6.73697
-6.58689
-6.43317
-6.27616
-6.11626
-5.95385
-5.78938
-5.62327
-5.45593
-5.28777
-5.11915
-4.95038
-4.78168
-4.61319
-4.44495
-4.27686
-4.10872
-3.94023
-3.77095
-3.60043
-3.42814
-3.2536
-3.07641
-2.89628
-2.71312
-2.52706
-2.33846
-2.14791
-1.95611
-1.76406
-1.57305
-1.38445
-1.19954
-1.01959
-0.84511
-0.677233
-0.513002
-0.359016
-0.189102
-0.0872936
-9.05726
-9.06497
-9.07252
-9.07984
-9.08692
-9.09373
-9.10025
-9.10645
-9.11229
-9.11775
-9.12278
-9.12735
-9.13141
-9.13492
-9.13784
-9.1401
-9.14166
-9.14245
-9.14241
-9.14146
-9.13952
-9.13651
-9.13234
-9.12691
-9.1201
-9.11181
-9.1019
-9.09025
-9.07671
-9.06114
-9.04338
-9.02327
-9.00065
-8.97534
-8.94716
-8.91594
-8.8815
-8.84365
-8.80222
-8.75702
-8.70788
-8.65464
-8.59712
-8.53516
-8.46863
-8.39739
-8.32131
-8.24029
-8.15423
-8.06305
-7.96672
-7.86518
-7.75844
-7.64652
-7.52947
-7.40735
-7.2803
-7.14845
-7.012
-6.87116
-6.72621
-6.57743
-6.42519
-6.26985
-6.11183
-5.95157
-5.78951
-5.62613
-5.46188
-5.29719
-5.13246
-4.968
-4.80407
-4.64078
-4.47813
-4.31598
-4.15404
-3.99186
-3.82888
-3.66445
-3.49787
-3.32845
-3.1556
-2.97887
-2.79805
-2.61323
-2.42477
-2.23327
-2.03954
-1.84486
-1.65096
-1.45944
-1.2716
-1.08874
-0.911366
-0.740684
-0.573554
-0.41664
-0.238771
-0.122195
-9.04819
-9.05589
-9.06325
-9.07056
-9.07773
-9.08467
-9.09134
-9.0977
-9.10373
-9.1094
-9.11465
-9.11946
-9.12377
-9.12755
-9.13073
-9.13327
-9.13512
-9.13619
-9.13644
-9.13578
-9.13413
-9.1314
-9.12752
-9.12236
-9.11582
-9.10779
-9.09814
-9.08674
-9.07345
-9.05812
-9.0406
-9.02072
-8.99832
-8.97323
-8.94527
-8.91426
-8.88002
-8.84238
-8.80115
-8.75615
-8.70721
-8.65415
-8.59682
-8.53506
-8.46872
-8.39767
-8.32178
-8.24095
-8.15508
-8.06411
-7.96799
-7.86669
-7.7602
-7.64856
-7.53182
-7.41007
-7.28345
-7.15211
-7.01627
-6.87616
-6.73209
-6.58439
-6.43344
-6.27966
-6.12351
-5.96549
-5.8061
-5.64586
-5.4853
-5.32489
-5.16507
-5.00618
-4.84848
-4.69207
-4.53689
-4.38272
-4.22914
-4.07555
-3.9212
-3.76523
-3.60671
-3.44474
-3.27848
-3.10731
-2.93083
-2.74901
-2.56213
-2.37037
-2.17431
-1.97531
-1.77527
-1.57642
-1.38075
-1.18991
-1.00461
-0.826287
-0.652454
-0.489015
-0.313095
-0.159139
-9.0712
-9.08073
-9.08988
-9.09865
-9.10716
-9.11541
-9.12334
-9.13091
-9.13808
-9.14482
-9.1511
-9.15686
-9.16207
-9.16668
-9.17062
-9.17386
-9.17633
-9.17795
-9.17868
-9.17841
-9.17709
-9.17462
-9.1709
-9.16583
-9.1593
-9.15121
-9.14141
-9.12979
-9.1162
-9.1005
-9.08253
-9.06213
-9.03914
-9.0134
-8.98471
-8.95292
-8.91783
-8.87928
-8.83708
-8.79105
-8.74101
-8.68681
-8.62826
-8.56523
-8.49755
-8.42509
-8.34774
-8.26537
-8.1779
-8.08526
-7.98738
-7.88425
-7.77586
-7.66223
-7.54342
-7.41952
-7.29065
-7.15698
-7.01872
-6.8761
-6.72943
-6.57904
-6.4253
-6.26865
-6.10953
-5.94844
-5.78589
-5.62237
-5.45841
-5.29446
-5.13094
-4.96817
-4.80637
-4.64562
-4.48584
-4.32675
-4.16794
-4.00878
-3.84854
-3.68636
-3.52136
-3.3527
-3.17963
-3.00162
-2.81839
-2.62999
-2.43715
-2.24063
-2.04086
-1.83904
-1.63713
-1.43735
-1.24169
-1.05177
-0.868256
-0.692449
-0.522519
-0.362566
-0.207242
-0.0496604
-9.50347
-9.5128
-9.52676
-9.53999
-9.55261
-9.56462
-9.57513
-9.58347
-9.58966
-9.59361
-9.5954
-9.59562
-9.59475
-9.59314
-9.59121
-9.58938
-9.58791
-9.58677
-9.58568
-9.58426
-9.58209
-9.57999
-9.58007
-9.58408
-9.59375
-9.61288
-9.64477
-9.69083
-9.74948
-9.81657
-9.8867
-9.9546
-10.016
-10.0681
-10.1094
-10.1393
-10.1581
-10.1661
-10.1641
-10.1525
-10.1318
-10.1024
-10.0646
-10.0185
-9.96366
-9.89959
-9.82684
-9.74602
-9.65708
-9.55993
-9.45439
-9.34021
-9.21715
-9.08498
-8.94349
-8.79253
-8.63194
-8.46166
-8.28166
-8.09197
-7.89268
-7.68393
-7.46594
-7.23904
-7.00365
-6.76029
-6.50961
-6.25228
-5.98913
-5.72114
-5.44888
-5.17225
-4.89216
-4.61053
-4.32886
-4.04844
-3.77042
-3.49462
-3.22049
-2.95428
-2.70048
-2.45554
-2.21626
-1.98572
-1.76486
-1.5546
-1.35561
-1.16821
-0.992529
-0.828568
-0.676214
-0.53525
-0.405557
-0.286795
-0.179759
-0.0833192
-0.00511966
0.0655758
0.069009
0.126786
-9.51288
-9.52842
-9.54338
-9.55744
-9.57028
-9.58137
-9.59096
-9.59854
-9.60477
-9.60983
-9.61322
-9.61379
-9.61182
-9.60836
-9.6045
-9.60122
-9.59929
-9.59888
-9.59944
-9.60014
-9.59982
-9.60057
-9.60536
-9.61184
-9.62493
-9.65222
-9.69814
-9.76209
-9.83876
-9.92061
-10.0005
-10.0731
-10.1353
-10.1857
-10.2238
-10.2501
-10.2654
-10.2705
-10.2659
-10.2521
-10.2294
-10.1979
-10.1574
-10.1078
-10.0495
-9.98461
-9.91345
-9.83509
-9.74944
-9.65637
-9.55545
-9.44616
-9.32817
-9.20115
-9.06485
-8.91906
-8.76364
-8.59847
-8.42351
-8.23875
-8.04429
-7.84021
-7.62673
-7.40412
-7.17276
-6.93314
-6.68583
-6.43148
-6.17084
-5.90478
-5.63453
-5.36132
-5.08516
-4.80654
-4.52682
-4.24703
-3.96778
-3.6889
-3.4106
-3.1389
-2.88401
-2.64173
-2.4063
-2.17735
-1.95742
-1.74741
-1.54791
-1.35934
-1.18192
-1.01568
-0.860572
-0.716424
-0.58317
-0.460386
-0.348954
-0.24706
-0.162313
-0.0808035
-0.0542494
0.0405719
-9.51667
-9.5364
-9.55295
-9.56661
-9.57904
-9.59042
-9.59971
-9.60656
-9.61211
-9.61613
-9.61886
-9.61999
-9.61974
-9.61847
-9.61689
-9.61568
-9.61539
-9.61635
-9.61859
-9.62195
-9.6263
-9.63327
-9.64612
-9.66771
-9.70164
-9.7491
-9.80792
-9.87341
-9.94034
-10.0044
-10.0631
-10.1152
-10.1603
-10.1984
-10.2295
-10.2535
-10.2701
-10.2792
-10.2803
-10.2735
-10.2584
-10.2351
-10.2036
-10.1638
-10.1155
-10.0592
-9.9953
-9.92363
-9.84384
-9.75566
-9.65896
-9.5536
-9.43935
-9.31599
-9.1833
-9.0411
-8.88922
-8.72757
-8.55609
-8.37479
-8.18373
-7.98301
-7.77279
-7.55336
-7.3251
-7.08851
-6.84418
-6.59282
-6.3352
-6.07216
-5.8045
-5.53285
-5.25776
-4.98037
-4.7019
-4.42324
-4.14502
-3.8674
-3.5914
-3.32092
-3.0644
-2.81793
-2.57882
-2.34721
-2.12463
-1.91178
-1.70928
-1.51755
-1.33682
-1.16712
-1.00843
-0.860567
-0.723416
-0.596541
-0.480518
-0.373442
-0.281151
-0.189713
-0.139086
-0.0184048
-9.51007
-9.53306
-9.55422
-9.56942
-9.58343
-9.59567
-9.60647
-9.61475
-9.62129
-9.62626
-9.62959
-9.63111
-9.6311
-9.63003
-9.62855
-9.62731
-9.62678
-9.62724
-9.62891
-9.63247
-9.6396
-9.65334
-9.67702
-9.71263
-9.75976
-9.81583
-9.87729
-9.94088
-10.0044
-10.0667
-10.1263
-10.1819
-10.2317
-10.2742
-10.3088
-10.335
-10.3527
-10.3621
-10.3633
-10.3565
-10.3417
-10.3189
-10.2882
-10.2496
-10.2032
-10.1491
-10.0872
-10.0175
-9.9402
-9.85489
-9.7613
-9.65905
-9.54784
-9.42744
-9.29761
-9.15816
-9.00891
-8.84978
-8.68068
-8.50163
-8.3127
-8.11396
-7.90553
-7.6877
-7.46087
-7.22552
-6.98226
-6.7318
-6.47498
-6.21263
-5.94555
-5.67439
-5.39969
-5.12244
-4.84378
-4.5645
-4.28522
-4.00649
-3.72989
-3.45965
-3.20175
-2.95358
-2.71287
-2.4796
-2.25509
-2.04019
-1.8355
-1.64146
-1.45829
-1.28604
-1.12465
-0.973935
-0.833698
-0.703492
-0.583411
-0.471681
-0.371543
-0.271038
-0.195564
-0.057679
-9.49913
-9.52698
-9.55326
-9.57018
-9.58593
-9.59894
-9.61066
-9.62007
-9.62764
-9.63309
-9.63676
-9.63875
-9.63925
-9.6385
-9.6369
-9.63487
-9.63289
-9.63165
-9.63233
-9.63696
-9.64843
-9.66986
-9.70299
-9.74727
-9.80017
-9.8584
-9.91915
-9.98074
-10.0422
-10.1024
-10.1599
-10.2133
-10.2612
-10.3027
-10.3373
-10.3649
-10.3852
-10.3984
-10.4042
-10.4025
-10.3932
-10.376
-10.3509
-10.3178
-10.2767
-10.2277
-10.1705
-10.1053
-10.0318
-9.9499
-9.85945
-9.76009
-9.65158
-9.5337
-9.40625
-9.26904
-9.12191
-8.96474
-8.79747
-8.62011
-8.43275
-8.23547
-8.02833
-7.81162
-7.58577
-7.35126
-7.10869
-6.85877
-6.60229
-6.34003
-6.07271
-5.80098
-5.52553
-5.24744
-4.96777
-4.6874
-4.40713
-4.12787
-3.85146
-3.58109
-3.3211
-3.07009
-2.82672
-2.59124
-2.36466
-2.1477
-1.9409
-1.74466
-1.55919
-1.38453
-1.22061
-1.06724
-0.924085
-0.79074
-0.666704
-0.550597
-0.442657
-0.334546
-0.235836
-0.0899491
-9.48917
-9.52186
-9.55319
-9.57194
-9.58953
-9.60352
-9.6165
-9.62701
-9.63583
-9.64235
-9.6466
-9.64861
-9.64863
-9.64687
-9.64367
-9.63955
-9.63531
-9.63234
-9.63284
-9.63981
-9.65643
-9.68493
-9.72537
-9.7756
-9.83234
-9.89257
-9.95449
-10.0174
-10.0807
-10.1436
-10.2044
-10.2612
-10.3124
-10.3571
-10.3946
-10.4249
-10.4479
-10.4635
-10.4718
-10.4724
-10.4653
-10.4503
-10.4275
-10.3967
-10.3577
-10.3106
-10.2554
-10.1921
-10.1206
-10.0407
-9.9523
-9.85479
-9.74797
-9.63164
-9.50559
-9.36962
-9.22357
-9.06733
-8.90082
-8.72405
-8.53708
-8.34001
-8.13297
-7.91621
-7.69013
-7.45524
-7.21214
-6.96151
-6.70416
-6.44086
-6.17238
-5.89942
-5.62272
-5.34326
-5.06209
-4.78012
-4.49829
-4.21773
-3.94035
-3.66904
-3.40719
-3.15421
-2.90917
-2.67222
-2.44418
-2.22572
-2.01736
-1.81949
-1.63232
-1.45589
-1.29007
-1.13468
-0.989251
-0.853413
-0.726058
-0.606337
-0.491493
-0.377653
-0.259015
-0.112555
-9.48283
-9.52055
-9.55562
-9.5759
-9.59513
-9.61031
-9.62461
-9.63652
-9.64668
-9.65441
-9.65956
-9.66183
-9.66141
-9.65844
-9.65332
-9.64686
-9.64048
-9.63632
-9.63735
-9.64696
-9.66806
-9.70189
-9.74732
-9.80139
-9.8607
-9.92265
-9.98591
-10.0501
-10.1148
-10.1789
-10.2407
-10.2984
-10.3507
-10.3965
-10.4355
-10.4678
-10.4933
-10.5119
-10.5233
-10.5274
-10.5238
-10.5122
-10.4926
-10.4647
-10.4286
-10.3842
-10.3314
-10.2703
-10.2006
-10.1223
-10.0351
-9.93868
-9.83278
-9.71719
-9.59169
-9.4561
-9.31026
-9.15405
-8.98742
-8.81037
-8.62295
-8.42527
-8.21748
-7.99985
-7.7728
-7.53681
-7.2925
-7.04056
-6.78177
-6.5169
-6.24672
-5.97196
-5.69344
-5.41215
-5.12917
-4.84548
-4.56216
-4.2805
-4.00241
-3.73037
-3.46703
-3.21229
-2.96563
-2.7273
-2.49801
-2.27837
-2.06886
-1.86984
-1.68146
-1.50375
-1.33656
-1.17968
-1.03252
-0.894741
-0.76467
-0.64209
-0.521445
-0.403751
-0.268932
-0.127712
-9.48144
-9.52415
-9.56153
-9.58365
-9.60468
-9.62153
-9.63752
-9.6511
-9.66284
-9.67188
-9.67803
-9.68069
-9.67984
-9.67577
-9.66895
-9.66088
-9.65328
-9.64885
-9.65097
-9.66304
-9.68752
-9.725
-9.7737
-9.83046
-9.89208
-9.95619
-10.0215
-10.0877
-10.1543
-10.2204
-10.2844
-10.3444
-10.3991
-10.4475
-10.4892
-10.5241
-10.552
-10.5728
-10.5862
-10.5921
-10.59
-10.5797
-10.5611
-10.5339
-10.4984
-10.4546
-10.4023
-10.3416
-10.2722
-10.1941
-10.1069
-10.0104
-9.9042
-9.78818
-9.66209
-9.52574
-9.37899
-9.22172
-9.05389
-8.87547
-8.68656
-8.48725
-8.27774
-8.05829
-7.82934
-7.59138
-7.34505
-7.09104
-6.83014
-6.56313
-6.29082
-6.014
-5.73351
-5.45037
-5.16564
-4.88038
-4.59573
-4.31307
-4.03428
-3.76158
-3.49719
-3.24136
-2.99384
-2.75489
-2.52511
-2.30504
-2.0951
-1.89562
-1.70674
-1.52846
-1.36058
-1.2029
-1.05468
-0.91567
-0.78366
-0.659121
-0.534036
-0.41431
-0.267365
-0.13557
-9.48455
-9.53105
-9.57029
-9.59475
-9.61825
-9.63783
-9.65677
-9.67344
-9.68828
-9.70024
-9.70887
-9.71341
-9.71345
-9.70941
-9.70215
-9.69322
-9.68513
-9.68092
-9.6841
-9.69794
-9.7245
-9.76402
-9.81452
-9.87285
-9.93599
-10.0017
-10.0686
-10.1362
-10.204
-10.271
-10.3356
-10.3963
-10.4517
-10.5008
-10.5432
-10.5788
-10.6074
-10.6288
-10.6429
-10.6492
-10.6475
-10.6377
-10.6195
-10.5929
-10.5578
-10.5142
-10.462
-10.401
-10.3312
-10.2523
-10.1642
-10.0665
-9.95908
-9.84162
-9.71393
-9.57585
-9.42723
-9.26796
-9.09802
-8.91739
-8.72617
-8.52449
-8.31255
-8.09066
-7.85925
-7.61887
-7.37014
-7.11379
-6.8506
-6.58139
-6.30696
-6.02815
-5.74585
-5.46109
-5.17495
-4.88853
-4.60307
-4.31998
-4.04106
-3.76833
-3.50367
-3.24752
-2.99984
-2.7609
-2.53124
-2.31135
-2.10161
-1.90231
-1.71354
-1.5353
-1.36733
-1.20941
-1.06072
-0.921065
-0.787792
-0.662077
-0.533805
-0.413547
-0.258125
-0.13813
-9.49121
-9.54244
-9.5831
-9.61014
-9.63597
-9.65852
-9.68082
-9.70129
-9.72024
-9.73646
-9.74929
-9.75763
-9.76087
-9.75858
-9.75174
-9.74417
-9.73755
-9.73489
-9.73977
-9.7552
-9.78297
-9.82336
-9.87458
-9.9336
-9.9975
-10.064
-10.1318
-10.1999
-10.2679
-10.3347
-10.399
-10.4594
-10.5146
-10.5637
-10.606
-10.6415
-10.6699
-10.6909
-10.7042
-10.7094
-10.7065
-10.6952
-10.6755
-10.6472
-10.6104
-10.5649
-10.5107
-10.4478
-10.3759
-10.2948
-10.2045
-10.1045
-9.99463
-9.87465
-9.74437
-9.6036
-9.45221
-9.29012
-9.1173
-8.93376
-8.73961
-8.53502
-8.3202
-8.09551
-7.8614
-7.61842
-7.36723
-7.10856
-6.84321
-6.572
-6.29578
-6.01542
-5.73184
-5.44606
-5.1592
-4.87239
-4.58687
-4.30408
-4.02573
-3.75365
-3.48951
-3.23389
-2.98686
-2.74872
-2.51995
-2.30097
-2.09212
-1.89363
-1.70558
-1.52794
-1.36041
-1.20279
-1.05413
-0.914356
-0.780428
-0.654221
-0.523895
-0.404282
-0.243567
-0.136404
-9.49473
-9.54998
-9.59536
-9.6281
-9.659
-9.68732
-9.71599
-9.74333
-9.76939
-9.79283
-9.81295
-9.82846
-9.83817
-9.84188
-9.83895
-9.83273
-9.82729
-9.82597
-9.83199
-9.84834
-9.87656
-9.91659
-9.9668
-10.0245
-10.0871
-10.1524
-10.2188
-10.2853
-10.3512
-10.4157
-10.4774
-10.5351
-10.5873
-10.6334
-10.6727
-10.7051
-10.7301
-10.7476
-10.7574
-10.7594
-10.7534
-10.7392
-10.7167
-10.6857
-10.6462
-10.5981
-10.5412
-10.4755
-10.4007
-10.3167
-10.2233
-10.1202
-10.0071
-9.88391
-9.75035
-9.60629
-9.45162
-9.28625
-9.11019
-8.92348
-8.72625
-8.51867
-8.30103
-8.07367
-7.83707
-7.59182
-7.33857
-7.07808
-6.81114
-6.5386
-6.26131
-5.98017
-5.69613
-5.41021
-5.12353
-4.83723
-4.55257
-4.27096
-3.99403
-3.72346
-3.46073
-3.20647
-2.96087
-2.72422
-2.49695
-2.27944
-2.07199
-1.8748
-1.68791
-1.51127
-1.34457
-1.18759
-1.03933
-0.899802
-0.765668
-0.639466
-0.507981
-0.389806
-0.226328
-0.131879
-9.49678
-9.56835
-9.61815
-9.65554
-9.69164
-9.72671
-9.76289
-9.79826
-9.83247
-9.86405
-9.89231
-9.91592
-9.93388
-9.94511
-9.94878
-9.9455
-9.94341
-9.94434
-9.952
-9.96922
-9.99731
-10.0361
-10.0841
-10.139
-10.1983
-10.26
-10.3225
-10.3848
-10.4461
-10.5056
-10.5622
-10.6146
-10.6617
-10.7025
-10.7365
-10.7635
-10.7834
-10.7961
-10.8012
-10.7987
-10.7882
-10.7697
-10.7429
-10.7077
-10.6641
-10.6119
-10.551
-10.4813
-10.4026
-10.3148
-10.2176
-10.1107
-9.99391
-9.86705
-9.72992
-9.58237
-9.42431
-9.25569
-9.07651
-8.88685
-8.68684
-8.47669
-8.25669
-8.02722
-7.78877
-7.54193
-7.28738
-7.02586
-6.75819
-6.48521
-6.20781
-5.92688
-5.64338
-5.35834
-5.07285
-4.78807
-4.50521
-4.22567
-3.95097
-3.68265
-3.42207
-3.16988
-2.92633
-2.69174
-2.46647
-2.25087
-2.04521
-1.84965
-1.66422
-1.48885
-1.32322
-1.16712
-1.01948
-0.880436
-0.746407
-0.620545
-0.48858
-0.372316
-0.208017
-0.125447
-9.47704
-9.56758
-9.64381
-9.70143
-9.75316
-9.80286
-9.85258
-9.90016
-9.94504
-9.98577
-10.0218
-10.0525
-10.0768
-10.0937
-10.1036
-10.1043
-10.1023
-10.1021
-10.1078
-10.1222
-10.1467
-10.1807
-10.2231
-10.2716
-10.3241
-10.3787
-10.4339
-10.4887
-10.5422
-10.5937
-10.6421
-10.6863
-10.7252
-10.7582
-10.7847
-10.8046
-10.8178
-10.8239
-10.8229
-10.8145
-10.7985
-10.7747
-10.7429
-10.703
-10.6548
-10.5982
-10.5331
-10.4593
-10.3766
-10.2849
-10.1838
-10.0733
-9.953
-9.82276
-9.68241
-9.53182
-9.3709
-9.19962
-9.01798
-8.82609
-8.62408
-8.41218
-8.19069
-7.96001
-7.72065
-7.4732
-7.21835
-6.95685
-6.68951
-6.41719
-6.14075
-5.8611
-5.57919
-5.29604
-5.01271
-4.73034
-4.45013
-4.17341
-3.90161
-3.63617
-3.37833
-3.12873
-2.88769
-2.65552
-2.43255
-2.21912
-2.01545
-1.8217
-1.63786
-1.46388
-1.29942
-1.14428
-0.997371
-0.858912
-0.72517
-0.599831
-0.467859
-0.353701
-0.189984
-0.117999
-9.48424
-9.64718
-9.74404
-9.80457
-9.87067
-9.93366
-9.99118
-10.0442
-10.0928
-10.1357
-10.172
-10.202
-10.2259
-10.2431
-10.2533
-10.2577
-10.2542
-10.2509
-10.2526
-10.2622
-10.2809
-10.3084
-10.3432
-10.3837
-10.4277
-10.4735
-10.5198
-10.5656
-10.6102
-10.6528
-10.6925
-10.7281
-10.7588
-10.7839
-10.8031
-10.816
-10.8224
-10.8222
-10.8151
-10.8009
-10.7794
-10.7504
-10.7136
-10.6689
-10.6162
-10.5554
-10.4862
-10.4085
-10.3222
-10.2271
-10.1229
-10.0093
-9.88624
-9.75343
-9.61072
-9.45799
-9.29514
-9.12215
-8.93904
-8.74591
-8.54291
-8.3303
-8.10838
-7.87757
-7.63838
-7.39142
-7.13736
-6.87696
-6.61103
-6.34039
-6.06593
-5.78852
-5.50911
-5.22869
-4.94831
-4.66906
-4.39211
-4.11874
-3.8503
-3.58812
-3.33335
-3.08664
-2.84834
-2.61875
-2.39822
-2.18703
-1.9854
-1.79346
-1.61123
-1.43863
-1.27531
-1.12112
-0.974936
-0.837073
-0.703692
-0.578938
-0.447259
-0.335201
-0.173021
-0.110114
-9.44132
-9.67792
-9.91061
-9.99531
-10.0874
-10.174
-10.2383
-10.2872
-10.3254
-10.3536
-10.3735
-10.3865
-10.3925
-10.3927
-10.3884
-10.3822
-10.3702
-10.3574
-10.3497
-10.3507
-10.361
-10.3803
-10.407
-10.4394
-10.4754
-10.5133
-10.5516
-10.5897
-10.6266
-10.6617
-10.694
-10.7225
-10.7463
-10.7649
-10.7778
-10.7847
-10.7854
-10.7798
-10.7676
-10.7486
-10.7226
-10.6894
-10.6487
-10.6005
-10.5446
-10.4807
-10.4088
-10.3287
-10.2401
-10.1428
-10.0367
-9.92138
-9.79675
-9.66255
-9.51864
-9.3649
-9.20124
-9.02765
-8.84418
-8.65092
-8.44805
-8.23584
-8.01461
-7.78477
-7.54685
-7.30145
-7.04923
-6.79094
-6.52736
-6.25933
-5.98769
-5.71331
-5.43712
-5.16007
-4.8832
-4.60755
-4.33428
-4.06459
-3.79976
-3.54105
-3.28952
-3.04582
-2.81034
-2.58338
-2.36527
-2.1563
-1.95665
-1.76647
-1.58576
-1.41445
-1.25221
-1.0989
-0.953381
-0.816065
-0.683062
-0.558877
-0.427689
-0.31757
-0.157607
-0.102185
)
;

boundaryField
{
    outlet
    {
        type            fixedValue;
        value           uniform 0;
    }
    inlet
    {
        type            zeroGradient;
    }
    lowerWall
    {
        type            zeroGradient;
    }
    upperWall
    {
        type            zeroGradient;
    }
    frontAndBack
    {
        type            empty;
    }
}


// ************************************************************************* //
