/*--------------------------------*- C++ -*----------------------------------*\
| =========                 |                                                 |
| \\      /  F ield         | OpenFOAM: The Open Source CFD Toolbox           |
|  \\    /   O peration     | Version:  4.1                                   |
|   \\  /    A nd           | Web:      www.OpenFOAM.org                      |
|    \\/     M anipulation  |                                                 |
\*---------------------------------------------------------------------------*/
FoamFile
{
    version     2.0;
    format      ascii;
    class       volScalarField;
    location    "1700";
    object      omega;
}
// * * * * * * * * * * * * * * * * * * * * * * * * * * * * * * * * * * * * * //

dimensions      [0 0 -1 0 0 0 0];

internalField   nonuniform List<scalar> 
6820
(
7254.63
8569.06
9629.25
10283
10668.4
10885.8
10995.8
11034.9
11026.8
10987.3
10927.3
10854.4
10774
10689.7
10604.1
10519.1
10435.8
10355
10277.3
10202.9
10131.9
10064.5
10000.5
9939.92
9882.59
9828.39
9777.15
9728.76
9682.88
9640.08
9596.68
9568.78
9476.74
600.799
1554.22
2092.91
2435.19
2698.34
2895.12
3033.36
3126.97
3188.98
3229.02
3253.96
3268.67
3276.59
3280.08
3280.77
3279.75
3277.78
3275.36
3272.82
3270.38
3268.18
3266.28
3264.73
3263.55
3262.74
3262.29
3262.23
3262.54
3263.31
3264.57
3266.52
3269.1
3274.44
107.108
368.908
596.394
767.386
894.981
993.334
1070.57
1131.54
1179.69
1217.64
1247.46
1270.8
1289.01
1303.19
1314.18
1322.7
1329.28
1334.37
1338.3
1341.35
1343.75
1345.65
1347.2
1348.5
1349.63
1350.67
1351.66
1352.64
1353.66
1354.76
1355.96
1357.3
1358.99
37.6577
108.378
189.201
265.511
332.231
389.334
437.981
479.462
514.908
545.244
571.226
593.485
612.563
628.92
642.954
655.003
665.358
674.268
681.945
688.572
694.303
699.272
703.59
707.355
710.649
713.545
716.102
718.374
720.407
722.243
723.921
725.474
726.95
23.8008
47.5371
77.7008
109.824
141.237
170.722
197.836
222.517
244.874
265.072
283.289
299.703
314.482
327.786
339.761
350.542
360.253
369.004
376.895
384.019
390.455
396.276
401.549
406.331
410.675
414.627
418.229
421.519
424.532
427.3
429.851
432.212
434.419
19.8177
29.4751
42.5079
57.2096
72.4554
87.572
102.186
116.107
129.248
141.581
153.109
163.852
173.844
183.124
191.734
199.716
207.113
213.967
220.316
226.2
231.654
236.711
241.402
245.758
249.804
253.566
257.067
260.328
263.371
266.213
268.873
271.366
273.714
18.4341
22.8152
29.1685
36.6489
44.6826
52.9063
61.0978
69.1228
76.901
84.3847
91.5472
98.3755
104.866
111.022
116.85
122.361
127.566
132.478
137.113
141.483
145.603
149.486
153.148
156.6
159.855
162.926
165.825
168.561
171.147
173.592
175.906
178.097
180.177
17.9115
19.9902
23.3042
27.4134
31.9742
36.7598
41.6266
46.4842
51.2744
55.9589
60.5126
64.9193
69.1693
73.2571
77.1807
80.9402
84.5377
87.9764
91.2605
94.3949
97.3847
100.236
102.953
105.543
108.012
110.365
112.607
114.744
116.783
118.727
120.582
122.352
124.044
17.7059
18.7013
20.4734
22.8216
25.5371
28.4654
31.5039
34.5854
37.6658
40.7152
43.713
46.645
49.5016
52.2762
54.9648
57.5649
60.0756
62.4967
64.829
67.0737
69.2328
71.3081
73.3022
75.2174
77.0563
78.8218
80.5165
82.1432
83.7047
85.2035
86.6425
88.0241
89.351
17.6233
18.0951
19.0401
20.3949
22.0449
23.887
25.8451
27.8668
29.9162
31.9684
34.006
36.0168
37.9918
39.925
41.8118
43.6493
45.4355
47.1692
48.8499
50.4776
52.0526
53.5755
55.0472
56.4686
57.841
59.1657
60.4439
61.677
62.8666
64.0139
65.1205
66.1876
67.2166
17.5896
17.8082
18.3025
19.0753
20.0762
21.243
22.5218
23.8719
25.2637
26.6759
28.0933
29.5047
30.9021
32.2796
33.6328
34.9585
36.2545
37.5192
38.7515
39.9508
41.1168
42.2494
43.3488
44.4153
45.4494
46.4516
47.4226
48.363
49.2735
50.155
51.0082
51.8338
52.6326
17.5758
17.6732
17.924
18.3539
18.9503
19.682
20.5146
21.4186
22.3704
23.3521
24.3503
25.3549
26.3586
27.3555
28.3415
29.3133
30.2685
31.2054
32.1226
33.0192
33.8945
34.7481
35.5799
36.3898
37.1778
37.9442
38.6891
39.4128
40.1158
40.7983
41.4608
42.1038
42.7275
17.5702
17.6104
17.7324
17.9633
18.3084
18.7568
19.2901
19.889
20.5362
21.2175
21.9217
22.6397
23.3649
24.0919
24.8165
25.5356
26.2467
26.9479
27.6377
28.3151
28.9792
29.6294
30.2652
30.8865
31.4929
32.0845
32.6612
33.2232
33.7705
34.3033
34.8218
35.3262
35.8167
17.5678
17.5817
17.6374
17.7559
17.9479
18.2137
18.5461
18.9344
19.3672
19.8343
20.3268
20.8373
21.3597
21.8894
22.4224
22.9557
23.4869
24.014
24.5354
25.0501
25.5569
26.0552
26.5444
27.024
27.4938
27.9536
28.4031
28.8424
29.2714
29.69
30.0985
30.4967
30.8848
17.5669
17.5687
17.5913
17.6483
17.7501
17.9012
18.1009
18.3448
18.6268
18.9402
19.2785
19.6362
20.0084
20.3909
20.7804
21.174
21.5694
21.9647
22.3585
22.7494
23.1365
23.5189
23.8959
24.2672
24.6321
24.9905
25.342
25.6866
26.024
26.3542
26.6771
26.9928
27.3011
17.5665
17.563
17.5695
17.5941
17.6444
17.7258
17.8405
17.9877
18.1651
18.369
18.5955
18.8405
19.1005
19.3722
19.6527
19.9397
20.2311
20.5251
20.8204
21.1156
21.4098
21.7021
21.9918
22.2784
22.5614
22.8405
23.1152
23.3853
23.6508
23.9113
24.1668
24.4172
24.6625
17.5663
17.5605
17.5594
17.5675
17.5897
17.6303
17.6923
17.7769
17.8837
18.0113
18.1577
18.3205
18.4972
18.6856
18.8834
19.0888
19.2999
19.5153
19.7338
19.9541
20.1754
20.3968
20.6176
20.8373
21.0553
21.2713
21.485
21.6959
21.9039
22.1088
22.3104
22.5086
22.7033
17.5662
17.5595
17.5549
17.5548
17.5621
17.5799
17.6107
17.6561
17.7169
17.7929
17.8836
17.9876
18.1036
18.2302
18.3657
18.5089
18.6583
18.8128
18.9713
19.1329
19.2967
19.4619
19.628
19.7944
19.9605
20.1261
20.2906
20.4539
20.6157
20.7757
20.9338
21.0898
21.2435
17.5662
17.559
17.5529
17.5489
17.5487
17.5542
17.5672
17.5891
17.6211
17.6636
17.7166
17.7799
17.8528
17.9345
18.0241
18.1207
18.2233
18.3311
18.4432
18.559
18.6776
18.7985
18.9211
19.045
19.1696
19.2947
19.4198
19.5447
19.6691
19.7928
19.9155
20.0372
20.1576
17.5662
17.5588
17.552
17.5462
17.5424
17.5415
17.5447
17.5532
17.5679
17.5894
17.6181
17.6542
17.6975
17.7477
17.8043
17.8668
17.9347
18.0074
18.0842
18.1648
18.2484
18.3347
18.4233
18.5136
18.6053
18.698
18.7916
18.8857
18.98
19.0743
19.1685
19.2624
19.3558
17.5662
17.5588
17.5516
17.5451
17.5395
17.5354
17.5335
17.5346
17.5394
17.5483
17.562
17.5807
17.6044
17.6332
17.667
17.7055
17.7484
17.7954
17.8462
17.9004
17.9576
18.0175
18.0798
18.1441
18.2101
18.2776
18.3463
18.416
18.4865
18.5576
18.629
18.7006
18.7724
17.5662
17.5587
17.5515
17.5445
17.5381
17.5325
17.5281
17.5253
17.5246
17.5265
17.5312
17.5392
17.5506
17.5656
17.5843
17.6065
17.6322
17.6612
17.6934
17.7286
17.7666
17.807
17.8498
17.8946
17.9413
17.9896
18.0394
18.0905
18.1426
18.1956
18.2494
18.3038
18.3587
17.5662
17.5587
17.5514
17.5443
17.5376
17.5313
17.5256
17.5209
17.5174
17.5153
17.5151
17.517
17.5211
17.5277
17.5369
17.5487
17.5632
17.5804
17.6002
17.6225
17.6471
17.6741
17.7031
17.7342
17.7671
17.8017
17.8378
17.8753
17.914
17.9539
17.9947
18.0364
18.0788
17.5662
17.5587
17.5514
17.5442
17.5373
17.5307
17.5245
17.5189
17.514
17.5101
17.5074
17.506
17.5063
17.5083
17.5122
17.5181
17.5261
17.5363
17.5486
17.563
17.5795
17.5981
17.6186
17.6409
17.665
17.6907
17.718
17.7467
17.7767
17.8079
17.8402
17.8735
17.9077
17.5662
17.5587
17.5514
17.5442
17.5372
17.5306
17.5242
17.5183
17.513
17.5084
17.5048
17.5022
17.501
17.5012
17.503
17.5065
17.5117
17.5189
17.5279
17.5389
17.5517
17.5664
17.5829
17.6012
17.6212
17.6427
17.6657
17.6902
17.716
17.743
17.7711
17.8002
17.8303
17.5662
17.5587
17.5514
17.5442
17.5373
17.5307
17.5244
17.5187
17.5136
17.5094
17.5062
17.5041
17.5034
17.5042
17.5067
17.5108
17.5168
17.5246
17.5343
17.5459
17.5593
17.5746
17.5917
17.6104
17.6308
17.6528
17.6762
17.701
17.727
17.7543
17.7826
17.8119
17.8422
17.5662
17.5587
17.5514
17.5443
17.5376
17.5312
17.5255
17.5205
17.5166
17.5139
17.5127
17.5131
17.5153
17.5194
17.5256
17.5338
17.5442
17.5568
17.5714
17.5881
17.6068
17.6274
17.6498
17.674
17.6998
17.7271
17.7558
17.7858
17.817
17.8493
17.8826
17.9167
17.9517
17.5662
17.5587
17.5515
17.5446
17.5383
17.5328
17.5283
17.5254
17.5242
17.5251
17.5284
17.5344
17.543
17.5544
17.5687
17.5858
17.6056
17.6281
17.6531
17.6805
17.71
17.7417
17.7753
17.8106
17.8475
17.8859
17.9255
17.9663
18.0082
18.0509
18.0944
18.1386
18.1834
17.5662
17.5588
17.5518
17.5455
17.5403
17.5368
17.5355
17.5371
17.542
17.5507
17.5634
17.5803
17.6014
17.6267
17.656
17.689
17.7256
17.7655
17.8084
17.8539
17.902
17.9521
18.0042
18.0579
18.1131
18.1695
18.227
18.2853
18.3443
18.4039
18.4638
18.5241
18.5847
17.5663
17.5591
17.5527
17.548
17.5458
17.5473
17.5535
17.5653
17.5834
17.6079
17.6392
17.677
17.7211
17.771
17.8263
17.8865
17.9509
18.0192
18.0908
18.1651
18.2419
18.3207
18.401
18.4827
18.5654
18.6488
18.7328
18.817
18.9014
18.9857
19.0699
19.1538
19.2372
17.5663
17.5598
17.5555
17.5552
17.5611
17.5751
17.5988
17.6332
17.6786
17.7349
17.8015
17.8776
17.9624
18.0547
18.1535
18.2578
18.3668
18.4796
18.5954
18.7136
18.8335
18.9548
19.0768
19.1992
19.3218
19.4441
19.566
19.6872
19.8076
19.927
20.0452
20.1622
20.278
17.5666
17.5622
17.5642
17.5767
17.6039
17.6486
17.7124
17.7951
17.896
18.0132
18.145
18.289
18.4433
18.606
18.7753
18.9497
19.1279
19.3087
19.4912
19.6745
19.8581
20.0413
20.2236
20.4047
20.5843
20.7619
20.9376
21.111
21.282
21.4505
21.6165
21.7799
21.9405
17.5674
17.5706
17.5924
17.6417
17.7245
17.8427
17.995
18.1778
18.3868
18.6172
18.8646
19.125
19.3951
19.6719
19.953
20.2365
20.5208
20.8047
21.0871
21.3673
21.6445
21.9184
22.1886
22.4546
22.7164
22.9737
23.2264
23.4744
23.7178
23.9564
24.1903
24.4195
24.644
17.5706
17.6016
17.687
17.8408
18.0649
18.3527
18.6933
19.0751
19.4875
19.9213
20.3693
20.8257
21.286
21.7468
22.2053
22.6598
23.1087
23.5511
23.9861
24.4133
24.8323
25.2428
25.6447
26.038
26.4226
26.7986
27.1661
27.5251
27.8759
28.2184
28.553
28.8796
29.1986
17.5854
17.7219
18.012
18.4558
19.0269
19.692
20.4205
21.1884
21.9778
22.7761
23.5742
24.3656
25.1458
25.912
26.6623
27.3959
28.112
28.8104
29.4912
30.1544
30.8003
31.4292
32.0414
32.6374
33.2174
33.782
34.3316
34.8665
35.3873
35.8942
36.3878
36.8683
37.3363
17.6614
18.2163
19.1615
20.3924
21.7983
23.2954
24.8285
26.3633
27.8794
29.3645
30.811
32.214
33.5724
34.8867
36.1579
37.3876
38.5771
39.7282
40.8422
41.9207
42.965
43.9766
44.9566
45.9063
46.8269
47.7195
48.585
49.4246
50.2392
51.0296
51.7968
52.5417
53.265
18.1027
20.3856
23.4853
26.9261
30.4414
33.9034
37.2583
40.4818
43.5648
46.506
49.3034
51.9687
54.5134
56.9472
59.2786
61.5146
63.6615
65.7245
67.7085
69.6178
71.4563
73.2275
74.9347
76.5811
78.1693
79.7021
81.182
82.6114
83.9924
85.3272
86.6178
87.8661
89.0739
21.2182
31.4407
42.4859
53.1245
62.9728
72.0352
80.4369
88.194
95.3421
101.98
108.198
114.053
119.587
124.83
129.807
134.537
139.039
143.329
147.42
151.324
155.054
158.62
162.033
165.3
168.431
171.434
174.315
177.082
179.741
182.299
184.76
187.13
189.415
59.9537
123.961
170.318
207.141
238.336
266.971
293.908
319.086
342.453
364.002
383.806
401.992
418.711
434.116
448.348
461.537
473.799
485.233
495.929
505.963
515.403
524.308
532.729
540.71
548.292
555.509
562.392
568.969
575.263
581.296
587.089
592.657
598.022
1719.4
1778.23
1839.24
1895.41
1945.93
1992.23
2035.28
2075.52
2113.26
2148.7
2182.04
2213.4
2242.93
2270.74
2296.93
2321.61
2344.85
2366.75
2387.37
2406.81
2425.12
2442.37
2458.63
2473.95
2488.38
2501.98
2514.8
2526.88
2538.26
2548.99
2559.1
2568.63
2577.62
9372.75
8892
8341.22
7779.94
7245.1
6750.75
6302.6
5898.88
5534.45
5203.46
4900.86
4622.88
4366.8
4130.66
3912.86
3711.95
3526.58
3355.42
3197.2
3050.76
2915.03
2789.05
2671.89
2562.7
2460.65
2364.98
2274.95
2189.89
2109.19
2032.31
1958.75
1888.08
1819.92
1753.92
1689.81
1627.31
1566.22
1506.36
1447.58
1389.77
1332.85
1276.77
1221.5
1167.04
1113.42
1060.7
1008.94
958.227
908.677
860.402
813.529
768.185
724.499
682.591
642.572
604.538
568.565
534.712
503.01
473.471
446.081
420.804
397.584
376.349
357.009
339.466
323.611
309.331
296.509
285.028
274.775
265.637
257.509
250.289
243.881
238.197
233.153
228.671
224.681
221.117
217.92
215.033
212.409
210.002
207.773
205.686
203.711
201.82
199.991
198.202
196.438
194.682
192.924
191.153
189.36
187.536
185.685
183.773
181.961
179.23
3276.09
3322.82
3382.41
3440.34
3503.95
3571.04
3634.28
3685.25
3717.16
3725.65
3709.02
3667.79
3604.17
3521.49
3423.72
3314.98
3199.25
3080.06
2960.32
2842.19
2727.18
2616.17
2509.62
2407.65
2310.19
2217.07
2128.07
2042.92
1961.35
1883.09
1807.87
1735.41
1665.46
1597.78
1532.17
1468.42
1406.39
1345.94
1286.94
1229.32
1173.02
1118
1064.25
1011.76
960.572
910.721
862.267
815.277
769.831
726.012
683.904
643.589
605.143
568.634
534.116
501.626
471.186
442.799
416.45
392.105
369.713
349.21
330.516
313.543
298.194
284.368
271.959
260.862
250.972
242.187
234.408
227.541
221.498
216.194
211.55
207.494
203.957
200.875
198.189
195.846
193.793
191.986
190.381
188.94
187.63
186.417
185.276
184.181
183.113
182.052
180.983
179.893
178.772
177.609
176.397
175.129
173.809
172.406
171.055
168.961
1361.15
1366.32
1375.38
1387.14
1401.08
1417.33
1436.71
1460.82
1491.27
1528.83
1573.46
1624.2
1679.12
1735.48
1789.96
1839.07
1879.6
1909.01
1925.74
1929.28
1920.13
1899.52
1869.19
1831.04
1786.9
1738.42
1686.96
1633.59
1579.1
1524.1
1469.02
1414.16
1359.75
1305.94
1252.85
1200.55
1149.12
1098.59
1049.01
1000.42
952.844
906.34
860.952
816.732
773.739
732.036
691.692
652.773
615.349
579.486
545.244
512.676
481.827
452.728
425.4
399.847
376.061
354.016
333.678
314.995
297.907
282.345
268.231
255.484
244.018
233.746
224.582
216.44
209.237
202.894
197.333
192.483
188.275
184.646
181.536
178.888
176.649
174.77
173.204
171.907
170.84
169.962
169.24
168.64
168.132
167.689
167.287
166.903
166.519
166.118
165.686
165.209
164.679
164.085
163.422
162.681
161.867
160.955
160.049
158.574
728.59
730.516
732.562
734.647
736.77
739.063
741.761
745.057
749.166
754.64
762.073
772.042
785.048
801.465
821.473
844.982
871.583
900.515
930.684
960.739
989.199
1014.61
1035.69
1051.48
1061.38
1065.18
1063.01
1055.25
1042.49
1025.36
1004.53
980.654
954.305
925.999
896.18
865.225
833.461
801.162
768.569
735.887
703.301
670.971
639.046
607.657
576.928
546.969
517.883
489.764
462.694
436.746
411.984
388.457
366.204
345.252
325.614
307.29
290.27
274.532
260.043
246.763
234.644
223.633
213.673
204.702
196.661
189.486
183.117
177.495
172.562
168.262
164.543
161.354
158.65
156.384
154.515
153.001
151.806
150.892
150.224
149.769
149.494
149.369
149.364
149.452
149.608
149.806
150.026
150.248
150.452
150.625
150.751
150.819
150.818
150.739
150.577
150.323
149.979
149.527
149.042
148.157
436.804
439.413
441.909
444.168
446.113
447.759
449.172
450.448
451.65
452.883
454.289
456.027
458.259
461.152
464.865
469.549
475.327
482.288
490.459
499.794
510.154
521.295
532.877
544.472
555.596
565.746
574.441
581.261
585.878
588.073
587.737
584.869
579.553
571.943
562.241
550.677
537.494
522.937
507.244
490.641
473.343
455.546
437.433
419.17
400.911
382.794
364.943
347.47
330.472
314.035
298.232
283.122
268.753
255.16
242.367
230.387
219.225
208.875
199.323
190.551
182.534
175.242
168.644
162.705
157.389
152.662
148.487
144.828
141.651
138.923
136.612
134.685
133.115
131.872
130.929
130.259
129.836
129.634
129.629
129.795
130.107
130.543
131.077
131.687
132.352
133.049
133.759
134.464
135.146
135.791
136.384
136.912
137.366
137.736
138.014
138.194
138.275
138.24
138.141
137.804
276.274
279.067
281.748
284.257
286.538
288.575
290.382
291.985
293.417
294.708
295.9
297.034
298.15
299.286
300.481
301.771
303.193
304.785
306.58
308.609
310.893
313.441
316.242
319.264
322.445
325.699
328.91
331.941
334.641
336.855
338.432
339.236
339.159
338.118
336.066
332.99
328.904
323.854
317.906
311.144
303.664
295.571
286.972
277.976
268.691
259.219
249.658
240.099
230.625
221.309
212.22
203.413
194.937
186.832
179.129
171.851
165.015
158.63
152.7
147.224
142.195
137.605
133.442
129.693
126.341
123.371
120.764
118.504
116.574
114.954
113.63
112.582
111.796
111.254
110.94
110.838
110.932
111.203
111.636
112.212
112.914
113.723
114.619
115.585
116.602
117.651
118.713
119.773
120.814
121.82
122.777
123.673
124.497
125.237
125.887
126.436
126.885
127.218
127.462
127.619
182.467
184.982
187.416
189.743
191.935
193.976
195.866
197.611
199.221
200.707
202.082
203.359
204.548
205.658
206.692
207.656
208.552
209.382
210.152
210.866
211.531
212.155
212.743
213.303
213.836
214.34
214.807
215.219
215.553
215.777
215.85
215.729
215.37
214.725
213.754
212.422
210.702
208.577
206.041
203.101
199.772
196.078
192.055
187.742
183.183
178.428
173.526
168.526
163.478
158.428
153.421
148.496
143.69
139.035
134.557
130.281
126.223
122.399
118.819
115.49
112.417
109.601
107.041
104.735
102.679
100.868
99.2955
97.955
96.8394
95.9412
95.2527
94.7661
94.4731
94.3656
94.4348
94.6717
95.0667
95.6096
96.2894
97.0941
98.0111
99.0267
100.127
101.296
102.519
103.779
105.062
106.35
107.63
108.885
110.102
111.268
112.37
113.397
114.34
115.189
115.941
116.584
117.119
117.707
125.922
127.997
130.024
131.989
133.877
135.678
137.389
139.01
140.543
141.99
143.356
144.645
145.858
146.996
148.057
149.038
149.935
150.742
151.455
152.07
152.583
152.993
153.301
153.507
153.614
153.626
153.545
153.374
153.115
152.765
152.323
151.781
151.133
150.367
149.474
148.441
147.257
145.913
144.401
142.718
140.863
138.84
136.655
134.321
131.851
129.265
126.582
123.824
121.014
118.177
115.336
112.514
109.732
107.013
104.373
101.829
99.3968
97.0879
94.913
92.8805
90.9969
89.2672
87.6949
86.2821
85.0299
83.9384
83.007
82.2344
81.6189
81.1583
80.8503
80.692
80.6805
80.8123
81.0839
81.4908
82.0284
82.6911
83.4726
84.3656
85.3617
86.4516
87.6249
88.87
90.1747
91.5259
92.9099
94.3127
95.7202
97.1183
98.4932
99.8316
101.121
102.349
103.506
104.58
105.566
106.455
107.225
108.172
90.8329
92.4813
94.1021
95.6885
97.2326
98.7283
100.172
101.563
102.899
104.181
105.41
106.586
107.708
108.776
109.786
110.735
111.617
112.428
113.162
113.812
114.374
114.844
115.217
115.492
115.669
115.746
115.726
115.611
115.403
115.105
114.721
114.252
113.701
113.068
112.353
111.557
110.678
109.717
108.672
107.542
106.33
105.036
103.663
102.217
100.702
99.1266
97.4996
95.831
94.1319
92.4143
90.6903
88.9726
87.2734
85.6049
83.9786
82.4052
80.8947
79.4561
78.0972
76.8251
75.6457
74.564
73.5841
72.7094
71.9424
71.2852
70.7393
70.3055
69.9848
69.7773
69.6833
69.7027
69.8352
70.0803
70.4371
70.9045
71.4807
72.1634
72.9497
73.8357
74.8166
75.8866
77.0387
78.2649
79.556
80.9018
82.2913
83.7127
85.1535
86.6011
88.0424
89.4647
90.8553
92.202
93.4937
94.7187
95.8698
96.9378
97.8858
99.1134
68.3714
69.6625
70.9391
72.1975
73.4332
74.6424
75.8224
76.9715
78.0883
79.1719
80.222
81.2379
82.2185
83.1622
84.0664
84.9279
85.743
86.5072
87.2157
87.8636
88.4461
88.9589
89.3978
89.7598
90.0423
90.2438
90.3637
90.4021
90.3601
90.2393
90.0418
89.7702
89.427
89.0152
88.5374
87.9962
87.3941
86.7335
86.0166
85.2458
84.4235
83.5524
82.6355
81.6764
80.679
79.6479
78.5883
77.5061
76.4074
75.2991
74.1883
73.0822
71.9882
70.9138
69.8661
68.8521
67.8784
66.9511
66.076
65.2583
64.5025
63.8128
63.1928
62.6457
62.1742
61.7806
61.4669
61.235
61.0864
61.0224
61.0443
61.1533
61.3503
61.6363
62.012
62.478
63.0343
63.6808
64.4167
65.2407
66.1505
67.1433
68.2148
69.3602
70.573
71.8462
73.1713
74.539
75.9392
77.361
78.7929
80.2232
81.6399
83.031
84.3854
85.6912
86.9398
88.123
89.1902
90.6199
53.5323
54.5423
55.5456
56.5399
57.5225
58.491
59.4435
60.3784
61.2945
62.1908
63.0665
63.9207
64.7523
65.5597
66.3411
67.094
67.8155
68.5023
69.1509
69.7575
70.3183
70.8296
71.2879
71.6901
72.0335
72.3159
72.5359
72.6925
72.7853
72.8148
72.7816
72.687
72.5329
72.3213
72.0544
71.7348
71.3651
70.948
70.4862
69.9827
69.4402
68.8618
68.2506
67.6098
66.9429
66.2536
65.5457
64.8234
64.091
63.3531
62.6145
61.8799
61.1543
60.4426
59.7496
59.0801
58.4387
57.8296
57.257
56.7247
56.2361
55.7944
55.4026
55.0633
54.7788
54.5513
54.3827
54.275
54.2297
54.2485
54.3331
54.4849
54.7055
54.9964
55.3591
55.7949
56.305
56.8904
57.5517
58.2892
59.1025
59.9906
60.9517
61.9832
63.0815
64.2419
65.4587
66.7251
68.0334
69.3749
70.7402
72.119
73.5009
74.8747
76.2298
77.5546
78.8399
80.0787
81.2105
82.7659
43.4322
44.2258
45.0172
45.8049
46.5871
47.3623
48.1291
48.8863
49.6329
50.3679
51.0906
51.8001
52.4954
53.1753
53.8383
54.4827
55.1063
55.7067
56.2814
56.8276
57.3424
57.823
58.2665
58.6705
59.0324
59.3502
59.6223
59.8471
60.0239
60.1521
60.2317
60.2631
60.2469
60.1844
60.0768
59.926
59.7337
59.5023
59.2339
58.9311
58.5963
58.2322
57.8417
57.4275
56.9927
56.5403
56.0735
55.5956
55.11
54.6201
54.1296
53.6419
53.1606
52.6893
52.2316
51.7908
51.3703
50.9733
50.6028
50.2615
49.9522
49.6773
49.4391
49.2396
49.0808
48.9644
48.8923
48.8659
48.8869
48.9568
49.0772
49.2496
49.4757
49.757
50.0954
50.4924
50.9497
51.4689
52.0512
52.6979
53.4098
54.1871
55.0297
55.9367
56.9065
57.9367
59.0236
60.1631
61.3497
62.577
63.8377
65.1237
66.4261
67.7354
69.042
70.3353
71.6061
72.8486
73.9965
75.6075
36.3724
37
37.6279
38.255
38.8802
39.5025
40.121
40.7346
41.3425
41.9441
42.5385
43.1252
43.7032
44.2717
44.8294
45.3752
45.9074
46.4244
46.9244
47.4052
47.8648
48.301
48.7118
49.0951
49.4488
49.7713
50.061
50.3165
50.5367
50.7209
50.8685
50.9794
51.0537
51.0919
51.0945
51.0627
50.9976
50.9006
50.7734
50.6178
50.4358
50.2295
50.0011
49.7529
49.4875
49.2074
48.915
48.6132
48.3046
47.9921
47.6782
47.366
47.0581
46.7572
46.4662
46.1875
45.9238
45.6773
45.4505
45.2455
45.0642
44.9086
44.7805
44.6814
44.6129
44.5764
44.5732
44.6049
44.6725
44.7776
44.9214
45.1054
45.3311
45.5999
45.9136
46.2738
46.6822
47.1406
47.6506
48.2137
48.8314
49.5047
50.2346
51.0212
51.8645
52.7633
53.7163
54.7209
55.7738
56.8708
58.0066
59.1753
60.37
61.5829
62.8059
64.0298
65.2462
66.4506
67.5743
69.1806
31.3256
31.8248
32.3256
32.8274
33.3295
33.8311
34.3315
34.8299
35.3258
35.8185
36.3076
36.7923
37.272
37.7461
38.2137
38.6737
39.1252
39.5669
39.9975
40.4154
40.8192
41.2073
41.578
41.93
42.2615
42.5712
42.8577
43.1198
43.3567
43.5673
43.7511
43.9077
44.0368
44.1385
44.2131
44.2609
44.2827
44.2794
44.2521
44.2019
44.1303
44.0389
43.9294
43.8035
43.6633
43.5106
43.3475
43.1763
42.9991
42.818
42.6354
42.4534
42.2741
42.0999
41.9328
41.7748
41.628
41.4941
41.3749
41.2722
41.1874
41.122
41.0773
41.0547
41.0552
41.08
41.1301
41.2067
41.3107
41.4433
41.6056
41.7987
42.0239
42.2826
42.5762
42.9062
43.2743
43.682
44.1311
44.6232
45.1599
45.7428
46.3731
47.0519
47.7798
48.5571
49.3833
50.2576
51.1782
52.1427
53.1477
54.1893
55.2623
56.361
57.4789
58.6086
59.7427
60.8782
61.9471
63.5001
27.6522
28.0508
28.452
28.8551
29.2597
29.6653
30.0714
30.4773
30.8826
31.2869
31.6897
32.0904
32.4887
32.8839
33.2755
33.6626
34.0446
34.4205
34.7893
35.1501
35.5017
35.8429
36.1726
36.4896
36.7927
37.0809
37.353
37.6081
37.8453
38.0638
38.2631
38.4426
38.6021
38.7413
38.8603
38.9593
39.0385
39.0985
39.1399
39.1636
39.1706
39.1619
39.1388
39.1026
39.0548
38.997
38.9306
38.8575
38.7794
38.6979
38.6149
38.532
38.4511
38.3739
38.302
38.237
38.1804
38.1338
38.0985
38.0757
38.0666
38.0724
38.094
38.1325
38.1885
38.2631
38.357
38.471
38.6058
38.7624
38.9416
39.1443
39.3716
39.6245
39.9042
40.2121
40.5495
40.918
41.3189
41.7541
42.2249
42.7332
43.2802
43.8674
44.496
45.1668
45.8802
46.6363
47.4346
48.2741
49.1529
50.0684
51.0175
51.9961
52.9994
54.0218
55.057
56.1038
57.097
58.5612
24.9424
25.2613
25.5831
25.9076
26.2343
26.5629
26.893
27.2241
27.5559
27.888
28.22
28.5517
28.8825
29.2121
29.54
29.8657
30.1885
30.5079
30.8231
31.1334
31.4381
31.7361
32.0268
32.3091
32.5823
32.8455
33.0979
33.3387
33.5672
33.7828
33.9848
34.173
34.3469
34.5063
34.6511
34.7812
34.897
34.9986
35.0864
35.1609
35.2229
35.273
35.3123
35.3416
35.362
35.3747
35.381
35.382
35.3793
35.374
35.3676
35.3615
35.3571
35.3556
35.3584
35.3667
35.3818
35.4047
35.4364
35.478
35.5303
35.5941
35.6702
35.7593
35.8619
35.9786
36.1101
36.2569
36.4195
36.5985
36.7946
37.0085
37.2409
37.4928
37.765
38.0586
38.3748
38.7147
39.0798
39.4715
39.8912
40.3404
40.8207
41.3334
41.8799
42.4614
43.0788
43.7328
44.4237
45.1513
45.9149
46.7132
47.5445
48.406
49.2946
50.2062
51.1361
52.0841
52.9898
54.3425
22.9262
23.1809
23.4389
23.6999
23.9637
24.2298
24.4981
24.7682
25.0399
25.3128
25.5867
25.8613
26.1362
26.4111
26.6858
26.9597
27.2326
27.5038
27.773
28.0395
28.3028
28.5623
28.8173
29.0673
29.3116
29.5494
29.7804
30.0037
30.2189
30.4256
30.6232
30.8113
30.9897
31.1581
31.3165
31.4647
31.6027
31.7308
31.8492
31.9582
32.0583
32.15
32.2339
32.3108
32.3815
32.4468
32.5076
32.565
32.6199
32.6735
32.7267
32.7807
32.8364
32.895
32.9574
33.0245
33.0973
33.1767
33.2633
33.3579
33.4611
33.5735
33.6956
33.8278
33.9705
34.1241
34.289
34.4655
34.654
34.8549
35.0685
35.2954
35.5361
35.7913
36.0617
36.348
36.6512
36.9722
37.3123
37.6726
38.0543
38.4588
38.8876
39.3418
39.823
40.3323
40.871
41.4401
42.0401
42.6717
43.3349
44.0292
44.7539
45.5075
46.2881
47.0929
47.9185
48.766
49.5802
50.8103
21.4202
21.6229
21.8289
22.0383
22.2506
22.4658
22.6835
22.9036
23.1258
23.3499
23.5757
23.8029
24.0314
24.2608
24.4909
24.7214
24.9521
25.1825
25.4124
25.6413
25.8688
26.0945
26.3179
26.5386
26.7561
26.97
27.1797
27.3849
27.5852
27.7802
27.9694
28.1528
28.3299
28.5006
28.6648
28.8224
28.9734
29.1179
29.2561
29.3882
29.5145
29.6354
29.7514
29.8629
29.9707
30.0752
30.1773
30.2777
30.3772
30.4765
30.5765
30.6779
30.7817
30.8885
30.999
31.1141
31.2344
31.3604
31.4927
31.6318
31.7781
31.932
32.0937
32.2635
32.4417
32.6284
32.8237
33.0279
33.2412
33.4636
33.6956
33.9373
34.1891
34.4514
34.7247
35.0097
35.307
35.6173
35.9416
36.2808
36.636
37.0083
37.3989
37.8091
38.2401
38.6931
39.1694
39.67
40.1959
40.748
41.3266
41.9321
42.5643
43.2226
43.906
44.613
45.3411
46.0924
46.817
47.923
20.2966
20.4568
20.6205
20.7876
20.9578
21.1311
21.3072
21.4861
21.6675
21.8512
22.0372
22.2252
22.415
22.6064
22.7994
22.9936
23.1888
23.3848
23.5814
23.7783
23.9751
24.1716
24.3675
24.5625
24.7561
24.9481
25.1382
25.3261
25.5114
25.6939
25.8734
26.0495
26.2223
26.3914
26.5569
26.7187
26.8767
27.0311
27.182
27.3295
27.4739
27.6155
27.7546
27.8916
28.027
28.1613
28.295
28.4286
28.5629
28.6983
28.8354
28.975
29.1176
29.2637
29.4139
29.5686
29.7285
29.8938
30.0649
30.2421
30.4256
30.6156
30.8123
31.0156
31.2258
31.4427
31.6664
31.8968
32.1341
32.3783
32.6293
32.8874
33.1527
33.4254
33.7059
33.9945
34.2917
34.5981
34.9144
35.2413
35.5795
35.9302
36.2943
36.6728
37.0668
37.4775
37.906
38.3535
38.8209
39.3091
39.819
40.3511
40.9057
41.4829
42.0824
42.7032
43.3441
44.0075
44.6491
45.6366
19.4642
19.5899
19.719
19.8514
19.9872
20.1262
20.2683
20.4132
20.561
20.7115
20.8646
21.0201
21.1779
21.338
21.5
21.664
21.8297
21.997
22.1657
22.3357
22.5066
22.6784
22.8508
23.0236
23.1965
23.3694
23.542
23.7142
23.8856
24.0562
24.2258
24.3943
24.5615
24.7273
24.8917
25.0547
25.2163
25.3766
25.5357
25.6938
25.8509
26.0075
26.1637
26.3199
26.4764
26.6336
26.792
26.9519
27.1139
27.2783
27.4457
27.6165
27.7911
27.9699
28.1534
28.3418
28.5354
28.7344
28.9392
29.1497
29.366
29.5883
29.8164
30.0503
30.2899
30.535
30.7856
31.0415
31.3025
31.5686
31.8397
32.1157
32.3966
32.6825
32.9736
33.2701
33.5723
33.8805
34.1952
34.5169
34.8464
35.1844
35.5316
35.889
36.2574
36.6379
37.0315
37.4392
37.862
38.3008
38.7566
39.2301
39.7219
40.2324
40.7616
41.3095
41.8752
42.4617
43.0294
43.9092
18.8562
18.954
19.0552
19.1598
19.2678
19.3789
19.4933
19.6108
19.7312
19.8546
19.9809
20.11
20.2417
20.376
20.5128
20.652
20.7935
20.9373
21.0831
21.2308
21.3804
21.5317
21.6845
21.8388
21.9944
22.1511
22.3089
22.4676
22.627
22.7872
22.9479
23.1091
23.2708
23.433
23.5955
23.7586
23.9221
24.0863
24.2511
24.4168
24.5835
24.7515
24.921
25.0922
25.2655
25.4412
25.6196
25.801
25.9859
26.1745
26.3672
26.5643
26.7662
26.973
27.1852
27.4028
27.626
27.8549
28.0895
28.3299
28.5761
28.8278
29.0849
29.3473
29.6147
29.8868
30.1635
30.4444
30.7292
31.0178
31.3098
31.6052
31.9038
32.2056
32.5104
32.8184
33.1297
33.4446
33.7632
34.0861
34.4136
34.7464
35.085
35.4301
35.7826
36.1433
36.5129
36.8926
37.2831
37.6853
38.1003
38.5287
38.9713
39.4287
39.9014
40.3895
40.8928
41.4144
41.9189
42.7049
18.4233
18.4993
18.5786
18.6613
18.7472
18.8365
18.929
19.0247
19.1235
19.2254
19.3305
19.4385
19.5495
19.6633
19.7801
19.8996
20.0219
20.1468
20.2744
20.4045
20.5371
20.672
20.8093
20.9489
21.0906
21.2344
21.3803
21.5282
21.678
21.8297
21.9832
22.1387
22.2959
22.4551
22.6162
22.7793
22.9444
23.1117
23.2813
23.4534
23.6282
23.8057
23.9864
24.1704
24.3579
24.5493
24.7448
24.9448
25.1494
25.359
25.5739
25.7942
26.0201
26.2519
26.4898
26.7337
26.9837
27.2398
27.502
27.7702
28.0441
28.3236
28.6083
28.898
29.1924
29.491
29.7935
30.0996
30.4087
30.7206
31.0349
31.3514
31.6697
31.9896
32.3111
32.634
32.9583
33.2841
33.6115
33.9408
34.2722
34.6062
34.9432
35.2838
35.6285
35.9782
36.3334
36.695
37.0638
37.4407
37.8264
38.2218
38.6277
39.0448
39.4737
39.9147
40.3681
40.8372
41.2895
41.9975
18.1292
18.189
18.252
18.3183
18.3879
18.4607
18.5368
18.6161
18.6987
18.7845
18.8735
18.9657
19.0611
19.1597
19.2613
19.3661
19.4739
19.5848
19.6987
19.8156
19.9355
20.0583
20.1841
20.3127
20.4443
20.5787
20.7159
20.856
20.999
21.1449
21.2936
21.4453
21.6
21.7577
21.9186
22.0827
22.2502
22.4211
22.5958
22.7742
22.9567
23.1434
23.3345
23.5303
23.731
23.9369
24.1482
24.3652
24.588
24.817
25.0523
25.294
25.5424
25.7974
26.0593
26.328
26.6034
26.8854
27.1739
27.4688
27.7696
28.0762
28.388
28.7049
29.0262
29.3515
29.6803
30.0122
30.3467
30.6832
31.0214
31.3608
31.701
32.0417
32.3827
32.7237
33.0646
33.4053
33.7458
34.0863
34.4268
34.7677
35.1093
35.4519
35.7961
36.1424
36.4914
36.8437
37.2001
37.5613
37.9281
38.3012
38.6815
39.0696
39.4664
39.8723
40.2877
40.716
41.1273
41.7733
17.9486
17.9976
18.0498
18.1052
18.1637
18.2255
18.2905
18.3589
18.4305
18.5054
18.5837
18.6652
18.7501
18.8383
18.9299
19.0248
19.123
19.2246
19.3295
19.4378
19.5495
19.6645
19.7829
19.9047
20.03
20.1588
20.291
20.4268
20.5662
20.7093
20.8561
21.0067
21.1613
21.3199
21.4826
21.6496
21.8211
21.9971
22.178
22.3639
22.5549
22.7514
22.9535
23.1614
23.3755
23.596
23.823
24.0568
24.2976
24.5456
24.8009
25.0637
25.3341
25.612
25.8976
26.1907
26.4912
26.7991
27.1139
27.4355
27.7634
28.0974
28.437
28.7815
29.1306
29.4837
29.8401
30.1994
30.5608
30.9239
31.288
31.6526
32.0173
32.3817
32.7452
33.1076
33.4687
33.8282
34.1861
34.5423
34.8968
35.2499
35.6016
35.9522
36.3022
36.6519
37.0018
37.3525
37.7046
38.0587
38.4156
38.7759
39.1405
39.51
39.8852
40.2668
40.6552
41.0543
41.4351
42.0351
17.8665
17.9101
17.9568
18.0067
18.0596
18.1159
18.1753
18.2381
18.3041
18.3736
18.4464
18.5226
18.6023
18.6854
18.772
18.8621
18.9558
19.053
19.1538
19.2583
19.3664
19.4782
19.5938
19.7132
19.8365
19.9637
20.095
20.2304
20.37
20.5139
20.6622
20.815
20.9726
21.135
21.3024
21.475
21.6529
21.8364
22.0257
22.2209
22.4224
22.6304
22.8451
23.0667
23.2955
23.5317
23.7756
24.0273
24.2871
24.5551
24.8315
25.1162
25.4095
25.7112
26.0214
26.3399
26.6666
27.0012
27.3435
27.6931
28.0496
28.4124
28.7812
29.1553
29.534
29.9168
30.303
30.6918
31.0827
31.4749
31.8678
32.2607
32.653
33.0442
33.4338
33.8214
34.2066
34.589
34.9686
35.345
35.7183
36.0885
36.4557
36.82
37.1817
37.541
37.8985
38.2545
38.6097
38.9644
39.3195
39.6755
40.0332
40.3933
40.7567
41.124
41.4957
41.8759
42.2362
42.8061
17.8786
17.9224
17.9692
18.0192
18.0723
18.1286
18.1881
18.251
18.3172
18.3868
18.4598
18.5363
18.6163
18.6998
18.787
18.8777
18.9722
19.0703
19.1722
19.278
19.3877
19.5013
19.619
19.7408
19.8668
19.9972
20.132
20.2714
20.4155
20.5644
20.7183
20.8774
21.0418
21.2117
21.3874
21.569
21.7568
21.951
22.1518
22.3595
22.5744
22.7967
23.0266
23.2645
23.5106
23.7651
24.0282
24.3002
24.5813
24.8715
25.1711
25.4801
25.7984
26.1262
26.4633
26.8095
27.1647
27.5286
27.9008
28.2809
28.6685
29.063
29.4638
29.8703
30.2817
30.6974
31.1165
31.5384
31.9622
32.3871
32.8124
33.2373
33.6612
34.0834
34.5033
34.9204
35.3341
35.7441
36.15
36.5516
36.9487
37.3413
37.7293
38.1129
38.4921
38.8672
39.2386
39.6065
39.9716
40.3342
40.695
41.0545
41.4136
41.773
42.1333
42.4956
42.8602
43.2317
43.581
44.1362
17.9934
18.0434
18.0963
18.1524
18.2117
18.2742
18.3399
18.409
18.4814
18.5573
18.6366
18.7194
18.8058
18.8957
18.9893
19.0866
19.1876
19.2925
19.4013
19.5141
19.6309
19.7519
19.8772
20.0068
20.141
20.2798
20.4233
20.5718
20.7255
20.8844
21.0488
21.2188
21.3948
21.5769
21.7654
21.9605
22.1625
22.3717
22.5883
22.8126
23.0449
23.2855
23.5346
23.7927
24.0599
24.3364
24.6226
24.9186
25.2247
25.5409
25.8675
26.2043
26.5516
26.9092
27.2769
27.6548
28.0424
28.4394
28.8456
29.2604
29.6832
30.1136
30.5507
30.994
31.4426
31.8957
32.3524
32.812
33.2735
33.736
34.1987
34.6607
35.1213
35.5796
36.035
36.4868
36.9344
37.3773
37.8151
38.2475
38.6741
39.0949
39.5096
39.9184
40.3213
40.7185
41.1102
41.4968
41.8786
42.2562
42.6301
43.0009
43.3693
43.7361
44.1021
44.4683
44.8351
45.2077
45.5551
46.1114
18.2363
18.2989
18.3646
18.4335
18.5057
18.5811
18.6598
18.7418
18.8272
18.916
19.0083
19.1042
19.2035
19.3065
19.4132
19.5236
19.6379
19.756
19.8782
20.0044
20.1348
20.2695
20.4087
20.5524
20.7009
20.8542
21.0127
21.1764
21.3455
21.5204
21.7011
21.8881
22.0814
22.2815
22.4885
22.7028
22.9246
23.1543
23.3922
23.6386
23.8939
24.1582
24.4321
24.7157
25.0094
25.3134
25.6281
25.9536
26.2901
26.6378
26.9968
27.3671
27.7489
28.1419
28.546
28.9612
29.387
29.8231
30.2691
30.7246
31.1888
31.6611
32.1408
32.6272
33.1192
33.6162
34.117
34.6207
35.1264
35.6331
36.1398
36.6456
37.1495
37.6506
38.1482
38.6415
39.1297
39.6123
40.0888
40.5587
41.0216
41.4773
41.9257
42.3667
42.8003
43.2266
43.6459
44.0584
44.4645
44.8646
45.2594
45.6495
46.0356
46.4184
46.799
47.1783
47.5569
47.9408
48.2958
48.8701
18.6555
18.7384
18.8245
18.9139
19.0066
19.1026
19.2019
19.3046
19.4107
19.5202
19.6332
19.7497
19.8698
19.9935
20.1209
20.2521
20.3871
20.5261
20.6691
20.8163
20.9678
21.1238
21.2843
21.4496
21.6198
21.7951
21.9758
22.1621
22.3542
22.5523
22.7568
22.9679
23.1859
23.4112
23.6441
23.8848
24.1338
24.3913
24.6578
24.9337
25.2192
25.5147
25.8206
26.1372
26.4649
26.804
27.1546
27.5172
27.8918
28.2787
28.678
29.0897
29.5138
29.9502
30.3989
30.8595
31.3318
31.8154
32.3097
32.8143
33.3284
33.8514
34.3824
34.9206
35.465
36.0146
36.5683
37.1252
37.6841
38.244
38.8036
39.362
39.9182
40.471
41.0197
41.5633
42.101
42.6321
43.1559
43.6721
44.18
44.6794
45.1701
45.6519
46.1249
46.589
47.0445
47.4917
47.9309
48.3627
48.7876
49.2062
49.6195
50.0282
50.4335
50.8364
51.2377
51.6445
52.0176
52.6298
19.3341
19.4466
19.5623
19.6814
19.8038
19.9296
20.0588
20.1913
20.3273
20.4667
20.6096
20.756
20.906
21.0596
21.2169
21.3781
21.5431
21.7121
21.8853
22.0627
22.2445
22.4309
22.6221
22.8182
23.0194
23.226
23.4383
23.6564
23.8808
24.1116
24.3492
24.5939
24.8461
25.1062
25.3744
25.6512
25.9369
26.2321
26.537
26.8521
27.1778
27.5144
27.8625
28.2223
28.5943
28.9786
29.3758
29.786
30.2094
30.6463
31.0968
31.5608
32.0385
32.5297
33.0342
33.5519
34.0823
34.625
35.1795
35.7451
36.3212
36.907
37.5014
38.1037
38.7126
39.3273
39.9463
40.5687
41.1932
41.8185
42.4435
43.0669
43.6877
44.3045
44.9165
45.5226
46.1218
46.7135
47.2968
47.8711
48.4359
48.9908
49.5355
50.0699
50.5938
51.1075
51.611
52.1046
52.5887
53.064
53.531
53.9905
54.4433
54.8907
55.3337
55.7738
56.2116
56.6565
57.061
57.737
20.4114
20.5651
20.7223
20.8828
21.0468
21.2141
21.3848
21.5589
21.7364
21.9174
22.1019
22.2899
22.4816
22.6769
22.8759
23.0788
23.2857
23.4967
23.7118
23.9314
24.1555
24.3844
24.6182
24.8572
25.1016
25.3517
25.6078
25.8702
26.1392
26.4152
26.6984
26.9894
27.2885
27.5961
27.9126
28.2385
28.5742
28.9202
29.277
29.6449
30.0244
30.416
30.8202
31.2373
31.6678
32.112
32.5703
33.043
33.5302
34.0323
34.5492
35.0812
35.6281
36.19
36.7664
37.3573
37.9622
38.5806
39.212
39.8555
40.5105
41.1761
41.8512
42.5348
43.2257
43.9228
44.6247
45.3302
46.0378
46.7463
47.4543
48.1604
48.8634
49.562
50.255
50.9413
51.6198
52.2896
52.9499
53.5999
54.2391
54.8671
55.4833
56.0877
56.6801
57.2607
57.8296
58.3872
58.9338
59.4703
59.9972
60.5156
61.0266
61.5313
62.0313
62.5286
63.0234
63.5285
63.9837
64.7622
22.1249
22.3361
22.5507
22.7687
22.9902
23.2151
23.4434
23.6751
23.9102
24.1488
24.391
24.6367
24.8861
25.1392
25.3962
25.6571
25.9221
26.1913
26.4648
26.743
27.0259
27.3138
27.6069
27.9056
28.21
28.5205
28.8375
29.1613
29.4922
29.8307
30.1772
30.5321
30.8959
31.269
31.652
32.0454
32.4495
32.8651
33.2925
33.7324
34.1851
34.6513
35.1314
35.6259
36.1353
36.6598
37.2001
37.7562
38.3286
38.9175
39.5229
40.1449
40.7835
41.4387
42.1101
42.7974
43.5002
44.2181
44.9502
45.6959
46.4542
47.2243
48.005
48.7951
49.5934
50.3985
51.2091
52.0237
52.8408
53.659
54.4768
55.2926
56.1051
56.9128
57.7145
58.5088
59.2946
60.0708
60.8364
61.5907
62.3329
63.0624
63.779
64.4822
65.1721
65.8486
66.5121
67.1628
67.8015
68.4289
69.0459
69.6537
70.2537
70.8474
71.4368
72.0245
72.6105
73.2128
73.751
74.6961
24.9005
25.1931
25.4891
25.7886
26.0914
26.3976
26.7073
27.0204
27.3369
27.657
27.9806
28.3079
28.6389
28.9737
29.3125
29.6554
30.0024
30.3539
30.71
31.071
31.437
31.8083
32.1852
32.5681
32.9572
33.353
33.7558
34.166
34.5842
35.0107
35.446
35.8906
36.3452
36.8101
37.2861
37.7736
38.2733
38.7857
39.3114
39.8511
40.4052
40.9745
41.5594
42.1605
42.7783
43.4132
44.0657
44.7361
45.4248
46.1319
46.8577
47.6021
48.3652
49.1469
49.9469
50.7648
51.6003
52.4527
53.3213
54.2054
55.104
56.0161
56.9405
57.876
58.8213
59.7749
60.7354
61.7012
62.6708
63.6425
64.6148
65.5861
66.5546
67.519
68.4776
69.429
70.372
71.3051
72.2273
73.1376
74.0351
74.9191
75.7892
76.6449
77.4861
78.3129
79.1256
79.9246
80.7108
81.485
82.2486
83.0031
83.7502
84.4922
85.2314
85.9716
86.7123
87.48
88.16
89.3887
29.5619
29.9747
30.3908
30.8103
31.2331
31.6592
32.0887
32.5215
32.9577
33.3975
33.8407
34.2877
34.7384
35.193
35.6516
36.1144
36.5816
37.0534
37.53
38.0117
38.4988
38.9917
39.4905
39.9958
40.508
41.0274
41.5546
42.09
42.6341
43.1876
43.751
44.3248
44.9098
45.5065
46.1156
46.7379
47.3739
48.0244
48.69
49.3715
50.0695
50.7847
51.5178
52.2693
53.0399
53.8301
54.6404
55.4713
56.3231
57.1962
58.0907
59.0069
59.9447
60.9042
61.8851
62.8873
63.9103
64.9537
66.0169
67.0991
68.1996
69.3173
70.4514
71.6005
72.7634
73.9388
75.1252
76.3212
77.5249
78.7349
79.9492
81.1662
82.384
83.6007
84.8146
86.0238
87.2266
88.4213
89.6065
90.7807
91.9427
93.0915
94.2262
95.3462
96.4514
97.5416
98.6171
99.6786
100.727
101.763
102.79
103.808
104.82
105.829
106.839
107.855
108.874
109.939
110.874
112.604
37.8675
38.4695
39.0744
39.6822
40.2928
40.9064
41.5229
42.1423
42.7649
43.3905
44.0194
44.6516
45.2873
45.9266
46.5697
47.2169
47.8683
48.5243
49.185
49.8509
50.5223
51.1996
51.8832
52.5737
53.2714
53.977
54.691
55.414
56.1467
56.8897
57.6437
58.4096
59.188
59.9797
60.7856
61.6065
62.4431
63.2965
64.1674
65.0566
65.9652
66.8939
67.8436
68.8151
69.8092
70.8268
71.8685
72.9352
74.0276
75.1462
76.2916
77.4645
78.6652
79.8942
81.1519
82.4385
83.7541
85.0989
86.4728
87.8757
89.3074
90.7673
92.255
93.7698
95.3106
96.8764
98.4658
100.077
101.709
103.359
105.025
106.705
108.396
110.095
111.8
113.508
115.215
116.919
118.617
120.308
121.987
123.654
125.307
126.944
128.564
130.168
131.754
133.324
134.878
136.418
137.946
139.463
140.973
142.48
143.988
145.503
147.021
148.608
149.986
152.557
54.0836
55.0081
55.9339
56.861
57.7892
58.7188
59.6495
60.5816
61.5151
62.4501
63.3868
64.3252
65.2657
66.2082
67.1533
68.101
69.0518
70.006
70.9639
71.9261
72.893
73.8652
74.8433
75.8278
76.8195
77.8192
78.8275
79.8454
80.8737
81.9134
82.9655
84.0311
85.1111
86.2069
87.3196
88.4504
89.6008
90.7719
91.9654
93.1827
94.4253
95.6948
96.9929
98.3214
99.6821
101.077
102.507
103.976
105.485
107.035
108.63
110.271
111.961
113.702
115.495
117.344
119.249
121.212
123.236
125.32
127.467
129.677
131.949
134.283
136.679
139.133
141.645
144.211
146.826
149.488
152.19
154.927
157.694
160.483
163.289
166.103
168.92
171.733
174.535
177.321
180.085
182.821
185.526
188.195
190.825
193.415
195.961
198.464
200.922
203.335
205.705
208.033
210.321
212.572
214.789
216.981
219.138
221.347
223.237
226.651
90.4354
91.9667
93.4934
95.0154
96.5327
98.0454
99.5535
101.057
102.557
104.053
105.545
107.035
108.521
110.006
111.488
112.97
114.451
115.933
117.416
118.901
120.389
121.882
123.38
124.885
126.399
127.922
129.458
131.007
132.572
134.154
135.757
137.383
139.035
140.714
142.426
144.173
145.958
147.786
149.661
151.587
153.568
155.61
157.718
159.896
162.152
164.489
166.916
169.436
172.058
174.787
177.628
180.588
183.673
186.888
190.238
193.725
197.355
201.129
205.047
209.11
213.315
217.66
222.139
226.744
231.468
236.3
241.227
246.235
251.309
256.431
261.585
266.751
271.91
277.044
282.133
287.158
292.103
296.951
301.685
306.292
310.759
315.075
319.229
323.214
327.022
330.648
334.087
337.336
340.393
343.258
345.931
348.413
350.709
352.822
354.76
356.532
358.14
359.635
360.845
362.719
191.978
194.848
197.697
200.526
203.335
206.127
208.903
211.664
214.413
217.151
219.88
222.603
225.321
228.039
230.757
233.48
236.211
238.952
241.709
244.484
247.282
250.108
252.968
255.865
258.806
261.798
264.846
267.957
271.14
274.401
277.749
281.192
284.74
288.401
292.187
296.105
300.168
304.385
308.768
313.328
318.074
323.019
328.172
333.544
339.146
344.985
351.071
357.409
364.007
370.868
377.995
385.387
393.043
400.957
409.121
417.524
426.151
434.983
443.998
453.169
462.466
471.854
481.297
490.752
500.177
509.524
518.745
527.792
536.615
545.165
553.396
561.262
568.722
575.736
582.272
588.301
593.797
598.744
603.128
606.942
610.182
612.852
614.958
616.511
617.527
618.022
618.019
617.542
616.615
615.268
613.531
611.434
609.011
606.296
603.326
600.129
596.778
593.149
589.976
584.142
604.029
610.758
617.446
624.1
630.728
637.338
643.938
650.537
657.143
663.765
670.412
677.092
683.815
690.59
697.427
704.335
711.326
718.408
725.593
732.891
740.313
747.869
755.572
763.432
771.46
779.666
788.062
796.657
805.461
814.484
823.733
833.218
842.944
852.918
863.144
873.625
884.364
895.361
906.614
918.12
929.873
941.865
954.086
966.523
979.159
991.976
1004.95
1018.06
1031.27
1044.55
1057.86
1071.17
1084.42
1097.56
1110.55
1123.32
1135.82
1147.98
1159.73
1170.99
1181.71
1191.79
1201.18
1209.78
1217.54
1224.38
1230.24
1235.05
1238.75
1241.31
1242.68
1242.84
1241.76
1239.45
1235.9
1231.15
1225.22
1218.16
1210.04
1200.9
1190.85
1179.97
1168.35
1156.09
1143.3
1130.09
1116.56
1102.82
1088.98
1075.12
1061.35
1047.74
1034.39
1021.36
1008.73
996.551
984.902
973.663
963.868
949.213
2587.45
2598.14
2608.41
2618.25
2627.65
2636.61
2645.13
2653.2
2660.83
2668
2674.72
2680.99
2686.81
2692.16
2697.06
2701.51
2705.49
2709.01
2712.07
2714.66
2716.79
2718.46
2719.65
2720.38
2720.63
2720.41
2719.7
2718.52
2716.84
2714.67
2712
2708.83
2705.14
2700.94
2696.2
2690.93
2685.12
2678.75
2671.83
2664.33
2656.25
2647.58
2638.31
2628.44
2617.96
2606.86
2595.14
2582.79
2569.82
2556.24
2542.03
2527.22
2511.82
2495.84
2479.31
2462.25
2444.69
2426.68
2408.25
2389.46
2370.37
2351.03
2331.52
2311.9
2292.26
2272.68
2253.25
2234.05
2215.17
2196.69
2178.71
2161.28
2144.49
2128.4
2113.06
2098.51
2084.78
2071.89
2059.84
2048.62
2038.21
2028.58
2019.69
2011.49
2003.92
1996.91
1990.41
1984.35
1978.65
1973.26
1968.12
1963.14
1958.3
1953.51
1948.75
1943.93
1939.11
1933.86
1929.58
1920.79
1184.13
289.335
302.46
311.305
314.399
313.326
310.396
306.401
302.5
298.532
294.616
276.192
338.104
303.696
503.048
636.544
741.523
828.33
902.781
968.221
1026.66
1079.33
1127.06
1170.48
1210.12
1246.5
1280.11
1311.38
1340.73
1368.51
1394.99
1420.4
1444.93
1468.68
1491.78
1514.29
1536.33
1557.99
1579.41
1600.71
1621.56
1642.02
1662.1
1681.78
1701.02
1719.78
1737.99
1755.59
1772.52
1788.71
1804.07
1818.55
1832.04
1844.48
1855.78
1865.85
1874.62
1882
1887.93
1892.33
1895.13
1896.31
1895.8
1893.58
1889.65
1884.01
1876.7
1867.75
1857.28
1845.68
1834.64
1829.29
1827.28
1824.65
1820.82
1815.82
1809.79
1802.85
1795.11
1786.67
1777.62
1768.03
1757.98
1747.55
1736.8
1725.8
1714.62
1703.31
1691.92
1680.52
1669.14
1657.84
1646.67
1635.67
1624.93
1614.51
1604.56
1595.28
1587.13
1580.1
1220.28
652.56
355.144
226.766
174.048
158.018
166.293
185.406
214.866
271.706
345.728
415.33
481.875
539.908
608.783
646.54
667.426
676.621
678.664
676.78
673.204
669.373
666.139
663.942
662.944
663.123
664.354
666.461
669.249
672.534
676.154
679.982
683.922
687.924
691.984
696.162
700.596
705.507
711.11
717.255
723.427
729.46
735.347
741.073
746.626
751.99
757.151
762.093
766.799
771.251
775.43
779.316
782.888
786.124
789.002
791.498
793.59
795.255
796.472
797.222
797.487
797.248
796.491
795.206
793.389
791.04
788.162
784.77
780.904
776.686
772.383
768.316
764.412
760.453
756.281
751.849
747.158
742.231
737.096
731.78
726.313
720.719
715.022
709.245
703.406
697.525
691.616
685.695
679.774
673.863
667.972
662.108
656.273
650.468
644.691
638.907
633.14
627.019
621.598
609.86
1271.22
450.487
195.222
138.674
127.217
131.007
159.697
218.377
295.866
375.59
440.165
490.067
524.527
546.103
548.913
541.565
529.481
516.131
504.183
495.109
489.415
486.928
487.119
489.343
493.004
497.626
502.861
508.478
514.33
520.333
526.439
532.627
538.891
545.233
551.655
558.147
564.674
571.149
577.449
583.811
590.163
596.469
602.709
608.866
614.921
620.853
626.643
632.266
637.697
642.908
647.869
652.547
656.907
660.914
664.53
667.715
670.431
672.64
674.307
675.397
675.883
675.74
674.949
673.499
671.388
668.62
665.207
661.172
656.545
651.376
645.737
639.737
633.466
626.957
620.211
613.24
606.069
598.734
591.275
583.731
576.136
568.525
560.925
553.362
545.858
538.431
531.096
523.865
516.748
509.75
502.877
496.131
489.51
483.009
476.622
470.323
464.112
457.78
451.97
441.834
1316.41
309.202
192.709
162.631
162.643
188.985
240.183
306.91
373.041
424.819
457.906
476.235
481.329
475.473
461.589
447.354
434.614
424.921
419.003
416.843
417.946
421.605
427.104
433.83
441.315
449.232
457.369
465.599
473.856
482.11
490.356
498.599
506.852
515.123
523.415
531.718
540.004
548.218
556.397
564.572
572.727
580.845
588.908
596.895
604.78
612.534
620.124
627.515
634.667
641.535
648.071
654.226
659.945
665.172
669.849
673.918
677.321
680.005
681.918
683.015
683.259
682.621
681.084
678.643
675.302
671.079
666.007
660.125
653.487
646.155
638.201
629.712
620.79
611.517
601.962
592.184
582.243
572.199
562.107
552.02
541.983
532.037
522.217
512.55
503.061
493.769
484.686
475.824
467.188
458.783
450.608
442.66
434.935
427.424
420.116
412.988
406.033
399.109
392.708
382.75
1360.26
301.891
218.585
209.501
225.341
260.938
308.299
355.799
393.5
417.086
428.041
429.537
423.714
413.224
401.657
392.066
385.159
381.506
381.183
383.902
389.174
396.444
405.186
414.941
425.344
436.12
447.074
458.08
469.065
479.994
490.858
501.661
512.417
523.137
533.829
544.488
555.096
565.649
576.151
586.602
596.992
607.306
617.524
627.617
637.55
647.283
656.77
665.958
674.791
683.204
691.132
698.502
705.24
711.268
716.509
720.887
724.329
726.768
728.144
728.409
727.527
725.475
722.246
717.853
712.322
705.699
698.043
689.429
679.941
669.676
658.735
647.227
635.268
622.965
610.418
597.717
584.945
572.177
559.482
546.919
534.54
522.386
510.492
498.887
487.59
476.617
465.975
455.672
445.706
436.076
426.776
417.798
409.13
400.759
392.669
384.837
377.248
369.794
362.908
352.773
1400.43
311.247
251.847
253.381
273.271
303.178
334.648
360.83
378.551
388.025
391.012
389.013
383.466
376.359
369.777
365.01
362.656
363.092
366.377
372.332
380.625
390.847
402.569
415.385
428.935
442.925
457.13
471.39
485.6
499.701
513.666
527.49
541.179
554.744
568.195
581.538
594.766
607.871
620.846
633.678
646.352
658.849
671.138
683.183
694.936
706.344
717.344
727.865
737.832
747.162
755.767
763.555
770.433
776.307
781.085
784.68
787.013
788.016
787.633
785.827
782.579
777.891
771.784
764.305
755.518
745.509
734.381
722.248
709.238
695.482
681.117
666.279
651.102
635.712
620.223
604.738
589.35
574.136
559.167
544.499
530.178
516.24
502.712
489.614
476.957
464.746
452.984
441.664
430.78
420.322
410.275
400.625
391.354
382.443
373.872
365.613
357.651
349.887
342.738
332.5
1439.76
324.278
278.037
280.609
295.024
313.857
331.741
346.187
356.644
363.328
366.493
366.48
364.223
361.169
358.713
357.797
359.055
362.864
369.347
378.418
389.833
403.253
418.286
434.531
451.615
469.21
487.053
504.942
522.735
540.341
557.709
574.813
591.646
608.222
624.554
640.638
656.466
672.025
687.297
702.261
716.892
731.157
745.016
758.418
771.303
783.601
795.231
806.106
816.132
825.208
833.23
840.092
845.69
849.923
852.698
853.931
853.556
851.521
847.798
842.381
835.291
826.573
816.301
804.57
791.501
777.229
761.907
745.695
728.76
711.267
693.379
675.248
657.021
638.827
620.78
602.979
585.507
568.432
551.808
535.678
520.072
505.011
490.505
476.559
463.17
450.332
438.032
426.255
414.985
404.201
393.882
384.007
374.552
365.492
356.803
348.456
340.433
332.641
325.486
315.383
1483
335.184
292.847
289.8
296.278
307.913
321.354
334.691
346.519
355.813
362.081
365.561
367.198
368.25
369.871
372.927
378.036
385.562
395.657
408.281
423.243
440.242
458.907
478.843
499.662
521.014
542.6
564.181
585.578
606.662
627.354
647.604
667.411
686.766
705.659
724.078
742.009
759.43
776.314
792.628
808.335
823.389
837.733
851.303
864.025
875.812
886.57
896.2
904.594
911.643
917.237
921.271
923.644
924.269
923.071
919.995
915.008
908.106
899.31
888.671
876.273
862.227
846.671
829.764
811.686
792.627
772.785
752.358
731.539
710.512
689.447
668.498
647.8
627.468
607.598
588.264
569.525
551.423
533.986
517.229
501.158
485.771
471.058
457.004
443.589
430.792
418.586
406.948
395.848
385.26
375.156
365.508
356.289
347.47
339.025
330.922
323.145
315.604
308.694
298.998
1529.65
340.92
295.79
286.783
292.521
308.513
328.775
349.136
367.076
381.464
392.242
400.118
406.211
411.757
417.805
425.168
434.426
445.933
459.849
476.157
494.695
515.188
537.287
560.608
584.76
609.379
634.144
658.785
683.092
706.898
730.111
752.674
774.533
795.652
816.006
835.568
854.314
872.211
889.223
905.304
920.405
934.464
947.417
959.185
969.683
978.819
986.493
992.602
997.042
999.712
1000.52
999.37
996.204
990.968
983.635
974.205
962.712
949.217
933.817
916.643
897.852
877.631
856.185
833.736
810.514
786.749
762.666
738.479
714.384
690.556
667.149
644.291
622.085
600.612
579.929
560.072
541.063
522.906
505.594
489.111
473.435
458.536
444.382
430.94
418.172
406.043
394.517
383.559
373.132
363.205
353.745
344.72
336.102
327.86
319.968
312.393
305.123
298.071
291.616
282.572
1567.81
340.114
291.402
289.9
314.802
351.872
390.205
424.289
452.062
473.506
489.648
502.037
512.21
521.565
531.223
542.016
554.511
569.046
585.765
604.647
625.538
648.179
672.241
697.354
723.142
749.24
775.32
801.09
826.326
850.865
874.561
897.305
919.019
939.646
959.14
977.463
994.574
1010.43
1024.99
1038.2
1049.99
1060.31
1069.07
1076.21
1081.63
1085.26
1086.99
1086.76
1084.47
1080.06
1073.47
1064.67
1053.65
1040.43
1025.04
1007.58
988.15
966.909
944.035
919.738
894.249
867.819
840.706
813.168
785.46
757.822
730.474
703.611
677.403
651.988
627.474
603.941
581.444
560.011
539.65
520.352
502.093
484.838
468.546
453.168
438.654
424.953
412.013
399.783
388.214
377.261
366.877
357.023
347.66
338.75
330.259
322.157
314.414
307
299.891
293.056
286.485
280.098
274.251
266.044
1593.51
336.326
299.193
339.135
410.51
486.283
553.839
608.394
649.641
679.58
700.952
716.541
728.74
739.427
749.97
761.302
774.008
788.412
804.645
822.681
842.38
863.508
885.774
908.848
932.384
956.04
979.502
1002.49
1024.75
1046.07
1066.28
1085.25
1102.89
1119.11
1133.87
1147.09
1158.73
1168.74
1177.07
1183.67
1188.47
1191.41
1192.43
1191.46
1188.44
1183.3
1176
1166.49
1154.73
1140.72
1124.47
1106.01
1085.41
1062.79
1038.26
1012
984.211
955.12
924.98
894.06
862.637
830.993
799.399
768.115
737.377
707.395
678.349
650.383
623.607
598.101
573.909
551.05
529.519
509.289
490.318
472.551
455.924
440.369
425.812
412.183
399.41
387.425
376.163
365.563
355.569
346.128
337.191
328.717
320.663
312.996
305.68
298.687
291.988
285.557
279.373
273.407
267.654
262.041
256.894
249.637
1597.6
347.971
376.04
510.801
660.115
792.049
897.051
974.405
1027.89
1063
1085.18
1098.99
1107.88
1114.27
1119.78
1125.42
1131.8
1139.28
1148.03
1158.11
1169.46
1181.93
1195.32
1209.38
1223.8
1238.27
1252.47
1266.12
1278.96
1290.79
1301.42
1310.72
1318.56
1324.84
1329.5
1332.46
1333.67
1333.06
1330.59
1326.2
1319.84
1311.47
1301.05
1288.54
1273.9
1257.13
1238.21
1217.16
1194.02
1168.85
1141.74
1112.81
1082.2
1050.1
1016.73
982.31
947.115
911.415
875.496
839.643
804.134
769.231
735.176
702.181
670.425
640.054
611.174
583.858
558.143
534.036
511.516
490.54
471.049
452.968
436.212
420.693
406.317
392.993
380.63
369.141
358.444
348.462
339.125
330.367
322.129
314.359
307.009
300.036
293.401
287.072
281.018
275.211
269.627
264.244
259.043
254.002
249.116
244.322
239.913
233.655
1634.12
448.585
696.148
999.676
1254.86
1442.37
1569.3
1648.23
1692.33
1712.96
1718.74
1715.59
1707.32
1696.24
1683.73
1670.69
1657.73
1645.32
1633.86
1623.62
1614.68
1607.01
1600.49
1594.88
1589.95
1585.41
1580.98
1576.39
1571.39
1565.75
1559.27
1551.78
1543.14
1533.23
1521.95
1509.2
1494.91
1479.03
1461.48
1442.23
1421.24
1398.48
1373.94
1347.6
1319.48
1289.61
1258.04
1224.85
1190.13
1154
1116.63
1078.2
1038.91
998.992
958.701
918.299
878.058
838.25
799.138
760.971
723.979
688.359
654.281
621.878
591.247
562.447
535.506
510.418
487.148
465.641
445.82
427.594
410.865
395.525
381.466
368.579
356.757
345.898
335.905
326.687
318.159
310.244
302.872
295.98
289.511
283.414
277.646
272.165
266.939
261.937
257.131
252.499
248.02
243.675
239.45
235.325
231.3
227.321
223.644
218.376
1381.89
1243.23
1851.34
2334.13
2624
2766.02
2817.7
2815.73
2784.44
2738.6
2686.21
2631.04
2574.65
2517.67
2460.55
2403.83
2348.16
2294.21
2242.51
2193.43
2147.16
2103.73
2062.98
2024.66
1988.46
1954.04
1921.04
1889.14
1858.03
1827.41
1797.02
1766.62
1736.02
1705.04
1673.51
1641.32
1608.35
1574.51
1539.72
1503.93
1467.1
1429.2
1390.24
1350.22
1309.19
1267.22
1224.37
1180.77
1136.56
1091.88
1046.92
1001.89
957.009
912.5
868.603
825.555
783.587
742.914
703.735
666.221
630.516
596.73
564.942
535.195
507.501
481.841
458.171
436.422
416.507
398.327
381.772
366.723
353.063
340.673
329.436
319.24
309.977
301.548
293.858
286.821
280.358
274.396
268.871
263.724
258.905
254.366
250.069
245.977
242.061
238.295
234.654
231.121
227.677
224.307
220.999
217.74
214.529
211.321
208.339
204.012
1519.3
4458.24
5463.45
5548.03
5386.81
5130.21
4861.93
4609.8
4381.9
4177.09
3991.04
3819.17
3658.05
3505.67
3361.2
3224.5
3095.68
2974.86
2861.95
2756.69
2658.65
2567.29
2482.05
2402.32
2327.51
2257.05
2190.38
2126.99
2066.39
2008.15
1951.87
1897.19
1843.79
1791.41
1739.8
1688.76
1638.11
1587.72
1537.47
1487.27
1437.06
1386.8
1336.48
1286.12
1235.75
1185.45
1135.29
1085.39
1035.89
986.934
938.689
891.334
845.052
800.027
756.44
714.459
674.238
635.91
599.584
565.341
533.234
503.288
475.499
449.834
426.242
404.645
384.955
367.065
350.863
336.229
323.043
311.182
300.528
290.966
282.386
274.683
267.762
261.53
255.906
250.811
246.175
241.936
238.036
234.423
231.052
227.884
224.882
222.016
219.259
216.59
213.987
211.435
208.92
206.428
203.951
201.477
199.008
196.506
194.16
190.698
)
;

boundaryField
{
    outlet
    {
        type            zeroGradient;
    }
    inlet
    {
        type            fixedValue;
        value           uniform 17.57;
    }
    lowerWall
    {
        Cmu             0.09;
        kappa           0.41;
        E               9.8;
        beta1           0.075;
        type            omegaWallFunction;
        value           nonuniform List<scalar> 
148
(
7254.63
8569.06
9629.25
10283
10668.4
10885.8
10995.8
11034.9
11026.8
10987.3
10927.3
10854.4
10774
10689.7
10604.1
10519.1
10435.8
10355
10277.3
10202.9
10131.9
10064.5
10000.5
9939.92
9882.59
9828.39
9777.15
9728.76
9682.88
9640.08
9596.68
9568.78
9476.74
1184.13
1220.28
1271.22
1316.41
1360.26
1400.43
1439.76
1483
1529.65
1567.81
1593.51
1597.6
1634.12
1381.89
1519.3
1184.13
289.335
302.46
311.305
314.399
313.326
310.396
306.401
302.5
298.532
294.616
276.192
338.104
303.696
503.048
636.544
741.523
828.33
902.781
968.221
1026.66
1079.33
1127.06
1170.48
1210.12
1246.5
1280.11
1311.38
1340.73
1368.51
1394.99
1420.4
1444.93
1468.68
1491.78
1514.29
1536.33
1557.99
1579.41
1600.71
1621.56
1642.02
1662.1
1681.78
1701.02
1719.78
1737.99
1755.59
1772.52
1788.71
1804.07
1818.55
1832.04
1844.48
1855.78
1865.85
1874.62
1882
1887.93
1892.33
1895.13
1896.31
1895.8
1893.58
1889.65
1884.01
1876.7
1867.75
1857.28
1845.68
1834.64
1829.29
1827.28
1824.65
1820.82
1815.82
1809.79
1802.85
1795.11
1786.67
1777.62
1768.03
1757.98
1747.55
1736.8
1725.8
1714.62
1703.31
1691.92
1680.52
1669.14
1657.84
1646.67
1635.67
1624.93
1614.51
1604.56
1595.28
1587.13
1580.1
)
;
    }
    upperWall
    {
        Cmu             0.09;
        kappa           0.41;
        E               9.8;
        beta1           0.075;
        type            omegaWallFunction;
        value           nonuniform List<scalar> 
133
(
1719.4
1778.23
1839.24
1895.41
1945.93
1992.23
2035.28
2075.52
2113.26
2148.7
2182.04
2213.4
2242.93
2270.74
2296.93
2321.61
2344.85
2366.75
2387.37
2406.81
2425.12
2442.37
2458.63
2473.95
2488.38
2501.98
2514.8
2526.88
2538.26
2548.99
2559.1
2568.63
2577.62
2587.45
2598.14
2608.41
2618.25
2627.65
2636.61
2645.13
2653.2
2660.83
2668
2674.72
2680.99
2686.81
2692.16
2697.06
2701.51
2705.49
2709.01
2712.07
2714.66
2716.79
2718.46
2719.65
2720.38
2720.63
2720.41
2719.7
2718.52
2716.84
2714.67
2712
2708.83
2705.14
2700.94
2696.2
2690.93
2685.12
2678.75
2671.83
2664.33
2656.25
2647.58
2638.31
2628.44
2617.96
2606.86
2595.14
2582.79
2569.82
2556.24
2542.03
2527.22
2511.82
2495.84
2479.31
2462.25
2444.69
2426.68
2408.25
2389.46
2370.37
2351.03
2331.52
2311.9
2292.26
2272.68
2253.25
2234.05
2215.17
2196.69
2178.71
2161.28
2144.49
2128.4
2113.06
2098.51
2084.78
2071.89
2059.84
2048.62
2038.21
2028.58
2019.69
2011.49
2003.92
1996.91
1990.41
1984.35
1978.65
1973.26
1968.12
1963.14
1958.3
1953.51
1948.75
1943.93
1939.11
1933.86
1929.58
1920.79
)
;
    }
    frontAndBack
    {
        type            empty;
    }
}


// ************************************************************************* //
