/*--------------------------------*- C++ -*----------------------------------*\
| =========                 |                                                 |
| \\      /  F ield         | OpenFOAM: The Open Source CFD Toolbox           |
|  \\    /   O peration     | Version:  4.1                                   |
|   \\  /    A nd           | Web:      www.OpenFOAM.org                      |
|    \\/     M anipulation  |                                                 |
\*---------------------------------------------------------------------------*/
FoamFile
{
    version     2.0;
    format      ascii;
    class       volScalarField;
    location    "1200";
    object      p;
}
// * * * * * * * * * * * * * * * * * * * * * * * * * * * * * * * * * * * * * //

dimensions      [0 2 -2 0 0 0 0];

internalField   nonuniform List<scalar> 
6820
(
-6.94782
-7.17465
-7.25156
-7.26359
-7.28295
-7.30502
-7.32158
-7.33442
-7.34557
-7.35514
-7.36301
-7.36931
-7.37415
-7.37754
-7.37944
-7.37978
-7.37846
-7.37532
-7.37017
-7.36275
-7.35271
-7.33962
-7.32286
-7.30163
-7.27476
-7.24056
-7.19629
-7.13794
-7.05595
-6.94143
-6.73181
-6.47928
-5.42442
-7.01979
-7.16081
-7.22443
-7.24478
-7.26857
-7.29254
-7.3105
-7.32435
-7.33615
-7.34618
-7.35444
-7.36106
-7.36617
-7.36979
-7.37189
-7.37239
-7.37121
-7.36819
-7.36314
-7.35581
-7.34587
-7.33289
-7.31629
-7.29531
-7.2689
-7.23561
-7.19321
-7.13897
-7.06694
-6.97555
-6.84337
-6.72045
-6.63342
-7.0772
-7.16524
-7.22536
-7.25035
-7.27275
-7.29499
-7.31247
-7.32617
-7.33782
-7.34777
-7.35599
-7.36262
-7.36775
-7.37142
-7.37359
-7.3742
-7.37316
-7.37032
-7.3655
-7.35847
-7.34893
-7.33647
-7.32059
-7.30063
-7.2757
-7.24467
-7.20595
-7.15789
-7.09764
-7.02707
-6.94253
-6.89025
-6.87617
-7.11596
-7.17434
-7.22855
-7.25494
-7.27582
-7.29666
-7.3138
-7.32739
-7.3389
-7.34875
-7.35694
-7.36357
-7.36873
-7.37247
-7.37473
-7.37548
-7.37461
-7.37201
-7.36751
-7.36088
-7.35188
-7.34014
-7.32526
-7.30669
-7.28378
-7.25576
-7.22172
-7.18106
-7.13323
-7.08175
-7.02972
-7.00613
-7.01563
-7.1471
-7.18693
-7.23282
-7.25906
-7.27896
-7.29856
-7.31524
-7.32866
-7.34002
-7.34978
-7.35795
-7.36461
-7.36985
-7.37369
-7.37611
-7.37706
-7.37646
-7.3742
-7.37013
-7.36407
-7.3558
-7.34504
-7.33147
-7.31471
-7.29434
-7.26996
-7.24128
-7.20853
-7.17263
-7.13762
-7.10884
-7.10476
-7.13397
-7.17323
-7.20073
-7.23849
-7.26376
-7.28279
-7.3011
-7.31715
-7.33034
-7.34153
-7.35118
-7.35932
-7.36602
-7.37135
-7.37533
-7.37794
-7.37915
-7.37888
-7.37705
-7.37352
-7.36817
-7.36081
-7.35124
-7.33924
-7.3246
-7.30713
-7.28677
-7.26368
-7.23868
-7.21343
-7.19189
-7.17951
-7.18801
-7.22458
-7.19539
-7.21469
-7.24542
-7.26903
-7.28712
-7.30418
-7.3195
-7.33239
-7.34338
-7.35291
-7.36103
-7.36777
-7.3732
-7.37735
-7.3802
-7.38172
-7.38185
-7.38053
-7.37766
-7.37313
-7.36683
-7.35862
-7.34841
-7.33612
-7.32176
-7.30552
-7.28793
-7.27009
-7.25395
-7.24301
-7.24189
-7.25792
-7.29599
-7.21451
-7.22837
-7.25324
-7.27477
-7.29184
-7.30773
-7.32227
-7.33479
-7.34557
-7.35497
-7.36305
-7.36985
-7.37541
-7.37976
-7.38288
-7.38477
-7.38537
-7.38463
-7.3825
-7.37891
-7.37379
-7.36709
-7.35881
-7.34898
-7.3378
-7.32563
-7.3132
-7.30173
-7.29313
-7.2903
-7.29685
-7.3173
-7.35473
-7.23129
-7.2415
-7.26163
-7.28092
-7.29689
-7.31169
-7.32545
-7.33755
-7.3481
-7.35736
-7.36541
-7.37228
-7.37798
-7.38256
-7.386
-7.38829
-7.38941
-7.38933
-7.38802
-7.38545
-7.38161
-7.37652
-7.37024
-7.36292
-7.35487
-7.34657
-7.33882
-7.33284
-7.33034
-7.33362
-7.34534
-7.36827
-7.40422
-7.24624
-7.25397
-7.27032
-7.28741
-7.30225
-7.31603
-7.32901
-7.34066
-7.35096
-7.36008
-7.36811
-7.37505
-7.38092
-7.38575
-7.38954
-7.39228
-7.39398
-7.39461
-7.39419
-7.39271
-7.39021
-7.38677
-7.38251
-7.37767
-7.37261
-7.36788
-7.36428
-7.36293
-7.36527
-7.37308
-7.38823
-7.41241
-7.44658
-7.25975
-7.26575
-7.27913
-7.29416
-7.30784
-7.32069
-7.33291
-7.3441
-7.35414
-7.36313
-7.37114
-7.37816
-7.38422
-7.38933
-7.3935
-7.39673
-7.39904
-7.40044
-7.40094
-7.4006
-7.39948
-7.3977
-7.39544
-7.39298
-7.39071
-7.3892
-7.3892
-7.39168
-7.39782
-7.40893
-7.42631
-7.45095
-7.48333
-7.27207
-7.27685
-7.2879
-7.30108
-7.31364
-7.32561
-7.33712
-7.34785
-7.35763
-7.3665
-7.3745
-7.38162
-7.38788
-7.39329
-7.39786
-7.40162
-7.40458
-7.40677
-7.40824
-7.40905
-7.40931
-7.40917
-7.40884
-7.40862
-7.40891
-7.41026
-7.41332
-7.41892
-7.42798
-7.44147
-7.46025
-7.48488
-7.51553
-7.28342
-7.28731
-7.29654
-7.30811
-7.3196
-7.33075
-7.3416
-7.35189
-7.36142
-7.37018
-7.37817
-7.38541
-7.39189
-7.39762
-7.40262
-7.40693
-7.41056
-7.41357
-7.41601
-7.41799
-7.41961
-7.42105
-7.42255
-7.4244
-7.427
-7.43082
-7.43646
-7.44457
-7.45587
-7.47104
-7.49063
-7.51495
-7.544
-7.29393
-7.29716
-7.30498
-7.31516
-7.32566
-7.33606
-7.34632
-7.35619
-7.36548
-7.37414
-7.38215
-7.38951
-7.39623
-7.4023
-7.40775
-7.41262
-7.41695
-7.42078
-7.4242
-7.42732
-7.43026
-7.43322
-7.43642
-7.44016
-7.44479
-7.45075
-7.45852
-7.46863
-7.48161
-7.49793
-7.51794
-7.54178
-7.56935
-7.30373
-7.30647
-7.31316
-7.32218
-7.33179
-7.34151
-7.35123
-7.36072
-7.36979
-7.37836
-7.38641
-7.39391
-7.40088
-7.40731
-7.41323
-7.41867
-7.42369
-7.42835
-7.43273
-7.43696
-7.44117
-7.44554
-7.45031
-7.45574
-7.46216
-7.46993
-7.47945
-7.49113
-7.50535
-7.52243
-7.54259
-7.56584
-7.59207
-7.31289
-7.31525
-7.32107
-7.32911
-7.33794
-7.34705
-7.35629
-7.36544
-7.37432
-7.38282
-7.39092
-7.39859
-7.40581
-7.41261
-7.41901
-7.42503
-7.43075
-7.43622
-7.44154
-7.44683
-7.45223
-7.45792
-7.4641
-7.47104
-7.479
-7.48829
-7.49922
-7.51211
-7.52724
-7.5448
-7.56491
-7.58754
-7.61254
-7.32148
-7.32355
-7.32868
-7.33591
-7.34406
-7.35264
-7.36146
-7.37032
-7.37903
-7.3875
-7.39567
-7.40351
-7.41101
-7.41818
-7.42505
-7.43166
-7.43806
-7.44432
-7.45054
-7.45684
-7.46335
-7.47024
-7.4777
-7.48595
-7.49523
-7.50578
-7.51785
-7.53167
-7.54743
-7.56525
-7.58519
-7.60717
-7.63107
-7.32954
-7.33138
-7.33597
-7.34255
-7.35012
-7.35824
-7.3667
-7.37531
-7.3839
-7.39235
-7.40061
-7.40864
-7.41643
-7.42398
-7.43133
-7.43851
-7.44558
-7.4526
-7.45968
-7.46692
-7.47445
-7.48243
-7.49102
-7.50041
-7.5108
-7.52239
-7.53535
-7.54986
-7.56605
-7.58398
-7.60366
-7.62501
-7.6479
-7.33709
-7.33876
-7.34293
-7.34898
-7.35608
-7.3638
-7.37197
-7.38038
-7.38888
-7.39734
-7.40571
-7.41394
-7.42203
-7.42997
-7.43779
-7.44553
-7.45324
-7.46099
-7.46887
-7.47699
-7.48545
-7.4944
-7.50399
-7.51436
-7.52568
-7.5381
-7.55177
-7.56679
-7.58324
-7.60117
-7.62054
-7.64127
-7.66324
-7.34417
-7.3457
-7.34954
-7.35517
-7.36188
-7.36929
-7.37722
-7.38549
-7.39393
-7.40244
-7.41093
-7.41938
-7.42777
-7.4361
-7.44439
-7.45267
-7.461
-7.46944
-7.47807
-7.48698
-7.49629
-7.5061
-7.51655
-7.52776
-7.53985
-7.55294
-7.56714
-7.58252
-7.59912
-7.61695
-7.63598
-7.65611
-7.67724
-7.35076
-7.3522
-7.35578
-7.36109
-7.3675
-7.37467
-7.38242
-7.39059
-7.39902
-7.40759
-7.41624
-7.42492
-7.43362
-7.44233
-7.45107
-7.45988
-7.46879
-7.47787
-7.48719
-7.49684
-7.50689
-7.51747
-7.52866
-7.54056
-7.55329
-7.56691
-7.58151
-7.59713
-7.61378
-7.63146
-7.65013
-7.66969
-7.69006
-7.35687
-7.35823
-7.36164
-7.36671
-7.37289
-7.37988
-7.38752
-7.39563
-7.40408
-7.41275
-7.42157
-7.4305
-7.43951
-7.44861
-7.45779
-7.46709
-7.47656
-7.48624
-7.49619
-7.50649
-7.51722
-7.52845
-7.54028
-7.55277
-7.566
-7.58004
-7.59492
-7.61068
-7.62732
-7.64482
-7.66311
-7.68214
-7.70181
-7.36249
-7.36379
-7.36707
-7.37198
-7.37801
-7.38489
-7.39246
-7.40058
-7.40909
-7.41788
-7.4269
-7.43608
-7.44541
-7.45488
-7.46449
-7.47427
-7.48425
-7.49448
-7.50501
-7.5159
-7.52722
-7.53902
-7.55138
-7.56435
-7.57799
-7.59234
-7.60743
-7.62326
-7.63983
-7.6571
-7.67504
-7.69355
-7.71258
-7.36758
-7.36885
-7.37205
-7.37686
-7.3828
-7.38964
-7.39721
-7.40537
-7.41398
-7.42293
-7.43216
-7.44161
-7.45126
-7.4611
-7.47112
-7.48135
-7.49182
-7.50255
-7.5136
-7.52502
-7.53684
-7.54914
-7.56195
-7.57531
-7.58927
-7.60385
-7.61907
-7.63491
-7.65137
-7.66841
-7.68598
-7.70402
-7.72247
-7.37211
-7.37337
-7.37653
-7.3813
-7.38723
-7.39408
-7.4017
-7.40996
-7.41871
-7.42785
-7.43731
-7.44705
-7.45702
-7.46721
-7.47763
-7.48829
-7.4992
-7.5104
-7.52192
-7.53379
-7.54607
-7.55878
-7.57196
-7.58564
-7.59985
-7.6146
-7.62988
-7.6457
-7.66202
-7.67881
-7.69604
-7.71363
-7.73153
-7.37603
-7.3773
-7.38047
-7.38526
-7.39124
-7.39816
-7.40589
-7.41429
-7.42322
-7.43258
-7.4423
-7.45233
-7.46262
-7.47317
-7.48397
-7.49503
-7.50636
-7.51798
-7.52992
-7.5422
-7.55486
-7.56792
-7.58141
-7.59535
-7.60974
-7.62459
-7.6399
-7.65566
-7.67182
-7.68837
-7.70526
-7.72243
-7.73984
-7.37928
-7.38057
-7.38379
-7.38868
-7.39477
-7.40182
-7.40972
-7.41831
-7.42747
-7.43708
-7.44708
-7.45741
-7.46803
-7.47893
-7.4901
-7.50153
-7.51324
-7.52525
-7.53756
-7.5502
-7.56319
-7.57655
-7.59029
-7.60442
-7.61895
-7.63387
-7.64918
-7.66484
-7.68084
-7.69715
-7.71371
-7.73049
-7.74744
-7.38178
-7.38311
-7.38644
-7.39147
-7.39774
-7.40501
-7.41313
-7.42197
-7.43139
-7.44129
-7.45159
-7.46224
-7.4732
-7.48444
-7.49596
-7.50775
-7.51982
-7.53217
-7.54481
-7.55777
-7.57104
-7.58465
-7.5986
-7.61288
-7.6275
-7.64246
-7.65772
-7.67329
-7.68912
-7.70518
-7.72144
-7.73786
-7.75439
-7.38343
-7.38483
-7.38831
-7.39357
-7.40011
-7.40765
-7.41607
-7.42521
-7.43495
-7.44516
-7.45579
-7.46677
-7.47807
-7.48966
-7.50152
-7.51364
-7.52604
-7.53871
-7.55165
-7.56488
-7.5784
-7.59221
-7.60632
-7.62072
-7.63541
-7.65036
-7.66558
-7.68103
-7.69668
-7.71251
-7.72849
-7.74456
-7.76071
-7.38412
-7.38561
-7.38931
-7.39488
-7.40177
-7.40968
-7.41847
-7.42798
-7.43808
-7.44866
-7.45964
-7.47097
-7.48261
-7.49453
-7.50672
-7.51917
-7.53187
-7.54483
-7.55804
-7.57151
-7.58524
-7.59923
-7.61347
-7.62795
-7.64267
-7.65762
-7.67277
-7.6881
-7.70358
-7.71919
-7.7349
-7.75067
-7.76646
-7.38367
-7.38529
-7.3893
-7.39531
-7.40267
-7.41104
-7.42027
-7.43022
-7.44074
-7.45172
-7.46309
-7.47479
-7.48678
-7.49904
-7.51155
-7.52431
-7.5373
-7.55052
-7.56397
-7.57764
-7.59155
-7.60568
-7.62002
-7.63456
-7.6493
-7.66422
-7.67929
-7.6945
-7.70982
-7.72522
-7.74067
-7.75616
-7.77163
-7.38189
-7.38369
-7.38814
-7.39474
-7.40271
-7.41165
-7.42143
-7.4319
-7.4429
-7.45432
-7.4661
-7.47818
-7.49054
-7.50314
-7.51596
-7.52901
-7.54227
-7.55573
-7.5694
-7.58327
-7.59734
-7.61159
-7.62602
-7.64061
-7.65536
-7.67024
-7.68524
-7.70033
-7.71549
-7.7307
-7.74593
-7.76115
-7.77634
-7.37852
-7.38057
-7.38564
-7.39304
-7.4018
-7.41146
-7.4219
-7.43299
-7.44455
-7.45647
-7.4687
-7.48118
-7.4939
-7.50683
-7.51996
-7.53327
-7.54677
-7.56045
-7.5743
-7.58833
-7.60251
-7.61686
-7.63134
-7.64596
-7.66069
-7.67553
-7.69044
-7.70542
-7.72043
-7.73546
-7.75048
-7.76547
-7.78041
-7.37317
-7.37561
-7.38159
-7.39013
-7.39991
-7.41042
-7.42161
-7.43338
-7.44556
-7.45802
-7.47072
-7.48365
-7.49676
-7.51004
-7.52349
-7.5371
-7.55085
-7.56476
-7.57881
-7.593
-7.60731
-7.62175
-7.6363
-7.65095
-7.66568
-7.68048
-7.69533
-7.71021
-7.72509
-7.73996
-7.75479
-7.76957
-7.78426
-7.36534
-7.36838
-7.37573
-7.38587
-7.397
-7.40865
-7.42085
-7.43348
-7.44633
-7.45934
-7.47249
-7.48579
-7.49921
-7.51276
-7.52643
-7.54024
-7.55416
-7.56821
-7.58239
-7.59667
-7.61107
-7.62556
-7.64014
-7.65479
-7.66949
-7.68424
-7.69902
-7.7138
-7.72856
-7.74329
-7.75797
-7.77258
-7.7871
-7.35417
-7.35833
-7.368
-7.38017
-7.39255
-7.40524
-7.41856
-7.43225
-7.44601
-7.4598
-7.47364
-7.48753
-7.50148
-7.51547
-7.52952
-7.54364
-7.55783
-7.57211
-7.58646
-7.60088
-7.61538
-7.62994
-7.64456
-7.65922
-7.67391
-7.68861
-7.70332
-7.718
-7.73265
-7.74724
-7.76175
-7.77617
-7.79045
-7.33827
-7.34404
-7.35867
-7.37503
-7.38954
-7.40344
-7.41764
-7.4319
-7.44596
-7.45993
-7.4739
-7.4879
-7.50194
-7.51603
-7.53019
-7.54442
-7.55872
-7.5731
-7.58755
-7.60207
-7.61665
-7.63128
-7.64595
-7.66065
-7.67536
-7.69007
-7.70476
-7.71942
-7.73402
-7.74856
-7.76301
-7.77738
-7.79165
-7.31679
-7.32349
-7.34197
-7.36169
-7.37943
-7.39681
-7.4141
-7.43072
-7.4466
-7.462
-7.47707
-7.4919
-7.50653
-7.52104
-7.53548
-7.54989
-7.5643
-7.57873
-7.59319
-7.60768
-7.62221
-7.63676
-7.65134
-7.66592
-7.68051
-7.69508
-7.70963
-7.72413
-7.73856
-7.75291
-7.76715
-7.78126
-7.79521
-7.28371
-7.31866
-7.3477
-7.36328
-7.37674
-7.39247
-7.4087
-7.42421
-7.43929
-7.45434
-7.46939
-7.48437
-7.49928
-7.51415
-7.52901
-7.54386
-7.5587
-7.57355
-7.58841
-7.60328
-7.61815
-7.63303
-7.64789
-7.66274
-7.67757
-7.69235
-7.70708
-7.72175
-7.73633
-7.75083
-7.76523
-7.77952
-7.7937
-7.14247
-7.24983
-7.32335
-7.3552
-7.37785
-7.40155
-7.42317
-7.44138
-7.45756
-7.47288
-7.48768
-7.50205
-7.51615
-7.53013
-7.54406
-7.55801
-7.57199
-7.58603
-7.60013
-7.61429
-7.62852
-7.64279
-7.6571
-7.67143
-7.68578
-7.70011
-7.71442
-7.72868
-7.74289
-7.75701
-7.77104
-7.78495
-7.79873
-6.58518
-6.63997
-7.52255
-7.99734
-8.05166
-8.07359
-8.12261
-8.16295
-8.19519
-8.22746
-8.26049
-8.29355
-8.32681
-8.36044
-8.3944
-8.42859
-8.4629
-8.49721
-8.53139
-8.56531
-8.59883
-8.63183
-8.66416
-8.69571
-8.72635
-8.75596
-8.78445
-8.81169
-8.8376
-8.86207
-8.88501
-8.90633
-8.92595
-8.94379
-8.95976
-8.97377
-8.98576
-8.99564
-9.00333
-9.00873
-9.01177
-9.01234
-9.01036
-9.00572
-8.99829
-8.98798
-8.97463
-8.95811
-8.93827
-8.91494
-8.88794
-8.85708
-8.82214
-8.78291
-8.73915
-8.69061
-8.63705
-8.5782
-8.51378
-8.44353
-8.36714
-8.28432
-8.19474
-8.09807
-7.99394
-7.88197
-7.76178
-7.63294
-7.49508
-7.34779
-7.19075
-7.02364
-6.84623
-6.65834
-6.45992
-6.25099
-6.03171
-5.80238
-5.56343
-5.31547
-5.05923
-4.79561
-4.52563
-4.25047
-3.97136
-3.68964
-3.4067
-3.12395
-2.84274
-2.56443
-2.29022
-2.02124
-1.75837
-1.50249
-1.25365
-1.01301
-0.777727
-0.553043
-0.322773
-0.119393
-7.15542
-7.3132
-7.65193
-7.92057
-7.99402
-8.03674
-8.09291
-8.13951
-8.17648
-8.21173
-8.2469
-8.28157
-8.31601
-8.35051
-8.38511
-8.41977
-8.45441
-8.48895
-8.52328
-8.55729
-8.59085
-8.62385
-8.65615
-8.68765
-8.71823
-8.74777
-8.77617
-8.80333
-8.82914
-8.85351
-8.87635
-8.89757
-8.91709
-8.93482
-8.95068
-8.96459
-8.97646
-8.98622
-8.99379
-8.99906
-9.00197
-9.00241
-9.00027
-8.99547
-8.98788
-8.97739
-8.96385
-8.94713
-8.92708
-8.90353
-8.8763
-8.84519
-8.80999
-8.7705
-8.72647
-8.67766
-8.62381
-8.56468
-8.49998
-8.42944
-8.35276
-8.26965
-8.17979
-8.08283
-7.97844
-7.86622
-7.74579
-7.61675
-7.47873
-7.33134
-7.17426
-7.00718
-6.82989
-6.64223
-6.44412
-6.23563
-6.01691
-5.78825
-5.5501
-5.30305
-5.04784
-4.78533
-4.51656
-4.24266
-3.96485
-3.68445
-3.40281
-3.12131
-2.84128
-2.56404
-2.29077
-2.02256
-1.76026
-1.50475
-1.25597
-1.01526
-0.779204
-0.554653
-0.320768
-0.124135
-7.16501
-7.34813
-7.5786
-7.82844
-7.94806
-8.00882
-8.06758
-8.11847
-8.15962
-8.19743
-8.23437
-8.2704
-8.30581
-8.341
-8.37608
-8.41106
-8.44591
-8.48057
-8.51494
-8.54895
-8.58246
-8.61538
-8.64759
-8.67898
-8.70943
-8.73884
-8.76711
-8.79413
-8.8198
-8.84404
-8.86675
-8.88783
-8.90722
-8.92482
-8.94055
-8.95432
-8.96606
-8.97569
-8.98311
-8.98824
-8.99099
-8.99127
-8.98898
-8.984
-8.97623
-8.96554
-8.9518
-8.93487
-8.91459
-8.89079
-8.86331
-8.83194
-8.79648
-8.7567
-8.71238
-8.66328
-8.60915
-8.54971
-8.48472
-8.41387
-8.3369
-8.25349
-8.16334
-8.0661
-7.96143
-7.84896
-7.72831
-7.59908
-7.46092
-7.31345
-7.15635
-6.98935
-6.81222
-6.62482
-6.4271
-6.2191
-6.001
-5.77309
-5.53582
-5.28976
-5.03565
-4.77436
-4.50687
-4.23431
-3.95788
-3.67888
-3.39861
-3.11843
-2.83964
-2.56352
-2.29123
-2.02383
-1.76212
-1.50699
-1.25828
-1.01751
-0.780689
-0.556247
-0.318845
-0.128822
-7.19568
-7.37762
-7.57702
-7.78892
-7.91355
-7.98241
-8.04355
-8.09813
-8.14316
-8.18346
-8.22203
-8.25931
-8.29563
-8.33142
-8.3669
-8.40213
-8.43711
-8.47181
-8.50616
-8.54009
-8.57349
-8.60627
-8.63833
-8.66955
-8.69983
-8.72907
-8.75716
-8.784
-8.80951
-8.83357
-8.85611
-8.87704
-8.89626
-8.9137
-8.92928
-8.9429
-8.95448
-8.96395
-8.97121
-8.97619
-8.97877
-8.97888
-8.9764
-8.97123
-8.96326
-8.95236
-8.9384
-8.92124
-8.90072
-8.87667
-8.84892
-8.81728
-8.78153
-8.74146
-8.69685
-8.64744
-8.593
-8.53325
-8.46795
-8.3968
-8.31952
-8.23581
-8.14536
-8.04784
-7.9429
-7.83018
-7.70931
-7.57992
-7.44163
-7.29411
-7.13703
-6.97013
-6.79321
-6.60613
-6.40884
-6.2014
-5.98399
-5.75691
-5.52059
-5.27561
-5.02269
-4.76268
-4.49657
-4.22544
-3.95048
-3.67294
-3.39412
-3.11532
-2.83783
-2.56288
-2.2916
-2.02504
-1.76396
-1.50922
-1.2606
-1.01976
-0.782203
-0.557844
-0.317055
-0.133408
-7.25851
-7.4191
-7.58835
-7.76054
-7.88043
-7.95673
-8.0211
-8.07832
-8.12648
-8.16911
-8.20927
-8.24775
-8.28494
-8.32132
-8.35719
-8.39264
-8.42772
-8.46243
-8.49672
-8.53053
-8.56379
-8.5964
-8.62826
-8.65927
-8.68934
-8.71837
-8.74625
-8.77288
-8.79818
-8.82205
-8.84439
-8.86513
-8.88417
-8.90143
-8.91683
-8.93027
-8.94168
-8.95098
-8.95806
-8.96286
-8.96526
-8.96517
-8.9625
-8.95713
-8.94895
-8.93783
-8.92363
-8.90623
-8.88545
-8.86113
-8.8331
-8.80117
-8.76512
-8.72475
-8.67982
-8.6301
-8.57534
-8.51528
-8.44966
-8.37819
-8.3006
-8.21659
-8.12584
-8.02804
-7.92284
-7.80988
-7.68881
-7.55927
-7.42088
-7.27333
-7.11631
-6.94957
-6.7729
-6.58619
-6.38939
-6.18258
-5.96593
-5.73974
-5.50445
-5.26063
-5.00898
-4.75034
-4.48568
-4.21606
-3.94263
-3.66663
-3.38932
-3.11197
-2.83583
-2.5621
-2.29188
-2.02619
-1.76574
-1.51141
-1.2629
-1.022
-0.783729
-0.559418
-0.315417
-0.137803
-7.31851
-7.45334
-7.59726
-7.74133
-7.85438
-7.93456
-8.00079
-8.05937
-8.10979
-8.15444
-8.19603
-8.23559
-8.27361
-8.31057
-8.3468
-8.38246
-8.41762
-8.45232
-8.48653
-8.52021
-8.55328
-8.58569
-8.61732
-8.64811
-8.67794
-8.70672
-8.73435
-8.76075
-8.78582
-8.80946
-8.83158
-8.85211
-8.87094
-8.888
-8.90319
-8.91645
-8.92766
-8.93677
-8.94366
-8.94826
-8.95046
-8.95017
-8.94729
-8.9417
-8.93329
-8.92193
-8.90749
-8.88982
-8.86878
-8.84418
-8.81586
-8.78363
-8.74727
-8.70658
-8.66133
-8.61129
-8.5562
-8.49581
-8.42986
-8.35808
-8.28017
-8.19586
-8.10482
-8.00674
-7.90129
-7.78811
-7.66686
-7.53718
-7.39873
-7.25118
-7.09425
-6.9277
-6.75134
-6.56505
-6.36881
-6.16269
-5.94686
-5.72164
-5.48746
-5.24487
-4.99456
-4.73737
-4.47424
-4.20619
-3.93438
-3.65998
-3.38424
-3.10838
-2.83364
-2.56117
-2.29204
-2.02725
-1.76747
-1.51357
-1.26517
-1.0242
-0.785259
-0.560951
-0.313956
-0.141927
-7.37202
-7.48469
-7.60822
-7.73153
-7.83568
-7.91589
-7.98266
-8.04178
-8.09364
-8.13983
-8.18259
-8.22306
-8.26179
-8.29925
-8.3358
-8.37163
-8.40686
-8.44152
-8.47563
-8.50914
-8.54202
-8.57419
-8.60558
-8.6361
-8.66566
-8.69417
-8.72154
-8.74767
-8.77248
-8.79587
-8.81775
-8.83803
-8.85663
-8.87346
-8.88844
-8.90148
-8.91248
-8.92137
-8.92805
-8.93244
-8.93442
-8.93391
-8.9308
-8.92498
-8.91633
-8.90472
-8.89002
-8.87208
-8.85075
-8.82586
-8.79724
-8.76469
-8.72802
-8.687
-8.64142
-8.59104
-8.53562
-8.4749
-8.40862
-8.33652
-8.2583
-8.17368
-8.08235
-7.98401
-7.87831
-7.76493
-7.64351
-7.51372
-7.37523
-7.22773
-7.07093
-6.90462
-6.72861
-6.54279
-6.34716
-6.14179
-5.92686
-5.70268
-5.46967
-5.22838
-4.97949
-4.72382
-4.46228
-4.19588
-3.92573
-3.653
-3.37888
-3.10457
-2.83126
-2.56009
-2.29209
-2.02821
-1.76912
-1.51565
-1.26739
-1.02636
-0.78679
-0.562433
-0.312697
-0.145717
-7.41935
-7.51444
-7.6209
-7.72779
-7.82263
-7.90061
-7.96692
-8.02592
-8.07845
-8.12565
-8.16927
-8.21044
-8.24972
-8.28758
-8.32438
-8.36034
-8.39558
-8.43018
-8.46415
-8.49748
-8.53013
-8.56204
-8.59315
-8.62338
-8.65264
-8.68085
-8.70792
-8.73376
-8.75828
-8.78139
-8.803
-8.82302
-8.84136
-8.85794
-8.87267
-8.88547
-8.89624
-8.9049
-8.91135
-8.9155
-8.91725
-8.9165
-8.91315
-8.90707
-8.89816
-8.88629
-8.87131
-8.85308
-8.83146
-8.80626
-8.77733
-8.74445
-8.70745
-8.6661
-8.62018
-8.56946
-8.5137
-8.45264
-8.38603
-8.3136
-8.23507
-8.15015
-8.05854
-7.95993
-7.85401
-7.74043
-7.61888
-7.48901
-7.3505
-7.20307
-7.04645
-6.88041
-6.7048
-6.51952
-6.32455
-6.11999
-5.90601
-5.68293
-5.45115
-5.21123
-4.96383
-4.70973
-4.44984
-4.18515
-3.91673
-3.64571
-3.37325
-3.10054
-2.82871
-2.55887
-2.29201
-2.02907
-1.77068
-1.51767
-1.26956
-1.02847
-0.788314
-0.563854
-0.311656
-0.149126
-7.46081
-7.54221
-7.63444
-7.72804
-7.81418
-7.88867
-7.95363
-8.01191
-8.06448
-8.11218
-8.15634
-8.19796
-8.23762
-8.27576
-8.31273
-8.34875
-8.38397
-8.41846
-8.45226
-8.48537
-8.51776
-8.54939
-8.58019
-8.6101
-8.63903
-8.66692
-8.69366
-8.71918
-8.74338
-8.76618
-8.78749
-8.80722
-8.82528
-8.84158
-8.85604
-8.86858
-8.87909
-8.88749
-8.89368
-8.89758
-8.89907
-8.89807
-8.89445
-8.88811
-8.87892
-8.86676
-8.85149
-8.83296
-8.81103
-8.78551
-8.75625
-8.72304
-8.68569
-8.64399
-8.59773
-8.54666
-8.49055
-8.42915
-8.3622
-8.28944
-8.2106
-8.12538
-8.0335
-7.93464
-7.8285
-7.71475
-7.59307
-7.46315
-7.32466
-7.17734
-7.02092
-6.8552
-6.68003
-6.49533
-6.30108
-6.09738
-5.88441
-5.66248
-5.432
-5.1935
-4.94763
-4.69517
-4.43699
-4.17405
-3.9074
-3.63814
-3.36739
-3.0963
-2.82597
-2.55749
-2.2918
-2.02982
-1.77215
-1.5196
-1.27166
-1.03051
-0.789827
-0.565204
-0.310843
-0.152116
-7.49712
-7.56789
-7.6484
-7.73111
-7.80938
-7.87974
-7.94264
-7.99972
-8.05182
-8.09957
-8.14396
-8.18581
-8.22568
-8.26397
-8.30101
-8.33703
-8.37216
-8.40651
-8.44011
-8.47297
-8.50508
-8.53639
-8.56686
-8.59643
-8.62501
-8.65254
-8.67893
-8.7041
-8.72795
-8.75042
-8.7714
-8.79081
-8.80856
-8.82456
-8.83873
-8.85097
-8.86119
-8.86931
-8.87523
-8.87885
-8.88006
-8.87878
-8.87488
-8.86824
-8.85876
-8.8463
-8.83072
-8.81187
-8.78961
-8.76376
-8.73415
-8.7006
-8.6629
-8.62084
-8.57421
-8.52279
-8.46632
-8.40458
-8.33729
-8.26421
-8.18505
-8.09953
-8.00738
-7.90828
-7.80194
-7.68803
-7.56625
-7.43629
-7.29785
-7.15066
-6.99449
-6.82912
-6.65444
-6.47035
-6.27686
-6.07407
-5.86216
-5.64143
-5.41229
-5.17526
-4.93098
-4.6802
-4.42377
-4.16263
-3.89778
-3.63031
-3.3613
-3.09186
-2.82306
-2.55595
-2.29145
-2.03045
-1.77351
-1.52143
-1.27367
-1.03248
-0.79132
-0.566477
-0.31026
-0.15467
-7.52907
-7.59151
-7.66246
-7.73612
-7.80737
-7.87337
-7.93375
-7.98927
-8.0405
-8.08793
-8.13223
-8.1741
-8.21401
-8.25233
-8.28935
-8.32528
-8.36029
-8.39445
-8.42781
-8.4604
-8.4922
-8.52318
-8.5533
-8.5825
-8.61071
-8.63786
-8.66387
-8.68867
-8.71216
-8.73426
-8.75489
-8.77395
-8.79137
-8.80704
-8.82089
-8.83281
-8.84273
-8.85054
-8.85616
-8.85947
-8.86039
-8.8588
-8.85459
-8.84765
-8.83785
-8.82507
-8.80916
-8.78998
-8.76738
-8.74118
-8.71121
-8.67729
-8.63923
-8.5968
-8.54981
-8.49802
-8.44119
-8.37909
-8.31146
-8.23804
-8.15857
-8.07277
-7.98035
-7.88102
-7.77448
-7.66043
-7.53857
-7.40859
-7.27022
-7.12319
-6.96729
-6.80232
-6.62815
-6.44471
-6.25203
-6.05018
-5.83937
-5.61988
-5.39212
-5.1566
-4.91395
-4.66488
-4.41023
-4.15091
-3.88791
-3.62225
-3.355
-3.08723
-2.81998
-2.55426
-2.29096
-2.03094
-1.77474
-1.52315
-1.27559
-1.03435
-0.792787
-0.567668
-0.309904
-0.156781
-7.55736
-7.6132
-7.67632
-7.7424
-7.80746
-7.86915
-7.92674
-7.98042
-8.03049
-8.07727
-8.12124
-8.16291
-8.2027
-8.24092
-8.27782
-8.31361
-8.34842
-8.38235
-8.41545
-8.44774
-8.47921
-8.50984
-8.53959
-8.56841
-8.59624
-8.62299
-8.64861
-8.67302
-8.69612
-8.71784
-8.73809
-8.75679
-8.77385
-8.78917
-8.80268
-8.81427
-8.82385
-8.83134
-8.83663
-8.83962
-8.84022
-8.8383
-8.83377
-8.8265
-8.81637
-8.80325
-8.78699
-8.76746
-8.74449
-8.71793
-8.6876
-8.6533
-8.61486
-8.57206
-8.52468
-8.47252
-8.41532
-8.35286
-8.28488
-8.21113
-8.13135
-8.04525
-7.95257
-7.85302
-7.7463
-7.63211
-7.51018
-7.38021
-7.24193
-7.09509
-6.93948
-6.77492
-6.6013
-6.41855
-6.2267
-6.02583
-5.81615
-5.59793
-5.37159
-5.13761
-4.8966
-4.64927
-4.39643
-4.13896
-3.87781
-3.61399
-3.34851
-3.08242
-2.81673
-2.55241
-2.29033
-2.03129
-1.77585
-1.52475
-1.27741
-1.03614
-0.794218
-0.568773
-0.309763
-0.158458
-7.58258
-7.63307
-7.68978
-7.7495
-7.80911
-7.8667
-7.92139
-7.97303
-8.02171
-8.06759
-8.111
-8.1523
-8.19181
-8.2298
-8.26649
-8.30206
-8.33664
-8.3703
-8.4031
-8.43506
-8.46619
-8.49645
-8.52582
-8.55424
-8.58167
-8.60802
-8.63323
-8.65723
-8.67993
-8.70126
-8.72112
-8.73944
-8.75612
-8.77108
-8.78422
-8.79546
-8.80469
-8.81183
-8.81678
-8.81943
-8.81969
-8.81743
-8.81256
-8.80494
-8.79446
-8.78098
-8.76436
-8.74446
-8.72113
-8.69419
-8.66347
-8.62879
-8.58996
-8.54677
-8.49901
-8.44646
-8.38889
-8.32606
-8.25773
-8.18364
-8.10354
-8.01716
-7.92422
-7.82444
-7.71755
-7.60325
-7.48126
-7.3513
-7.21313
-7.0665
-6.91121
-6.74709
-6.57404
-6.392
-6.201
-6.00114
-5.7926
-5.57569
-5.35077
-5.11835
-4.87901
-4.63344
-4.38243
-4.12681
-3.86753
-3.60555
-3.34185
-3.07746
-2.81333
-2.55041
-2.28954
-2.0315
-1.77682
-1.52621
-1.27912
-1.03782
-0.795605
-0.56979
-0.30982
-0.159721
-7.60519
-7.65131
-7.70273
-7.75706
-7.81189
-7.86564
-7.91745
-7.96695
-8.01408
-8.05888
-8.10153
-8.14228
-8.18137
-8.21903
-8.25542
-8.2907
-8.32497
-8.35833
-8.3908
-8.42241
-8.45317
-8.48305
-8.51203
-8.54005
-8.56706
-8.593
-8.6178
-8.64138
-8.66368
-8.68459
-8.70406
-8.72198
-8.73827
-8.75285
-8.76562
-8.77649
-8.78536
-8.79214
-8.79673
-8.79902
-8.79892
-8.79631
-8.79108
-8.7831
-8.77225
-8.7584
-8.74141
-8.72114
-8.69741
-8.67008
-8.63897
-8.6039
-8.56467
-8.52108
-8.47292
-8.41999
-8.36203
-8.29884
-8.23015
-8.15573
-8.07531
-7.98864
-7.89545
-7.79546
-7.68839
-7.57398
-7.45195
-7.32203
-7.18397
-7.03757
-6.88261
-6.71895
-6.54648
-6.36517
-6.17505
-5.9762
-5.76884
-5.55323
-5.32977
-5.09891
-4.86125
-4.61745
-4.36826
-4.11451
-3.8571
-3.59695
-3.33504
-3.07233
-2.80977
-2.54825
-2.28859
-2.03156
-1.77764
-1.52754
-1.2807
-1.03938
-0.79694
-0.570718
-0.310054
-0.160602
-7.62556
-7.66805
-7.71507
-7.76483
-7.81548
-7.8657
-7.9147
-7.96203
-8.0075
-8.05106
-8.0928
-8.13287
-8.17142
-8.20863
-8.24464
-8.27956
-8.31348
-8.34648
-8.37859
-8.40983
-8.4402
-8.46969
-8.49826
-8.52586
-8.55246
-8.57797
-8.60235
-8.62552
-8.64739
-8.6679
-8.68695
-8.70447
-8.72037
-8.73456
-8.74694
-8.75743
-8.76593
-8.77233
-8.77655
-8.77848
-8.77801
-8.77504
-8.76943
-8.76108
-8.74986
-8.73563
-8.71826
-8.69759
-8.67348
-8.64575
-8.61424
-8.57876
-8.53912
-8.49513
-8.44658
-8.39324
-8.33491
-8.27134
-8.20229
-8.12753
-8.0468
-7.95984
-7.8664
-7.7662
-7.65897
-7.54446
-7.42239
-7.29251
-7.1546
-7.00842
-6.85381
-6.69062
-6.51876
-6.33819
-6.14895
-5.95114
-5.74495
-5.53066
-5.30864
-5.07937
-4.84338
-4.60134
-4.35398
-4.10209
-3.84654
-3.58823
-3.3281
-3.06707
-2.80606
-2.54594
-2.2875
-2.03146
-1.7783
-1.52872
-1.28215
-1.04083
-0.798212
-0.571558
-0.310438
-0.161137
-7.64401
-7.68344
-7.72676
-7.77264
-7.8196
-7.8666
-7.91293
-7.9581
-8.00186
-8.0441
-8.08481
-8.12407
-8.16198
-8.19865
-8.23418
-8.26867
-8.30219
-8.33479
-8.36651
-8.39735
-8.42732
-8.45639
-8.48454
-8.51173
-8.53789
-8.56298
-8.58693
-8.60967
-8.63113
-8.65121
-8.66986
-8.68697
-8.70246
-8.71625
-8.72824
-8.73834
-8.74646
-8.75249
-8.75633
-8.75788
-8.75704
-8.75369
-8.7477
-8.73898
-8.72737
-8.71275
-8.69499
-8.67393
-8.64941
-8.62128
-8.58936
-8.55347
-8.51343
-8.46903
-8.42007
-8.36634
-8.30762
-8.24368
-8.17427
-8.09918
-8.01813
-7.93089
-7.8372
-7.73679
-7.62941
-7.5148
-7.39271
-7.26289
-7.12511
-6.97918
-6.82493
-6.66222
-6.49097
-6.31115
-6.1228
-5.92602
-5.72101
-5.50805
-5.28748
-5.05977
-4.82546
-4.58518
-4.33962
-4.08958
-3.83588
-3.5794
-3.32103
-3.06167
-2.80221
-2.54348
-2.28624
-2.0312
-1.77881
-1.52975
-1.28347
-1.04216
-0.799414
-0.572308
-0.310945
-0.16137
-7.66077
-7.69761
-7.7378
-7.78033
-7.82407
-7.86815
-7.91195
-7.95502
-7.99706
-8.03791
-8.07751
-8.11587
-8.15303
-8.18908
-8.22407
-8.25807
-8.29114
-8.3233
-8.35459
-8.385
-8.41455
-8.44319
-8.47091
-8.49767
-8.5234
-8.54806
-8.57157
-8.59388
-8.61491
-8.63458
-8.6528
-8.6695
-8.68459
-8.69797
-8.70957
-8.71928
-8.727
-8.73265
-8.73611
-8.73728
-8.73606
-8.73232
-8.72596
-8.71684
-8.70485
-8.68984
-8.67168
-8.65022
-8.6253
-8.59676
-8.56443
-8.52813
-8.48768
-8.44287
-8.39351
-8.33939
-8.28028
-8.21596
-8.1462
-8.07076
-7.98941
-7.90189
-7.80795
-7.70735
-7.59982
-7.48512
-7.36301
-7.23325
-7.09563
-6.94996
-6.79607
-6.63385
-6.46321
-6.28415
-6.09669
-5.90095
-5.69711
-5.48546
-5.26634
-5.04019
-4.80754
-4.56899
-4.32524
-4.07703
-3.82516
-3.57048
-3.31386
-3.05616
-2.79822
-2.54087
-2.28482
-2.03077
-1.77915
-1.53061
-1.28463
-1.04336
-0.800536
-0.57297
-0.311546
-0.161347
-7.67606
-7.71066
-7.74818
-7.78783
-7.82872
-7.87017
-7.91162
-7.95267
-7.993
-8.03243
-8.07085
-8.10824
-8.1446
-8.17995
-8.21433
-8.24778
-8.28034
-8.31203
-8.34286
-8.37282
-8.40192
-8.43012
-8.4574
-8.48371
-8.50901
-8.53323
-8.55631
-8.57818
-8.59878
-8.61802
-8.63582
-8.65211
-8.66678
-8.67977
-8.69096
-8.70027
-8.70761
-8.71286
-8.71594
-8.71673
-8.71512
-8.711
-8.70425
-8.69474
-8.68236
-8.66696
-8.6484
-8.62653
-8.60121
-8.57226
-8.53952
-8.50282
-8.46195
-8.41674
-8.36697
-8.31245
-8.25296
-8.18827
-8.11815
-8.04239
-7.96073
-7.87293
-7.77876
-7.67796
-7.57029
-7.45551
-7.33339
-7.2037
-7.06624
-6.92083
-6.76732
-6.60559
-6.43557
-6.25725
-6.07069
-5.87598
-5.67332
-5.46297
-5.24527
-5.02067
-4.78966
-4.55283
-4.31086
-4.06445
-3.8144
-3.5615
-3.3066
-3.05053
-2.7941
-2.53811
-2.28325
-2.03017
-1.77932
-1.53131
-1.28565
-1.04442
-0.801569
-0.573546
-0.312212
-0.161112
-7.69003
-7.72269
-7.75791
-7.79506
-7.83344
-7.87251
-7.91179
-7.95091
-7.98958
-8.02758
-8.0648
-8.10117
-8.13665
-8.17125
-8.20497
-8.23783
-8.26984
-8.30101
-8.33134
-8.36084
-8.38947
-8.41721
-8.44404
-8.4699
-8.49475
-8.51852
-8.54116
-8.5626
-8.58276
-8.60158
-8.61896
-8.63482
-8.64909
-8.66166
-8.67245
-8.68137
-8.68831
-8.69317
-8.69586
-8.69626
-8.69426
-8.68976
-8.68262
-8.67272
-8.65995
-8.64415
-8.62519
-8.60293
-8.5772
-8.54785
-8.5147
-8.47758
-8.43631
-8.39069
-8.34053
-8.28561
-8.22574
-8.16068
-8.09022
-8.01412
-7.93216
-7.8441
-7.7497
-7.64871
-7.54091
-7.42606
-7.30394
-7.17433
-7.03703
-6.89189
-6.73875
-6.57751
-6.40811
-6.23055
-6.04487
-5.85118
-5.64968
-5.44062
-5.22434
-5.00125
-4.77186
-4.53674
-4.29651
-4.05188
-3.80361
-3.55247
-3.29926
-3.04479
-2.78986
-2.5352
-2.28151
-2.02941
-1.77932
-1.53185
-1.28652
-1.04535
-0.802506
-0.574034
-0.312914
-0.160711
-7.70282
-7.7338
-7.76701
-7.80198
-7.83814
-7.87506
-7.91234
-7.94965
-7.9867
-8.0233
-8.0593
-8.09462
-8.12919
-8.16298
-8.19599
-8.22821
-8.25964
-8.29026
-8.32008
-8.34907
-8.37722
-8.40449
-8.43085
-8.45625
-8.48065
-8.50397
-8.52617
-8.54717
-8.5669
-8.58528
-8.60224
-8.61768
-8.63153
-8.6437
-8.65409
-8.6626
-8.66915
-8.67362
-8.67592
-8.67593
-8.67354
-8.66865
-8.66112
-8.65084
-8.63767
-8.62148
-8.60212
-8.57946
-8.55332
-8.52357
-8.49001
-8.45249
-8.41081
-8.36479
-8.31423
-8.25893
-8.19868
-8.13326
-8.06246
-7.98604
-7.90379
-7.81547
-7.72084
-7.61968
-7.51175
-7.39684
-7.27472
-7.14519
-7.00807
-6.8632
-6.71044
-6.54969
-6.38091
-6.2041
-6.01929
-5.82662
-5.62626
-5.41847
-5.20358
-4.982
-4.7542
-4.52074
-4.28223
-4.03935
-3.79282
-3.5434
-3.29186
-3.03897
-2.7855
-2.53216
-2.27962
-2.02848
-1.77915
-1.53221
-1.28722
-1.04614
-0.803339
-0.574437
-0.313627
-0.160183
-7.71456
-7.74405
-7.7755
-7.80855
-7.84275
-7.87773
-7.91317
-7.94878
-7.98429
-8.01952
-8.05431
-8.08855
-8.12218
-8.15515
-8.18741
-8.21896
-8.24976
-8.27981
-8.30908
-8.33756
-8.36521
-8.39199
-8.41788
-8.44281
-8.46674
-8.48961
-8.51136
-8.53192
-8.55121
-8.56916
-8.58569
-8.60072
-8.61416
-8.62592
-8.6359
-8.64402
-8.65016
-8.65424
-8.65615
-8.65577
-8.653
-8.64772
-8.6398
-8.62913
-8.61557
-8.59898
-8.57923
-8.55617
-8.52964
-8.49948
-8.46552
-8.4276
-8.38552
-8.33911
-8.28816
-8.23248
-8.17186
-8.10609
-8.03495
-7.95822
-7.87568
-7.7871
-7.69226
-7.59093
-7.48288
-7.36791
-7.2458
-7.11637
-6.97943
-6.83483
-6.68245
-6.5222
-6.35403
-6.17795
-5.99402
-5.80234
-5.60311
-5.39657
-5.18305
-4.96293
-4.7367
-4.50487
-4.26804
-4.02688
-3.78206
-3.53432
-3.28441
-3.03307
-2.78103
-2.52899
-2.27757
-2.02738
-1.7788
-1.5324
-1.28777
-1.04678
-0.804061
-0.574755
-0.314325
-0.159568
-7.72534
-7.7535
-7.78341
-7.81477
-7.84722
-7.88045
-7.91421
-7.94822
-7.98227
-8.01617
-8.04977
-8.08295
-8.11562
-8.14773
-8.17923
-8.21007
-8.24023
-8.26968
-8.29838
-8.32632
-8.35345
-8.37974
-8.40514
-8.4296
-8.45306
-8.47548
-8.49678
-8.51689
-8.53574
-8.55326
-8.56937
-8.58398
-8.597
-8.60835
-8.61793
-8.62565
-8.6314
-8.63509
-8.63661
-8.63584
-8.63268
-8.62701
-8.61871
-8.60765
-8.5937
-8.57673
-8.55658
-8.53313
-8.5062
-8.47564
-8.44129
-8.40297
-8.3605
-8.3137
-8.26237
-8.20631
-8.14533
-8.07921
-8.00774
-7.93071
-7.84789
-7.75907
-7.66402
-7.56253
-7.45437
-7.33935
-7.21727
-7.08793
-6.95117
-6.80684
-6.65484
-6.49508
-6.32753
-6.15218
-5.9691
-5.7784
-5.58028
-5.37497
-5.16278
-4.94411
-4.7194
-4.48916
-4.25398
-4.01449
-3.77134
-3.52525
-3.27693
-3.0271
-2.77646
-2.52568
-2.27538
-2.02612
-1.77828
-1.53242
-1.28815
-1.04728
-0.804666
-0.574986
-0.314988
-0.158897
-7.73524
-7.76222
-7.79077
-7.82063
-7.85151
-7.88316
-7.91537
-7.94791
-7.98058
-8.01321
-8.04564
-8.07776
-8.10948
-8.14073
-8.17143
-8.20155
-8.23105
-8.25988
-8.288
-8.31539
-8.34199
-8.36777
-8.39267
-8.41665
-8.43965
-8.4616
-8.48245
-8.50212
-8.52053
-8.53762
-8.55331
-8.5675
-8.58011
-8.59105
-8.60023
-8.60755
-8.61291
-8.6162
-8.61733
-8.61618
-8.61264
-8.60659
-8.5979
-8.58646
-8.57212
-8.55476
-8.53423
-8.51038
-8.48306
-8.45212
-8.41737
-8.37866
-8.33581
-8.28862
-8.23692
-8.1805
-8.11916
-8.0527
-7.98091
-7.90358
-7.82049
-7.73144
-7.63619
-7.53454
-7.42629
-7.31123
-7.18917
-7.05993
-6.92335
-6.77931
-6.62769
-6.46841
-6.30146
-6.12683
-5.94459
-5.75486
-5.55782
-5.3537
-5.14282
-4.92555
-4.70233
-4.47365
-4.24008
-4.00221
-3.76069
-3.5162
-3.26943
-3.02107
-2.7718
-2.52226
-2.27304
-2.02469
-1.77759
-1.53226
-1.28836
-1.04763
-0.80515
-0.57513
-0.315596
-0.158199
-7.74433
-7.77026
-7.79759
-7.82611
-7.85559
-7.88582
-7.91661
-7.94779
-7.97916
-8.01057
-8.04188
-8.07297
-8.10374
-8.13412
-8.16403
-8.19342
-8.22224
-8.25043
-8.27796
-8.30478
-8.33085
-8.35611
-8.38051
-8.40401
-8.42653
-8.44802
-8.46842
-8.48764
-8.50562
-8.52228
-8.53754
-8.55132
-8.56352
-8.57406
-8.58284
-8.58976
-8.59473
-8.59764
-8.59838
-8.59685
-8.59293
-8.58649
-8.57743
-8.5656
-8.55089
-8.53314
-8.51223
-8.488
-8.4603
-8.42896
-8.39384
-8.35474
-8.31151
-8.26395
-8.21188
-8.1551
-8.09342
-8.02663
-7.95453
-7.87691
-7.79357
-7.70428
-7.60885
-7.50706
-7.39871
-7.28361
-7.16158
-7.03245
-6.89606
-6.75229
-6.60105
-6.44225
-6.27589
-6.10196
-5.92055
-5.73176
-5.53577
-5.33283
-5.12322
-4.90732
-4.68554
-4.45838
-4.22636
-3.99007
-3.75013
-3.5072
-3.26194
-3.01501
-2.76706
-2.51873
-2.27057
-2.02311
-1.77674
-1.53194
-1.28842
-1.04784
-0.805507
-0.575187
-0.316133
-0.1575
-7.75267
-7.77766
-7.8039
-7.83123
-7.85944
-7.88838
-7.91789
-7.9478
-7.97796
-8.00822
-8.03845
-8.06853
-8.09838
-8.1279
-8.15702
-8.18567
-8.2138
-8.24136
-8.26829
-8.29454
-8.32006
-8.34479
-8.36869
-8.3917
-8.41375
-8.43478
-8.45472
-8.4735
-8.49105
-8.50729
-8.52213
-8.53549
-8.54729
-8.55742
-8.56581
-8.57234
-8.57692
-8.57945
-8.57981
-8.5779
-8.5736
-8.56679
-8.55735
-8.54515
-8.53006
-8.51194
-8.49065
-8.46604
-8.43796
-8.40625
-8.37075
-8.33128
-8.28768
-8.23975
-8.18732
-8.1302
-8.06818
-8.00107
-7.92867
-7.85078
-7.76718
-7.67767
-7.58206
-7.48013
-7.3717
-7.25657
-7.13458
-7.00555
-6.86936
-6.72586
-6.57499
-6.41667
-6.25088
-6.07764
-5.89703
-5.70916
-5.5142
-5.31239
-5.10402
-4.88944
-4.66907
-4.44337
-4.21286
-3.9781
-3.73969
-3.49827
-3.25446
-3.00892
-2.76226
-2.51509
-2.26797
-2.02139
-1.77572
-1.53145
-1.2883
-1.0479
-0.805734
-0.575155
-0.316583
-0.156822
-7.76033
-7.78446
-7.80972
-7.83598
-7.86306
-7.89083
-7.91916
-7.94791
-7.97694
-8.00611
-8.03531
-8.06443
-8.09338
-8.12205
-8.15039
-8.17831
-8.20576
-8.23267
-8.25899
-8.28467
-8.30964
-8.33385
-8.35725
-8.37977
-8.40134
-8.42191
-8.44141
-8.45975
-8.47687
-8.49268
-8.50711
-8.52006
-8.53146
-8.5412
-8.54919
-8.55534
-8.55954
-8.56169
-8.56168
-8.5594
-8.55472
-8.54754
-8.53773
-8.52517
-8.50971
-8.49122
-8.46956
-8.44458
-8.41613
-8.38405
-8.34818
-8.30835
-8.26438
-8.2161
-8.16333
-8.10586
-8.04352
-7.9761
-7.90341
-7.82525
-7.74141
-7.6517
-7.55591
-7.45386
-7.34534
-7.23019
-7.10824
-6.97932
-6.84331
-6.7001
-6.54958
-6.39172
-6.2265
-6.05394
-5.8741
-5.68712
-5.49316
-5.29245
-5.08527
-4.87197
-4.65296
-4.42867
-4.19961
-3.96633
-3.7294
-3.48943
-3.24703
-3.00282
-2.75741
-2.51138
-2.26525
-2.01952
-1.77454
-1.5308
-1.28803
-1.04781
-0.805828
-0.575033
-0.316933
-0.156186
-7.76733
-7.7907
-7.81508
-7.84037
-7.86643
-7.89314
-7.9204
-7.94808
-7.97606
-8.00422
-8.03245
-8.06064
-8.08872
-8.11657
-8.14414
-8.17134
-8.19811
-8.22438
-8.2501
-8.2752
-8.29963
-8.32332
-8.34621
-8.36825
-8.38935
-8.40947
-8.42852
-8.44643
-8.46312
-8.47852
-8.49254
-8.50509
-8.51609
-8.52544
-8.53305
-8.53882
-8.54265
-8.54443
-8.54405
-8.5414
-8.53636
-8.52882
-8.51865
-8.50572
-8.4899
-8.47105
-8.44903
-8.42369
-8.39488
-8.36244
-8.32621
-8.28603
-8.24171
-8.19309
-8.13997
-8.08218
-8.01952
-7.95181
-7.87884
-7.80041
-7.71635
-7.62643
-7.53048
-7.42831
-7.31972
-7.20456
-7.08264
-6.95384
-6.81801
-6.67506
-6.52491
-6.3675
-6.20282
-6.03091
-5.85183
-5.6657
-5.4727
-5.27305
-5.06702
-4.85496
-4.63724
-4.41432
-4.18666
-3.95479
-3.71928
-3.48071
-3.23967
-2.99675
-2.75253
-2.50759
-2.26242
-2.01752
-1.77321
-1.52999
-1.28761
-1.04758
-0.805789
-0.574819
-0.317171
-0.155607
-7.77374
-7.79641
-7.82
-7.84442
-7.86956
-7.89531
-7.92159
-7.94829
-7.9753
-8.00251
-8.02982
-8.05715
-8.08438
-8.11145
-8.13827
-8.16476
-8.19087
-8.21651
-8.24163
-8.26617
-8.29006
-8.31323
-8.33563
-8.35718
-8.37782
-8.39749
-8.4161
-8.43358
-8.44986
-8.46485
-8.47847
-8.49063
-8.50124
-8.51021
-8.51745
-8.52285
-8.52631
-8.52772
-8.52698
-8.52398
-8.51859
-8.51069
-8.50017
-8.48689
-8.47071
-8.45151
-8.42914
-8.40345
-8.37429
-8.34151
-8.30493
-8.2644
-8.21975
-8.17079
-8.11735
-8.05924
-7.99628
-7.92828
-7.85504
-7.77637
-7.69208
-7.60198
-7.50587
-7.40358
-7.29493
-7.17975
-7.05788
-6.92919
-6.79354
-6.65085
-6.50104
-6.34407
-6.17992
-6.00863
-5.83028
-5.64498
-5.4529
-5.25426
-5.04934
-4.83846
-4.62199
-4.40036
-4.17404
-3.94353
-3.70938
-3.47214
-3.23239
-2.99071
-2.74764
-2.50375
-2.25951
-2.0154
-1.77175
-1.52903
-1.28703
-1.04721
-0.805616
-0.574513
-0.317288
-0.155102
-7.77957
-7.80161
-7.82449
-7.84813
-7.87244
-7.89733
-7.92271
-7.94851
-7.97463
-8.00096
-8.02742
-8.05392
-8.08036
-8.10667
-8.13277
-8.15859
-8.18405
-8.20908
-8.23362
-8.2576
-8.28095
-8.30362
-8.32552
-8.34661
-8.3668
-8.38602
-8.4042
-8.42127
-8.43714
-8.45173
-8.46496
-8.47674
-8.48697
-8.49558
-8.50245
-8.50749
-8.51059
-8.51165
-8.51056
-8.50721
-8.50148
-8.49324
-8.48237
-8.46875
-8.45223
-8.43269
-8.40998
-8.38395
-8.35446
-8.32133
-8.28442
-8.24356
-8.19858
-8.1493
-8.09555
-8.03714
-7.97389
-7.90561
-7.83211
-7.7532
-7.6687
-7.57842
-7.48217
-7.37977
-7.27106
-7.15586
-7.03404
-6.90546
-6.76999
-6.62755
-6.47807
-6.32151
-6.15788
-5.98719
-5.80953
-5.62502
-5.43382
-5.23615
-5.03228
-4.82252
-4.60724
-4.38685
-4.1618
-3.93259
-3.69973
-3.46376
-3.22525
-2.98474
-2.74277
-2.49987
-2.25653
-2.01318
-1.77017
-1.52793
-1.28631
-1.04671
-0.805312
-0.574116
-0.317275
-0.154683
-7.78487
-7.80634
-7.82858
-7.85152
-7.87508
-7.89918
-7.92377
-7.94875
-7.97404
-7.99957
-8.02523
-8.05095
-8.07665
-8.10225
-8.12766
-8.15282
-8.17766
-8.2021
-8.22607
-8.24951
-8.27235
-8.29452
-8.31595
-8.33658
-8.35632
-8.37512
-8.39288
-8.40954
-8.42502
-8.43923
-8.45208
-8.46348
-8.47336
-8.4816
-8.48812
-8.49281
-8.49557
-8.49629
-8.49487
-8.49118
-8.48511
-8.47654
-8.46534
-8.45139
-8.43455
-8.41468
-8.39164
-8.36529
-8.33546
-8.30202
-8.26479
-8.22361
-8.17831
-8.12873
-8.07468
-8.01598
-7.95245
-7.8839
-7.81016
-7.73103
-7.64633
-7.55587
-7.45948
-7.35699
-7.24821
-7.13301
-7.01123
-6.88275
-6.74745
-6.60526
-6.4561
-6.29994
-6.13678
-5.96666
-5.78966
-5.6059
-5.41553
-5.21878
-5.01591
-4.80721
-4.59306
-4.37384
-4.15
-3.92201
-3.69037
-3.45561
-3.21827
-2.97887
-2.73794
-2.496
-2.25349
-2.01087
-1.76847
-1.52672
-1.28545
-1.04607
-0.804882
-0.57363
-0.31713
-0.154359
-7.78964
-7.8106
-7.83226
-7.85457
-7.87746
-7.90087
-7.92472
-7.94896
-7.97351
-7.99829
-8.02322
-8.04823
-8.07323
-8.09816
-8.12293
-8.14747
-8.17171
-8.19558
-8.21901
-8.24193
-8.26428
-8.28597
-8.30695
-8.32713
-8.34645
-8.36483
-8.3822
-8.39847
-8.41356
-8.4274
-8.43988
-8.45094
-8.46046
-8.46836
-8.47454
-8.4789
-8.48133
-8.48172
-8.47997
-8.47596
-8.46958
-8.46069
-8.44918
-8.43491
-8.41775
-8.39757
-8.37422
-8.34755
-8.31742
-8.28367
-8.24613
-8.20465
-8.15905
-8.10918
-8.05484
-7.99586
-7.93207
-7.86328
-7.7893
-7.70996
-7.62507
-7.53445
-7.43793
-7.33533
-7.22651
-7.1113
-6.98956
-6.86118
-6.72605
-6.58408
-6.43522
-6.27943
-6.11673
-5.94715
-5.77077
-5.58771
-5.39813
-5.20225
-5.00031
-4.79261
-4.57951
-4.3614
-4.13869
-3.91185
-3.68136
-3.44774
-3.21149
-2.97314
-2.7332
-2.49214
-2.25044
-2.00851
-1.76669
-1.52539
-1.28448
-1.04532
-0.804335
-0.573059
-0.316854
-0.154132
-7.79398
-7.81447
-7.83562
-7.85737
-7.87965
-7.90242
-7.92563
-7.9492
-7.97307
-7.99717
-8.02143
-8.04577
-8.07013
-8.09443
-8.11859
-8.14255
-8.16623
-8.18957
-8.21249
-8.23491
-8.25678
-8.27802
-8.29856
-8.31832
-8.33723
-8.35522
-8.3722
-8.3881
-8.40283
-8.41632
-8.42846
-8.43917
-8.44836
-8.45593
-8.46179
-8.46583
-8.46795
-8.46803
-8.46597
-8.46166
-8.45497
-8.44578
-8.43397
-8.4194
-8.40195
-8.38147
-8.35782
-8.33086
-8.30043
-8.26639
-8.22856
-8.18679
-8.14092
-8.09076
-8.03616
-7.97692
-7.91288
-7.84385
-7.76965
-7.69011
-7.60504
-7.51427
-7.41763
-7.31494
-7.20607
-7.09085
-6.96915
-6.84087
-6.70588
-6.56413
-6.41555
-6.26012
-6.09784
-5.92877
-5.75297
-5.57056
-5.38172
-5.18664
-4.98557
-4.77881
-4.56669
-4.3496
-4.12795
-3.90218
-3.67276
-3.4402
-3.20497
-2.9676
-2.72857
-2.48836
-2.2474
-2.00613
-1.76485
-1.52399
-1.28342
-1.04448
-0.803687
-0.572411
-0.31646
-0.153993
-7.79774
-7.81782
-7.83852
-7.85978
-7.88154
-7.90375
-7.92637
-7.94935
-7.97262
-7.99611
-8.01977
-8.04352
-8.06729
-8.09102
-8.11463
-8.13805
-8.16122
-8.18405
-8.20649
-8.22846
-8.24989
-8.2707
-8.29083
-8.31019
-8.32872
-8.34634
-8.36296
-8.37851
-8.3929
-8.40605
-8.41787
-8.42826
-8.43714
-8.4444
-8.44996
-8.4537
-8.45552
-8.45531
-8.45297
-8.44837
-8.44139
-8.43192
-8.41983
-8.40498
-8.38725
-8.36649
-8.34256
-8.31532
-8.28462
-8.2503
-8.2122
-8.17017
-8.12403
-8.07362
-8.01876
-7.95928
-7.895
-7.82575
-7.75135
-7.67162
-7.58639
-7.49548
-7.39872
-7.29595
-7.18703
-7.0718
-6.95015
-6.82195
-6.68711
-6.54555
-6.39723
-6.24212
-6.08024
-5.91163
-5.73637
-5.55457
-5.3664
-5.17206
-4.9718
-4.7659
-4.55469
-4.33854
-4.11786
-3.89308
-3.66465
-3.43305
-3.19878
-2.96231
-2.72412
-2.48469
-2.24443
-2.00375
-1.76298
-1.52253
-1.28228
-1.04355
-0.80296
-0.5717
-0.315971
-0.153918
-7.80127
-7.82098
-7.84126
-7.86207
-7.88336
-7.90507
-7.92717
-7.94961
-7.97234
-7.99528
-8.01839
-8.0416
-8.06484
-8.08804
-8.11114
-8.13407
-8.15675
-8.17913
-8.20112
-8.22266
-8.24367
-8.26409
-8.28383
-8.30283
-8.321
-8.33827
-8.35456
-8.36978
-8.38385
-8.39669
-8.40821
-8.4183
-8.42689
-8.43387
-8.43915
-8.44261
-8.44416
-8.44368
-8.44107
-8.4362
-8.42896
-8.41923
-8.40687
-8.39177
-8.37377
-8.35276
-8.32858
-8.30108
-8.27012
-8.23555
-8.1972
-8.15492
-8.10854
-8.05789
-8.0028
-7.9431
-7.87861
-7.80915
-7.73457
-7.65466
-7.56927
-7.47823
-7.38137
-7.27853
-7.16956
-7.05433
-6.93271
-6.80459
-6.66987
-6.5285
-6.38041
-6.22561
-6.06408
-5.89589
-5.72112
-5.53987
-5.35232
-5.15865
-4.95912
-4.754
-4.54362
-4.32833
-4.10853
-3.88464
-3.65711
-3.4264
-3.19298
-2.95733
-2.71992
-2.48119
-2.24156
-2.00144
-1.76114
-1.52106
-1.28112
-1.04259
-0.802184
-0.570944
-0.315425
-0.153863
-7.80393
-7.82336
-7.84332
-7.86377
-7.88466
-7.90597
-7.92764
-7.94964
-7.97191
-7.99439
-8.01703
-8.03978
-8.06256
-8.08531
-8.10797
-8.13046
-8.15273
-8.1747
-8.1963
-8.21745
-8.2381
-8.25816
-8.27756
-8.29623
-8.31408
-8.33104
-8.34702
-8.36195
-8.37574
-8.3883
-8.39954
-8.40937
-8.41769
-8.42441
-8.42943
-8.43264
-8.43394
-8.43322
-8.43036
-8.42526
-8.41778
-8.40781
-8.39521
-8.37987
-8.36164
-8.34039
-8.31598
-8.28825
-8.25706
-8.22226
-8.18369
-8.14118
-8.09458
-8.04371
-7.98841
-7.92851
-7.86383
-7.7942
-7.71944
-7.63938
-7.55385
-7.46269
-7.36574
-7.26283
-7.15383
-7.03859
-6.917
-6.78895
-6.65435
-6.51314
-6.36527
-6.21073
-6.04953
-5.88172
-5.70738
-5.52663
-5.33962
-5.14656
-4.94768
-4.74326
-4.53361
-4.31909
-4.10008
-3.87699
-3.65026
-3.42034
-3.18769
-2.95277
-2.71604
-2.47794
-2.23888
-1.99926
-1.75938
-1.51964
-1.27998
-1.04163
-0.801405
-0.570173
-0.314887
-0.15375
-7.80694
-7.82607
-7.84569
-7.86579
-7.88631
-7.90722
-7.92849
-7.95007
-7.97191
-7.99397
-8.01619
-8.0385
-8.06086
-8.0832
-8.10545
-8.12755
-8.14943
-8.17103
-8.19227
-8.21308
-8.23339
-8.25313
-8.27221
-8.29058
-8.30814
-8.32482
-8.34053
-8.35519
-8.36873
-8.38103
-8.39203
-8.40162
-8.40971
-8.41621
-8.421
-8.42399
-8.42507
-8.42414
-8.42107
-8.41575
-8.40806
-8.39788
-8.38508
-8.36953
-8.3511
-8.32964
-8.30503
-8.2771
-8.24571
-8.21071
-8.17194
-8.12924
-8.08244
-8.03139
-7.97591
-7.91583
-7.85098
-7.78119
-7.70628
-7.62609
-7.54045
-7.44919
-7.35215
-7.24918
-7.14015
-7.02491
-6.90334
-6.77536
-6.64086
-6.49979
-6.3521
-6.19779
-6.03687
-5.86939
-5.69542
-5.5151
-5.32857
-5.13603
-4.93771
-4.73389
-4.52487
-4.31101
-4.09268
-3.87028
-3.64424
-3.415
-3.18301
-2.94872
-2.71259
-2.47503
-2.23647
-1.99727
-1.75776
-1.51833
-1.2789
-1.04072
-0.800666
-0.569409
-0.31443
-0.153442
-7.80818
-7.82718
-7.84661
-7.8665
-7.88679
-7.90746
-7.92846
-7.94977
-7.97132
-7.99308
-8.01499
-8.03701
-8.05906
-8.08109
-8.10304
-8.12484
-8.14643
-8.16774
-8.1887
-8.20924
-8.22929
-8.24877
-8.26761
-8.28573
-8.30305
-8.3195
-8.33499
-8.34943
-8.36275
-8.37485
-8.38564
-8.39503
-8.40292
-8.40921
-8.41381
-8.41661
-8.41751
-8.41638
-8.41312
-8.40762
-8.39975
-8.38939
-8.37641
-8.36068
-8.34206
-8.32043
-8.29563
-8.26753
-8.23596
-8.20079
-8.16185
-8.11898
-8.07202
-8.0208
-7.96516
-7.90493
-7.83994
-7.77001
-7.69497
-7.61467
-7.52892
-7.43757
-7.34047
-7.23745
-7.12839
-7.01314
-6.8916
-6.76367
-6.62926
-6.48831
-6.34078
-6.18667
-6.02599
-5.85878
-5.68514
-5.50517
-5.31905
-5.12695
-4.92911
-4.7258
-4.51733
-4.30402
-4.08627
-3.86445
-3.639
-3.41034
-3.17891
-2.94517
-2.70954
-2.47245
-2.23431
-1.99549
-1.7563
-1.51713
-1.27793
-1.03988
-0.800014
-0.568687
-0.314173
-0.152738
-7.81126
-7.82996
-7.84913
-7.86873
-7.88871
-7.90906
-7.92975
-7.95072
-7.97195
-7.99338
-8.01497
-8.03666
-8.0584
-8.08012
-8.10177
-8.12328
-8.14459
-8.16563
-8.18633
-8.20662
-8.22643
-8.24568
-8.2643
-8.28221
-8.29934
-8.3156
-8.3309
-8.34518
-8.35832
-8.37026
-8.3809
-8.39014
-8.39789
-8.40404
-8.40851
-8.41117
-8.41193
-8.41068
-8.4073
-8.40168
-8.39368
-8.3832
-8.3701
-8.35426
-8.33553
-8.31378
-8.28888
-8.26066
-8.22898
-8.1937
-8.15465
-8.11168
-8.06461
-8.0133
-7.95757
-7.89724
-7.83216
-7.76216
-7.68705
-7.60668
-7.52088
-7.42949
-7.33236
-7.22933
-7.12026
-7.00504
-6.88354
-6.75567
-6.62135
-6.48051
-6.33312
-6.17918
-6.01869
-5.85171
-5.67832
-5.49865
-5.31284
-5.12108
-4.92361
-4.72069
-4.51262
-4.29974
-4.08242
-3.86104
-3.63601
-3.40778
-3.17676
-2.9434
-2.70814
-2.47138
-2.23353
-1.99496
-1.75598
-1.51697
-1.2779
-1.03992
-0.800182
-0.568651
-0.314867
-0.151829
-7.81013
-7.82885
-7.848
-7.8676
-7.88759
-7.90792
-7.92856
-7.94949
-7.97066
-7.99202
-8.01353
-8.03513
-8.05676
-8.07838
-8.09992
-8.12132
-8.14251
-8.16342
-8.184
-8.20416
-8.22384
-8.24296
-8.26145
-8.27923
-8.29622
-8.31234
-8.3275
-8.34164
-8.35464
-8.36644
-8.37693
-8.38603
-8.39363
-8.39964
-8.40395
-8.40647
-8.40709
-8.40568
-8.40215
-8.39637
-8.38822
-8.37759
-8.36433
-8.34833
-8.32944
-8.30753
-8.28246
-8.25408
-8.22224
-8.18678
-8.14757
-8.10442
-8.05719
-8.00571
-7.9498
-7.88931
-7.82407
-7.7539
-7.67863
-7.5981
-7.51215
-7.42062
-7.32335
-7.22019
-7.11101
-6.99568
-6.87409
-6.74615
-6.61177
-6.47089
-6.32349
-6.16955
-6.0091
-5.84218
-5.66888
-5.48931
-5.30364
-5.11206
-4.91478
-4.71209
-4.50427
-4.29166
-4.07463
-3.85356
-3.62885
-3.40094
-3.17026
-2.93723
-2.70229
-2.46585
-2.22829
-1.99001
-1.75129
-1.51252
-1.27368
-1.03583
-0.796383
-0.564623
-0.312107
-0.146606
-7.81458
-7.83295
-7.8518
-7.87108
-7.89073
-7.91074
-7.93108
-7.95171
-7.97259
-7.99368
-8.01493
-8.03628
-8.05769
-8.07909
-8.10044
-8.12166
-8.14269
-8.16346
-8.18391
-8.20397
-8.22356
-8.2426
-8.26103
-8.27876
-8.29572
-8.31182
-8.32698
-8.34111
-8.35413
-8.36595
-8.37648
-8.38561
-8.39326
-8.39933
-8.40371
-8.4063
-8.40699
-8.40567
-8.40223
-8.39655
-8.38851
-8.37799
-8.36485
-8.34897
-8.33021
-8.30844
-8.28352
-8.25529
-8.22361
-8.18832
-8.14928
-8.10632
-8.05928
-8.008
-7.95231
-7.89204
-7.82703
-7.7571
-7.68209
-7.60183
-7.51617
-7.42492
-7.32796
-7.22512
-7.11628
-7.0013
-6.88008
-6.75252
-6.61853
-6.47806
-6.33108
-6.17757
-6.01756
-5.85109
-5.67824
-5.49913
-5.31392
-5.12278
-4.92595
-4.72369
-4.51628
-4.30406
-4.08739
-3.86665
-3.64225
-3.41459
-3.18412
-2.95127
-2.71645
-2.48009
-2.24257
-2.00426
-1.76549
-1.52662
-1.28766
-1.04965
-0.810025
-0.577858
-0.325363
-0.15385
-8.09839
-8.12574
-8.13464
-8.1416
-8.15175
-8.16475
-8.18022
-8.19809
-8.21833
-8.24083
-8.26543
-8.29197
-8.32028
-8.35013
-8.38132
-8.41362
-8.44681
-8.48065
-8.51492
-8.5494
-8.58388
-8.61816
-8.65205
-8.68535
-8.71792
-8.74959
-8.7802
-8.80964
-8.83777
-8.86447
-8.88963
-8.91316
-8.93496
-8.95493
-8.97299
-8.98906
-9.00305
-9.01489
-9.02448
-9.03176
-9.03663
-9.039
-9.03878
-9.03588
-9.03018
-9.02156
-9.00991
-8.99508
-8.97693
-8.95529
-8.92999
-8.90083
-8.8676
-8.83009
-8.78805
-8.74124
-8.68938
-8.63221
-8.56945
-8.50082
-8.42602
-8.34479
-8.25694
-8.16239
-8.06073
-7.95091
-7.8323
-7.70472
-7.56776
-7.421
-7.26399
-7.09634
-6.91769
-6.72777
-6.52639
-6.31346
-6.08904
-5.85332
-5.60669
-5.3497
-5.08309
-4.8078
-4.52497
-4.2359
-3.94204
-3.64499
-3.34644
-3.04816
-2.75193
-2.45951
-2.17261
-1.89283
-1.62163
-1.36034
-1.11008
-0.871848
-0.646885
-0.434554
-0.234753
-0.0368672
-8.06004
-8.09335
-8.0997
-8.10537
-8.11508
-8.12791
-8.14345
-8.16168
-8.18251
-8.20581
-8.23141
-8.25909
-8.28866
-8.31986
-8.35245
-8.38617
-8.42078
-8.45602
-8.49166
-8.52745
-8.56318
-8.59865
-8.63365
-8.668
-8.70154
-8.73411
-8.76557
-8.79579
-8.82464
-8.85202
-8.87781
-8.90193
-8.92427
-8.94476
-8.96331
-8.97984
-8.99428
-9.00654
-9.01655
-9.02423
-9.0295
-9.03228
-9.03247
-9.02999
-9.02472
-9.01656
-9.00538
-8.99106
-8.97345
-8.95239
-8.92771
-8.89921
-8.86671
-8.82997
-8.78877
-8.74285
-8.69197
-8.63585
-8.57421
-8.50677
-8.43321
-8.35321
-8.26632
-8.17202
-8.06996
-7.96024
-7.84252
-7.71608
-7.58037
-7.43492
-7.27927
-7.113
-6.93576
-6.74724
-6.54725
-6.33569
-6.11258
-5.87813
-5.63269
-5.37679
-5.11118
-4.83679
-4.55473
-4.2663
-3.97297
-3.67631
-3.37802
-3.07987
-2.78365
-2.49115
-2.20408
-1.92405
-1.65253
-1.39083
-1.14017
-0.901416
-0.676373
-0.462629
-0.270883
-0.0595581
-8.08225
-8.12189
-8.12932
-8.13638
-8.14769
-8.16204
-8.17901
-8.19854
-8.2205
-8.24471
-8.27098
-8.2991
-8.32884
-8.35998
-8.39228
-8.42552
-8.45946
-8.49389
-8.52859
-8.56335
-8.59797
-8.63227
-8.66608
-8.69922
-8.73155
-8.76292
-8.7932
-8.82226
-8.84999
-8.87629
-8.90104
-8.92416
-8.94556
-8.96515
-8.98284
-8.99857
-9.01224
-9.02378
-9.03312
-9.04018
-9.04486
-9.04709
-9.04677
-9.04381
-9.0381
-9.02953
-9.01798
-9.0033
-8.98537
-8.964
-8.93904
-8.91028
-8.87751
-8.84052
-8.79907
-8.7529
-8.70175
-8.64535
-8.58343
-8.51571
-8.44191
-8.36173
-8.27483
-8.18081
-8.07927
-7.96991
-7.85233
-7.726
-7.59041
-7.44508
-7.28954
-7.12338
-6.94622
-6.75776
-6.5578
-6.34623
-6.12308
-5.88854
-5.64297
-5.38692
-5.12112
-4.84652
-4.56423
-4.27559
-3.98204
-3.68519
-3.38674
-3.08847
-2.7922
-2.49971
-2.21274
-1.93284
-1.66145
-1.39993
-1.14958
-0.911037
-0.686624
-0.471639
-0.284642
-0.0594112
-8.11382
-8.15602
-8.16254
-8.16989
-8.18173
-8.19652
-8.21383
-8.23355
-8.25553
-8.27957
-8.30548
-8.33307
-8.36214
-8.39249
-8.42389
-8.45615
-8.48906
-8.52241
-8.55601
-8.58966
-8.62318
-8.65639
-8.68913
-8.72123
-8.75255
-8.78295
-8.8123
-8.84047
-8.86736
-8.89285
-8.91684
-8.93925
-8.95997
-8.97892
-8.99603
-9.0112
-9.02436
-9.03543
-9.04433
-9.05098
-9.0553
-9.0572
-9.05659
-9.05337
-9.04743
-9.03867
-9.02696
-9.01216
-8.99413
-8.9727
-8.9477
-8.91893
-8.88619
-8.84923
-8.80783
-8.76173
-8.71065
-8.65434
-8.59251
-8.52487
-8.45113
-8.37103
-8.28425
-8.19046
-8.08929
-7.98033
-7.86312
-7.73714
-7.6019
-7.4569
-7.30167
-7.1358
-6.95889
-6.77065
-6.57085
-6.35939
-6.1363
-5.90176
-5.65615
-5.4
-5.13406
-4.85929
-4.57681
-4.28797
-3.99424
-3.6972
-3.39856
-3.10012
-2.80367
-2.51102
-2.22389
-1.94388
-1.67243
-1.41085
-1.16048
-0.921719
-0.697413
-0.481002
-0.296357
-0.0575496
-8.15433
-8.19934
-8.20453
-8.21154
-8.22296
-8.23709
-8.25357
-8.27232
-8.2932
-8.31604
-8.34069
-8.36696
-8.3947
-8.42369
-8.45377
-8.48471
-8.51634
-8.54845
-8.58084
-8.61332
-8.64572
-8.67785
-8.70956
-8.74068
-8.77106
-8.80057
-8.82907
-8.85644
-8.88257
-8.90734
-8.93066
-8.95242
-8.97255
-8.99094
-9.00751
-9.02219
-9.0349
-9.04554
-9.05405
-9.06034
-9.06432
-9.06592
-9.06503
-9.06156
-9.05541
-9.04645
-9.03457
-9.01963
-9.00148
-8.97995
-8.95488
-8.92605
-8.89326
-8.85629
-8.81487
-8.76876
-8.71769
-8.66138
-8.59955
-8.53194
-8.45827
-8.37825
-8.29158
-8.19793
-8.09694
-7.98818
-7.87115
-7.74535
-7.61028
-7.46545
-7.31038
-7.14465
-6.96787
-6.77973
-6.58006
-6.36874
-6.14577
-5.91135
-5.66584
-5.4098
-5.14396
-4.8693
-4.58695
-4.29823
-4.00463
-3.70775
-3.40931
-3.11108
-2.81488
-2.52249
-2.23561
-1.95583
-1.6846
-1.42315
-1.17285
-0.9339
-0.709429
-0.491491
-0.30736
-0.0569991
-8.20482
-8.25259
-8.25498
-8.26012
-8.26935
-8.28101
-8.29494
-8.31115
-8.32953
-8.34998
-8.37237
-8.39654
-8.42232
-8.44952
-8.47793
-8.50735
-8.53757
-8.56838
-8.59957
-8.63095
-8.66232
-8.6935
-8.72432
-8.75461
-8.78422
-8.81301
-8.84084
-8.86759
-8.89313
-8.91736
-8.94016
-8.96145
-8.98113
-8.9991
-9.01529
-9.0296
-9.04196
-9.0523
-9.06051
-9.06653
-9.07027
-9.07164
-9.07055
-9.06689
-9.06056
-9.05146
-9.03944
-9.02438
-9.00612
-8.98451
-8.95935
-8.93046
-8.89761
-8.86058
-8.81913
-8.77297
-8.72186
-8.66553
-8.6037
-8.5361
-8.46245
-8.38247
-8.29586
-8.20227
-8.10135
-7.99264
-7.87568
-7.74994
-7.61493
-7.47016
-7.31515
-7.14947
-6.97276
-6.78469
-6.58507
-6.3738
-6.1509
-5.91657
-5.67119
-5.41531
-5.1497
-4.8753
-4.59328
-4.30495
-4.0118
-3.71543
-3.41754
-3.1199
-2.82432
-2.53253
-2.24624
-1.96698
-1.69619
-1.43506
-1.18489
-0.945759
-0.72083
-0.501371
-0.316124
-0.0579938
-8.26381
-8.31435
-8.31105
-8.31165
-8.31608
-8.32294
-8.33236
-8.34443
-8.35912
-8.3763
-8.39584
-8.41753
-8.44116
-8.46651
-8.49331
-8.52134
-8.55034
-8.58008
-8.61034
-8.64087
-8.6715
-8.70201
-8.73222
-8.76197
-8.79109
-8.81942
-8.84684
-8.8732
-8.89839
-8.92229
-8.94479
-8.9658
-8.98522
-9.00296
-9.01893
-9.03305
-9.04523
-9.05539
-9.06344
-9.06932
-9.07292
-9.07416
-9.07295
-9.06919
-9.06276
-9.05356
-9.04146
-9.02631
-9.00798
-8.9863
-8.96107
-8.93212
-8.89921
-8.86213
-8.82061
-8.77441
-8.72325
-8.66687
-8.60499
-8.53734
-8.46364
-8.3836
-8.29693
-8.20328
-8.10227
-7.99347
-7.8764
-7.75056
-7.61544
-7.47055
-7.31544
-7.14968
-6.97288
-6.78477
-6.58514
-6.37389
-6.15108
-5.91691
-5.67176
-5.41619
-5.15098
-4.87708
-4.59565
-4.308
-4.01562
-3.72008
-3.42309
-3.12639
-2.83175
-2.54089
-2.25546
-1.97697
-1.70681
-1.44612
-1.19612
-0.956787
-0.731134
-0.510263
-0.322514
-0.0607914
-8.33245
-8.38547
-8.37131
-8.3634
-8.35964
-8.35909
-8.36212
-8.36883
-8.37908
-8.39263
-8.40922
-8.42852
-8.45022
-8.47399
-8.49953
-8.52653
-8.5547
-8.58376
-8.61347
-8.64356
-8.67382
-8.70403
-8.73398
-8.76351
-8.79243
-8.8206
-8.84786
-8.87409
-8.89916
-8.92295
-8.94535
-8.96627
-8.9856
-9.00325
-9.01913
-9.03317
-9.04527
-9.05535
-9.06333
-9.06913
-9.07266
-9.07383
-9.07255
-9.06872
-9.06222
-9.05294
-9.04077
-9.02555
-9.00713
-8.98536
-8.96004
-8.93099
-8.89798
-8.86079
-8.81916
-8.77284
-8.72157
-8.66507
-8.60307
-8.5353
-8.46147
-8.3813
-8.29448
-8.20066
-8.09946
-7.99046
-7.87317
-7.7471
-7.61176
-7.46666
-7.31135
-7.14542
-6.96849
-6.78029
-6.58063
-6.36944
-6.14676
-5.91281
-5.668
-5.41289
-5.14826
-4.87507
-4.59446
-4.30776
-4.01641
-3.72201
-3.42621
-3.13074
-2.83732
-2.54764
-2.26329
-1.98576
-1.71636
-1.45619
-1.20636
-0.966822
-0.740241
-0.518135
-0.326785
-0.065279
-8.41611
-8.46853
-8.43438
-8.41236
-8.39642
-8.38589
-8.38112
-8.38186
-8.38758
-8.39774
-8.41183
-8.42932
-8.44973
-8.4726
-8.4975
-8.52406
-8.55194
-8.58081
-8.61039
-8.6404
-8.67062
-8.70081
-8.73077
-8.76032
-8.78927
-8.81748
-8.84478
-8.87105
-8.89615
-8.91997
-8.94241
-8.96335
-8.9827
-9.00037
-9.01627
-9.03031
-9.04242
-9.0525
-9.06048
-9.06626
-9.06977
-9.07092
-9.0696
-9.06572
-9.05917
-9.04984
-9.03759
-9.02229
-9.00378
-8.9819
-8.95647
-8.92729
-8.89414
-8.8568
-8.81501
-8.76853
-8.71709
-8.66042
-8.59824
-8.53028
-8.45626
-8.37587
-8.28881
-8.19474
-8.09326
-7.98395
-7.86635
-7.73997
-7.60432
-7.45894
-7.30338
-7.13722
-6.96013
-6.77183
-6.57215
-6.36103
-6.13854
-5.90491
-5.66055
-5.40604
-5.14216
-4.86986
-4.59029
-4.30475
-4.01468
-3.72165
-3.42727
-3.13325
-2.84125
-2.55292
-2.26982
-1.99336
-1.72481
-1.46521
-1.21555
-0.975803
-0.748154
-0.525036
-0.329281
-0.0711074
-8.52676
-8.5662
-8.49701
-8.45377
-8.42151
-8.39903
-8.386
-8.38124
-8.38341
-8.39135
-8.4041
-8.42082
-8.44083
-8.46355
-8.48849
-8.51519
-8.54329
-8.57241
-8.60227
-8.63258
-8.66308
-8.69355
-8.72378
-8.75358
-8.78276
-8.81118
-8.83867
-8.86512
-8.89038
-8.91435
-8.93691
-8.95797
-8.97742
-8.99517
-9.01114
-9.02525
-9.0374
-9.04751
-9.05551
-9.06131
-9.06482
-9.06594
-9.0646
-9.06068
-9.05407
-9.04467
-9.03233
-9.01693
-8.9983
-8.97629
-8.95071
-8.92137
-8.88804
-8.8505
-8.80852
-8.76182
-8.71015
-8.65324
-8.59082
-8.52261
-8.44832
-8.36765
-8.28029
-8.18589
-8.08406
-7.97438
-7.85641
-7.72965
-7.59365
-7.44794
-7.29208
-7.12569
-6.94843
-6.76004
-6.56038
-6.34939
-6.12716
-5.89394
-5.65015
-5.39637
-5.13338
-4.86214
-4.58377
-4.29957
-4.01096
-3.71946
-3.42667
-3.13424
-2.8438
-2.55695
-2.27518
-1.99986
-1.7322
-1.47319
-1.22368
-0.983746
-0.754947
-0.531053
-0.330372
-0.0778649
-8.68794
-8.67789
-8.55111
-8.4787
-8.42733
-8.39297
-8.37343
-8.36547
-8.36621
-8.37375
-8.38673
-8.40403
-8.42479
-8.44834
-8.47411
-8.50163
-8.53049
-8.56033
-8.59084
-8.62175
-8.65279
-8.68375
-8.71442
-8.74461
-8.77415
-8.80288
-8.83065
-8.85734
-8.88282
-8.90698
-8.92971
-8.95091
-8.97048
-8.98834
-9.00439
-9.01857
-9.03077
-9.04092
-9.04894
-9.05473
-9.05823
-9.05933
-9.05794
-9.05396
-9.04728
-9.03778
-9.02533
-9.00979
-8.99102
-8.96884
-8.94308
-8.91353
-8.87998
-8.84221
-8.79997
-8.75302
-8.70107
-8.64388
-8.58117
-8.51265
-8.43804
-8.35704
-8.26932
-8.17454
-8.07231
-7.96223
-7.84385
-7.7167
-7.58031
-7.43426
-7.27811
-7.11149
-6.93408
-6.74565
-6.54605
-6.33526
-6.11338
-5.88066
-5.63754
-5.3846
-5.12263
-4.85257
-4.57554
-4.2928
-4.00576
-3.71591
-3.42481
-3.13406
-2.84525
-2.55992
-2.27951
-2.00536
-1.73859
-1.48018
-1.23082
-0.990706
-0.760724
-0.536286
-0.330398
-0.0851595
-8.94129
-8.79365
-8.57846
-8.47077
-8.40329
-8.36168
-8.34065
-8.33377
-8.33646
-8.3463
-8.36162
-8.38111
-8.40385
-8.42917
-8.45649
-8.48537
-8.51542
-8.5463
-8.57772
-8.60941
-8.64114
-8.67269
-8.70388
-8.73451
-8.76444
-8.7935
-8.82157
-8.84851
-8.87421
-8.89855
-8.92143
-8.94276
-8.96244
-8.98039
-8.99651
-9.01072
-9.02295
-9.03311
-9.04112
-9.0469
-9.05036
-9.05141
-9.04995
-9.04588
-9.03909
-9.02947
-9.01688
-9.00118
-8.98223
-8.95985
-8.93387
-8.90408
-8.87028
-8.83224
-8.78972
-8.74246
-8.69021
-8.6327
-8.56966
-8.5008
-8.42583
-8.34446
-8.25635
-8.16117
-8.05853
-7.94803
-7.82923
-7.70167
-7.56492
-7.41854
-7.26212
-7.0953
-6.91779
-6.72936
-6.52989
-6.31937
-6.09791
-5.86578
-5.62342
-5.37142
-5.11055
-4.84176
-4.56614
-4.28495
-3.99954
-3.71139
-3.42202
-3.13298
-2.84581
-2.56201
-2.28297
-2.00997
-1.74408
-1.48624
-1.23701
-0.996752
-0.765594
-0.540823
-0.329646
-0.0926507
-9.35778
-8.8717
-8.5405
-8.41307
-8.34004
-8.30088
-8.28815
-8.28888
-8.29754
-8.3125
-8.33216
-8.3552
-8.38085
-8.40857
-8.4379
-8.46845
-8.49989
-8.53193
-8.56433
-8.59684
-8.62926
-8.66139
-8.69307
-8.72412
-8.75439
-8.78375
-8.81206
-8.8392
-8.86507
-8.88954
-8.91253
-8.93394
-8.95368
-8.97167
-8.98782
-9.00204
-9.01426
-9.0244
-9.03238
-9.0381
-9.04149
-9.04245
-9.04089
-9.03671
-9.02979
-9.02001
-9.00725
-8.99137
-8.97221
-8.94961
-8.92338
-8.89334
-8.85926
-8.82092
-8.77809
-8.73051
-8.67793
-8.62008
-8.55668
-8.48746
-8.41213
-8.33037
-8.24187
-8.14628
-8.04323
-7.93231
-7.81311
-7.68517
-7.54807
-7.4014
-7.24475
-7.07778
-6.90022
-6.71185
-6.51257
-6.30238
-6.08141
-5.84994
-5.6084
-5.3574
-5.09769
-4.83022
-4.55605
-4.27643
-3.99269
-3.70625
-3.41859
-3.13125
-2.8457
-2.5634
-2.28568
-2.0138
-1.74875
-1.49147
-1.24235
-1.00197
-0.769669
-0.544744
-0.328355
-0.100064
-10.1371
-8.65657
-8.33695
-8.31087
-8.246
-8.21713
-8.22419
-8.23879
-8.25618
-8.27789
-8.3029
-8.33004
-8.35888
-8.38912
-8.42047
-8.45264
-8.48539
-8.51849
-8.55175
-8.58496
-8.61796
-8.65056
-8.68261
-8.71396
-8.74448
-8.77403
-8.80249
-8.82976
-8.85571
-8.88026
-8.90329
-8.92473
-8.94448
-8.96246
-8.97858
-8.99277
-9.00495
-9.01503
-9.02293
-9.02857
-9.03186
-9.03271
-9.03102
-9.02669
-9.01962
-9.00967
-8.99672
-8.98063
-8.96125
-8.9384
-8.91191
-8.88159
-8.84722
-8.80858
-8.76542
-8.71752
-8.6646
-8.6064
-8.54264
-8.47306
-8.39735
-8.31521
-8.22632
-8.13034
-8.02689
-7.91558
-7.796
-7.66772
-7.53031
-7.38338
-7.22655
-7.05948
-6.88192
-6.69367
-6.49464
-6.28484
-6.06442
-5.83365
-5.59299
-5.34302
-5.0845
-4.81836
-4.54566
-4.26761
-3.9855
-3.70074
-3.41477
-3.12906
-2.84508
-2.56422
-2.28778
-2.01695
-1.7527
-1.49593
-1.24693
-1.00644
-0.773057
-0.548118
-0.326722
-0.107186
-10.6845
-7.75677
-7.83259
-8.14389
-8.13689
-8.12968
-8.1624
-8.19314
-8.21965
-8.2479
-8.27788
-8.30868
-8.34024
-8.3726
-8.40558
-8.43903
-8.47277
-8.50666
-8.54054
-8.57423
-8.6076
-8.64049
-8.67276
-8.70428
-8.73492
-8.76456
-8.79308
-8.82037
-8.84633
-8.87087
-8.89388
-8.91529
-8.93499
-8.95291
-8.96898
-8.98309
-8.99518
-9.00517
-9.01297
-9.0185
-9.02167
-9.02238
-9.02055
-9.01606
-9.00881
-8.99867
-8.98552
-8.96921
-8.94959
-8.9265
-8.89974
-8.86914
-8.83447
-8.79552
-8.75205
-8.70381
-8.65056
-8.59201
-8.52791
-8.45797
-8.3819
-8.29939
-8.21013
-8.11377
-8.00996
-7.89829
-7.77837
-7.64978
-7.51211
-7.36497
-7.20801
-7.0409
-6.86339
-6.67531
-6.47657
-6.26721
-6.04737
-5.81734
-5.57757
-5.32864
-5.07131
-4.8065
-4.53523
-4.2587
-3.97818
-3.69504
-3.41068
-3.12655
-2.84405
-2.56455
-2.28931
-2.01948
-1.75597
-1.49968
-1.25077
-1.01019
-0.7758
-0.550953
-0.324831
-0.113821
)
;

boundaryField
{
    outlet
    {
        type            fixedValue;
        value           uniform 0;
    }
    inlet
    {
        type            zeroGradient;
    }
    lowerWall
    {
        type            zeroGradient;
    }
    upperWall
    {
        type            zeroGradient;
    }
    frontAndBack
    {
        type            empty;
    }
}


// ************************************************************************* //
