/*--------------------------------*- C++ -*----------------------------------*\
| =========                 |                                                 |
| \\      /  F ield         | OpenFOAM: The Open Source CFD Toolbox           |
|  \\    /   O peration     | Version:  4.1                                   |
|   \\  /    A nd           | Web:      www.OpenFOAM.org                      |
|    \\/     M anipulation  |                                                 |
\*---------------------------------------------------------------------------*/
FoamFile
{
    version     2.0;
    format      ascii;
    class       volScalarField;
    location    "1200";
    object      k;
}
// * * * * * * * * * * * * * * * * * * * * * * * * * * * * * * * * * * * * * //

dimensions      [0 2 -2 0 0 0 0];

internalField   nonuniform List<scalar> 
6820
(
0.241787
0.289665
0.336844
0.381951
0.423953
0.46211
0.495948
0.525265
0.550093
0.57064
0.587232
0.60026
0.610145
0.617305
0.622142
0.625026
0.626287
0.62622
0.625078
0.623081
0.620414
0.617234
0.613671
0.609833
0.605811
0.601678
0.597494
0.593307
0.589155
0.585071
0.581074
0.577259
0.574892
0.202474
0.204679
0.206995
0.209467
0.212041
0.214681
0.217362
0.220056
0.222733
0.22537
0.227954
0.230479
0.232942
0.235349
0.237707
0.240025
0.242313
0.244581
0.246837
0.249089
0.251344
0.253607
0.255883
0.258175
0.260482
0.262807
0.265146
0.2675
0.269864
0.272236
0.274614
0.276992
0.279891
0.199741
0.199215
0.198471
0.197596
0.196619
0.195573
0.194483
0.193366
0.192235
0.191099
0.18997
0.188855
0.187761
0.186695
0.185662
0.184667
0.183716
0.182812
0.181958
0.181158
0.180414
0.179725
0.179091
0.17851
0.177983
0.177509
0.177086
0.176713
0.176389
0.176112
0.175879
0.175696
0.175595
0.199153
0.198176
0.197113
0.195992
0.194809
0.193571
0.192297
0.191001
0.189694
0.188384
0.187078
0.185782
0.184501
0.183238
0.181997
0.180781
0.179591
0.178431
0.177301
0.176204
0.17514
0.17411
0.173114
0.172153
0.171225
0.170332
0.169471
0.168644
0.16785
0.167087
0.166355
0.165653
0.164982
0.198981
0.1979
0.196807
0.195699
0.194559
0.193388
0.192197
0.190994
0.189785
0.188574
0.187366
0.186167
0.184978
0.183802
0.182643
0.181503
0.180382
0.179283
0.178206
0.177153
0.176124
0.175121
0.174143
0.17319
0.172263
0.171361
0.170485
0.169633
0.168807
0.168005
0.167226
0.166471
0.165731
0.198926
0.197795
0.196678
0.195576
0.194473
0.193363
0.192249
0.191134
0.190019
0.188909
0.187806
0.186711
0.185628
0.184558
0.183504
0.182465
0.181444
0.180441
0.179457
0.178492
0.177548
0.176624
0.17572
0.174837
0.173974
0.173133
0.172312
0.171511
0.17073
0.169969
0.169228
0.168505
0.167791
0.198906
0.197755
0.196631
0.195537
0.194463
0.193399
0.192342
0.191294
0.190254
0.189222
0.188201
0.187192
0.186194
0.18521
0.184241
0.183286
0.182348
0.181426
0.180521
0.179633
0.178762
0.177909
0.177075
0.176258
0.175459
0.174677
0.173914
0.173168
0.17244
0.171729
0.171035
0.170356
0.169684
0.1989
0.19774
0.196611
0.195517
0.194452
0.193408
0.192382
0.191373
0.19038
0.189401
0.188437
0.187487
0.186552
0.185631
0.184727
0.183837
0.182964
0.182107
0.181266
0.180441
0.179633
0.178841
0.178066
0.177307
0.176564
0.175838
0.175127
0.174433
0.173754
0.173091
0.172443
0.171808
0.171178
0.198897
0.197734
0.196603
0.195508
0.194448
0.193415
0.192408
0.191424
0.19046
0.189517
0.188591
0.187683
0.186792
0.185919
0.185061
0.184221
0.183396
0.182588
0.181796
0.18102
0.18026
0.179516
0.178787
0.178074
0.177376
0.176694
0.176026
0.175373
0.174735
0.174111
0.173501
0.172903
0.17231
0.198896
0.197732
0.1966
0.195505
0.194445
0.193417
0.192417
0.191444
0.190496
0.189571
0.188668
0.187785
0.186923
0.186079
0.185254
0.184446
0.183657
0.182884
0.182128
0.181388
0.180664
0.179956
0.179264
0.178587
0.177925
0.177278
0.176645
0.176026
0.175422
0.174831
0.174253
0.173687
0.173124
0.198896
0.197731
0.196599
0.195504
0.194444
0.193417
0.192421
0.191454
0.190514
0.1896
0.18871
0.187844
0.186999
0.186175
0.185371
0.184587
0.183821
0.183073
0.182342
0.181629
0.180931
0.18025
0.179585
0.178935
0.1783
0.177679
0.177073
0.17648
0.175902
0.175336
0.174784
0.174242
0.173704
0.198896
0.19773
0.196599
0.195504
0.194444
0.193418
0.192423
0.191458
0.190521
0.189612
0.188729
0.18787
0.187035
0.186222
0.18543
0.184659
0.183908
0.183176
0.182462
0.181765
0.181086
0.180423
0.179777
0.179146
0.17853
0.177929
0.177342
0.176769
0.17621
0.175664
0.175131
0.174609
0.174091
0.198896
0.19773
0.196599
0.195504
0.194444
0.193418
0.192424
0.19146
0.190525
0.189618
0.188738
0.187884
0.187054
0.186247
0.185463
0.1847
0.183958
0.183235
0.182532
0.181847
0.181179
0.180529
0.179895
0.179277
0.178675
0.178088
0.177515
0.176956
0.176411
0.175879
0.17536
0.174852
0.174348
0.198896
0.19773
0.196599
0.195504
0.194445
0.193419
0.192425
0.191461
0.190527
0.189621
0.188743
0.18789
0.187062
0.186259
0.185478
0.184719
0.183981
0.183264
0.182567
0.181888
0.181227
0.180584
0.179958
0.179349
0.178755
0.178176
0.177612
0.177063
0.176528
0.176006
0.175496
0.174998
0.174504
0.198896
0.19773
0.196599
0.195505
0.194445
0.193419
0.192425
0.191462
0.190528
0.189623
0.188745
0.187893
0.187067
0.186265
0.185486
0.184729
0.183994
0.18328
0.182586
0.181911
0.181254
0.180616
0.179995
0.17939
0.178802
0.178229
0.177671
0.177127
0.176598
0.176082
0.17558
0.175088
0.174601
0.198896
0.19773
0.196599
0.195505
0.194446
0.19342
0.192426
0.191463
0.190529
0.189624
0.188747
0.187895
0.187069
0.186268
0.18549
0.184734
0.184
0.183288
0.182595
0.181922
0.181267
0.180631
0.180012
0.179411
0.178825
0.178255
0.177701
0.177161
0.176635
0.176123
0.175625
0.175137
0.174654
0.198896
0.19773
0.1966
0.195505
0.194446
0.19342
0.192426
0.191463
0.19053
0.189625
0.188748
0.187896
0.187071
0.18627
0.185492
0.184737
0.184004
0.183292
0.1826
0.181928
0.181275
0.18064
0.180023
0.179422
0.178838
0.17827
0.177718
0.17718
0.176657
0.176147
0.175651
0.175166
0.174686
0.198896
0.19773
0.1966
0.195505
0.194446
0.19342
0.192427
0.191464
0.19053
0.189626
0.188748
0.187897
0.187072
0.186271
0.185493
0.184739
0.184006
0.183294
0.182603
0.181931
0.181279
0.180644
0.180028
0.179428
0.178845
0.178278
0.177726
0.17719
0.176667
0.176159
0.175664
0.175181
0.174702
0.198896
0.197729
0.1966
0.195506
0.194446
0.193421
0.192427
0.191464
0.190531
0.189626
0.188749
0.187898
0.187073
0.186272
0.185494
0.18474
0.184007
0.183296
0.182605
0.181933
0.181281
0.180647
0.180031
0.179432
0.178849
0.178283
0.177732
0.177195
0.176674
0.176166
0.175672
0.17519
0.174712
0.198896
0.197729
0.1966
0.195506
0.194446
0.193421
0.192427
0.191464
0.190531
0.189627
0.188749
0.187899
0.187073
0.186272
0.185495
0.184741
0.184008
0.183297
0.182606
0.181935
0.181283
0.180649
0.180033
0.179434
0.178852
0.178285
0.177734
0.177199
0.176677
0.17617
0.175676
0.175194
0.174717
0.198896
0.197729
0.1966
0.195506
0.194447
0.193421
0.192427
0.191465
0.190532
0.189627
0.18875
0.187899
0.187074
0.186273
0.185496
0.184742
0.184009
0.183298
0.182607
0.181936
0.181284
0.18065
0.180034
0.179435
0.178853
0.178287
0.177737
0.177201
0.17668
0.176173
0.175679
0.175197
0.17472
0.198896
0.197729
0.1966
0.195506
0.194447
0.193421
0.192428
0.191465
0.190532
0.189627
0.18875
0.1879
0.187074
0.186274
0.185497
0.184742
0.18401
0.183299
0.182608
0.181937
0.181285
0.180651
0.180035
0.179437
0.178855
0.178288
0.177738
0.177202
0.176681
0.176174
0.175681
0.175199
0.174722
0.198896
0.197729
0.1966
0.195506
0.194447
0.193421
0.192428
0.191465
0.190532
0.189628
0.188751
0.1879
0.187075
0.186274
0.185497
0.184743
0.18401
0.183299
0.182608
0.181937
0.181285
0.180652
0.180036
0.179437
0.178855
0.178289
0.177739
0.177203
0.176683
0.176176
0.175682
0.1752
0.174723
0.198896
0.19773
0.1966
0.195506
0.194447
0.193421
0.192428
0.191465
0.190532
0.189628
0.188751
0.1879
0.187075
0.186274
0.185497
0.184743
0.184011
0.1833
0.182609
0.181938
0.181286
0.180652
0.180037
0.179438
0.178856
0.17829
0.17774
0.177204
0.176683
0.176176
0.175683
0.175201
0.174724
0.198896
0.197729
0.1966
0.195506
0.194447
0.193421
0.192428
0.191465
0.190532
0.189628
0.188751
0.1879
0.187075
0.186274
0.185497
0.184743
0.184011
0.1833
0.182609
0.181938
0.181286
0.180653
0.180037
0.179438
0.178856
0.17829
0.17774
0.177204
0.176683
0.176176
0.175683
0.175201
0.174724
0.198896
0.197729
0.1966
0.195506
0.194447
0.193421
0.192428
0.191465
0.190532
0.189628
0.188751
0.1879
0.187075
0.186274
0.185497
0.184743
0.184011
0.1833
0.182609
0.181938
0.181286
0.180653
0.180037
0.179438
0.178856
0.17829
0.17774
0.177204
0.176683
0.176177
0.175683
0.175201
0.174724
0.198896
0.197729
0.1966
0.195506
0.194447
0.193421
0.192428
0.191465
0.190532
0.189628
0.188751
0.1879
0.187075
0.186274
0.185497
0.184743
0.18401
0.183299
0.182608
0.181937
0.181285
0.180652
0.180036
0.179437
0.178855
0.178289
0.177738
0.177203
0.176682
0.176175
0.175681
0.175199
0.174722
0.198896
0.197729
0.1966
0.195506
0.194447
0.193421
0.192428
0.191465
0.190532
0.189628
0.188751
0.1879
0.187075
0.186274
0.185497
0.184743
0.18401
0.183299
0.182608
0.181937
0.181285
0.180652
0.180036
0.179437
0.178855
0.178289
0.177738
0.177203
0.176682
0.176175
0.175681
0.175199
0.174722
0.198896
0.197729
0.1966
0.195506
0.194447
0.193421
0.192428
0.191465
0.190532
0.189627
0.18875
0.187899
0.187074
0.186273
0.185496
0.184741
0.184009
0.183297
0.182606
0.181935
0.181283
0.180649
0.180033
0.179434
0.178852
0.178285
0.177735
0.177199
0.176678
0.176171
0.175677
0.175195
0.174718
0.198896
0.197729
0.1966
0.195506
0.194447
0.193421
0.192427
0.191465
0.190532
0.189627
0.18875
0.187899
0.187074
0.186273
0.185496
0.184742
0.184009
0.183298
0.182607
0.181936
0.181283
0.18065
0.180034
0.179435
0.178852
0.178286
0.177735
0.177199
0.176678
0.176171
0.175677
0.175195
0.174717
0.198896
0.197729
0.1966
0.195506
0.194447
0.193421
0.192427
0.191464
0.190531
0.189626
0.188749
0.187898
0.187072
0.186271
0.185493
0.184738
0.184005
0.183294
0.182602
0.181931
0.181278
0.180644
0.180028
0.179428
0.178846
0.178279
0.177728
0.177192
0.17667
0.176162
0.175668
0.175185
0.174708
0.198896
0.197729
0.1966
0.195506
0.194446
0.193421
0.192427
0.191464
0.190531
0.189627
0.18875
0.187899
0.187074
0.186273
0.185496
0.184741
0.184008
0.183297
0.182605
0.181934
0.181281
0.180646
0.18003
0.17943
0.178847
0.17828
0.177728
0.177191
0.176669
0.176161
0.175666
0.175182
0.174704
0.198896
0.19773
0.1966
0.195505
0.194446
0.19342
0.192426
0.191462
0.190528
0.189623
0.188745
0.187893
0.187067
0.186265
0.185487
0.184732
0.183998
0.183286
0.182594
0.181921
0.181267
0.180632
0.180014
0.179413
0.178829
0.178261
0.177708
0.17717
0.176646
0.176136
0.175639
0.175154
0.174674
0.198896
0.19773
0.1966
0.195506
0.194447
0.193422
0.192429
0.191467
0.190534
0.18963
0.188753
0.187901
0.187075
0.186274
0.185495
0.184739
0.184004
0.183291
0.182597
0.181923
0.181267
0.180629
0.180009
0.179405
0.178818
0.178247
0.17769
0.177149
0.176621
0.176108
0.175607
0.175118
0.174633
0.198896
0.19773
0.1966
0.195504
0.194443
0.193416
0.192421
0.191457
0.190522
0.189617
0.188738
0.187885
0.187057
0.186253
0.185472
0.184713
0.183975
0.183258
0.18256
0.181881
0.181221
0.180578
0.179952
0.179343
0.17875
0.178172
0.177609
0.177061
0.176527
0.176007
0.175499
0.175004
0.174512
0.198897
0.197733
0.196606
0.195516
0.194462
0.193441
0.19245
0.191489
0.190556
0.18965
0.18877
0.187914
0.187082
0.186273
0.185486
0.18472
0.183974
0.183248
0.182541
0.181852
0.181181
0.180527
0.17989
0.17927
0.178665
0.178075
0.1775
0.17694
0.176393
0.17586
0.175341
0.174832
0.174328
0.1989
0.197735
0.196605
0.195515
0.194465
0.193449
0.192464
0.191508
0.190579
0.189676
0.188796
0.187939
0.187104
0.186291
0.185497
0.184724
0.18397
0.183235
0.182518
0.181819
0.181138
0.180473
0.179825
0.179193
0.178577
0.177976
0.177391
0.176819
0.176262
0.175719
0.175189
0.174672
0.174158
0.198944
0.197852
0.196795
0.195774
0.194787
0.193827
0.192894
0.191986
0.191101
0.190238
0.189397
0.188577
0.187778
0.186998
0.186237
0.185495
0.184771
0.184066
0.183378
0.182708
0.182054
0.181417
0.180797
0.180192
0.179603
0.179029
0.178471
0.177927
0.177397
0.176881
0.176379
0.175889
0.175406
0.199227
0.198572
0.198048
0.197613
0.197233
0.196892
0.196584
0.196305
0.196052
0.195821
0.19561
0.195418
0.195243
0.195084
0.194942
0.194813
0.194699
0.194597
0.194508
0.194431
0.194364
0.194308
0.194261
0.194224
0.194195
0.194174
0.194162
0.194156
0.194157
0.194164
0.194178
0.194197
0.194225
0.209515
0.220347
0.230808
0.24093
0.250733
0.260233
0.269438
0.278351
0.286978
0.295321
0.303382
0.311166
0.318675
0.325913
0.332885
0.339595
0.346049
0.352252
0.35821
0.363929
0.369416
0.374677
0.379719
0.38455
0.389175
0.393602
0.397838
0.401889
0.405764
0.409467
0.413007
0.416391
0.419648
0.644258
0.805083
0.984482
1.16997
1.33647
1.47316
1.57918
1.65841
1.71681
1.76018
1.79289
1.81768
1.8366
1.851
1.86171
1.86908
1.87291
1.87357
1.87079
1.86487
1.85629
1.84556
1.83318
1.81967
1.80558
1.79141
1.7776
1.76447
1.75225
1.74111
1.73121
1.72267
1.71555
1.70986
1.70555
1.70255
1.70074
1.7
1.70014
1.70098
1.70231
1.70393
1.70561
1.70715
1.70834
1.70897
1.70884
1.70778
1.70562
1.70222
1.69743
1.69115
1.68329
1.67378
1.66258
1.64966
1.63502
1.61868
1.60068
1.58109
1.55997
1.53744
1.51362
1.48863
1.46262
1.43576
1.4082
1.38013
1.35173
1.32318
1.29465
1.26634
1.23841
1.21103
1.18435
1.15852
1.13365
1.10984
1.08715
1.06564
1.04531
1.02618
1.00823
0.991444
0.975768
0.961151
0.947524
0.934806
0.92291
0.911739
0.901191
0.891164
0.881562
0.872289
0.863318
0.854613
0.846452
0.839004
0.833689
0.830601
0.287841
0.30752
0.342161
0.396111
0.468651
0.556221
0.652977
0.752617
0.849885
0.941069
1.02403
1.09793
1.16296
1.21991
1.2698
1.31347
1.35141
1.38398
1.41195
1.43561
1.45528
1.47126
1.48386
1.49345
1.50046
1.50534
1.50851
1.51034
1.51118
1.51133
1.51107
1.51064
1.51023
1.50999
1.51002
1.51039
1.51111
1.51217
1.51351
1.51505
1.51668
1.51827
1.51968
1.52077
1.52138
1.52137
1.52058
1.51888
1.51614
1.51223
1.50706
1.50055
1.49263
1.48325
1.47239
1.46002
1.44617
1.43086
1.41413
1.39605
1.37671
1.35619
1.33461
1.31211
1.28881
1.26487
1.24044
1.21568
1.19075
1.16581
1.14104
1.11657
1.09256
1.06915
1.04647
1.02463
1.00373
0.983842
0.965029
0.947317
0.930716
0.915222
0.900818
0.887471
0.875137
0.86376
0.853272
0.843598
0.834653
0.826344
0.818579
0.811257
0.804292
0.797593
0.791131
0.784876
0.779069
0.773857
0.770444
0.76878
0.175883
0.177379
0.180713
0.187103
0.197763
0.213718
0.236281
0.266323
0.303961
0.348549
0.399026
0.454032
0.51208
0.571722
0.631657
0.690747
0.747976
0.802297
0.853521
0.901439
0.945895
0.98678
1.02404
1.05768
1.08782
1.11461
1.13829
1.1591
1.1773
1.19318
1.20703
1.21913
1.22974
1.2391
1.24743
1.25489
1.26164
1.26778
1.27337
1.27846
1.28306
1.28714
1.29066
1.29357
1.29579
1.29724
1.29784
1.2975
1.29614
1.29368
1.29005
1.28519
1.27905
1.27161
1.26284
1.25274
1.24134
1.22865
1.21473
1.19965
1.18347
1.1663
1.14824
1.12941
1.10995
1.08997
1.06963
1.04907
1.02843
1.00784
0.987453
0.967393
0.947789
0.928756
0.910403
0.892823
0.876096
0.860284
0.845432
0.831562
0.81868
0.80678
0.795842
0.785835
0.776717
0.768436
0.76093
0.754131
0.74796
0.742334
0.737168
0.732371
0.727863
0.723561
0.719439
0.715465
0.711852
0.708715
0.707064
0.706689
0.164172
0.163488
0.163038
0.16304
0.163751
0.165459
0.168527
0.173355
0.180333
0.189998
0.202773
0.218999
0.238945
0.262767
0.290477
0.321909
0.356678
0.394159
0.433598
0.474403
0.515938
0.557562
0.59866
0.638683
0.677176
0.713786
0.748262
0.780444
0.810253
0.837686
0.862802
0.885703
0.906524
0.925417
0.942545
0.958073
0.972155
0.984933
0.996526
1.00703
1.01653
1.02506
1.03267
1.03936
1.04512
1.04993
1.05377
1.05658
1.05834
1.059
1.05852
1.05686
1.05399
1.04991
1.04461
1.03809
1.03039
1.02152
1.01155
1.00054
0.988555
0.975695
0.962054
0.94774
0.932868
0.917557
0.90193
0.88611
0.87022
0.85438
0.838708
0.823314
0.808304
0.793778
0.779823
0.76652
0.753935
0.742122
0.731117
0.720943
0.711604
0.703097
0.695404
0.6885
0.682349
0.676907
0.672121
0.667931
0.664269
0.661063
0.658237
0.65571
0.65341
0.651264
0.649248
0.647331
0.645697
0.644428
0.644352
0.645109
0.164797
0.163875
0.162998
0.162212
0.161573
0.161149
0.161034
0.161341
0.162195
0.163748
0.166181
0.169687
0.174467
0.180726
0.18868
0.198534
0.210473
0.224619
0.240987
0.259611
0.280449
0.303374
0.328171
0.354547
0.382147
0.410575
0.439421
0.468285
0.496798
0.52464
0.551553
0.577336
0.601848
0.625004
0.646762
0.66712
0.686102
0.70375
0.720115
0.735253
0.749215
0.762049
0.773791
0.784469
0.7941
0.80269
0.810236
0.816729
0.822153
0.826491
0.829726
0.831843
0.83283
0.832685
0.831414
0.829029
0.825556
0.821032
0.815502
0.809024
0.801666
0.793506
0.784629
0.775129
0.765103
0.754653
0.743884
0.7329
0.721804
0.710699
0.699682
0.688848
0.678286
0.668079
0.658304
0.649027
0.640309
0.632195
0.624722
0.617911
0.611772
0.606305
0.601499
0.597337
0.593791
0.590828
0.588405
0.586473
0.584975
0.583851
0.583036
0.58246
0.58206
0.581773
0.581575
0.581439
0.581519
0.581867
0.583142
0.584851
0.166889
0.165976
0.165066
0.164173
0.163312
0.162504
0.161777
0.16117
0.160729
0.160505
0.160562
0.160974
0.16182
0.163187
0.165168
0.167861
0.171369
0.175793
0.181214
0.187722
0.195406
0.204344
0.214598
0.226202
0.239159
0.25343
0.268935
0.285552
0.303117
0.321442
0.340316
0.359522
0.378848
0.398095
0.417085
0.435666
0.453714
0.471131
0.487843
0.503796
0.518952
0.533284
0.546773
0.559407
0.571171
0.582056
0.592046
0.601127
0.609284
0.616499
0.622757
0.628045
0.632354
0.63568
0.638024
0.639398
0.639818
0.639312
0.637916
0.635674
0.63264
0.628875
0.624447
0.619432
0.613907
0.607955
0.601661
0.595111
0.588389
0.58158
0.574765
0.568022
0.561427
0.555051
0.548958
0.543209
0.537856
0.532943
0.528505
0.524565
0.521139
0.518232
0.515842
0.51396
0.512569
0.511644
0.511155
0.511064
0.511326
0.511892
0.512707
0.513715
0.514862
0.516092
0.517385
0.518714
0.520206
0.521886
0.524259
0.526721
0.168835
0.167969
0.1671
0.16623
0.165369
0.16452
0.163693
0.162901
0.16216
0.161491
0.160916
0.160469
0.160182
0.160095
0.160251
0.160697
0.161481
0.162654
0.164261
0.166348
0.168961
0.172151
0.175963
0.180444
0.185634
0.19157
0.198277
0.205769
0.214043
0.223082
0.23285
0.243293
0.25434
0.265905
0.277893
0.2902
0.302722
0.315355
0.327999
0.34056
0.352954
0.365103
0.37694
0.388402
0.399435
0.409991
0.420024
0.429493
0.43836
0.44659
0.454151
0.461016
0.467161
0.472567
0.477223
0.481124
0.48427
0.486672
0.488348
0.489321
0.489626
0.489302
0.488396
0.486961
0.485054
0.482735
0.480069
0.477121
0.473958
0.470645
0.467247
0.463829
0.460452
0.457176
0.454056
0.451145
0.448489
0.446129
0.4441
0.442428
0.441132
0.440224
0.439708
0.439583
0.439842
0.44047
0.441446
0.442743
0.444329
0.446163
0.448205
0.450405
0.452719
0.455101
0.457532
0.459988
0.462569
0.465274
0.468476
0.471481
0.170384
0.169571
0.168753
0.16793
0.167106
0.166282
0.16546
0.164646
0.163847
0.16307
0.162326
0.161627
0.160989
0.16043
0.15997
0.159633
0.159443
0.159428
0.159616
0.160031
0.160701
0.161651
0.162908
0.164498
0.166443
0.168768
0.171494
0.174639
0.178219
0.182247
0.186729
0.191667
0.197056
0.202886
0.209136
0.215781
0.222788
0.230119
0.23773
0.245572
0.253594
0.261744
0.269967
0.278209
0.286417
0.294539
0.302523
0.310319
0.317879
0.325158
0.332111
0.338699
0.344885
0.350635
0.355923
0.360726
0.365027
0.368818
0.372096
0.374863
0.377131
0.378918
0.380246
0.381146
0.381652
0.381802
0.381638
0.381207
0.380553
0.379727
0.378775
0.377749
0.376695
0.375662
0.374695
0.373839
0.373133
0.372616
0.37232
0.37227
0.37249
0.372994
0.373793
0.374891
0.376289
0.37798
0.379953
0.382188
0.384663
0.387348
0.390211
0.393213
0.396318
0.399487
0.402703
0.405943
0.409285
0.412707
0.416465
0.419806
0.171562
0.170796
0.170024
0.169247
0.168465
0.167679
0.166891
0.166103
0.165316
0.164535
0.163764
0.163006
0.162269
0.161561
0.160892
0.160272
0.159716
0.159237
0.158851
0.158576
0.158426
0.158419
0.158571
0.158899
0.159418
0.160143
0.161088
0.162265
0.163684
0.165357
0.16729
0.16949
0.171963
0.17471
0.177732
0.181027
0.18459
0.188413
0.192486
0.196795
0.201323
0.20605
0.210955
0.216012
0.221194
0.226472
0.231813
0.237187
0.242557
0.247889
0.253148
0.258297
0.263303
0.268132
0.272753
0.277139
0.281264
0.285107
0.288654
0.291893
0.294818
0.297429
0.299731
0.301734
0.303451
0.304903
0.306113
0.307106
0.307912
0.308561
0.309088
0.309527
0.309912
0.310279
0.310665
0.311104
0.31163
0.312275
0.313066
0.31403
0.315189
0.316558
0.318153
0.319982
0.32205
0.324355
0.326893
0.329654
0.332621
0.335773
0.339086
0.34253
0.346075
0.34969
0.35336
0.357061
0.360854
0.364696
0.368754
0.372239
0.172416
0.17169
0.170959
0.170221
0.169479
0.168731
0.16798
0.167224
0.166466
0.165707
0.164948
0.164191
0.16344
0.162697
0.161967
0.161255
0.160569
0.159915
0.159302
0.158739
0.158237
0.157806
0.157456
0.157199
0.157046
0.157007
0.157092
0.157312
0.157673
0.158184
0.158852
0.159681
0.160677
0.161843
0.163181
0.164694
0.166382
0.168245
0.170281
0.172488
0.174862
0.177397
0.180088
0.182925
0.185898
0.188997
0.192208
0.195514
0.198901
0.202348
0.205835
0.209342
0.212845
0.216321
0.219748
0.223103
0.226364
0.229511
0.232526
0.235394
0.238103
0.240644
0.243011
0.245203
0.247221
0.249072
0.250764
0.25231
0.253725
0.255027
0.256235
0.257372
0.258462
0.259528
0.260598
0.261697
0.262852
0.264087
0.265428
0.266896
0.268511
0.270291
0.27225
0.274398
0.276743
0.279289
0.282035
0.284976
0.288101
0.291398
0.294847
0.298425
0.30211
0.305876
0.30971
0.313589
0.317556
0.321557
0.325688
0.329151
0.173028
0.172334
0.171635
0.170931
0.170221
0.169507
0.168787
0.168063
0.167336
0.166604
0.16587
0.165134
0.164396
0.16366
0.162925
0.162195
0.161473
0.160762
0.160068
0.159394
0.158747
0.158133
0.157558
0.15703
0.156556
0.156143
0.1558
0.155533
0.155349
0.155254
0.155254
0.155354
0.155558
0.155871
0.156294
0.156831
0.157484
0.158252
0.159138
0.160142
0.161262
0.162497
0.163848
0.16531
0.16688
0.168556
0.170333
0.172203
0.174161
0.176198
0.178305
0.180471
0.182685
0.184934
0.187204
0.189481
0.191752
0.194001
0.196217
0.198384
0.200493
0.202534
0.204498
0.206379
0.208175
0.209884
0.211508
0.213051
0.214519
0.215922
0.217269
0.218574
0.219852
0.221119
0.222393
0.223692
0.225036
0.226445
0.227938
0.229533
0.231248
0.233098
0.235098
0.237258
0.239588
0.242093
0.244776
0.247635
0.250666
0.253858
0.2572
0.260673
0.264262
0.267943
0.271708
0.275533
0.279449
0.283393
0.287411
0.290721
0.173439
0.172772
0.172099
0.171421
0.170738
0.170051
0.169359
0.168662
0.167961
0.167256
0.166547
0.165834
0.165117
0.164398
0.163677
0.162955
0.162234
0.161514
0.160799
0.160091
0.159393
0.158709
0.158042
0.157396
0.156777
0.156189
0.155638
0.155127
0.154663
0.154251
0.153894
0.153598
0.153366
0.153202
0.15311
0.153091
0.153148
0.153283
0.153497
0.153792
0.154167
0.154624
0.155162
0.155781
0.15648
0.157259
0.158115
0.159047
0.160053
0.161128
0.16227
0.163473
0.164732
0.166042
0.167395
0.168784
0.170201
0.171638
0.173086
0.174537
0.175982
0.177415
0.178829
0.180218
0.181577
0.182905
0.184199
0.185459
0.186689
0.187891
0.189072
0.190238
0.191398
0.192563
0.193745
0.194957
0.196212
0.197527
0.198914
0.20039
0.201969
0.203666
0.205491
0.207458
0.209575
0.211849
0.214284
0.216883
0.219643
0.222559
0.225622
0.228821
0.232142
0.235568
0.23909
0.242687
0.246381
0.250104
0.253871
0.256935
0.173715
0.173067
0.172414
0.171756
0.171094
0.170428
0.169757
0.169082
0.168403
0.16772
0.167032
0.166341
0.165645
0.164946
0.164243
0.163537
0.162829
0.162119
0.161408
0.160698
0.15999
0.159286
0.158588
0.157899
0.15722
0.156557
0.15591
0.155285
0.154683
0.15411
0.153568
0.153061
0.152591
0.152163
0.151779
0.151441
0.151152
0.150914
0.150729
0.150598
0.150521
0.150501
0.150538
0.150632
0.150784
0.150993
0.151259
0.151582
0.151962
0.152397
0.152885
0.153425
0.154015
0.154653
0.155334
0.156056
0.156814
0.157605
0.158423
0.159264
0.160124
0.160997
0.161878
0.162765
0.163654
0.164541
0.165426
0.166307
0.167185
0.168061
0.168938
0.169821
0.170714
0.171624
0.17256
0.17353
0.174545
0.175615
0.176753
0.177969
0.179277
0.180688
0.182214
0.183865
0.18565
0.187578
0.189654
0.191882
0.194262
0.196792
0.199468
0.202281
0.205223
0.208278
0.211441
0.214693
0.218046
0.221433
0.224855
0.227615
0.173885
0.17325
0.172612
0.171969
0.171323
0.170672
0.170018
0.16936
0.168698
0.168031
0.167362
0.166688
0.16601
0.165328
0.164642
0.163953
0.16326
0.162564
0.161865
0.161165
0.160462
0.15976
0.159058
0.158358
0.157662
0.156972
0.156288
0.155614
0.154952
0.154303
0.153671
0.153058
0.152465
0.151897
0.151353
0.150838
0.150353
0.1499
0.14948
0.149095
0.148747
0.148436
0.148164
0.147931
0.147738
0.147585
0.147473
0.147403
0.147373
0.147384
0.147436
0.147528
0.14766
0.147829
0.148036
0.148279
0.148556
0.148864
0.149202
0.149568
0.149958
0.150371
0.150803
0.151253
0.151718
0.152196
0.152687
0.15319
0.153704
0.15423
0.15477
0.155326
0.155902
0.156503
0.157132
0.157798
0.158507
0.159268
0.16009
0.160982
0.161954
0.163017
0.164181
0.165456
0.16685
0.168373
0.17003
0.171827
0.173767
0.175851
0.178077
0.180439
0.182933
0.185548
0.188279
0.191108
0.194045
0.197024
0.200042
0.202468
0.173991
0.173366
0.172737
0.172105
0.17147
0.170831
0.170188
0.169542
0.168892
0.168239
0.167582
0.166922
0.166257
0.16559
0.164918
0.164243
0.163564
0.162882
0.162196
0.161508
0.160816
0.160123
0.159428
0.158732
0.158035
0.15734
0.156647
0.155957
0.155272
0.154592
0.153921
0.153258
0.152607
0.151968
0.151343
0.150733
0.150142
0.149569
0.149016
0.148485
0.147977
0.147493
0.147034
0.146601
0.146195
0.145817
0.145466
0.145144
0.144851
0.144587
0.144353
0.144147
0.143971
0.143824
0.143705
0.143615
0.143552
0.143515
0.143505
0.143519
0.143557
0.143617
0.143698
0.1438
0.14392
0.144058
0.144213
0.144385
0.144575
0.144781
0.145006
0.145252
0.145519
0.145813
0.146135
0.146492
0.146888
0.147329
0.147824
0.148378
0.149002
0.149702
0.150489
0.151371
0.152357
0.153455
0.154673
0.156018
0.157493
0.159103
0.160848
0.162726
0.164736
0.16687
0.169125
0.171486
0.17396
0.176486
0.179066
0.181145
0.17405
0.173431
0.172809
0.172184
0.171556
0.170924
0.170289
0.169652
0.169011
0.168366
0.167719
0.167068
0.166415
0.165757
0.165097
0.164432
0.163765
0.163094
0.16242
0.161742
0.161061
0.160378
0.159692
0.159004
0.158314
0.157623
0.156932
0.156241
0.155551
0.154863
0.154177
0.153496
0.15282
0.152149
0.151486
0.150831
0.150185
0.14955
0.148926
0.148315
0.147718
0.147136
0.146569
0.146018
0.145485
0.14497
0.144473
0.143995
0.143537
0.143099
0.142681
0.142283
0.141907
0.141551
0.141216
0.140901
0.140608
0.140335
0.140082
0.139848
0.139634
0.139439
0.139262
0.139103
0.138962
0.138837
0.138729
0.138638
0.138564
0.138507
0.138468
0.138448
0.138448
0.138472
0.138522
0.1386
0.138712
0.138861
0.139053
0.139294
0.13959
0.139949
0.140379
0.140886
0.14148
0.142168
0.142958
0.143857
0.144872
0.146008
0.147268
0.148653
0.150165
0.1518
0.153556
0.155423
0.157407
0.159453
0.161575
0.163296
0.174085
0.17347
0.172852
0.172231
0.171608
0.170981
0.170352
0.16972
0.169084
0.168446
0.167805
0.167161
0.166514
0.165864
0.165211
0.164555
0.163896
0.163233
0.162568
0.161899
0.161227
0.160553
0.159875
0.159196
0.158513
0.157829
0.157144
0.156457
0.15577
0.155082
0.154395
0.153709
0.153025
0.152343
0.151664
0.150989
0.150318
0.149653
0.148994
0.148342
0.147698
0.147062
0.146435
0.145819
0.145212
0.144618
0.144034
0.143463
0.142905
0.14236
0.141829
0.141312
0.140809
0.14032
0.139846
0.139386
0.138942
0.138512
0.138097
0.137697
0.137311
0.13694
0.136583
0.136241
0.135912
0.135598
0.135297
0.13501
0.134737
0.134479
0.134236
0.134008
0.133798
0.133606
0.133434
0.133285
0.133161
0.133066
0.133003
0.132978
0.132994
0.133059
0.133176
0.133355
0.1336
0.13392
0.134322
0.134813
0.1354
0.136089
0.136886
0.137795
0.138819
0.139958
0.141214
0.142579
0.144061
0.145614
0.147262
0.148616
0.174103
0.17349
0.172875
0.172257
0.171636
0.171012
0.170386
0.169757
0.169125
0.168491
0.167854
0.167214
0.166572
0.165927
0.165279
0.164628
0.163974
0.163318
0.162659
0.161996
0.161331
0.160663
0.159993
0.15932
0.158645
0.157967
0.157288
0.156607
0.155924
0.155241
0.154556
0.153872
0.153187
0.152503
0.15182
0.151138
0.150458
0.14978
0.149106
0.148435
0.147767
0.147105
0.146448
0.145796
0.14515
0.144512
0.14388
0.143256
0.14264
0.142032
0.141434
0.140844
0.140264
0.139694
0.139133
0.138583
0.138043
0.137514
0.136995
0.136486
0.135989
0.135501
0.135025
0.134559
0.134104
0.133659
0.133224
0.132801
0.132388
0.131986
0.131595
0.131216
0.13085
0.130498
0.13016
0.129839
0.129535
0.129252
0.128992
0.128758
0.128554
0.128384
0.128252
0.128163
0.128123
0.128138
0.128214
0.128357
0.128575
0.128873
0.129258
0.129735
0.13031
0.130984
0.131764
0.132643
0.133634
0.134696
0.135868
0.136844
0.174113
0.173502
0.172888
0.172272
0.171652
0.171031
0.170406
0.169779
0.16915
0.168518
0.167883
0.167246
0.166607
0.165964
0.16532
0.164672
0.164022
0.16337
0.162715
0.162057
0.161396
0.160733
0.160068
0.1594
0.15873
0.158057
0.157383
0.156707
0.156029
0.15535
0.15467
0.153988
0.153306
0.152623
0.151941
0.151258
0.150576
0.149894
0.149214
0.148535
0.147858
0.147183
0.146511
0.145842
0.145177
0.144515
0.143857
0.143204
0.142556
0.141913
0.141276
0.140645
0.14002
0.139401
0.138789
0.138184
0.137586
0.136996
0.136412
0.135836
0.135268
0.134707
0.134154
0.133609
0.133071
0.132541
0.132018
0.131504
0.130997
0.130497
0.130006
0.129524
0.12905
0.128585
0.128131
0.127688
0.127256
0.126838
0.126436
0.12605
0.125684
0.125341
0.125022
0.124733
0.124477
0.124259
0.124083
0.123954
0.123877
0.12386
0.123906
0.124022
0.124213
0.124484
0.124841
0.125282
0.125819
0.12642
0.127137
0.127735
0.174119
0.173508
0.172895
0.172279
0.171661
0.17104
0.170417
0.169791
0.169163
0.168532
0.167899
0.167263
0.166625
0.165985
0.165342
0.164697
0.164049
0.163399
0.162746
0.162091
0.161433
0.160773
0.160111
0.159447
0.15878
0.158112
0.157441
0.156769
0.156095
0.155419
0.154742
0.154064
0.153385
0.152705
0.152024
0.151343
0.150661
0.149979
0.149298
0.148617
0.147937
0.147257
0.146579
0.145902
0.145228
0.144555
0.143885
0.143217
0.142552
0.141891
0.141233
0.140578
0.139928
0.139282
0.138641
0.138004
0.137372
0.136745
0.136123
0.135506
0.134895
0.134289
0.133689
0.133094
0.132505
0.131921
0.131343
0.13077
0.130202
0.12964
0.129084
0.128533
0.127988
0.12745
0.126917
0.126392
0.125874
0.125365
0.124865
0.124376
0.123899
0.123435
0.122988
0.122558
0.12215
0.121765
0.121408
0.121081
0.120789
0.120536
0.120326
0.120165
0.120056
0.120006
0.120018
0.120094
0.120247
0.120448
0.12076
0.121003
0.174123
0.173512
0.1729
0.172284
0.171666
0.171046
0.170423
0.169798
0.16917
0.16854
0.167908
0.167273
0.166636
0.165997
0.165355
0.164711
0.164064
0.163415
0.162764
0.162111
0.161455
0.160797
0.160137
0.159475
0.15881
0.158144
0.157476
0.156806
0.156135
0.155462
0.154788
0.154112
0.153435
0.152757
0.152078
0.151399
0.150719
0.150038
0.149357
0.148676
0.147996
0.147315
0.146635
0.145955
0.145277
0.144599
0.143923
0.143248
0.142575
0.141904
0.141236
0.140569
0.139906
0.139245
0.138587
0.137933
0.137281
0.136634
0.13599
0.13535
0.134713
0.134081
0.133453
0.132828
0.132208
0.131591
0.130979
0.13037
0.129765
0.129164
0.128567
0.127973
0.127383
0.126797
0.126215
0.125638
0.125064
0.124496
0.123933
0.123376
0.122826
0.122284
0.121751
0.121229
0.120719
0.120223
0.119744
0.119283
0.118843
0.118427
0.118039
0.11768
0.117356
0.11707
0.116826
0.116624
0.116479
0.116363
0.116346
0.116287
0.174125
0.173515
0.172902
0.172287
0.171669
0.171049
0.170427
0.169802
0.169175
0.168545
0.167913
0.167278
0.166642
0.166003
0.165361
0.164718
0.164072
0.163424
0.162773
0.162121
0.161466
0.160809
0.16015
0.159489
0.158827
0.158162
0.157495
0.156827
0.156157
0.155486
0.154813
0.154139
0.153464
0.152788
0.152111
0.151433
0.150754
0.150075
0.149395
0.148715
0.148034
0.147354
0.146673
0.145993
0.145313
0.144634
0.143955
0.143278
0.142601
0.141926
0.141252
0.14058
0.13991
0.139241
0.138575
0.137911
0.13725
0.136591
0.135935
0.135281
0.134631
0.133984
0.133339
0.132698
0.132059
0.131423
0.130791
0.130161
0.129533
0.128909
0.128287
0.127667
0.12705
0.126435
0.125822
0.125211
0.124603
0.123998
0.123396
0.122796
0.122201
0.121609
0.121023
0.120442
0.119869
0.119302
0.118745
0.118198
0.117663
0.117142
0.116636
0.116148
0.115679
0.115233
0.114813
0.114418
0.114061
0.113715
0.113455
0.113162
0.174126
0.173516
0.172904
0.172289
0.171671
0.171051
0.170429
0.169804
0.169177
0.168547
0.167915
0.167281
0.166645
0.166006
0.165365
0.164721
0.164076
0.163428
0.162778
0.162126
0.161472
0.160815
0.160157
0.159497
0.158835
0.158171
0.157505
0.156838
0.156169
0.155499
0.154827
0.154154
0.15348
0.152805
0.152129
0.151452
0.150774
0.150095
0.149416
0.148737
0.148057
0.147377
0.146696
0.146016
0.145336
0.144657
0.143977
0.143299
0.142621
0.141944
0.141267
0.140593
0.139919
0.139247
0.138577
0.137908
0.137241
0.136577
0.135914
0.135254
0.134596
0.13394
0.133287
0.132636
0.131987
0.131341
0.130696
0.130054
0.129414
0.128775
0.128139
0.127504
0.12687
0.126238
0.125606
0.124977
0.124348
0.12372
0.123094
0.122469
0.121846
0.121225
0.120606
0.11999
0.119378
0.118769
0.118165
0.117566
0.116973
0.116387
0.115809
0.115239
0.114681
0.114134
0.113601
0.113081
0.112586
0.112087
0.111663
0.111206
0.174127
0.173517
0.172905
0.17229
0.171672
0.171052
0.17043
0.169805
0.169178
0.168549
0.167917
0.167283
0.166646
0.166007
0.165366
0.164723
0.164078
0.16343
0.16278
0.162128
0.161474
0.160818
0.16016
0.1595
0.158839
0.158175
0.15751
0.156843
0.156175
0.155505
0.154834
0.154161
0.153488
0.152813
0.152137
0.151461
0.150783
0.150105
0.149427
0.148747
0.148068
0.147388
0.146708
0.146028
0.145348
0.144668
0.143989
0.14331
0.142631
0.141954
0.141277
0.140601
0.139926
0.139252
0.13858
0.137909
0.13724
0.136572
0.135906
0.135242
0.13458
0.13392
0.133262
0.132606
0.131952
0.131299
0.130649
0.129999
0.129352
0.128706
0.128061
0.127416
0.126773
0.126131
0.125489
0.124848
0.124207
0.123566
0.122926
0.122286
0.121647
0.121009
0.120371
0.119735
0.119101
0.118468
0.117837
0.117208
0.116582
0.115959
0.115339
0.114723
0.114112
0.113506
0.112907
0.112312
0.111732
0.11114
0.110615
0.110052
0.174127
0.173517
0.172905
0.17229
0.171672
0.171052
0.17043
0.169805
0.169178
0.168548
0.167916
0.167282
0.166645
0.166007
0.165365
0.164722
0.164077
0.163429
0.162779
0.162127
0.161474
0.160818
0.16016
0.1595
0.158838
0.158175
0.15751
0.156843
0.156175
0.155506
0.154835
0.154162
0.153489
0.152814
0.152139
0.151462
0.150785
0.150107
0.149429
0.14875
0.14807
0.147391
0.146711
0.146031
0.145351
0.144671
0.143991
0.143312
0.142633
0.141955
0.141278
0.140601
0.139926
0.139251
0.138578
0.137906
0.137235
0.136566
0.135899
0.135233
0.134569
0.133907
0.133246
0.132587
0.13193
0.131274
0.13062
0.129967
0.129315
0.128664
0.128014
0.127365
0.126716
0.126068
0.12542
0.124772
0.124124
0.123476
0.122828
0.12218
0.121533
0.120885
0.120238
0.119591
0.118945
0.1183
0.117655
0.117012
0.116369
0.115727
0.115087
0.114447
0.113809
0.113171
0.112537
0.111902
0.111277
0.110633
0.110052
0.109429
0.174127
0.173517
0.172905
0.17229
0.171672
0.171052
0.17043
0.169805
0.169178
0.168548
0.167916
0.167282
0.166645
0.166006
0.165365
0.164722
0.164076
0.163428
0.162779
0.162127
0.161473
0.160817
0.160159
0.159499
0.158837
0.158174
0.157509
0.156842
0.156174
0.155504
0.154833
0.154161
0.153487
0.152813
0.152137
0.15146
0.150783
0.150105
0.149426
0.148747
0.148067
0.147387
0.146707
0.146027
0.145347
0.144666
0.143987
0.143307
0.142628
0.141949
0.141271
0.140594
0.139918
0.139243
0.138569
0.137896
0.137225
0.136555
0.135886
0.135219
0.134554
0.13389
0.133228
0.132567
0.131908
0.13125
0.130593
0.129938
0.129284
0.12863
0.127977
0.127325
0.126673
0.126021
0.12537
0.124718
0.124066
0.123415
0.122763
0.122111
0.12146
0.120808
0.120157
0.119506
0.118856
0.118207
0.117558
0.116909
0.116261
0.115613
0.114965
0.114317
0.113669
0.11302
0.112371
0.11172
0.111076
0.11041
0.109806
0.109153
0.174125
0.173515
0.172902
0.172287
0.17167
0.171049
0.170427
0.169802
0.169174
0.168545
0.167913
0.167278
0.166641
0.166002
0.165361
0.164718
0.164072
0.163424
0.162774
0.162122
0.161468
0.160812
0.160154
0.159494
0.158832
0.158168
0.157503
0.156836
0.156168
0.155498
0.154827
0.154154
0.15348
0.152805
0.152129
0.151452
0.150774
0.150096
0.149417
0.148737
0.148057
0.147376
0.146696
0.146015
0.145334
0.144653
0.143972
0.143292
0.142612
0.141933
0.141254
0.140576
0.139899
0.139223
0.138548
0.137875
0.137202
0.136531
0.135862
0.135194
0.134527
0.133862
0.133198
0.132536
0.131875
0.131216
0.130557
0.1299
0.129244
0.128589
0.127934
0.12728
0.126626
0.125972
0.125319
0.124666
0.124012
0.12336
0.122707
0.122054
0.121403
0.120751
0.120101
0.119452
0.118803
0.118156
0.11751
0.116864
0.11622
0.115575
0.114931
0.114287
0.113642
0.112995
0.112349
0.111699
0.111055
0.110388
0.109783
0.109125
0.174125
0.173515
0.172902
0.172287
0.171669
0.171049
0.170426
0.169801
0.169173
0.168543
0.167911
0.167277
0.16664
0.166
0.165359
0.164715
0.164069
0.163421
0.162771
0.162118
0.161464
0.160807
0.160149
0.159489
0.158827
0.158162
0.157497
0.156829
0.15616
0.15549
0.154818
0.154145
0.15347
0.152794
0.152117
0.15144
0.150761
0.150082
0.149401
0.148721
0.148039
0.147358
0.146676
0.145994
0.145312
0.14463
0.143948
0.143266
0.142585
0.141904
0.141224
0.140545
0.139866
0.139189
0.138512
0.137837
0.137163
0.13649
0.135819
0.135149
0.134481
0.133814
0.133149
0.132485
0.131823
0.131162
0.130502
0.129843
0.129186
0.128529
0.127873
0.127218
0.126563
0.125909
0.125255
0.124602
0.12395
0.123298
0.122648
0.121998
0.12135
0.120703
0.120059
0.119416
0.118775
0.118137
0.117501
0.116867
0.116235
0.115604
0.114974
0.114344
0.113715
0.113084
0.112454
0.111821
0.111194
0.110543
0.109957
0.109313
0.17412
0.17351
0.172897
0.172281
0.171663
0.171043
0.17042
0.169794
0.169167
0.168536
0.167904
0.167269
0.166631
0.165992
0.16535
0.164706
0.164059
0.163411
0.16276
0.162107
0.161452
0.160795
0.160136
0.159475
0.158812
0.158147
0.15748
0.156812
0.156142
0.155471
0.154798
0.154123
0.153447
0.15277
0.152092
0.151413
0.150733
0.150052
0.14937
0.148688
0.148005
0.147321
0.146638
0.145954
0.145269
0.144585
0.143901
0.143218
0.142534
0.141851
0.141169
0.140488
0.139807
0.139127
0.138449
0.137771
0.137095
0.13642
0.135747
0.135075
0.134404
0.133736
0.133068
0.132403
0.131739
0.131076
0.130415
0.129756
0.129097
0.12844
0.127784
0.12713
0.126476
0.125824
0.125172
0.124523
0.123875
0.123228
0.122584
0.121942
0.121304
0.120668
0.120036
0.119408
0.118783
0.118163
0.117547
0.116935
0.116327
0.115721
0.115118
0.114517
0.113917
0.113318
0.112721
0.11212
0.111528
0.110912
0.110364
0.109752
0.17412
0.173509
0.172896
0.17228
0.171662
0.171041
0.170417
0.169791
0.169163
0.168532
0.167899
0.167263
0.166625
0.165985
0.165342
0.164697
0.164049
0.1634
0.162748
0.162094
0.161438
0.160779
0.160119
0.159456
0.158792
0.158125
0.157457
0.156787
0.156115
0.155442
0.154766
0.15409
0.153412
0.152732
0.152052
0.15137
0.150687
0.150003
0.149319
0.148633
0.147948
0.147261
0.146574
0.145887
0.1452
0.144512
0.143825
0.143138
0.142451
0.141765
0.141079
0.140394
0.13971
0.139027
0.138345
0.137664
0.136985
0.136307
0.135631
0.134957
0.134284
0.133613
0.132944
0.132277
0.131612
0.130949
0.130288
0.129628
0.128971
0.128316
0.127663
0.127012
0.126363
0.125717
0.125073
0.124432
0.123795
0.123161
0.122531
0.121906
0.121286
0.120672
0.120064
0.119462
0.118868
0.11828
0.117699
0.117125
0.116556
0.115994
0.115436
0.114882
0.114331
0.113783
0.113238
0.112691
0.112155
0.111596
0.111107
0.110548
0.174109
0.173498
0.172884
0.172268
0.171649
0.171027
0.170403
0.169776
0.169146
0.168514
0.16788
0.167243
0.166603
0.165962
0.165317
0.16467
0.164021
0.16337
0.162716
0.16206
0.161401
0.16074
0.160078
0.159412
0.158745
0.158076
0.157405
0.156732
0.156056
0.15538
0.154701
0.154021
0.153339
0.152656
0.151971
0.151285
0.150598
0.14991
0.149221
0.148532
0.147841
0.14715
0.146458
0.145767
0.145074
0.144382
0.14369
0.142999
0.142307
0.141616
0.140926
0.140237
0.139549
0.138862
0.138176
0.137492
0.13681
0.13613
0.135451
0.134775
0.134101
0.133429
0.13276
0.132094
0.13143
0.130769
0.130112
0.129457
0.128806
0.128158
0.127514
0.126874
0.126238
0.125606
0.12498
0.124359
0.123744
0.123136
0.122535
0.121942
0.121359
0.120784
0.12022
0.119667
0.119124
0.118592
0.11807
0.117559
0.117057
0.116564
0.116078
0.115599
0.115124
0.114654
0.114189
0.113724
0.113271
0.112796
0.112396
0.111914
0.174104
0.173492
0.172876
0.172258
0.171638
0.171014
0.170388
0.169759
0.169127
0.168493
0.167856
0.167216
0.166574
0.165929
0.165281
0.164631
0.163978
0.163323
0.162665
0.162005
0.161342
0.160677
0.160009
0.159339
0.158667
0.157992
0.157316
0.156637
0.155956
0.155274
0.154589
0.153903
0.153215
0.152526
0.151835
0.151142
0.150449
0.149754
0.149059
0.148362
0.147665
0.146967
0.146269
0.145571
0.144872
0.144174
0.143476
0.142778
0.142081
0.141385
0.14069
0.139996
0.139303
0.138612
0.137924
0.137237
0.136553
0.135871
0.135192
0.134517
0.133845
0.133176
0.132512
0.131852
0.131196
0.130545
0.129899
0.129258
0.128623
0.127995
0.127372
0.126757
0.12615
0.12555
0.12496
0.12438
0.12381
0.123252
0.122706
0.122174
0.121656
0.121153
0.120666
0.120195
0.11974
0.119301
0.118877
0.118467
0.11807
0.117685
0.117309
0.116941
0.11658
0.116223
0.115873
0.115525
0.11519
0.114834
0.114558
0.114185
0.174072
0.173457
0.172839
0.172218
0.171594
0.170967
0.170337
0.169704
0.169068
0.168429
0.167787
0.167143
0.166495
0.165845
0.165191
0.164535
0.163876
0.163214
0.16255
0.161883
0.161213
0.16054
0.159865
0.159187
0.158507
0.157825
0.15714
0.156453
0.155764
0.155072
0.154379
0.153684
0.152987
0.152289
0.151589
0.150888
0.150186
0.149482
0.148778
0.148073
0.147368
0.146662
0.145956
0.145251
0.144545
0.14384
0.143136
0.142433
0.141731
0.141031
0.140332
0.139636
0.138942
0.138251
0.137563
0.136879
0.136199
0.135523
0.134852
0.134186
0.133525
0.132871
0.132223
0.131583
0.13095
0.130325
0.129709
0.129102
0.128505
0.12792
0.127345
0.126784
0.126235
0.125701
0.125183
0.124681
0.124197
0.123732
0.123287
0.122864
0.122463
0.122085
0.121731
0.121399
0.121089
0.120801
0.120532
0.12028
0.120044
0.11982
0.119607
0.119401
0.119201
0.119006
0.118817
0.118631
0.118463
0.118276
0.118179
0.117961
0.174026
0.173405
0.172781
0.172153
0.171522
0.170888
0.17025
0.169609
0.168965
0.168318
0.167667
0.167013
0.166356
0.165696
0.165033
0.164366
0.163697
0.163024
0.162349
0.16167
0.160989
0.160305
0.159618
0.158929
0.158237
0.157542
0.156845
0.156146
0.155445
0.154742
0.154037
0.15333
0.152622
0.151912
0.151201
0.15049
0.149777
0.149064
0.14835
0.147636
0.146923
0.146209
0.145497
0.144785
0.144075
0.143366
0.142659
0.141954
0.141253
0.140554
0.139859
0.139168
0.138482
0.137801
0.137125
0.136456
0.135794
0.135139
0.134493
0.133855
0.133228
0.132611
0.132005
0.131411
0.130831
0.130265
0.129713
0.129178
0.12866
0.128161
0.127681
0.127222
0.126786
0.126374
0.125987
0.125627
0.125295
0.124994
0.124723
0.124486
0.124281
0.124108
0.123968
0.123859
0.123779
0.123724
0.123691
0.123677
0.123678
0.123689
0.123709
0.123736
0.123769
0.123808
0.123858
0.123918
0.12401
0.124096
0.124301
0.124352
0.173895
0.173264
0.172629
0.17199
0.171348
0.170702
0.170052
0.169399
0.168742
0.168081
0.167417
0.166749
0.166078
0.165404
0.164726
0.164045
0.16336
0.162673
0.161983
0.161289
0.160593
0.159894
0.159192
0.158488
0.157782
0.157073
0.156362
0.15565
0.154935
0.154219
0.153502
0.152784
0.152064
0.151345
0.150624
0.149904
0.149184
0.148465
0.147747
0.147029
0.146314
0.145601
0.14489
0.144182
0.143478
0.142777
0.142082
0.141391
0.140707
0.140029
0.139358
0.138695
0.138041
0.137396
0.136763
0.13614
0.13553
0.134934
0.134352
0.133786
0.133236
0.132705
0.132193
0.131701
0.131231
0.130784
0.130363
0.129967
0.129599
0.129261
0.128955
0.128682
0.128445
0.128246
0.128087
0.127972
0.127901
0.127877
0.127903
0.127977
0.128101
0.128274
0.128492
0.128752
0.12905
0.12938
0.129737
0.130113
0.130506
0.13091
0.131326
0.131755
0.132202
0.132674
0.133182
0.133733
0.134357
0.135018
0.135875
0.136542
0.173696
0.173049
0.172398
0.171742
0.171083
0.17042
0.169753
0.169082
0.168408
0.16773
0.167048
0.166363
0.165674
0.164983
0.164288
0.16359
0.162889
0.162185
0.161479
0.16077
0.160059
0.159346
0.15863
0.157914
0.157195
0.156475
0.155755
0.155033
0.154312
0.15359
0.152868
0.152147
0.151426
0.150708
0.14999
0.149276
0.148564
0.147855
0.14715
0.14645
0.145755
0.145065
0.144382
0.143706
0.143039
0.14238
0.141731
0.141092
0.140465
0.139851
0.139251
0.138665
0.138096
0.137544
0.13701
0.136496
0.136004
0.135534
0.135087
0.134667
0.134273
0.133909
0.133575
0.133273
0.133006
0.132776
0.132585
0.132437
0.132334
0.132281
0.13228
0.132337
0.132457
0.132644
0.132905
0.133244
0.133667
0.134177
0.134778
0.135471
0.136255
0.137127
0.138082
0.139113
0.140211
0.141368
0.142575
0.143825
0.145116
0.146447
0.147826
0.149267
0.150789
0.152408
0.154147
0.156016
0.158058
0.160218
0.162745
0.165069
0.173513
0.172852
0.172188
0.171521
0.170849
0.170174
0.169496
0.168814
0.16813
0.167442
0.166751
0.166058
0.165362
0.164664
0.163964
0.163262
0.162558
0.161853
0.161147
0.160439
0.159732
0.159024
0.158316
0.157608
0.156902
0.156196
0.155493
0.154791
0.154092
0.153397
0.152705
0.152019
0.151337
0.150661
0.149992
0.14933
0.148677
0.148033
0.147399
0.146776
0.146165
0.145568
0.144985
0.144418
0.143867
0.143335
0.142822
0.14233
0.141861
0.141415
0.140994
0.140601
0.140236
0.139902
0.1396
0.139332
0.139102
0.138911
0.138761
0.138657
0.138602
0.138599
0.138654
0.138771
0.138957
0.139219
0.139566
0.140005
0.140549
0.141208
0.141997
0.142929
0.14402
0.145286
0.146742
0.148403
0.150282
0.15239
0.154731
0.157308
0.160117
0.163147
0.166384
0.16981
0.173406
0.177151
0.181029
0.185025
0.18913
0.193348
0.197711
0.202256
0.206996
0.211922
0.217015
0.222225
0.227548
0.232819
0.238467
0.2438
0.174797
0.174178
0.173556
0.172933
0.172308
0.171682
0.171055
0.170428
0.1698
0.169171
0.168543
0.167915
0.167289
0.166663
0.166039
0.165417
0.164798
0.164182
0.163569
0.162961
0.162357
0.161759
0.161166
0.160581
0.160003
0.159434
0.158874
0.158324
0.157787
0.157261
0.15675
0.156253
0.155774
0.155312
0.154869
0.154447
0.154048
0.153673
0.153325
0.153004
0.152714
0.152456
0.152232
0.152045
0.151898
0.151793
0.151733
0.151721
0.151761
0.151856
0.15201
0.152227
0.152513
0.152873
0.153314
0.153843
0.154468
0.1552
0.156049
0.15703
0.158157
0.159447
0.160921
0.162602
0.164517
0.166694
0.169169
0.171977
0.175162
0.178766
0.18284
0.187431
0.192591
0.198369
0.20481
0.211951
0.21982
0.228428
0.237769
0.247813
0.258504
0.269761
0.281477
0.293523
0.305752
0.318008
0.330118
0.34186
0.353045
0.363536
0.373494
0.383075
0.39192
0.399729
0.406296
0.411447
0.41525
0.417338
0.419386
0.419384
0.194271
0.194326
0.194392
0.194469
0.194556
0.194656
0.194767
0.194891
0.195027
0.195177
0.195341
0.19552
0.195714
0.195924
0.19615
0.196394
0.196656
0.196938
0.197241
0.197565
0.197913
0.198285
0.198683
0.199109
0.199565
0.200053
0.200575
0.201133
0.20173
0.202368
0.203051
0.203782
0.204564
0.2054
0.206295
0.207253
0.208277
0.209373
0.210546
0.211801
0.213144
0.214581
0.216119
0.217766
0.21953
0.22142
0.223445
0.225616
0.227946
0.230448
0.233135
0.236025
0.239136
0.242488
0.246104
0.250007
0.254228
0.258796
0.263748
0.269123
0.274965
0.281323
0.288253
0.295816
0.304081
0.313124
0.323029
0.333887
0.345799
0.358869
0.37321
0.388936
0.406159
0.424985
0.445505
0.467781
0.49184
0.517653
0.54512
0.574055
0.60417
0.635064
0.666227
0.697041
0.726809
0.754768
0.780144
0.801362
0.81776
0.828993
0.834656
0.834618
0.829551
0.820222
0.807453
0.791935
0.774556
0.755216
0.736789
0.717312
0.423719
0.427721
0.431626
0.43543
0.439128
0.442717
0.446191
0.449547
0.452781
0.455889
0.458867
0.461713
0.464421
0.466991
0.469417
0.471698
0.47383
0.475811
0.477639
0.47931
0.480822
0.482174
0.483363
0.484387
0.485244
0.485931
0.486447
0.486789
0.486956
0.486944
0.486752
0.486377
0.485816
0.485066
0.484125
0.482989
0.481653
0.480115
0.478371
0.476415
0.474243
0.471851
0.469233
0.466383
0.463297
0.459967
0.456389
0.452556
0.448462
0.444101
0.439468
0.434555
0.42936
0.423875
0.418099
0.412027
0.405658
0.398991
0.392029
0.384774
0.377233
0.369416
0.361337
0.353015
0.344472
0.33574
0.326857
0.31787
0.308836
0.299822
0.29091
0.282192
0.273776
0.265783
0.258346
0.251607
0.245716
0.240819
0.237055
0.234543
0.23337
0.233579
0.235161
0.238044
0.242098
0.247137
0.252971
0.260893
0.270163
0.279812
0.289019
0.297143
0.303795
0.308806
0.312192
0.314005
0.314626
0.313757
0.313771
0.313229
0.0119537
0.0189965
0.0232355
0.0257938
0.0272829
0.0280748
0.0284204
0.0284892
0.0283217
0.0279791
0.0277831
0.0277485
0.0277058
0.0277036
0.0278105
0.0281071
0.0286776
0.0295989
0.0309018
0.0326361
0.0349935
0.038715
0.0462247
0.0572356
0.0708322
0.0857887
0.101057
0.116007
0.130368
0.144084
0.1572
0.169795
0.181937
0.193631
0.204861
0.215616
0.225905
0.235775
0.245243
0.254315
0.262988
0.271249
0.27907
0.286409
0.29321
0.299692
0.306087
0.312438
0.318758
0.325017
0.331186
0.337243
0.343174
0.34897
0.354626
0.36014
0.365509
0.370736
0.375821
0.380768
0.385581
0.390265
0.394825
0.399262
0.403582
0.407791
0.411898
0.415929
0.419953
0.424161
0.429287
0.436028
0.442458
0.448366
0.453926
0.45925
0.464283
0.468433
0.470091
0.468439
0.470518
0.473602
0.4755
0.476907
0.477672
0.477723
0.477082
0.475794
0.473913
0.471496
0.468604
0.4653
0.461645
0.457728
0.453618
0.449562
0.4456
0.443074
0.440768
0.450601
0.0214349
0.0348401
0.0448683
0.0511108
0.0555433
0.058968
0.0617657
0.0641851
0.0663371
0.0683843
0.0705587
0.0731715
0.0764934
0.0807737
0.0862836
0.0933229
0.10221
0.113273
0.126264
0.140814
0.156049
0.170069
0.18032
0.186543
0.191532
0.197971
0.207314
0.220001
0.236082
0.255433
0.277798
0.302811
0.329907
0.358321
0.38737
0.416537
0.445496
0.47408
0.502171
0.529689
0.556564
0.58271
0.60801
0.632317
0.655417
0.677255
0.698267
0.718833
0.73915
0.75926
0.779113
0.798685
0.817949
0.836876
0.855437
0.873599
0.891328
0.908592
0.925356
0.941585
0.957241
0.972292
0.986701
1.00043
1.01345
1.02573
1.03726
1.04802
1.05803
1.06733
1.07587
1.08331
1.08934
1.094
1.09736
1.09938
1.09988
1.09836
1.09439
1.08861
1.08355
1.07938
1.07518
1.06992
1.06323
1.05514
1.04578
1.03527
1.02375
1.01133
0.998119
0.984214
0.969681
0.954619
0.938973
0.923008
0.906108
0.890137
0.87118
0.863662
0.0297254
0.050606
0.0637464
0.0723031
0.0787809
0.0840567
0.0886536
0.0929582
0.09714
0.101415
0.105825
0.110633
0.116212
0.122986
0.131388
0.141805
0.154422
0.168997
0.184582
0.199579
0.212312
0.221834
0.228606
0.234724
0.243042
0.255889
0.274622
0.29967
0.330673
0.366543
0.405755
0.446574
0.487293
0.526681
0.564127
0.599537
0.63313
0.665235
0.696191
0.726292
0.755764
0.784772
0.813432
0.841853
0.870172
0.898547
0.92708
0.955821
0.984521
1.01301
1.04122
1.06907
1.0965
1.12343
1.14982
1.1756
1.20073
1.22514
1.24879
1.27161
1.29355
1.31456
1.33456
1.35349
1.37128
1.38789
1.40328
1.41741
1.43026
1.44177
1.45185
1.46035
1.46707
1.47195
1.47499
1.47622
1.47563
1.47303
1.46792
1.46035
1.45141
1.4421
1.43214
1.42097
1.40829
1.3941
1.37851
1.36163
1.34358
1.32449
1.30448
1.28362
1.26201
1.23969
1.21665
1.19295
1.16829
1.14381
1.11842
1.1046
0.039201
0.0660445
0.0817092
0.0924311
0.100779
0.107877
0.114173
0.120127
0.125946
0.131682
0.137572
0.14395
0.151213
0.159743
0.169814
0.181466
0.194367
0.207736
0.220476
0.231581
0.240686
0.248441
0.256497
0.267104
0.282533
0.304525
0.333846
0.370003
0.411582
0.456683
0.503338
0.549912
0.595451
0.639649
0.682588
0.724484
0.76552
0.805806
0.8454
0.884351
0.922726
0.960627
0.99818
1.03552
1.07277
1.10999
1.14706
1.1836
1.21956
1.25493
1.28971
1.32387
1.35736
1.39011
1.42207
1.45316
1.48333
1.51249
1.54058
1.56753
1.59326
1.61769
1.64071
1.6622
1.6821
1.70034
1.71686
1.73161
1.74455
1.75555
1.76455
1.7715
1.77631
1.77893
1.7794
1.77783
1.77425
1.76848
1.76018
1.74912
1.73592
1.72145
1.70586
1.68893
1.6705
1.65057
1.62919
1.60649
1.58256
1.55754
1.53155
1.50467
1.47699
1.44854
1.41935
1.38938
1.35866
1.32803
1.29852
1.2803
0.0480813
0.0803056
0.0988048
0.11163
0.121716
0.130463
0.138314
0.145611
0.152617
0.15967
0.167031
0.174949
0.183664
0.193337
0.203967
0.215319
0.22691
0.238103
0.248347
0.257492
0.266048
0.275255
0.286902
0.303006
0.325393
0.355086
0.391893
0.434579
0.481381
0.530473
0.580468
0.630609
0.680636
0.730508
0.780181
0.829531
0.878376
0.926545
0.973932
1.02052
1.06638
1.11163
1.15639
1.20078
1.24485
1.28846
1.33137
1.37358
1.41507
1.45583
1.49585
1.53502
1.57325
1.61048
1.64662
1.6816
1.71533
1.74772
1.77869
1.80816
1.83606
1.8623
1.88659
1.9089
1.92916
1.94731
1.96326
1.97695
1.98831
1.99729
2.00387
2.00805
2.00982
2.00915
2.00611
2.0008
1.99324
1.98334
1.97081
1.9555
1.93779
1.91836
1.8975
1.87521
1.85145
1.82626
1.7997
1.77189
1.74294
1.71299
1.68214
1.65049
1.61812
1.58507
1.55137
1.51699
1.48223
1.44778
1.41614
1.39521
0.0557601
0.0932725
0.11463
0.129519
0.141291
0.151554
0.160813
0.169574
0.178153
0.186829
0.195814
0.205304
0.215405
0.226126
0.237331
0.248727
0.25992
0.270547
0.28048
0.290024
0.300041
0.311927
0.327422
0.348289
0.375848
0.410485
0.451515
0.497523
0.546924
0.598444
0.651331
0.705237
0.759972
0.815281
0.870847
0.926329
0.981439
1.03598
1.08986
1.14309
1.19572
1.24784
1.29945
1.35046
1.40051
1.44945
1.49728
1.54403
1.58972
1.63439
1.67804
1.7204
1.76147
1.80119
1.83949
1.87628
1.91147
1.94495
1.97662
2.00639
2.03415
2.05977
2.08311
2.10409
2.12262
2.13862
2.15202
2.16274
2.17074
2.17601
2.17855
2.17841
2.17561
2.17019
2.16223
2.15187
2.13915
2.12405
2.10644
2.08623
2.06369
2.03931
2.01341
1.98612
1.95751
1.92765
1.89664
1.86462
1.83168
1.79796
1.76356
1.72856
1.69305
1.65702
1.62057
1.58365
1.54677
1.51052
1.47827
1.45602
0.0629604
0.104741
0.128419
0.145179
0.158761
0.170978
0.182361
0.193392
0.204334
0.215418
0.226768
0.23849
0.250633
0.26313
0.275806
0.288382
0.300552
0.312132
0.323223
0.33436
0.346574
0.361338
0.380342
0.405117
0.436592
0.474724
0.518537
0.566713
0.618073
0.671831
0.727567
0.785033
0.843941
0.903723
0.964015
1.02444
1.08469
1.14457
1.20395
1.26278
1.32102
1.37857
1.43503
1.49006
1.54363
1.59573
1.6464
1.69568
1.74357
1.79008
1.83514
1.87865
1.92054
1.96074
1.99914
2.03565
2.07017
2.1026
2.13281
2.16071
2.18619
2.20913
2.22943
2.24699
2.26174
2.27361
2.28252
2.28844
2.29136
2.2913
2.2883
2.28245
2.27381
2.26249
2.24862
2.23235
2.21379
2.19298
2.16989
2.14456
2.11718
2.08813
2.05773
2.02617
1.99357
1.96005
1.92573
1.89072
1.85515
1.81911
1.7827
1.74597
1.70898
1.67174
1.63433
1.59673
1.55954
1.52329
1.49177
1.46946
0.0687332
0.113943
0.140028
0.159141
0.175308
0.190418
0.205013
0.219546
0.234205
0.249128
0.264334
0.279777
0.295388
0.311066
0.326597
0.341686
0.356065
0.369666
0.382774
0.396111
0.410851
0.428587
0.45097
0.479287
0.514228
0.555343
0.601305
0.651166
0.704131
0.759713
0.817632
0.877621
0.939302
1.00219
1.06581
1.12974
1.19364
1.25726
1.32044
1.38302
1.44466
1.50482
1.56334
1.62017
1.67529
1.72868
1.78033
1.83023
1.87837
1.9247
1.96917
2.01171
2.05225
2.09069
2.12695
2.16093
2.19254
2.22166
2.24819
2.27203
2.29307
2.31123
2.32642
2.33857
2.34762
2.35353
2.35626
2.35582
2.35224
2.34558
2.33593
2.32341
2.30815
2.29031
2.27005
2.24758
2.22305
2.19658
2.16824
2.13813
2.10643
2.07346
2.03949
2.00474
1.96936
1.93349
1.89725
1.86073
1.82405
1.78726
1.75043
1.7136
1.6768
1.64001
1.60331
1.56667
1.53075
1.49601
1.46632
1.44502
0.0730641
0.121384
0.150349
0.172716
0.192664
0.212142
0.231687
0.251714
0.272293
0.293415
0.314917
0.33657
0.358051
0.379097
0.3995
0.418857
0.436879
0.453653
0.469696
0.48593
0.503661
0.524721
0.550582
0.582045
0.619489
0.662369
0.709704
0.760641
0.81456
0.871119
0.930107
0.991279
1.05426
1.11859
1.18375
1.24929
1.31484
1.38008
1.44462
1.50785
1.56943
1.62923
1.68719
1.74324
1.79733
1.84939
1.89941
1.94735
1.99316
2.03681
2.07825
2.1174
2.15421
2.18857
2.22041
2.24962
2.27612
2.2998
2.32056
2.33833
2.35302
2.36456
2.37291
2.37803
2.3799
2.37852
2.37391
2.36613
2.35523
2.34134
2.32459
2.30514
2.28318
2.25891
2.23254
2.20429
2.17439
2.14301
2.11029
2.07636
2.04142
2.00573
1.96953
1.93303
1.89638
1.85971
1.8231
1.78665
1.75042
1.71444
1.67875
1.64334
1.60821
1.57332
1.53872
1.50441
1.47102
1.43895
1.41193
1.39245
0.0758104
0.127659
0.161059
0.188364
0.214131
0.240376
0.267632
0.296257
0.326131
0.357036
0.388563
0.420205
0.451326
0.481204
0.509534
0.53571
0.559451
0.581071
0.601408
0.621502
0.64258
0.66652
0.694752
0.728091
0.766686
0.810026
0.857306
0.907788
0.960953
1.01653
1.07435
1.13419
1.19572
1.25857
1.32221
1.3862
1.44998
1.5128
1.57418
1.63396
1.692
1.74819
1.80244
1.85465
1.90474
1.95264
1.99829
2.04163
2.08259
2.12113
2.15719
2.19068
2.22155
2.24969
2.27504
2.2975
2.317
2.33344
2.34676
2.35691
2.36384
2.36752
2.36795
2.36513
2.3591
2.3499
2.3376
2.3223
2.30412
2.2832
2.25973
2.23391
2.20596
2.17611
2.14462
2.11175
2.07774
2.04281
2.00712
1.97086
1.93419
1.89733
1.8605
1.82386
1.78753
1.75162
1.71619
1.68128
1.64693
1.61313
1.57987
1.54711
1.51483
1.48295
1.45152
1.42051
1.39051
1.3619
1.33811
1.32098
0.0778906
0.135186
0.175659
0.211137
0.246237
0.283141
0.322365
0.364127
0.407893
0.4532
0.499394
0.545723
0.59121
0.634623
0.674996
0.710895
0.74269
0.771004
0.79672
0.820957
0.845193
0.871114
0.900103
0.932998
0.970004
1.0108
1.0548
1.10143
1.15026
1.20111
1.25388
1.30835
1.36428
1.42147
1.47903
1.53622
1.59255
1.64781
1.70178
1.75428
1.80516
1.85428
1.90151
1.94673
1.98984
2.03073
2.06931
2.10549
2.13921
2.17037
2.19891
2.22475
2.24781
2.26801
2.28528
2.29956
2.31077
2.31888
2.32385
2.32565
2.32428
2.31976
2.31212
2.30142
2.28772
2.27111
2.2517
2.22962
2.20504
2.17813
2.14912
2.11822
2.0857
2.05181
2.01682
1.98101
1.94463
1.90791
1.87103
1.83415
1.79745
1.76109
1.72523
1.69
1.65547
1.62172
1.58877
1.55663
1.52528
1.4947
1.46482
1.4356
1.40697
1.37884
1.35122
1.3241
1.29801
1.27327
1.25297
1.23846
0.0774308
0.146706
0.202704
0.253263
0.304774
0.359705
0.418215
0.480007
0.543454
0.608098
0.673058
0.737525
0.800212
0.859795
0.914354
0.961544
1.00204
1.03717
1.06782
1.09513
1.12056
1.14567
1.17184
1.20002
1.23069
1.26386
1.29927
1.3366
1.37561
1.41632
1.45869
1.50233
1.5469
1.59169
1.63661
1.68139
1.72576
1.76948
1.81232
1.85408
1.89456
1.93359
1.971
2.00663
2.04034
2.07199
2.10146
2.12861
2.15336
2.1756
2.19524
2.21221
2.22643
2.23784
2.24639
2.25203
2.25473
2.25447
2.25125
2.24507
2.23595
2.22396
2.20913
2.19156
2.17135
2.14861
2.12348
2.09614
2.06677
2.03558
2.00281
1.9687
1.93351
1.89752
1.861
1.82421
1.78738
1.75075
1.71447
1.6787
1.64357
1.60921
1.57571
1.54316
1.51162
1.48109
1.45157
1.42305
1.39546
1.36874
1.34283
1.31763
1.29307
1.26904
1.24554
1.22255
1.20053
1.17977
1.16299
1.15116
0.0816734
0.185912
0.271719
0.351832
0.432883
0.516859
0.602593
0.689289
0.775339
0.859947
0.942264
1.02182
1.09755
1.16828
1.23224
1.28762
1.33307
1.37038
1.40093
1.42609
1.44733
1.46613
1.48384
1.50158
1.52009
1.53978
1.56076
1.583
1.60643
1.6309
1.65631
1.68285
1.71046
1.7389
1.76801
1.79756
1.82731
1.85702
1.88643
1.91529
1.94338
1.97048
1.99639
2.0209
2.04383
2.06502
2.08432
2.10158
2.11668
2.12953
2.14003
2.1481
2.15368
2.15671
2.15715
2.15496
2.15013
2.14265
2.13251
2.11975
2.10439
2.08651
2.06619
2.04351
2.01862
1.99166
1.96279
1.93221
1.90011
1.86673
1.83231
1.79709
1.76133
1.72528
1.68919
1.65331
1.61784
1.58298
1.54887
1.51563
1.48336
1.45214
1.42204
1.39308
1.36529
1.33865
1.31313
1.28867
1.26521
1.24265
1.22091
1.19989
1.17949
1.1596
1.14021
1.1213
1.10326
1.08637
1.07295
1.06368
0.0995271
0.291069
0.451582
0.586442
0.712353
0.834123
0.948917
1.0558
1.1547
1.24616
1.33101
1.41073
1.48374
1.54931
1.60712
1.65625
1.69484
1.72372
1.74445
1.75854
1.76738
1.77238
1.77488
1.77607
1.77691
1.77812
1.78017
1.78333
1.78775
1.7935
1.80066
1.80932
1.81948
1.83101
1.84376
1.85755
1.87215
1.88732
1.90281
1.91837
1.93375
1.94872
1.96304
1.9765
1.98891
2.00007
2.00983
2.01801
2.02449
2.02915
2.03187
2.03257
2.03115
2.02756
2.02173
2.01362
2.00321
1.99048
1.97545
1.95815
1.93864
1.91699
1.8933
1.8677
1.84033
1.81137
1.78098
1.74936
1.71674
1.68331
1.64933
1.615
1.58058
1.54628
1.51232
1.47892
1.44624
1.41444
1.38365
1.35396
1.32541
1.29807
1.27196
1.24709
1.22344
1.20097
1.17963
1.15935
1.14005
1.12163
1.10399
1.08701
1.07061
1.05468
1.03919
1.0241
1.0098
0.996477
0.986146
0.97923
0.25944
0.904065
1.07714
1.24797
1.38732
1.5054
1.60463
1.68606
1.75236
1.80659
1.85111
1.88694
1.91666
1.9415
1.96189
1.97739
1.98746
1.99158
1.99015
1.98396
1.97397
1.96115
1.94644
1.93073
1.91485
1.89948
1.88515
1.87217
1.86075
1.85103
1.84311
1.83707
1.83292
1.83056
1.82989
1.83075
1.83295
1.83629
1.84053
1.84541
1.85071
1.85618
1.86159
1.86669
1.87128
1.87514
1.87808
1.87991
1.88046
1.87958
1.87714
1.87301
1.8671
1.85931
1.8496
1.83791
1.82423
1.80856
1.79092
1.77137
1.74998
1.72684
1.70207
1.67581
1.6482
1.61942
1.58964
1.55906
1.52786
1.49627
1.46447
1.43267
1.40109
1.3699
1.33931
1.30947
1.28054
1.25264
1.22586
1.20026
1.17588
1.15273
1.13083
1.11016
1.09068
1.07235
1.0551
1.03884
1.0235
1.00896
0.99514
0.981917
0.969195
0.956873
0.944925
0.933313
0.922356
0.912243
0.904657
0.899829
)
;

boundaryField
{
    outlet
    {
        type            calculated;
        value           nonuniform List<scalar> 
55
(
0.830601
0.76878
0.706689
0.645109
0.584851
0.526721
0.471481
0.419806
0.372239
0.329151
0.290721
0.256935
0.227615
0.202468
0.181145
0.163296
0.148616
0.136844
0.127735
0.121003
0.116287
0.113162
0.111206
0.110052
0.109429
0.109153
0.109125
0.109313
0.109752
0.110548
0.111914
0.114185
0.117961
0.124352
0.136542
0.165069
0.2438
0.419384
0.717312
0.313229
0.450601
0.863662
1.1046
1.2803
1.39521
1.45602
1.46946
1.44502
1.39245
1.32098
1.23846
1.15116
1.06368
0.97923
0.899829
)
;
    }
    inlet
    {
        type            calculated;
        value           uniform 0.199999;
    }
    lowerWall
    {
        type            calculated;
        value           nonuniform List<scalar> 
148
(
0.241787
0.289665
0.336844
0.381951
0.423953
0.46211
0.495948
0.525265
0.550093
0.57064
0.587232
0.60026
0.610145
0.617305
0.622142
0.625026
0.626287
0.62622
0.625078
0.623081
0.620414
0.617234
0.613671
0.609833
0.605811
0.601678
0.597494
0.593307
0.589155
0.585071
0.581074
0.577259
0.574892
0.0119537
0.0214349
0.0297254
0.039201
0.0480813
0.0557601
0.0629604
0.0687332
0.0730641
0.0758104
0.0778906
0.0774308
0.0816734
0.0995271
0.25944
0.0119537
0.0189965
0.0232355
0.0257938
0.0272829
0.0280748
0.0284204
0.0284892
0.0283217
0.0279791
0.0277831
0.0277485
0.0277058
0.0277036
0.0278105
0.0281071
0.0286776
0.0295989
0.0309018
0.0326361
0.0349935
0.038715
0.0462247
0.0572356
0.0708322
0.0857887
0.101057
0.116007
0.130368
0.144084
0.1572
0.169795
0.181937
0.193631
0.204861
0.215616
0.225905
0.235775
0.245243
0.254315
0.262988
0.271249
0.27907
0.286409
0.29321
0.299692
0.306087
0.312438
0.318758
0.325017
0.331186
0.337243
0.343174
0.34897
0.354626
0.36014
0.365509
0.370736
0.375821
0.380768
0.385581
0.390265
0.394825
0.399262
0.403582
0.407791
0.411898
0.415929
0.419953
0.424161
0.429287
0.436028
0.442458
0.448366
0.453926
0.45925
0.464283
0.468433
0.470091
0.468439
0.470518
0.473602
0.4755
0.476907
0.477672
0.477723
0.477082
0.475794
0.473913
0.471496
0.468604
0.4653
0.461645
0.457728
0.453618
0.449562
0.4456
0.443074
0.440768
0.450601
)
;
    }
    upperWall
    {
        type            calculated;
        value           nonuniform List<scalar> 
133
(
0.209515
0.220347
0.230808
0.24093
0.250733
0.260233
0.269438
0.278351
0.286978
0.295321
0.303382
0.311166
0.318675
0.325913
0.332885
0.339595
0.346049
0.352252
0.35821
0.363929
0.369416
0.374677
0.379719
0.38455
0.389175
0.393602
0.397838
0.401889
0.405764
0.409467
0.413007
0.416391
0.419648
0.423719
0.427721
0.431626
0.43543
0.439128
0.442717
0.446191
0.449547
0.452781
0.455889
0.458867
0.461713
0.464421
0.466991
0.469417
0.471698
0.47383
0.475811
0.477639
0.47931
0.480822
0.482174
0.483363
0.484387
0.485244
0.485931
0.486447
0.486789
0.486956
0.486944
0.486752
0.486377
0.485816
0.485066
0.484125
0.482989
0.481653
0.480115
0.478371
0.476415
0.474243
0.471851
0.469233
0.466383
0.463297
0.459967
0.456389
0.452556
0.448462
0.444101
0.439468
0.434555
0.42936
0.423875
0.418099
0.412027
0.405658
0.398991
0.392029
0.384774
0.377233
0.369416
0.361337
0.353015
0.344472
0.33574
0.326857
0.31787
0.308836
0.299822
0.29091
0.282192
0.273776
0.265783
0.258346
0.251607
0.245716
0.240819
0.237055
0.234543
0.23337
0.233579
0.235161
0.238044
0.242098
0.247137
0.252971
0.260893
0.270163
0.279812
0.289019
0.297143
0.303795
0.308806
0.312192
0.314005
0.314626
0.313757
0.313771
0.313229
)
;
    }
    frontAndBack
    {
        type            empty;
    }
}


// ************************************************************************* //
