/*--------------------------------*- C++ -*----------------------------------*\
| =========                 |                                                 |
| \\      /  F ield         | OpenFOAM: The Open Source CFD Toolbox           |
|  \\    /   O peration     | Version:  4.1                                   |
|   \\  /    A nd           | Web:      www.OpenFOAM.org                      |
|    \\/     M anipulation  |                                                 |
\*---------------------------------------------------------------------------*/
FoamFile
{
    version     2.0;
    format      ascii;
    class       volScalarField;
    location    "300";
    object      epsilon;
}
// * * * * * * * * * * * * * * * * * * * * * * * * * * * * * * * * * * * * * //

dimensions      [0 2 -3 0 0 0 0];

internalField   nonuniform List<scalar> 
6820
(
115.949
152.042
190.662
230.216
269.219
306.376
340.645
371.303
397.954
420.48
438.98
453.703
464.997
473.254
478.884
482.28
483.813
483.815
482.581
480.368
477.393
473.843
469.872
465.608
461.156
456.604
452.02
447.462
442.974
438.596
434.349
430.344
427.94
9.48469
17.5524
23.8069
29.3403
34.5566
39.5559
44.3404
48.886
53.1624
57.1426
60.8097
64.1587
67.1953
69.9337
72.3943
74.6014
76.5807
78.3584
79.9595
81.407
82.7222
83.9239
85.0291
86.0517
87.0038
87.8948
88.7322
89.5222
90.2674
90.9719
91.6314
92.2433
92.8153
4.14147
5.59606
6.98304
8.20875
9.27809
10.2176
11.051
11.7958
12.4658
13.0721
13.6238
14.1281
14.5908
15.0168
15.4102
15.7744
16.1123
16.4264
16.719
16.9918
17.2479
17.4951
17.7356
17.97
18.199
18.4228
18.6418
18.8563
19.0664
19.2722
19.4738
19.6713
19.8631
3.60121
3.91798
4.33112
4.75793
5.1606
5.52688
5.855
6.14703
6.40629
6.63637
6.84069
7.02241
7.18435
7.329
7.45851
7.57475
7.67933
7.77364
7.85886
7.93602
8.006
8.07005
8.12946
8.18503
8.23739
8.28701
8.3343
8.3796
8.42322
8.46539
8.5064
8.54646
8.58596
3.52798
3.56982
3.67477
3.81745
3.9749
4.13283
4.28387
4.42463
4.55383
4.6713
4.77747
4.87303
4.95878
5.03559
5.10426
5.16559
5.22029
5.26903
5.31242
5.351
5.38525
5.41564
5.44259
5.46656
5.48791
5.50696
5.52398
5.5392
5.55283
5.56506
5.57604
5.58592
5.59487
3.5197
3.49572
3.49766
3.52374
3.56745
3.62176
3.681
3.74133
3.80034
3.8566
3.90932
3.95811
4.00286
4.04362
4.08051
4.11373
4.14352
4.1701
4.19373
4.21463
4.23304
4.24918
4.26324
4.27542
4.28589
4.29484
4.3024
4.30872
4.31392
4.3181
4.32136
4.32379
4.32549
3.51928
3.48173
3.4529
3.43487
3.42775
3.42982
3.4388
3.45248
3.46902
3.48704
3.50552
3.52377
3.5413
3.55781
3.57311
3.58709
3.59973
3.61101
3.62096
3.62967
3.6372
3.64362
3.649
3.65341
3.65691
3.65957
3.66146
3.66264
3.66317
3.66311
3.66249
3.66137
3.6598
3.51938
3.47956
3.44297
3.41081
3.38393
3.36257
3.34634
3.33451
3.32623
3.32071
3.31724
3.31522
3.31419
3.31377
3.31369
3.31372
3.31372
3.31358
3.3132
3.31255
3.3116
3.31033
3.30873
3.30682
3.30459
3.30206
3.29924
3.29616
3.29281
3.28923
3.28543
3.28142
3.27723
3.51942
3.47931
3.44106
3.40504
3.37162
3.34119
3.31388
3.28964
3.26824
3.24938
3.23275
3.218
3.20483
3.19296
3.18216
3.17221
3.16296
3.15426
3.14601
3.13812
3.1305
3.12311
3.1159
3.10883
3.10187
3.095
3.08821
3.08148
3.07481
3.06817
3.06158
3.05501
3.04848
3.51943
3.47931
3.44074
3.4038
3.36856
3.33518
3.30378
3.27442
3.24706
3.22166
3.1981
3.17625
3.15596
3.13707
3.11943
3.1029
3.08736
3.07269
3.05879
3.04558
3.03297
3.0209
3.00931
2.99815
2.98739
2.97697
2.96687
2.95706
2.94753
2.93823
2.92917
2.92032
2.91166
3.51944
3.47931
3.44068
3.40355
3.36787
3.33364
3.30092
3.26969
3.23996
3.21172
3.18493
3.15955
3.1355
3.11273
3.09115
3.07067
3.05122
3.03272
3.0151
2.99828
2.98222
2.96683
2.95209
2.93793
2.92431
2.9112
2.89855
2.88634
2.87454
2.86312
2.85205
2.84131
2.83089
3.51944
3.47931
3.44066
3.40349
3.3677
3.33327
3.30016
3.26836
3.23782
3.20853
3.18046
3.15357
3.12784
3.10321
3.07964
3.05709
3.0355
3.01483
2.99502
2.97603
2.95781
2.94032
2.9235
2.90733
2.89177
2.87678
2.86232
2.84837
2.8349
2.82189
2.80929
2.79711
2.7853
3.51944
3.47931
3.44065
3.40345
3.36764
3.33316
3.29995
3.26798
3.23719
3.20755
3.17901
3.15154
3.12511
3.09967
3.0752
3.05166
3.02902
3.00723
2.98625
2.96607
2.94663
2.9279
2.90986
2.89246
2.87569
2.8595
2.84387
2.82878
2.81419
2.80009
2.78645
2.77325
2.76047
3.51944
3.4793
3.44063
3.40343
3.36761
3.33311
3.29987
3.26785
3.23699
3.20724
3.17855
3.15089
3.12421
3.09848
3.07366
3.04971
3.02661
3.00432
2.98281
2.96205
2.942
2.92265
2.90396
2.88591
2.86846
2.85159
2.83529
2.81951
2.80426
2.78949
2.77519
2.76134
2.74793
3.51944
3.4793
3.44063
3.40341
3.36758
3.33307
3.29983
3.26779
3.2369
3.20711
3.17838
3.15065
3.12388
3.09804
3.07308
3.04898
3.02569
3.00319
2.98144
2.96042
2.9401
2.92045
2.90144
2.88305
2.86526
2.84804
2.83137
2.81522
2.79959
2.78445
2.76977
2.75555
2.74176
3.51944
3.4793
3.44062
3.4034
3.36756
3.33305
3.29979
3.26774
3.23684
3.20704
3.17829
3.15053
3.12373
3.09785
3.07285
3.04869
3.02534
3.00276
2.98092
2.9598
2.93937
2.91959
2.90045
2.88192
2.86397
2.84658
2.82974
2.81342
2.79761
2.78227
2.76741
2.75299
2.739
3.51944
3.4793
3.44061
3.40339
3.36755
3.33302
3.29976
3.26771
3.2368
3.20699
3.17822
3.15045
3.12364
3.09774
3.07272
3.04854
3.02516
3.00254
2.98067
2.95951
2.93902
2.91919
2.89999
2.88139
2.86337
2.84591
2.82899
2.81259
2.79668
2.78125
2.76629
2.75177
2.73768
3.51944
3.4793
3.44061
3.40338
3.36753
3.33301
3.29974
3.26768
3.23676
3.20694
3.17817
3.15039
3.12357
3.09766
3.07263
3.04843
3.02504
3.00241
2.98052
2.95934
2.93884
2.91898
2.89976
2.88113
2.86309
2.8456
2.82864
2.8122
2.79626
2.78079
2.76579
2.75122
2.73708
3.51944
3.47929
3.44061
3.40337
3.36752
3.33299
3.29972
3.26765
3.23673
3.2069
3.17812
3.15034
3.12351
3.09759
3.07255
3.04835
3.02494
3.00231
2.98041
2.95921
2.9387
2.91883
2.89959
2.88095
2.86289
2.84538
2.82841
2.81195
2.79599
2.7805
2.76547
2.75088
2.73672
3.51944
3.47929
3.44061
3.40337
3.36752
3.33298
3.2997
3.26763
3.2367
3.20687
3.17808
3.15029
3.12346
3.09754
3.07249
3.04828
3.02486
3.00222
2.98031
2.95911
2.93859
2.91871
2.89947
2.88082
2.86275
2.84523
2.82825
2.81178
2.7958
2.78031
2.76527
2.75067
2.7365
3.51944
3.47929
3.4406
3.40337
3.36751
3.33297
3.29969
3.26761
3.23668
3.20684
3.17805
3.15025
3.12341
3.09749
3.07243
3.04821
3.02479
3.00214
2.98023
2.95902
2.93849
2.91861
2.89936
2.8807
2.86262
2.8451
2.82811
2.81163
2.79565
2.78014
2.76509
2.75049
2.73631
3.51944
3.47929
3.4406
3.40336
3.36751
3.33296
3.29968
3.2676
3.23666
3.20682
3.17802
3.15022
3.12338
3.09744
3.07238
3.04816
3.02473
3.00208
2.98016
2.95894
2.93841
2.91852
2.89926
2.8806
2.86251
2.84498
2.82799
2.8115
2.79551
2.78
2.76495
2.75034
2.73615
3.51944
3.47929
3.4406
3.40336
3.3675
3.33296
3.29967
3.26759
3.23665
3.2068
3.178
3.15019
3.12334
3.09741
3.07234
3.04811
3.02468
3.00202
2.9801
2.95888
2.93833
2.91844
2.89918
2.88051
2.86242
2.84488
2.82788
2.81139
2.7954
2.77988
2.76482
2.7502
2.73601
3.51944
3.47929
3.4406
3.40336
3.3675
3.33296
3.29967
3.26758
3.23664
3.20679
3.17798
3.15017
3.12332
3.09737
3.07231
3.04807
3.02464
3.00197
2.98004
2.95882
2.93827
2.91838
2.8991
2.88043
2.86234
2.8448
2.82779
2.81129
2.7953
2.77977
2.76471
2.75009
2.73589
3.51944
3.47929
3.4406
3.40336
3.3675
3.33295
3.29966
3.26757
3.23663
3.20678
3.17797
3.15016
3.1233
3.09735
3.07228
3.04804
3.02461
3.00194
2.98
2.95878
2.93823
2.91833
2.89905
2.88038
2.86228
2.84473
2.82772
2.81123
2.79522
2.7797
2.76463
2.75
2.7358
3.51944
3.47929
3.4406
3.40336
3.3675
3.33295
3.29966
3.26757
3.23662
3.20677
3.17796
3.15015
3.12329
3.09734
3.07226
3.04802
3.02458
3.00191
2.97997
2.95874
2.93819
2.91828
2.899
2.88032
2.86222
2.84467
2.82766
2.81116
2.79515
2.77962
2.76454
2.74991
2.73571
3.51944
3.47929
3.4406
3.40336
3.3675
3.33295
3.29966
3.26757
3.23662
3.20676
3.17795
3.15014
3.12328
3.09733
3.07225
3.04801
3.02457
3.0019
2.97996
2.95873
2.93818
2.91827
2.89899
2.88031
2.86221
2.84466
2.82764
2.81114
2.79513
2.7796
2.76453
2.74989
2.73569
3.51944
3.47929
3.4406
3.40336
3.3675
3.33295
3.29966
3.26757
3.23662
3.20676
3.17795
3.15014
3.12327
3.09732
3.07225
3.048
3.02456
3.00188
2.97994
2.95871
2.93815
2.91824
2.89896
2.88027
2.86216
2.84461
2.82759
2.81108
2.79507
2.77953
2.76445
2.74982
2.73561
3.51944
3.47929
3.4406
3.40336
3.3675
3.33295
3.29966
3.26757
3.23662
3.20677
3.17796
3.15015
3.12329
3.09734
3.07227
3.04803
3.02459
3.00192
2.97998
2.95875
2.9382
2.91829
2.89901
2.88033
2.86222
2.84467
2.82766
2.81115
2.79514
2.77961
2.76453
2.7499
2.73569
3.51944
3.47929
3.4406
3.40336
3.3675
3.33295
3.29966
3.26758
3.23663
3.20678
3.17796
3.15015
3.12329
3.09734
3.07226
3.04801
3.02457
3.00189
2.97995
2.95872
2.93816
2.91825
2.89896
2.88028
2.86217
2.84462
2.8276
2.8111
2.79509
2.77955
2.76448
2.74984
2.73564
3.51944
3.47929
3.4406
3.40336
3.3675
3.33296
3.29967
3.26759
3.23665
3.20681
3.17801
3.1502
3.12336
3.09742
3.07236
3.04813
3.0247
3.00204
2.98011
2.95889
2.93835
2.91846
2.89919
2.88052
2.86243
2.84489
2.82789
2.8114
2.79541
2.77989
2.76483
2.75021
2.73602
3.51944
3.47929
3.4406
3.40336
3.36751
3.33297
3.29968
3.26759
3.23665
3.2068
3.17799
3.15018
3.12333
3.09739
3.07233
3.04811
3.02469
3.00204
2.98013
2.95893
2.93842
2.91855
2.89931
2.88068
2.86262
2.84513
2.82817
2.81173
2.79578
2.78032
2.76532
2.75076
2.73663
3.51944
3.47929
3.4406
3.40337
3.36752
3.333
3.29975
3.2677
3.23681
3.20702
3.17828
3.15054
3.12376
3.09791
3.07293
3.0488
3.02548
3.00294
2.98114
2.96006
2.93967
2.91993
2.90084
2.88235
2.86444
2.84711
2.83031
2.81404
2.79826
2.78297
2.76815
2.75377
2.73982
3.51944
3.47929
3.44061
3.40338
3.36754
3.33305
3.29985
3.26787
3.23707
3.2074
3.1788
3.15124
3.12467
3.09906
3.07436
3.05053
3.02755
3.00538
2.98398
2.96332
2.94337
2.9241
2.90549
2.8875
2.87011
2.8533
2.83704
2.8213
2.80608
2.79134
2.77707
2.76324
2.74985
3.51943
3.47929
3.44066
3.40356
3.36793
3.33373
3.30092
3.26944
3.23926
3.21033
3.18259
3.15601
3.13053
3.1061
3.08268
3.06021
3.03865
3.01795
2.99806
2.97895
2.96058
2.9429
2.92587
2.90948
2.89367
2.87843
2.86372
2.84952
2.83581
2.82255
2.80973
2.79733
2.78532
3.51942
3.47942
3.4412
3.4049
3.3706
3.33828
3.30787
3.2793
3.25249
3.22734
3.20371
3.18151
3.1606
3.14089
3.12227
3.10465
3.08793
3.07205
3.05692
3.04249
3.02869
3.01549
3.00282
2.99065
2.97894
2.96766
2.95679
2.94628
2.93612
2.9263
2.91678
2.90755
2.89859
3.5196
3.48202
3.44939
3.42176
3.39873
3.37979
3.36436
3.35184
3.34168
3.33341
3.32665
3.32107
3.31639
3.31241
3.30894
3.30585
3.30303
3.30038
3.29785
3.29537
3.29291
3.29043
3.28792
3.28536
3.28273
3.28003
3.27725
3.2744
3.27147
3.26847
3.2654
3.26226
3.25906
3.53048
3.53941
3.57105
3.61689
3.67042
3.7274
3.78518
3.84219
3.89754
3.95065
4.00119
4.049
4.09405
4.13637
4.17605
4.21319
4.24793
4.28039
4.31072
4.33905
4.3655
4.39021
4.41327
4.43482
4.45494
4.47375
4.49132
4.50774
4.52309
4.53745
4.55088
4.56344
4.57525
4.00124
4.78121
5.43791
6.00293
6.50174
6.9497
7.35707
7.73134
8.07817
8.40186
8.70577
8.99257
9.26442
9.52308
9.76997
10.0063
10.2331
10.4511
10.6611
10.8638
11.0596
11.249
11.4324
11.6103
11.7828
11.9503
12.1131
12.2713
12.4253
12.5752
12.7212
12.8634
13.0025
31.176
33.6247
36.0473
38.4443
40.8144
43.1557
45.4652
47.7397
49.9757
52.1702
54.3202
56.4232
58.4769
60.4793
62.429
64.3245
66.165
67.9498
69.6785
71.3511
72.9676
74.5284
76.0341
77.4852
78.8827
80.2274
81.5205
82.763
83.9563
85.1016
86.2002
87.254
88.2716
438.958
506.103
595.825
694.291
783.232
850.147
890.754
906.926
904.208
888.882
865.814
838.047
807.182
774.275
740.467
707.064
674.876
644.315
614.989
586.483
558.653
531.651
505.74
481.064
457.548
434.959
413.064
391.774
371.17
351.422
332.674
314.939
298.065
281.76
265.655
249.368
232.516
214.677
195.334
173.951
150.3
124.934
99.5771
77.4393
62.8172
58.563
64.4039
78.7753
100.439
128.442
161.667
198.779
237.724
272.724
289.39
264.798
198.469
134.344
94.1867
73.0316
61.946
55.6704
52.1524
51.0952
52.4331
53.7557
52.0994
46.4687
38.1066
29.1062
21.0703
14.6511
9.89864
6.83525
5.33251
4.90655
5.07211
5.53566
6.14273
6.80821
7.48144
8.13169
8.74134
9.30141
9.80827
10.2611
10.6605
11.0074
11.3031
11.549
11.7468
11.8986
12.0068
12.0738
12.1034
12.0976
12.0631
11.9973
11.9214
11.7858
93.8745
98.5511
108.135
124.456
147.954
177.615
211.29
246.328
280.281
311.34
338.324
360.496
377.441
389.133
396.047
399.088
399.226
397.2
393.574
388.507
382.027
374.233
365.328
355.533
344.962
333.609
321.432
308.469
294.908
281.046
267.184
253.514
240.054
226.649
213.023
198.855
183.833
167.668
150.108
131.038
110.72
90.0275
70.5141
54.5227
44.9975
43.6812
50.1777
63.5223
83.2355
109.151
140.965
178.091
219.123
258.727
282.196
264.274
201.815
138.99
98.7396
77.0064
65.4054
58.8211
55.1899
54.0892
54.827
55.1738
52.4813
46.0445
37.2244
28.0859
20.136
13.9298
9.39995
6.46394
5.006
4.58906
4.74891
5.20112
5.79517
6.44667
7.1044
7.73716
8.32754
8.86746
9.35455
9.78931
10.1735
10.5089
10.7974
11.0407
11.2406
11.3986
11.517
11.5978
11.644
11.6572
11.6435
11.6005
11.5468
11.4432
20.1018
20.4759
21.1667
22.4658
24.6872
28.0373
32.7944
39.1712
47.2611
57.0379
68.35
80.9096
94.3023
108.044
121.677
134.852
147.336
158.864
169.312
178.541
186.393
192.741
197.528
200.744
202.385
202.42
200.823
197.633
192.994
187.155
180.404
172.983
165.02
156.508
147.329
137.313
126.304
114.206
101.018
86.9112
72.3405
58.1079
45.3299
35.5075
30.4376
31.117
37.3306
48.7039
65.2971
87.4929
115.716
150.316
191.086
234.095
265.891
260.89
208.106
147.632
106.342
83.0228
70.1846
62.8601
58.9117
57.516
57.451
56.6109
52.7212
45.3829
36.0887
26.8575
19.0619
13.1362
8.90442
6.14758
4.72922
4.28943
4.40989
4.82166
5.37986
6.00152
6.63435
7.24522
7.81505
8.33495
8.80255
9.21901
9.5869
9.90906
10.1881
10.4261
10.6251
10.7867
10.913
11.0055
11.0667
11.098
11.1044
11.084
11.0529
10.9822
8.63152
8.68926
8.76476
8.88272
9.07713
9.4041
9.90256
10.6254
11.6433
13.0345
14.8783
17.2469
20.1971
23.7652
27.9677
32.8038
38.2508
44.2421
50.6474
57.3266
64.1067
70.791
77.1776
83.0702
88.2777
92.6157
95.9211
98.0825
99.0684
98.9321
97.7855
95.7508
92.9142
89.3003
84.878
79.5924
73.4076
66.3464
58.5224
50.1741
41.697
33.6377
26.6761
21.7145
19.8092
21.5628
26.9998
36.1616
49.4013
67.3407
90.7917
120.841
158.722
202.844
241.959
251.497
213.22
157.988
115.971
90.5578
75.975
67.6153
63.3239
61.5285
60.3111
57.9836
52.6972
44.3746
34.6266
25.3772
17.8156
12.2247
8.33361
5.81098
4.46493
4.00294
4.06946
4.42097
4.92334
5.49862
6.09562
6.67959
7.22869
7.73148
8.18387
8.58625
8.94121
9.252
9.52183
9.7535
9.94941
10.1116
10.2419
10.3421
10.4144
10.4597
10.4826
10.4815
10.4702
10.4294
5.60416
5.61496
5.62751
5.6438
5.66735
5.70495
5.76458
5.85476
5.98844
6.18231
6.45633
6.83285
7.33572
7.98988
8.82184
9.8603
11.1349
12.6731
14.4844
16.5723
18.925
21.5127
24.2862
27.1767
30.0955
32.9352
35.5778
37.9081
39.8309
41.2814
42.2254
42.648
42.5369
41.8707
40.6185
38.7517
36.2647
33.1959
29.6428
25.773
21.8259
18.1008
14.9659
12.955
12.7362
14.7579
19.1941
26.2728
36.4443
50.372
68.9343
93.4391
126.01
167.795
211.519
234.665
213.553
167.229
126.107
98.8337
82.4036
73.0313
68.3585
65.9114
63.3991
59.1962
52.2906
42.9335
32.7973
23.6366
16.4048
11.2092
7.68608
5.42831
4.19009
3.72399
3.7386
4.0221
4.45519
4.96879
5.51633
6.06382
6.58751
7.07291
7.51301
7.90607
8.25338
8.55772
8.82227
9.0501
9.24399
9.40629
9.53922
9.64452
9.72449
9.78014
9.8156
9.82968
9.83418
9.81786
4.32648
4.32672
4.32672
4.32673
4.32709
4.32875
4.33301
4.34149
4.35679
4.38253
4.42337
4.48487
4.57358
4.69696
4.86321
5.08162
5.36259
5.71735
6.15524
6.68403
7.30935
8.03353
8.85452
9.76465
10.7491
11.7849
12.8406
13.8791
14.8607
15.7471
16.503
17.0952
17.4906
17.6544
17.552
17.1549
16.4496
15.4463
14.1859
12.7431
11.225
9.7687
8.56336
7.93267
8.32999
10.1179
13.5173
18.7931
26.3728
36.8654
51.0788
70.2043
96.4257
132.705
176.734
210.127
206.398
172.365
134.795
106.798
89.0274
79.0516
73.7162
70.2628
66.2096
59.9084
51.274
40.9415
30.5635
21.6434
14.8535
10.116
6.98441
5.00467
3.89722
3.44772
3.42224
3.64137
4.0017
4.44471
4.93118
5.43082
5.92014
6.38266
6.80845
7.19297
7.53537
7.83697
8.10019
8.32777
8.52244
8.6867
8.82293
8.93307
9.01949
9.0834
9.12867
9.15461
9.17152
9.17425
3.65733
3.65382
3.64962
3.64505
3.63997
3.6345
3.62887
3.62347
3.61902
3.61632
3.61647
3.62092
3.63146
3.65025
3.67989
3.72337
3.78423
3.86633
3.97352
4.10893
4.27553
4.47541
4.70964
4.97792
5.27817
5.60614
5.95515
6.31631
6.67901
7.03145
7.36088
7.65319
7.89246
8.06072
8.13897
8.10964
7.96
7.68638
7.298
6.8185
6.28674
5.75891
5.3291
5.1956
5.67185
7.04029
9.50383
13.2996
18.7849
26.4703
37.0467
51.5028
71.6321
100.829
140.914
179.374
190.655
170.908
139.925
113.181
95.2455
84.9289
78.66
73.8467
68.0204
59.6842
49.3983
38.2939
27.9095
19.4222
13.1967
8.97688
6.25433
4.5567
3.59102
3.17313
3.12103
3.28581
3.5783
3.94977
4.36924
4.81219
5.25779
5.68935
6.09501
6.46767
6.80402
7.10345
7.36699
7.59651
7.79428
7.96255
8.10366
8.21958
8.31272
8.38446
8.43848
8.4745
8.5017
8.51958
3.27204
3.26569
3.25882
3.25156
3.24388
3.2358
3.22734
3.21856
3.20961
3.20071
3.19216
3.18435
3.17779
3.1731
3.17109
3.17277
3.17937
3.19231
3.21315
3.24331
3.28411
3.33667
3.40179
3.47982
3.57059
3.6732
3.78597
3.90645
4.03155
4.15767
4.28073
4.396
4.4978
4.5793
4.63262
4.64959
4.62258
4.54738
4.42542
4.26287
4.07261
3.87657
3.71871
3.71485
4.08017
5.03137
6.73306
9.3721
13.2264
18.6985
26.3471
36.964
51.8854
73.9658
106.994
145.003
166.983
161.566
139.769
116.638
99.9479
89.3466
82.0263
75.689
68.0613
57.993
46.418
34.9244
24.8581
17.0238
11.4835
7.83023
5.52405
4.10423
3.28339
2.90527
2.83652
2.95796
3.19214
3.49745
3.85004
4.23189
4.62658
5.01918
5.39742
5.75244
6.07873
6.37363
6.63648
6.86793
7.0694
7.24262
7.3896
7.51219
7.61266
7.69246
7.75509
7.80051
7.83706
7.86788
3.04084
3.03193
3.02271
3.01316
3.00338
2.99331
2.98293
2.97224
2.96128
2.9501
2.9388
2.92749
2.91631
2.90546
2.89518
2.88579
2.87772
2.87149
2.86766
2.86686
2.86964
2.87656
2.88808
2.90454
2.9261
2.95266
2.98381
3.01885
3.05682
3.09651
3.13654
3.17523
3.21051
3.23979
3.25987
3.26728
3.25836
3.23148
3.18613
3.12353
3.0479
2.96775
2.90142
2.90888
3.13129
3.73737
4.85915
6.63337
9.26157
13.0445
18.4124
25.9816
36.7264
52.6447
77.4062
110.175
137.212
144.11
133.041
115.614
101.031
90.5457
82.4254
74.7823
65.6751
54.4141
42.1939
30.8507
21.4874
14.5287
9.77477
6.71733
4.82153
3.6662
2.98763
2.65317
2.57283
2.65897
2.84517
3.09356
3.38457
3.70574
4.04575
4.39307
4.73669
5.06726
5.37782
5.66386
5.92299
6.15443
6.35852
6.53623
6.68902
6.81841
6.92644
7.01447
7.08573
7.14035
7.18584
7.22856
2.90176
2.89045
2.87898
2.86733
2.85554
2.84359
2.83147
2.81915
2.80666
2.794
2.78119
2.76827
2.75527
2.74224
2.72925
2.71641
2.70384
2.69174
2.68029
2.66974
2.66029
2.65218
2.64564
2.64084
2.63794
2.63697
2.63789
2.64052
2.64457
2.64966
2.65531
2.66097
2.66589
2.66907
2.66927
2.6654
2.656
2.63991
2.61652
2.58605
2.54993
2.51147
2.47745
2.47284
2.57883
2.92403
3.62117
4.77025
6.5083
9.04556
12.6948
17.9156
25.417
36.4902
53.687
78.4726
104.467
119.304
118.643
108.428
96.7778
87.1183
78.8393
70.479
60.5322
48.8381
36.782
26.2153
17.9422
12.0458
8.13962
5.67893
4.1721
3.25898
2.71481
2.42679
2.33719
2.39127
2.53682
2.73816
2.97641
3.24195
3.5278
3.8265
4.12973
4.42916
4.71747
4.98898
5.23981
5.46776
5.67192
5.85232
6.00971
6.14513
6.26021
6.35612
6.43578
6.4993
6.55346
6.6075
2.81908
2.8057
2.79227
2.77876
2.76518
2.75152
2.73779
2.72398
2.71006
2.69605
2.68195
2.66776
2.65349
2.63915
2.62476
2.61036
2.59598
2.58169
2.56755
2.55363
2.53999
2.52673
2.51391
2.50161
2.4899
2.4788
2.46833
2.45845
2.44908
2.44015
2.43152
2.42312
2.41475
2.40605
2.39655
2.38576
2.37315
2.35824
2.34073
2.32062
2.29839
2.27531
2.2538
2.24165
2.27485
2.43879
2.83264
3.53844
4.64746
6.29701
8.69891
12.1751
17.2237
24.6744
36.0005
52.7888
73.323
90.1322
96.7881
93.8545
86.3118
78.4997
70.9513
62.6682
52.7223
41.5018
30.4851
21.2963
14.4252
9.69987
6.64605
4.75001
3.59556
2.89528
2.47194
2.23265
2.13783
2.16039
2.26746
2.42838
2.62303
2.84119
3.07774
3.32856
3.58859
3.85175
4.11164
4.36243
4.59938
4.81911
5.01954
5.19968
5.35941
5.49915
5.62001
5.72285
5.81017
5.88202
5.94435
6.00916
2.77197
2.75693
2.74188
2.72682
2.71175
2.69664
2.68152
2.66637
2.65119
2.63597
2.62072
2.60543
2.5901
2.57473
2.55933
2.5439
2.52846
2.51301
2.49759
2.48219
2.46685
2.45156
2.43634
2.42123
2.40622
2.39132
2.37654
2.36188
2.34732
2.33299
2.31886
2.30487
2.29096
2.27704
2.26297
2.24859
2.23375
2.21829
2.20211
2.18524
2.16785
2.1504
2.1338
2.12005
2.12008
2.17582
2.3631
2.7582
3.42927
4.46272
5.99194
8.22584
11.4924
16.313
23.4884
34.0103
47.8893
61.8723
70.9944
73.1179
70.0658
65.0743
59.1517
51.813
42.8297
33.0338
23.8399
16.4719
11.1636
7.60989
5.34974
3.95493
3.10381
2.58311
2.26282
2.07166
1.979
1.97335
2.04124
2.16296
2.3196
2.49855
2.69341
2.90109
3.11902
3.34376
3.57085
3.79538
4.01268
4.21878
4.41073
4.5866
4.7454
4.88682
5.01135
5.11945
5.2131
5.29221
5.36187
5.4366
2.74603
2.72978
2.71353
2.6973
2.68108
2.66486
2.64865
2.63244
2.61623
2.60001
2.58379
2.56757
2.55133
2.53509
2.51883
2.50257
2.48631
2.47004
2.45377
2.4375
2.42123
2.40494
2.38864
2.37232
2.35597
2.33957
2.32315
2.30678
2.29047
2.27422
2.25804
2.24192
2.22587
2.20986
2.1939
2.17795
2.16201
2.14606
2.13011
2.1142
2.09843
2.08294
2.06804
2.05434
2.04413
2.05076
2.11501
2.30043
2.66909
3.28106
4.21663
5.60136
7.63459
10.6257
15.0043
21.2697
29.6726
39.1163
46.9128
50.8401
50.9559
48.7817
44.8963
39.2106
32.0515
24.4242
17.5122
12.1387
8.35886
5.8638
4.28361
3.30426
2.70024
2.32489
2.08877
1.9411
1.85797
1.83281
1.86402
1.94506
2.06387
2.20784
2.36796
2.53942
2.71996
2.90788
3.10083
3.29562
3.48851
3.67579
3.85419
4.02115
4.17496
4.3146
4.4399
4.55083
4.64881
4.73353
4.80916
4.89249
2.73277
2.7157
2.69864
2.6816
2.66456
2.64754
2.63053
2.61353
2.59654
2.57957
2.5626
2.54564
2.52869
2.51175
2.49482
2.47789
2.46098
2.44407
2.42717
2.41027
2.39336
2.37644
2.35949
2.34251
2.32547
2.30838
2.29128
2.27422
2.25721
2.24024
2.22332
2.20646
2.18965
2.17292
2.15629
2.13978
2.12342
2.10726
2.09133
2.0757
2.0604
2.04549
2.03104
2.01722
2.00451
1.99567
2.00423
2.06599
2.23358
2.55962
3.09745
3.9192
5.13686
6.92009
9.49099
13.079
17.8173
23.357
28.5319
32.0271
33.4451
32.9818
30.8185
26.9965
22.0293
16.7971
12.1571
8.61188
6.13578
4.49881
3.45259
2.79444
2.38084
2.11813
1.94831
1.83729
1.76753
1.73351
1.73685
1.77943
1.8585
1.96657
2.09463
2.23546
2.38478
2.54054
2.70149
2.86604
3.03197
3.19655
3.35687
3.51031
3.65474
3.78861
3.91115
4.02182
4.12148
4.20953
4.28921
4.37917
2.72617
2.7086
2.69103
2.67347
2.65592
2.63837
2.62084
2.60331
2.58579
2.56829
2.5508
2.53332
2.51585
2.4984
2.48096
2.46354
2.44612
2.42873
2.41134
2.39397
2.37659
2.35921
2.34181
2.32438
2.30697
2.28957
2.27219
2.25483
2.23752
2.22025
2.20304
2.18589
2.16881
2.15184
2.13499
2.1183
2.10181
2.08557
2.06962
2.05402
2.03879
2.02394
2.00946
1.99534
1.98168
1.96897
1.96009
1.96702
2.01916
2.15973
2.43387
2.88824
3.58357
4.60578
6.0612
8.04712
10.6001
13.578
16.5296
18.8857
20.262
20.439
19.3799
17.1297
14.1125
10.9369
8.14335
6.01301
4.50839
3.49664
2.83613
2.4106
2.1363
1.95723
1.83774
1.75609
1.70019
1.66527
1.65232
1.66525
1.70712
1.77736
1.87142
1.98264
2.10481
2.23375
2.36727
2.50423
2.64358
2.78386
2.92313
3.05928
3.19027
3.31433
3.4303
3.53724
3.63543
3.72402
3.80529
3.89927
2.72317
2.70533
2.68747
2.66962
2.65176
2.63391
2.61605
2.5982
2.58035
2.56251
2.54468
2.52686
2.50904
2.49124
2.47345
2.45567
2.43791
2.42017
2.40243
2.38471
2.36699
2.34928
2.33155
2.31382
2.29612
2.27847
2.26086
2.24331
2.22582
2.20839
2.19103
2.17375
2.15657
2.1395
2.12258
2.10583
2.08928
2.073
2.057
2.04133
2.02601
2.01102
1.99632
1.98186
1.96758
1.95355
1.94029
1.93042
1.93351
1.97234
2.08168
2.29981
2.66555
3.22217
4.01594
5.08214
6.41766
7.94654
9.50033
10.8636
11.7714
12.0317
11.5536
10.3649
8.72347
6.98281
5.44945
4.25862
3.39573
2.79891
2.39769
2.13143
1.95449
1.83513
1.75243
1.69321
1.64967
1.61807
1.59826
1.59308
1.60672
1.64249
1.70108
1.78003
1.87445
1.97896
2.08933
2.20305
2.31887
2.43603
2.55361
2.67041
2.78496
2.89576
3.00157
3.10124
3.19462
3.28066
3.36072
3.45555
2.72174
2.70374
2.68574
2.66772
2.6497
2.63167
2.61364
2.5956
2.57756
2.55953
2.54149
2.52346
2.50544
2.48742
2.46941
2.45141
2.43342
2.41545
2.39748
2.37952
2.36157
2.34363
2.32571
2.30782
2.28997
2.27216
2.25441
2.23671
2.21909
2.20154
2.18407
2.1667
2.14944
2.1323
2.11531
2.0985
2.0819
2.06553
2.04945
2.03365
2.01816
2.00294
1.98796
1.97313
1.95837
1.94362
1.92895
1.91486
1.90342
1.90166
1.92633
2.00431
2.16647
2.44123
2.84997
3.40256
4.08572
4.85579
5.64868
6.36853
6.87772
7.06568
6.86255
6.28077
5.45484
4.56921
3.78007
3.14677
2.67194
2.33222
2.09615
1.93417
1.82268
1.74445
1.68773
1.64487
1.61123
1.58426
1.56327
1.5495
1.54597
1.55648
1.58415
1.63038
1.69417
1.77224
1.86008
1.95351
2.04966
2.14698
2.24476
2.34247
2.43944
2.5348
2.62765
2.71694
2.80234
2.88272
2.95863
3.05088
2.72109
2.70303
2.68495
2.66686
2.64875
2.63064
2.61251
2.59438
2.57624
2.5581
2.53995
2.52181
2.50366
2.48552
2.46738
2.44925
2.43112
2.413
2.39488
2.37678
2.35867
2.34058
2.32252
2.3045
2.28652
2.2686
2.25074
2.23295
2.21523
2.19759
2.18004
2.16259
2.14526
2.12806
2.111
2.09412
2.07744
2.06098
2.04477
2.02882
2.01313
1.99766
1.98238
1.9672
1.95203
1.93677
1.92139
1.90594
1.89083
1.87753
1.87091
1.88264
1.9321
2.04149
2.22709
2.49378
2.83031
3.21206
3.6105
3.97651
4.24488
4.35893
4.27782
4.00718
3.61307
3.18689
2.79581
2.47003
2.21684
2.02927
1.89429
1.79818
1.72917
1.6783
1.63928
1.60793
1.58163
1.55891
1.53917
1.52271
1.51094
1.50647
1.5125
1.53184
1.56612
1.6154
1.67777
1.7498
1.82761
1.90808
1.98926
2.07028
2.15076
2.23043
2.30897
2.38579
2.46066
2.5326
2.6016
2.68782
2.7207
2.7026
2.68449
2.66635
2.64821
2.63005
2.61188
2.59369
2.5755
2.5573
2.5391
2.52089
2.50268
2.48447
2.46626
2.44805
2.42984
2.41164
2.39344
2.37525
2.35707
2.33892
2.3208
2.30272
2.28467
2.26668
2.24875
2.23089
2.21309
2.19538
2.17777
2.16025
2.14285
2.12558
2.10845
2.09149
2.07471
2.05814
2.04179
2.02566
2.00976
1.99404
1.97847
1.96296
1.94743
1.93178
1.91592
1.89982
1.88352
1.86728
1.85212
1.8413
1.84235
1.86766
1.93034
2.03803
2.18725
2.36594
2.55971
2.74179
2.87996
2.94487
2.91497
2.79435
2.61592
2.41897
2.23096
2.06852
1.93777
1.83741
1.76234
1.70641
1.664
1.6307
1.60332
1.57974
1.55864
1.53926
1.52127
1.50474
1.49015
1.47871
1.47243
1.47391
1.48555
1.509
1.54488
1.59242
1.64939
1.71257
1.77882
1.84585
1.91246
1.97818
2.04301
2.10684
2.16982
2.23137
2.29125
2.3683
2.72046
2.70235
2.68421
2.66606
2.6479
2.62971
2.61152
2.59331
2.57509
2.55687
2.53863
2.52039
2.50214
2.48389
2.46565
2.44739
2.42914
2.41089
2.39264
2.3744
2.35618
2.33798
2.31982
2.3017
2.28361
2.26558
2.2476
2.22969
2.21185
2.19409
2.17642
2.15885
2.14139
2.12406
2.10686
2.08982
2.07295
2.05626
2.03977
2.02347
2.00736
1.99141
1.97557
1.95977
1.94392
1.92795
1.91174
1.89523
1.87837
1.86117
1.84381
1.82701
1.81276
1.80541
1.81152
1.83795
1.88745
1.95743
2.04172
2.12562
2.19212
2.22537
2.2149
2.1648
2.08882
2.00099
1.91391
1.83596
1.7709
1.71888
1.67799
1.6456
1.61918
1.59669
1.57667
1.55817
1.54061
1.52369
1.5073
1.49148
1.47643
1.46263
1.45093
1.4428
1.44022
1.44519
1.45926
1.48326
1.51719
1.5599
1.60916
1.66221
1.71661
1.77075
1.82398
1.87613
1.92755
1.97811
2.0277
2.0932
2.72026
2.70213
2.68399
2.66582
2.64764
2.62945
2.61124
2.59302
2.57478
2.55654
2.53829
2.52003
2.50176
2.48349
2.46521
2.44694
2.42866
2.41039
2.39212
2.37388
2.35564
2.33744
2.31925
2.30111
2.283
2.26494
2.24694
2.22899
2.21112
2.19332
2.17561
2.15799
2.14048
2.12309
2.10582
2.0887
2.07174
2.05494
2.03831
2.02186
2.00556
1.98939
1.97331
1.95725
1.94114
1.92489
1.9084
1.8916
1.8744
1.85677
1.8387
1.82032
1.80203
1.78495
1.77132
1.76456
1.76812
1.78385
1.80962
1.83902
1.86345
1.87503
1.87006
1.84993
1.81825
1.78038
1.74156
1.70552
1.6741
1.64754
1.62514
1.60581
1.58849
1.57235
1.5568
1.54151
1.52632
1.51116
1.49608
1.48113
1.46643
1.45219
1.43874
1.42669
1.41699
1.41107
1.41055
1.4168
1.43069
1.45258
1.48213
1.51814
1.55864
1.60137
1.64454
1.68703
1.72864
1.76924
1.80886
1.86179
2.72009
2.70196
2.68381
2.66563
2.64745
2.62924
2.61102
2.59279
2.57455
2.55629
2.53803
2.51976
2.50148
2.48319
2.46491
2.44661
2.42832
2.41003
2.39176
2.3735
2.35526
2.33704
2.31885
2.30069
2.28258
2.2645
2.24648
2.22851
2.21061
2.19279
2.17504
2.15739
2.13983
2.12239
2.10506
2.08787
2.07082
2.05392
2.03717
2.02058
2.00411
1.98776
1.97147
1.95519
1.93885
1.92237
1.90566
1.88864
1.87122
1.85334
1.83498
1.81607
1.79661
1.77696
1.75824
1.74221
1.73015
1.72316
1.72117
1.72204
1.72233
1.71963
1.71309
1.70202
1.68712
1.66996
1.65228
1.63534
1.61975
1.60554
1.59237
1.57976
1.56731
1.55471
1.54179
1.52851
1.51489
1.50103
1.487
1.4729
1.45881
1.44485
1.43114
1.41792
1.40556
1.39466
1.38617
1.38129
1.38121
1.3868
1.3985
1.41641
1.44014
1.4686
1.50021
1.5332
1.56635
1.59869
1.63002
1.67106
2.71995
2.70181
2.68365
2.66547
2.64727
2.62906
2.61084
2.5926
2.57435
2.55608
2.53781
2.51953
2.50124
2.48294
2.46464
2.44634
2.42804
2.40975
2.39148
2.37321
2.35497
2.33675
2.31855
2.30039
2.28226
2.26418
2.24614
2.22816
2.21024
2.19239
2.17461
2.15693
2.13933
2.12184
2.10446
2.08721
2.07008
2.05309
2.03624
2.01952
2.00291
1.9864
1.96993
1.95347
1.93694
1.92027
1.90338
1.88619
1.86861
1.85059
1.83208
1.81294
1.79305
1.7729
1.75379
1.73613
1.72008
1.70591
1.69357
1.68219
1.67072
1.65964
1.64923
1.63895
1.62862
1.61839
1.60847
1.59899
1.58987
1.58092
1.57184
1.56239
1.55235
1.54165
1.53027
1.51828
1.5058
1.49293
1.47981
1.46653
1.45315
1.43975
1.42636
1.41308
1.40001
1.38739
1.37559
1.36518
1.35697
1.35192
1.35084
1.35425
1.36239
1.37526
1.39255
1.41339
1.43669
1.4608
1.48508
1.51595
2.71982
2.70167
2.68351
2.66532
2.64712
2.6289
2.61067
2.59242
2.57416
2.55589
2.53761
2.51932
2.50102
2.48272
2.46442
2.44612
2.42782
2.40953
2.39125
2.37299
2.35474
2.33652
2.31832
2.30015
2.28201
2.26392
2.24587
2.22787
2.20994
2.19206
2.17427
2.15655
2.13892
2.12139
2.10397
2.08666
2.06947
2.0524
2.03546
2.01863
2.00191
1.98526
1.96865
1.95203
1.93535
1.91853
1.90151
1.88418
1.86649
1.84839
1.82981
1.81054
1.79053
1.77057
1.75173
1.734
1.71726
1.70139
1.68615
1.67078
1.65476
1.63953
1.6262
1.61459
1.60447
1.59556
1.5876
1.58025
1.57318
1.56604
1.55851
1.55037
1.54148
1.53182
1.52141
1.51036
1.49879
1.48682
1.47457
1.46211
1.4495
1.43677
1.42393
1.41099
1.39799
1.38497
1.37207
1.35951
1.34763
1.33694
1.3281
1.32181
1.31865
1.31894
1.32283
1.33028
1.34124
1.35473
1.37058
1.39162
2.71973
2.70158
2.68341
2.66522
2.64701
2.62878
2.61055
2.59229
2.57403
2.55575
2.53746
2.51917
2.50086
2.48255
2.46424
2.44593
2.42762
2.40933
2.39105
2.37278
2.35453
2.3363
2.3181
2.29992
2.28178
2.26368
2.24563
2.22762
2.20967
2.19178
2.17397
2.15623
2.13858
2.12102
2.10356
2.0862
2.06896
2.05183
2.03481
2.0179
2.00108
1.98432
1.9676
1.95086
1.93406
1.91713
1.9
1.88258
1.86482
1.84667
1.82805
1.80874
1.78877
1.76915
1.75056
1.73295
1.71613
1.69994
1.68404
1.6677
1.6503
1.63333
1.6184
1.60554
1.5946
1.58529
1.57724
1.57005
1.56326
1.55649
1.54941
1.5418
1.53351
1.52453
1.51488
1.50467
1.49398
1.48293
1.47159
1.46001
1.4482
1.43617
1.42391
1.41142
1.39868
1.3857
1.37252
1.35922
1.34592
1.33283
1.32026
1.30864
1.29847
1.29029
1.28448
1.28123
1.2808
1.2828
1.28809
1.2971
2.71963
2.70147
2.6833
2.6651
2.64688
2.62865
2.61041
2.59215
2.57388
2.55559
2.5373
2.519
2.5007
2.48239
2.46409
2.44579
2.42749
2.40919
2.39091
2.37265
2.35439
2.33616
2.31796
2.29978
2.28164
2.26353
2.24547
2.22745
2.20949
2.1916
2.17377
2.15601
2.13834
2.12076
2.10327
2.08588
2.0686
2.05142
2.03435
2.01737
2.00048
1.98364
1.96683
1.95001
1.93312
1.9161
1.8989
1.88142
1.86362
1.84546
1.82684
1.80755
1.78769
1.76832
1.74991
1.73237
1.71554
1.69924
1.68316
1.66661
1.64892
1.63129
1.61556
1.60187
1.59014
1.58015
1.57156
1.56396
1.55694
1.55011
1.54315
1.53583
1.52802
1.51969
1.51085
1.50156
1.49189
1.48187
1.4715
1.46079
1.44971
1.43824
1.42639
1.41414
1.40152
1.38855
1.37523
1.36162
1.34775
1.33369
1.31959
1.30562
1.29205
1.27919
1.26742
1.25707
1.24858
1.24169
1.23769
1.23366
2.71961
2.70145
2.68327
2.66507
2.64685
2.62861
2.61036
2.5921
2.57382
2.55553
2.53724
2.51893
2.50061
2.48229
2.46397
2.44565
2.42734
2.40905
2.39076
2.3725
2.35424
2.33601
2.31781
2.29963
2.28149
2.26338
2.24532
2.22731
2.20935
2.19145
2.17362
2.15586
2.13818
2.12059
2.10309
2.08569
2.06839
2.05119
2.03409
2.01707
2.00013
1.98325
1.96639
1.94951
1.93257
1.91551
1.89826
1.88076
1.86296
1.84481
1.82622
1.807
1.78728
1.76809
1.74979
1.73228
1.71541
1.69899
1.68278
1.66614
1.64841
1.63055
1.61441
1.60022
1.58794
1.57739
1.5683
1.56032
1.55307
1.54619
1.5394
1.53247
1.5253
1.51782
1.51003
1.50191
1.49341
1.48445
1.47494
1.4648
1.45401
1.44257
1.43054
1.41801
1.40505
1.39175
1.37815
1.36429
1.35016
1.3358
1.32122
1.3065
1.29171
1.27699
1.26251
1.24848
1.23531
1.2228
1.21283
1.19846
2.71952
2.70136
2.68317
2.66497
2.64675
2.62851
2.61025
2.59198
2.57371
2.55542
2.53713
2.51884
2.50054
2.48223
2.46393
2.44562
2.42733
2.40904
2.39076
2.3725
2.35425
2.33603
2.31783
2.29966
2.28152
2.26342
2.24537
2.22736
2.20941
2.19152
2.1737
2.15595
2.13829
2.1207
2.10321
2.08582
2.06852
2.05132
2.03422
2.0172
2.00025
1.98336
1.96648
1.94959
1.93264
1.91557
1.89833
1.88085
1.86308
1.84498
1.82647
1.80736
1.78779
1.7687
1.75043
1.73288
1.71592
1.69938
1.68301
1.66626
1.6485
1.63061
1.61434
1.59991
1.58732
1.57646
1.5671
1.55895
1.55169
1.54502
1.53868
1.5325
1.52635
1.52015
1.51373
1.5069
1.4994
1.49099
1.48148
1.47081
1.45906
1.4464
1.4331
1.4194
1.4055
1.39156
1.37765
1.36375
1.34984
1.33584
1.3217
1.30737
1.29283
1.27808
1.26317
1.24818
1.23337
1.2184
1.20552
1.18514
2.7196
2.70144
2.68325
2.66505
2.64683
2.62859
2.61033
2.59206
2.57378
2.55549
2.53719
2.51888
2.50057
2.48224
2.46393
2.44562
2.42732
2.40904
2.39077
2.37252
2.35429
2.33608
2.3179
2.29976
2.28165
2.26358
2.24556
2.22758
2.20967
2.19182
2.17404
2.15634
2.13871
2.12118
2.10374
2.08639
2.06915
2.052
2.03495
2.01798
2.00108
1.98424
1.96741
1.95057
1.93367
1.91665
1.89948
1.88207
1.86438
1.84637
1.82799
1.80905
1.78965
1.77064
1.75237
1.73477
1.71769
1.701
1.68447
1.66756
1.64976
1.63197
1.61576
1.60134
1.58874
1.57788
1.56858
1.56063
1.55377
1.54777
1.54244
1.53759
1.533
1.52833
1.52311
1.51675
1.50874
1.49874
1.48671
1.47291
1.45784
1.44211
1.4263
1.41089
1.39615
1.38221
1.36902
1.35643
1.34423
1.3322
1.32011
1.30779
1.29514
1.28207
1.26858
1.25466
1.2405
1.2257
1.21249
1.19037
2.71956
2.7014
2.68321
2.66501
2.6468
2.62858
2.61034
2.59209
2.57384
2.55558
2.53732
2.51905
2.50077
2.4825
2.46423
2.44596
2.42771
2.40946
2.39123
2.37302
2.35484
2.33668
2.31855
2.30046
2.28241
2.2644
2.24645
2.22855
2.21072
2.19295
2.17526
2.15765
2.14013
2.1227
2.10537
2.08814
2.07101
2.05399
2.03706
2.02022
2.00346
1.98674
1.97005
1.95334
1.93657
1.9197
1.90267
1.88541
1.86787
1.85002
1.83182
1.81312
1.79392
1.77494
1.75663
1.73893
1.72173
1.7049
1.68818
1.67108
1.65326
1.6358
1.61993
1.60584
1.59358
1.58312
1.57436
1.56717
1.56136
1.55676
1.55313
1.55004
1.54681
1.54248
1.53595
1.5263
1.51306
1.49641
1.47716
1.45653
1.43586
1.41634
1.39881
1.38368
1.37097
1.36043
1.3516
1.34394
1.33692
1.32997
1.32272
1.31489
1.30632
1.29692
1.28668
1.27561
1.2639
1.25119
1.23956
1.2192
2.71996
2.70182
2.68367
2.6655
2.64731
2.62911
2.61091
2.59269
2.57446
2.55623
2.53799
2.51975
2.50151
2.48327
2.46504
2.44684
2.42865
2.41049
2.39235
2.37424
2.35616
2.33812
2.32012
2.30216
2.28425
2.26639
2.2486
2.23087
2.21321
2.19563
2.17813
2.16073
2.14342
2.12622
2.10912
2.09214
2.07526
2.05849
2.04183
2.02525
2.00876
1.99231
1.97588
1.95944
1.94294
1.92633
1.90956
1.89255
1.87527
1.85767
1.83972
1.82134
1.80243
1.78351
1.76518
1.7474
1.73008
1.7131
1.69619
1.67888
1.66118
1.64435
1.62917
1.61581
1.60438
1.59491
1.58739
1.58174
1.57776
1.57505
1.57282
1.56974
1.56407
1.55395
1.53805
1.51606
1.48899
1.45896
1.4287
1.40085
1.37745
1.35966
1.34775
1.34123
1.33913
1.34028
1.34349
1.34759
1.35145
1.35421
1.35547
1.35503
1.3528
1.34886
1.34335
1.33642
1.32837
1.31902
1.31012
1.29395
2.72064
2.7026
2.68454
2.66648
2.64841
2.63034
2.61227
2.5942
2.57613
2.55807
2.54001
2.52196
2.50392
2.48589
2.46788
2.44988
2.43192
2.41398
2.39607
2.3782
2.36037
2.34259
2.32486
2.30718
2.28956
2.27201
2.25453
2.23713
2.21981
2.20259
2.18546
2.16844
2.15153
2.13473
2.11805
2.1015
2.08506
2.06874
2.05253
2.03641
2.02036
2.00437
1.98839
1.97239
1.95632
1.94012
1.92374
1.90712
1.8902
1.87295
1.85533
1.83731
1.81881
1.79998
1.78157
1.76367
1.74622
1.72906
1.71193
1.69455
1.67739
1.66165
1.64764
1.63558
1.62563
1.61788
1.61226
1.60843
1.60554
1.60205
1.59561
1.58333
1.56258
1.53204
1.49258
1.44736
1.40115
1.35918
1.32583
1.30385
1.29419
1.29627
1.30831
1.32781
1.35213
1.37888
1.40596
1.43116
1.45256
1.46969
1.48252
1.49128
1.4964
1.49839
1.49779
1.49509
1.49083
1.48512
1.47933
1.46872
2.72404
2.70625
2.68846
2.67068
2.6529
2.63513
2.61736
2.59961
2.58187
2.56415
2.54644
2.52874
2.51107
2.49344
2.47585
2.45829
2.44079
2.42333
2.40592
2.38856
2.37125
2.35401
2.33683
2.31972
2.30268
2.28573
2.26886
2.25208
2.2354
2.21883
2.20237
2.18602
2.1698
2.1537
2.13774
2.1219
2.10618
2.09058
2.07509
2.05968
2.04434
2.02903
2.01372
1.99835
1.98288
1.96725
1.9514
1.93528
1.91882
1.90198
1.88474
1.86711
1.84905
1.8306
1.8121
1.79405
1.77642
1.75906
1.74179
1.7248
1.70901
1.69477
1.68239
1.67205
1.66381
1.65737
1.65187
1.6455
1.63541
1.61791
1.58912
1.54639
1.49006
1.42433
1.35649
1.2952
1.24852
1.22211
1.21861
1.23793
1.27791
1.33474
1.40347
1.47861
1.55537
1.63001
1.69847
1.75578
1.80085
1.83489
1.85931
1.87572
1.88571
1.89078
1.89222
1.89113
1.88845
1.8846
1.88067
1.87512
2.73472
2.71769
2.70067
2.68369
2.66673
2.64981
2.63291
2.61605
2.59921
2.58241
2.56564
2.54891
2.53221
2.51554
2.49892
2.48235
2.46582
2.44934
2.43292
2.41655
2.40024
2.38399
2.36782
2.35171
2.33569
2.31975
2.3039
2.28815
2.27249
2.25695
2.24151
2.22619
2.211
2.19592
2.18096
2.16612
2.15139
2.13675
2.12219
2.10768
2.0932
2.0787
2.06414
2.04947
2.03464
2.01957
2.00423
1.98855
1.97249
1.95601
1.9391
1.92178
1.90408
1.88607
1.86787
1.84971
1.83185
1.81444
1.79771
1.78196
1.76746
1.75444
1.74291
1.73249
1.72217
1.70991
1.69242
1.66543
1.62464
1.56698
1.49225
1.40547
1.31717
1.24016
1.18628
1.16513
1.18317
1.2432
1.34457
1.48369
1.65316
1.84241
2.03883
2.23064
2.41002
2.57118
2.70137
2.79564
2.86073
2.90224
2.92541
2.93497
2.93497
2.92871
2.91877
2.90695
2.89473
2.88245
2.8717
2.86139
2.77177
2.75653
2.74131
2.72613
2.71097
2.69585
2.68074
2.66565
2.65059
2.63553
2.62051
2.60552
2.59057
2.57565
2.56076
2.54591
2.53108
2.51629
2.50153
2.4868
2.47211
2.45746
2.44285
2.42829
2.41377
2.39931
2.38491
2.37057
2.35629
2.34208
2.32793
2.31386
2.29986
2.28592
2.27203
2.25819
2.24439
2.23059
2.21679
2.20294
2.18903
2.175
2.16083
2.14646
2.13187
2.117
2.10182
2.08631
2.07044
2.0542
2.0376
2.02068
2.00348
1.98609
1.96861
1.9512
1.93402
1.91724
1.90098
1.88527
1.86988
1.8542
1.83694
1.81588
1.78786
1.74895
1.69544
1.62644
1.54512
1.45878
1.37909
1.32354
1.31282
1.362
1.48704
1.70367
2.02125
2.4373
2.9371
3.4978
4.0813
4.64539
5.15134
5.57558
5.9165
6.16126
6.30271
6.36716
6.37237
6.33416
6.26625
6.17988
6.0837
5.98394
5.88483
5.78866
5.69731
5.60946
5.53188
5.43988
2.88845
2.877
2.86552
2.85402
2.84248
2.8309
2.81928
2.8076
2.79587
2.78407
2.77221
2.76029
2.7483
2.73623
2.72409
2.71187
2.69958
2.68721
2.67476
2.66223
2.64962
2.63692
2.62414
2.61128
2.59833
2.5853
2.57217
2.55895
2.54563
2.53222
2.51869
2.50506
2.4913
2.47742
2.46341
2.44926
2.43497
2.42053
2.40596
2.39126
2.37644
2.36153
2.34655
2.33153
2.3165
2.30149
2.28652
2.27162
2.25678
2.24199
2.22723
2.21246
2.19764
2.18272
2.16763
2.15228
2.13653
2.12012
2.10261
2.0833
2.06114
2.03471
2.00261
1.96438
1.92178
1.88037
1.85138
1.85483
1.91597
2.06476
2.33582
2.76914
3.41008
4.29638
5.4782
6.98768
8.79583
10.816
12.9169
14.9491
16.769
18.2616
19.3616
20.0551
20.3732
20.3926
20.1786
19.7721
19.2189
18.5664
17.8582
17.1304
16.4097
15.7138
15.0534
14.4323
13.8534
13.3069
12.8295
12.2267
3.25522
3.25064
3.24579
3.24069
3.2353
3.22963
3.22367
3.21741
3.21084
3.20396
3.19676
3.18923
3.18137
3.17316
3.16461
3.1557
3.14643
3.13679
3.12678
3.11639
3.10561
3.09443
3.08286
3.07088
3.05849
3.0457
3.03251
3.01893
3.00497
2.99065
2.97602
2.9611
2.94597
2.9307
2.91538
2.90012
2.88505
2.87033
2.85614
2.84267
2.83009
2.81859
2.80832
2.79941
2.79193
2.78591
2.78131
2.77803
2.77589
2.77467
2.77411
2.77395
2.77394
2.77388
2.7737
2.77347
2.77362
2.77503
2.77951
2.79039
2.81374
2.8592
2.94403
3.09569
3.35116
3.75945
4.385
5.29797
6.5773
8.35781
10.7687
13.93
17.927
22.7673
28.3428
34.4156
40.6427
46.6341
52.0271
56.5493
60.0528
62.4691
63.818
64.2869
63.9128
62.6851
60.7153
58.1773
55.2628
52.1494
48.9837
45.8751
42.897
40.0927
37.4828
35.0692
32.8526
30.7915
29.0177
26.7191
4.58788
4.60149
4.61446
4.62679
4.63851
4.64961
4.66012
4.67005
4.67941
4.68824
4.69655
4.70437
4.71173
4.71867
4.72524
4.73146
4.73741
4.74315
4.74875
4.7543
4.7599
4.76566
4.77173
4.77826
4.78544
4.79346
4.80258
4.81305
4.82517
4.83926
4.85567
4.87478
4.89696
4.92262
4.95212
4.98579
5.02404
5.06732
5.11581
5.16949
5.22819
5.29157
5.35915
5.43026
5.50412
5.57988
5.65672
5.73394
5.81112
5.88827
5.96611
6.04622
6.13144
6.22621
6.33708
6.47346
6.64857
6.88071
7.19501
7.62548
8.21761
9.03095
10.142
11.6472
13.6648
16.3372
19.833
24.3459
30.0918
37.2945
46.1427
56.7062
68.8186
81.9794
95.3677
107.998
118.953
127.567
133.486
136.691
137.519
136.43
133.51
128.819
122.806
116.045
108.992
101.961
95.1421
88.6426
82.5122
76.7681
71.4089
66.4228
61.7946
57.5002
53.5321
49.8162
46.5839
42.2889
13.1614
13.3417
13.5233
13.7063
13.891
14.0773
14.2655
14.4556
14.6479
14.8425
15.0397
15.2396
15.4425
15.6487
15.8585
16.0722
16.2902
16.5128
16.7406
16.9739
17.2131
17.4589
17.7116
17.9718
18.2399
18.5164
18.8017
19.0961
19.3998
19.7129
20.0353
20.3669
20.7071
21.0553
21.4103
21.771
22.1356
22.5022
22.8686
23.2323
23.5907
23.9411
24.281
24.608
24.9206
25.2182
25.5013
25.7723
26.0357
26.2988
26.5717
26.8686
27.2075
27.611
28.1067
28.7274
29.5117
30.5041
31.7556
33.3247
35.2788
37.6966
40.6728
44.3236
48.7965
54.282
61.0254
69.3337
79.5614
92.0517
106.996
124.192
142.772
161.101
177.105
188.882
195.33
196.581
193.321
186.711
178.098
168.571
159.037
149.838
141.005
132.523
124.406
116.689
109.408
102.575
96.1858
90.2177
84.6424
79.4298
74.5534
69.9887
65.7143
61.6978
58.0855
53.2099
89.5474
90.8058
92.0374
93.2401
94.412
95.5508
96.6546
97.7213
98.7489
99.7353
100.679
101.577
102.428
103.229
103.98
104.678
105.321
105.907
106.435
106.901
107.305
107.645
107.918
108.123
108.257
108.319
108.307
108.219
108.053
107.808
107.482
107.073
106.58
106.003
105.342
104.595
103.764
102.85
101.855
100.781
99.6324
98.4135
97.1294
95.7859
94.3892
92.9461
91.4626
89.9444
88.3959
86.8194
85.2144
83.5771
81.8993
80.1676
78.3633
76.4614
74.4313
72.2369
69.8388
67.1966
64.2737
61.0434
57.4985
53.6618
49.5989
45.4313
41.3456
37.5968
34.4994
32.4013
31.631
32.4104
34.7444
38.3442
42.6707
47.1079
51.1747
54.8873
59.5899
64.1632
68.0543
71.1819
73.549
75.1755
76.1202
76.4774
76.3606
75.881
75.1317
74.1835
73.0873
71.88
70.5908
69.2437
67.8636
66.4653
65.0895
63.7332
62.5162
61.9321
1.02
1.05043
1.47044
1.75962
1.9537
2.08088
2.16715
2.2332
2.2877
2.33655
2.37529
2.3921
2.3696
2.30835
2.31489
2.34432
2.39644
2.48183
2.61425
2.80859
3.15064
3.97197
6.20796
10.0401
14.4085
19.0769
23.9151
28.857
33.8758
38.97
44.1557
49.46
54.9157
60.5547
66.4043
72.4879
78.8317
85.4716
92.4593
99.8659
107.792
116.392
125.32
134.164
142.522
149.768
154.999
158.554
164.675
173.937
185.16
192.633
194.254
184.06
158.554
121.313
91.2526
68.2605
58.3165
68.1723
92.2056
114.398
129.906
140.692
148.643
154.951
158.476
157.949
152.775
144.799
140.71
138.922
135.097
127.75
120.561
112.853
105.149
97.8487
91.1591
85.1633
79.8741
75.2671
71.3017
67.9315
65.109
62.7846
60.9043
59.4073
58.2259
57.2875
56.5193
55.8519
55.2242
54.586
53.9009
53.1465
52.3164
51.4274
50.4685
49.7551
2.43457
1.50775
1.34196
1.37284
1.44369
1.52971
1.63297
1.76044
1.91433
2.08803
2.27197
2.44668
2.59427
2.73355
2.93481
3.36155
4.16582
5.54258
7.71215
10.5754
13.304
15.3737
17.1657
19.016
20.8374
22.6193
24.4247
26.3364
28.4176
30.7024
33.203
35.9187
38.8332
41.9005
45.032
48.1072
51.0178
53.7239
56.28
58.809
61.4511
64.3241
67.6513
71.5117
76.05
81.2766
87.0027
92.866
98.4327
103.293
107.512
111.709
116.684
120.815
121.612
114.787
96.5525
81.4708
108.559
157.378
130.772
101.022
86.9375
80.6804
78.2293
78.3388
83.1981
87.272
89.5818
89.7477
87.8371
83.8959
78.5885
73.399
68.5635
63.5062
58.3839
53.5007
49.0453
45.0856
41.6217
38.624
36.0558
33.8843
32.083
30.6276
29.4892
28.6286
27.9942
27.5252
27.1588
26.8368
26.5108
26.1438
25.7103
25.1974
24.589
23.9084
23.1148
21.9699
3.96868
2.12532
1.85338
1.86849
1.9828
2.1608
2.39914
2.69696
3.04162
3.4185
3.80824
4.20746
4.63744
5.14733
5.82313
6.80922
8.25457
10.1885
12.4019
14.47
15.997
16.9516
17.6196
18.2722
19.0829
20.1932
21.7145
23.6989
26.1182
28.8728
31.8279
34.8629
37.9011
40.9034
43.8373
46.6496
49.2713
51.6537
53.8089
55.8183
57.8003
59.8873
62.2562
65.3415
69.6345
75.5307
83.0508
91.6715
100.379
108.12
114.766
121.832
130.98
142.585
156.001
164.379
156.438
148.553
170.627
168.087
113.929
80.6388
65.544
59.0844
58.1549
61.2597
66.0558
70.8213
74.1764
75.5031
74.7276
72.3727
68.8992
65.063
61.0861
56.9321
52.7263
48.669
44.9159
41.5521
38.6115
36.0982
33.9985
32.2841
30.913
29.8305
28.9748
28.2818
27.6882
27.1341
26.5657
25.9398
25.2279
24.4177
23.5118
22.5227
21.4709
20.3722
19.2734
17.819
5.85758
2.82448
2.43894
2.45535
2.6099
2.8686
3.22267
3.67635
4.21849
4.82257
5.44758
6.06145
6.67176
7.33077
8.10739
9.05665
10.1878
11.4226
12.5937
13.5316
14.181
14.6443
15.1189
15.8051
16.8578
18.3783
20.4015
22.8844
25.7123
28.7305
31.7928
34.8026
37.725
40.5694
43.3634
46.1294
48.8685
51.5577
54.1595
56.6338
58.9407
61.0743
63.216
65.9767
70.2675
76.9873
86.5251
98.3125
110.862
122.057
131.072
139.76
151.303
167.502
188.273
208.432
213.284
200.561
183.134
143.166
95.1842
69.6048
56.2631
48.4451
45.5505
46.6819
50.6271
55.5586
59.2789
60.9877
60.7256
59.0859
56.6914
53.9316
50.9699
47.9083
44.8688
41.98
39.3435
37.0219
35.0425
33.4009
32.0653
30.9806
30.0758
29.2741
28.5033
27.7054
26.8438
25.9048
24.8934
23.8266
22.7267
21.6151
20.5108
19.4263
18.3744
17.3517
16.3898
15.2212
7.69546
3.51499
2.99294
2.97894
3.12915
3.40112
3.78441
4.28867
4.91074
5.62122
6.36224
7.07624
7.74379
8.38837
9.04212
9.71473
10.387
11.0176
11.564
12.0173
12.4281
12.9011
13.5663
14.5457
15.9271
17.747
19.9811
22.5478
25.3313
28.2186
31.1327
34.0432
36.9431
39.8217
42.6638
45.4684
48.2556
51.0525
53.87
56.6878
59.4378
62.0175
64.5059
67.5498
72.4428
80.6579
93.0827
108.906
125.727
140.604
151.873
161.133
173.31
193.445
221.463
248.152
252.72
219.219
169.591
120.98
83.7302
63.9611
50.8224
41.0588
37.7947
36.8717
39.3761
44.5775
48.5782
50.0884
49.5289
47.7235
45.3591
42.8509
40.3939
38.0771
35.9566
34.075
32.4568
31.1032
29.9889
29.0647
28.2643
27.5167
26.7603
25.9537
25.0798
24.1428
23.1609
22.1577
21.1558
20.1732
19.2221
18.3093
17.4384
16.6081
15.8199
15.0633
14.3593
13.5254
9.3417
4.14137
3.48987
3.44128
3.57406
3.83334
4.19926
4.68
5.27598
5.97067
6.71929
7.46702
8.17246
8.82249
9.41918
9.96145
10.4411
10.8541
11.215
11.5676
11.9834
12.5513
13.3631
14.4973
16.0024
17.8847
20.1044
22.5839
25.2297
27.9623
30.7424
33.5728
36.46
39.3809
42.2905
45.1632
48.0223
50.9311
53.9504
57.0983
60.319
63.4877
66.6547
70.5328
76.7697
87.2866
102.957
122.564
143.124
161.269
174.83
184.743
196.56
218.526
251.202
276.788
269.77
215.64
151.759
105.033
75.9686
60.5535
48.2658
37.3931
35.3064
34.1222
35.3244
40.2141
43.6206
44.2209
42.6064
39.8522
36.8275
34.0165
31.6035
29.617
28.0251
26.7753
25.8047
25.0426
24.4131
23.8434
23.2735
22.6651
22.0046
21.2987
20.5658
19.827
19.1005
18.3986
17.7274
17.0882
16.4792
15.8966
15.3369
14.7949
14.2707
13.7544
13.2647
12.6699
10.8959
4.70371
3.94563
3.88674
4.0328
4.31301
4.69541
5.18005
5.76464
6.44102
7.18312
7.95318
8.71174
9.42762
10.0814
10.6614
11.1636
11.5978
11.9941
12.406
12.9062
13.5758
14.4933
15.7235
17.3015
19.2206
21.4362
23.8796
26.4787
29.181
31.97
34.8556
37.8402
40.8963
43.9779
47.0602
50.1699
53.3723
56.7208
60.2106
63.763
67.2837
70.9166
75.5972
83.2958
96.121
114.683
137.215
160.319
180.616
195.984
206.831
218.349
240.403
274.963
295.137
271.146
202.768
135.641
93.0365
69.6359
57.1794
46.0741
36.4259
34.7445
34.3548
35.6367
39.9368
42.3904
41.6655
38.6271
34.6193
30.6782
27.3438
24.7659
22.8868
21.5723
20.6746
20.0569
19.6039
19.2268
18.8673
18.4956
18.1049
17.7021
17.299
16.906
16.5295
16.1711
15.829
15.4989
15.176
14.8552
14.5319
14.2036
13.8666
13.5235
13.1667
12.8163
12.3659
12.1177
5.18223
4.39515
4.3874
4.62314
5.01644
5.52296
6.13274
6.83594
7.62495
8.48179
9.37873
10.2834
11.1632
11.9885
12.7374
13.4017
13.9924
14.5418
15.1053
15.7609
16.6006
17.7048
19.1291
20.8963
22.9883
25.3541
27.9278
30.6519
33.4969
36.4645
39.566
42.7923
46.1068
49.4721
52.8857
56.3914
60.0439
63.8471
67.7202
71.5166
75.1243
78.8434
83.9619
92.7005
106.933
126.778
150.274
174.187
195.467
212.212
224.42
236.389
257.701
290.73
303.805
263.578
187.488
122.489
85.8056
65.7121
53.4993
43.8196
37.0931
35.4507
35.3455
37.5004
41.3924
42.7071
40.54
36.1013
30.9296
26.1476
22.3229
19.5684
17.7382
16.5987
15.9237
15.5318
15.2951
15.1345
15.0084
14.8996
14.8033
14.719
14.6455
14.58
14.5178
14.453
14.3794
14.2912
14.1833
14.0523
13.8953
13.7119
13.5007
13.2671
13.0049
12.7365
12.3667
12.9926
5.60074
4.88177
5.03843
5.51168
6.20293
7.05248
8.03704
9.13399
10.329
11.6006
12.9176
14.2364
15.5177
16.7322
17.8482
18.852
19.7565
20.5998
21.4509
22.4028
23.5627
25.0219
26.8345
29.0078
31.5039
34.2548
37.1874
40.2501
43.4303
46.7469
50.2138
53.8056
57.466
61.1576
64.9076
68.7963
72.8741
77.089
81.2551
85.1131
88.5243
91.9292
96.8296
105.302
118.714
137.091
159.052
182.081
203.546
221.616
235.852
249.424
270.47
299.971
305.403
252.14
173.072
112.834
81.4166
63.3752
51.349
43.009
38.3662
36.6921
36.8304
39.8108
43.2252
43.2725
39.6955
34.0574
27.9916
22.6075
18.4597
15.6277
13.8886
12.9243
12.4521
12.2689
12.2474
12.3157
12.4361
12.5883
12.7593
12.9389
13.1178
13.2869
13.4382
13.5644
13.6596
13.7191
13.7396
13.7195
13.658
13.5569
13.4164
13.2439
13.0342
12.8119
12.4863
13.4222
6.02709
5.52284
6.0712
7.09171
8.46901
10.1225
12.0112
14.0927
16.3359
18.6967
21.116
23.5115
25.7822
27.8829
29.7725
31.4643
32.9924
34.3997
35.7684
37.2199
38.895
40.9087
43.3159
46.1015
49.1976
52.5146
55.9741
59.531
63.183
66.9548
70.8496
74.8133
78.7608
82.6492
86.5377
90.5569
94.784
99.1042
103.199
106.678
109.323
111.516
114.491
119.824
128.949
142.868
161.354
182.612
204.15
223.902
240.939
257.247
278.845
304.393
302.132
239.951
160.902
105.956
78.4992
62.1162
50.8335
43.6391
39.7452
38.0092
38.6679
42.2773
44.9172
43.5607
38.664
32.0724
25.4104
19.6927
15.4222
12.6446
11.0714
10.3154
10.0561
10.0817
10.2677
10.5453
10.875
11.2318
11.5975
11.9576
12.3001
12.6149
12.8942
13.1317
13.3226
13.464
13.5544
13.5937
13.583
13.5254
13.4226
13.2833
13.1027
12.9078
12.6095
13.6408
6.50495
6.65714
8.17427
10.4957
13.4724
16.99
20.9838
25.3748
30.0891
35.0147
40.008
44.8861
49.4501
53.5351
57.0313
60.1004
62.7971
65.1604
67.2868
69.3521
71.5671
74.0972
77.0065
80.2568
83.7543
87.4072
91.16
94.9953
98.916
102.922
106.962
110.925
114.691
118.224
121.627
125.092
128.721
132.342
135.473
137.496
137.899
136.563
134.078
132.157
133.755
141.585
156.221
175.984
198.131
220.133
240.598
260.514
283.45
305.398
296.148
228.74
151.318
100.927
76.3013
61.3896
51.0951
44.6242
40.9381
39.3775
40.84
44.7191
46.24
43.4061
37.3362
30.0417
23.0483
17.2265
13.0063
10.3963
9.04772
8.51865
8.46702
8.68131
9.04264
9.48454
9.96702
10.4632
10.9533
11.4223
11.8585
12.2533
12.6001
12.8942
13.1326
13.3139
13.4379
13.5062
13.5208
13.486
13.4041
13.2848
13.1235
12.948
12.6725
13.1593
7.65637
9.63787
13.9392
19.7752
26.8734
35.0034
44.0354
53.7531
63.947
74.3044
84.4867
94.1179
102.98
110.828
117.266
122.497
126.694
129.931
132.374
134.324
136.132
138.066
140.232
142.598
145.089
147.668
150.361
153.212
156.228
159.342
162.402
165.19
167.53
169.395
170.951
172.437
173.938
175.161
175.385
173.604
168.744
160.038
148.092
136.233
129.739
132.393
144.494
163.853
187.364
212.104
236.304
260.188
285.027
304.051
289.042
219.228
144.193
97.2391
74.4204
60.789
51.4476
45.4747
41.9759
41.0328
43.5299
47.0089
47.099
42.8096
35.7587
27.9968
20.8872
15.1327
11.0846
8.71218
7.61081
7.29909
7.42847
7.79556
8.28911
8.84623
9.42798
10.0079
10.5672
11.0923
11.5733
12.0036
12.3784
12.6948
12.9514
13.1479
13.2855
13.3665
13.3937
13.3722
13.3044
13.2002
13.0552
12.8976
12.6456
13.7394
12.4828
22.0651
35.7573
52.0522
70.1015
89.2728
109.274
129.541
149.505
168.564
186.103
201.7
215.28
226.783
236.018
242.495
246.488
248.29
248.317
247.142
245.364
243.429
241.552
239.776
238.112
236.613
235.382
234.502
233.957
233.59
233.138
232.329
230.965
229.01
226.59
223.865
220.8
216.927
211.252
202.397
188.934
170.225
148.116
128.006
116.482
116.913
128.53
148.594
173.947
201.621
229.611
257.432
284.342
301.225
281.847
211.596
139.216
94.5232
72.5222
59.9047
51.4512
46.072
43.1731
43.2388
46.3858
48.9528
47.4704
41.8502
34.0319
26.0066
18.9443
13.3734
9.56694
7.45655
6.59052
6.46479
6.73699
7.21635
7.79999
8.42902
9.06654
9.68799
10.2767
10.8216
11.3153
11.7533
12.1326
12.4518
12.7108
12.9104
13.0523
13.1396
13.1752
13.1643
13.1095
13.0203
12.8924
12.7534
12.5277
17.2989
44.2935
87.0764
131.351
174.824
216.894
256.28
292.417
324.879
353.305
377.807
397.535
412.536
423.343
430.71
434.977
435.386
432.064
425.577
416.695
406.316
395.287
384.227
373.453
363.055
353.041
343.452
334.369
325.844
317.831
310.185
302.69
295.103
287.215
278.907
270.151
260.918
250.985
239.735
226.075
208.654
186.431
159.755
131.832
108.922
97.1393
98.4266
111.058
132.287
159.411
189.838
221.525
253.203
282.186
297.619
275.081
205.558
135.892
92.7717
70.8494
58.9988
51.5467
47.0402
45.0447
46.0625
49.2198
50.4677
47.4082
40.6423
32.2608
24.1344
17.2348
11.9186
8.38062
6.52071
5.85496
5.87331
6.24771
6.80131
7.43894
8.10541
8.76631
9.3996
9.99141
10.5334
11.0206
11.4506
11.822
12.1348
12.3895
12.5876
12.7313
12.8235
12.8674
12.8678
12.8272
12.7544
12.6455
12.5265
12.3291
66.3059
431.753
538.025
618.322
678.798
725.012
759.159
781.672
793.604
796.287
790.688
778.696
761.936
741.866
719.826
696.591
672.446
647.192
620.884
593.906
566.879
540.469
515.186
491.265
468.68
447.262
426.844
407.36
388.828
371.278
354.683
338.927
323.803
309.049
294.389
279.568
264.318
248.246
230.698
210.757
187.557
160.908
132.132
104.873
84.7694
76.3303
80.0567
93.9763
115.966
144.161
176.654
211.619
247.101
278.455
293.161
268.724
200.924
134.219
92.6014
70.9898
59.616
52.9986
49.1601
47.8242
49.4362
51.8192
51.514
47.0047
39.3108
30.5451
22.4345
15.7698
10.7429
7.46648
5.81962
5.30609
5.42345
5.8616
6.45656
7.11939
7.79789
8.45997
9.08619
9.66546
10.192
10.6633
11.0785
11.4375
11.7412
11.9906
12.1875
12.3341
12.4331
12.4875
12.5016
12.4775
12.4233
12.3355
12.2378
12.0712
)
;

boundaryField
{
    outlet
    {
        type            zeroGradient;
    }
    inlet
    {
        type            fixedValue;
        value           uniform 3.54;
    }
    lowerWall
    {
        Cmu             0.09;
        kappa           0.41;
        E               9.8;
        type            epsilonWallFunction;
        value           nonuniform List<scalar> 
148
(
115.949
152.042
190.662
230.216
269.219
306.376
340.645
371.303
397.954
420.48
438.98
453.703
464.997
473.254
478.884
482.28
483.813
483.815
482.581
480.368
477.393
473.843
469.872
465.608
461.156
456.604
452.02
447.462
442.974
438.596
434.349
430.344
427.94
1.02
2.43457
3.96868
5.85758
7.69546
9.3417
10.8959
12.1177
12.9926
13.4222
13.6408
13.1593
13.7394
17.2989
66.3059
1.02
1.05043
1.47044
1.75962
1.9537
2.08088
2.16715
2.2332
2.2877
2.33655
2.37529
2.3921
2.3696
2.30835
2.31489
2.34432
2.39644
2.48183
2.61425
2.80859
3.15064
3.97197
6.20796
10.0401
14.4085
19.0769
23.9151
28.857
33.8758
38.97
44.1557
49.46
54.9157
60.5547
66.4043
72.4879
78.8317
85.4716
92.4593
99.8659
107.792
116.392
125.32
134.164
142.522
149.768
154.999
158.554
164.675
173.937
185.16
192.633
194.254
184.06
158.554
121.313
91.2526
68.2605
58.3165
68.1723
92.2056
114.398
129.906
140.692
148.643
154.951
158.476
157.949
152.775
144.799
140.71
138.922
135.097
127.75
120.561
112.853
105.149
97.8487
91.1591
85.1633
79.8741
75.2671
71.3017
67.9315
65.109
62.7846
60.9043
59.4073
58.2259
57.2875
56.5193
55.8519
55.2242
54.586
53.9009
53.1465
52.3164
51.4274
50.4685
49.7551
)
;
    }
    upperWall
    {
        Cmu             0.09;
        kappa           0.41;
        E               9.8;
        type            epsilonWallFunction;
        value           nonuniform List<scalar> 
133
(
31.176
33.6247
36.0473
38.4443
40.8144
43.1557
45.4652
47.7397
49.9757
52.1702
54.3202
56.4232
58.4769
60.4793
62.429
64.3245
66.165
67.9498
69.6785
71.3511
72.9676
74.5284
76.0341
77.4852
78.8827
80.2274
81.5205
82.763
83.9563
85.1016
86.2002
87.254
88.2716
89.5474
90.8058
92.0374
93.2401
94.412
95.5508
96.6546
97.7213
98.7489
99.7353
100.679
101.577
102.428
103.229
103.98
104.678
105.321
105.907
106.435
106.901
107.305
107.645
107.918
108.123
108.257
108.319
108.307
108.219
108.053
107.808
107.482
107.073
106.58
106.003
105.342
104.595
103.764
102.85
101.855
100.781
99.6324
98.4135
97.1294
95.7859
94.3892
92.9461
91.4626
89.9444
88.3959
86.8194
85.2144
83.5771
81.8993
80.1676
78.3633
76.4614
74.4313
72.2369
69.8388
67.1966
64.2737
61.0434
57.4985
53.6618
49.5989
45.4313
41.3456
37.5968
34.4994
32.4013
31.631
32.4104
34.7444
38.3442
42.6707
47.1079
51.1747
54.8873
59.5899
64.1632
68.0543
71.1819
73.549
75.1755
76.1202
76.4774
76.3606
75.881
75.1317
74.1835
73.0873
71.88
70.5908
69.2437
67.8636
66.4653
65.0895
63.7332
62.5162
61.9321
)
;
    }
    frontAndBack
    {
        type            empty;
    }
}


// ************************************************************************* //
