/*--------------------------------*- C++ -*----------------------------------*\
| =========                 |                                                 |
| \\      /  F ield         | OpenFOAM: The Open Source CFD Toolbox           |
|  \\    /   O peration     | Version:  4.1                                   |
|   \\  /    A nd           | Web:      www.OpenFOAM.org                      |
|    \\/     M anipulation  |                                                 |
\*---------------------------------------------------------------------------*/
FoamFile
{
    version     2.0;
    format      ascii;
    class       volScalarField;
    location    "300";
    object      k;
}
// * * * * * * * * * * * * * * * * * * * * * * * * * * * * * * * * * * * * * //

dimensions      [0 2 -2 0 0 0 0];

internalField   nonuniform List<scalar> 
6820
(
0.241787
0.289666
0.336845
0.381953
0.42396
0.462122
0.495969
0.525298
0.550143
0.570712
0.587331
0.600391
0.610314
0.617518
0.622405
0.625344
0.626668
0.62667
0.625604
0.623689
0.621112
0.618029
0.614571
0.610847
0.606948
0.602947
0.598905
0.594873
0.590889
0.58699
0.583197
0.579608
0.577451
0.202474
0.204679
0.206995
0.209466
0.212038
0.214674
0.217352
0.220041
0.222711
0.225341
0.227915
0.230428
0.232879
0.235271
0.237613
0.239911
0.242178
0.244421
0.24665
0.248871
0.251092
0.253316
0.255549
0.257792
0.260046
0.262309
0.26458
0.266855
0.26913
0.271398
0.273652
0.275881
0.278571
0.199741
0.199215
0.198471
0.197595
0.196618
0.19557
0.194479
0.19336
0.192227
0.191089
0.189956
0.188837
0.187738
0.186666
0.185627
0.184626
0.183667
0.182754
0.18189
0.181079
0.180322
0.179618
0.178968
0.17837
0.177822
0.177325
0.176876
0.176473
0.176113
0.175795
0.175513
0.175269
0.17509
0.199153
0.198176
0.197113
0.195992
0.194808
0.193569
0.192295
0.190999
0.189691
0.188379
0.187071
0.185773
0.18449
0.183225
0.181981
0.180761
0.179568
0.178404
0.17727
0.176168
0.175098
0.174062
0.173059
0.17209
0.171155
0.170252
0.169381
0.168542
0.167734
0.166955
0.166206
0.165484
0.164788
0.198981
0.1979
0.196807
0.195699
0.194559
0.193388
0.192196
0.190992
0.189782
0.188571
0.187363
0.186162
0.184972
0.183795
0.182635
0.181492
0.18037
0.179268
0.178189
0.177134
0.176102
0.175095
0.174114
0.173157
0.172226
0.17132
0.170438
0.169582
0.168749
0.16794
0.167154
0.166391
0.165642
0.198926
0.197795
0.196678
0.195576
0.194473
0.193363
0.192248
0.191133
0.190018
0.188907
0.187803
0.186708
0.185625
0.184554
0.183498
0.182459
0.181436
0.180432
0.179447
0.178481
0.177534
0.176608
0.175703
0.174818
0.173953
0.173109
0.172285
0.171481
0.170697
0.169933
0.169188
0.168462
0.167745
0.198906
0.197755
0.196631
0.195537
0.194463
0.193398
0.192342
0.191293
0.190253
0.189221
0.1882
0.18719
0.186192
0.185207
0.184237
0.183282
0.182343
0.18142
0.180514
0.179625
0.178753
0.177899
0.177063
0.176245
0.175444
0.174662
0.173897
0.173149
0.172419
0.171706
0.171011
0.17033
0.169657
0.1989
0.19774
0.196611
0.195517
0.194452
0.193408
0.192382
0.191373
0.190379
0.1894
0.188436
0.187485
0.18655
0.185629
0.184724
0.183834
0.18296
0.182102
0.181261
0.180435
0.179626
0.178834
0.178058
0.177298
0.176554
0.175827
0.175115
0.17442
0.17374
0.173076
0.172427
0.171791
0.171161
0.198897
0.197734
0.196603
0.195508
0.194448
0.193415
0.192408
0.191423
0.19046
0.189516
0.18859
0.187682
0.186791
0.185917
0.18506
0.184218
0.183394
0.182585
0.181792
0.181016
0.180255
0.17951
0.178781
0.178067
0.177369
0.176686
0.176017
0.175364
0.174725
0.1741
0.17349
0.172892
0.172298
0.198896
0.197732
0.1966
0.195505
0.194445
0.193417
0.192417
0.191443
0.190495
0.18957
0.188667
0.187784
0.186922
0.186078
0.185252
0.184445
0.183655
0.182881
0.182125
0.181385
0.180661
0.179952
0.17926
0.178582
0.17792
0.177272
0.176638
0.176019
0.175414
0.174823
0.174245
0.173679
0.173116
0.198896
0.197731
0.196599
0.195504
0.194444
0.193417
0.192421
0.191454
0.190514
0.1896
0.18871
0.187843
0.186998
0.186174
0.18537
0.184585
0.183819
0.183071
0.18234
0.181626
0.180929
0.180247
0.179582
0.178931
0.178296
0.177675
0.177068
0.176475
0.175896
0.17533
0.174778
0.174236
0.173698
0.198896
0.19773
0.196599
0.195504
0.194444
0.193418
0.192423
0.191458
0.190521
0.189612
0.188729
0.18787
0.187034
0.186221
0.185429
0.184658
0.183907
0.183174
0.18246
0.181763
0.181084
0.180421
0.179774
0.179143
0.178527
0.177925
0.177339
0.176766
0.176206
0.17566
0.175127
0.174605
0.174087
0.198896
0.19773
0.196599
0.195504
0.194444
0.193418
0.192424
0.19146
0.190525
0.189618
0.188738
0.187884
0.187053
0.186247
0.185462
0.184699
0.183957
0.183234
0.182531
0.181845
0.181178
0.180527
0.179893
0.179275
0.178673
0.178085
0.177512
0.176953
0.176408
0.175876
0.175357
0.174849
0.174345
0.198896
0.19773
0.196599
0.195504
0.194445
0.193419
0.192425
0.191461
0.190527
0.189621
0.188743
0.18789
0.187062
0.186258
0.185477
0.184718
0.183981
0.183263
0.182566
0.181887
0.181226
0.180583
0.179957
0.179347
0.178753
0.178174
0.177611
0.177061
0.176525
0.176003
0.175494
0.174996
0.174502
0.198896
0.19773
0.196599
0.195505
0.194445
0.193419
0.192425
0.191462
0.190528
0.189623
0.188745
0.187893
0.187067
0.186264
0.185485
0.184729
0.183994
0.18328
0.182585
0.18191
0.181254
0.180615
0.179994
0.179389
0.1788
0.178227
0.177669
0.177126
0.176597
0.176081
0.175578
0.175087
0.1746
0.198896
0.19773
0.196599
0.195505
0.194446
0.19342
0.192426
0.191463
0.190529
0.189624
0.188746
0.187895
0.187069
0.186268
0.185489
0.184734
0.184
0.183287
0.182595
0.181921
0.181267
0.180631
0.180012
0.17941
0.178824
0.178254
0.1777
0.17716
0.176634
0.176122
0.175624
0.175137
0.174654
0.198896
0.19773
0.1966
0.195505
0.194446
0.19342
0.192426
0.191463
0.19053
0.189625
0.188747
0.187896
0.187071
0.186269
0.185492
0.184737
0.184004
0.183292
0.1826
0.181928
0.181275
0.18064
0.180022
0.179422
0.178838
0.17827
0.177717
0.17718
0.176656
0.176147
0.175651
0.175166
0.174686
0.198896
0.19773
0.1966
0.195505
0.194446
0.19342
0.192427
0.191464
0.19053
0.189626
0.188748
0.187897
0.187072
0.186271
0.185493
0.184739
0.184006
0.183294
0.182603
0.181931
0.181278
0.180644
0.180027
0.179428
0.178845
0.178278
0.177726
0.17719
0.176667
0.176159
0.175664
0.175181
0.174702
0.198896
0.197729
0.1966
0.195506
0.194446
0.193421
0.192427
0.191464
0.190531
0.189626
0.188749
0.187898
0.187073
0.186272
0.185494
0.18474
0.184007
0.183296
0.182605
0.181933
0.181281
0.180647
0.180031
0.179432
0.178849
0.178283
0.177732
0.177196
0.176674
0.176167
0.175673
0.17519
0.174712
0.198896
0.197729
0.1966
0.195506
0.194446
0.193421
0.192427
0.191464
0.190531
0.189627
0.188749
0.187899
0.187073
0.186272
0.185495
0.184741
0.184008
0.183297
0.182606
0.181935
0.181283
0.180649
0.180033
0.179434
0.178852
0.178286
0.177735
0.177199
0.176678
0.176171
0.175677
0.175195
0.174718
0.198896
0.197729
0.1966
0.195506
0.194447
0.193421
0.192427
0.191465
0.190532
0.189627
0.18875
0.187899
0.187074
0.186273
0.185496
0.184742
0.184009
0.183298
0.182607
0.181936
0.181284
0.18065
0.180034
0.179436
0.178854
0.178288
0.177737
0.177201
0.17668
0.176174
0.17568
0.175198
0.174721
0.198896
0.197729
0.1966
0.195506
0.194447
0.193421
0.192428
0.191465
0.190532
0.189627
0.18875
0.1879
0.187074
0.186274
0.185497
0.184742
0.18401
0.183299
0.182608
0.181937
0.181285
0.180651
0.180036
0.179437
0.178855
0.178289
0.177738
0.177203
0.176682
0.176175
0.175682
0.1752
0.174723
0.198896
0.197729
0.1966
0.195506
0.194447
0.193421
0.192428
0.191465
0.190532
0.189628
0.188751
0.1879
0.187075
0.186274
0.185497
0.184743
0.18401
0.183299
0.182609
0.181938
0.181286
0.180652
0.180036
0.179438
0.178856
0.17829
0.177739
0.177204
0.176683
0.176176
0.175683
0.175201
0.174725
0.198896
0.19773
0.1966
0.195506
0.194447
0.193421
0.192428
0.191465
0.190532
0.189628
0.188751
0.1879
0.187075
0.186274
0.185497
0.184743
0.184011
0.1833
0.182609
0.181938
0.181286
0.180653
0.180037
0.179438
0.178856
0.178291
0.17774
0.177205
0.176684
0.176177
0.175684
0.175202
0.174725
0.198896
0.197729
0.1966
0.195506
0.194447
0.193421
0.192428
0.191465
0.190532
0.189628
0.188751
0.1879
0.187075
0.186274
0.185497
0.184743
0.184011
0.1833
0.182609
0.181938
0.181286
0.180653
0.180037
0.179438
0.178856
0.17829
0.17774
0.177205
0.176684
0.176177
0.175684
0.175202
0.174725
0.198896
0.197729
0.1966
0.195506
0.194447
0.193421
0.192428
0.191465
0.190532
0.189628
0.188751
0.1879
0.187075
0.186274
0.185497
0.184743
0.184011
0.1833
0.182609
0.181938
0.181286
0.180653
0.180037
0.179438
0.178856
0.17829
0.17774
0.177205
0.176684
0.176177
0.175684
0.175202
0.174725
0.198896
0.197729
0.1966
0.195506
0.194447
0.193421
0.192428
0.191465
0.190532
0.189628
0.188751
0.1879
0.187075
0.186274
0.185497
0.184743
0.18401
0.183299
0.182608
0.181937
0.181285
0.180652
0.180036
0.179437
0.178855
0.178289
0.177739
0.177203
0.176682
0.176175
0.175682
0.1752
0.174723
0.198896
0.197729
0.1966
0.195506
0.194447
0.193421
0.192428
0.191465
0.190532
0.189628
0.188751
0.1879
0.187075
0.186274
0.185497
0.184743
0.18401
0.183299
0.182608
0.181937
0.181285
0.180652
0.180036
0.179437
0.178855
0.178289
0.177739
0.177203
0.176682
0.176175
0.175682
0.1752
0.174723
0.198896
0.197729
0.1966
0.195506
0.194447
0.193421
0.192428
0.191465
0.190532
0.189627
0.18875
0.187899
0.187074
0.186273
0.185496
0.184741
0.184009
0.183297
0.182606
0.181935
0.181283
0.180649
0.180033
0.179434
0.178852
0.178286
0.177735
0.177199
0.176678
0.176171
0.175678
0.175196
0.174719
0.198896
0.197729
0.1966
0.195506
0.194447
0.193421
0.192427
0.191465
0.190532
0.189627
0.18875
0.187899
0.187074
0.186273
0.185496
0.184742
0.184009
0.183298
0.182607
0.181936
0.181284
0.18065
0.180034
0.179435
0.178853
0.178287
0.177736
0.1772
0.176679
0.176172
0.175678
0.175196
0.174719
0.198896
0.197729
0.1966
0.195506
0.194447
0.193421
0.192427
0.191464
0.190531
0.189626
0.188749
0.187898
0.187072
0.186271
0.185493
0.184738
0.184006
0.183294
0.182603
0.181931
0.181278
0.180644
0.180028
0.179429
0.178846
0.17828
0.177728
0.177192
0.176671
0.176163
0.175669
0.175187
0.174709
0.198896
0.197729
0.1966
0.195506
0.194446
0.193421
0.192427
0.191464
0.190531
0.189627
0.18875
0.187899
0.187074
0.186273
0.185496
0.184741
0.184008
0.183297
0.182606
0.181934
0.181281
0.180647
0.18003
0.179431
0.178848
0.178281
0.177729
0.177193
0.176671
0.176163
0.175668
0.175185
0.174706
0.198896
0.19773
0.1966
0.195505
0.194446
0.19342
0.192426
0.191462
0.190528
0.189623
0.188745
0.187893
0.187067
0.186266
0.185488
0.184732
0.183999
0.183286
0.182594
0.181922
0.181268
0.180633
0.180015
0.179415
0.17883
0.178262
0.177709
0.177171
0.176648
0.176138
0.175642
0.175157
0.174677
0.198896
0.19773
0.1966
0.195506
0.194447
0.193422
0.192429
0.191467
0.190534
0.18963
0.188753
0.187902
0.187076
0.186274
0.185496
0.18474
0.184005
0.183292
0.182598
0.181924
0.181268
0.180631
0.180011
0.179407
0.178821
0.178249
0.177693
0.177152
0.176625
0.176112
0.175612
0.175123
0.174639
0.198896
0.19773
0.1966
0.195504
0.194443
0.193416
0.192421
0.191457
0.190523
0.189617
0.188738
0.187885
0.187057
0.186254
0.185473
0.184714
0.183976
0.183259
0.182561
0.181883
0.181223
0.18058
0.179955
0.179346
0.178753
0.178176
0.177614
0.177066
0.176533
0.176013
0.175507
0.175012
0.174521
0.198897
0.197733
0.196606
0.195516
0.194462
0.193441
0.192451
0.19149
0.190557
0.189651
0.188771
0.187915
0.187084
0.186275
0.185488
0.184722
0.183977
0.183251
0.182545
0.181856
0.181186
0.180533
0.179897
0.179277
0.178673
0.178084
0.17751
0.176951
0.176406
0.175874
0.175356
0.174849
0.174346
0.1989
0.197735
0.196605
0.195515
0.194465
0.19345
0.192465
0.191509
0.19058
0.189676
0.188797
0.18794
0.187106
0.186293
0.1855
0.184728
0.183975
0.18324
0.182524
0.181827
0.181146
0.180483
0.179836
0.179206
0.178592
0.177993
0.177409
0.17684
0.176285
0.175744
0.175217
0.174702
0.174192
0.198944
0.197852
0.196795
0.195774
0.194787
0.193829
0.192896
0.191988
0.191103
0.190242
0.189402
0.188582
0.187784
0.187005
0.186246
0.185506
0.184784
0.184081
0.183395
0.182727
0.182077
0.181443
0.180826
0.180225
0.17964
0.17907
0.178516
0.177977
0.177452
0.176942
0.176445
0.175962
0.175486
0.199227
0.198571
0.198048
0.197613
0.197233
0.196892
0.196585
0.196308
0.196056
0.195826
0.195617
0.195428
0.195256
0.195102
0.194963
0.19484
0.194731
0.194636
0.194554
0.194485
0.194427
0.19438
0.194344
0.194318
0.194302
0.194295
0.194296
0.194305
0.194322
0.194346
0.194377
0.194415
0.194463
0.209515
0.220347
0.230808
0.240929
0.250732
0.260231
0.269435
0.278348
0.286973
0.295313
0.303372
0.311152
0.318657
0.325891
0.332858
0.339562
0.346008
0.352203
0.358152
0.363861
0.369336
0.374584
0.379612
0.384427
0.389035
0.393444
0.39766
0.401691
0.405543
0.409222
0.412736
0.416093
0.419322
0.645301
0.804478
0.980269
1.16156
1.32416
1.45735
1.5602
1.63674
1.6932
1.73536
1.76705
1.79067
1.80746
1.81844
1.82476
1.82771
1.82794
1.82612
1.82178
1.81476
1.8052
1.79351
1.78012
1.76526
1.74884
1.73054
1.71011
1.68753
1.66302
1.63693
1.60941
1.58029
1.54892
1.51421
1.47471
1.42871
1.37432
1.30957
1.23284
1.14396
1.04642
0.950917
0.881089
0.875753
0.964417
1.13084
1.33237
1.53798
1.7314
1.90172
2.03894
2.13383
2.17843
2.16392
2.07604
1.88506
1.59533
1.31657
1.12252
1.00849
0.944515
0.904236
0.871123
0.835572
0.788902
0.727258
0.652298
0.571974
0.495557
0.429767
0.379095
0.348287
0.342491
0.361381
0.395587
0.435114
0.475023
0.513249
0.548565
0.580138
0.607521
0.630612
0.649565
0.664683
0.676336
0.684896
0.690712
0.694094
0.695315
0.694614
0.692202
0.688269
0.682993
0.67653
0.669051
0.660687
0.651705
0.642267
0.633447
0.626403
0.286
0.304792
0.338867
0.391649
0.462076
0.545832
0.637498
0.731545
0.823371
0.909737
0.988638
1.05909
1.12092
1.17466
1.22135
1.26215
1.29788
1.329
1.35607
1.37903
1.39785
1.41259
1.42337
1.43026
1.43319
1.43202
1.42669
1.41733
1.40432
1.38808
1.36891
1.34676
1.32109
1.29096
1.25509
1.21203
1.16034
1.09882
1.02693
0.945825
0.859957
0.779951
0.727996
0.740023
0.840285
1.00846
1.20473
1.404
1.59437
1.7677
1.91546
2.0284
2.09686
2.10851
2.04607
1.88089
1.617
1.3568
1.17021
1.05479
0.983789
0.933683
0.889879
0.843607
0.787427
0.7186
0.639507
0.557624
0.481073
0.415473
0.364506
0.332592
0.325511
0.343944
0.378333
0.418002
0.457868
0.495958
0.531091
0.562436
0.589535
0.612297
0.630905
0.6457
0.657092
0.665484
0.671247
0.674701
0.676117
0.675729
0.673735
0.670312
0.665622
0.659804
0.653016
0.645376
0.637132
0.628447
0.62032
0.613892
0.175218
0.176455
0.179384
0.185108
0.19485
0.210044
0.231615
0.260065
0.295384
0.337028
0.383995
0.434989
0.488638
0.543692
0.599118
0.654051
0.707647
0.758869
0.807314
0.852509
0.89404
0.931571
0.964814
0.993482
1.01728
1.03596
1.04943
1.05776
1.06124
1.06021
1.0549
1.04528
1.03097
1.01125
0.985184
0.951803
0.910272
0.860169
0.801885
0.737302
0.67092
0.61226
0.581219
0.609931
0.717014
0.880302
1.06513
1.25236
1.43393
1.60444
1.75767
1.88569
1.97851
2.02105
1.9924
1.86631
1.64017
1.4012
1.2193
1.09875
1.0182
0.957441
0.903408
0.847486
0.78288
0.708007
0.62566
0.542759
0.466417
0.401307
0.350268
0.31703
0.307696
0.32453
0.358373
0.397633
0.436887
0.474328
0.508943
0.539943
0.566836
0.589472
0.607997
0.622739
0.634114
0.642544
0.648416
0.652065
0.653772
0.653772
0.65226
0.649405
0.645355
0.640242
0.634206
0.627356
0.619921
0.612062
0.604699
0.59894
0.163935
0.163188
0.162638
0.162476
0.16293
0.164288
0.166945
0.17132
0.177821
0.186823
0.198648
0.213549
0.231721
0.253305
0.278362
0.30682
0.338376
0.372442
0.408232
0.445064
0.4822
0.518885
0.55436
0.587872
0.618704
0.646236
0.670007
0.689755
0.705392
0.716916
0.724284
0.727297
0.725558
0.71849
0.705442
0.685828
0.659305
0.625971
0.586645
0.543282
0.499773
0.464098
0.453585
0.496034
0.604668
0.757767
0.926976
1.09841
1.2669
1.42917
1.58129
1.71774
1.83023
1.90331
1.91172
1.82873
1.64763
1.43552
1.26007
1.13438
1.04427
0.973259
0.909739
0.845223
0.773454
0.693662
0.608938
0.525691
0.450132
0.386091
0.335612
0.301464
0.289422
0.303522
0.336094
0.374608
0.412883
0.449228
0.482928
0.513355
0.540019
0.56269
0.581411
0.596434
0.608126
0.616892
0.62312
0.627152
0.629283
0.629756
0.628774
0.626506
0.623101
0.618684
0.61339
0.607321
0.600691
0.593656
0.58706
0.581956
0.164695
0.163757
0.162856
0.162033
0.161333
0.160815
0.160572
0.160723
0.161402
0.162754
0.164932
0.168094
0.172405
0.178044
0.185204
0.194069
0.204784
0.217418
0.231904
0.248177
0.266093
0.285423
0.305845
0.326939
0.34821
0.369129
0.389186
0.40793
0.424975
0.439966
0.452529
0.462224
0.468527
0.470869
0.46871
0.461643
0.449514
0.432553
0.411527
0.387999
0.364946
0.348772
0.354145
0.404178
0.507919
0.646338
0.797326
0.950882
1.10379
1.25418
1.39967
1.53686
1.6602
1.75701
1.80139
1.76281
1.62942
1.44947
1.28492
1.15697
1.05931
0.979737
0.908217
0.836463
0.758759
0.675112
0.588872
0.505981
0.431825
0.369463
0.320229
0.285891
0.271244
0.281568
0.311869
0.349347
0.386553
0.421587
0.454048
0.483587
0.509824
0.532493
0.551529
0.567062
0.579365
0.588779
0.595658
0.600333
0.6031
0.604208
0.603869
0.602261
0.599538
0.59583
0.59127
0.585963
0.580111
0.573871
0.568008
0.563507
0.166838
0.165921
0.165006
0.164105
0.163231
0.162401
0.161641
0.16099
0.160491
0.160195
0.160163
0.160458
0.161152
0.162325
0.164059
0.166444
0.169561
0.17348
0.178239
0.183867
0.190382
0.197783
0.206038
0.215079
0.224797
0.235045
0.24565
0.256416
0.267121
0.277498
0.287216
0.295871
0.302993
0.308088
0.310698
0.310475
0.307263
0.301169
0.292662
0.282741
0.273466
0.269778
0.283705
0.33399
0.427182
0.547948
0.679452
0.814308
0.950427
1.08685
1.22217
1.35428
1.47973
1.58988
1.66245
1.66647
1.58061
1.43669
1.28854
1.16295
1.06118
0.975539
0.897911
0.820546
0.73834
0.652023
0.565219
0.483469
0.411406
0.35138
0.304084
0.270372
0.253716
0.259655
0.286394
0.322266
0.358415
0.3922
0.423325
0.451752
0.477311
0.499787
0.519055
0.535134
0.548176
0.55843
0.566184
0.571733
0.57535
0.577282
0.577744
0.576917
0.574965
0.572023
0.56823
0.563696
0.558616
0.55315
0.547993
0.544042
0.168806
0.16794
0.16707
0.166201
0.165339
0.164488
0.163657
0.162856
0.162099
0.161406
0.1608
0.160308
0.159963
0.159802
0.159864
0.160192
0.160827
0.161808
0.163164
0.164915
0.167082
0.169676
0.172701
0.176155
0.180022
0.184278
0.188891
0.193816
0.198989
0.20431
0.209634
0.214754
0.219413
0.223319
0.226182
0.227764
0.227922
0.226659
0.22419
0.221072
0.218646
0.220557
0.236271
0.280956
0.360288
0.462504
0.574567
0.690787
0.809728
0.930996
1.05387
1.17696
1.29804
1.41185
1.50281
1.54224
1.50089
1.39482
1.26808
1.15011
1.04845
0.959865
0.878461
0.797326
0.712097
0.624279
0.537883
0.458112
0.388893
0.331902
0.287243
0.25497
0.237187
0.23877
0.260703
0.293964
0.328875
0.36158
0.391496
0.418772
0.443483
0.465554
0.484871
0.501382
0.515136
0.526275
0.535005
0.541562
0.546183
0.549093
0.5505
0.550585
0.549512
0.547424
0.544464
0.540748
0.536468
0.531783
0.527332
0.523906
0.170366
0.169554
0.168737
0.167916
0.167094
0.166273
0.165454
0.164641
0.16384
0.163058
0.162304
0.16159
0.160931
0.160342
0.159844
0.159458
0.159204
0.159106
0.159185
0.159456
0.159935
0.160633
0.16156
0.162719
0.164113
0.165738
0.167591
0.169663
0.171936
0.174378
0.176933
0.179515
0.182008
0.184272
0.186162
0.187546
0.188337
0.188515
0.188176
0.187622
0.187696
0.190928
0.204343
0.240191
0.30452
0.388906
0.482739
0.581233
0.68332
0.788982
0.897984
1.00945
1.12173
1.23164
1.33051
1.39511
1.39295
1.32484
1.22346
1.11805
1.02079
0.932582
0.849874
0.766735
0.679838
0.591664
0.50673
0.429906
0.364393
0.311198
0.269875
0.23981
0.221879
0.219723
0.236039
0.265375
0.298462
0.330131
0.359058
0.38531
0.409137
0.430644
0.449807
0.466564
0.480895
0.492849
0.502545
0.510145
0.515838
0.519816
0.522267
0.523362
0.523265
0.522117
0.520064
0.517226
0.513794
0.509923
0.506202
0.503307
0.171551
0.170786
0.170015
0.16924
0.168461
0.167679
0.166895
0.16611
0.165326
0.164546
0.163773
0.163011
0.162268
0.161549
0.160865
0.160225
0.159641
0.159125
0.158691
0.15835
0.158115
0.157995
0.158001
0.158139
0.158415
0.158833
0.159394
0.160099
0.160942
0.161914
0.162992
0.16414
0.165308
0.166432
0.167444
0.168281
0.168896
0.169275
0.169463
0.169628
0.170271
0.172998
0.182582
0.208566
0.257941
0.325833
0.403271
0.485619
0.571833
0.662101
0.756583
0.854844
0.955641
1.05682
1.15397
1.23145
1.26014
1.22837
1.15531
1.06689
0.978127
0.89352
0.81184
0.728213
0.640934
0.553725
0.471586
0.398925
0.338142
0.289562
0.25225
0.225068
0.207917
0.203038
0.213613
0.237719
0.267944
0.298289
0.326372
0.351816
0.374856
0.395741
0.414581
0.431373
0.446083
0.458698
0.469258
0.477853
0.484611
0.489681
0.49322
0.495384
0.496326
0.496184
0.495102
0.493201
0.490669
0.487653
0.484698
0.482362
0.172409
0.171683
0.170953
0.170218
0.169478
0.168734
0.167985
0.167234
0.166479
0.165722
0.164964
0.164208
0.163455
0.162709
0.161975
0.161256
0.160559
0.159889
0.159255
0.158665
0.158126
0.157646
0.157233
0.156894
0.156635
0.156463
0.15638
0.156389
0.156493
0.156686
0.156962
0.157306
0.157698
0.158109
0.158509
0.158869
0.159166
0.159392
0.159573
0.159796
0.160339
0.162113
0.167997
0.184736
0.219801
0.272345
0.335178
0.403279
0.475151
0.550907
0.630942
0.715247
0.803032
0.892709
0.981637
1.06023
1.10757
1.10658
1.06278
0.995046
0.918652
0.840759
0.762353
0.679929
0.594109
0.509868
0.432412
0.365473
0.310595
0.267465
0.234758
0.210982
0.195368
0.188926
0.194382
0.212383
0.238412
0.266666
0.293767
0.318572
0.341017
0.361347
0.379785
0.396433
0.411299
0.424363
0.435613
0.445076
0.452819
0.45894
0.463558
0.466804
0.468812
0.469713
0.469643
0.468724
0.467133
0.465012
0.462863
0.461117
0.173023
0.17233
0.171632
0.170929
0.170222
0.16951
0.168793
0.168072
0.167347
0.166619
0.165886
0.165152
0.164415
0.163679
0.162943
0.162212
0.161486
0.160771
0.160068
0.159384
0.158723
0.158091
0.157492
0.156933
0.156419
0.155955
0.155545
0.155193
0.154901
0.154671
0.1545
0.154384
0.154316
0.154285
0.154278
0.154284
0.154293
0.154303
0.154327
0.15441
0.154693
0.155636
0.158756
0.168142
0.190336
0.228238
0.277624
0.333195
0.392514
0.455218
0.521656
0.592094
0.666235
0.742917
0.820439
0.892134
0.945105
0.964188
0.945874
0.900011
0.838985
0.77079
0.698191
0.619673
0.538373
0.460075
0.389755
0.330322
0.28253
0.245574
0.217893
0.197835
0.184268
0.177324
0.17884
0.190657
0.211249
0.236215
0.261727
0.285804
0.307806
0.327744
0.345827
0.362243
0.377087
0.390375
0.402095
0.412237
0.420818
0.427885
0.433516
0.437807
0.440868
0.442815
0.443773
0.443857
0.443236
0.44204
0.440725
0.4396
0.173436
0.172768
0.172097
0.17142
0.170739
0.170054
0.169364
0.168669
0.167971
0.167268
0.16656
0.165849
0.165134
0.164416
0.163696
0.162975
0.162253
0.161533
0.160817
0.160106
0.159406
0.158718
0.158045
0.157393
0.156765
0.156164
0.155595
0.155061
0.154564
0.154106
0.153689
0.153313
0.152975
0.152674
0.152405
0.152166
0.151955
0.151771
0.151624
0.151534
0.151568
0.151935
0.153338
0.157861
0.169918
0.194148
0.2304
0.274448
0.322812
0.374189
0.428515
0.486052
0.54684
0.610293
0.675054
0.736102
0.785483
0.812642
0.811267
0.784138
0.738977
0.682611
0.618679
0.547726
0.474851
0.405896
0.345205
0.294878
0.255074
0.224718
0.202201
0.185906
0.174615
0.167973
0.166938
0.173381
0.187894
0.208262
0.23111
0.253913
0.27537
0.295028
0.312889
0.329112
0.343852
0.357197
0.369172
0.379773
0.388994
0.396845
0.403363
0.408609
0.412664
0.415621
0.417589
0.418671
0.419024
0.418765
0.418302
0.417814
0.173713
0.173065
0.172413
0.171756
0.171095
0.17043
0.169761
0.169088
0.168411
0.167729
0.167043
0.166353
0.165659
0.164961
0.16426
0.163555
0.162848
0.162139
0.16143
0.160721
0.160015
0.159314
0.158619
0.157933
0.157259
0.156601
0.155959
0.155338
0.154739
0.154165
0.153617
0.153097
0.152606
0.152146
0.151715
0.151316
0.150949
0.150618
0.150326
0.150085
0.149923
0.149928
0.150393
0.152228
0.157742
0.170791
0.194185
0.226733
0.265026
0.306613
0.350581
0.396841
0.445478
0.496312
0.548333
0.597764
0.63923
0.665951
0.672409
0.657951
0.62626
0.582039
0.528869
0.468815
0.407718
0.350752
0.301392
0.261056
0.22955
0.205749
0.188177
0.175415
0.166368
0.160508
0.158177
0.160683
0.169438
0.184284
0.203191
0.223713
0.244074
0.2633
0.281002
0.297136
0.31181
0.325146
0.337228
0.348092
0.357743
0.36618
0.373416
0.379478
0.384419
0.388305
0.391226
0.393268
0.394572
0.395238
0.395621
0.395773
0.173883
0.173249
0.172611
0.171969
0.171324
0.170674
0.170021
0.169364
0.168704
0.168039
0.16737
0.166698
0.166021
0.165341
0.164656
0.163968
0.163277
0.162583
0.161886
0.161188
0.16049
0.159793
0.159097
0.158406
0.15772
0.157041
0.156372
0.155714
0.15507
0.15444
0.153828
0.153234
0.152661
0.152111
0.151585
0.151087
0.150619
0.150183
0.149783
0.149426
0.149122
0.148905
0.148887
0.149424
0.151506
0.157282
0.169767
0.190687
0.218788
0.251386
0.286522
0.323356
0.361668
0.401371
0.441737
0.480066
0.512576
0.534835
0.54295
0.535397
0.513491
0.480112
0.438277
0.390784
0.343002
0.298994
0.261302
0.230805
0.207152
0.189336
0.176148
0.166467
0.159433
0.154547
0.151823
0.151954
0.156192
0.165484
0.179442
0.196461
0.214742
0.232943
0.250257
0.266304
0.280984
0.294349
0.306495
0.3175
0.327408
0.336239
0.344001
0.350707
0.356386
0.36108
0.364857
0.367784
0.369981
0.371531
0.37273
0.373504
0.17399
0.173365
0.172737
0.172106
0.171471
0.170833
0.170191
0.169546
0.168897
0.168245
0.167589
0.16693
0.166267
0.1656
0.16493
0.164256
0.163579
0.162899
0.162215
0.16153
0.160843
0.160155
0.159467
0.15878
0.158096
0.157415
0.156738
0.156068
0.155406
0.154753
0.154111
0.153482
0.152867
0.152269
0.15169
0.151133
0.150601
0.150096
0.149622
0.14918
0.148777
0.148423
0.148156
0.148105
0.148643
0.150696
0.156053
0.166984
0.184671
0.208106
0.235146
0.264073
0.294004
0.324589
0.355195
0.383926
0.408177
0.425009
0.431877
0.427458
0.412109
0.387597
0.35625
0.321114
0.286198
0.254365
0.227308
0.205507
0.188595
0.175787
0.166195
0.159029
0.153679
0.149755
0.147151
0.146148
0.147505
0.152262
0.161079
0.173606
0.188643
0.204833
0.221102
0.236741
0.251353
0.264783
0.277028
0.288153
0.298228
0.307308
0.315424
0.322595
0.328842
0.334194
0.338695
0.342398
0.345398
0.347758
0.349713
0.351075
0.174049
0.173431
0.17281
0.172185
0.171557
0.170926
0.170292
0.169655
0.169015
0.168372
0.167725
0.167076
0.166423
0.165766
0.165107
0.164444
0.163778
0.163109
0.162437
0.161763
0.161086
0.160408
0.159729
0.15905
0.158372
0.157695
0.157021
0.15635
0.155684
0.155023
0.15437
0.153725
0.153091
0.152469
0.151862
0.151272
0.150702
0.150153
0.149629
0.149131
0.148659
0.148218
0.147817
0.1475
0.147393
0.147842
0.149624
0.154124
0.163023
0.177218
0.196006
0.21768
0.240688
0.264109
0.287154
0.30836
0.32595
0.338007
0.342927
0.339845
0.328953
0.311458
0.288981
0.264579
0.240595
0.218884
0.200473
0.185592
0.173948
0.165003
0.158175
0.152954
0.148942
0.145867
0.143606
0.142231
0.142103
0.143903
0.148463
0.156297
0.167185
0.180268
0.194504
0.209003
0.223123
0.236451
0.248779
0.260047
0.270285
0.279553
0.28791
0.295398
0.302052
0.307899
0.312974
0.317316
0.321001
0.324069
0.326692
0.328583
0.174085
0.17347
0.172853
0.172233
0.17161
0.170984
0.170355
0.169723
0.169089
0.168451
0.167811
0.167168
0.166522
0.165872
0.16522
0.164565
0.163907
0.163247
0.162584
0.161918
0.16125
0.160581
0.15991
0.159239
0.158567
0.157896
0.157226
0.156558
0.155894
0.155232
0.154576
0.153926
0.153284
0.152651
0.152029
0.151421
0.150828
0.150252
0.149695
0.149158
0.14864
0.148142
0.147664
0.147218
0.146843
0.146656
0.146943
0.148306
0.151761
0.158518
0.169286
0.183633
0.200254
0.217786
0.235143
0.250879
0.263668
0.272248
0.275643
0.273407
0.265815
0.253787
0.238567
0.222384
0.206665
0.192492
0.180428
0.170575
0.162742
0.156599
0.1518
0.148034
0.145055
0.142684
0.140817
0.139449
0.138717
0.138963
0.140751
0.144742
0.151379
0.160586
0.17178
0.184164
0.196994
0.209686
0.221822
0.233144
0.243541
0.252999
0.261562
0.269286
0.276225
0.282425
0.287924
0.292759
0.296991
0.300642
0.303824
0.306167
0.174103
0.173491
0.172876
0.172258
0.171638
0.171015
0.170389
0.169761
0.16913
0.168496
0.16786
0.167221
0.166579
0.165935
0.165288
0.164638
0.163986
0.163331
0.162674
0.162014
0.161353
0.16069
0.160026
0.15936
0.158695
0.158029
0.157364
0.1567
0.156038
0.155379
0.154724
0.154073
0.153428
0.15279
0.152161
0.151542
0.150936
0.150343
0.149765
0.149202
0.148653
0.148116
0.147591
0.147077
0.146583
0.146145
0.145859
0.145944
0.146837
0.149242
0.153999
0.161646
0.171963
0.18403
0.196688
0.208393
0.217908
0.224275
0.226871
0.225521
0.220549
0.212669
0.202857
0.192555
0.182606
0.173612
0.165881
0.159467
0.154265
0.150092
0.14675
0.144057
0.141863
0.140056
0.13856
0.137347
0.136458
0.136037
0.136374
0.137916
0.141185
0.146581
0.154148
0.163531
0.174139
0.185357
0.196662
0.207642
0.21801
0.227604
0.236364
0.244305
0.251477
0.257937
0.263741
0.268934
0.273573
0.277672
0.281289
0.283998
0.174115
0.173503
0.17289
0.172274
0.171655
0.171034
0.17041
0.169783
0.169154
0.168523
0.167889
0.167253
0.166614
0.165972
0.165329
0.164682
0.164034
0.163383
0.16273
0.162074
0.161417
0.160759
0.160099
0.159438
0.158777
0.158115
0.157454
0.156793
0.156134
0.155477
0.154823
0.154173
0.153527
0.152887
0.152254
0.151629
0.151014
0.15041
0.149817
0.149236
0.148665
0.148103
0.147546
0.146992
0.14644
0.145898
0.145393
0.144999
0.144873
0.145313
0.146783
0.149834
0.154847
0.161754
0.169965
0.178206
0.185249
0.190176
0.192466
0.192023
0.189123
0.184298
0.178281
0.171961
0.165834
0.160242
0.155366
0.151248
0.147838
0.14504
0.142742
0.140839
0.139241
0.137877
0.136698
0.135677
0.13482
0.134181
0.133887
0.134169
0.13537
0.137899
0.142109
0.148133
0.155797
0.164693
0.174331
0.184253
0.194074
0.203496
0.212316
0.220429
0.227815
0.234503
0.240546
0.246
0.25093
0.25535
0.259292
0.262269
0.17412
0.17351
0.172897
0.172282
0.171664
0.171043
0.17042
0.169795
0.169167
0.168537
0.167905
0.16727
0.166632
0.165993
0.165351
0.164707
0.16406
0.163412
0.162761
0.162108
0.161454
0.160799
0.160142
0.159484
0.158825
0.158166
0.157508
0.15685
0.156193
0.155538
0.154885
0.154235
0.153589
0.152948
0.152312
0.151684
0.151063
0.150451
0.149847
0.149253
0.148666
0.148085
0.147506
0.146926
0.146341
0.14575
0.145159
0.144587
0.144086
0.143762
0.143808
0.144514
0.14622
0.149187
0.153431
0.158362
0.163071
0.166713
0.16874
0.16898
0.167579
0.16489
0.161431
0.157729
0.154082
0.150701
0.147701
0.14512
0.142938
0.141105
0.139558
0.138236
0.137087
0.136067
0.135146
0.134306
0.133545
0.132882
0.132368
0.132106
0.132271
0.133119
0.134963
0.138107
0.142726
0.148786
0.15604
0.164122
0.172651
0.181282
0.189727
0.197763
0.205248
0.212117
0.218369
0.224038
0.229185
0.233832
0.238012
0.24117
0.174124
0.173514
0.172902
0.172287
0.171669
0.171049
0.170427
0.169802
0.169175
0.168546
0.167914
0.16728
0.166643
0.166005
0.165364
0.164721
0.164076
0.163428
0.162779
0.162128
0.161476
0.160822
0.160167
0.15951
0.158854
0.158197
0.15754
0.156883
0.156227
0.155573
0.154921
0.154271
0.153625
0.152982
0.152345
0.151713
0.151087
0.150469
0.149857
0.149253
0.148653
0.148058
0.147463
0.146865
0.146259
0.145642
0.145011
0.144371
0.143733
0.143133
0.142637
0.142365
0.142489
0.143211
0.144709
0.1469
0.149379
0.151594
0.153068
0.153552
0.153038
0.151681
0.149875
0.147851
0.145798
0.143852
0.142091
0.140544
0.139206
0.13805
0.13704
0.136143
0.135326
0.134567
0.133849
0.133164
0.132509
0.131893
0.131337
0.130883
0.130609
0.130644
0.131172
0.132428
0.134655
0.138043
0.142644
0.148349
0.154914
0.162042
0.169442
0.176854
0.184059
0.190889
0.197238
0.203066
0.208385
0.213225
0.217588
0.22087
0.174126
0.173516
0.172904
0.172289
0.171672
0.171052
0.17043
0.169806
0.169179
0.16855
0.167918
0.167285
0.166649
0.166011
0.16537
0.164728
0.164083
0.163437
0.162788
0.162138
0.161487
0.160834
0.16018
0.159524
0.158869
0.158212
0.157556
0.1569
0.156245
0.155591
0.154939
0.154289
0.153642
0.152998
0.152358
0.151724
0.151094
0.15047
0.149852
0.149239
0.14863
0.148023
0.147416
0.146804
0.146183
0.14555
0.144899
0.144229
0.14354
0.142841
0.142152
0.141515
0.141002
0.14071
0.140763
0.141225
0.142008
0.142883
0.143572
0.143863
0.143666
0.143034
0.14215
0.14112
0.140045
0.139003
0.13804
0.137174
0.136402
0.135708
0.135073
0.134475
0.133898
0.133332
0.132769
0.132208
0.131651
0.131102
0.130572
0.130079
0.129656
0.129359
0.129277
0.129539
0.130313
0.13179
0.134139
0.13746
0.141743
0.146859
0.152601
0.15874
0.165057
0.171349
0.17744
0.183209
0.188615
0.193601
0.198117
0.201498
0.174128
0.173518
0.172906
0.172291
0.171674
0.171054
0.170432
0.169808
0.169181
0.168552
0.167921
0.167287
0.166651
0.166013
0.165373
0.164731
0.164087
0.163441
0.162793
0.162143
0.161492
0.16084
0.160186
0.159531
0.158876
0.15822
0.157564
0.156908
0.156253
0.155599
0.154946
0.154296
0.153647
0.153002
0.15236
0.151723
0.15109
0.150461
0.149837
0.149217
0.1486
0.147984
0.147366
0.146744
0.146112
0.145467
0.144804
0.144119
0.143409
0.142674
0.141918
0.141154
0.140409
0.139724
0.139154
0.138765
0.138567
0.13851
0.13849
0.138394
0.138146
0.137766
0.137294
0.136768
0.136227
0.135703
0.135214
0.134765
0.134348
0.133951
0.133561
0.133164
0.132753
0.132324
0.131877
0.131414
0.13094
0.130461
0.129983
0.129514
0.129069
0.128669
0.128352
0.128177
0.128232
0.128632
0.129518
0.131028
0.133273
0.1363
0.140075
0.144481
0.149355
0.154514
0.159804
0.165093
0.170263
0.175182
0.179741
0.183189
0.174129
0.173519
0.172907
0.172292
0.171675
0.171055
0.170433
0.169809
0.169182
0.168553
0.167922
0.167288
0.166653
0.166015
0.165375
0.164733
0.164089
0.163443
0.162795
0.162146
0.161495
0.160842
0.160189
0.159534
0.158879
0.158223
0.157567
0.156911
0.156256
0.155601
0.154948
0.154296
0.153646
0.153
0.152356
0.151715
0.151079
0.150446
0.149817
0.149191
0.148567
0.147943
0.147317
0.146686
0.146045
0.145391
0.14472
0.144026
0.143307
0.142558
0.14178
0.140975
0.140152
0.139329
0.138529
0.13779
0.137139
0.136584
0.136107
0.135676
0.135264
0.134877
0.134512
0.134172
0.133863
0.133585
0.133337
0.13311
0.132889
0.132663
0.132418
0.132147
0.131844
0.131511
0.131149
0.130766
0.130366
0.129956
0.129541
0.129126
0.128716
0.128319
0.127947
0.127622
0.127383
0.127285
0.127406
0.127843
0.128701
0.130081
0.132053
0.13464
0.137799
0.14144
0.145466
0.149748
0.154174
0.158597
0.162885
0.166246
0.174128
0.173519
0.172906
0.172291
0.171674
0.171055
0.170433
0.169808
0.169181
0.168552
0.167921
0.167287
0.166652
0.166014
0.165374
0.164732
0.164088
0.163442
0.162794
0.162145
0.161494
0.160842
0.160188
0.159534
0.158878
0.158222
0.157566
0.15691
0.156254
0.155599
0.154945
0.154292
0.153641
0.152993
0.152347
0.151704
0.151065
0.150428
0.149795
0.149164
0.148534
0.147903
0.14727
0.146631
0.145983
0.145323
0.144645
0.143945
0.14322
0.142466
0.141681
0.140865
0.14002
0.139154
0.13828
0.137417
0.136589
0.135816
0.135111
0.134478
0.133926
0.133456
0.133066
0.13275
0.132499
0.132303
0.132145
0.132009
0.131877
0.131733
0.131564
0.131365
0.131131
0.130865
0.130573
0.13026
0.129933
0.129599
0.12926
0.128921
0.128581
0.12824
0.1279
0.127566
0.127249
0.126972
0.126767
0.126684
0.12679
0.127159
0.127873
0.129
0.130589
0.132667
0.135208
0.138147
0.141406
0.144869
0.148424
0.151373
0.174128
0.173519
0.172906
0.172291
0.171674
0.171054
0.170432
0.169808
0.169181
0.168552
0.167921
0.167287
0.166651
0.166013
0.165373
0.164731
0.164087
0.163441
0.162793
0.162144
0.161493
0.160841
0.160187
0.159532
0.158877
0.158221
0.157564
0.156908
0.156251
0.155596
0.154941
0.154287
0.153635
0.152985
0.152337
0.151692
0.15105
0.15041
0.149773
0.149137
0.148502
0.147865
0.147226
0.146581
0.145927
0.14526
0.144577
0.143873
0.143145
0.142389
0.141602
0.140784
0.139936
0.139061
0.138169
0.137271
0.136385
0.135532
0.134731
0.134003
0.133361
0.132816
0.132369
0.132017
0.13175
0.131552
0.131403
0.131285
0.131176
0.131061
0.130927
0.130768
0.130583
0.130374
0.130147
0.12991
0.129669
0.129429
0.129192
0.128958
0.128722
0.12848
0.128227
0.127959
0.127674
0.127376
0.127076
0.126794
0.126563
0.126425
0.126434
0.126651
0.127143
0.127966
0.129155
0.130721
0.132654
0.134892
0.13737
0.139558
0.174126
0.173516
0.172904
0.172289
0.171672
0.171052
0.17043
0.169805
0.169178
0.168549
0.167917
0.167284
0.166648
0.16601
0.16537
0.164727
0.164083
0.163437
0.16279
0.16214
0.161489
0.160837
0.160183
0.159528
0.158872
0.158216
0.157559
0.156902
0.156246
0.155589
0.154934
0.154279
0.153626
0.152975
0.152325
0.151678
0.151033
0.15039
0.149749
0.14911
0.14847
0.147828
0.147184
0.146533
0.145874
0.145202
0.144514
0.143806
0.143075
0.142318
0.141532
0.140716
0.13987
0.138998
0.138105
0.137203
0.136304
0.135428
0.134594
0.133823
0.133133
0.132537
0.132041
0.131643
0.131335
0.131104
0.130931
0.130796
0.130681
0.13057
0.130453
0.130325
0.130186
0.130041
0.129898
0.129762
0.129641
0.129536
0.129447
0.129366
0.129285
0.129192
0.129077
0.128928
0.128736
0.128499
0.128215
0.127892
0.127543
0.127191
0.126867
0.126614
0.126475
0.126497
0.126727
0.127203
0.127959
0.128992
0.130303
0.131558
0.174126
0.173516
0.172904
0.172289
0.171671
0.171051
0.170429
0.169804
0.169177
0.168548
0.167916
0.167282
0.166646
0.166008
0.165368
0.164725
0.164081
0.163435
0.162787
0.162137
0.161486
0.160833
0.160179
0.159524
0.158868
0.158212
0.157554
0.156897
0.15624
0.155583
0.154926
0.154271
0.153616
0.152963
0.152312
0.151663
0.151015
0.15037
0.149725
0.149081
0.148437
0.147791
0.147141
0.146485
0.14582
0.145143
0.144451
0.14374
0.143007
0.142248
0.141463
0.140649
0.139807
0.13894
0.138054
0.137156
0.13626
0.135381
0.134538
0.13375
0.133035
0.132406
0.131872
0.131434
0.131085
0.130815
0.130609
0.13045
0.130322
0.130213
0.130117
0.130031
0.12996
0.129912
0.129896
0.12992
0.129987
0.130093
0.130231
0.130383
0.130531
0.130654
0.130733
0.130751
0.130696
0.130559
0.130338
0.130036
0.129659
0.129225
0.128758
0.128278
0.127809
0.127384
0.127037
0.126805
0.126726
0.126821
0.127133
0.127509
0.174121
0.173511
0.172898
0.172283
0.171666
0.171045
0.170423
0.169798
0.169171
0.168541
0.167909
0.167275
0.166639
0.166
0.16536
0.164717
0.164073
0.163426
0.162778
0.162128
0.161477
0.160824
0.160169
0.159514
0.158857
0.1582
0.157542
0.156884
0.156226
0.155568
0.15491
0.154253
0.153598
0.152943
0.15229
0.151638
0.150988
0.150339
0.149691
0.149044
0.148395
0.147744
0.147089
0.146427
0.145757
0.145075
0.144378
0.143663
0.142927
0.142167
0.141382
0.14057
0.139732
0.138871
0.137991
0.1371
0.13621
0.135335
0.134492
0.133697
0.132969
0.13232
0.131759
0.131289
0.130907
0.130605
0.130372
0.130196
0.130067
0.129978
0.129929
0.129925
0.129977
0.130099
0.130302
0.130594
0.13097
0.131414
0.131903
0.132403
0.132879
0.133297
0.133628
0.13385
0.133949
0.13392
0.133761
0.133479
0.133086
0.132602
0.13205
0.131434
0.130773
0.130088
0.129404
0.128749
0.128153
0.127634
0.127246
0.126957
0.174121
0.173511
0.172898
0.172282
0.171664
0.171044
0.170421
0.169796
0.169168
0.168538
0.167906
0.167271
0.166634
0.165995
0.165354
0.16471
0.164065
0.163418
0.162769
0.162118
0.161465
0.160811
0.160156
0.159499
0.158842
0.158183
0.157524
0.156864
0.156205
0.155545
0.154886
0.154227
0.153569
0.152912
0.152256
0.151601
0.150948
0.150295
0.149642
0.14899
0.148336
0.14768
0.147019
0.146351
0.145675
0.144987
0.144285
0.143566
0.142826
0.142064
0.141277
0.140466
0.139631
0.138774
0.1379
0.137017
0.136134
0.135265
0.134424
0.133628
0.132893
0.132232
0.131654
0.131162
0.130759
0.130438
0.130196
0.130027
0.129928
0.129903
0.129963
0.130125
0.130411
0.130842
0.131431
0.132173
0.133048
0.134014
0.135019
0.136001
0.136902
0.137675
0.138282
0.138702
0.138927
0.138959
0.138808
0.138492
0.138038
0.137478
0.136816
0.136064
0.13524
0.134364
0.133455
0.132533
0.131621
0.130731
0.129913
0.129203
0.174111
0.173501
0.172887
0.172271
0.171652
0.171031
0.170407
0.169781
0.169153
0.168522
0.167888
0.167253
0.166615
0.165974
0.165332
0.164687
0.16404
0.163392
0.162741
0.162089
0.161434
0.160778
0.160121
0.159462
0.158803
0.158142
0.15748
0.156818
0.156156
0.155494
0.154831
0.15417
0.153508
0.152848
0.152188
0.151529
0.150871
0.150214
0.149556
0.148898
0.148238
0.147575
0.146908
0.146234
0.145551
0.144857
0.144148
0.143423
0.142679
0.141913
0.141125
0.140314
0.13948
0.138627
0.137759
0.136883
0.136007
0.135145
0.13431
0.133518
0.132783
0.132118
0.131533
0.131035
0.130629
0.130317
0.130101
0.129986
0.129984
0.130115
0.130407
0.130897
0.131618
0.132595
0.133827
0.135285
0.136906
0.138602
0.140275
0.141829
0.143187
0.144295
0.145122
0.14566
0.145917
0.145913
0.145679
0.145251
0.144675
0.143978
0.143162
0.14225
0.141262
0.140217
0.139134
0.13803
0.136923
0.13582
0.134763
0.133825
0.174107
0.173495
0.17288
0.172263
0.171643
0.17102
0.170394
0.169766
0.169136
0.168502
0.167867
0.167229
0.166588
0.165945
0.1653
0.164652
0.164002
0.16335
0.162696
0.16204
0.161382
0.160722
0.160061
0.159399
0.158735
0.15807
0.157404
0.156737
0.15607
0.155403
0.154736
0.154069
0.153403
0.152737
0.152072
0.151407
0.150743
0.150079
0.149415
0.14875
0.148083
0.147413
0.146739
0.146057
0.145367
0.144665
0.14395
0.143219
0.14247
0.1417
0.14091
0.140098
0.139266
0.138416
0.137554
0.136685
0.135819
0.134966
0.134142
0.133359
0.132633
0.131978
0.131406
0.130929
0.130557
0.130303
0.130182
0.130218
0.130444
0.130905
0.131654
0.132745
0.134218
0.13608
0.13829
0.140755
0.143339
0.145889
0.148263
0.150348
0.152071
0.153397
0.154318
0.154851
0.155027
0.15489
0.154493
0.153901
0.153176
0.152313
0.151339
0.150278
0.149153
0.147986
0.146795
0.145596
0.144402
0.143219
0.142082
0.14107
0.174076
0.173462
0.172844
0.172224
0.171601
0.170975
0.170346
0.169714
0.169079
0.168442
0.167802
0.167159
0.166514
0.165866
0.165216
0.164563
0.163907
0.16325
0.16259
0.161928
0.161264
0.160598
0.159931
0.159262
0.158591
0.15792
0.157247
0.156574
0.155901
0.155227
0.154553
0.15388
0.153207
0.152534
0.151862
0.151191
0.15052
0.14985
0.149179
0.148508
0.147834
0.147157
0.146476
0.145788
0.145092
0.144385
0.143664
0.142929
0.142176
0.141405
0.140614
0.139804
0.138976
0.138132
0.137279
0.136422
0.135571
0.134736
0.133933
0.133175
0.132479
0.131862
0.131342
0.130938
0.130674
0.130578
0.130691
0.13106
0.131751
0.132835
0.134388
0.136468
0.139092
0.142207
0.145684
0.149331
0.152936
0.15631
0.159311
0.161847
0.163871
0.165368
0.166348
0.166844
0.166906
0.16661
0.166054
0.165354
0.164518
0.163565
0.162525
0.161423
0.160284
0.159128
0.157974
0.156833
0.155716
0.154622
0.153585
0.15266
0.174033
0.173412
0.172789
0.172163
0.171533
0.1709
0.170264
0.169625
0.168983
0.168338
0.167689
0.167038
0.166384
0.165728
0.165068
0.164406
0.163741
0.163074
0.162405
0.161733
0.16106
0.160384
0.159707
0.159029
0.158349
0.157668
0.156987
0.156305
0.155623
0.154941
0.154259
0.153578
0.152898
0.152219
0.151541
0.150865
0.150189
0.149514
0.148839
0.148164
0.147487
0.146808
0.146124
0.145435
0.144738
0.14403
0.143311
0.142577
0.141827
0.141059
0.140274
0.139472
0.138654
0.137824
0.136988
0.136153
0.13533
0.13453
0.133771
0.133068
0.132445
0.131925
0.131537
0.131318
0.131311
0.13157
0.132163
0.133171
0.134683
0.136792
0.139572
0.14305
0.147174
0.151797
0.156701
0.161645
0.166412
0.170835
0.17478
0.178143
0.180845
0.182837
0.184108
0.184696
0.184699
0.184291
0.18373
0.183109
0.182404
0.181638
0.180833
0.180007
0.179172
0.17834
0.177518
0.176706
0.175912
0.17512
0.174388
0.173729
0.173905
0.173276
0.172642
0.172005
0.171365
0.170721
0.170073
0.169422
0.168768
0.168111
0.167451
0.166787
0.166121
0.165451
0.164779
0.164105
0.163427
0.162748
0.162066
0.161383
0.160698
0.160011
0.159324
0.158635
0.157946
0.157256
0.156567
0.155878
0.15519
0.154504
0.153818
0.153135
0.152454
0.151775
0.151099
0.150426
0.149755
0.149087
0.14842
0.147754
0.147089
0.146422
0.145751
0.145076
0.144394
0.143703
0.143
0.142283
0.141552
0.140804
0.140041
0.139262
0.138472
0.137675
0.136878
0.136092
0.135329
0.134606
0.133945
0.133371
0.132917
0.132621
0.132531
0.132706
0.133216
0.134142
0.13558
0.137631
0.140401
0.143983
0.148444
0.153792
0.159964
0.166816
0.174132
0.181663
0.189162
0.196389
0.203098
0.209033
0.213961
0.217697
0.220164
0.221433
0.221794
0.221894
0.222176
0.222428
0.222623
0.222739
0.222757
0.222667
0.22246
0.222133
0.221685
0.221115
0.220437
0.219637
0.218884
0.218262
0.173716
0.173071
0.172423
0.171771
0.171115
0.170456
0.169793
0.169127
0.168457
0.167785
0.167109
0.166431
0.165751
0.165068
0.164382
0.163695
0.163006
0.162316
0.161625
0.160932
0.16024
0.159547
0.158855
0.158164
0.157474
0.156785
0.156099
0.155416
0.154736
0.15406
0.153389
0.152722
0.152061
0.151405
0.150756
0.150112
0.149474
0.148841
0.148213
0.147589
0.146966
0.146344
0.145721
0.145093
0.144459
0.143815
0.14316
0.14249
0.141806
0.141106
0.140391
0.139665
0.138932
0.138202
0.137484
0.136796
0.136157
0.135594
0.13514
0.134838
0.134739
0.134907
0.135414
0.136349
0.137811
0.139917
0.142809
0.146657
0.151655
0.157998
0.16586
0.175368
0.186578
0.199446
0.213787
0.229279
0.24546
0.261731
0.277419
0.291868
0.304506
0.31492
0.322971
0.328935
0.33399
0.338911
0.342601
0.344918
0.345884
0.34563
0.344342
0.34222
0.339446
0.336176
0.332534
0.328609
0.324498
0.320219
0.316234
0.313086
0.17355
0.172895
0.172236
0.171574
0.170909
0.170241
0.169571
0.168898
0.168223
0.167546
0.166867
0.166188
0.165507
0.164825
0.164144
0.163462
0.162782
0.162102
0.161424
0.160748
0.160076
0.159406
0.158741
0.158081
0.157427
0.156779
0.156139
0.155507
0.154884
0.154271
0.153668
0.153076
0.152496
0.151928
0.151372
0.150827
0.150294
0.14977
0.149256
0.148748
0.148244
0.147741
0.147237
0.146728
0.146209
0.145679
0.145135
0.144573
0.143996
0.143403
0.1428
0.142194
0.141597
0.141027
0.140506
0.140064
0.139742
0.139588
0.139664
0.140046
0.140828
0.142122
0.144064
0.146819
0.150592
0.155649
0.162345
0.17115
0.18265
0.197486
0.216292
0.239532
0.26733
0.299341
0.334769
0.372477
0.411138
0.449397
0.486013
0.519992
0.550572
0.577147
0.599549
0.618929
0.633147
0.639995
0.640235
0.635056
0.62576
0.613564
0.599488
0.584323
0.568647
0.552853
0.537199
0.52183
0.506872
0.492297
0.478836
0.467934
0.174886
0.174277
0.173667
0.173057
0.172447
0.171837
0.171228
0.17062
0.170014
0.16941
0.168809
0.168212
0.167619
0.16703
0.166448
0.165872
0.165303
0.164743
0.164193
0.163653
0.163125
0.16261
0.162109
0.161623
0.161155
0.160705
0.160275
0.159866
0.159479
0.159116
0.158776
0.158462
0.158172
0.157908
0.157668
0.157451
0.157257
0.157081
0.156921
0.156773
0.156633
0.156496
0.156357
0.156211
0.156054
0.155883
0.155697
0.155498
0.155292
0.15509
0.154909
0.154776
0.154725
0.154804
0.155076
0.155618
0.156529
0.157928
0.159963
0.162815
0.166706
0.171914
0.178792
0.187791
0.199488
0.214617
0.234072
0.258903
0.290248
0.329201
0.376532
0.432318
0.495633
0.564465
0.635986
0.707045
0.774618
0.83605
0.889263
0.933132
0.967452
0.991923
1.00451
1.00338
0.990936
0.970612
0.945177
0.916728
0.886764
0.856305
0.826013
0.796294
0.76738
0.739387
0.71237
0.686314
0.661253
0.637037
0.614238
0.595426
0.194537
0.194623
0.194723
0.194837
0.194966
0.195111
0.195272
0.195451
0.195649
0.195867
0.196105
0.196365
0.196649
0.196958
0.197293
0.197657
0.198051
0.198478
0.198938
0.199436
0.199972
0.20055
0.201173
0.201842
0.202561
0.203332
0.204158
0.205041
0.205984
0.206989
0.208056
0.209187
0.210383
0.211644
0.212967
0.214353
0.215797
0.217296
0.218847
0.220445
0.222084
0.223761
0.225471
0.227214
0.228989
0.230802
0.232664
0.234592
0.236612
0.238761
0.24109
0.243663
0.246563
0.24989
0.253767
0.258344
0.263795
0.270332
0.278206
0.287717
0.29923
0.313193
0.330159
0.35082
0.376052
0.406957
0.444893
0.491441
0.548234
0.616515
0.696376
0.785848
0.880342
0.973044
1.05649
1.12444
1.17336
1.20289
1.21306
1.20708
1.18977
1.16514
1.13689
1.10618
1.07338
1.039
1.00373
0.968267
0.933222
0.899029
0.865953
0.834112
0.803533
0.774182
0.746003
0.718923
0.692854
0.667813
0.643093
0.622426
0.423352
0.427309
0.431164
0.434911
0.438547
0.442066
0.445463
0.448734
0.451873
0.454876
0.457738
0.460455
0.463021
0.465432
0.467684
0.469771
0.47169
0.473434
0.475001
0.476383
0.477577
0.478578
0.479379
0.479977
0.480365
0.480537
0.480488
0.480212
0.479704
0.478957
0.477966
0.476726
0.475231
0.473478
0.471463
0.469184
0.466641
0.463834
0.460767
0.457444
0.453875
0.450068
0.446038
0.4418
0.437373
0.432774
0.428024
0.423142
0.418142
0.413035
0.407825
0.402503
0.39705
0.391426
0.385576
0.379422
0.37286
0.365768
0.357997
0.349387
0.339769
0.328989
0.31693
0.303553
0.288948
0.2734
0.257467
0.242053
0.228448
0.218278
0.213268
0.214746
0.222988
0.236818
0.253884
0.271529
0.287684
0.301721
0.317878
0.334643
0.348984
0.360341
0.368816
0.374604
0.378001
0.379388
0.379177
0.377759
0.375455
0.372502
0.369065
0.365251
0.361139
0.35679
0.352275
0.347632
0.342999
0.338367
0.334164
0.33226
0.016317
0.0270857
0.0339035
0.0382596
0.0410977
0.0429615
0.0442621
0.0452976
0.0461697
0.0469359
0.0475378
0.0478496
0.0476716
0.0469613
0.0468094
0.0469702
0.047434
0.0483446
0.049915
0.0522628
0.0559239
0.0635487
0.0819848
0.115359
0.149545
0.182497
0.213834
0.243643
0.272144
0.299594
0.326258
0.352398
0.378258
0.404048
0.429932
0.456027
0.482425
0.509231
0.536588
0.564694
0.593825
0.624391
0.65608
0.687005
0.716053
0.741493
0.76072
0.770094
0.784664
0.808008
0.83959
0.869478
0.885066
0.875407
0.823483
0.71818
0.592685
0.486649
0.402297
0.399739
0.474202
0.569349
0.637567
0.68221
0.712948
0.735538
0.753136
0.758006
0.748663
0.722847
0.70579
0.699086
0.694372
0.671925
0.647512
0.621393
0.593583
0.565962
0.539659
0.515293
0.493162
0.473366
0.4559
0.440698
0.427664
0.416677
0.407584
0.400187
0.394246
0.389483
0.385594
0.382279
0.379258
0.376292
0.373195
0.369841
0.366173
0.362251
0.357976
0.354889
0.029189
0.0497316
0.0651392
0.0754203
0.0836747
0.0910096
0.0979154
0.104499
0.110467
0.115593
0.119796
0.123371
0.126917
0.131073
0.137085
0.146653
0.160715
0.180523
0.206804
0.236127
0.258827
0.271958
0.281432
0.294369
0.31168
0.332631
0.356974
0.384805
0.416148
0.450795
0.488379
0.528508
0.570804
0.614778
0.659634
0.704252
0.747519
0.788877
0.82866
0.867767
0.906844
0.945685
0.985828
1.0294
1.07773
1.13078
1.18638
1.24031
1.28811
1.32669
1.35857
1.39014
1.41606
1.42279
1.39534
1.31781
1.18308
1.07965
1.08009
1.05653
0.896715
0.796875
0.782486
0.817692
0.882954
0.956495
1.01954
1.07194
1.1092
1.12943
1.1339
1.12277
1.09943
1.07199
1.03857
0.996921
0.950517
0.903444
0.858391
0.81681
0.779393
0.7464
0.717879
0.693775
0.673967
0.658239
0.646228
0.63738
0.630957
0.626103
0.621947
0.617698
0.612715
0.606533
0.598864
0.589577
0.578599
0.566223
0.551641
0.539766
0.0404305
0.0712127
0.0908057
0.104748
0.116542
0.127325
0.137711
0.147952
0.157852
0.167236
0.175937
0.184138
0.192297
0.20097
0.210269
0.221051
0.234688
0.251303
0.269317
0.286097
0.299723
0.311279
0.32439
0.342334
0.366573
0.397685
0.435852
0.480729
0.531199
0.585412
0.641216
0.69677
0.750951
0.803293
0.85357
0.901372
0.94602
0.986898
1.02394
1.05786
1.08991
1.12157
1.15462
1.19209
1.23776
1.29437
1.36069
1.43079
1.49541
1.54614
1.58438
1.61708
1.65152
1.68401
1.70737
1.69821
1.61388
1.46917
1.32694
1.14999
0.985947
0.913677
0.903419
0.914516
0.940826
0.982863
1.03492
1.08665
1.12761
1.15526
1.16894
1.17041
1.16119
1.14408
1.11884
1.0856
1.04688
1.00603
0.965876
0.928365
0.894735
0.865679
0.841471
0.822025
0.806918
0.795445
0.786702
0.779687
0.773384
0.766833
0.759205
0.749866
0.738419
0.724708
0.7088
0.690897
0.67135
0.650486
0.629271
0.611489
0.0523934
0.0906682
0.113604
0.130495
0.144914
0.158469
0.171709
0.184982
0.198087
0.210674
0.222287
0.232584
0.241569
0.249346
0.256485
0.263993
0.272579
0.282484
0.293474
0.305265
0.318155
0.333464
0.3532
0.379163
0.412446
0.453447
0.501806
0.556277
0.614799
0.674913
0.734396
0.791777
0.846465
0.898516
0.948282
0.9961
1.04208
1.08604
1.12763
1.16645
1.20206
1.23407
1.26346
1.29539
1.33742
1.39598
1.47076
1.55412
1.63403
1.69402
1.73527
1.76974
1.80923
1.85337
1.89469
1.91271
1.84528
1.63875
1.36902
1.14939
1.02646
0.976784
0.941267
0.899894
0.876438
0.887505
0.928193
0.974108
1.01156
1.04124
1.06339
1.07888
1.08738
1.08738
1.07762
1.05892
1.0339
1.00581
0.977552
0.951273
0.92833
0.90933
0.894235
0.882476
0.873115
0.86502
0.857048
0.84821
0.837791
0.82539
0.810901
0.794439
0.776257
0.756674
0.736031
0.714624
0.692808
0.670793
0.649923
0.633124
0.0627112
0.107206
0.133161
0.151978
0.167706
0.182363
0.196612
0.21099
0.225677
0.240293
0.253973
0.26589
0.275749
0.283994
0.291306
0.298295
0.305488
0.313408
0.32262
0.33384
0.348051
0.366531
0.390656
0.421551
0.459787
0.505201
0.556781
0.61277
0.671066
0.729759
0.78753
0.843819
0.89845
0.95125
1.00201
1.0507
1.09748
1.14259
1.18601
1.22735
1.26566
1.29957
1.32918
1.36049
1.4042
1.4709
1.56
1.66043
1.75483
1.82751
1.87413
1.90538
1.9395
1.98565
2.03466
2.05341
1.95723
1.67873
1.34546
1.12499
1.03523
0.992506
0.923474
0.823926
0.752513
0.749279
0.789326
0.830238
0.861945
0.888851
0.915189
0.940911
0.962745
0.976956
0.981535
0.977102
0.966178
0.951894
0.936981
0.923297
0.911742
0.902372
0.894633
0.887634
0.880423
0.872201
0.862435
0.850887
0.837556
0.822604
0.806272
0.788825
0.770523
0.751589
0.732232
0.7126
0.692936
0.673372
0.655251
0.640915
0.0711165
0.121095
0.149612
0.169778
0.186089
0.200773
0.21479
0.228988
0.24376
0.259033
0.274167
0.288382
0.301152
0.312474
0.322674
0.332166
0.341383
0.350871
0.361383
0.373914
0.389668
0.409927
0.435897
0.468464
0.507766
0.553225
0.603619
0.657277
0.712506
0.768044
0.822847
0.876995
0.930523
0.983085
1.03409
1.08314
1.13028
1.17586
1.22009
1.2627
1.30278
1.33892
1.3714
1.40688
1.45817
1.53677
1.643
1.76332
1.87637
1.96335
2.01632
2.04286
2.06386
2.0991
2.14182
2.13523
1.98466
1.64962
1.2966
1.0912
1.01694
0.980556
0.895659
0.75566
0.648428
0.651278
0.693026
0.723251
0.74182
0.758287
0.779655
0.806618
0.834681
0.858027
0.873108
0.879799
0.8803
0.877429
0.873442
0.869611
0.866278
0.863157
0.859673
0.855255
0.849505
0.842249
0.833495
0.823362
0.812013
0.799609
0.786292
0.77218
0.757378
0.741973
0.726069
0.709737
0.693185
0.676537
0.661072
0.648817
0.0786946
0.132662
0.162979
0.184184
0.201203
0.216486
0.230963
0.245482
0.260517
0.27626
0.292461
0.308629
0.324261
0.339037
0.352893
0.365945
0.378454
0.390873
0.403913
0.418576
0.436134
0.457823
0.484811
0.518066
0.557
0.6008
0.648414
0.698522
0.749916
0.801777
0.853764
0.905918
0.958158
1.01005
1.06095
1.11033
1.15806
1.20427
1.2489
1.29143
1.33084
1.36606
1.39881
1.43749
1.49725
1.59121
1.71844
1.86096
1.99272
2.09236
2.15048
2.17214
2.17761
2.19356
2.21969
2.17617
1.96174
1.58915
1.24133
1.05054
0.981348
0.943238
0.855957
0.722792
0.628394
0.62529
0.653297
0.669597
0.671795
0.67098
0.677907
0.696532
0.723025
0.749793
0.77108
0.785376
0.794159
0.79968
0.803618
0.80677
0.809266
0.810922
0.811502
0.810849
0.808907
0.805687
0.801226
0.795561
0.788721
0.780731
0.771622
0.761439
0.750244
0.738108
0.725142
0.711428
0.697209
0.682628
0.668942
0.657986
0.0844012
0.141467
0.173703
0.196577
0.215286
0.232279
0.248433
0.264538
0.281035
0.298207
0.31602
0.334205
0.352393
0.370232
0.38746
0.403978
0.419853
0.435417
0.451304
0.468427
0.488245
0.511688
0.539706
0.572803
0.610696
0.652685
0.697745
0.744792
0.792974
0.841849
0.89135
0.941522
0.992199
1.04293
1.09314
1.14238
1.1904
1.23693
1.28128
1.32213
1.35783
1.38794
1.41604
1.45396
1.52074
1.63051
1.77878
1.94196
2.08997
2.1999
2.26195
2.27952
2.27064
2.26387
2.26402
2.18175
1.91002
1.51859
1.18794
1.00844
0.936926
0.892733
0.812744
0.708334
0.64261
0.637803
0.652194
0.65361
0.639217
0.620302
0.609674
0.614669
0.63393
0.65947
0.683428
0.702515
0.717171
0.72896
0.739073
0.748064
0.756065
0.763035
0.768879
0.773499
0.776799
0.778686
0.779082
0.777928
0.775193
0.770883
0.765034
0.757711
0.749012
0.739042
0.727952
0.715855
0.703041
0.689664
0.676999
0.666743
0.0884192
0.148121
0.182817
0.208447
0.230256
0.250607
0.270255
0.28987
0.309783
0.330247
0.351286
0.372733
0.39425
0.415487
0.436209
0.45626
0.475555
0.494345
0.513369
0.533131
0.554994
0.580067
0.609227
0.642798
0.6805
0.721599
0.765094
0.810009
0.855674
0.901877
0.948749
0.996419
1.04472
1.09322
1.14141
1.18899
1.23564
1.28065
1.32209
1.35767
1.38566
1.40598
1.42421
1.45671
1.52741
1.65068
1.81664
1.996
2.15616
2.27394
2.33964
2.35534
2.33623
2.30925
2.27998
2.16059
1.84578
1.44978
1.1398
0.969285
0.893316
0.844275
0.776067
0.700986
0.66021
0.658913
0.663784
0.651796
0.622925
0.589093
0.563513
0.555193
0.565438
0.587375
0.611972
0.634297
0.653651
0.670875
0.686715
0.701499
0.715261
0.727879
0.739163
0.748897
0.756882
0.762963
0.767035
0.769054
0.769029
0.767013
0.763101
0.757411
0.750088
0.741282
0.731181
0.719929
0.707847
0.695099
0.68298
0.673083
0.0904165
0.153161
0.192053
0.222272
0.249344
0.275527
0.301425
0.327521
0.353956
0.380881
0.408251
0.435868
0.463361
0.489964
0.515486
0.539946
0.563232
0.585501
0.607485
0.630024
0.654273
0.68132
0.711953
0.746418
0.784376
0.825046
0.867427
0.910589
0.953936
0.997334
1.04102
1.08518
1.12972
1.17432
1.21855
1.26222
1.3046
1.34375
1.37744
1.40296
1.41797
1.42264
1.42487
1.44633
1.51624
1.64835
1.82653
2.01648
2.18465
2.30863
2.37885
2.39609
2.3723
2.33058
2.27454
2.1221
1.7802
1.38891
1.09884
0.936333
0.857415
0.806902
0.751362
0.700653
0.679192
0.680569
0.676372
0.651564
0.610123
0.564864
0.528491
0.51009
0.512633
0.5309
0.555674
0.580822
0.604572
0.627008
0.648377
0.668682
0.68773
0.705232
0.720876
0.73439
0.74557
0.754297
0.760531
0.764299
0.765682
0.764801
0.761806
0.756865
0.750163
0.74188
0.732233
0.721384
0.709677
0.697274
0.685505
0.675845
0.0915001
0.159223
0.204914
0.242979
0.278848
0.314807
0.351334
0.388559
0.426326
0.464628
0.50326
0.541878
0.580025
0.615936
0.649055
0.679296
0.707477
0.734074
0.759713
0.785239
0.811734
0.840281
0.871645
0.906046
0.943138
0.982166
1.02222
1.06247
1.10239
1.14182
1.18097
1.21996
1.25864
1.29706
1.33424
1.36934
1.40146
1.42907
1.44942
1.45892
1.45449
1.43662
1.41608
1.42036
1.48414
1.61989
1.8049
2.00077
2.17426
2.30421
2.38085
2.40351
2.38097
2.33096
2.25381
2.07543
1.72045
1.33952
1.06705
0.912164
0.832936
0.784218
0.741313
0.710228
0.701491
0.700943
0.685732
0.648079
0.595722
0.54196
0.49844
0.473495
0.470834
0.486704
0.512186
0.540318
0.56836
0.595651
0.62192
0.646833
0.669983
0.690968
0.709451
0.725196
0.73808
0.748077
0.755241
0.759684
0.761559
0.761044
0.758333
0.75363
0.747144
0.739075
0.729651
0.719041
0.7076
0.695486
0.684033
0.674636
0.0894498
0.168793
0.22983
0.282522
0.334228
0.387553
0.442655
0.498619
0.554852
0.611163
0.666981
0.721631
0.77396
0.822801
0.867114
0.905778
0.939968
0.970871
0.999236
1.02598
1.05227
1.07924
1.10775
1.13809
1.17004
1.20305
1.23651
1.26985
1.3027
1.3349
1.36657
1.39743
1.42655
1.45284
1.47638
1.49678
1.5131
1.5233
1.52395
1.5107
1.48007
1.43366
1.38581
1.37005
1.42562
1.56246
1.75124
1.95059
2.12858
2.26551
2.35105
2.38275
2.36646
2.31439
2.22276
2.02675
1.67045
1.30386
1.04692
0.899625
0.822701
0.778631
0.747706
0.730541
0.726442
0.718293
0.689957
0.639862
0.578444
0.518705
0.470854
0.442194
0.436707
0.451748
0.478722
0.509995
0.541988
0.573398
0.603527
0.631779
0.657627
0.680654
0.700583
0.71728
0.730733
0.741027
0.748309
0.752765
0.754605
0.754047
0.751316
0.746631
0.740215
0.732272
0.723032
0.712663
0.701514
0.689743
0.678667
0.669606
0.0922437
0.206095
0.296128
0.377562
0.458321
0.54052
0.62289
0.704651
0.784577
0.862062
0.936458
1.0068
1.07209
1.13169
1.18484
1.23073
1.26863
1.30018
1.32659
1.34913
1.36924
1.38833
1.40743
1.42702
1.44716
1.46775
1.48845
1.50894
1.52893
1.54802
1.56532
1.58016
1.59237
1.60148
1.60703
1.60828
1.6038
1.5911
1.56638
1.5252
1.46484
1.38914
1.3166
1.28558
1.33722
1.47697
1.66932
1.87171
2.05459
2.19994
2.29682
2.34075
2.33456
2.28534
2.18585
1.9807
1.6326
1.28384
1.04178
0.902829
0.830666
0.792721
0.770493
0.758931
0.750927
0.730617
0.688247
0.627015
0.558683
0.495161
0.445042
0.414639
0.40808
0.423535
0.452535
0.486793
0.522073
0.556612
0.589422
0.619753
0.647047
0.670945
0.691279
0.708039
0.721336
0.731354
0.738317
0.742469
0.744057
0.743323
0.740503
0.735823
0.729502
0.721741
0.712762
0.702725
0.691965
0.680639
0.670022
0.661379
0.107826
0.308356
0.471987
0.607817
0.733638
0.854549
0.967763
1.07244
1.16858
1.25676
1.33835
1.41128
1.47541
1.53111
1.57906
1.61918
1.65003
1.6724
1.68774
1.69767
1.70392
1.70807
1.71129
1.71416
1.7168
1.71899
1.72054
1.72124
1.72089
1.71918
1.71575
1.71022
1.70216
1.69086
1.67542
1.65458
1.62653
1.58858
1.53722
1.46897
1.38305
1.28629
1.20044
1.16608
1.22288
1.36982
1.56658
1.77201
1.96008
2.1148
2.22502
2.28417
2.29144
2.24888
2.14713
1.94011
1.60732
1.27991
1.05357
0.924082
0.85749
0.823738
0.80411
0.78991
0.771483
0.736559
0.680767
0.610481
0.537458
0.471955
0.420966
0.390022
0.383444
0.400015
0.431146
0.467909
0.505621
0.542262
0.576676
0.60805
0.635851
0.659816
0.679898
0.696216
0.708987
0.718476
0.724969
0.728744
0.73007
0.729196
0.726359
0.721777
0.715661
0.708199
0.699598
0.69001
0.679747
0.668967
0.65889
0.650725
0.264681
0.917191
1.09412
1.26499
1.40362
1.52038
1.61833
1.69885
1.76444
1.81734
1.85821
1.89002
1.91439
1.93245
1.94528
1.95333
1.95675
1.95533
1.94933
1.93946
1.92674
1.91223
1.89683
1.88099
1.86475
1.84781
1.82985
1.8107
1.79036
1.76888
1.74622
1.7221
1.69594
1.66679
1.63336
1.59406
1.54686
1.48928
1.41862
1.33303
1.23408
1.13101
1.04713
1.0228
1.09347
1.25056
1.45117
1.65823
1.85037
2.01401
2.13828
2.21491
2.23905
2.20698
2.10767
1.90563
1.59452
1.29234
1.08327
0.963246
0.900354
0.866106
0.842257
0.818715
0.785451
0.735462
0.668229
0.591489
0.51589
0.449786
0.398767
0.367849
0.361669
0.379495
0.412442
0.451
0.490246
0.528067
0.563234
0.594917
0.622633
0.646214
0.665732
0.681413
0.69356
0.702506
0.708573
0.712061
0.713244
0.71237
0.709664
0.705333
0.699571
0.692551
0.684462
0.675445
0.665788
0.655652
0.646185
0.638564
)
;

boundaryField
{
    outlet
    {
        type            calculated;
        value           nonuniform List<scalar> 
55
(
0.626403
0.613892
0.59894
0.581956
0.563507
0.544042
0.523906
0.503307
0.482362
0.461117
0.4396
0.417814
0.395773
0.373504
0.351075
0.328583
0.306167
0.283998
0.262269
0.24117
0.22087
0.201498
0.183189
0.166246
0.151373
0.139558
0.131558
0.127509
0.126957
0.129203
0.133825
0.14107
0.15266
0.173729
0.218262
0.313086
0.467934
0.595426
0.622426
0.33226
0.354889
0.539766
0.611489
0.633124
0.640915
0.648817
0.657986
0.666743
0.673083
0.675845
0.674636
0.669606
0.661379
0.650725
0.638564
)
;
    }
    inlet
    {
        type            calculated;
        value           uniform 0.199999;
    }
    lowerWall
    {
        type            calculated;
        value           nonuniform List<scalar> 
148
(
0.241787
0.289666
0.336845
0.381953
0.42396
0.462122
0.495969
0.525298
0.550143
0.570712
0.587331
0.600391
0.610314
0.617518
0.622405
0.625344
0.626668
0.62667
0.625604
0.623689
0.621112
0.618029
0.614571
0.610847
0.606948
0.602947
0.598905
0.594873
0.590889
0.58699
0.583197
0.579608
0.577451
0.016317
0.029189
0.0404305
0.0523934
0.0627112
0.0711165
0.0786946
0.0844012
0.0884192
0.0904165
0.0915001
0.0894498
0.0922437
0.107826
0.264681
0.016317
0.0270857
0.0339035
0.0382596
0.0410977
0.0429615
0.0442621
0.0452976
0.0461697
0.0469359
0.0475378
0.0478496
0.0476716
0.0469613
0.0468094
0.0469702
0.047434
0.0483446
0.049915
0.0522628
0.0559239
0.0635487
0.0819848
0.115359
0.149545
0.182497
0.213834
0.243643
0.272144
0.299594
0.326258
0.352398
0.378258
0.404048
0.429932
0.456027
0.482425
0.509231
0.536588
0.564694
0.593825
0.624391
0.65608
0.687005
0.716053
0.741493
0.76072
0.770094
0.784664
0.808008
0.83959
0.869478
0.885066
0.875407
0.823483
0.71818
0.592685
0.486649
0.402297
0.399739
0.474202
0.569349
0.637567
0.68221
0.712948
0.735538
0.753136
0.758006
0.748663
0.722847
0.70579
0.699086
0.694372
0.671925
0.647512
0.621393
0.593583
0.565962
0.539659
0.515293
0.493162
0.473366
0.4559
0.440698
0.427664
0.416677
0.407584
0.400187
0.394246
0.389483
0.385594
0.382279
0.379258
0.376292
0.373195
0.369841
0.366173
0.362251
0.357976
0.354889
)
;
    }
    upperWall
    {
        type            calculated;
        value           nonuniform List<scalar> 
133
(
0.209515
0.220347
0.230808
0.240929
0.250732
0.260231
0.269435
0.278348
0.286973
0.295313
0.303372
0.311152
0.318657
0.325891
0.332858
0.339562
0.346008
0.352203
0.358152
0.363861
0.369336
0.374584
0.379612
0.384427
0.389035
0.393444
0.39766
0.401691
0.405543
0.409222
0.412736
0.416093
0.419322
0.423352
0.427309
0.431164
0.434911
0.438547
0.442066
0.445463
0.448734
0.451873
0.454876
0.457738
0.460455
0.463021
0.465432
0.467684
0.469771
0.47169
0.473434
0.475001
0.476383
0.477577
0.478578
0.479379
0.479977
0.480365
0.480537
0.480488
0.480212
0.479704
0.478957
0.477966
0.476726
0.475231
0.473478
0.471463
0.469184
0.466641
0.463834
0.460767
0.457444
0.453875
0.450068
0.446038
0.4418
0.437373
0.432774
0.428024
0.423142
0.418142
0.413035
0.407825
0.402503
0.39705
0.391426
0.385576
0.379422
0.37286
0.365768
0.357997
0.349387
0.339769
0.328989
0.31693
0.303553
0.288948
0.2734
0.257467
0.242053
0.228448
0.218278
0.213268
0.214746
0.222988
0.236818
0.253884
0.271529
0.287684
0.301721
0.317878
0.334643
0.348984
0.360341
0.368816
0.374604
0.378001
0.379388
0.379177
0.377759
0.375455
0.372502
0.369065
0.365251
0.361139
0.35679
0.352275
0.347632
0.342999
0.338367
0.334164
0.33226
)
;
    }
    frontAndBack
    {
        type            empty;
    }
}


// ************************************************************************* //
