/*--------------------------------*- C++ -*----------------------------------*\
| =========                 |                                                 |
| \\      /  F ield         | OpenFOAM: The Open Source CFD Toolbox           |
|  \\    /   O peration     | Version:  4.1                                   |
|   \\  /    A nd           | Web:      www.OpenFOAM.org                      |
|    \\/     M anipulation  |                                                 |
\*---------------------------------------------------------------------------*/
FoamFile
{
    version     2.0;
    format      ascii;
    class       volScalarField;
    location    "1900";
    object      epsilon;
}
// * * * * * * * * * * * * * * * * * * * * * * * * * * * * * * * * * * * * * //

dimensions      [0 2 -3 0 0 0 0];

internalField   nonuniform List<scalar> 
6820
(
115.949
152.042
190.661
230.213
269.213
306.364
340.623
371.268
397.899
420.4
438.869
453.554
464.803
473.009
478.58
481.91
483.37
483.292
481.971
479.663
476.587
472.927
468.838
464.447
459.86
455.162
450.422
445.696
441.025
436.448
431.983
427.735
425.108
9.48476
17.5528
23.8082
29.343
34.5615
39.5638
44.3524
48.9031
53.1856
57.1731
60.8487
64.2073
67.2547
70.0051
72.4792
74.7011
76.6969
78.4928
80.114
81.5839
82.9237
84.153
85.2887
86.3455
87.3357
88.2698
89.156
90.0017
90.8114
91.5917
92.3416
93.0696
93.768
4.14146
5.59602
6.98297
8.20862
9.27788
10.2173
11.0506
11.7953
12.4652
13.0716
13.6233
14.1277
14.5907
15.0172
15.4112
15.7762
16.1152
16.4306
16.7248
16.9994
17.258
17.5082
17.7522
17.9906
18.224
18.453
18.6778
18.8989
19.1166
19.3311
19.5426
19.7517
19.9563
3.60121
3.91796
4.33109
4.75787
5.16049
5.52671
5.85474
6.14666
6.40579
6.6357
6.83984
7.02136
7.18307
7.32748
7.45674
7.57272
7.67703
7.77107
7.85602
7.93291
8.00259
8.06661
8.12605
8.18167
8.23408
8.28376
8.33112
8.37649
8.42017
8.46238
8.50337
8.54327
8.58245
3.52798
3.56982
3.67476
3.81744
3.97488
4.1328
4.28383
4.42458
4.55377
4.67122
4.77737
4.87291
4.95865
5.03543
5.10409
5.1654
5.22009
5.26883
5.31223
5.35082
5.38509
5.41551
5.44254
5.46658
5.48801
5.50713
5.52424
5.53957
5.55335
5.56576
5.57697
5.58711
5.5964
3.5197
3.49572
3.49766
3.52374
3.56745
3.62175
3.681
3.74133
3.80034
3.85661
3.90933
3.95814
4.00291
4.04368
4.08059
4.11385
4.14366
4.17029
4.19396
4.21492
4.23339
4.24958
4.26371
4.27597
4.28654
4.29559
4.30327
4.30973
4.31508
4.31945
4.32294
4.32564
4.32766
3.51928
3.48173
3.4529
3.43487
3.42775
3.42982
3.4388
3.45249
3.46904
3.48707
3.50557
3.52383
3.54138
3.55792
3.57325
3.58728
3.59995
3.61129
3.6213
3.63006
3.63761
3.64407
3.64949
3.65395
3.65752
3.66027
3.66225
3.66354
3.6642
3.66428
3.66383
3.66292
3.66159
3.51938
3.47956
3.44297
3.41081
3.38393
3.36257
3.34634
3.33451
3.32623
3.32072
3.31725
3.31524
3.31422
3.31382
3.31376
3.31382
3.31384
3.31373
3.31338
3.31277
3.31185
3.31061
3.30906
3.30718
3.30501
3.30253
3.29978
3.29677
3.29352
3.29004
3.28636
3.28249
3.27846
3.51942
3.47931
3.44106
3.40504
3.37162
3.34118
3.31388
3.28963
3.26823
3.24937
3.23274
3.218
3.20484
3.19299
3.1822
3.17226
3.16303
3.15434
3.1461
3.13822
3.13062
3.12325
3.11606
3.10902
3.10209
3.09526
3.08851
3.08183
3.07521
3.06865
3.06213
3.05566
3.04923
3.51943
3.47931
3.44074
3.4038
3.36856
3.33518
3.30378
3.27441
3.24705
3.22164
3.19808
3.17623
3.15594
3.13705
3.11941
3.10289
3.08735
3.07269
3.0588
3.04559
3.03299
3.02092
3.00935
2.9982
2.98745
2.97705
2.96698
2.9572
2.94769
2.93844
2.92943
2.92063
2.91204
3.51944
3.47931
3.44068
3.40355
3.36786
3.33364
3.30091
3.26968
3.23994
3.2117
3.18491
3.15952
3.13547
3.1127
3.09111
3.07063
3.05118
3.03267
3.01505
2.99824
2.98217
2.96679
2.95204
2.93788
2.92427
2.91116
2.89853
2.88633
2.87454
2.86314
2.85209
2.84139
2.83101
3.51944
3.47931
3.44066
3.40348
3.3677
3.33326
3.30016
3.26835
3.23781
3.20852
3.18044
3.15355
3.12781
3.10317
3.0796
3.05704
3.03545
3.01477
2.99495
2.97596
2.95773
2.94023
2.92341
2.90724
2.89167
2.87667
2.86221
2.84827
2.8348
2.82179
2.80921
2.79703
2.78524
3.51944
3.47931
3.44064
3.40345
3.36764
3.33315
3.29995
3.26797
3.23718
3.20753
3.17899
3.15152
3.12508
3.09964
3.07516
3.05161
3.02896
3.00716
2.98618
2.96598
2.94653
2.9278
2.90975
2.89234
2.87556
2.85936
2.84373
2.82863
2.81404
2.79993
2.78629
2.77309
2.76031
3.51944
3.4793
3.44063
3.40343
3.36761
3.3331
3.29987
3.26785
3.23698
3.20723
3.17853
3.15087
3.12418
3.09844
3.07362
3.04966
3.02655
3.00426
2.98274
2.96197
2.94191
2.92255
2.90385
2.88578
2.86832
2.85145
2.83513
2.81935
2.80408
2.78931
2.775
2.76115
2.74773
3.51944
3.4793
3.44063
3.40341
3.36758
3.33307
3.29982
3.26778
3.23689
3.2071
3.17836
3.15063
3.12386
3.09801
3.07305
3.04894
3.02564
3.00313
2.98138
2.96035
2.94002
2.92035
2.90133
2.88294
2.86513
2.8479
2.83122
2.81507
2.79942
2.78427
2.76959
2.75535
2.74156
3.51944
3.4793
3.44062
3.4034
3.36756
3.33304
3.29979
3.26774
3.23684
3.20703
3.17827
3.15051
3.12371
3.09783
3.07282
3.04865
3.02529
3.00271
2.98087
2.95974
2.93929
2.91951
2.90035
2.88181
2.86385
2.84646
2.82961
2.81328
2.79745
2.78211
2.76723
2.75281
2.73881
3.51944
3.4793
3.44061
3.40339
3.36754
3.33302
3.29976
3.2677
3.23679
3.20698
3.17821
3.15044
3.12362
3.09772
3.07269
3.0485
3.02512
3.0025
2.98062
2.95945
2.93896
2.91912
2.89991
2.8813
2.86327
2.84581
2.82887
2.81246
2.79655
2.78111
2.76614
2.75161
2.73751
3.51944
3.47929
3.44061
3.40338
3.36753
3.333
3.29974
3.26767
3.23675
3.20693
3.17816
3.15038
3.12355
3.09764
3.07261
3.0484
3.02501
3.00237
2.98048
2.95929
2.93878
2.91892
2.89969
2.88106
2.863
2.84551
2.82854
2.8121
2.79615
2.78067
2.76566
2.75109
2.73695
3.51944
3.47929
3.44061
3.40337
3.36752
3.33299
3.29972
3.26765
3.23672
3.2069
3.17811
3.15033
3.1235
3.09758
3.07253
3.04832
3.02492
3.00228
2.98037
2.95917
2.93865
2.91878
2.89954
2.88089
2.86282
2.84531
2.82833
2.81187
2.7959
2.7804
2.76537
2.75078
2.73661
3.51944
3.47929
3.44061
3.40337
3.36752
3.33298
3.2997
3.26763
3.2367
3.20686
3.17807
3.15028
3.12345
3.09752
3.07247
3.04826
3.02484
3.00219
2.98028
2.95908
2.93855
2.91867
2.89942
2.88077
2.86269
2.84517
2.82818
2.81171
2.79573
2.78023
2.76519
2.75059
2.73641
3.51944
3.47929
3.4406
3.40337
3.36751
3.33297
3.29969
3.26761
3.23668
3.20684
3.17804
3.15025
3.1234
3.09747
3.07242
3.0482
3.02478
3.00212
2.98021
2.959
2.93846
2.91858
2.89932
2.88066
2.86258
2.84505
2.82806
2.81158
2.79559
2.78009
2.76504
2.75043
2.73625
3.51944
3.47929
3.4406
3.40336
3.36751
3.33296
3.29968
3.2676
3.23666
3.20682
3.17802
3.15022
3.12337
3.09743
3.07237
3.04815
3.02472
3.00206
2.98014
2.95892
2.93839
2.9185
2.89923
2.88057
2.86248
2.84495
2.82795
2.81147
2.79548
2.77997
2.76491
2.7503
2.73611
3.51944
3.47929
3.4406
3.40336
3.3675
3.33296
3.29967
3.26759
3.23665
3.2068
3.178
3.15019
3.12334
3.0974
3.07233
3.0481
3.02467
3.00201
2.98008
2.95886
2.93832
2.91843
2.89916
2.88049
2.8624
2.84487
2.82786
2.81138
2.79538
2.77986
2.76481
2.75019
2.736
3.51944
3.47929
3.4406
3.40336
3.3675
3.33295
3.29967
3.26758
3.23664
3.20678
3.17798
3.15017
3.12331
3.09737
3.0723
3.04807
3.02463
3.00197
2.98004
2.95881
2.93827
2.91837
2.8991
2.88043
2.86233
2.84479
2.82778
2.81129
2.79529
2.77977
2.76471
2.75009
2.7359
3.51944
3.47929
3.4406
3.40336
3.3675
3.33295
3.29966
3.26757
3.23663
3.20678
3.17797
3.15016
3.1233
3.09735
3.07228
3.04804
3.02461
3.00194
2.98001
2.95878
2.93823
2.91833
2.89906
2.88038
2.86228
2.84474
2.82773
2.81124
2.79524
2.77972
2.76465
2.75003
2.73583
3.51944
3.47929
3.4406
3.40336
3.3675
3.33295
3.29966
3.26757
3.23662
3.20677
3.17796
3.15015
3.12329
3.09734
3.07227
3.04803
3.02459
3.00192
2.97998
2.95875
2.9382
2.9183
2.89902
2.88034
2.86224
2.84469
2.82768
2.81118
2.79518
2.77965
2.76459
2.74996
2.73576
3.51944
3.47929
3.4406
3.40336
3.3675
3.33295
3.29966
3.26757
3.23662
3.20677
3.17796
3.15014
3.12328
3.09733
3.07226
3.04802
3.02458
3.00191
2.97998
2.95875
2.93819
2.91829
2.89902
2.88034
2.86224
2.84469
2.82768
2.81119
2.79518
2.77966
2.76459
2.74996
2.73577
3.51944
3.47929
3.4406
3.40336
3.3675
3.33295
3.29966
3.26757
3.23662
3.20677
3.17796
3.15014
3.12328
3.09733
3.07226
3.04801
3.02457
3.0019
2.97996
2.95873
2.93817
2.91827
2.89899
2.88031
2.86221
2.84466
2.82764
2.81114
2.79514
2.77961
2.76454
2.74991
2.73571
3.51944
3.47929
3.4406
3.40336
3.3675
3.33295
3.29966
3.26757
3.23663
3.20678
3.17797
3.15016
3.1233
3.09735
3.07228
3.04804
3.02461
3.00194
2.98001
2.95878
2.93823
2.91833
2.89906
2.88038
2.86228
2.84474
2.82773
2.81123
2.79523
2.77971
2.76464
2.75001
2.73581
3.51944
3.47929
3.4406
3.40336
3.3675
3.33296
3.29967
3.26758
3.23663
3.20678
3.17797
3.15016
3.1233
3.09735
3.07227
3.04803
3.02459
3.00192
2.97999
2.95875
2.9382
2.9183
2.89902
2.88034
2.86224
2.8447
2.82769
2.81119
2.79519
2.77967
2.76461
2.74998
2.73579
3.51944
3.47929
3.4406
3.40336
3.3675
3.33296
3.29968
3.26759
3.23666
3.20681
3.17802
3.15022
3.12337
3.09744
3.07238
3.04815
3.02473
3.00207
2.98015
2.95894
2.9384
2.91851
2.89925
2.88059
2.86251
2.84498
2.82799
2.81151
2.79553
2.78002
2.76498
2.75037
2.7362
3.51944
3.47929
3.4406
3.40337
3.36751
3.33297
3.29968
3.2676
3.23666
3.20681
3.178
3.1502
3.12335
3.09742
3.07236
3.04814
3.02472
3.00208
2.98018
2.95898
2.93847
2.91861
2.89938
2.88075
2.86271
2.84522
2.82827
2.81184
2.79591
2.78046
2.76547
2.75093
2.73681
3.51944
3.47929
3.44061
3.40337
3.36753
3.333
3.29975
3.26771
3.23682
3.20703
3.17829
3.15055
3.12378
3.09793
3.07296
3.04883
3.02551
3.00298
2.98118
2.96011
2.93972
2.92
2.9009
2.88242
2.86453
2.8472
2.83042
2.81415
2.79839
2.78311
2.7683
2.75394
2.74
3.51944
3.47929
3.44061
3.40338
3.36754
3.33305
3.29985
3.26787
3.23707
3.2074
3.1788
3.15124
3.12468
3.09906
3.07436
3.05054
3.02756
3.00539
2.98399
2.96333
2.94338
2.92411
2.9055
2.88751
2.87013
2.85332
2.83707
2.82135
2.80613
2.79141
2.77715
2.76335
2.74997
3.51943
3.4793
3.44066
3.40356
3.36794
3.33374
3.30092
3.26945
3.23927
3.21034
3.18261
3.15603
3.13055
3.10613
3.08271
3.06025
3.03869
3.018
2.99812
2.97902
2.96065
2.94298
2.92596
2.90957
2.89378
2.87855
2.86385
2.84966
2.83596
2.82272
2.80992
2.79753
2.78555
3.51942
3.47942
3.4412
3.4049
3.37061
3.33828
3.30787
3.27931
3.25251
3.22735
3.20374
3.18153
3.16063
3.14093
3.12231
3.1047
3.08799
3.07211
3.05699
3.04257
3.02878
3.01558
3.00292
2.99077
2.97909
2.96783
2.95698
2.94651
2.93639
2.9266
2.91712
2.90793
2.89902
3.5196
3.48203
3.4494
3.42177
3.39875
3.37983
3.36442
3.35191
3.34178
3.33354
3.32681
3.32126
3.31662
3.31268
3.30926
3.30623
3.30346
3.30087
3.29841
3.296
3.29362
3.29123
3.28881
3.28634
3.28382
3.28124
3.27859
3.27587
3.27309
3.27024
3.26733
3.26436
3.26135
3.53049
3.53942
3.57109
3.61695
3.67052
3.72753
3.78534
3.84241
3.89782
3.951
4.00161
4.0495
4.09463
4.13704
4.17681
4.21406
4.24892
4.28151
4.31198
4.34045
4.36707
4.39194
4.41519
4.43694
4.45727
4.4763
4.4941
4.51078
4.52639
4.54103
4.55475
4.56763
4.57975
4.00122
4.78106
5.43755
6.00229
6.50073
6.94822
7.35501
7.72858
8.07457
8.39729
8.70008
8.9856
9.256
9.51301
9.75807
9.99237
10.2169
10.4324
10.6398
10.8395
11.0321
11.2181
11.3978
11.5716
11.7399
11.9029
12.0609
12.2141
12.3627
12.507
12.6471
12.7832
12.9159
31.176
33.6247
36.0474
38.4445
40.8147
43.1561
45.4659
47.7407
49.9772
52.1722
54.323
56.4269
58.4817
60.4855
62.4367
64.3341
66.1767
67.964
69.6956
71.3714
72.9915
74.5563
76.0663
77.5223
78.9251
80.2756
81.575
82.8243
84.0249
85.1779
86.2848
87.3473
88.3743
437.064
505.785
598.166
699.764
791.687
861.389
904.599
922.784
920.871
904.92
880.31
850.846
819.004
786.277
753.516
721.295
689.804
659.288
629.591
600.657
572.529
545.313
519.153
494.199
470.561
448.293
427.398
407.849
389.609
372.635
356.877
342.278
328.766
316.266
304.696
293.978
284.031
274.78
266.149
258.066
250.46
243.267
236.425
229.878
223.574
217.463
211.505
205.659
199.894
194.18
188.495
182.819
177.14
171.449
165.741
160.014
154.273
148.522
142.77
137.03
131.313
125.637
120.017
114.471
109.017
103.675
98.4611
93.394
88.4898
83.7633
79.2279
74.8949
70.7734
66.8704
63.1905
59.7359
56.5064
53.4994
50.7099
48.1304
45.7518
43.5635
41.5542
39.712
38.0249
36.4805
35.0666
33.7709
32.5815
31.4868
30.4759
29.5379
28.6633
27.8423
27.0688
26.3337
25.6428
24.9834
24.4052
23.7707
95.1682
100.437
110.608
127.811
152.583
183.943
219.947
257.891
294.909
328.643
357.535
380.819
398.389
410.602
418.092
421.621
421.871
419.429
414.953
408.862
401.443
392.925
383.527
373.473
362.982
352.245
341.419
330.627
319.97
309.533
299.388
289.591
280.177
271.166
262.561
254.356
246.537
239.085
231.973
225.173
218.653
212.38
206.323
200.449
194.728
189.132
183.635
178.215
172.85
167.525
162.227
156.945
151.674
146.411
141.154
135.907
130.674
125.461
120.279
115.137
110.048
105.024
100.081
95.2316
90.4922
85.8772
81.4008
77.0762
72.9155
68.9292
65.1261
61.5133
58.096
54.8772
51.8583
49.0386
46.4157
43.9853
41.7415
39.6766
37.7816
36.0466
34.4612
33.0149
31.6969
30.4964
29.4029
28.406
27.4954
26.6615
25.8947
25.1861
24.5275
23.9106
23.3304
22.7791
22.2618
21.7683
21.339
20.874
20.2128
20.6072
21.3103
22.6338
24.9501
28.657
33.9869
41.113
50.1262
61.0141
73.5765
87.4651
102.236
117.406
132.499
147.089
160.821
173.315
184.43
194.108
202.322
209.063
214.355
218.256
220.853
222.255
222.581
221.951
220.488
218.314
215.547
212.302
208.68
204.771
200.652
196.384
192.017
187.593
183.142
178.685
174.237
169.808
165.402
161.019
156.659
152.317
147.989
143.67
139.355
135.04
130.722
126.399
122.073
117.743
113.414
109.091
104.781
100.491
96.2303
92.0103
87.8419
83.7376
79.7098
75.7713
71.9349
68.2124
64.6153
61.1537
57.8364
54.6708
51.6628
48.8167
46.1351
43.6191
41.2684
39.0813
37.0545
35.1838
33.4635
31.8867
30.4459
29.1326
27.9383
26.8542
25.8715
24.9816
24.1758
23.4457
22.7833
22.1804
21.6296
21.1234
20.6552
20.2182
19.8084
19.4192
19.0553
18.7082
18.4105
18.0951
8.62699
8.68173
8.75152
8.8602
9.0438
9.35951
9.88068
10.6893
11.8806
13.4995
15.6204
18.3276
21.6933
25.7714
30.5904
36.1472
42.3984
49.2462
56.5327
64.1158
71.842
79.5464
87.0618
94.2313
100.918
107.013
112.434
117.129
121.074
124.269
126.738
128.522
129.672
130.247
130.308
129.917
129.129
128
126.578
124.906
123.021
120.955
118.734
116.381
113.912
111.343
108.685
105.946
103.135
100.259
97.3224
94.3329
91.2968
88.2212
85.1138
81.9833
78.839
75.6911
72.5502
69.4276
66.335
63.2841
60.2866
57.3541
54.4974
51.7269
49.0518
46.4802
44.0192
41.6743
39.4499
37.349
35.3733
33.5235
31.799
30.1981
28.7183
27.3562
26.1073
24.9666
23.9282
22.9858
22.1331
21.3634
20.6701
20.0467
19.4867
18.9837
18.5316
18.1241
17.7555
17.4199
17.1122
16.8269
16.5609
16.309
16.075
15.8521
15.6659
15.4778
5.60583
5.61695
5.62974
5.64581
5.66851
5.7038
5.7619
5.8573
6.00891
6.23759
6.56246
7.00462
7.59093
8.35175
9.3201
10.531
12.0197
13.8185
15.9426
18.4065
21.2144
24.3568
27.8077
31.5239
35.4465
39.5035
43.6143
47.6943
51.6608
55.4379
58.9611
62.1795
65.0569
67.5713
69.7135
71.4847
72.8951
73.9608
74.7023
75.1424
75.305
75.2138
74.8914
74.3593
73.637
72.7422
71.6909
70.4972
69.174
67.7332
66.1857
64.542
62.8123
61.0069
59.1362
57.2107
55.2412
53.2387
51.2142
49.179
47.1442
45.1208
43.1195
41.1505
39.2234
37.3471
35.5295
33.7777
32.0976
30.4942
28.9712
27.5314
26.1767
24.9081
23.7255
22.6283
21.6152
20.684
19.832
19.0561
18.3524
17.7168
17.145
16.6325
16.1748
15.7675
15.406
15.0857
14.8023
14.5512
14.3283
14.129
13.9495
13.7857
13.635
13.4935
13.3644
13.242
13.1458
13.0605
4.32911
4.32998
4.33076
4.33163
4.33291
4.33544
4.3406
4.35068
4.36917
4.40083
4.45136
4.52639
4.63349
4.7811
4.97886
5.23773
5.56996
5.98911
6.50766
7.1384
7.89452
8.78851
9.8311
11.0301
12.3893
13.9069
15.5747
17.3779
19.2945
21.2965
23.3512
25.4234
27.4767
29.4761
31.3893
33.1883
34.85
36.3566
37.6958
38.8599
39.8458
40.6537
41.2867
41.7501
42.0505
42.1955
42.1932
42.0521
41.7806
41.3871
40.8801
40.2681
39.5597
38.7635
37.8885
36.9436
35.9382
34.8815
33.783
32.6521
31.4982
30.3305
29.158
27.9891
26.8319
25.694
24.582
23.502
22.4593
21.4583
20.5028
19.5956
18.739
17.9344
17.1828
16.4844
15.8392
15.2464
14.7049
14.213
13.7689
13.3702
13.0144
12.6989
12.421
12.1778
11.9664
11.7839
11.6273
11.4935
11.3796
11.2824
11.199
11.1263
11.0625
11.0045
10.9549
10.9091
10.8813
10.874
3.65947
3.65643
3.65283
3.64897
3.64472
3.6402
3.63565
3.63148
3.62852
3.62777
3.63063
3.63875
3.65423
3.67963
3.71799
3.77283
3.84819
3.9486
4.07888
4.24365
4.44812
4.6976
4.99741
5.35277
5.76854
6.24893
6.79714
7.41499
8.10253
8.85774
9.67635
10.5517
11.4749
12.4351
13.4195
14.4146
15.4059
16.3794
17.3214
18.2195
19.0624
19.8408
20.547
21.1751
21.7208
22.1815
22.5556
22.843
23.0444
23.1613
23.196
23.1515
23.0314
22.8397
22.5811
22.2605
21.8836
21.4561
20.984
20.4737
19.9316
19.364
18.7774
18.178
17.5717
16.9642
16.3608
15.7663
15.185
14.6207
14.0768
13.556
13.0607
12.5927
12.1534
11.7439
11.3648
11.0163
10.6986
10.411
10.1531
9.92378
9.72193
9.54627
9.39535
9.26761
9.16142
9.07498
9.00645
8.95386
8.91517
8.88824
8.87108
8.86137
8.85789
8.85811
8.86419
8.87244
8.89245
8.93957
3.27351
3.26749
3.26101
3.25423
3.24712
3.23969
3.232
3.22409
3.21611
3.20827
3.20092
3.19453
3.18969
3.1872
3.18804
3.19341
3.20471
3.22358
3.25189
3.29153
3.34453
3.41302
3.49929
3.60557
3.73403
3.88673
4.06553
4.27204
4.50751
4.77276
5.06808
5.39316
5.74697
6.12776
6.53301
6.95944
7.40309
7.85939
8.32328
8.78938
9.25211
9.70589
10.1453
10.5652
10.9607
11.3277
11.6623
11.9613
12.2221
12.4428
12.6218
12.7583
12.852
12.9032
12.9127
12.8819
12.8125
12.7068
12.5675
12.3975
12.2
11.9787
11.737
11.4786
11.2074
10.9268
10.6403
10.3514
10.063
9.77807
9.49915
9.22853
8.96825
8.72006
8.48543
8.26562
8.0616
7.87414
7.70375
7.55072
7.4151
7.29676
7.1954
7.11057
7.04168
6.98803
6.9488
6.92303
6.90967
6.90753
6.91532
6.93163
6.9551
6.9841
7.01775
7.05415
7.09495
7.13713
7.18682
7.26707
3.04175
3.03305
3.02408
3.01485
3.00543
2.9958
2.98593
2.97582
2.96549
2.95499
2.94441
2.93391
2.92365
2.91385
2.9048
2.8969
2.89062
2.88656
2.88543
2.88806
2.89528
2.90803
2.92728
2.95407
2.98942
3.03432
3.08971
3.15643
3.23518
3.32672
3.43149
3.54975
3.68152
3.82659
3.98454
4.1547
4.33613
4.52765
4.72782
4.935
5.14732
5.36278
5.57922
5.79443
6.00613
6.21206
6.41
6.5978
6.77345
6.93508
7.081
7.20975
7.3201
7.41112
7.48214
7.5328
7.56305
7.57316
7.56369
7.53548
7.48965
7.42753
7.35069
7.26081
7.15972
7.04932
6.93152
6.80825
6.68137
6.55271
6.42396
6.29672
6.17248
6.05259
5.93827
5.8306
5.73055
5.63891
5.55638
5.48347
5.42057
5.36793
5.32566
5.29378
5.27218
5.26065
5.25889
5.26646
5.28282
5.30732
5.3392
5.37755
5.42149
5.46991
5.52219
5.57692
5.63531
5.69493
5.75932
5.85499
2.90223
2.89105
2.87974
2.86829
2.85673
2.84506
2.83326
2.82131
2.80922
2.79699
2.78464
2.77219
2.75971
2.74724
2.73489
2.72278
2.71107
2.69996
2.6897
2.6806
2.67299
2.66727
2.66389
2.66331
2.66603
2.67255
2.68338
2.69899
2.71982
2.74627
2.77866
2.81725
2.86218
2.91349
2.97127
3.03542
3.10567
3.18167
3.263
3.34911
3.43938
3.53311
3.62951
3.72775
3.82693
3.92613
4.02438
4.12071
4.21414
4.30368
4.38841
4.4674
4.53982
4.6049
4.66196
4.71046
4.74994
4.78013
4.80088
4.81221
4.81429
4.80744
4.79212
4.76894
4.73861
4.70195
4.65983
4.61319
4.56301
4.51027
4.45595
4.40101
4.34639
4.29298
4.24162
4.19313
4.14822
4.10758
4.0718
4.0414
4.01683
3.99845
3.98654
3.98129
3.98284
3.99123
4.00642
4.02829
4.05661
4.09108
4.13126
4.17664
4.22667
4.28058
4.33801
4.39788
4.46112
4.52571
4.59346
4.69101
2.81924
2.80595
2.79261
2.77922
2.76578
2.7523
2.73877
2.72518
2.71152
2.69778
2.68396
2.67007
2.65612
2.64214
2.62814
2.61416
2.60025
2.58647
2.57291
2.55968
2.54692
2.53476
2.52339
2.513
2.50382
2.49608
2.49004
2.48596
2.48407
2.48464
2.48787
2.49397
2.50308
2.51531
2.53073
2.54938
2.57126
2.59634
2.62448
2.65551
2.68919
2.72524
2.76337
2.80323
2.84446
2.88666
2.92942
2.97233
3.01494
3.0568
3.09749
3.13654
3.17353
3.20804
3.23967
3.26808
3.29293
3.31396
3.33096
3.34379
3.35236
3.35669
3.35684
3.35297
3.34531
3.33414
3.31982
3.30276
3.28341
3.26223
3.23975
3.21648
3.19296
3.16971
3.14726
3.12614
3.10685
3.08986
3.07562
3.06457
3.05708
3.05349
3.0541
3.05916
3.06888
3.08341
3.10285
3.12722
3.1565
3.19057
3.22923
3.27221
3.31918
3.36968
3.42348
3.4798
3.53933
3.60043
3.66383
3.754
2.77193
2.75693
2.74194
2.72695
2.71195
2.69695
2.68195
2.66694
2.65191
2.63685
2.62177
2.60667
2.59153
2.57637
2.5612
2.54602
2.53085
2.5157
2.50061
2.4856
2.47073
2.45603
2.44157
2.42743
2.41371
2.40049
2.38789
2.37604
2.36506
2.35508
2.34623
2.33864
2.33242
2.32767
2.32448
2.32291
2.32302
2.32485
2.32839
2.3336
2.34041
2.34871
2.35839
2.36931
2.38131
2.39422
2.40786
2.42204
2.43654
2.45118
2.46573
2.47999
2.49374
2.50679
2.51892
2.52996
2.53973
2.54806
2.55482
2.55989
2.56319
2.56468
2.56432
2.56213
2.55819
2.55256
2.5454
2.53686
2.52713
2.51644
2.50503
2.49319
2.48118
2.46931
2.45789
2.44723
2.43766
2.42949
2.42303
2.4186
2.41648
2.41696
2.42028
2.42669
2.43641
2.44961
2.46644
2.48701
2.51138
2.53955
2.57147
2.60702
2.64604
2.68826
2.73357
2.7814
2.8323
2.88492
2.93943
3.01677
2.74589
2.72965
2.71343
2.69723
2.68105
2.66489
2.64874
2.63261
2.61648
2.60036
2.58425
2.56813
2.552
2.53588
2.51976
2.50364
2.48753
2.47144
2.45536
2.43932
2.42332
2.40738
2.39151
2.37574
2.36011
2.34464
2.32939
2.3144
2.29972
2.28543
2.27157
2.25822
2.24547
2.23338
2.22202
2.21145
2.20171
2.19284
2.18487
2.1778
2.17164
2.16636
2.16193
2.15831
2.15542
2.1532
2.15158
2.15046
2.14975
2.14935
2.14916
2.14909
2.14903
2.14887
2.14852
2.14789
2.14687
2.1454
2.14339
2.14079
2.13752
2.13356
2.12889
2.12348
2.11736
2.11055
2.10309
2.09507
2.08655
2.07764
2.06847
2.05916
2.04988
2.04078
2.03204
2.02386
2.01641
2.00991
2.00457
2.00059
1.99819
1.99758
1.99896
2.00253
2.00849
2.017
2.02823
2.04231
2.05934
2.0794
2.10251
2.12865
2.15778
2.18976
2.22455
2.26177
2.30185
2.34369
2.38727
2.44932
2.73258
2.7155
2.69845
2.68142
2.66441
2.64741
2.63043
2.61347
2.59653
2.5796
2.56269
2.54579
2.5289
2.51202
2.49516
2.47832
2.46148
2.44467
2.42788
2.41112
2.39437
2.37766
2.36098
2.34433
2.32774
2.3112
2.29473
2.27835
2.26207
2.24593
2.22995
2.21417
2.19862
2.18336
2.16844
2.15389
2.13974
2.126
2.11272
2.09991
2.08758
2.07573
2.06437
2.05349
2.04308
2.0331
2.02353
2.01434
2.00549
1.99692
1.98861
1.98049
1.97253
1.96466
1.95685
1.94904
1.94119
1.93326
1.92521
1.917
1.90861
1.90002
1.8912
1.88215
1.87288
1.86338
1.85369
1.84382
1.83382
1.82374
1.81364
1.80358
1.79365
1.78394
1.77454
1.76558
1.75715
1.7494
1.74246
1.73646
1.73156
1.7279
1.72564
1.72493
1.72594
1.72882
1.73372
1.74076
1.75008
1.76176
1.77589
1.79251
1.81164
1.83323
1.85731
1.88362
1.91253
1.94311
1.97543
2.02181
2.72596
2.70839
2.69082
2.67326
2.65571
2.63818
2.62065
2.60314
2.58565
2.56817
2.5507
2.53325
2.51581
2.49838
2.48098
2.46359
2.44622
2.42887
2.41154
2.39424
2.37696
2.35971
2.34247
2.32527
2.30809
2.29094
2.27382
2.25673
2.23968
2.2227
2.20579
2.18897
2.17225
2.15565
2.1392
2.12292
2.10682
2.09092
2.07524
2.0598
2.0446
2.02967
2.015
2.00061
1.98649
1.97263
1.95904
1.9457
1.9326
1.91972
1.90705
1.89456
1.88223
1.87004
1.85797
1.84599
1.83409
1.82224
1.81042
1.79862
1.78682
1.77501
1.76318
1.75134
1.73947
1.72758
1.71568
1.70379
1.69192
1.6801
1.66835
1.65672
1.64525
1.63399
1.623
1.61233
1.60205
1.59225
1.58301
1.57442
1.56658
1.55959
1.55356
1.54861
1.54487
1.54246
1.5415
1.54212
1.54443
1.54855
1.55457
1.56257
1.5726
1.58469
1.5989
1.61506
1.63352
1.65347
1.67522
1.7068
2.72298
2.70512
2.68726
2.6694
2.65155
2.63369
2.61584
2.59799
2.58015
2.56232
2.5445
2.52668
2.50888
2.49109
2.47331
2.45555
2.4378
2.42008
2.40237
2.38469
2.36703
2.3494
2.33178
2.31419
2.29662
2.27907
2.26155
2.24404
2.22655
2.20909
2.19167
2.17431
2.15701
2.13979
2.12265
2.1056
2.08864
2.07179
2.05505
2.03844
2.02196
2.00562
1.98944
1.9734
1.95753
1.94182
1.92627
1.91089
1.89566
1.88059
1.86568
1.85091
1.83627
1.82177
1.80738
1.79311
1.77893
1.76484
1.75084
1.73691
1.72305
1.70925
1.69551
1.68183
1.6682
1.65463
1.64112
1.62767
1.61431
1.60103
1.58786
1.57482
1.56192
1.54919
1.53667
1.52439
1.51238
1.5007
1.4894
1.47853
1.46815
1.45833
1.44916
1.4407
1.43306
1.42632
1.42058
1.41595
1.41252
1.4104
1.40969
1.41048
1.41285
1.41684
1.42257
1.42991
1.43921
1.44974
1.46217
1.48044
2.72156
2.70356
2.68555
2.66753
2.64951
2.63148
2.61344
2.5954
2.57737
2.55933
2.5413
2.52327
2.50524
2.48723
2.46922
2.45122
2.43324
2.41527
2.39732
2.37938
2.36147
2.34357
2.3257
2.30785
2.29001
2.2722
2.2544
2.23663
2.2189
2.20119
2.18351
2.16588
2.14829
2.13075
2.11326
2.09584
2.07847
2.06118
2.04396
2.02681
2.00975
1.99278
1.9759
1.95912
1.94244
1.92586
1.9094
1.89304
1.87679
1.86066
1.84464
1.82873
1.81293
1.79724
1.78166
1.76618
1.75079
1.73551
1.72031
1.7052
1.69018
1.67525
1.66039
1.64562
1.63092
1.61631
1.60178
1.58733
1.57297
1.55871
1.54455
1.5305
1.51657
1.50278
1.48914
1.47567
1.46239
1.44933
1.43651
1.42397
1.41174
1.39987
1.38841
1.37741
1.36692
1.35701
1.34776
1.33924
1.33152
1.3247
1.31885
1.31406
1.31042
1.30799
1.30688
1.30702
1.30875
1.31139
1.31604
1.32282
2.72094
2.70288
2.68479
2.6667
2.64859
2.63047
2.61234
2.59421
2.57607
2.55793
2.53978
2.52163
2.50349
2.48534
2.4672
2.44907
2.43094
2.41283
2.39472
2.37663
2.35856
2.3405
2.32246
2.30444
2.28644
2.26845
2.25048
2.23253
2.2146
2.1967
2.17885
2.16103
2.14327
2.12555
2.10787
2.09025
2.07268
2.05517
2.03772
2.02033
2.003
1.98573
1.96854
1.95142
1.93437
1.91741
1.90052
1.88371
1.867
1.85036
1.83382
1.81737
1.80101
1.78474
1.76856
1.75247
1.73648
1.72058
1.70476
1.68904
1.6734
1.65785
1.64239
1.62702
1.61173
1.59652
1.5814
1.56637
1.55142
1.53656
1.5218
1.50713
1.49256
1.4781
1.46375
1.44952
1.43542
1.42147
1.40767
1.39406
1.38064
1.36745
1.3545
1.34184
1.32949
1.3175
1.30592
1.29478
1.28416
1.27409
1.26466
1.25592
1.24796
1.24081
1.23461
1.22927
1.22517
1.22158
1.22012
1.21743
2.72058
2.70248
2.68436
2.66623
2.64808
2.62992
2.61175
2.59356
2.57537
2.55717
2.53897
2.52076
2.50255
2.48434
2.46613
2.44792
2.42972
2.41152
2.39334
2.37516
2.35699
2.33884
2.3207
2.30258
2.28447
2.26638
2.2483
2.23026
2.21224
2.19425
2.17629
2.15838
2.1405
2.12267
2.10489
2.08715
2.06946
2.05183
2.03425
2.01672
1.99925
1.98184
1.96449
1.94721
1.92999
1.91283
1.89575
1.87873
1.8618
1.84493
1.82814
1.81144
1.79481
1.77826
1.7618
1.74542
1.72913
1.71293
1.69681
1.68077
1.66482
1.64896
1.63319
1.6175
1.6019
1.58638
1.57094
1.55559
1.54032
1.52513
1.51003
1.49501
1.48008
1.46523
1.45048
1.43581
1.42124
1.40677
1.39242
1.37817
1.36406
1.35009
1.33627
1.32263
1.30918
1.29594
1.28294
1.27022
1.25779
1.2457
1.234
1.22271
1.21191
1.20161
1.19193
1.18279
1.17455
1.16644
1.16054
1.15053
2.72037
2.70226
2.68412
2.66597
2.6478
2.62962
2.61143
2.59322
2.57501
2.55678
2.53855
2.52031
2.50207
2.48383
2.46558
2.44734
2.4291
2.41086
2.39263
2.3744
2.35619
2.33798
2.31979
2.30161
2.28344
2.26529
2.24715
2.22903
2.21093
2.19288
2.17485
2.15687
2.13893
2.12103
2.10318
2.08538
2.06762
2.04991
2.03226
2.01466
1.99711
1.97963
1.9622
1.94483
1.92752
1.91028
1.8931
1.87598
1.85894
1.84197
1.82507
1.80824
1.79149
1.77481
1.75822
1.74171
1.72527
1.70892
1.69266
1.67647
1.66038
1.64436
1.62843
1.61259
1.59683
1.58115
1.56556
1.55005
1.53462
1.51926
1.50399
1.48879
1.47367
1.45862
1.44365
1.42876
1.41394
1.3992
1.38454
1.36997
1.35548
1.34109
1.32681
1.31263
1.29858
1.28466
1.27088
1.25726
1.24383
1.23058
1.21756
1.20478
1.19228
1.18008
1.16824
1.15669
1.14578
1.13467
1.12586
1.11065
2.7202
2.70207
2.68393
2.66576
2.64759
2.62939
2.61119
2.59297
2.57474
2.5565
2.53826
2.52001
2.50175
2.48349
2.46522
2.44696
2.4287
2.41044
2.39218
2.37394
2.3557
2.33746
2.31924
2.30103
2.28283
2.26464
2.24647
2.22833
2.21021
2.19212
2.17407
2.15605
2.13807
2.12013
2.10224
2.08439
2.06659
2.04884
2.03114
2.01349
1.9959
1.97836
1.96089
1.94347
1.92611
1.90881
1.89158
1.87442
1.85732
1.84029
1.82333
1.80644
1.78963
1.7729
1.75624
1.73966
1.72317
1.70675
1.69042
1.67417
1.658
1.64192
1.62592
1.61001
1.59418
1.57843
1.56277
1.54719
1.53168
1.51625
1.5009
1.48562
1.47042
1.45528
1.44021
1.42522
1.41028
1.39542
1.38062
1.36589
1.35123
1.33664
1.32213
1.3077
1.29335
1.27908
1.26492
1.25085
1.23689
1.22304
1.20932
1.19574
1.18232
1.16905
1.156
1.14307
1.1306
1.11769
1.10715
1.08861
2.72006
2.70193
2.68377
2.66561
2.64742
2.62922
2.61101
2.59279
2.57455
2.55631
2.53805
2.51979
2.50153
2.48326
2.46499
2.44672
2.42844
2.41017
2.39191
2.37365
2.35539
2.33715
2.31891
2.30068
2.28246
2.26425
2.24606
2.2279
2.20976
2.19165
2.17358
2.15554
2.13754
2.11958
2.10166
2.08378
2.06596
2.04818
2.03045
2.01278
1.99515
1.97759
1.96008
1.94263
1.92525
1.90792
1.89066
1.87347
1.85634
1.83928
1.82229
1.80538
1.78854
1.77178
1.75509
1.73849
1.72196
1.70552
1.68916
1.67288
1.65669
1.64059
1.62456
1.60863
1.59278
1.57701
1.56132
1.54572
1.53019
1.51475
1.49937
1.48407
1.46885
1.45369
1.43859
1.42357
1.4086
1.3937
1.37886
1.36407
1.34935
1.33469
1.3201
1.30556
1.29109
1.27669
1.26235
1.24808
1.23389
1.21976
1.20572
1.19175
1.17787
1.16406
1.15039
1.13674
1.12345
1.10954
1.09809
1.07761
2.71994
2.7018
2.68365
2.66547
2.64728
2.62908
2.61086
2.59263
2.57439
2.55614
2.53789
2.51962
2.50135
2.48308
2.4648
2.44652
2.42824
2.40997
2.3917
2.37343
2.35517
2.33691
2.31866
2.30043
2.2822
2.26398
2.24578
2.2276
2.20946
2.19134
2.17325
2.1552
2.13719
2.11922
2.10128
2.08339
2.06555
2.04776
2.03001
2.01232
1.99468
1.97709
1.95957
1.9421
1.92469
1.90735
1.89007
1.87286
1.85572
1.83864
1.82164
1.80471
1.78786
1.77109
1.75439
1.73778
1.72124
1.7048
1.68843
1.67215
1.65596
1.63986
1.62384
1.60791
1.59206
1.5763
1.56063
1.54503
1.52952
1.51409
1.49873
1.48345
1.46824
1.4531
1.43802
1.42301
1.40807
1.39318
1.37835
1.36358
1.34887
1.33422
1.31962
1.30508
1.2906
1.27617
1.26179
1.24747
1.2332
1.21898
1.20481
1.19069
1.17662
1.16258
1.14863
1.13464
1.12095
1.10655
1.09468
1.07319
2.71983
2.70169
2.68353
2.66535
2.64716
2.62895
2.61073
2.5925
2.57425
2.556
2.53774
2.51947
2.50119
2.48292
2.46463
2.44635
2.42807
2.40979
2.39151
2.37324
2.35497
2.33671
2.31846
2.30021
2.28197
2.26376
2.24556
2.22738
2.20923
2.19111
2.17302
2.15497
2.13694
2.11896
2.10102
2.08312
2.06527
2.04746
2.0297
2.012
1.99435
1.97675
1.95921
1.94174
1.92432
1.90697
1.88968
1.87246
1.85531
1.83823
1.82122
1.80429
1.78744
1.77067
1.75397
1.73736
1.72084
1.7044
1.68804
1.67178
1.6556
1.63952
1.62352
1.60761
1.5918
1.57607
1.56042
1.54487
1.52939
1.514
1.49869
1.48345
1.46829
1.4532
1.43818
1.42322
1.40833
1.3935
1.37873
1.36402
1.34937
1.33477
1.32023
1.30574
1.29131
1.27692
1.26259
1.2483
1.23405
1.21984
1.20567
1.19153
1.17742
1.16332
1.14927
1.13516
1.12132
1.10671
1.09468
1.07271
2.71977
2.70163
2.68346
2.66528
2.64708
2.62887
2.61065
2.59241
2.57417
2.55591
2.53764
2.51937
2.5011
2.48281
2.46453
2.44625
2.42796
2.40968
2.39139
2.37312
2.35484
2.33658
2.31832
2.30006
2.28182
2.26359
2.24539
2.2272
2.20905
2.19092
2.17283
2.15477
2.13674
2.11875
2.10081
2.0829
2.06504
2.04723
2.02947
2.01176
1.9941
1.9765
1.95896
1.94148
1.92406
1.90671
1.88942
1.8722
1.85505
1.83797
1.82097
1.80405
1.78721
1.77045
1.75377
1.73718
1.72067
1.70425
1.68793
1.67169
1.65555
1.6395
1.62355
1.60768
1.59192
1.57624
1.56065
1.54515
1.52974
1.51442
1.49918
1.48402
1.46893
1.45392
1.43898
1.42411
1.40931
1.39457
1.3799
1.36528
1.35072
1.33623
1.32178
1.3074
1.29306
1.27877
1.26453
1.25034
1.23617
1.22204
1.20794
1.19385
1.17979
1.16572
1.15169
1.13757
1.12372
1.10905
1.09701
1.07488
2.71969
2.70155
2.68338
2.66519
2.64699
2.62878
2.61055
2.59231
2.57406
2.5558
2.53753
2.51926
2.50098
2.48269
2.46441
2.44612
2.42783
2.40954
2.39126
2.37297
2.3547
2.33643
2.31817
2.29992
2.28169
2.26347
2.24527
2.2271
2.20894
2.19082
2.17272
2.15466
2.13663
2.11864
2.1007
2.08279
2.06493
2.04712
2.02935
2.01164
1.99398
1.97638
1.95884
1.94136
1.92395
1.9066
1.88932
1.87211
1.85497
1.83791
1.82093
1.80402
1.7872
1.77047
1.75382
1.73726
1.72079
1.70442
1.68814
1.67195
1.65587
1.63988
1.62398
1.60819
1.59249
1.57689
1.56139
1.54598
1.53067
1.51544
1.5003
1.48524
1.47027
1.45538
1.44056
1.42581
1.41113
1.39652
1.38198
1.3675
1.35308
1.33872
1.32442
1.31017
1.29597
1.28183
1.26772
1.25366
1.23963
1.22562
1.21164
1.19766
1.1837
1.16972
1.15577
1.14172
1.12793
1.11329
1.10131
1.07917
2.71969
2.70155
2.68338
2.66519
2.64699
2.62878
2.61055
2.59231
2.57406
2.5558
2.53753
2.51925
2.50097
2.48268
2.46439
2.4461
2.42781
2.40952
2.39123
2.37295
2.35467
2.3364
2.31813
2.29987
2.28163
2.26339
2.24518
2.227
2.20885
2.19072
2.17263
2.15457
2.13654
2.11856
2.10062
2.08272
2.06486
2.04706
2.0293
2.0116
1.99395
1.97637
1.95884
1.94138
1.92398
1.90665
1.8894
1.87221
1.85511
1.83808
1.82113
1.80427
1.7875
1.77081
1.75422
1.73772
1.72131
1.705
1.6888
1.67269
1.65669
1.64079
1.625
1.60931
1.59372
1.57824
1.56286
1.54758
1.5324
1.51731
1.50232
1.48741
1.47259
1.45786
1.4432
1.42862
1.41412
1.39968
1.38532
1.37101
1.35677
1.3426
1.32848
1.31441
1.3004
1.28643
1.2725
1.25861
1.24475
1.2309
1.21707
1.20324
1.18942
1.17557
1.16174
1.14779
1.13411
1.11955
1.10769
1.08565
2.71964
2.70149
2.68332
2.66513
2.64693
2.62871
2.61048
2.59224
2.57398
2.55572
2.53745
2.51918
2.50089
2.48261
2.46432
2.44603
2.42774
2.40945
2.39116
2.37288
2.35461
2.33635
2.3181
2.29986
2.28163
2.26343
2.24524
2.22707
2.20893
2.19081
2.17273
2.15468
2.13667
2.1187
2.10077
2.08289
2.06505
2.04726
2.02953
2.01185
1.99423
1.97667
1.95918
1.94175
1.92439
1.90711
1.88989
1.87276
1.85571
1.83874
1.82186
1.80506
1.78836
1.77176
1.75525
1.73884
1.72254
1.70634
1.69025
1.67427
1.6584
1.64264
1.62699
1.61145
1.59602
1.58071
1.5655
1.5504
1.53541
1.52052
1.50573
1.49103
1.47643
1.46191
1.44747
1.43312
1.41884
1.40464
1.3905
1.37643
1.36242
1.34847
1.33458
1.32074
1.30694
1.29319
1.27947
1.26579
1.25212
1.23847
1.22482
1.21116
1.19749
1.18379
1.17011
1.1563
1.14276
1.12832
1.11661
1.09475
2.71974
2.7016
2.68343
2.66525
2.64705
2.62883
2.61061
2.59237
2.57412
2.55586
2.53759
2.51932
2.50104
2.48276
2.46448
2.4462
2.42791
2.40963
2.39135
2.37307
2.3548
2.33654
2.31829
2.30005
2.28182
2.26361
2.24542
2.22727
2.20914
2.19105
2.173
2.15498
2.137
2.11907
2.10118
2.08333
2.06554
2.04781
2.03012
2.0125
1.99494
1.97745
1.96002
1.94267
1.92539
1.90818
1.89106
1.87402
1.85707
1.84021
1.82345
1.80678
1.79021
1.77374
1.75738
1.74113
1.72499
1.70896
1.69305
1.67725
1.66158
1.64603
1.6306
1.61528
1.60009
1.58502
1.57007
1.55523
1.54051
1.52589
1.51138
1.49697
1.48265
1.46843
1.45429
1.44023
1.42625
1.41234
1.39849
1.38471
1.37098
1.35731
1.34369
1.33011
1.31657
1.30306
1.28958
1.27611
1.26266
1.24921
1.23575
1.22228
1.20879
1.19527
1.18176
1.16813
1.15478
1.14053
1.12904
1.10752
2.71973
2.70159
2.68343
2.66525
2.64706
2.62885
2.61064
2.59241
2.57418
2.55594
2.53769
2.51943
2.50118
2.48292
2.46466
2.4464
2.42814
2.40989
2.39165
2.37342
2.35519
2.33699
2.31879
2.30062
2.28245
2.26432
2.2462
2.22811
2.21005
2.19203
2.17404
2.15609
2.13819
2.12033
2.10252
2.08477
2.06707
2.04942
2.03184
2.01433
1.99688
1.97951
1.96221
1.94498
1.92784
1.91078
1.89382
1.87694
1.86016
1.84348
1.8269
1.81043
1.79406
1.77781
1.76168
1.74566
1.72977
1.714
1.69836
1.68285
1.66747
1.65221
1.63709
1.62211
1.60725
1.59252
1.57791
1.56343
1.54907
1.53483
1.52069
1.50666
1.49272
1.47888
1.46512
1.45143
1.43782
1.42427
1.41077
1.39732
1.38392
1.37055
1.35722
1.34392
1.33063
1.31737
1.30411
1.29086
1.27762
1.26436
1.25111
1.23784
1.22456
1.21127
1.19801
1.18465
1.17162
1.15773
1.14663
1.12584
2.72015
2.70204
2.68391
2.66576
2.6476
2.62944
2.61126
2.59307
2.57488
2.55669
2.53849
2.52029
2.50209
2.48389
2.46569
2.4475
2.42931
2.41113
2.39296
2.3748
2.35665
2.33852
2.3204
2.3023
2.28422
2.26617
2.24816
2.23019
2.21226
2.19437
2.17652
2.15872
2.14098
2.12328
2.10564
2.08807
2.07055
2.0531
2.03572
2.01841
2.00118
1.98402
1.96695
1.94997
1.93308
1.91628
1.89958
1.88298
1.86648
1.8501
1.83383
1.81767
1.80164
1.78573
1.76995
1.7543
1.73878
1.7234
1.70816
1.69305
1.67809
1.66327
1.6486
1.63406
1.61966
1.6054
1.59127
1.57727
1.56339
1.54963
1.53598
1.52242
1.50895
1.49557
1.48225
1.469
1.45579
1.44262
1.42949
1.41637
1.40328
1.39019
1.37711
1.36403
1.35096
1.33789
1.32483
1.31178
1.29874
1.28573
1.27275
1.2598
1.24691
1.23408
1.22136
1.20865
1.19638
1.18336
1.17317
1.15415
2.72084
2.70282
2.68478
2.66674
2.64869
2.63063
2.61258
2.59452
2.57647
2.55841
2.54036
2.52232
2.50428
2.48626
2.46824
2.45023
2.43224
2.41427
2.39632
2.37839
2.36049
2.3426
2.32474
2.30691
2.28911
2.27134
2.25361
2.23591
2.21826
2.20066
2.18311
2.16561
2.14817
2.13078
2.11346
2.09621
2.07902
2.06191
2.04487
2.02792
2.01105
1.99427
1.97757
1.96098
1.94448
1.92809
1.91181
1.89564
1.87958
1.86364
1.84783
1.83215
1.81659
1.80117
1.78589
1.77075
1.75576
1.74091
1.72621
1.71166
1.69726
1.68301
1.66891
1.65495
1.64114
1.62746
1.61391
1.60048
1.58716
1.57395
1.56083
1.54778
1.53479
1.52186
1.50895
1.49606
1.48318
1.47029
1.45739
1.44446
1.43151
1.41855
1.40557
1.39259
1.37963
1.36671
1.35386
1.3411
1.32847
1.31601
1.30373
1.29167
1.27987
1.26834
1.25716
1.24622
1.23597
1.22526
1.21738
1.20272
2.72425
2.70649
2.68872
2.67097
2.65322
2.63548
2.61775
2.60003
2.58233
2.56464
2.54696
2.52931
2.51167
2.49404
2.47644
2.45885
2.44129
2.42375
2.40623
2.38874
2.37127
2.35383
2.33641
2.31903
2.3017
2.28441
2.26717
2.24999
2.23285
2.21577
2.19875
2.18178
2.16488
2.14804
2.13127
2.11457
2.09795
2.0814
2.06494
2.04856
2.03227
2.01608
1.99998
1.98398
1.96809
1.95231
1.93665
1.9211
1.90567
1.89037
1.87521
1.86017
1.84527
1.83052
1.81591
1.80144
1.78712
1.77295
1.75893
1.74506
1.73133
1.71774
1.70429
1.69097
1.67777
1.66468
1.6517
1.63879
1.62596
1.61317
1.60041
1.58767
1.57492
1.56214
1.54932
1.53643
1.52349
1.51048
1.49741
1.48431
1.4712
1.45812
1.44513
1.4323
1.41969
1.40738
1.39546
1.384
1.37308
1.36275
1.35309
1.34413
1.3359
1.32843
1.32178
1.31583
1.31105
1.30632
1.30425
1.3
2.73487
2.71785
2.70086
2.68389
2.66694
2.65002
2.63313
2.61627
2.59943
2.58261
2.56583
2.54906
2.53232
2.5156
2.49891
2.48225
2.46562
2.44902
2.43244
2.41589
2.39936
2.38287
2.3664
2.34997
2.33357
2.31721
2.30088
2.28459
2.26835
2.25215
2.236
2.21991
2.20386
2.18788
2.17196
2.1561
2.1403
2.12458
2.10894
2.09338
2.0779
2.0625
2.0472
2.032
2.01689
2.00189
1.987
1.97222
1.95755
1.943
1.92857
1.91427
1.90009
1.88603
1.8721
1.8583
1.84461
1.83105
1.8176
1.80426
1.79101
1.77786
1.76478
1.75176
1.73878
1.72582
1.71287
1.6999
1.68689
1.67381
1.66065
1.64738
1.634
1.6205
1.60689
1.5932
1.57948
1.56578
1.55219
1.53883
1.52584
1.51337
1.5016
1.49072
1.4809
1.47233
1.46516
1.45953
1.45552
1.4532
1.45259
1.45367
1.45643
1.46081
1.46681
1.47427
1.48364
1.49395
1.50628
1.52697
2.77202
2.7568
2.74162
2.72647
2.71134
2.69624
2.68117
2.66611
2.65107
2.63604
2.62102
2.60601
2.59101
2.576
2.561
2.54599
2.53098
2.51597
2.50094
2.48591
2.47088
2.45585
2.44084
2.42584
2.41085
2.39586
2.38089
2.36593
2.35098
2.33605
2.32114
2.30625
2.29138
2.27653
2.26172
2.24693
2.23219
2.21748
2.20281
2.18819
2.17362
2.15911
2.14464
2.13024
2.1159
2.10162
2.0874
2.07325
2.05917
2.04514
2.03118
2.01728
2.00344
1.98965
1.9759
1.96219
1.9485
1.93483
1.92117
1.90751
1.89382
1.88009
1.86632
1.85248
1.83856
1.82454
1.81043
1.79621
1.7819
1.76751
1.75307
1.73863
1.72427
1.71009
1.69623
1.68286
1.67019
1.6585
1.64807
1.63926
1.63245
1.62801
1.62636
1.62786
1.63285
1.64158
1.65422
1.67087
1.69148
1.71595
1.74408
1.77564
1.81038
1.84807
1.8887
1.93201
1.97862
2.02806
2.07754
2.16215
2.88893
2.87751
2.86607
2.85458
2.84306
2.83149
2.81987
2.80818
2.79643
2.78461
2.77273
2.76078
2.74875
2.73665
2.72447
2.71221
2.69986
2.68743
2.67491
2.6623
2.64961
2.63682
2.62395
2.61099
2.59794
2.58481
2.57159
2.5583
2.54492
2.53147
2.51794
2.50434
2.49067
2.47693
2.46312
2.44924
2.43531
2.42131
2.40725
2.39313
2.37895
2.36471
2.35041
2.33605
2.32164
2.30716
2.29263
2.27804
2.2634
2.24869
2.23394
2.21913
2.20428
2.18941
2.17451
2.15962
2.14476
2.12995
2.11523
2.10065
2.08627
2.07215
2.05837
2.04503
2.03226
2.02017
2.00895
1.99876
1.98983
1.98241
1.97676
1.97322
1.97213
1.97388
1.97892
1.9877
2.00073
2.01857
2.04177
2.07094
2.10667
2.14957
2.20018
2.25898
2.32634
2.40247
2.48737
2.58086
2.68255
2.79188
2.90812
3.03051
3.15851
3.29175
3.43031
3.57375
3.72329
3.87869
4.02869
4.28254
3.25772
3.2534
3.24882
3.24397
3.23885
3.23345
3.22777
3.22182
3.21559
3.2091
3.20234
3.19531
3.18799
3.1804
3.17254
3.16439
3.15597
3.14727
3.13829
3.12904
3.11951
3.10972
3.09965
3.08931
3.0787
3.06784
3.05671
3.04532
3.03368
3.02179
3.00965
2.99728
2.98468
2.97185
2.95881
2.94557
2.93215
2.91856
2.90484
2.891
2.87708
2.86311
2.84915
2.83526
2.82148
2.8079
2.79461
2.7817
2.76931
2.75758
2.74668
2.73682
2.72821
2.7211
2.71577
2.71254
2.71176
2.71384
2.71923
2.72842
2.742
2.76057
2.78484
2.81558
2.85363
2.8999
2.95538
3.02112
3.09822
3.18785
3.29116
3.40931
3.5434
3.69443
3.86327
4.05053
4.2566
4.48149
4.72486
4.98597
5.26369
5.55652
5.86269
6.18026
6.50722
6.84165
7.18168
7.52566
7.87208
8.2193
8.56695
8.91642
9.26805
9.62038
9.97178
10.3173
10.6593
10.984
11.2939
11.751
4.59277
4.60685
4.62032
4.6332
4.64549
4.6572
4.66835
4.67896
4.68903
4.69859
4.70766
4.71625
4.72438
4.73208
4.73937
4.74628
4.75284
4.75907
4.76501
4.77069
4.77615
4.78143
4.78657
4.79164
4.79667
4.80175
4.80693
4.8123
4.81794
4.82397
4.8305
4.83766
4.8456
4.85448
4.8645
4.87586
4.88881
4.9036
4.92054
4.93995
4.96219
4.98766
5.0168
5.0501
5.08808
5.13133
5.18048
5.23623
5.29979
5.37211
5.45416
5.54698
5.65173
5.76967
5.90222
6.05093
6.21753
6.40392
6.61221
6.84471
7.10398
7.39282
7.71432
8.07185
8.46905
8.90989
9.39862
9.93976
10.538
11.1983
11.9255
12.7244
13.5993
14.5539
15.5906
16.7102
17.911
19.1885
20.534
21.9348
23.3731
24.8264
26.2678
27.6673
28.9936
30.2165
31.3095
32.2464
33.01
33.5899
34.0147
34.3369
34.5536
34.6516
34.624
34.4576
34.181
33.7166
33.3169
32.4187
13.0669
13.2374
13.4082
13.5795
13.7512
13.9233
14.0959
14.2689
14.4424
14.6164
14.7909
14.9659
15.1416
15.3179
15.4949
15.6728
15.8515
16.0313
16.2122
16.3945
16.5782
16.7637
16.9511
17.1408
17.333
17.528
17.7263
17.9282
18.1341
18.3446
18.56
18.781
19.0081
19.2419
19.483
19.732
19.9897
20.2568
20.5339
20.822
21.1217
21.4341
21.7601
22.1006
22.4568
22.8297
23.2208
23.6313
24.0628
24.5171
24.9961
25.5019
26.0369
26.6038
27.2057
27.8461
28.5288
29.2583
30.0397
30.8787
31.782
32.757
33.8123
34.9576
36.2039
37.5639
39.0515
40.6826
42.4747
44.4473
46.6212
49.0185
51.6621
54.5743
57.7756
61.2828
65.1061
69.246
73.6894
78.4055
83.3424
88.4235
93.5469
98.5855
103.394
107.805
111.678
114.771
116.925
118.051
118.091
117.027
114.959
112.038
108.447
104.333
99.9566
95.1407
91.0425
84.1552
89.6634
90.9367
92.185
93.4063
94.5988
95.7607
96.8901
97.9853
99.0445
100.066
101.048
101.99
102.888
103.743
104.553
105.316
106.031
106.697
107.312
107.875
108.387
108.844
109.247
109.594
109.885
110.118
110.294
110.41
110.467
110.463
110.398
110.27
110.079
109.825
109.505
109.12
108.668
108.147
107.559
106.9
106.169
105.367
104.491
103.541
102.515
101.412
100.231
98.9706
97.6306
96.21
94.7082
93.1247
91.4595
89.7128
87.8852
85.9776
83.9918
81.9298
79.7946
77.5898
75.3201
72.9912
70.6099
68.1844
65.7245
63.2414
60.7482
58.2601
55.794
53.3694
51.0075
48.732
46.5684
44.544
42.6876
41.0285
39.596
38.4184
37.5213
36.9266
36.6499
36.6991
37.0723
37.7561
38.7246
39.9398
41.3621
43.32
45.6489
48.1159
50.5099
52.6543
54.4324
55.7847
56.7048
57.1997
57.3696
57.1323
57.1363
56.9884
0.636329
0.615224
0.832243
0.973411
1.05891
1.10535
1.12582
1.12992
1.11997
1.09972
1.08818
1.08615
1.08364
1.08351
1.08979
1.10727
1.14116
1.19659
1.27647
1.38543
1.53823
1.79005
2.33544
3.21778
4.42996
5.90464
7.54911
9.28465
11.0609
12.8516
14.6457
16.4406
18.2353
20.0212
21.7879
23.526
25.2301
26.9014
28.5381
30.1362
31.691
33.1958
34.6419
36.0175
37.3082
38.552
39.7925
41.0375
42.2888
43.5405
44.7859
46.0201
47.2394
48.4412
49.6237
50.7855
51.9254
53.0431
54.138
55.2104
56.2605
57.2888
58.2956
59.281
60.2457
61.1904
62.1172
63.0312
63.948
64.9119
66.093
67.656
69.1583
70.548
71.8644
73.1323
74.3378
75.3369
75.7374
75.3392
75.842
76.5885
77.0494
77.3911
77.577
77.5884
77.4314
77.117
76.6589
76.0723
75.3725
74.5758
73.698
72.7613
71.7828
70.8218
69.8876
69.2941
68.754
71.0684
1.52794
0.913322
0.771332
0.753404
0.757881
0.764392
0.771148
0.780346
0.795773
0.820874
0.860081
0.919066
1.00263
1.11808
1.27701
1.49617
1.79814
2.2116
2.77034
3.50131
4.40163
5.37202
6.21633
6.84095
7.32125
7.74599
8.17096
8.63371
9.17081
9.81403
10.5829
11.4536
12.284
13.0951
13.9287
14.8347
15.8548
16.9155
17.9987
19.0973
20.2064
21.3209
22.4349
23.5428
24.638
25.7151
26.7804
27.8448
28.9095
29.9737
31.037
32.0995
33.1602
34.2178
35.2706
36.3167
37.3539
38.3797
39.3916
40.387
41.3628
42.3164
43.2449
44.1455
45.0155
45.8522
46.6543
47.4217
48.1581
48.8702
49.5513
50.1595
50.6592
51.0624
51.3758
51.6022
51.7315
51.7307
51.5608
51.2858
51.0643
50.884
50.6879
50.4282
50.0681
49.6057
49.0471
48.4007
47.6761
46.8832
46.0309
45.1284
44.1815
43.2005
42.1786
41.1437
40.0209
38.9784
37.6716
36.564
2.49527
1.3033
1.08041
1.02917
1.02261
1.03459
1.05979
1.09834
1.14939
1.21545
1.30072
1.41459
1.57049
1.78687
2.08728
2.50026
3.05476
3.76662
4.613
5.50782
6.30995
6.87635
7.14886
7.21438
7.238
7.36325
7.68339
8.24513
9.0055
9.95107
11.1218
12.402
13.7088
15.0022
16.268
17.5078
18.7279
19.9352
21.1414
22.357
23.59
24.8459
26.1289
27.4431
28.7938
30.1849
31.6157
33.0838
34.5833
36.108
37.6518
39.209
40.7753
42.346
43.9169
45.4834
47.0411
48.5851
50.1106
51.6124
53.0847
54.5222
55.9185
57.2674
58.5622
59.7964
60.9641
62.0602
63.0803
64.0196
64.8704
65.6184
66.2427
66.7338
67.0938
67.3332
67.4564
67.448
67.2441
66.8068
66.2149
65.5826
64.9096
64.1528
63.2826
62.2957
61.1988
60.0027
58.7198
57.3621
55.9415
54.4686
52.9528
51.4022
49.8181
48.2092
46.5396
44.891
43.0022
41.387
3.77895
1.78223
1.47581
1.41168
1.41031
1.43971
1.48748
1.55456
1.64102
1.74965
1.88635
2.0624
2.29414
2.60128
3.00383
3.51571
4.13279
4.81781
5.49225
6.052
6.41308
6.56594
6.597
6.65509
6.88771
7.38084
8.06955
8.97343
10.139
11.5619
13.1312
14.764
16.4215
18.0976
19.801
21.5411
23.3213
25.1398
26.9917
28.8726
30.7808
32.7171
34.6846
36.6875
38.7286
40.8066
42.9152
45.0436
47.186
49.3402
51.5038
53.6745
55.8486
58.0212
60.1862
62.337
64.4665
66.5672
68.6313
70.6506
72.6163
74.5196
76.3506
78.0985
79.7525
81.3016
82.7352
84.0428
85.2161
86.2494
87.1378
87.8717
88.4355
88.8188
89.0256
89.0665
88.947
88.649
88.1214
87.3133
86.2692
85.0914
83.8147
82.4272
80.9134
79.2731
77.5139
75.6484
73.691
71.6569
69.5611
67.4172
65.2379
63.0319
60.8062
58.5612
56.2882
54.0162
51.6326
49.4215
5.1332
2.30286
1.91158
1.83974
1.85131
1.9062
1.98517
2.08629
2.21102
2.3638
2.55032
2.77883
3.05951
3.40133
3.80727
4.26787
4.75489
5.22019
5.60648
5.87277
6.02457
6.12853
6.29797
6.65362
7.22288
8.00414
9.01775
10.3396
11.9246
13.7013
15.6084
17.6196
19.733
21.9533
24.2783
26.6948
29.1826
31.7211
34.294
36.8918
39.5114
42.1529
44.8175
47.5068
50.2217
52.9621
55.725
58.5059
61.3
64.1029
66.9097
69.7148
72.5112
75.291
78.0449
80.7634
83.4363
86.0529
88.602
91.0716
93.4495
95.7239
97.8821
99.9096
101.792
103.515
105.064
106.426
107.591
108.551
109.301
109.836
110.149
110.233
110.089
109.728
109.153
108.353
107.292
105.934
104.305
102.484
100.519
98.4208
96.1921
93.8392
91.3745
88.8135
86.174
83.4736
80.7299
77.9581
75.1727
72.3822
69.5973
66.8132
64.0425
61.2791
58.5329
55.8218
6.41068
2.81598
2.35521
2.29024
2.33102
2.43062
2.56322
2.72389
2.91044
3.12468
3.36936
3.64863
3.96425
4.31419
4.68895
5.0695
5.42829
5.73598
5.97465
6.15336
6.31736
6.54281
6.91751
7.51475
8.36214
9.49681
10.9289
12.6477
14.6081
16.7697
19.1147
21.642
24.3528
27.2372
30.2726
33.4285
36.6747
39.9868
43.3482
46.7488
50.1837
53.6475
57.1326
60.6312
64.1358
67.6366
71.1261
74.6002
78.0555
81.4874
84.8919
88.2651
91.5986
94.8819
98.1043
101.254
104.317
107.281
110.132
112.853
115.43
117.849
120.093
122.147
123.992
125.614
126.996
128.126
128.99
129.583
129.903
129.946
129.711
129.198
128.412
127.365
126.069
124.521
122.706
120.608
118.246
115.677
112.95
110.092
107.119
104.048
100.897
97.6832
94.4272
91.1471
87.8602
84.5809
81.3229
78.0928
74.9021
71.7422
68.6386
65.5625
62.6069
59.5602
7.6916
3.31424
2.80001
2.76579
2.86901
3.05496
3.29123
3.56842
3.87872
4.21875
4.58477
4.97471
5.38514
5.80697
6.22553
6.6211
6.97416
7.27417
7.5292
7.77291
8.06461
8.4809
9.10107
9.99138
11.1958
12.7364
14.603
16.7655
19.1933
21.8727
24.805
27.9926
31.4262
35.0808
38.9198
42.9034
46.9958
51.1677
55.3968
59.6663
63.9605
68.2589
72.5448
76.8051
81.0256
85.1971
89.314
93.3733
97.372
101.306
105.17
108.955
112.652
116.248
119.729
123.08
126.288
129.335
132.206
134.883
137.35
139.591
141.588
143.324
144.783
145.949
146.809
147.349
147.564
147.449
147.006
146.24
145.157
143.766
142.08
140.117
137.895
135.427
132.715
129.761
126.585
123.235
119.755
116.181
112.537
108.845
105.126
101.4
97.684
93.9948
90.3467
86.7509
83.2176
79.7496
76.3564
73.0258
69.7892
66.604
63.6125
60.4368
8.77325
3.76085
3.24939
3.29379
3.52276
3.87618
4.31707
4.83232
5.40764
6.03236
6.69295
7.3747
8.06395
8.74637
9.40069
10.0028
10.5367
11.0039
11.43
11.8661
12.3866
13.0815
14.042
15.3415
17.0235
19.0923
21.5204
24.2719
27.325
30.6782
34.3384
38.3045
42.557
47.0587
51.7618
56.6163
61.5776
66.6079
71.6765
76.7561
81.82
86.8447
91.8093
96.6985
101.498
106.196
110.784
115.254
119.599
123.811
127.883
131.807
135.571
139.163
142.568
145.772
148.76
151.514
154.018
156.254
158.206
159.858
161.195
162.202
162.867
163.178
163.126
162.708
161.923
160.774
159.271
157.427
155.259
152.784
150.027
147.013
143.771
140.325
136.692
132.889
128.94
124.886
120.768
116.62
112.471
108.342
104.254
100.222
96.2606
92.3814
88.593
84.9009
81.31
77.8181
74.4306
71.1323
67.9547
64.8492
61.9787
58.8708
9.61538
4.17861
3.73085
3.94018
4.41623
5.09955
5.95169
6.95868
8.10025
9.35684
10.6991
12.09
13.4833
14.8394
16.1255
17.2943
18.3237
19.2288
20.0537
20.871
21.7801
22.9015
24.3548
26.2276
28.5567
31.3268
34.4908
37.9999
41.8281
45.974
50.4444
55.2344
60.3173
65.6466
71.1627
76.8047
82.5177
88.2521
93.9658
99.6259
105.205
110.679
116.027
121.232
126.275
131.143
135.825
140.31
144.592
148.661
152.513
156.137
159.525
162.662
165.536
168.133
170.437
172.432
174.104
175.437
176.419
177.038
177.284
177.15
176.631
175.724
174.43
172.754
170.706
168.3
165.553
162.49
159.135
155.518
151.672
147.629
143.427
139.099
134.671
130.169
125.619
121.057
116.518
112.03
107.617
103.298
99.0871
94.9939
91.0261
87.1881
83.482
79.9066
76.4608
73.1373
69.9369
66.842
63.881
61.0049
58.3774
55.4949
10.1625
4.60135
4.33825
4.90035
5.8946
7.26698
8.98103
11.0268
13.3778
16.0035
18.8483
21.8341
24.8505
27.7655
30.4907
32.9218
35.0413
36.8816
38.5055
40.0117
41.5419
43.2661
45.3477
47.8984
50.9536
54.4798
58.4055
62.6609
67.2047
72.0268
77.1291
82.5018
88.1136
93.9154
99.843
105.828
111.806
117.726
123.545
129.234
134.766
140.12
145.276
150.217
154.926
159.387
163.59
167.523
171.178
174.548
177.624
180.399
182.865
185.009
186.821
188.289
189.402
190.147
190.516
190.5
190.094
189.294
188.1
186.515
184.543
182.193
179.476
176.408
173.007
169.297
165.306
161.064
156.606
151.968
147.189
142.307
137.364
132.394
127.43
122.498
117.622
112.83
108.147
103.595
99.1879
94.937
90.8486
86.9254
83.1672
79.5712
76.1327
72.8447
69.7004
66.6887
63.8061
61.0339
58.396
55.8468
53.5384
50.9838
10.5836
5.11728
5.37194
6.7982
9.01087
11.953
15.5812
19.8847
24.8085
30.2913
36.2254
42.4661
48.7993
54.9431
60.5855
65.4346
69.604
73.148
76.1453
78.7135
81.0448
83.3753
85.9334
88.878
92.2656
96.0645
100.195
104.574
109.152
113.91
118.848
123.955
129.203
134.545
139.916
145.257
150.514
155.645
160.618
165.407
169.99
174.346
178.457
182.305
185.875
189.153
192.126
194.784
197.118
199.119
200.781
202.097
203.06
203.662
203.896
203.756
203.237
202.335
201.05
199.381
197.333
194.911
192.125
188.987
185.509
181.711
177.61
173.232
168.602
163.751
158.714
153.526
148.227
142.856
137.452
132.056
126.705
121.433
116.267
111.23
106.341
101.617
97.0727
92.7183
88.5601
84.6
80.8363
77.2644
73.8774
70.6665
67.6219
64.732
61.9864
59.3711
56.88
54.4944
52.2336
50.0576
48.1006
45.9231
10.49
6.1812
8.06598
12.0785
17.6619
24.6713
32.9512
42.4001
52.806
63.9972
75.7286
87.7558
99.6999
111.18
121.63
130.317
137.35
143.004
147.421
150.774
153.322
155.385
157.283
159.259
161.439
163.842
166.427
169.141
171.952
174.857
177.859
180.95
184.11
187.303
190.495
193.65
196.732
199.71
202.554
205.239
207.741
210.037
212.109
213.935
215.499
216.783
217.773
218.455
218.819
218.855
218.558
217.922
216.944
215.622
213.955
211.943
209.588
206.894
203.867
200.514
196.845
192.873
188.611
184.076
179.29
174.273
169.053
163.658
158.12
152.473
146.753
140.999
135.247
129.535
123.9
118.374
112.989
107.771
102.739
97.9087
93.2899
88.8898
84.7128
80.76
77.0289
73.5139
70.2069
67.0977
64.1749
61.4257
58.837
56.3949
54.0868
51.8979
49.8206
47.8373
45.9633
44.165
42.5567
40.7621
11.364
10.6819
19.7127
32.7995
48.6559
66.5457
85.8203
106.077
126.753
147.415
167.627
187.087
205.382
222.115
236.744
248.705
257.381
263.246
266.75
268.283
268.257
267.12
265.308
263.18
260.973
258.809
256.738
254.783
252.966
251.31
249.83
248.542
247.445
246.522
245.747
245.089
244.514
243.985
243.465
242.919
242.314
241.619
240.804
239.844
238.714
237.392
235.861
234.104
232.11
229.869
227.375
224.625
221.615
218.346
214.819
211.036
206.999
202.714
198.187
193.427
188.446
183.257
177.878
172.329
166.633
160.817
154.908
148.939
142.941
136.949
130.994
125.112
119.335
113.691
108.21
102.916
97.8297
92.9675
88.3408
83.9556
79.8138
75.9141
72.2529
68.824
65.6188
62.6268
59.8358
57.2325
54.803
52.5327
50.4075
48.4127
46.5353
44.7609
43.0814
41.4813
39.9723
38.5276
37.2416
35.8061
15.2865
41.4447
82.7097
125.879
168.674
210.353
249.368
284.91
316.627
344.492
368.672
389.752
407.337
421.302
431.862
439.019
441.982
441.043
436.887
430.183
421.553
411.599
400.879
389.857
378.872
368.144
357.808
347.947
338.617
329.855
321.676
314.081
307.048
300.541
294.517
288.924
283.712
278.824
274.208
269.812
265.586
261.487
257.473
253.507
249.555
245.587
241.578
237.502
233.342
229.08
224.702
220.196
215.554
210.768
205.835
200.749
195.512
190.126
184.595
178.929
173.141
167.245
161.262
155.213
149.122
143.018
136.926
130.875
124.895
119.014
113.258
107.653
102.223
96.9887
91.9691
87.1788
82.6295
78.3287
74.2797
70.4817
66.9301
63.618
60.5366
57.6756
55.0228
52.5655
50.2897
48.1813
46.2257
44.4086
42.7161
41.1341
39.6504
38.2519
36.9307
35.6736
34.4898
33.358
32.3552
31.2382
64.3278
425.585
527.575
606.555
666.716
713.112
747.191
768.965
779.689
781.44
776.123
765.161
750.435
733.202
714.305
694.09
672.66
649.829
625.758
600.834
575.517
550.268
525.512
501.602
478.789
457.218
436.958
418.025
400.407
384.073
368.976
355.053
342.226
330.413
319.526
309.478
300.183
291.559
283.526
276.008
268.933
262.236
255.857
249.739
243.832
238.089
232.467
226.928
221.44
215.971
210.497
204.996
199.452
193.852
188.187
182.453
176.649
170.778
164.848
158.868
152.854
146.821
140.79
134.781
128.816
122.919
117.113
111.42
105.864
100.464
95.2399
90.2099
85.389
80.7899
76.4228
72.2949
68.4104
64.7704
61.3726
58.2116
55.2793
52.5659
50.0602
47.7501
45.6229
43.6651
41.8633
40.2038
38.6731
37.2579
35.9456
34.7237
33.5812
32.5066
31.4931
30.5293
29.6228
28.757
27.9935
27.148
)
;

boundaryField
{
    outlet
    {
        type            zeroGradient;
    }
    inlet
    {
        type            fixedValue;
        value           uniform 3.54;
    }
    lowerWall
    {
        Cmu             0.09;
        kappa           0.41;
        E               9.8;
        type            epsilonWallFunction;
        value           nonuniform List<scalar> 
148
(
115.949
152.042
190.661
230.213
269.213
306.364
340.623
371.268
397.899
420.4
438.869
453.554
464.803
473.009
478.58
481.91
483.37
483.292
481.971
479.663
476.587
472.927
468.838
464.447
459.86
455.162
450.422
445.696
441.025
436.448
431.983
427.735
425.108
0.636329
1.52794
2.49527
3.77895
5.1332
6.41068
7.6916
8.77325
9.61538
10.1625
10.5836
10.49
11.364
15.2865
64.3278
0.636329
0.615224
0.832243
0.973411
1.05891
1.10535
1.12582
1.12992
1.11997
1.09972
1.08818
1.08615
1.08364
1.08351
1.08979
1.10727
1.14116
1.19659
1.27647
1.38543
1.53823
1.79005
2.33544
3.21778
4.42996
5.90464
7.54911
9.28465
11.0609
12.8516
14.6457
16.4406
18.2353
20.0212
21.7879
23.526
25.2301
26.9014
28.5381
30.1362
31.691
33.1958
34.6419
36.0175
37.3082
38.552
39.7925
41.0375
42.2888
43.5405
44.7859
46.0201
47.2394
48.4412
49.6237
50.7855
51.9254
53.0431
54.138
55.2104
56.2605
57.2888
58.2956
59.281
60.2457
61.1904
62.1172
63.0312
63.948
64.9119
66.093
67.656
69.1583
70.548
71.8644
73.1323
74.3378
75.3369
75.7374
75.3392
75.842
76.5885
77.0494
77.3911
77.577
77.5884
77.4314
77.117
76.6589
76.0723
75.3725
74.5758
73.698
72.7613
71.7828
70.8218
69.8876
69.2941
68.754
71.0684
)
;
    }
    upperWall
    {
        Cmu             0.09;
        kappa           0.41;
        E               9.8;
        type            epsilonWallFunction;
        value           nonuniform List<scalar> 
133
(
31.176
33.6247
36.0474
38.4445
40.8147
43.1561
45.4659
47.7407
49.9772
52.1722
54.323
56.4269
58.4817
60.4855
62.4367
64.3341
66.1767
67.964
69.6956
71.3714
72.9915
74.5563
76.0663
77.5223
78.9251
80.2756
81.575
82.8243
84.0249
85.1779
86.2848
87.3473
88.3743
89.6634
90.9367
92.185
93.4063
94.5988
95.7607
96.8901
97.9853
99.0445
100.066
101.048
101.99
102.888
103.743
104.553
105.316
106.031
106.697
107.312
107.875
108.387
108.844
109.247
109.594
109.885
110.118
110.294
110.41
110.467
110.463
110.398
110.27
110.079
109.825
109.505
109.12
108.668
108.147
107.559
106.9
106.169
105.367
104.491
103.541
102.515
101.412
100.231
98.9706
97.6306
96.21
94.7082
93.1247
91.4595
89.7128
87.8852
85.9776
83.9918
81.9298
79.7946
77.5898
75.3201
72.9912
70.6099
68.1844
65.7245
63.2414
60.7482
58.2601
55.794
53.3694
51.0075
48.732
46.5684
44.544
42.6876
41.0285
39.596
38.4184
37.5213
36.9266
36.6499
36.6991
37.0723
37.7561
38.7246
39.9398
41.3621
43.32
45.6489
48.1159
50.5099
52.6543
54.4324
55.7847
56.7048
57.1997
57.3696
57.1323
57.1363
56.9884
)
;
    }
    frontAndBack
    {
        type            empty;
    }
}


// ************************************************************************* //
