/*--------------------------------*- C++ -*----------------------------------*\
| =========                 |                                                 |
| \\      /  F ield         | OpenFOAM: The Open Source CFD Toolbox           |
|  \\    /   O peration     | Version:  4.1                                   |
|   \\  /    A nd           | Web:      www.OpenFOAM.org                      |
|    \\/     M anipulation  |                                                 |
\*---------------------------------------------------------------------------*/
FoamFile
{
    version     2.0;
    format      ascii;
    class       volScalarField;
    location    "200";
    object      epsilon;
}
// * * * * * * * * * * * * * * * * * * * * * * * * * * * * * * * * * * * * * //

dimensions      [0 2 -3 0 0 0 0];

internalField   nonuniform List<scalar> 
6820
(
105.266
143.991
186.347
230.922
275.888
319.404
359.842
395.969
427.03
452.73
473.149
488.639
499.723
507.003
511.103
512.613
512.073
509.952
506.649
502.496
497.761
492.661
487.366
482.007
476.688
471.483
466.451
461.64
457.04
452.887
448.142
448.03
427.233
8.29011
15.8998
22.417
28.6657
35.0301
41.469
47.8018
53.8597
59.5095
64.6574
69.2527
73.2852
76.7767
79.7699
82.3197
84.4856
86.3262
87.8965
89.245
90.4141
91.4387
92.3479
93.1643
93.9056
94.5848
95.2105
95.7878
96.3187
96.7981
97.2345
97.5614
98.002
97.8828
3.96314
5.25662
6.61257
7.86058
8.98667
10.0204
10.9819
11.8771
12.7067
13.471
14.1711
14.8094
15.3892
15.915
16.392
16.8255
17.2211
17.584
17.9193
18.2314
18.5244
18.8018
19.0667
19.3215
19.5684
19.8088
20.0441
20.2749
20.5015
20.7246
20.9417
21.1555
21.3578
3.56001
3.77406
4.11209
4.497
4.88103
5.2447
5.58242
5.89336
6.17816
6.43802
6.67439
6.88884
7.08297
7.2584
7.41675
7.5596
7.68848
7.80485
7.91009
8.00549
8.09226
8.17153
8.24431
8.31156
8.37411
8.43275
8.48816
8.54101
8.59182
8.64122
8.68953
8.73782
8.78544
3.52137
3.52456
3.57972
3.67703
3.80002
3.93476
4.07204
4.2065
4.33517
4.45653
4.56985
4.67489
4.77169
4.86048
4.94159
5.01542
5.08242
5.14304
5.19775
5.24702
5.2913
5.33103
5.36663
5.3985
5.427
5.45249
5.47529
5.49571
5.514
5.53044
5.54525
5.55866
5.57082
3.5192
3.48502
3.46593
3.46519
3.48166
3.51176
3.55133
3.59672
3.64512
3.6945
3.74342
3.79093
3.8364
3.87942
3.91976
3.9573
3.99201
4.02392
4.05309
4.07964
4.10367
4.12533
4.14474
4.16206
4.17742
4.19096
4.20282
4.21313
4.22199
4.22951
4.23581
4.24094
4.245
3.51939
3.47992
3.44464
3.41561
3.39412
3.38041
3.37386
3.37335
3.37762
3.38548
3.39587
3.40793
3.42097
3.43445
3.44797
3.46122
3.47397
3.48607
3.49739
3.50786
3.51745
3.52614
3.53391
3.54079
3.5468
3.55196
3.55631
3.55988
3.5627
3.56481
3.56624
3.56701
3.56716
3.51947
3.47945
3.44133
3.40568
3.37315
3.34425
3.31923
3.29807
3.28054
3.26627
3.25483
3.24577
3.23868
3.23316
3.22888
3.22555
3.22294
3.22085
3.21911
3.21758
3.21618
3.2148
3.21338
3.21188
3.21025
3.20847
3.20651
3.20436
3.20201
3.19944
3.19666
3.19366
3.19043
3.51948
3.47942
3.4409
3.40399
3.36885
3.33566
3.30458
3.27573
3.24916
3.22484
3.20267
3.18253
3.16423
3.14761
3.13248
3.11866
3.106
3.09433
3.08352
3.07345
3.06402
3.05514
3.04672
3.03869
3.03101
3.02361
3.01645
3.00949
3.00271
2.99608
2.98956
2.98313
2.97678
3.51948
3.47942
3.44085
3.40374
3.36808
3.33388
3.30116
3.26995
3.24028
3.21216
3.18557
3.1605
3.13688
3.11467
3.09377
3.07411
3.05561
3.03817
3.02171
3.00615
2.99141
2.97742
2.96412
2.95144
2.93934
2.92775
2.91664
2.90597
2.89568
2.88576
2.87617
2.86689
2.85787
3.51948
3.47941
3.44083
3.40369
3.36795
3.33355
3.30045
3.26863
3.23807
3.20874
3.18062
3.1537
3.12796
3.10335
3.07984
3.0574
3.03597
3.01552
2.99599
2.97733
2.95951
2.94246
2.92614
2.91051
2.89554
2.88116
2.86736
2.8541
2.84133
2.82904
2.81718
2.80574
2.79467
3.51948
3.47941
3.44082
3.40367
3.36791
3.33347
3.3003
3.26834
3.23755
3.20789
3.17933
3.15183
3.12535
3.09987
3.07536
3.05178
3.0291
3.00729
2.98633
2.96617
2.94678
2.92813
2.91019
2.89293
2.87631
2.86031
2.84489
2.83004
2.81571
2.80189
2.78855
2.77567
2.76322
3.51948
3.4794
3.44081
3.40366
3.36789
3.33344
3.30025
3.26826
3.23742
3.20768
3.17899
3.15133
3.12463
3.09888
3.07403
3.05005
3.02691
3.00458
2.98303
2.96223
2.94216
2.92279
2.90409
2.88603
2.8686
2.85176
2.8355
2.81978
2.8046
2.78992
2.77573
2.762
2.74871
3.51948
3.4794
3.44081
3.40365
3.36787
3.33341
3.30021
3.26821
3.23736
3.2076
3.17888
3.15117
3.12441
3.09858
3.07363
3.04952
3.02623
3.00372
2.98196
2.96093
2.9406
2.92094
2.90192
2.88353
2.86574
2.84852
2.83186
2.81574
2.80014
2.78503
2.7704
2.75623
2.7425
3.51948
3.4794
3.4408
3.40364
3.36786
3.33339
3.30019
3.26818
3.23731
3.20754
3.17882
3.15109
3.12431
3.09845
3.07347
3.04932
3.02598
3.00342
2.98159
2.96048
2.94005
2.92028
2.90115
2.88263
2.86469
2.84733
2.83051
2.81421
2.79842
2.78312
2.76829
2.75391
2.73997
3.51948
3.4794
3.44079
3.40363
3.36785
3.33338
3.30016
3.26815
3.23728
3.2075
3.17876
3.15103
3.12424
3.09837
3.07337
3.04921
3.02585
3.00326
2.98141
2.96027
2.93981
2.92
2.90083
2.88226
2.86427
2.84684
2.82995
2.81359
2.79772
2.78234
2.76742
2.75295
2.73891
3.51948
3.47939
3.44079
3.40362
3.36784
3.33336
3.30014
3.26812
3.23725
3.20746
3.17872
3.15097
3.12418
3.0983
3.07329
3.04912
3.02575
3.00315
2.98129
2.96013
2.93965
2.91983
2.90063
2.88204
2.86403
2.84657
2.82966
2.81326
2.79736
2.78194
2.76698
2.75247
2.73839
3.51947
3.47939
3.44079
3.40362
3.36783
3.33335
3.30013
3.2681
3.23722
3.20743
3.17868
3.15092
3.12412
3.09824
3.07322
3.04904
3.02566
3.00305
2.98118
2.96001
2.93952
2.91969
2.90048
2.88187
2.86384
2.84637
2.82944
2.81302
2.7971
2.78166
2.76669
2.75215
2.73804
3.51947
3.47939
3.44078
3.40361
3.36782
3.33334
3.30011
3.26808
3.23719
3.20739
3.17864
3.15088
3.12407
3.09818
3.07315
3.04897
3.02558
3.00296
2.98108
2.9599
2.93941
2.91956
2.90034
2.88172
2.86368
2.8462
2.82925
2.81282
2.79689
2.78143
2.76644
2.75189
2.73776
3.51947
3.47939
3.44078
3.40361
3.36781
3.33333
3.3001
3.26806
3.23717
3.20737
3.17861
3.15084
3.12403
3.09812
3.07309
3.0489
3.0255
3.00288
2.98099
2.9598
2.93929
2.91944
2.90021
2.88158
2.86353
2.84604
2.82908
2.81263
2.79669
2.78122
2.76621
2.75165
2.73751
3.51947
3.47939
3.44078
3.4036
3.3678
3.33332
3.30008
3.26805
3.23715
3.20734
3.17857
3.1508
3.12398
3.09808
3.07304
3.04884
3.02543
3.0028
2.9809
2.95971
2.93919
2.91933
2.90009
2.88145
2.86339
2.84588
2.82891
2.81246
2.7965
2.78102
2.766
2.75142
2.73727
3.51947
3.47939
3.44078
3.4036
3.3678
3.33331
3.30007
3.26803
3.23713
3.20732
3.17855
3.15077
3.12395
3.09803
3.07299
3.04878
3.02537
3.00273
2.98082
2.95962
2.9391
2.91922
2.89997
2.88133
2.86326
2.84574
2.82876
2.8123
2.79633
2.78083
2.7658
2.75121
2.73705
3.51947
3.47939
3.44077
3.4036
3.3678
3.3333
3.30006
3.26802
3.23711
3.2073
3.17852
3.15074
3.12391
3.09799
3.07294
3.04873
3.02531
3.00266
2.98075
2.95954
2.93901
2.91912
2.89987
2.88121
2.86313
2.84561
2.82862
2.81214
2.79616
2.78066
2.76562
2.75102
2.73684
3.51947
3.47938
3.44077
3.4036
3.36779
3.3333
3.30006
3.26801
3.2371
3.20728
3.1785
3.15072
3.12388
3.09796
3.0729
3.04868
3.02526
3.0026
2.98068
2.95946
2.93893
2.91904
2.89977
2.8811
2.86302
2.84548
2.82848
2.812
2.79601
2.7805
2.76544
2.75083
2.73665
3.51947
3.47938
3.44077
3.40359
3.36779
3.33329
3.30005
3.268
3.23709
3.20727
3.17848
3.15069
3.12385
3.09792
3.07286
3.04864
3.02521
3.00255
2.98062
2.9594
2.93885
2.91895
2.89968
2.88101
2.86291
2.84537
2.82836
2.81187
2.79587
2.78035
2.76528
2.75066
2.73647
3.51947
3.47938
3.44077
3.40359
3.36779
3.33329
3.30004
3.26799
3.23708
3.20725
3.17847
3.15067
3.12383
3.09789
3.07283
3.0486
3.02517
3.0025
2.98056
2.95934
2.93878
2.91888
2.8996
2.88092
2.86281
2.84526
2.82825
2.81174
2.79574
2.78021
2.76513
2.75051
2.7363
3.51947
3.47938
3.44077
3.40359
3.36778
3.33329
3.30004
3.26799
3.23707
3.20724
3.17845
3.15065
3.12381
3.09787
3.0728
3.04856
3.02513
3.00245
2.98052
2.95928
2.93872
2.91881
2.89952
2.88084
2.86272
2.84517
2.82814
2.81163
2.79562
2.78008
2.765
2.75036
2.73615
3.51947
3.47938
3.44077
3.40359
3.36778
3.33328
3.30004
3.26798
3.23706
3.20723
3.17844
3.15064
3.12379
3.09785
3.07278
3.04854
3.02509
3.00242
2.98047
2.95923
2.93867
2.91875
2.89946
2.88076
2.86265
2.84508
2.82805
2.81153
2.79551
2.77996
2.76488
2.75023
2.73601
3.51947
3.47938
3.44077
3.40359
3.36778
3.33328
3.30003
3.26798
3.23706
3.20722
3.17843
3.15063
3.12377
3.09783
3.07275
3.04851
3.02506
3.00238
2.98043
2.95919
2.93862
2.9187
2.8994
2.8807
2.86257
2.845
2.82797
2.81144
2.79541
2.77986
2.76477
2.75011
2.73589
3.51947
3.47938
3.44077
3.40359
3.36778
3.33328
3.30003
3.26797
3.23705
3.20722
3.17842
3.15062
3.12376
3.09781
3.07274
3.04849
3.02504
3.00235
2.9804
2.95915
2.93858
2.91865
2.89935
2.88064
2.86252
2.84494
2.8279
2.81137
2.79533
2.77977
2.76467
2.75002
2.73578
3.51947
3.47938
3.44077
3.40359
3.36778
3.33328
3.30003
3.26797
3.23705
3.20721
3.17842
3.15061
3.12375
3.0978
3.07272
3.04847
3.02502
3.00233
2.98038
2.95912
2.93855
2.91862
2.89931
2.8806
2.86247
2.84489
2.82785
2.81131
2.79527
2.77971
2.76461
2.74995
2.73571
3.51947
3.47938
3.44077
3.40359
3.36778
3.33328
3.30003
3.26797
3.23705
3.20721
3.17841
3.15061
3.12375
3.0978
3.07272
3.04847
3.02502
3.00233
2.98038
2.95913
2.93855
2.91862
2.89932
2.88061
2.86248
2.84491
2.82787
2.81134
2.79531
2.77976
2.76466
2.75001
2.73579
3.51947
3.47938
3.44077
3.40359
3.36778
3.33328
3.30003
3.26797
3.23705
3.20721
3.17842
3.15062
3.12376
3.09782
3.07275
3.04851
3.02508
3.0024
2.98047
2.95924
2.93869
2.9188
2.89953
2.88086
2.86277
2.84524
2.82825
2.81177
2.79579
2.78029
2.76526
2.75067
2.73651
3.51947
3.47938
3.44077
3.40359
3.36778
3.33329
3.30005
3.26801
3.23711
3.20731
3.17856
3.15081
3.12402
3.09815
3.07316
3.04901
3.02568
3.00313
2.98133
2.96025
2.93986
2.92013
2.90104
2.88257
2.86469
2.84738
2.83061
2.81437
2.79864
2.7834
2.76862
2.7543
2.74041
3.51947
3.47938
3.44078
3.40362
3.36785
3.33343
3.30029
3.26839
3.23767
3.2081
3.17963
3.15222
3.12582
3.1004
3.07592
3.05233
3.02961
3.00772
2.98662
2.96629
2.94668
2.92777
2.90953
2.89193
2.87495
2.85856
2.84273
2.82744
2.81267
2.79839
2.78459
2.77124
2.75833
3.51947
3.47942
3.44096
3.40413
3.36893
3.33532
3.30325
3.27266
3.2435
3.21571
3.18923
3.16401
3.13999
3.11712
3.09533
3.07457
3.05478
3.03591
3.0179
3.00071
2.98429
2.96859
2.95357
2.9392
2.92542
2.91221
2.89954
2.88737
2.87567
2.86442
2.8536
2.84317
2.83312
3.5195
3.48076
3.44539
3.41321
3.38397
3.35745
3.3335
3.31193
3.29255
3.27518
3.25964
3.24573
3.23328
3.22214
3.21215
3.20317
3.19508
3.18777
3.18115
3.17513
3.16962
3.16457
3.1599
3.15558
3.15155
3.14777
3.1442
3.14083
3.13761
3.13453
3.13156
3.1287
3.12591
3.52507
3.51486
3.52102
3.53647
3.5583
3.58498
3.61548
3.64889
3.68438
3.72129
3.75905
3.79722
3.83545
3.87345
3.91099
3.94791
3.98407
4.01938
4.05376
4.08717
4.11957
4.15095
4.1813
4.21063
4.23893
4.26624
4.29256
4.31793
4.34237
4.3659
4.38856
4.41037
4.43138
3.84201
4.38783
4.87755
5.34296
5.79554
6.23677
6.66461
7.07774
7.47617
7.86053
8.23159
8.59013
8.93695
9.27278
9.59829
9.91406
10.2206
10.5183
10.8077
11.089
11.3625
11.6287
11.8876
12.1396
12.3848
12.6236
12.8561
13.0825
13.3029
13.5177
13.7269
13.9307
14.1293
30.2673
32.7691
35.3054
37.8488
40.3863
42.91
45.413
47.8883
50.3292
52.7298
55.0848
57.3895
59.64
61.8329
63.9655
66.0357
68.0417
69.9825
71.8573
73.6659
75.4082
77.0847
78.696
80.2429
81.7264
83.1479
84.5087
85.8103
87.0543
88.2423
89.3762
90.4573
91.4886
489.093
554.211
602.086
637.033
663.8
683.545
695.389
698.297
692.101
677.821
657.342
632.859
606.41
579.589
553.463
528.619
505.273
483.411
462.901
443.582
425.307
407.966
391.482
375.799
360.873
346.651
333.074
320.063
307.529
295.367
283.466
271.706
259.966
248.126
236.07
223.692
210.906
197.651
183.908
169.706
155.141
140.376
125.648
111.258
97.553
84.8932
73.6226
64.0401
56.3911
50.9052
47.9496
48.3423
53.4403
64.2256
79.9109
97.9237
115.332
130.072
141.213
148.658
152.743
153.96
152.807
149.726
145.086
139.192
132.293
124.598
116.289
107.529
98.4686
89.2526
80.0209
70.9099
62.0516
53.5716
45.5866
38.2011
31.5036
25.5626
20.4217
16.0939
12.558
9.75877
7.61362
6.0276
4.91072
4.18643
3.78312
3.62297
3.62715
3.73
3.88571
4.06578
4.25333
4.43837
4.61483
4.77943
4.92609
5.10445
98.3525
101.14
106.176
113.441
123.212
135.737
151.063
168.958
188.868
209.948
231.16
251.413
269.688
285.151
297.236
305.676
310.496
311.964
310.519
306.69
301.017
293.997
286.046
277.483
268.536
259.351
250.016
240.57
231.026
221.373
211.587
201.635
191.478
181.074
170.385
159.381
148.049
136.403
124.493
112.416
100.317
88.3931
76.8823
66.0446
56.1362
47.379
39.9361
33.9012
29.3097
26.1764
24.6072
25.1315
29.1548
38.4571
53.289
71.508
89.9861
106.262
119.079
128.14
133.681
136.161
136.077
133.891
130.001
124.743
118.396
111.202
103.369
95.087
86.5278
77.8538
69.2185
60.7666
52.6332
44.9415
37.8005
31.3015
25.5145
20.4843
16.2257
12.7215
9.92238
7.75313
6.12332
4.94222
4.13242
3.63313
3.38855
3.33588
3.41006
3.55693
3.73935
3.9349
4.13085
4.31996
4.49796
4.66287
4.80927
4.98785
21.6046
21.8836
22.2122
22.6393
23.2376
24.0952
25.3126
27.0061
29.3045
32.3393
36.2307
41.0699
46.8999
53.6979
61.3639
69.7165
78.4999
87.4018
96.08
104.195
111.44
117.57
122.419
125.902
128.009
128.793
128.35
126.798
124.262
120.861
116.701
111.872
106.451
100.502
94.087
87.2669
80.1134
72.7139
65.1773
57.6371
50.2486
43.1813
36.605
30.6717
25.4963
21.1435
17.6231
14.8992
12.9106
11.5978
10.9359
11.0776
12.8757
18.3595
29.3844
45.2875
63.1926
80.1392
94.2881
104.926
112.052
116.008
117.247
116.229
113.368
109.023
103.506
97.0841
89.9938
82.446
74.6326
66.7298
58.8998
51.2909
44.0362
37.2523
31.0363
25.4631
20.5824
16.4156
12.9533
10.1566
7.96123
6.28635
5.04594
4.16085
3.56855
3.22335
3.08355
3.09925
3.21629
3.38878
3.5855
3.78811
3.98669
4.17595
4.35288
4.51644
4.66161
4.84014
8.847
8.91769
8.98
9.0341
9.085
9.141
9.21258
9.31257
9.45664
9.66337
9.95417
10.3531
10.8865
11.5819
12.4672
13.5687
14.9083
16.4999
18.3456
20.4308
22.7217
25.1636
27.6824
30.1883
32.5826
34.7647
36.6405
38.1283
39.1645
39.7059
39.7306
39.2368
38.2414
36.7776
34.8931
32.6484
30.1162
27.3795
24.5303
21.6656
18.8821
16.2691
13.9
11.8256
10.0708
8.63466
7.49694
6.6261
5.98936
5.56276
5.33523
5.31087
5.67211
7.43374
12.8332
23.4648
38.1378
53.958
68.4156
80.1378
88.6814
94.1359
96.831
97.1722
95.5624
92.3709
87.9263
82.5184
76.4038
69.8119
62.9488
56.0002
49.1331
42.4954
36.2155
30.4006
25.1348
20.4771
16.4592
13.0835
10.3242
8.13032
6.43286
5.15422
4.21797
3.55816
3.12637
2.89051
2.8218
2.88186
3.02542
3.21267
3.41639
3.62105
3.81875
4.00566
4.17981
4.34088
4.48404
4.66222
5.58395
5.59743
5.60795
5.61498
5.61843
5.61888
5.61742
5.61557
5.61537
5.61941
5.63079
5.65314
5.69057
5.74756
5.8289
5.93946
6.08402
6.26697
6.49194
6.76138
7.07609
7.43468
7.83309
8.26412
8.71718
9.17813
9.62962
10.0516
10.4226
10.7208
10.9259
11.0209
10.9935
10.8377
10.5544
10.1518
9.64564
9.05744
8.41348
7.74232
7.07223
6.42855
5.83158
5.29539
4.82767
4.43062
4.10246
3.83914
3.63602
3.49029
3.40391
3.37836
3.41197
3.68165
5.14917
9.76955
18.7551
30.9331
43.8646
55.535
64.8702
71.5304
75.5943
77.3338
77.0889
75.2056
72.0098
67.7987
62.8398
57.373
51.6127
45.7495
39.9514
34.3634
29.1074
24.2812
19.957
16.1802
12.9679
10.3096
8.16933
6.49164
5.20978
4.25418
3.56032
3.07541
2.76354
2.60454
2.58185
2.6684
2.82687
3.02177
3.22817
3.4321
3.627
3.81017
3.98049
4.13825
4.27877
4.45617
4.2484
4.2506
4.25092
4.24928
4.24559
4.23988
4.23228
4.223
4.21236
4.2008
4.18887
4.17727
4.16679
4.15837
4.15302
4.15182
4.15588
4.16626
4.18391
4.2096
4.2438
4.28664
4.33773
4.39619
4.46049
4.52847
4.59729
4.66351
4.72315
4.77189
4.80531
4.81915
4.80974
4.77428
4.71125
4.62061
4.50394
4.36446
4.20677
4.03651
3.85986
3.68298
3.5115
3.35012
3.20242
3.07075
2.95639
2.85984
2.78108
2.72008
2.6781
2.65818
2.65689
2.67333
2.88517
4.0698
7.64921
14.477
23.7181
33.5774
42.508
49.6378
54.6563
57.5927
58.6469
58.0899
56.2104
53.2895
49.5895
45.3492
40.7832
36.0812
31.4085
26.905
22.6856
18.8391
15.4271
12.4835
10.0146
8.00069
6.40168
5.16367
4.22709
3.53388
3.03281
2.68375
2.46122
2.35431
2.35726
2.45463
2.61753
2.81404
3.02001
3.22168
3.41293
3.59175
3.7577
3.91164
4.04899
4.22509
3.56652
3.56467
3.56159
3.55725
3.55163
3.5447
3.5365
3.52707
3.51645
3.50474
3.49206
3.47854
3.46436
3.44973
3.43488
3.42008
3.40562
3.39179
3.37889
3.3672
3.35693
3.34823
3.34115
3.33561
3.33137
3.32803
3.32502
3.32159
3.31684
3.30976
3.29925
3.28421
3.26364
3.23666
3.20268
3.16143
3.11305
3.05809
2.99755
2.93277
2.86539
2.79716
2.72986
2.66512
2.60431
2.54849
2.49836
2.45433
2.41657
2.38508
2.36003
2.3425
2.33302
2.32563
2.33077
2.51224
3.41377
5.92649
10.6101
17.0123
23.9769
30.3908
35.5528
39.1652
41.2033
41.796
41.1462
39.4846
37.0441
34.046
30.6935
27.1675
23.6254
20.1992
16.9952
14.0923
11.542
9.36777
7.56764
6.11786
4.97948
4.10562
3.44818
2.96277
2.61186
2.36682
2.21031
2.13742
2.15017
2.24425
2.40062
2.59186
2.79394
2.99199
3.1792
3.35356
3.51501
3.66488
3.79864
3.97283
3.18634
3.1811
3.17515
3.16846
3.16099
3.15273
3.14367
3.1338
3.12314
3.11171
3.09951
3.08659
3.07298
3.05872
3.04386
3.02847
3.01259
2.99632
2.97974
2.96292
2.94594
2.92888
2.9118
2.89472
2.87763
2.86048
2.84317
2.82556
2.80745
2.78859
2.76871
2.74753
2.72478
2.70023
2.67369
2.6451
2.61449
2.58204
2.54807
2.51303
2.47745
2.44196
2.40717
2.37368
2.34199
2.31246
2.28534
2.2607
2.2385
2.2186
2.20077
2.18498
2.17155
2.1592
2.14402
2.14587
2.29331
2.91932
4.51374
7.40471
11.4071
15.8837
20.1161
23.5807
26.0102
27.3414
27.6417
27.0508
25.7415
23.8953
21.6876
19.2797
16.813
14.4061
12.1525
10.1192
8.34646
6.84935
5.62146
4.64036
3.8741
3.28722
2.84535
2.51807
2.28026
2.11298
2.00484
1.95395
1.96618
2.04581
2.18463
2.36204
2.55512
2.74722
2.92967
3.09952
3.25654
3.40226
3.53216
3.70379
2.96942
2.96084
2.95192
2.94262
2.93291
2.92276
2.91217
2.9011
2.88956
2.87754
2.86503
2.85204
2.83857
2.82463
2.81021
2.79533
2.77999
2.76421
2.74799
2.73135
2.71432
2.69691
2.67915
2.66106
2.64265
2.62393
2.60491
2.58556
2.56588
2.54582
2.52536
2.50443
2.48302
2.46108
2.43862
2.41566
2.39226
2.36856
2.34469
2.32086
2.29731
2.27428
2.252
2.2307
2.21051
2.19153
2.17375
2.15708
2.14135
2.12631
2.11163
2.09694
2.08201
2.06659
2.04919
2.02946
2.02869
2.13293
2.52361
3.43945
5.04353
7.2744
9.83323
12.324
14.4087
15.8819
16.6693
16.7952
16.3456
15.4383
14.2027
12.7654
11.2411
9.72666
8.29742
7.00565
5.88109
4.93361
4.15757
3.53702
3.05068
2.67597
2.39161
2.17911
2.02323
1.91232
1.8392
1.80302
1.81003
1.86899
1.98126
2.13538
2.31219
2.49404
2.66979
2.8345
2.98698
3.12851
3.25435
3.42277
2.84765
2.83604
2.82431
2.81244
2.80041
2.78817
2.77572
2.76304
2.75012
2.73693
2.72348
2.70976
2.69575
2.68146
2.66689
2.65201
2.63684
2.62135
2.60556
2.58946
2.57305
2.55632
2.53929
2.52196
2.50434
2.48644
2.46828
2.44988
2.43124
2.41238
2.39334
2.37412
2.35477
2.33531
2.3158
2.2963
2.27689
2.25766
2.23872
2.22018
2.20215
2.18476
2.16809
2.1522
2.13711
2.12276
2.10907
2.09586
2.08291
2.06993
2.05655
2.04236
2.02695
2.01004
1.99127
1.96989
1.94785
1.94204
2.00274
2.21949
2.69682
3.50155
4.60944
5.89367
7.16842
8.25445
9.02618
9.42671
9.45964
9.17138
8.63281
7.92396
7.12264
6.29673
5.49961
4.7684
4.12459
3.57647
3.12254
2.75507
2.46316
2.23502
2.05938
1.92629
1.82735
1.7559
1.70758
1.68176
1.68316
1.72086
1.80217
1.92497
2.07694
2.24199
2.40708
2.5647
2.71184
2.84883
2.97032
3.13484
2.78221
2.76816
2.75412
2.74005
2.72595
2.71179
2.69756
2.68324
2.66883
2.6543
2.63966
2.62489
2.60999
2.59495
2.57977
2.56444
2.54895
2.5333
2.51748
2.50149
2.48532
2.46897
2.45244
2.43573
2.41886
2.40181
2.38461
2.36728
2.34983
2.33229
2.31469
2.29707
2.27947
2.26194
2.24453
2.22732
2.21037
2.19375
2.17755
2.16184
2.14668
2.13213
2.1182
2.10491
2.09219
2.07995
2.06807
2.05634
2.04452
2.03231
2.01938
2.00531
1.98969
1.9722
1.95268
1.93097
1.9071
1.8836
1.87147
1.89694
2.00072
2.22491
2.59216
3.08842
3.66002
4.22834
4.71365
5.05587
5.22486
5.22013
5.06398
4.79222
4.44542
4.0621
3.67439
3.30595
2.9719
2.67996
2.43217
2.22681
2.05998
1.92682
1.82227
1.74159
1.68057
1.63565
1.60431
1.58594
1.58336
1.60355
1.65525
1.74305
1.8628
2.00319
2.1515
2.29815
2.4378
2.56914
2.68562
2.84533
2.74919
2.73342
2.71768
2.70197
2.68627
2.67059
2.6549
2.6392
2.62349
2.60775
2.59197
2.57616
2.56031
2.54441
2.52847
2.51248
2.49643
2.48033
2.46417
2.44794
2.43165
2.41529
2.39887
2.38239
2.36584
2.34924
2.3326
2.31594
2.29926
2.2826
2.26598
2.24944
2.23301
2.21675
2.20069
2.18491
2.16944
2.15436
2.13972
2.12556
2.11192
2.09881
2.08625
2.07417
2.06252
2.05119
2.04001
2.0288
2.01731
2.00526
1.99234
1.97817
1.96239
1.9447
1.92495
1.90314
1.87941
1.8542
1.82962
1.81189
1.81351
1.85178
1.9427
2.09291
2.2942
2.52363
2.74948
2.93988
3.07061
3.12936
3.11604
3.04017
2.91702
2.76368
2.59617
2.42759
2.26746
2.12182
1.99375
1.88417
1.79254
1.71743
1.65701
1.6093
1.57238
1.54446
1.52416
1.51096
1.50623
1.51429
1.54229
1.59729
1.68163
1.79067
1.91502
2.04493
2.17316
2.29645
2.40649
2.55994
2.73373
2.71686
2.70004
2.68324
2.66647
2.64973
2.63301
2.61631
2.59961
2.58293
2.56626
2.54959
2.53293
2.51628
2.49963
2.48299
2.46636
2.44973
2.43311
2.41651
2.39991
2.38332
2.36675
2.3502
2.33367
2.31718
2.30072
2.28433
2.26801
2.25178
2.23567
2.21971
2.20393
2.18836
2.17306
2.15806
2.14341
2.12914
2.1153
2.10192
2.08901
2.07657
2.06458
2.05298
2.0417
2.03061
2.01957
2.00838
1.99681
1.98461
1.97147
1.95709
1.94115
1.92338
1.90365
1.88199
1.85857
1.8337
1.80793
1.78268
1.76119
1.74899
1.75303
1.77921
1.82933
1.89938
1.97998
2.05876
2.1236
2.1654
2.17959
2.16618
2.12881
2.07328
2.0061
1.93342
1.8603
1.79052
1.72653
1.66969
1.62051
1.5789
1.5444
1.51633
1.49387
1.4762
1.46256
1.45259
1.44683
1.44757
1.45936
1.48844
1.54004
1.61518
1.70976
1.81645
1.92782
2.03913
2.14015
2.28492
2.727
2.70953
2.69208
2.67465
2.65725
2.63986
2.62249
2.60514
2.58781
2.5705
2.5532
2.53593
2.51868
2.50146
2.48427
2.46711
2.44999
2.4329
2.41586
2.39887
2.38193
2.36504
2.34822
2.33147
2.3148
2.29821
2.28172
2.26534
2.24909
2.23299
2.21705
2.20131
2.18579
2.17052
2.15554
2.14087
2.12656
2.11264
2.09912
2.08602
2.07335
2.0611
2.04922
2.03767
2.02635
2.01515
2.00392
1.99248
1.98061
1.96809
1.95464
1.93998
1.92386
1.90605
1.88644
1.86506
1.84206
1.81773
1.79241
1.76662
1.74123
1.71784
1.6988
1.68681
1.684
1.69089
1.70584
1.72528
1.74459
1.7593
1.76605
1.76311
1.75039
1.72913
1.70138
1.6695
1.63573
1.60198
1.56971
1.53989
1.5131
1.48956
1.46929
1.4521
1.43768
1.42565
1.41561
1.4073
1.40091
1.3975
1.39953
1.41112
1.43721
1.48157
1.54471
1.62347
1.71234
1.80665
1.89487
2.02722
2.72421
2.70644
2.68868
2.67092
2.65317
2.63543
2.6177
2.59999
2.58228
2.56459
2.54692
2.52927
2.51165
2.49405
2.47649
2.45897
2.4415
2.42407
2.40671
2.3894
2.37217
2.35502
2.33795
2.32097
2.3041
2.28735
2.27072
2.25423
2.2379
2.22175
2.20579
2.19005
2.17455
2.15932
2.14438
2.12977
2.11551
2.10162
2.08811
2.075
2.06227
2.04991
2.03788
2.02611
2.01453
2.00301
1.99142
1.97959
1.96732
1.9544
1.94059
1.92564
1.90935
1.89151
1.87205
1.85098
1.82845
1.8047
1.78002
1.75476
1.72934
1.70428
1.68039
1.65866
1.64014
1.62561
1.61527
1.60852
1.60412
1.60043
1.59586
1.58918
1.5797
1.5673
1.55234
1.53547
1.51748
1.49914
1.4811
1.4639
1.44787
1.43322
1.42003
1.40827
1.3978
1.38844
1.37996
1.37219
1.36515
1.35931
1.35586
1.35705
1.36623
1.38712
1.42248
1.47275
1.53567
1.60833
1.67949
1.79441
2.72304
2.70513
2.68721
2.6693
2.65138
2.63347
2.61555
2.59764
2.57974
2.56185
2.54397
2.52611
2.50827
2.49045
2.47267
2.45493
2.43723
2.41958
2.40199
2.38447
2.36702
2.34966
2.33239
2.31522
2.29816
2.28123
2.26444
2.2478
2.23133
2.21505
2.19898
2.18313
2.16752
2.15219
2.13716
2.12244
2.10805
2.09402
2.08035
2.06705
2.05409
2.04147
2.02913
2.01702
2.00504
1.99311
1.98107
1.96879
1.95607
1.94273
1.92855
1.91333
1.89686
1.87902
1.85971
1.83896
1.81689
1.79371
1.76968
1.74509
1.72025
1.69547
1.6711
1.64756
1.62529
1.60474
1.58622
1.56982
1.55536
1.54244
1.5305
1.519
1.50747
1.49564
1.4834
1.4708
1.45801
1.44524
1.4327
1.42059
1.40905
1.39817
1.38797
1.37844
1.3695
1.36102
1.35286
1.34488
1.33707
1.32961
1.32306
1.31852
1.31781
1.32349
1.33831
1.36433
1.40196
1.45085
1.5018
1.59394
2.72246
2.70449
2.6865
2.66851
2.65051
2.63251
2.61451
2.5965
2.5785
2.56051
2.54252
2.52455
2.50659
2.48865
2.47075
2.45287
2.43504
2.41725
2.39952
2.38186
2.36426
2.34675
2.32933
2.31201
2.29481
2.27773
2.26078
2.244
2.22738
2.21095
2.19472
2.17872
2.16296
2.14747
2.13226
2.11735
2.10277
2.08851
2.07459
2.061
2.04774
2.03477
2.02206
2.00954
1.99713
1.98474
1.97223
1.95948
1.94631
1.93256
1.91803
1.90254
1.88594
1.86808
1.84893
1.82848
1.80686
1.78423
1.76082
1.73689
1.7127
1.6885
1.66454
1.64106
1.61831
1.59651
1.57587
1.55654
1.53857
1.52192
1.50646
1.49202
1.47838
1.46537
1.45286
1.44075
1.42902
1.41766
1.40669
1.39612
1.38597
1.37624
1.36689
1.35789
1.34916
1.34059
1.33206
1.32347
1.31479
1.3061
1.29764
1.28993
1.28386
1.28084
1.28271
1.29147
1.30858
1.33552
1.36597
1.43158
2.72209
2.70408
2.68606
2.66802
2.64998
2.63194
2.61389
2.59584
2.57778
2.55973
2.54169
2.52366
2.50563
2.48763
2.46965
2.45171
2.4338
2.41593
2.39811
2.38035
2.36266
2.34504
2.32751
2.31008
2.29276
2.27556
2.25849
2.24157
2.22482
2.20824
2.19186
2.1757
2.15977
2.1441
2.12869
2.11357
2.09874
2.08423
2.07003
2.05613
2.04253
2.02919
2.01608
2.00314
1.99029
1.97744
1.96448
1.95127
1.93768
1.92354
1.90869
1.89297
1.87624
1.85839
1.83939
1.81923
1.79803
1.77591
1.75309
1.72978
1.70622
1.68263
1.65921
1.63617
1.61367
1.59188
1.57094
1.55095
1.53199
1.5141
1.49727
1.48146
1.46658
1.45257
1.43931
1.42674
1.41477
1.40335
1.39241
1.38192
1.37182
1.36205
1.35257
1.3433
1.33415
1.32503
1.31583
1.30647
1.2969
1.28717
1.27739
1.26781
1.25885
1.25118
1.24581
1.24405
1.2472
1.25719
1.27037
1.30924
2.72179
2.70375
2.68571
2.66765
2.64958
2.63151
2.61343
2.59534
2.57726
2.55918
2.5411
2.52303
2.50497
2.48693
2.46891
2.45091
2.43295
2.41503
2.39715
2.37933
2.36156
2.34388
2.32627
2.30875
2.29133
2.27403
2.25686
2.23983
2.22295
2.20624
2.18972
2.17341
2.15731
2.14145
2.12585
2.11051
2.09545
2.08067
2.06618
2.05198
2.03804
2.02434
2.01084
1.99749
1.98421
1.97093
1.95754
1.94391
1.92992
1.91543
1.90029
1.88437
1.86754
1.84972
1.83086
1.81098
1.79016
1.76853
1.74625
1.72352
1.70055
1.67753
1.65466
1.6321
1.61
1.58851
1.56772
1.54773
1.52861
1.51039
1.4931
1.47673
1.46125
1.44662
1.43278
1.41966
1.4072
1.39533
1.38397
1.37306
1.36253
1.3523
1.3423
1.33245
1.32266
1.31283
1.30288
1.29272
1.28233
1.27171
1.26093
1.25012
1.23948
1.22933
1.22015
1.21264
1.20761
1.20649
1.20767
1.2237
2.72152
2.70346
2.6854
2.66732
2.64923
2.63113
2.61303
2.59492
2.57682
2.55871
2.5406
2.52251
2.50442
2.48635
2.46829
2.45026
2.43226
2.4143
2.39638
2.37851
2.36069
2.34294
2.32527
2.30768
2.29019
2.27281
2.25554
2.23841
2.22142
2.2046
2.18795
2.17149
2.15523
2.1392
2.12341
2.10786
2.09257
2.07755
2.06279
2.04828
2.03402
2.01998
2.00611
1.99238
1.97871
1.96503
1.95123
1.93723
1.92288
1.90808
1.89269
1.87659
1.85969
1.84189
1.82318
1.80356
1.7831
1.76191
1.74014
1.71795
1.69553
1.67305
1.65069
1.62859
1.60691
1.58576
1.56523
1.5454
1.52634
1.50809
1.49066
1.47407
1.45829
1.44329
1.42905
1.41549
1.40257
1.39022
1.37837
1.36694
1.35587
1.34507
1.33446
1.32397
1.3135
1.30297
1.29229
1.2814
1.27026
1.25889
1.24731
1.23562
1.22391
1.21234
1.20114
1.19063
1.18124
1.17374
1.16792
1.16739
2.72127
2.7032
2.68511
2.66701
2.6489
2.63079
2.61266
2.59454
2.57641
2.55828
2.54015
2.52203
2.50392
2.48582
2.46774
2.44968
2.43165
2.41365
2.39569
2.37778
2.35992
2.34212
2.32439
2.30674
2.28918
2.27172
2.25438
2.23715
2.22007
2.20313
2.18636
2.16977
2.15337
2.13718
2.12121
2.10547
2.08997
2.07471
2.05969
2.04491
2.03035
2.01599
2.00179
1.9877
1.97367
1.95962
1.94546
1.93111
1.91645
1.90138
1.88577
1.86953
1.85256
1.83481
1.81623
1.79686
1.77673
1.75595
1.73464
1.71295
1.69104
1.66906
1.64718
1.62553
1.60424
1.58342
1.56316
1.54354
1.5246
1.50639
1.48894
1.47223
1.45628
1.44105
1.4265
1.4126
1.3993
1.38652
1.37421
1.36229
1.35069
1.33933
1.32815
1.31704
1.30595
1.29477
1.28344
1.27191
1.26014
1.24813
1.23591
1.22353
1.21107
1.1986
1.18624
1.17414
1.16252
1.15159
1.14221
1.13131
2.72103
2.70294
2.68484
2.66672
2.6486
2.63046
2.61232
2.59418
2.57603
2.55788
2.53973
2.52159
2.50345
2.48533
2.46722
2.44914
2.43108
2.41305
2.39505
2.3771
2.3592
2.34135
2.32357
2.30587
2.28825
2.27072
2.2533
2.23599
2.21882
2.20178
2.1849
2.16818
2.15165
2.13531
2.11917
2.10325
2.08755
2.07208
2.05682
2.04179
2.02695
2.01229
1.99778
1.98338
1.96902
1.95464
1.94016
1.9255
1.91056
1.89525
1.87945
1.86309
1.84608
1.82837
1.80993
1.79078
1.77096
1.75055
1.72967
1.70844
1.687
1.6655
1.64406
1.62283
1.60191
1.58141
1.56141
1.54199
1.52319
1.50505
1.4876
1.47083
1.45476
1.43934
1.42456
1.41038
1.39674
1.38359
1.37087
1.35851
1.34643
1.33458
1.32287
1.31122
1.29957
1.28783
1.27594
1.26385
1.25154
1.239
1.22626
1.21335
1.20032
1.18723
1.17414
1.16111
1.1483
1.13558
1.12449
1.10775
2.72081
2.70271
2.68459
2.66646
2.64831
2.63016
2.612
2.59384
2.57567
2.5575
2.53933
2.52117
2.50301
2.48486
2.46673
2.44862
2.43053
2.41247
2.39444
2.37645
2.35851
2.34062
2.3228
2.30504
2.28736
2.26977
2.25228
2.2349
2.21764
2.20051
2.18352
2.16669
2.15004
2.13356
2.11727
2.10118
2.0853
2.06962
2.05415
2.03888
2.02379
2.00887
1.99407
1.97937
1.96472
1.95004
1.93528
1.92034
1.90516
1.88963
1.87368
1.85721
1.84017
1.82251
1.80421
1.78526
1.76573
1.74567
1.72518
1.70437
1.68337
1.6623
1.64128
1.62044
1.59987
1.57967
1.55993
1.5407
1.52204
1.50398
1.48654
1.46974
1.45356
1.438
1.42302
1.40859
1.39466
1.38118
1.3681
1.35534
1.34285
1.33055
1.31837
1.30625
1.29411
1.28189
1.26952
1.25697
1.2442
1.23123
1.21805
1.20471
1.19125
1.17769
1.16409
1.15048
1.13698
1.12326
1.11133
1.09152
2.7206
2.70249
2.68435
2.6662
2.64805
2.62988
2.6117
2.59352
2.57533
2.55714
2.53895
2.52077
2.50259
2.48442
2.46627
2.44813
2.43001
2.41192
2.39386
2.37584
2.35786
2.33993
2.32206
2.30426
2.28652
2.26887
2.25132
2.23386
2.21652
2.1993
2.18222
2.16529
2.14851
2.13191
2.11548
2.09924
2.08318
2.06732
2.05165
2.03617
2.02085
2.00568
1.99063
1.97567
1.96075
1.94581
1.93078
1.91561
1.9002
1.88449
1.8684
1.85186
1.8348
1.81719
1.79901
1.78026
1.76099
1.74124
1.72111
1.70069
1.6801
1.65943
1.6388
1.61832
1.59808
1.57818
1.55868
1.53964
1.52111
1.50314
1.48573
1.4689
1.45265
1.43696
1.4218
1.40715
1.39297
1.3792
1.36579
1.35269
1.33982
1.32713
1.31455
1.30202
1.28946
1.27682
1.26404
1.2511
1.23796
1.22462
1.21109
1.1974
1.18359
1.16967
1.1557
1.14167
1.12772
1.11341
1.10101
1.07959
2.72041
2.70228
2.68413
2.66597
2.6478
2.62961
2.61142
2.59322
2.57501
2.55681
2.5386
2.5204
2.5022
2.48401
2.46583
2.44767
2.42952
2.4114
2.39331
2.37526
2.35724
2.33928
2.32136
2.30351
2.28573
2.26802
2.2504
2.23288
2.21547
2.19817
2.181
2.16397
2.14709
2.13036
2.1138
2.09742
2.08121
2.06518
2.04933
2.03364
2.01812
2.00273
1.98745
1.97225
1.95709
1.94191
1.92666
1.91127
1.89567
1.87981
1.8636
1.84698
1.82992
1.81236
1.7943
1.77574
1.7567
1.73725
1.71746
1.6974
1.67717
1.65688
1.63662
1.61648
1.59656
1.57693
1.55766
1.53881
1.52043
1.50254
1.48517
1.46833
1.45201
1.43622
1.42091
1.40608
1.39167
1.37765
1.36395
1.35054
1.33735
1.32432
1.31138
1.29848
1.28557
1.27257
1.25945
1.24617
1.23272
1.21908
1.20526
1.19129
1.17719
1.16299
1.14872
1.13438
1.1201
1.10539
1.09269
1.07037
2.72023
2.70209
2.68393
2.66575
2.64756
2.62937
2.61116
2.59294
2.57472
2.55649
2.53827
2.52005
2.50183
2.48362
2.46541
2.44723
2.42906
2.41091
2.3928
2.37471
2.35666
2.33866
2.3207
2.30281
2.28498
2.26722
2.24955
2.23196
2.21448
2.19711
2.17986
2.16273
2.14575
2.12892
2.11224
2.09572
2.07937
2.06319
2.04717
2.03131
2.0156
2.00001
1.98452
1.96911
1.95373
1.93834
1.92289
1.90731
1.89155
1.87555
1.85924
1.84258
1.82552
1.80802
1.79007
1.77169
1.75288
1.73371
1.71422
1.6945
1.67462
1.65468
1.63477
1.61496
1.59534
1.57597
1.55694
1.53827
1.52003
1.50224
1.48492
1.46808
1.45173
1.43585
1.42043
1.40543
1.39083
1.37658
1.36265
1.34897
1.33549
1.32216
1.30892
1.29571
1.28248
1.26919
1.25577
1.24222
1.22849
1.2146
1.20054
1.18633
1.17199
1.15755
1.14304
1.12845
1.11391
1.09892
1.08599
1.06314
2.72007
2.70192
2.68374
2.66555
2.64735
2.62914
2.61091
2.59268
2.57445
2.5562
2.53796
2.51972
2.50148
2.48325
2.46503
2.44682
2.42863
2.41046
2.39231
2.3742
2.35612
2.33808
2.32009
2.30215
2.28428
2.26647
2.24875
2.23111
2.21356
2.19612
2.17879
2.16159
2.14451
2.12758
2.11079
2.09416
2.07768
2.06136
2.04519
2.02917
2.01329
1.99752
1.98185
1.96625
1.95069
1.93511
1.91948
1.90375
1.88785
1.87174
1.85536
1.83867
1.82162
1.80419
1.78637
1.76816
1.74958
1.73067
1.71148
1.69208
1.67254
1.65294
1.63336
1.61387
1.59454
1.57544
1.55664
1.53817
1.52008
1.50239
1.48514
1.46833
1.45196
1.43602
1.4205
1.40538
1.39062
1.37619
1.36204
1.34813
1.33441
1.32083
1.30733
1.29386
1.28037
1.26681
1.25315
1.23935
1.22539
1.21128
1.197
1.18258
1.16804
1.1534
1.13868
1.12388
1.10913
1.09393
1.08082
1.05763
2.71992
2.70176
2.68357
2.66537
2.64716
2.62893
2.61069
2.59245
2.57419
2.55594
2.53768
2.51942
2.50117
2.48292
2.46467
2.44644
2.42823
2.41004
2.39187
2.37372
2.35561
2.33755
2.31952
2.30155
2.28363
2.26579
2.24801
2.23032
2.21272
2.19522
2.17782
2.16055
2.14339
2.12637
2.10949
2.09275
2.07616
2.05972
2.04342
2.02726
2.01123
1.99532
1.97949
1.96373
1.94801
1.93228
1.91651
1.90065
1.88465
1.86847
1.85205
1.83535
1.81835
1.80101
1.78333
1.76531
1.74696
1.72832
1.70944
1.69036
1.67116
1.65189
1.63264
1.61347
1.59444
1.57562
1.55705
1.53878
1.52086
1.5033
1.48614
1.46937
1.453
1.43704
1.42146
1.40624
1.39136
1.37678
1.36246
1.34836
1.33444
1.32064
1.30692
1.29322
1.2795
1.26572
1.25183
1.23782
1.22365
1.20933
1.19486
1.18025
1.16552
1.1507
1.1358
1.12084
1.10594
1.0906
1.07739
1.05406
2.71979
2.70162
2.68342
2.66521
2.64698
2.62874
2.61049
2.59224
2.57397
2.5557
2.53743
2.51915
2.50088
2.48261
2.46436
2.44611
2.42788
2.40966
2.39147
2.3733
2.35517
2.33708
2.31902
2.30102
2.28307
2.26519
2.24738
2.22964
2.212
2.19445
2.177
2.15966
2.14244
2.12535
2.10839
2.09157
2.0749
2.05836
2.04196
2.02569
2.00955
1.99352
1.97758
1.96171
1.94587
1.93005
1.91419
1.89825
1.8822
1.866
1.84959
1.83295
1.81603
1.79883
1.78133
1.76353
1.74544
1.7271
1.70853
1.6898
1.67095
1.65204
1.63313
1.61429
1.59557
1.57703
1.55872
1.54067
1.52293
1.50552
1.48846
1.47177
1.45544
1.43947
1.42386
1.40858
1.3936
1.37891
1.36446
1.35021
1.33611
1.32213
1.30822
1.29432
1.28039
1.2664
1.2523
1.23808
1.22371
1.2092
1.19455
1.17977
1.1649
1.14994
1.13495
1.11991
1.10498
1.08965
1.07647
1.05336
2.71968
2.7015
2.68329
2.66507
2.64684
2.62859
2.61033
2.59206
2.57379
2.5555
2.53722
2.51894
2.50065
2.48238
2.46411
2.44585
2.4276
2.40937
2.39117
2.37299
2.35484
2.33673
2.31867
2.30065
2.28268
2.26478
2.24695
2.22919
2.21152
2.19394
2.17647
2.1591
2.14185
2.12473
2.10773
2.09087
2.07415
2.05756
2.04111
2.0248
2.00861
1.99252
1.97654
1.96063
1.94476
1.92891
1.91305
1.89713
1.88112
1.86498
1.84867
1.83216
1.81542
1.79843
1.78117
1.76366
1.74588
1.72788
1.70968
1.69132
1.67285
1.65431
1.63577
1.61728
1.59889
1.58065
1.56261
1.5448
1.52726
1.51001
1.49308
1.47648
1.46021
1.44427
1.42865
1.41333
1.3983
1.38352
1.36896
1.35458
1.34034
1.32619
1.31209
1.298
1.28387
1.26967
1.25537
1.24096
1.22642
1.21176
1.197
1.18216
1.16727
1.15236
1.13749
1.12265
1.10801
1.09307
1.08028
1.05816
2.71961
2.70142
2.68321
2.66499
2.64675
2.62851
2.61024
2.59198
2.5737
2.55542
2.53714
2.51886
2.50058
2.48231
2.46404
2.44579
2.42756
2.40934
2.39115
2.37298
2.35485
2.33676
2.31871
2.30071
2.28277
2.26489
2.24709
2.22936
2.21172
2.19418
2.17674
2.15941
2.14219
2.12511
2.10816
2.09134
2.07467
2.05813
2.04174
2.02549
2.00936
1.99335
1.97745
1.96163
1.94586
1.93013
1.9144
1.89864
1.88281
1.86687
1.85079
1.83453
1.81807
1.80139
1.78448
1.76733
1.74994
1.73233
1.71454
1.69659
1.67852
1.66039
1.64223
1.6241
1.60604
1.58811
1.57034
1.55278
1.53545
1.51838
1.50159
1.48509
1.4689
1.453
1.4374
1.42207
1.407
1.39215
1.3775
1.363
1.34862
1.33432
1.32005
1.30577
1.29147
1.27712
1.2627
1.24821
1.23367
1.2191
1.20454
1.19002
1.17559
1.1613
1.14719
1.1333
1.11976
1.10616
1.09461
1.07525
2.71969
2.70152
2.68334
2.66513
2.64692
2.6287
2.61047
2.59223
2.574
2.55576
2.53752
2.51929
2.50106
2.48285
2.46465
2.44647
2.42831
2.41018
2.39207
2.374
2.35597
2.33799
2.32006
2.30218
2.28437
2.26663
2.24897
2.2314
2.21393
2.19655
2.17929
2.16215
2.14514
2.12826
2.11153
2.09494
2.0785
2.06221
2.04607
2.03007
2.01422
1.99849
1.98287
1.96735
1.9519
1.93649
1.92109
1.90567
1.89018
1.87461
1.8589
1.84304
1.82698
1.81071
1.79421
1.77748
1.76052
1.74334
1.72597
1.70844
1.69078
1.67303
1.65524
1.63746
1.61973
1.6021
1.58461
1.56729
1.55018
1.5333
1.51667
1.50031
1.48422
1.46841
1.45285
1.43755
1.42247
1.40759
1.39287
1.3783
1.36383
1.34944
1.33511
1.32083
1.3066
1.29242
1.27834
1.26437
1.25057
1.237
1.22372
1.21078
1.19824
1.18617
1.17461
1.16359
1.15321
1.14323
1.13492
1.12228
2.7205
2.70242
2.68434
2.66626
2.64817
2.63008
2.61199
2.59392
2.57584
2.55778
2.53974
2.52171
2.5037
2.48572
2.46776
2.44984
2.43195
2.4141
2.39629
2.37854
2.36084
2.3432
2.32563
2.30813
2.29071
2.27338
2.25614
2.23901
2.22198
2.20508
2.1883
2.17165
2.15514
2.13878
2.12258
2.10653
2.09063
2.0749
2.05931
2.04388
2.02858
2.01341
1.99835
1.98337
1.96845
1.95356
1.93867
1.92373
1.90873
1.89361
1.87835
1.86291
1.84726
1.8314
1.8153
1.79896
1.78238
1.76559
1.7486
1.73145
1.71417
1.69679
1.67938
1.66196
1.64459
1.6273
1.61014
1.59315
1.57635
1.55976
1.54342
1.52731
1.51146
1.49585
1.48049
1.46535
1.45043
1.43572
1.4212
1.40687
1.39275
1.37886
1.36524
1.35195
1.33905
1.32663
1.31479
1.30361
1.29321
1.28366
1.27505
1.26743
1.26087
1.2554
1.25104
1.24781
1.2457
1.24488
1.24466
1.24814
2.72473
2.70705
2.68938
2.67173
2.65411
2.63651
2.61894
2.6014
2.5839
2.56643
2.549
2.53161
2.51427
2.49698
2.47973
2.46255
2.44542
2.42836
2.41136
2.39443
2.37758
2.3608
2.34412
2.32752
2.31101
2.29461
2.27832
2.26213
2.24607
2.23013
2.21431
2.19863
2.18308
2.16768
2.15241
2.13728
2.12229
2.10742
2.09268
2.07805
2.0635
2.04904
2.03463
2.02024
2.00585
1.99143
1.97696
1.96238
1.94769
1.93285
1.91783
1.90262
1.8872
1.87157
1.85573
1.83968
1.82345
1.80704
1.7905
1.77385
1.75712
1.74036
1.72361
1.7069
1.69027
1.67376
1.6574
1.64121
1.62524
1.60948
1.59397
1.57871
1.56372
1.54902
1.53463
1.52059
1.50693
1.49374
1.48108
1.46909
1.4579
1.44767
1.4386
1.43089
1.42474
1.42034
1.41789
1.41752
1.41936
1.42349
1.42995
1.43873
1.44981
1.46314
1.47867
1.49638
1.51601
1.53873
1.55906
1.60241
2.74378
2.72743
2.71114
2.69491
2.67874
2.66264
2.6466
2.63063
2.61472
2.59889
2.58312
2.56742
2.55178
2.53621
2.52071
2.50528
2.48992
2.47462
2.45939
2.44423
2.42914
2.41412
2.39916
2.38427
2.36946
2.35471
2.34003
2.32542
2.31087
2.29639
2.28197
2.26761
2.25331
2.23905
2.22483
2.21064
2.19647
2.18231
2.16815
2.15396
2.13974
2.12547
2.11114
2.09672
2.08222
2.06762
2.05293
2.03813
2.02325
2.00828
1.99324
1.97815
1.96304
1.94792
1.93281
1.91775
1.90274
1.88782
1.873
1.85829
1.84373
1.82931
1.81507
1.80102
1.78719
1.77359
1.76026
1.74723
1.73456
1.7223
1.71053
1.69935
1.68889
1.6793
1.6708
1.66363
1.65809
1.65454
1.65336
1.65499
1.65988
1.66851
1.68132
1.69872
1.72106
1.7486
1.7815
1.8198
1.86344
1.91223
1.96594
2.02424
2.08676
2.15315
2.22303
2.29621
2.37178
2.45279
2.52373
2.65773
2.82184
2.8092
2.79665
2.78417
2.77177
2.75944
2.74717
2.73496
2.72279
2.71066
2.69856
2.68648
2.67441
2.66235
2.65029
2.63821
2.62611
2.61398
2.60181
2.58959
2.5773
2.56495
2.55252
2.54
2.52737
2.51464
2.50179
2.4888
2.47567
2.46239
2.44895
2.43534
2.42156
2.4076
2.39347
2.37916
2.36469
2.35007
2.33532
2.32047
2.30556
2.29064
2.27576
2.261
2.24642
2.23211
2.21816
2.20466
2.19168
2.17932
2.16764
2.1567
2.14654
2.13719
2.12866
2.12094
2.11401
2.10784
2.10242
2.09771
2.0937
2.09039
2.08782
2.08603
2.08514
2.08528
2.08664
2.08949
2.09413
2.10099
2.11053
2.12334
2.14009
2.16154
2.18853
2.22199
2.2629
2.31224
2.37099
2.44007
2.52028
2.61222
2.7163
2.83263
2.96101
3.10092
3.2515
3.41158
3.57977
3.75449
3.93404
4.11669
4.30074
4.4846
4.66679
4.84617
5.02076
5.19403
5.34228
5.5823
3.12276
3.11916
3.11551
3.11178
3.10795
3.104
3.09991
3.09567
3.09124
3.08661
3.08176
3.07667
3.07132
3.0657
3.05978
3.05355
3.047
3.04011
3.03286
3.02525
3.01728
3.00893
3.00021
2.99111
2.98166
2.97187
2.96175
2.95135
2.94071
2.92989
2.91894
2.90797
2.89707
2.88636
2.87598
2.8661
2.8569
2.84858
2.84137
2.83549
2.83121
2.82877
2.82845
2.83048
2.83511
2.84253
2.85291
2.8664
2.88305
2.9029
2.92592
2.95203
2.98111
3.01302
3.04762
3.08477
3.12439
3.16644
3.21096
3.25812
3.30818
3.36154
3.41878
3.48058
3.54781
3.6215
3.70284
3.79314
3.89388
4.00664
4.13309
4.27493
4.43386
4.61151
4.80935
5.02861
5.27019
5.53453
5.82153
6.13047
6.45989
6.80759
7.17059
7.54519
7.92706
8.3114
8.69307
9.06689
9.4278
9.77106
10.0924
10.3883
10.6558
10.8928
11.0981
11.2705
11.411
11.5166
11.5962
11.6404
4.45493
4.48125
4.50729
4.53304
4.55848
4.58361
4.60844
4.63297
4.65723
4.68122
4.70499
4.72856
4.75199
4.77533
4.79865
4.82203
4.84557
4.86938
4.89359
4.91835
4.94384
4.97024
4.99779
5.02674
5.05736
5.08998
5.12494
5.16262
5.20347
5.24793
5.2965
5.34972
5.40816
5.4724
5.54308
5.6208
5.70621
5.79993
5.90255
6.01461
6.1366
6.26893
6.41189
6.56566
6.73026
6.90559
7.09135
7.28713
7.49235
7.70634
7.92834
8.15757
8.39329
8.63488
8.88186
9.13404
9.3915
9.65472
9.92453
10.2022
10.4893
10.7879
11.1001
11.4285
11.7756
12.1439
12.5358
12.9534
13.3984
13.8721
14.3748
14.9063
15.4654
16.0498
16.6561
17.2796
17.9146
18.5539
19.1894
19.8117
20.4109
20.9766
21.4984
21.9665
22.3717
22.7066
22.9652
23.144
23.2415
23.2584
23.1976
23.0636
22.8627
22.6018
22.2891
21.931
21.5407
21.1026
20.7164
19.9829
14.3546
14.61
14.8667
15.1249
15.3845
15.6457
15.9084
16.1729
16.4391
16.7072
16.9774
17.2499
17.5249
17.8026
18.0833
18.3673
18.655
18.9467
19.2428
19.5438
19.8502
20.1624
20.4811
20.8067
21.1399
21.4813
21.8314
22.191
22.5607
22.941
23.3326
23.736
24.1519
24.5806
25.0228
25.4788
25.9489
26.4335
26.9327
27.4467
27.9755
28.519
29.0772
29.6498
30.2365
30.8371
31.451
32.0777
32.7168
33.3675
34.0292
34.7011
35.3822
36.0717
36.7684
37.4713
38.1791
38.8904
39.6039
40.318
41.0313
41.7421
42.4489
43.1498
43.8431
44.5266
45.1979
45.8542
46.4919
47.1067
47.6934
48.2455
48.7555
49.2145
49.6126
49.9387
50.1812
50.3283
50.3684
50.291
50.0874
49.7513
49.2794
48.6719
47.9327
47.0693
46.0927
45.0166
43.8568
42.6308
41.3564
40.0513
38.7325
37.4155
36.115
34.8413
33.6147
32.4035
31.384
29.7634
92.6293
93.8852
95.1066
96.2905
97.4345
98.5363
99.5937
100.605
101.567
102.478
103.337
104.141
104.888
105.576
106.205
106.771
107.273
107.71
108.079
108.38
108.61
108.769
108.854
108.865
108.8
108.657
108.436
108.136
107.754
107.29
106.744
106.114
105.4
104.601
103.718
102.751
101.7
100.567
99.3529
98.0604
96.6923
95.2526
93.7455
92.1767
90.5524
88.88
87.1675
85.4239
83.659
81.8832
80.107
78.3416
76.5978
74.8863
73.2172
71.5996
70.0419
68.5508
67.1321
65.7896
64.5259
63.342
62.2375
61.2109
60.2594
59.3797
58.5678
57.8192
57.1296
56.4946
55.9101
55.3723
54.8777
54.4232
54.0057
53.6222
53.2696
52.9443
52.6421
52.3582
52.087
51.8225
51.5582
51.2875
51.0041
50.7026
50.3782
50.0276
49.6488
49.2412
48.8054
48.3433
47.8575
47.3504
46.8253
46.2824
45.7347
45.1526
44.6718
43.7713
0.239939
0.236915
0.35414
0.436496
0.479987
0.505402
0.528372
0.569207
0.656888
0.848054
1.2724
2.06133
3.27465
4.94022
7.06199
9.62598
12.6076
15.9776
19.7058
23.7635
28.1253
32.7697
37.68
42.8441
48.2545
53.9072
59.8006
65.9343
72.3074
78.9168
85.7565
92.8173
100.087
107.552
115.196
123.006
130.979
139.15
147.56
156.083
164.664
173.246
181.736
190.016
197.933
205.307
211.929
217.572
221.997
224.973
226.298
225.826
223.491
219.319
213.441
206.1
197.626
188.442
179.089
170.241
161.866
153.79
146.13
139.034
132.614
126.938
122.03
117.879
114.444
111.662
109.455
107.732
106.402
105.371
104.552
103.867
103.243
102.616
101.929
101.137
100.2
99.09
97.7873
96.2787
94.5566
92.6162
90.4535
88.0647
85.4487
82.6115
79.5716
76.3622
73.0308
69.6345
66.2356
62.891
59.6676
56.55
53.9218
50.0259
0.931937
0.589807
0.543919
0.589741
0.688299
0.844232
1.08558
1.45283
1.9857
2.71487
3.66549
4.85338
6.276
7.91726
9.75726
11.7791
13.972
16.3307
18.8535
21.5402
24.3898
27.4002
30.5674
33.8861
37.35
40.952
44.6842
48.538
52.5034
56.569
60.7216
64.9462
69.2277
73.5539
77.9182
82.323
86.7824
91.3263
95.994
100.745
105.531
110.33
115.113
119.835
124.433
128.827
132.915
136.573
139.663
142.041
143.561
144.103
143.585
141.977
139.319
135.712
131.313
126.364
121.131
115.859
110.702
105.753
101.103
96.8326
93.0011
89.6431
86.7698
84.3721
82.424
80.8859
79.7073
78.8304
78.1927
77.7302
77.3801
77.0818
76.779
76.4207
75.9626
75.3672
74.6042
73.6508
72.4919
71.1199
69.5339
67.7393
65.7459
63.5669
61.2182
58.7192
56.0941
53.3727
50.5908
47.7875
45.0044
42.274
39.6448
37.0698
34.8641
31.451
1.77019
0.965406
0.913719
1.00666
1.19563
1.49382
1.92622
2.51396
3.26685
4.18508
5.26504
6.50326
7.89741
9.44708
11.1557
13.0305
15.0806
17.314
19.735
22.3436
25.1349
28.1006
31.2307
34.5142
37.9409
41.5013
45.1873
48.9916
52.908
56.9308
61.0551
65.2771
69.5946
74.0081
78.5195
83.1313
87.8451
92.6599
97.5626
102.561
107.642
112.79
117.986
123.196
128.374
133.45
138.329
142.885
146.97
150.411
153.018
154.611
155.049
154.24
152.189
149.009
144.882
140.049
134.769
129.293
123.835
118.558
113.586
109.013
104.902
101.284
98.1678
95.5378
93.3617
91.5926
90.1729
89.0376
88.1172
87.341
86.6395
85.9466
85.2017
84.3512
83.35
82.1616
80.7587
79.1241
77.2503
75.1396
72.8033
70.2609
67.5373
64.6606
61.66
58.565
55.4059
52.2154
49.0289
45.8826
42.8128
39.8474
37.0231
34.303
31.9482
28.5137
2.56841
1.3519
1.29846
1.43887
1.69993
2.08417
2.60241
3.26012
4.05632
4.98788
6.05388
7.25744
8.60544
10.1075
11.7749
13.6198
15.6536
17.8852
20.3206
22.9621
25.8089
28.8578
32.1042
35.5428
39.1683
42.9762
46.9622
51.1226
55.4537
59.9522
64.6141
69.4354
74.4125
79.5415
84.8172
90.2313
95.7711
101.422
107.17
113.004
118.913
124.878
130.879
136.888
142.867
148.758
154.479
159.916
164.93
169.351
172.957
175.514
176.824
176.747
175.243
172.384
168.348
163.381
157.774
151.816
145.768
139.846
134.213
128.99
124.251
120.035
116.348
113.171
110.464
108.171
106.222
104.544
103.056
101.678
100.332
98.9448
97.4526
95.8
93.9431
91.8491
89.4977
86.8811
84.0039
80.8827
77.5453
74.0286
70.3757
66.6318
62.8401
59.0401
55.2677
51.5564
47.9381
44.4432
41.0994
37.9261
34.9484
32.1274
29.6967
26.2768
3.20408
1.67604
1.61453
1.78207
2.0781
2.49403
3.03139
3.6907
4.47157
5.37503
6.40504
7.56861
8.87531
10.3368
11.9668
13.7803
15.7931
18.0206
20.4764
23.1722
26.1166
29.3157
32.7731
36.4909
40.4694
44.7082
49.2061
53.9608
58.9691
64.2259
69.7246
75.4562
81.4094
87.5705
93.9227
100.444
107.105
113.877
120.724
127.615
134.517
141.397
148.216
154.935
161.519
167.923
174.088
179.936
185.369
190.252
194.399
197.584
199.566
200.138
199.18
196.697
192.827
187.814
181.966
175.608
169.043
162.525
156.255
150.373
144.971
140.093
135.747
131.908
128.529
125.547
122.884
120.455
118.173
115.95
113.704
111.36
108.854
106.134
103.163
99.9171
96.3894
92.5862
88.5286
84.2509
79.7995
75.2305
70.6052
65.9852
61.4266
56.9769
52.6742
48.5492
44.6269
40.9274
37.4662
34.2507
31.2914
28.5447
26.2059
23.0284
3.73409
1.91544
1.83135
2.00564
2.31187
2.73277
3.26558
3.91042
4.66921
5.54595
6.54683
7.68036
8.95769
10.3931
12.0045
13.8128
15.8414
18.1145
20.656
23.4877
26.6286
30.0944
33.8972
38.0453
42.5442
47.3967
52.6025
58.159
64.0602
70.2968
76.8557
83.7192
90.865
98.2661
105.891
113.7
121.648
129.674
137.717
145.713
153.598
161.305
168.766
175.916
182.701
189.08
195.026
200.528
205.579
210.149
214.15
217.41
219.682
220.693
220.221
218.17
214.602
209.726
203.845
197.301
190.423
183.494
176.739
170.318
164.332
158.831
153.823
149.282
145.156
141.376
137.86
134.518
131.259
127.995
124.646
121.14
117.421
113.447
109.194
104.655
99.8371
94.7673
89.485
84.043
78.5057
72.946
67.4405
62.0633
56.8792
51.9392
47.2802
42.9272
38.8964
35.1963
31.8292
28.7883
26.0666
23.6152
21.5689
18.9196
4.17634
2.07768
1.96069
2.13054
2.43799
2.85894
3.38865
4.02808
4.78129
5.65458
6.65636
7.79769
9.09321
10.5621
12.2284
14.121
16.2721
18.7154
21.4846
24.6119
28.1261
32.0523
36.4094
41.21
46.4618
52.1674
58.3242
64.9243
71.9545
79.3959
87.2237
95.4066
103.906
112.678
121.668
130.816
140.047
149.27
158.389
167.306
175.918
184.118
191.801
198.87
205.253
210.91
215.851
220.142
223.895
227.237
230.246
232.88
234.941
236.109
236.043
234.503
231.431
226.951
221.328
214.894
207.987
200.905
193.886
187.105
180.669
174.634
169.01
163.77
158.864
154.221
149.759
145.391
141.03
136.594
132.012
127.224
122.189
116.88
111.294
105.44
99.3505
93.0691
86.6545
80.1766
73.714
67.3516
61.1753
55.2651
49.6884
44.4951
39.7186
35.378
31.4815
28.0271
25.0016
22.38
20.1311
18.1945
16.6287
14.7275
4.49567
2.1775
2.03195
2.19987
2.51528
2.9496
3.49821
4.16461
4.95645
5.88406
6.9603
8.20141
9.62818
11.267
13.1499
15.315
17.8045
20.6605
23.9257
27.6398
31.8384
36.5499
41.795
47.5851
53.9233
60.8041
68.214
76.1319
84.5291
93.37
102.611
112.203
122.085
132.19
142.444
152.753
163.007
173.087
182.867
192.212
200.985
209.045
216.255
222.498
227.687
231.796
234.872
237.062
238.61
239.829
241.016
242.331
243.694
244.769
245.088
244.219
241.919
238.177
233.176
227.21
220.605
213.664
206.633
199.696
192.968
186.511
180.34
174.435
168.75
163.219
157.769
152.321
146.801
141.141
135.286
129.195
122.848
116.24
109.389
102.329
95.1104
87.798
80.4663
73.1978
66.0803
59.204
52.6565
46.5171
40.8497
35.7005
31.0992
27.061
23.5858
20.6549
18.2295
16.2526
14.6585
13.3671
12.3683
11.2378
4.71622
2.23777
2.08145
2.26724
2.6185
3.10619
3.73037
4.50188
5.43681
6.55438
7.87662
9.4291
11.2422
13.3518
15.7986
18.627
21.8848
25.6192
29.8747
34.6898
40.0947
46.1094
52.7421
59.9888
67.8336
76.2502
85.2033
94.6486
104.535
114.805
125.394
136.229
147.233
158.315
169.365
180.263
190.878
201.068
210.683
219.564
227.551
234.484
240.218
244.633
247.658
249.296
249.649
248.948
247.564
245.991
244.759
244.276
244.637
245.536
246.367
246.461
245.324
242.749
238.794
233.689
227.738
221.241
214.451
207.561
200.7
193.94
187.307
180.792
174.359
167.959
161.531
155.014
148.353
141.502
134.427
127.114
119.566
111.805
103.871
95.8217
87.7263
79.6656
71.7264
63.9988
56.5736
49.5399
42.9805
36.9675
31.5579
26.7935
22.7001
19.2832
16.5195
14.3526
12.6979
11.4564
10.5319
9.83592
9.32615
8.78776
4.86767
2.28355
2.15546
2.41061
2.87024
3.51577
4.36546
5.45188
6.81321
8.489
10.5183
12.9391
15.7881
19.1007
22.912
27.2564
32.1665
37.67
43.7869
50.5276
57.8914
65.8657
74.4272
83.5399
93.1571
103.226
113.687
124.475
135.522
146.757
158.1
169.467
180.756
191.86
202.66
213.027
222.817
231.88
240.054
247.174
253.076
257.605
260.632
262.068
261.887
260.156
257.056
252.91
248.204
243.579
239.765
237.407
236.808
237.728
239.423
240.942
241.476
240.567
238.114
234.271
229.313
223.541
217.223
210.567
203.721
196.773
189.769
182.717
175.602
168.392
161.05
153.54
145.831
137.904
129.753
121.392
112.85
104.176
95.4324
86.6961
78.0533
69.596
61.418
53.6118
46.2658
39.4622
33.2731
27.7586
22.9657
18.9263
15.6494
13.1058
11.2196
9.87717
8.95146
8.32545
7.90566
7.62103
7.43186
7.25426
4.96867
2.35074
2.34635
2.8135
3.60024
4.74365
6.3342
8.47654
11.2637
14.7609
18.999
23.9716
29.6487
35.9865
42.9365
50.4515
58.49
67.0123
75.9791
85.3505
95.0852
105.141
115.477
126.043
136.784
147.647
158.583
169.529
180.42
191.188
201.759
212.052
221.978
231.436
240.311
248.476
255.793
262.11
267.269
271.114
273.496
274.288
273.402
270.806
266.554
260.803
253.833
246.073
238.106
230.676
224.645
220.839
219.75
221.219
224.369
227.931
230.727
232.008
231.501
229.283
225.613
220.805
215.15
208.884
202.181
195.155
187.877
180.381
172.677
164.76
156.623
148.256
139.661
130.846
121.839
112.68
103.426
94.148
84.9298
75.8634
67.0459
58.5758
50.5486
43.054
36.1726
29.9734
24.5108
19.8252
15.9427
12.8669
10.561
8.93367
7.85038
7.16611
6.75498
6.5221
6.4017
6.34884
6.33575
6.3493
5.04704
2.54294
2.98913
4.24511
6.36906
9.70269
14.6199
21.3373
29.8076
39.752
50.7833
62.5029
74.5635
86.6958
98.7111
110.491
121.985
133.168
144.033
154.587
164.845
174.829
184.582
194.094
203.358
212.364
221.095
229.535
237.658
245.426
252.792
259.691
266.048
271.77
276.75
280.864
283.978
285.947
286.623
285.869
283.563
279.623
274.019
266.799
258.109
248.21
237.492
226.478
215.828
206.341
198.938
194.547
193.803
196.618
201.978
208.268
213.91
217.853
219.658
219.348
217.186
213.515
208.666
202.91
196.457
189.456
182.008
174.179
166.01
157.53
148.761
139.729
130.465
121.013
111.426
101.773
92.1352
82.6034
73.2759
64.2549
55.6428
47.5385
40.0336
33.2084
27.128
21.8378
17.3624
13.7084
10.8624
8.77797
7.35853
6.46396
5.94461
5.67391
5.55996
5.54112
5.57745
5.64278
5.71852
5.82632
5.07581
3.47507
6.57566
13.2725
25.04
42.3477
64.0543
88.3431
113.342
137.449
159.628
179.386
196.61
211.419
224.048
234.78
243.973
251.862
258.659
264.561
269.747
274.359
278.489
282.237
285.678
288.854
291.783
294.467
296.889
299.015
300.796
302.163
303.034
303.31
302.875
301.601
299.35
295.984
291.369
285.388
277.962
269.061
258.725
247.088
234.389
220.986
207.355
194.083
181.856
171.467
163.828
159.911
160.462
165.458
173.743
183.338
192.265
199.184
203.525
205.284
204.753
202.32
198.365
193.206
187.093
180.215
172.709
164.677
156.196
147.329
138.134
128.668
118.997
109.192
99.3367
89.5226
79.8495
70.4225
61.3487
52.734
44.6795
37.2776
30.6076
24.7305
19.6827
15.4713
12.0774
9.4618
7.56524
6.29518
5.5223
5.1047
4.9199
4.8788
4.92259
5.01374
5.1285
5.25163
5.37014
5.522
5.23558
19.7996
62.3039
120.748
184.513
245.454
297.853
339.746
371.237
392.932
406.647
414.348
417.661
417.806
415.674
411.936
407.038
401.394
395.336
389.106
382.876
376.763
370.837
365.137
359.675
354.443
349.412
344.539
339.766
335.022
330.221
325.265
320.042
314.428
308.289
301.486
293.878
285.332
275.734
265.003
253.105
240.075
226.028
211.178
195.845
180.449
165.504
151.588
139.335
129.44
122.724
120.172
122.67
130.325
141.872
154.988
167.316
177.266
184.167
188.011
189.129
187.964
184.946
180.442
174.747
168.091
160.65
152.564
143.947
134.897
125.505
115.864
106.067
96.2153
86.4129
76.7703
67.4004
58.4156
49.925
42.0305
34.8237
28.3806
22.7567
17.9792
14.0412
10.9024
8.49831
6.75351
5.58115
4.8735
4.50751
4.3688
4.3699
4.45197
4.57792
4.72461
4.87755
5.02769
5.16548
5.33623
14.417
312.027
577.202
747.097
829.512
851.25
837.947
807.456
770.467
733.063
697.668
664.803
634.282
605.792
579.103
554.09
530.688
508.846
488.51
469.604
452.033
435.689
420.459
406.232
392.904
380.371
368.535
357.293
346.536
336.15
326.011
315.989
305.946
295.738
285.223
274.259
262.718
250.489
237.496
223.705
209.144
193.917
178.212
162.306
146.561
131.408
117.313
104.759
94.2157
86.1715
81.2561
80.4178
84.7739
94.7432
109.122
125.338
140.704
153.402
162.661
168.46
171.155
171.23
169.16
165.357
160.155
153.827
146.586
138.61
130.048
121.034
111.692
102.142
92.5058
82.9048
73.4616
64.2978
55.5322
47.277
39.6348
32.6949
26.5285
21.1834
16.6776
12.9938
10.0788
7.85275
6.22588
5.1119
4.42451
4.06757
3.94144
3.96076
4.06409
4.21193
4.38012
4.55394
4.72425
4.88567
5.03083
5.20815
)
;

boundaryField
{
    outlet
    {
        type            zeroGradient;
    }
    inlet
    {
        type            fixedValue;
        value           uniform 3.54;
    }
    lowerWall
    {
        Cmu             0.09;
        kappa           0.41;
        E               9.8;
        type            epsilonWallFunction;
        value           nonuniform List<scalar> 
148
(
105.266
143.991
186.347
230.922
275.888
319.404
359.842
395.969
427.03
452.73
473.149
488.639
499.723
507.003
511.103
512.613
512.073
509.952
506.649
502.496
497.761
492.661
487.366
482.007
476.688
471.483
466.451
461.64
457.04
452.887
448.142
448.03
427.233
0.239939
0.931937
1.77019
2.56841
3.20408
3.73409
4.17634
4.49567
4.71622
4.86767
4.96867
5.04704
5.07581
5.23558
14.417
0.239939
0.236915
0.35414
0.436496
0.479987
0.505402
0.528372
0.569207
0.656888
0.848054
1.2724
2.06133
3.27465
4.94022
7.06199
9.62598
12.6076
15.9776
19.7058
23.7635
28.1253
32.7697
37.68
42.8441
48.2545
53.9072
59.8006
65.9343
72.3074
78.9168
85.7565
92.8173
100.087
107.552
115.196
123.006
130.979
139.15
147.56
156.083
164.664
173.246
181.736
190.016
197.933
205.307
211.929
217.572
221.997
224.973
226.298
225.826
223.491
219.319
213.441
206.1
197.626
188.442
179.089
170.241
161.866
153.79
146.13
139.034
132.614
126.938
122.03
117.879
114.444
111.662
109.455
107.732
106.402
105.371
104.552
103.867
103.243
102.616
101.929
101.137
100.2
99.09
97.7873
96.2787
94.5566
92.6162
90.4535
88.0647
85.4487
82.6115
79.5716
76.3622
73.0308
69.6345
66.2356
62.891
59.6676
56.55
53.9218
50.0259
)
;
    }
    upperWall
    {
        Cmu             0.09;
        kappa           0.41;
        E               9.8;
        type            epsilonWallFunction;
        value           nonuniform List<scalar> 
133
(
30.2673
32.7691
35.3054
37.8488
40.3863
42.91
45.413
47.8883
50.3292
52.7298
55.0848
57.3895
59.64
61.8329
63.9655
66.0357
68.0417
69.9825
71.8573
73.6659
75.4082
77.0847
78.696
80.2429
81.7264
83.1479
84.5087
85.8103
87.0543
88.2423
89.3762
90.4573
91.4886
92.6293
93.8852
95.1066
96.2905
97.4345
98.5363
99.5937
100.605
101.567
102.478
103.337
104.141
104.888
105.576
106.205
106.771
107.273
107.71
108.079
108.38
108.61
108.769
108.854
108.865
108.8
108.657
108.436
108.136
107.754
107.29
106.744
106.114
105.4
104.601
103.718
102.751
101.7
100.567
99.3529
98.0604
96.6923
95.2526
93.7455
92.1767
90.5524
88.88
87.1675
85.4239
83.659
81.8832
80.107
78.3416
76.5978
74.8863
73.2172
71.5996
70.0419
68.5508
67.1321
65.7896
64.5259
63.342
62.2375
61.2109
60.2594
59.3797
58.5678
57.8192
57.1296
56.4946
55.9101
55.3723
54.8777
54.4232
54.0057
53.6222
53.2696
52.9443
52.6421
52.3582
52.087
51.8225
51.5582
51.2875
51.0041
50.7026
50.3782
50.0276
49.6488
49.2412
48.8054
48.3433
47.8575
47.3504
46.8253
46.2824
45.7347
45.1526
44.6718
43.7713
)
;
    }
    frontAndBack
    {
        type            empty;
    }
}


// ************************************************************************* //
