/*--------------------------------*- C++ -*----------------------------------*\
| =========                 |                                                 |
| \\      /  F ield         | OpenFOAM: The Open Source CFD Toolbox           |
|  \\    /   O peration     | Version:  4.1                                   |
|   \\  /    A nd           | Web:      www.OpenFOAM.org                      |
|    \\/     M anipulation  |                                                 |
\*---------------------------------------------------------------------------*/
FoamFile
{
    version     2.0;
    format      ascii;
    class       volScalarField;
    location    "200";
    object      p;
}
// * * * * * * * * * * * * * * * * * * * * * * * * * * * * * * * * * * * * * //

dimensions      [0 2 -2 0 0 0 0];

internalField   nonuniform List<scalar> 
6820
(
-8.39797
-9.19782
-9.65856
-9.80377
-9.88282
-9.95772
-10.0183
-10.0647
-10.1044
-10.141
-10.175
-10.2067
-10.2365
-10.265
-10.2922
-10.3186
-10.3441
-10.3691
-10.3936
-10.4179
-10.4422
-10.4665
-10.4912
-10.5163
-10.5422
-10.569
-10.5971
-10.6268
-10.6584
-10.693
-10.7295
-10.775
-10.804
-10.0717
-10.2375
-10.2234
-10.1442
-10.1024
-10.0997
-10.1105
-10.1249
-10.1432
-10.165
-10.189
-10.2137
-10.2388
-10.2639
-10.289
-10.3138
-10.3384
-10.3628
-10.387
-10.4112
-10.4353
-10.4597
-10.4843
-10.5094
-10.5352
-10.5619
-10.5898
-10.6191
-10.6503
-10.684
-10.7208
-10.7645
-10.8185
-10.0501
-9.86208
-9.84372
-9.87856
-9.92085
-9.9697
-10.0169
-10.0583
-10.0957
-10.1312
-10.1648
-10.1965
-10.2266
-10.2554
-10.283
-10.3096
-10.3355
-10.3607
-10.3854
-10.4099
-10.4342
-10.4585
-10.4831
-10.508
-10.5335
-10.5598
-10.5871
-10.6158
-10.6461
-10.6786
-10.7136
-10.7535
-10.7947
-9.96788
-9.86559
-9.91527
-9.97629
-10.0102
-10.0413
-10.0735
-10.1032
-10.1309
-10.1582
-10.1853
-10.2117
-10.2375
-10.2628
-10.2877
-10.3122
-10.3363
-10.3601
-10.3837
-10.4073
-10.4309
-10.4546
-10.4786
-10.5031
-10.5281
-10.5538
-10.5805
-10.6083
-10.6374
-10.6683
-10.7007
-10.7354
-10.7696
-9.96029
-9.92049
-9.95291
-9.99102
-10.0137
-10.0392
-10.069
-10.0982
-10.126
-10.1536
-10.181
-10.2078
-10.234
-10.2596
-10.2847
-10.3094
-10.3336
-10.3575
-10.3812
-10.4047
-10.4283
-10.4519
-10.4757
-10.4998
-10.5244
-10.5497
-10.5756
-10.6025
-10.6304
-10.6593
-10.6892
-10.7199
-10.7496
-9.9694
-9.94939
-9.96555
-9.99568
-10.0201
-10.0461
-10.0751
-10.1035
-10.1308
-10.1577
-10.1843
-10.2103
-10.2358
-10.2608
-10.2853
-10.3093
-10.333
-10.3564
-10.3796
-10.4027
-10.4258
-10.4489
-10.4723
-10.4959
-10.5199
-10.5444
-10.5695
-10.5952
-10.6216
-10.6487
-10.6762
-10.7036
-10.7297
-9.97873
-9.96765
-9.97899
-10.0056
-10.0301
-10.0546
-10.0814
-10.1084
-10.1346
-10.1605
-10.1861
-10.2114
-10.2362
-10.2606
-10.2845
-10.3081
-10.3314
-10.3544
-10.3772
-10.3999
-10.4226
-10.4453
-10.4682
-10.4913
-10.5147
-10.5385
-10.5627
-10.5873
-10.6123
-10.6375
-10.6628
-10.6875
-10.7108
-9.9887
-9.98371
-9.99358
-10.0164
-10.0393
-10.0622
-10.0871
-10.1128
-10.138
-10.163
-10.1878
-10.2123
-10.2365
-10.2603
-10.2837
-10.3068
-10.3296
-10.3522
-10.3746
-10.3969
-10.4191
-10.4413
-10.4637
-10.4862
-10.5089
-10.5318
-10.555
-10.5785
-10.602
-10.6256
-10.6488
-10.6713
-10.6924
-9.99944
-9.99818
-10.0072
-10.0266
-10.0478
-10.0695
-10.0929
-10.1172
-10.1414
-10.1655
-10.1895
-10.2132
-10.2367
-10.2599
-10.2827
-10.3053
-10.3276
-10.3497
-10.3716
-10.3934
-10.4151
-10.4368
-10.4586
-10.4805
-10.5024
-10.5245
-10.5467
-10.5689
-10.5911
-10.6131
-10.6346
-10.6552
-10.6745
-10.0104
-10.0112
-10.0197
-10.0366
-10.0562
-10.0767
-10.0987
-10.1216
-10.1448
-10.1679
-10.191
-10.214
-10.2368
-10.2593
-10.2816
-10.3036
-10.3253
-10.3469
-10.3683
-10.3896
-10.4108
-10.4319
-10.4531
-10.4742
-10.4954
-10.5166
-10.5377
-10.5588
-10.5797
-10.6002
-10.6201
-10.6391
-10.6569
-10.0213
-10.0232
-10.0313
-10.0463
-10.0643
-10.0836
-10.1043
-10.126
-10.1481
-10.1703
-10.1926
-10.2148
-10.2368
-10.2586
-10.2803
-10.3017
-10.3229
-10.3439
-10.3648
-10.3855
-10.4061
-10.4266
-10.4471
-10.4675
-10.4878
-10.5081
-10.5283
-10.5482
-10.5679
-10.587
-10.6055
-10.6231
-10.6395
-10.0319
-10.0343
-10.0421
-10.0556
-10.0722
-10.0903
-10.1097
-10.1303
-10.1513
-10.1726
-10.194
-10.2154
-10.2367
-10.2579
-10.2789
-10.2997
-10.3203
-10.3407
-10.361
-10.3811
-10.4011
-10.4209
-10.4407
-10.4604
-10.4799
-10.4992
-10.5184
-10.5372
-10.5557
-10.5736
-10.5908
-10.6072
-10.6224
-10.0421
-10.0446
-10.0521
-10.0644
-10.0797
-10.0966
-10.115
-10.1344
-10.1544
-10.1748
-10.1953
-10.216
-10.2365
-10.257
-10.2773
-10.2975
-10.3175
-10.3373
-10.3569
-10.3764
-10.3958
-10.415
-10.434
-10.4529
-10.4715
-10.49
-10.5081
-10.5259
-10.5433
-10.56
-10.5761
-10.5913
-10.6055
-10.0517
-10.0543
-10.0614
-10.0727
-10.0868
-10.1027
-10.12
-10.1383
-10.1574
-10.1769
-10.1966
-10.2164
-10.2362
-10.256
-10.2756
-10.2951
-10.3145
-10.3337
-10.3527
-10.3715
-10.3902
-10.4087
-10.427
-10.445
-10.4629
-10.4804
-10.4976
-10.5144
-10.5306
-10.5463
-10.5613
-10.5755
-10.5887
-10.0607
-10.0633
-10.07
-10.0804
-10.0935
-10.1084
-10.1247
-10.1421
-10.1602
-10.1788
-10.1976
-10.2167
-10.2357
-10.2548
-10.2738
-10.2926
-10.3113
-10.3298
-10.3482
-10.3664
-10.3843
-10.4021
-10.4196
-10.4369
-10.4539
-10.4705
-10.4868
-10.5026
-10.5179
-10.5325
-10.5465
-10.5597
-10.5721
-10.0692
-10.0716
-10.0779
-10.0877
-10.0998
-10.1138
-10.1291
-10.1455
-10.1627
-10.1805
-10.1985
-10.2168
-10.2351
-10.2534
-10.2717
-10.2899
-10.3079
-10.3258
-10.3435
-10.361
-10.3782
-10.3952
-10.412
-10.4285
-10.4446
-10.4604
-10.4757
-10.4906
-10.5049
-10.5187
-10.5317
-10.5441
-10.5556
-10.077
-10.0793
-10.0853
-10.0943
-10.1056
-10.1187
-10.1332
-10.1487
-10.1651
-10.1819
-10.1992
-10.2167
-10.2343
-10.2519
-10.2695
-10.287
-10.3043
-10.3215
-10.3385
-10.3553
-10.3718
-10.3881
-10.4041
-10.4198
-10.4351
-10.45
-10.4645
-10.4785
-10.4919
-10.5047
-10.5169
-10.5284
-10.5392
-10.0842
-10.0864
-10.0919
-10.1004
-10.111
-10.1232
-10.1369
-10.1516
-10.1671
-10.1832
-10.1996
-10.2164
-10.2332
-10.2502
-10.267
-10.2838
-10.3005
-10.317
-10.3333
-10.3494
-10.3652
-10.3808
-10.396
-10.4109
-10.4254
-10.4395
-10.4531
-10.4662
-10.4788
-10.4908
-10.5021
-10.5128
-10.5228
-10.0907
-10.0928
-10.098
-10.1059
-10.1158
-10.1273
-10.1402
-10.1541
-10.1688
-10.1841
-10.1998
-10.2158
-10.232
-10.2482
-10.2644
-10.2805
-10.2965
-10.3123
-10.3279
-10.3433
-10.3584
-10.3732
-10.3877
-10.4018
-10.4155
-10.4287
-10.4415
-10.4538
-10.4656
-10.4768
-10.4873
-10.4973
-10.5065
-10.0966
-10.0985
-10.1034
-10.1108
-10.1201
-10.1309
-10.143
-10.1562
-10.1702
-10.1848
-10.1998
-10.215
-10.2305
-10.246
-10.2615
-10.277
-10.2923
-10.3074
-10.3223
-10.337
-10.3514
-10.3654
-10.3792
-10.3925
-10.4054
-10.4179
-10.4299
-10.4414
-10.4523
-10.4627
-10.4725
-10.4818
-10.4904
-10.1017
-10.1035
-10.1081
-10.1151
-10.1238
-10.134
-10.1455
-10.1579
-10.1712
-10.1851
-10.1994
-10.214
-10.2287
-10.2436
-10.2584
-10.2732
-10.2878
-10.3023
-10.3165
-10.3305
-10.3441
-10.3575
-10.3705
-10.3831
-10.3952
-10.4069
-10.4182
-10.4289
-10.4391
-10.4487
-10.4578
-10.4663
-10.4742
-10.1062
-10.1079
-10.1122
-10.1187
-10.1269
-10.1366
-10.1474
-10.1592
-10.1718
-10.185
-10.1987
-10.2126
-10.2267
-10.2409
-10.2551
-10.2692
-10.2831
-10.2969
-10.3105
-10.3238
-10.3367
-10.3494
-10.3616
-10.3735
-10.3849
-10.3959
-10.4064
-10.4164
-10.4258
-10.4348
-10.4431
-10.451
-10.4582
-10.1099
-10.1115
-10.1156
-10.1217
-10.1295
-10.1386
-10.1488
-10.1601
-10.1721
-10.1846
-10.1976
-10.2109
-10.2244
-10.2379
-10.2515
-10.2649
-10.2783
-10.2914
-10.3043
-10.3169
-10.3292
-10.3411
-10.3527
-10.3638
-10.3745
-10.3848
-10.3946
-10.4038
-10.4126
-10.4208
-10.4285
-10.4357
-10.4423
-10.1129
-10.1145
-10.1183
-10.1241
-10.1314
-10.14
-10.1497
-10.1604
-10.1718
-10.1838
-10.1962
-10.2089
-10.2218
-10.2347
-10.2476
-10.2605
-10.2732
-10.2857
-10.2979
-10.3099
-10.3215
-10.3328
-10.3436
-10.3541
-10.3641
-10.3737
-10.3828
-10.3914
-10.3994
-10.407
-10.414
-10.4206
-10.4266
-10.1152
-10.1166
-10.1202
-10.1257
-10.1326
-10.1408
-10.1501
-10.1602
-10.1711
-10.1826
-10.1944
-10.2066
-10.2189
-10.2312
-10.2436
-10.2558
-10.2679
-10.2798
-10.2914
-10.3027
-10.3137
-10.3243
-10.3345
-10.3443
-10.3537
-10.3626
-10.371
-10.3789
-10.3864
-10.3933
-10.3997
-10.4056
-10.411
-10.1167
-10.118
-10.1214
-10.1266
-10.1332
-10.141
-10.1498
-10.1595
-10.1699
-10.1809
-10.1923
-10.2039
-10.2156
-10.2274
-10.2392
-10.2509
-10.2624
-10.2737
-10.2847
-10.2955
-10.3058
-10.3158
-10.3254
-10.3346
-10.3433
-10.3515
-10.3593
-10.3666
-10.3734
-10.3797
-10.3855
-10.3908
-10.3956
-10.1174
-10.1187
-10.1219
-10.1268
-10.133
-10.1405
-10.1489
-10.1582
-10.1682
-10.1788
-10.1897
-10.2008
-10.2121
-10.2234
-10.2347
-10.2458
-10.2568
-10.2675
-10.278
-10.2881
-10.2979
-10.3073
-10.3163
-10.3248
-10.3329
-10.3406
-10.3477
-10.3544
-10.3606
-10.3663
-10.3715
-10.3763
-10.3805
-10.1173
-10.1185
-10.1215
-10.1261
-10.1321
-10.1392
-10.1474
-10.1564
-10.166
-10.1761
-10.1866
-10.1974
-10.2082
-10.2191
-10.2298
-10.2405
-10.251
-10.2612
-10.2711
-10.2807
-10.2899
-10.2987
-10.3071
-10.3151
-10.3226
-10.3297
-10.3363
-10.3424
-10.348
-10.3532
-10.3578
-10.362
-10.3657
-10.1163
-10.1175
-10.1203
-10.1247
-10.1304
-10.1373
-10.1452
-10.1539
-10.1632
-10.173
-10.1832
-10.1935
-10.204
-10.2144
-10.2248
-10.235
-10.245
-10.2548
-10.2642
-10.2733
-10.282
-10.2903
-10.2982
-10.3056
-10.3126
-10.3191
-10.3251
-10.3307
-10.3358
-10.3404
-10.3445
-10.3481
-10.3513
-10.1146
-10.1156
-10.1182
-10.1223
-10.1278
-10.1345
-10.1422
-10.1507
-10.1598
-10.1694
-10.1793
-10.1893
-10.1995
-10.2096
-10.2195
-10.2293
-10.2389
-10.2482
-10.2572
-10.2658
-10.274
-10.2818
-10.2892
-10.2961
-10.3025
-10.3085
-10.3141
-10.3191
-10.3237
-10.3277
-10.3313
-10.3345
-10.3372
-10.1119
-10.1128
-10.1151
-10.119
-10.1243
-10.1309
-10.1385
-10.1468
-10.1558
-10.1653
-10.175
-10.1848
-10.1947
-10.2046
-10.2143
-10.2237
-10.233
-10.2419
-10.2504
-10.2586
-10.2664
-10.2738
-10.2807
-10.2872
-10.2932
-10.2987
-10.3037
-10.3083
-10.3123
-10.3159
-10.3191
-10.3217
-10.3239
-10.1085
-10.1092
-10.1111
-10.1146
-10.1197
-10.1263
-10.1339
-10.1422
-10.1511
-10.1604
-10.17
-10.1796
-10.1893
-10.1988
-10.2082
-10.2173
-10.2262
-10.2348
-10.243
-10.2507
-10.2581
-10.2651
-10.2716
-10.2776
-10.2832
-10.2883
-10.2929
-10.297
-10.3006
-10.3038
-10.3065
-10.3088
-10.3106
-10.1043
-10.1046
-10.1058
-10.1088
-10.1139
-10.1206
-10.1284
-10.137
-10.1463
-10.1559
-10.1656
-10.1754
-10.185
-10.1945
-10.2038
-10.2128
-10.2215
-10.2297
-10.2376
-10.2451
-10.2521
-10.2586
-10.2647
-10.2704
-10.2755
-10.2801
-10.2843
-10.288
-10.2912
-10.2939
-10.2961
-10.2979
-10.2992
-10.0996
-10.0992
-10.0992
-10.1018
-10.107
-10.1137
-10.1211
-10.1293
-10.1383
-10.1476
-10.1571
-10.1667
-10.1762
-10.1856
-10.1947
-10.2035
-10.212
-10.2201
-10.2278
-10.2351
-10.242
-10.2483
-10.2542
-10.2596
-10.2645
-10.2689
-10.2728
-10.2763
-10.2792
-10.2817
-10.2836
-10.2852
-10.2863
-10.0952
-10.0929
-10.0899
-10.0921
-10.0993
-10.1085
-10.1182
-10.1283
-10.1386
-10.1489
-10.159
-10.1688
-10.1784
-10.1876
-10.1965
-10.205
-10.213
-10.2207
-10.2278
-10.2346
-10.2408
-10.2466
-10.2519
-10.2567
-10.261
-10.2649
-10.2682
-10.2711
-10.2734
-10.2753
-10.2768
-10.2777
-10.2781
-10.0922
-10.087
-10.0793
-10.0768
-10.0791
-10.0843
-10.0919
-10.1014
-10.1119
-10.1227
-10.1336
-10.1444
-10.155
-10.1653
-10.1752
-10.1846
-10.1935
-10.2019
-10.2098
-10.2172
-10.2241
-10.2304
-10.2361
-10.2414
-10.246
-10.2502
-10.2538
-10.2569
-10.2595
-10.2616
-10.2632
-10.2643
-10.2651
-10.0922
-10.0722
-10.0749
-10.0944
-10.1108
-10.1212
-10.1305
-10.1402
-10.1498
-10.1587
-10.1673
-10.1755
-10.1835
-10.1912
-10.1986
-10.2056
-10.2123
-10.2186
-10.2245
-10.23
-10.2351
-10.2398
-10.2441
-10.2479
-10.2512
-10.2541
-10.2565
-10.2585
-10.26
-10.2611
-10.2617
-10.2618
-10.2615
-10.1294
-10.006
-9.94275
-9.94608
-9.96801
-9.98921
-10.0099
-10.0309
-10.0512
-10.0702
-10.0878
-10.1041
-10.1192
-10.1332
-10.1461
-10.1581
-10.1692
-10.1793
-10.1887
-10.1973
-10.2051
-10.2122
-10.2186
-10.2244
-10.2295
-10.2339
-10.2377
-10.241
-10.2436
-10.2457
-10.2473
-10.2483
-10.2489
-10.289
-10.3021
-10.2607
-10.2182
-10.1938
-10.1827
-10.1776
-10.1749
-10.1742
-10.1755
-10.1782
-10.182
-10.1863
-10.1911
-10.1961
-10.2012
-10.2063
-10.2112
-10.216
-10.2206
-10.2249
-10.2288
-10.2325
-10.2357
-10.2385
-10.241
-10.243
-10.2446
-10.2458
-10.2466
-10.2469
-10.2468
-10.2462
-9.12465
-9.42486
-9.68958
-9.81508
-9.8796
-9.93516
-9.98402
-10.0216
-10.0504
-10.0743
-10.095
-10.1131
-10.1289
-10.143
-10.1556
-10.1671
-10.1774
-10.1868
-10.1953
-10.203
-10.21
-10.2162
-10.2217
-10.2266
-10.2309
-10.2346
-10.2376
-10.2401
-10.2421
-10.2435
-10.2444
-10.2448
-10.2447
-10.9114
-10.8034
-10.8523
-10.9094
-10.9324
-10.9448
-10.9543
-10.9599
-10.963
-10.9667
-10.9734
-10.9846
-11.001
-11.0231
-11.0507
-11.0831
-11.1196
-11.1593
-11.2009
-11.2435
-11.286
-11.3275
-11.367
-11.4037
-11.4368
-11.4656
-11.4894
-11.5075
-11.5189
-11.5226
-11.5177
-11.5026
-11.4758
-11.4354
-11.379
-11.304
-11.2074
-11.0857
-10.9354
-10.7526
-10.5337
-10.2755
-9.97522
-9.63131
-9.24333
-8.81238
-8.34125
-7.83453
-7.2987
-6.74238
-6.17782
-5.62465
-5.11293
-4.67787
-4.3445
-4.114
-3.96604
-3.8734
-3.81354
-3.77141
-3.73777
-3.70699
-3.67543
-3.64052
-3.6003
-3.55316
-3.49772
-3.4328
-3.35743
-3.27083
-3.17243
-3.06193
-2.93929
-2.80475
-2.65886
-2.50246
-2.33668
-2.16295
-1.98296
-1.7986
-1.61198
-1.4253
-1.24085
-1.06077
-0.887
-0.721933
-0.57005
-0.438611
-0.334842
-0.261008
-0.212434
-0.180625
-0.157681
-0.138634
-0.120784
-0.103983
-0.0858877
-0.0717395
-0.0438848
-0.0452496
-10.898
-10.8916
-10.9186
-10.939
-10.9336
-10.9221
-10.9141
-10.909
-10.9069
-10.9094
-10.9173
-10.9312
-10.9509
-10.9765
-11.0072
-11.0422
-11.0807
-11.1216
-11.1637
-11.2061
-11.2479
-11.2882
-11.3263
-11.3613
-11.3927
-11.4196
-11.4415
-11.4575
-11.4667
-11.4682
-11.4608
-11.4432
-11.4138
-11.3707
-11.3116
-11.2339
-11.1346
-11.0106
-10.8582
-10.674
-10.4545
-10.1965
-9.8979
-9.5571
-9.17395
-8.74972
-8.28724
-7.791
-7.26714
-6.72356
-6.17084
-5.62578
-5.11589
-4.67635
-4.33549
-4.09925
-3.95005
-3.8606
-3.80693
-3.77258
-3.74734
-3.7249
-3.7012
-3.67338
-3.63929
-3.59716
-3.54557
-3.48331
-3.40944
-3.32321
-3.22419
-3.11217
-2.98726
-2.84986
-2.70067
-2.5407
-2.37123
-2.19382
-2.01028
-1.82261
-1.63296
-1.44357
-1.25668
-1.07429
-0.898132
-0.730309
-0.575145
-0.440029
-0.332562
-0.255336
-0.203794
-0.16948
-0.144566
-0.124142
-0.105492
-0.0884306
-0.0705648
-0.0571731
-0.0314871
-0.034973
-10.845
-10.8537
-10.8579
-10.8712
-10.8789
-10.8828
-10.8874
-10.8922
-10.8965
-10.9018
-10.9095
-10.9207
-10.9364
-10.9569
-10.9823
-11.0122
-11.046
-11.0828
-11.1216
-11.1614
-11.2011
-11.2398
-11.2765
-11.3103
-11.3403
-11.3658
-11.386
-11.4
-11.4071
-11.4062
-11.3963
-11.3759
-11.3436
-11.2974
-11.2352
-11.1545
-11.0524
-10.9258
-10.7714
-10.5858
-10.3658
-10.1087
-9.81246
-9.47581
-9.09882
-8.6829
-8.23093
-7.74733
-7.23805
-6.71062
-6.17455
-5.64401
-5.1426
-4.70308
-4.35527
-4.11002
-3.95459
-3.8634
-3.81178
-3.78186
-3.76225
-3.74585
-3.72806
-3.70564
-3.67619
-3.63782
-3.589
-3.5285
-3.45539
-3.36899
-3.26895
-3.15518
-3.02793
-2.88775
-2.73548
-2.57228
-2.39957
-2.21905
-2.03261
-1.84234
-1.65044
-1.45914
-1.2706
-1.08669
-0.908953
-0.739248
-0.581709
-0.44369
-0.332927
-0.252251
-0.197374
-0.160109
-0.13283
-0.110722
-0.0910543
-0.0735704
-0.0558668
-0.0431271
-0.0198201
-0.0251998
-10.809
-10.8302
-10.842
-10.8602
-10.8735
-10.8789
-10.8814
-10.8833
-10.8854
-10.8891
-10.8959
-10.9069
-10.9223
-10.9424
-10.9668
-10.9951
-11.0265
-11.0602
-11.0953
-11.131
-11.1664
-11.2006
-11.2328
-11.2623
-11.2883
-11.31
-11.3266
-11.3373
-11.3411
-11.337
-11.3237
-11.3001
-11.2644
-11.2148
-11.1492
-11.0652
-10.96
-10.8307
-10.6741
-10.4874
-10.2674
-10.0118
-9.71866
-9.38716
-9.01747
-8.61108
-8.17089
-7.70125
-7.20804
-6.69866
-6.18232
-5.67163
-5.1862
-4.75379
-4.4026
-4.1473
-3.98147
-3.88357
-3.82945
-3.80014
-3.78297
-3.76986
-3.75558
-3.73649
-3.7099
-3.67377
-3.62645
-3.56669
-3.49357
-3.40647
-3.30511
-3.18951
-3.06003
-2.91735
-2.76244
-2.59658
-2.42132
-2.23843
-2.04991
-1.8579
-1.66459
-1.4722
-1.28281
-1.09818
-0.919685
-0.74903
-0.590128
-0.450127
-0.336673
-0.252743
-0.194437
-0.154008
-0.124127
-0.100097
-0.0791799
-0.0610438
-0.0433121
-0.0310187
-0.0099812
-0.0170607
-10.7821
-10.806
-10.82
-10.8344
-10.8455
-10.851
-10.8547
-10.8588
-10.8636
-10.8699
-10.8786
-10.8904
-10.9057
-10.9246
-10.9472
-10.973
-11.0015
-11.0321
-11.0641
-11.0965
-11.1286
-11.1595
-11.1884
-11.2145
-11.237
-11.255
-11.2679
-11.2747
-11.2745
-11.2664
-11.249
-11.2212
-11.1813
-11.1276
-11.0581
-10.9703
-10.8618
-10.7297
-10.5712
-10.3835
-10.1639
-9.91023
-9.62087
-9.29509
-8.93323
-8.53687
-8.1089
-7.65364
-7.17686
-6.68589
-6.18983
-5.70071
-5.23562
-4.8174
-4.46954
-4.20685
-4.02867
-3.91979
-3.85873
-3.82624
-3.80841
-3.79606
-3.78316
-3.7656
-3.74035
-3.70518
-3.65833
-3.59852
-3.5248
-3.43662
-3.33375
-3.21632
-3.08477
-2.93991
-2.7828
-2.61484
-2.43765
-2.2531
-2.06323
-1.87022
-1.67625
-1.48349
-1.29393
-1.10924
-0.930714
-0.759922
-0.600533
-0.45933
-0.343676
-0.256627
-0.194777
-0.150965
-0.118245
-0.0920582
-0.0696683
-0.0506592
-0.0327067
-0.0206642
-0.00167609
-0.0103819
-10.7576
-10.7815
-10.7974
-10.8115
-10.8234
-10.8315
-10.8375
-10.8432
-10.8491
-10.8558
-10.8644
-10.8756
-10.8898
-10.9073
-10.9279
-10.9514
-10.9773
-11.0049
-11.0336
-11.0626
-11.091
-11.1182
-11.1433
-11.1655
-11.1841
-11.1982
-11.2072
-11.21
-11.2059
-11.1937
-11.1723
-11.1404
-11.0964
-11.0387
-10.9652
-10.8738
-10.7621
-10.6274
-10.4671
-10.2787
-10.0598
-9.80832
-9.52298
-9.20323
-8.84951
-8.46346
-8.04794
-7.60718
-7.14682
-6.67401
-6.19772
-5.7295
-5.2849
-4.88357
-4.5448
-4.28071
-4.09245
-3.9706
-3.89876
-3.85927
-3.83762
-3.8235
-3.80998
-3.79228
-3.76704
-3.73174
-3.68451
-3.624
-3.54927
-3.45976
-3.35533
-3.23616
-3.1028
-2.95612
-2.7973
-2.62779
-2.44931
-2.26379
-2.07329
-1.87998
-1.68604
-1.49355
-1.30443
-1.12028
-0.942338
-0.77211
-0.612996
-0.471283
-0.353885
-0.263868
-0.198386
-0.150981
-0.115178
-0.0865878
-0.0624863
-0.0423709
-0.0239851
-0.0119882
0.00526998
-0.00505078
-10.7356
-10.7587
-10.7756
-10.7898
-10.8019
-10.811
-10.8179
-10.8243
-10.8309
-10.8382
-10.8471
-10.8582
-10.8719
-10.8883
-10.9073
-10.9287
-10.952
-10.9768
-11.0024
-11.028
-11.053
-11.0766
-11.098
-11.1165
-11.1313
-11.1416
-11.1467
-11.1456
-11.1375
-11.1212
-11.0957
-11.0597
-11.0117
-10.95
-10.8728
-10.7779
-10.6631
-10.5261
-10.3644
-10.1756
-9.95768
-9.70878
-9.4278
-9.11433
-8.76895
-8.39328
-7.99017
-7.56373
-7.11945
-6.66431
-6.20702
-5.75862
-5.33333
-4.9483
-4.62015
-4.35905
-4.16569
-4.03292
-3.94871
-3.89898
-3.87027
-3.85173
-3.83549
-3.81605
-3.78953
-3.75313
-3.7048
-3.64309
-3.56703
-3.47609
-3.37013
-3.24942
-3.11457
-2.96651
-2.80649
-2.63605
-2.45694
-2.27112
-2.08068
-1.88776
-1.69447
-1.50283
-1.31469
-1.13157
-0.954724
-0.785619
-0.627404
-0.485785
-0.367101
-0.274349
-0.205244
-0.154106
-0.115007
-0.0837736
-0.0577163
-0.0362507
-0.0171965
-0.00502217
0.0109161
-0.00103363
-10.7149
-10.7369
-10.7541
-10.7683
-10.7805
-10.7903
-10.7983
-10.8055
-10.8128
-10.8206
-10.8297
-10.8405
-10.8534
-10.8685
-10.8858
-10.9051
-10.926
-10.948
-10.9706
-10.993
-11.0146
-11.0347
-11.0525
-11.0674
-11.0785
-11.0851
-11.0863
-11.0814
-11.0693
-11.0491
-11.0197
-10.9798
-10.9279
-10.8625
-10.7817
-10.6837
-10.5663
-10.4272
-10.2644
-10.0756
-9.85891
-9.61282
-9.33636
-9.02927
-8.69219
-8.32679
-7.93586
-7.52341
-7.09478
-6.65672
-6.21765
-5.78804
-5.38088
-5.01117
-4.69319
-4.43606
-4.24065
-4.10067
-4.00593
-3.94503
-3.90675
-3.88108
-3.85986
-3.83693
-3.80784
-3.76939
-3.71929
-3.65595
-3.57834
-3.48592
-3.37857
-3.25658
-3.1206
-2.97165
-2.81101
-2.64025
-2.46118
-2.27575
-2.08603
-1.89411
-1.70204
-1.51176
-1.32503
-1.14335
-0.967958
-0.80037
-0.643508
-0.502475
-0.38295
-0.287778
-0.215184
-0.160277
-0.117734
-0.0836509
-0.0554063
-0.0323485
-0.0123777
0.000210845
0.0153057
0.00171468
-10.6951
-10.7159
-10.7329
-10.7472
-10.7595
-10.7698
-10.7784
-10.7863
-10.794
-10.8021
-10.8112
-10.8216
-10.8337
-10.8476
-10.8633
-10.8805
-10.8991
-10.9184
-10.938
-10.9573
-10.9757
-10.9924
-11.0067
-11.018
-11.0255
-11.0284
-11.0259
-11.0172
-11.0014
-10.9775
-10.9443
-10.9006
-10.8451
-10.7761
-10.6921
-10.5912
-10.4714
-10.3307
-10.167
-9.97848
-9.76332
-9.52024
-9.24843
-8.94776
-8.61894
-8.26367
-7.88469
-7.48591
-7.07248
-6.65094
-6.22933
-5.81751
-5.42735
-5.07203
-4.76379
-4.51062
-4.31387
-4.1685
-4.06557
-3.99493
-3.9468
-3.91238
-3.88413
-3.85584
-3.82271
-3.78114
-3.72855
-3.66315
-3.58379
-3.48987
-3.38128
-3.2583
-3.12164
-2.9723
-2.81162
-2.6412
-2.46282
-2.27842
-2.09002
-1.89964
-1.70927
-1.52074
-1.33575
-1.15576
-0.98207
-0.816235
-0.661011
-0.520925
-0.400964
-0.303742
-0.22791
-0.169319
-0.123272
-0.0861867
-0.0555523
-0.0306744
-0.00953579
0.00371307
0.0184812
0.00326951
-10.6759
-10.6955
-10.7122
-10.7264
-10.7387
-10.7492
-10.7583
-10.7666
-10.7746
-10.7829
-10.7918
-10.8017
-10.813
-10.8257
-10.8397
-10.855
-10.8712
-10.888
-10.9048
-10.921
-10.9362
-10.9496
-10.9605
-10.9683
-10.9722
-10.9715
-10.9654
-10.9531
-10.9336
-10.906
-10.8692
-10.822
-10.763
-10.6908
-10.6038
-10.5003
-10.3784
-10.2363
-10.0721
-9.88401
-9.67062
-9.43072
-9.16367
-8.86946
-8.54888
-8.20361
-7.83637
-7.45094
-7.0523
-6.64671
-6.24183
-5.84687
-5.47261
-5.13074
-4.83181
-4.58275
-4.38503
-4.23484
-4.12466
-4.04547
-3.98832
-3.94517
-3.90905
-3.87411
-3.83561
-3.78981
-3.7339
-3.6659
-3.58452
-3.48907
-3.37937
-3.25571
-3.11875
-2.96954
-2.80939
-2.63988
-2.46276
-2.27993
-2.09334
-1.90493
-1.71658
-1.53007
-1.34702
-1.16889
-0.997036
-0.833069
-0.679622
-0.540711
-0.420651
-0.321766
-0.243032
-0.180958
-0.131453
-0.091286
-0.0581045
-0.031204
-0.00865387
0.00550651
0.0204772
0.00373553
-10.6573
-10.6757
-10.6919
-10.7058
-10.718
-10.7286
-10.738
-10.7465
-10.7546
-10.7629
-10.7715
-10.781
-10.7913
-10.8028
-10.8152
-10.8286
-10.8426
-10.8568
-10.8708
-10.8841
-10.8962
-10.9063
-10.9139
-10.9183
-10.9188
-10.9146
-10.905
-10.8891
-10.866
-10.8349
-10.7946
-10.7439
-10.6817
-10.6064
-10.5167
-10.4108
-10.2871
-10.1438
-9.97931
-9.79202
-9.5806
-9.34406
-9.08188
-8.79417
-8.48178
-8.1464
-7.79068
-7.41828
-7.03401
-6.64381
-6.25493
-5.87594
-5.51661
-5.18728
-4.89715
-4.65227
-4.4541
-4.29965
-4.18273
-4.0955
-4.02986
-3.97832
-3.93434
-3.89237
-3.84783
-3.79702
-3.73711
-3.666
-3.58229
-3.48519
-3.37446
-3.25032
-3.11342
-2.96473
-2.80555
-2.6374
-2.46198
-2.2811
-2.09663
-1.91044
-1.72431
-1.53995
-1.35895
-1.18275
-1.01278
-0.85072
-0.699083
-0.561455
-0.441544
-0.341361
-0.260107
-0.194843
-0.142027
-0.0987883
-0.0629635
-0.0338767
-0.00969062
0.00563193
0.021319
0.00324565
-10.639
-10.6564
-10.6718
-10.6854
-10.6974
-10.708
-10.7174
-10.726
-10.7341
-10.7422
-10.7505
-10.7593
-10.7687
-10.7789
-10.7898
-10.8013
-10.8131
-10.8248
-10.8362
-10.8466
-10.8557
-10.8627
-10.867
-10.8681
-10.8651
-10.8575
-10.8445
-10.8251
-10.7986
-10.7641
-10.7204
-10.6665
-10.6012
-10.5231
-10.4307
-10.3227
-10.1974
-10.0533
-9.88875
-9.70245
-9.4932
-9.26015
-9.00294
-8.72177
-8.41752
-8.09188
-7.74745
-7.38777
-7.01741
-6.64204
-6.26846
-5.90458
-5.55926
-5.24165
-4.95981
-4.71905
-4.52083
-4.36279
-4.23973
-4.14492
-4.07114
-4.0115
-3.95983
-3.91083
-3.86008
-3.80398
-3.73972
-3.66518
-3.57891
-3.48006
-3.3683
-3.2438
-3.10714
-2.95922
-2.80127
-2.63474
-2.46125
-2.28252
-2.10033
-1.91645
-1.7326
-1.55043
-1.3715
-1.19727
-1.0292
-0.869029
-0.719176
-0.58285
-0.463244
-0.362067
-0.278669
-0.210561
-0.154673
-0.108462
-0.069973
-0.0385888
-0.012575
0.00415136
0.0210249
0.00196024
-10.621
-10.6374
-10.6521
-10.6652
-10.6769
-10.6873
-10.6966
-10.7051
-10.7131
-10.7209
-10.7288
-10.7368
-10.7453
-10.7542
-10.7635
-10.7731
-10.7828
-10.7922
-10.8009
-10.8086
-10.8147
-10.8186
-10.8198
-10.8176
-10.8114
-10.8004
-10.784
-10.7613
-10.7315
-10.6936
-10.6467
-10.5898
-10.5215
-10.4407
-10.3461
-10.2361
-10.1095
-9.9647
-9.80037
-9.61526
-9.40835
-9.17895
-8.92678
-8.65215
-8.35597
-8.03993
-7.70655
-7.35923
-7.00234
-6.64122
-6.28222
-5.93265
-5.6005
-5.29387
-5.01983
-4.78309
-4.5851
-4.42401
-4.29546
-4.19361
-4.11209
-4.04463
-3.98548
-3.9296
-3.87271
-3.81131
-3.74262
-3.66456
-3.57564
-3.47498
-3.36219
-3.23737
-3.10101
-2.95396
-2.79734
-2.63252
-2.46102
-2.28448
-2.10457
-1.923
-1.74141
-1.56143
-1.38456
-1.2123
-1.04614
-0.887842
-0.739718
-0.604661
-0.485435
-0.383491
-0.298282
-0.22768
-0.169008
-0.120007
-0.078912
-0.0451847
-0.0171983
0.00115296
0.0196117
6.13773e-05
-10.6032
-10.6186
-10.6326
-10.6452
-10.6565
-10.6666
-10.6757
-10.684
-10.6917
-10.6991
-10.7063
-10.7136
-10.721
-10.7287
-10.7364
-10.7442
-10.7518
-10.7589
-10.7651
-10.7701
-10.7733
-10.7742
-10.7723
-10.767
-10.7576
-10.7434
-10.7237
-10.6977
-10.6647
-10.6236
-10.5737
-10.5137
-10.4427
-10.3595
-10.2627
-10.1511
-10.0233
-9.8781
-9.71419
-9.53047
-9.32606
-9.10041
-8.85335
-8.58524
-8.29705
-7.99044
-7.66784
-7.33252
-6.98862
-6.64117
-6.29607
-5.96002
-5.64024
-5.34391
-5.07724
-4.84442
-4.64688
-4.4832
-4.34973
-4.24141
-4.1526
-4.07764
-4.01122
-3.9486
-3.88568
-3.81907
-3.74603
-3.66448
-3.57294
-3.47047
-3.35666
-3.23151
-3.09547
-2.94928
-2.79399
-2.63086
-2.46133
-2.28693
-2.10927
-1.92996
-1.75061
-1.57279
-1.39799
-1.22771
-1.06346
-0.907009
-0.760556
-0.626713
-0.50789
-0.405332
-0.318575
-0.24579
-0.184628
-0.133065
-0.089495
-0.0534494
-0.0234055
-0.0032429
0.0171063
-0.00225527
-10.5856
-10.6001
-10.6133
-10.6253
-10.6361
-10.6458
-10.6545
-10.6625
-10.6698
-10.6767
-10.6833
-10.6897
-10.6961
-10.7024
-10.7086
-10.7146
-10.7201
-10.725
-10.7287
-10.7311
-10.7315
-10.7296
-10.7247
-10.7163
-10.7037
-10.6863
-10.6635
-10.6344
-10.5982
-10.5542
-10.5013
-10.4386
-10.365
-10.2794
-10.1807
-10.0676
-9.93896
-9.79353
-9.63022
-9.44807
-9.24631
-9.02451
-8.78259
-8.52098
-8.24067
-7.94329
-7.6312
-7.3075
-6.97611
-6.64174
-6.30986
-5.98659
-5.67843
-5.39176
-5.13207
-4.90307
-4.70616
-4.54028
-4.4024
-4.28815
-4.19253
-4.11043
-4.03699
-3.96779
-3.89894
-3.82717
-3.74983
-3.66483
-3.5707
-3.46645
-3.35161
-3.22615
-3.09041
-2.94506
-2.79106
-2.62958
-2.46196
-2.28966
-2.1142
-1.93713
-1.76
-1.58434
-1.41162
-1.24333
-1.08101
-0.926391
-0.781556
-0.648872
-0.53045
-0.427374
-0.339262
-0.264544
-0.201152
-0.14726
-0.101386
-0.0631089
-0.0309878
-0.00887596
0.0135593
-0.0047954
-10.5682
-10.5817
-10.5942
-10.6055
-10.6157
-10.6249
-10.6332
-10.6407
-10.6475
-10.6538
-10.6597
-10.6652
-10.6705
-10.6755
-10.6802
-10.6844
-10.6879
-10.6905
-10.6919
-10.6917
-10.6895
-10.6847
-10.6769
-10.6655
-10.6499
-10.6295
-10.6036
-10.5714
-10.5323
-10.4853
-10.4296
-10.3643
-10.2883
-10.2006
-10.1002
-9.98584
-9.85648
-9.71104
-9.54852
-9.36809
-9.16911
-8.95123
-8.71447
-8.45931
-8.18675
-7.8984
-7.59651
-7.28403
-6.96466
-6.64278
-6.32345
-6.01224
-5.71501
-5.43743
-5.18433
-4.95906
-4.76294
-4.59523
-4.4534
-4.33371
-4.23175
-4.14291
-4.06275
-3.98716
-3.91249
-3.83562
-3.75398
-3.66553
-3.56878
-3.46274
-3.34687
-3.22106
-3.08559
-2.94105
-2.7883
-2.62843
-2.46269
-2.29245
-2.11917
-1.94433
-1.76942
-1.59593
-1.42532
-1.25906
-1.09867
-0.945865
-0.802603
-0.671027
-0.552998
-0.449473
-0.360146
-0.283679
-0.218259
-0.162237
-0.114232
-0.0738446
-0.0396832
-0.0155406
0.00906433
-0.00738073
-10.5509
-10.5635
-10.5752
-10.5858
-10.5954
-10.604
-10.6118
-10.6187
-10.625
-10.6306
-10.6356
-10.6402
-10.6443
-10.648
-10.6511
-10.6536
-10.6552
-10.6557
-10.6547
-10.652
-10.6472
-10.6397
-10.6291
-10.6148
-10.5963
-10.5729
-10.544
-10.509
-10.4669
-10.4172
-10.3589
-10.2911
-10.2128
-10.1232
-10.0212
-9.90582
-9.77596
-9.63069
-9.46913
-9.29057
-9.09446
-8.88056
-8.64896
-8.40018
-8.13523
-7.85566
-7.56365
-7.26199
-6.95414
-6.64417
-6.33673
-6.0369
-5.74994
-5.48089
-5.23405
-5.0124
-4.81722
-4.648
-4.50267
-4.378
-4.27014
-4.17496
-4.0884
-4.00666
-3.92633
-3.84445
-3.75853
-3.66662
-3.56723
-3.45933
-3.34236
-3.21616
-3.0809
-2.93712
-2.78557
-2.62727
-2.46338
-2.29518
-2.12406
-1.95145
-1.77877
-1.60747
-1.43899
-1.27477
-1.11634
-0.965329
-0.823599
-0.693088
-0.575446
-0.471523
-0.381091
-0.303015
-0.235716
-0.17771
-0.127712
-0.0853303
-0.0491946
-0.0229878
0.00377265
-0.00986675
-10.5337
-10.5455
-10.5563
-10.5661
-10.5751
-10.5831
-10.5903
-10.5966
-10.6021
-10.607
-10.6112
-10.6147
-10.6177
-10.62
-10.6216
-10.6223
-10.622
-10.6204
-10.6172
-10.6121
-10.6047
-10.5946
-10.5813
-10.5642
-10.5428
-10.5166
-10.4849
-10.447
-10.4023
-10.3499
-10.2891
-10.219
-10.1387
-10.0473
-9.94397
-9.82766
-9.69747
-9.55254
-9.3921
-9.21552
-9.02237
-8.81248
-8.58602
-8.34353
-8.08602
-7.815
-7.53253
-7.24126
-6.94442
-6.64578
-6.3496
-6.06049
-5.78318
-5.52216
-5.28124
-5.06311
-4.869
-4.69857
-4.55013
-4.42094
-4.30762
-4.20649
-4.11387
-4.02624
-3.94044
-3.85365
-3.76353
-3.66816
-3.56609
-3.45629
-3.33816
-3.21148
-3.07637
-2.93327
-2.78287
-2.62608
-2.46398
-2.2978
-2.12883
-1.95842
-1.78798
-1.61889
-1.45256
-1.29041
-1.13392
-0.984697
-0.84446
-0.714977
-0.597716
-0.493444
-0.401998
-0.322427
-0.25336
-0.193474
-0.141573
-0.0972792
-0.0592286
-0.0309457
-0.00210158
-0.0121542
-10.5167
-10.5275
-10.5375
-10.5466
-10.5548
-10.5622
-10.5686
-10.5742
-10.579
-10.5831
-10.5863
-10.5889
-10.5907
-10.5916
-10.5917
-10.5907
-10.5885
-10.5849
-10.5795
-10.5721
-10.5622
-10.5496
-10.5336
-10.5138
-10.4898
-10.4608
-10.4264
-10.3858
-10.3384
-10.2836
-10.2204
-10.1481
-10.0659
-9.97302
-9.86847
-9.75143
-9.62109
-9.47665
-9.31746
-9.14298
-8.95286
-8.747
-8.52563
-8.28932
-8.03906
-7.77631
-7.50304
-7.22174
-6.93539
-6.64751
-6.36197
-6.08296
-5.81472
-5.56125
-5.32595
-5.11124
-4.91828
-4.74691
-4.59574
-4.46246
-4.34411
-4.23742
-4.13906
-4.04582
-3.95475
-3.86321
-3.76896
-3.67018
-3.56543
-3.45369
-3.33434
-3.20711
-3.07206
-2.92957
-2.78023
-2.62489
-2.46454
-2.30032
-2.13346
-1.96526
-1.79704
-1.63016
-1.46599
-1.30591
-1.15137
-1.0039
-0.865114
-0.736625
-0.619744
-0.515168
-0.422792
-0.341824
-0.27108
-0.209387
-0.155641
-0.109476
-0.0695404
-0.0391611
-0.00830427
-0.0142017
-10.4997
-10.5096
-10.5188
-10.5271
-10.5346
-10.5412
-10.5469
-10.5518
-10.5558
-10.559
-10.5613
-10.5627
-10.5633
-10.5629
-10.5615
-10.5588
-10.5548
-10.5492
-10.5417
-10.532
-10.5198
-10.5047
-10.4861
-10.4638
-10.4371
-10.4055
-10.3685
-10.3254
-10.2755
-10.2183
-10.1529
-10.0786
-9.99474
-9.9004
-9.79483
-9.67724
-9.5469
-9.4031
-9.24528
-9.07298
-8.88593
-8.6841
-8.46776
-8.23749
-7.99428
-7.73953
-7.4751
-7.20332
-6.92697
-6.64927
-6.37378
-6.10426
-5.84454
-5.59818
-5.36821
-5.15681
-4.96509
-4.79301
-4.63947
-4.50248
-4.37951
-4.26764
-4.16389
-4.06532
-3.9692
-3.87307
-3.77481
-3.67266
-3.56525
-3.45155
-3.33093
-3.20309
-3.06804
-2.92607
-2.77772
-2.62375
-2.46508
-2.30278
-2.13799
-1.97196
-1.80595
-1.64127
-1.47925
-1.32123
-1.16861
-1.02287
-0.885498
-0.757973
-0.641472
-0.536632
-0.443402
-0.361127
-0.28879
-0.225351
-0.169798
-0.121776
-0.0799547
-0.0474385
-0.0145865
-0.0160287
-10.4828
-10.4919
-10.5002
-10.5078
-10.5144
-10.5203
-10.5252
-10.5293
-10.5324
-10.5347
-10.536
-10.5364
-10.5357
-10.534
-10.531
-10.5267
-10.5209
-10.5134
-10.5038
-10.492
-10.4775
-10.46
-10.439
-10.4142
-10.385
-10.3509
-10.3114
-10.2659
-10.2137
-10.1542
-10.0868
-10.0107
-9.92519
-9.8296
-9.72316
-9.60518
-9.47498
-9.33195
-9.1756
-9.00554
-8.82159
-8.62377
-8.41238
-8.18801
-7.95163
-7.70458
-7.44862
-7.18592
-6.91906
-6.651
-6.38496
-6.12437
-5.87264
-5.63296
-5.40804
-5.19986
-5.00945
-4.83688
-4.68127
-4.54097
-4.41376
-4.29709
-4.18828
-4.08467
-3.98373
-3.88318
-3.78103
-3.6756
-3.56555
-3.44989
-3.32798
-3.19947
-3.06434
-2.92282
-2.77539
-2.62272
-2.46566
-2.30521
-2.14244
-1.97854
-1.81471
-1.6522
-1.49231
-1.33633
-1.18562
-1.04155
-0.90556
-0.778967
-0.662845
-0.557782
-0.46377
-0.380271
-0.306416
-0.241287
-0.183955
-0.134081
-0.090356
-0.0556517
-0.0207525
-0.017704
-10.466
-10.4743
-10.4818
-10.4885
-10.4944
-10.4994
-10.5036
-10.5068
-10.509
-10.5103
-10.5106
-10.5099
-10.508
-10.5049
-10.5005
-10.4946
-10.487
-10.4776
-10.4661
-10.4521
-10.4354
-10.4157
-10.3924
-10.3652
-10.3336
-10.2971
-10.2552
-10.2074
-10.153
-10.0915
-10.0221
-9.94432
-9.85741
-9.76072
-9.65357
-9.53534
-9.40541
-9.26326
-9.10846
-8.9407
-8.75986
-8.56601
-8.35946
-8.14083
-7.91104
-7.67139
-7.42352
-7.16946
-6.9116
-6.65263
-6.39549
-6.14328
-5.89904
-5.66565
-5.44551
-5.24043
-5.05138
-4.87851
-4.72113
-4.57786
-4.44679
-4.32569
-4.21216
-4.10379
-3.99828
-3.8935
-3.78759
-3.67895
-3.56632
-3.44871
-3.32548
-3.19627
-3.061
-2.91986
-2.77326
-2.62181
-2.4663
-2.30763
-2.14683
-1.985
-1.82331
-1.66295
-1.50515
-1.35118
-1.20233
-1.05991
-0.925249
-0.79956
-0.683817
-0.578566
-0.483836
-0.399193
-0.323891
-0.257126
-0.198044
-0.146319
-0.100666
-0.0637265
-0.0266793
-0.0193089
-10.4494
-10.4568
-10.4635
-10.4694
-10.4745
-10.4787
-10.482
-10.4843
-10.4857
-10.486
-10.4852
-10.4834
-10.4802
-10.4758
-10.4699
-10.4625
-10.4532
-10.442
-10.4285
-10.4126
-10.3938
-10.3718
-10.3463
-10.3168
-10.283
-10.2442
-10.2001
-10.1501
-10.0936
-10.0302
-9.95904
-9.87971
-9.79152
-9.69388
-9.58616
-9.4678
-9.33826
-9.19709
-9.04391
-8.87849
-8.70075
-8.51079
-8.30898
-8.0959
-7.87247
-7.6399
-7.39975
-7.15389
-6.90452
-6.65411
-6.40533
-6.16096
-5.92376
-5.69627
-5.48066
-5.27857
-5.09092
-4.91792
-4.75904
-4.61312
-4.47855
-4.35337
-4.23545
-4.12261
-4.01277
-3.90396
-3.79443
-3.6827
-3.56753
-3.44799
-3.32344
-3.19348
-3.05803
-2.91721
-2.77137
-2.62107
-2.46702
-2.31007
-2.15117
-1.99136
-1.83176
-1.67349
-1.51776
-1.36575
-1.21872
-1.0779
-0.944522
-0.819707
-0.704341
-0.598936
-0.503549
-0.417834
-0.341156
-0.272806
-0.212003
-0.158431
-0.110827
-0.0716186
-0.032309
-0.0209026
-10.4329
-10.4395
-10.4454
-10.4505
-10.4547
-10.4581
-10.4605
-10.462
-10.4624
-10.4617
-10.4599
-10.4569
-10.4526
-10.4468
-10.4395
-10.4305
-10.4196
-10.4066
-10.3913
-10.3734
-10.3526
-10.3286
-10.3009
-10.2693
-10.2333
-10.1924
-10.1462
-10.0941
-10.0357
-9.97043
-9.8977
-9.81696
-9.72764
-9.62918
-9.52102
-9.40265
-9.27361
-9.13349
-8.98199
-8.81892
-8.64425
-8.45812
-8.2609
-8.05319
-7.83585
-7.61005
-7.37722
-7.13912
-6.89777
-6.65541
-6.41446
-6.17745
-5.94682
-5.72487
-5.51355
-5.31434
-5.12812
-4.95513
-4.79498
-4.64673
-4.509
-4.38007
-4.25808
-4.14107
-4.02714
-3.91449
-3.80151
-3.68679
-3.56916
-3.44772
-3.32184
-3.19112
-3.05544
-2.91487
-2.76973
-2.62051
-2.46785
-2.31254
-2.15547
-1.99762
-1.84005
-1.68383
-1.5301
-1.38001
-1.23475
-1.09547
-0.963335
-0.839366
-0.724376
-0.618845
-0.522857
-0.436139
-0.35815
-0.288269
-0.225776
-0.170365
-0.120792
-0.0792986
-0.0376262
-0.0225071
-10.4167
-10.4224
-10.4275
-10.4317
-10.4352
-10.4377
-10.4393
-10.4398
-10.4393
-10.4377
-10.4348
-10.4306
-10.4251
-10.418
-10.4093
-10.3988
-10.3863
-10.3717
-10.3546
-10.3348
-10.3121
-10.2861
-10.2564
-10.2227
-10.1846
-10.1417
-10.0935
-10.0396
-9.97937
-9.91242
-9.83821
-9.7562
-9.66588
-9.56673
-9.45826
-9.33999
-9.21153
-9.07253
-8.92274
-8.76202
-8.59038
-8.40799
-8.21522
-8.01266
-7.80116
-7.58179
-7.35591
-7.12513
-6.89131
-6.6565
-6.42289
-6.19273
-5.96826
-5.75151
-5.54424
-5.34779
-5.16301
-4.99015
-4.82896
-4.67866
-4.53808
-4.40574
-4.27999
-4.15909
-4.04133
-3.92505
-3.80878
-3.69118
-3.57117
-3.44788
-3.32068
-3.18918
-3.05322
-2.91286
-2.76835
-2.62013
-2.46878
-2.31504
-2.15973
-2.00378
-1.84816
-1.69393
-1.54215
-1.39393
-1.25037
-1.11259
-0.98165
-0.858497
-0.743881
-0.638251
-0.541714
-0.454056
-0.374821
-0.303461
-0.239311
-0.182075
-0.130523
-0.0867443
-0.0426373
-0.0241176
-10.4006
-10.4056
-10.4098
-10.4133
-10.4159
-10.4176
-10.4183
-10.4179
-10.4165
-10.4138
-10.4099
-10.4046
-10.3979
-10.3896
-10.3795
-10.3675
-10.3535
-10.3372
-10.3184
-10.2969
-10.2723
-10.2444
-10.2129
-10.1772
-10.1372
-10.0924
-10.0424
-9.98662
-9.92475
-9.85627
-9.7807
-9.69756
-9.60637
-9.50665
-9.39797
-9.2799
-9.1521
-9.01427
-8.86621
-8.70782
-8.53914
-8.36038
-8.1719
-7.97429
-7.76833
-7.55507
-7.33575
-7.11186
-6.88511
-6.65736
-6.4306
-6.20685
-5.98812
-5.77623
-5.57278
-5.37899
-5.19564
-5.02303
-4.86099
-4.70889
-4.56576
-4.43031
-4.30111
-4.17661
-4.05526
-3.93557
-3.81617
-3.69583
-3.57353
-3.44843
-3.31993
-3.18764
-3.05138
-2.91117
-2.76723
-2.61994
-2.46983
-2.31758
-2.16396
-2.00982
-1.8561
-1.70379
-1.5539
-1.40747
-1.26557
-1.12922
-0.99943
-0.877065
-0.762817
-0.657113
-0.560073
-0.471537
-0.391116
-0.318329
-0.252558
-0.19352
-0.139987
-0.0939375
-0.0473538
-0.0257168
-10.3848
-10.3891
-10.3925
-10.3952
-10.397
-10.3978
-10.3977
-10.3964
-10.394
-10.3904
-10.3854
-10.3791
-10.3711
-10.3616
-10.3502
-10.3368
-10.3213
-10.3035
-10.2831
-10.2598
-10.2335
-10.2038
-10.1704
-10.133
-10.0912
-10.0446
-9.9928
-9.93541
-9.872
-9.80212
-9.72533
-9.64118
-9.54923
-9.44905
-9.34025
-9.22247
-9.09538
-8.95876
-8.81243
-8.65634
-8.49056
-8.3153
-8.13093
-7.93803
-7.73735
-7.52985
-7.31671
-7.0993
-6.87916
-6.658
-6.43761
-6.21983
-6.00645
-5.79911
-5.59926
-5.408
-5.22607
-5.0538
-4.89108
-4.73743
-4.59202
-4.45376
-4.3214
-4.19357
-4.06888
-3.94599
-3.82363
-3.70068
-3.57618
-3.44934
-3.31957
-3.18649
-3.0499
-2.9098
-2.76637
-2.61994
-2.471
-2.32016
-2.16814
-2.01575
-1.86385
-1.71338
-1.56531
-1.42061
-1.2803
-1.14533
-1.01664
-0.895034
-0.78115
-0.675392
-0.577893
-0.488535
-0.406989
-0.332827
-0.265475
-0.204661
-0.149155
-0.100862
-0.0517849
-0.0272888
-10.3694
-10.3729
-10.3756
-10.3774
-10.3784
-10.3785
-10.3775
-10.3753
-10.372
-10.3674
-10.3615
-10.354
-10.3449
-10.3341
-10.3215
-10.3068
-10.2899
-10.2705
-10.2486
-10.2238
-10.1958
-10.1644
-10.1293
-10.0902
-10.0467
-9.99841
-9.94501
-9.8861
-9.82127
-9.75012
-9.67222
-9.58717
-9.49458
-9.39404
-9.28522
-9.16778
-9.04146
-8.90606
-8.76145
-8.60761
-8.44463
-8.27274
-8.09231
-7.90388
-7.70819
-7.50612
-7.29877
-7.0874
-6.87344
-6.65841
-6.44395
-6.23171
-6.0233
-5.82021
-5.62373
-5.43488
-5.25436
-5.08249
-4.91925
-4.76426
-4.61683
-4.47604
-4.34079
-4.2099
-4.08212
-3.95624
-3.8311
-3.70569
-3.57909
-3.45057
-3.31957
-3.1857
-3.04876
-2.90874
-2.76576
-2.62013
-2.47228
-2.32278
-2.17228
-2.02155
-1.87139
-1.72269
-1.57636
-1.43333
-1.29453
-1.16089
-1.03325
-0.912372
-0.798845
-0.693052
-0.595134
-0.505008
-0.422393
-0.34691
-0.278021
-0.215464
-0.158001
-0.107506
-0.0559324
-0.028827
-10.3544
-10.3571
-10.3591
-10.3602
-10.3604
-10.3597
-10.3578
-10.3548
-10.3506
-10.3451
-10.3381
-10.3296
-10.3194
-10.3075
-10.2936
-10.2776
-10.2593
-10.2386
-10.2152
-10.1888
-10.1593
-10.1264
-10.0897
-10.049
-10.0039
-9.95404
-9.89917
-9.83885
-9.77273
-9.70041
-9.62153
-9.5357
-9.44255
-9.34175
-9.23297
-9.11594
-8.99041
-8.85624
-8.71332
-8.56167
-8.40139
-8.23271
-8.05602
-7.87183
-7.68082
-7.48385
-7.28192
-7.07618
-6.86795
-6.65861
-6.44965
-6.24255
-6.03875
-5.83961
-5.64629
-5.45972
-5.28057
-5.10917
-4.94554
-4.7894
-4.64018
-4.49712
-4.35926
-4.22556
-4.09492
-3.96626
-3.83853
-3.71079
-3.5822
-3.45208
-3.31988
-3.18524
-3.04795
-2.90796
-2.76539
-2.62049
-2.47367
-2.32542
-2.17637
-2.02721
-1.87871
-1.7317
-1.58703
-1.44559
-1.30825
-1.17586
-1.04923
-0.92905
-0.815873
-0.71006
-0.61176
-0.520916
-0.437288
-0.360539
-0.290159
-0.2259
-0.166504
-0.113857
-0.0597905
-0.0303402
-10.3397
-10.3418
-10.343
-10.3434
-10.3429
-10.3414
-10.3387
-10.3349
-10.3299
-10.3234
-10.3155
-10.306
-10.2948
-10.2817
-10.2666
-10.2494
-10.2299
-10.2078
-10.183
-10.1553
-10.1243
-10.0899
-10.0517
-10.0095
-9.96291
-9.91168
-9.85543
-9.79383
-9.72653
-9.65317
-9.57341
-9.48689
-9.39329
-9.29229
-9.18362
-9.06703
-8.94232
-8.80937
-8.6681
-8.51856
-8.36085
-8.19524
-8.02207
-7.84186
-7.65526
-7.46304
-7.26614
-7.06564
-6.86272
-6.65865
-6.45476
-6.25239
-6.05286
-5.85738
-5.66701
-5.4826
-5.30478
-5.13389
-4.96998
-4.81286
-4.66207
-4.51697
-4.37675
-4.24049
-4.10722
-3.97599
-3.84584
-3.71593
-3.58547
-3.45382
-3.32048
-3.18509
-3.04743
-2.90745
-2.76524
-2.62102
-2.47514
-2.32808
-2.18039
-2.03272
-1.8858
-1.74039
-1.59731
-1.45738
-1.32142
-1.19023
-1.06455
-0.94504
-0.832204
-0.726386
-0.627737
-0.536224
-0.45164
-0.373681
-0.301861
-0.235947
-0.174651
-0.119914
-0.0633455
-0.0318574
-10.3258
-10.3273
-10.3278
-10.3275
-10.3263
-10.324
-10.3205
-10.3159
-10.31
-10.3027
-10.2938
-10.2834
-10.2711
-10.257
-10.2408
-10.2225
-10.2017
-10.1784
-10.1523
-10.1232
-10.0909
-10.0551
-10.0155
-9.97195
-9.92404
-9.87149
-9.81399
-9.75122
-9.68285
-9.60856
-9.52801
-9.4409
-9.34693
-9.24581
-9.1373
-9.02118
-8.89729
-8.76553
-8.62586
-8.47833
-8.32308
-8.16035
-7.9905
-7.81401
-7.6315
-7.4437
-7.25148
-7.05581
-6.85779
-6.65856
-6.45934
-6.26134
-6.06574
-5.87364
-5.68601
-5.50363
-5.32708
-5.15672
-4.99263
-4.83468
-4.68252
-4.5356
-4.39324
-4.25465
-4.11899
-3.98538
-3.853
-3.72105
-3.58883
-3.45574
-3.32132
-3.1852
-3.04718
-2.90719
-2.7653
-2.6217
-2.4767
-2.33074
-2.18433
-2.03807
-1.89264
-1.74875
-1.60717
-1.46867
-1.33402
-1.20396
-1.0792
-0.960321
-0.847816
-0.742006
-0.643041
-0.550907
-0.465422
-0.386313
-0.31311
-0.245597
-0.182441
-0.125684
-0.066582
-0.033438
-10.3121
-10.3129
-10.3129
-10.312
-10.3101
-10.3071
-10.303
-10.2976
-10.2909
-10.2828
-10.2731
-10.2617
-10.2486
-10.2335
-10.2163
-10.1968
-10.175
-10.1505
-10.1232
-10.0929
-10.0593
-10.0222
-9.98142
-9.93657
-9.88742
-9.83368
-9.77505
-9.71122
-9.64189
-9.56677
-9.48554
-9.39792
-9.30364
-9.20246
-9.09414
-8.97851
-8.85543
-8.72483
-8.58669
-8.44107
-8.28813
-8.1281
-7.96135
-7.78833
-7.60962
-7.4259
-7.23798
-7.04676
-6.85323
-6.65844
-6.4635
-6.2695
-6.0775
-5.88851
-5.7034
-5.52291
-5.34758
-5.17775
-5.01355
-4.85491
-4.70154
-4.553
-4.40872
-4.26803
-4.13017
-3.99439
-3.85993
-3.7261
-3.59224
-3.45781
-3.32235
-3.18553
-3.04716
-2.90714
-2.76554
-2.6225
-2.47833
-2.33339
-2.18818
-2.04324
-1.89921
-1.75676
-1.6166
-1.47945
-1.34603
-1.21705
-1.09315
-0.974882
-0.862701
-0.756912
-0.657666
-0.564958
-0.478632
-0.398436
-0.323913
-0.254866
-0.189898
-0.131205
-0.0694968
-0.0351893
-10.3
-10.3002
-10.2995
-10.2979
-10.2954
-10.2917
-10.2868
-10.2807
-10.2733
-10.2643
-10.2538
-10.2416
-10.2275
-10.2114
-10.1933
-10.1728
-10.1499
-10.1243
-10.0959
-10.0645
-10.0298
-9.99154
-9.94955
-9.90356
-9.85328
-9.79846
-9.7388
-9.67402
-9.60384
-9.52798
-9.44615
-9.35811
-9.26359
-9.16239
-9.0543
-8.93916
-8.81688
-8.68739
-8.5507
-8.40688
-8.2561
-8.0986
-7.93472
-7.7649
-7.58968
-7.40971
-7.22573
-7.03858
-6.84915
-6.65841
-6.46736
-6.277
-6.08829
-5.90213
-5.71935
-5.54059
-5.3664
-5.19709
-5.03284
-4.8736
-4.71917
-4.56919
-4.42319
-4.28058
-4.14073
-4.00296
-3.86661
-3.73103
-3.59565
-3.45996
-3.32353
-3.18606
-3.04734
-2.90729
-2.76594
-2.62343
-2.48001
-2.33603
-2.19193
-2.04824
-1.90552
-1.76442
-1.62559
-1.48972
-1.35747
-1.22951
-1.10643
-0.988749
-0.87689
-0.771142
-0.671652
-0.578425
-0.49132
-0.410107
-0.334337
-0.263832
-0.19711
-0.136568
-0.0721281
-0.0373004
-10.2871
-10.2869
-10.2858
-10.2837
-10.2807
-10.2765
-10.2711
-10.2644
-10.2563
-10.2467
-10.2355
-10.2225
-10.2077
-10.1908
-10.1718
-10.1505
-10.1266
-10.1001
-10.0707
-10.0383
-10.0025
-9.96325
-9.92024
-9.87322
-9.82194
-9.76615
-9.70559
-9.63997
-9.56904
-9.49254
-9.4102
-9.3218
-9.2271
-9.12592
-9.01807
-8.90344
-8.78192
-8.65348
-8.51815
-8.37601
-8.22723
-8.07205
-7.9108
-7.74391
-7.57189
-7.39533
-7.21493
-7.03146
-6.84575
-6.65867
-6.47114
-6.28405
-6.09831
-5.91472
-5.73403
-5.55686
-5.38371
-5.2149
-5.05062
-4.89086
-4.7355
-4.58423
-4.43668
-4.29235
-4.15068
-4.0111
-3.873
-3.73583
-3.59905
-3.46218
-3.32486
-3.18677
-3.04772
-2.90763
-2.7665
-2.62447
-2.48175
-2.33866
-2.19561
-2.05308
-1.91161
-1.77178
-1.63422
-1.49957
-1.36845
-1.24147
-1.11919
-1.00209
-0.890562
-0.784881
-0.685187
-0.591492
-0.503666
-0.421498
-0.344545
-0.272649
-0.204233
-0.141915
-0.0745444
-0.0400048
-10.2779
-10.2771
-10.2753
-10.2726
-10.2688
-10.2639
-10.2579
-10.2505
-10.2416
-10.2313
-10.2193
-10.2056
-10.19
-10.1723
-10.1524
-10.1302
-10.1055
-10.0781
-10.0478
-10.0144
-9.9777
-9.9375
-9.89354
-9.84561
-9.79344
-9.73681
-9.67544
-9.60909
-9.53751
-9.46046
-9.37771
-9.28902
-9.1942
-9.09308
-8.9855
-8.87135
-8.75056
-8.62311
-8.48905
-8.34846
-8.20151
-8.04846
-7.88961
-7.72537
-7.55623
-7.38275
-7.20558
-7.02542
-6.84303
-6.65923
-6.47485
-6.29071
-6.10761
-5.92632
-5.74752
-5.57178
-5.39958
-5.23123
-5.06694
-4.90674
-4.75055
-4.59814
-4.4492
-4.30332
-4.16002
-4.0188
-3.87913
-3.7405
-3.60244
-3.46452
-3.32638
-3.18773
-3.0484
-2.90829
-2.7674
-2.62584
-2.4838
-2.34158
-2.19955
-2.05815
-1.91789
-1.7793
-1.64297
-1.50949
-1.37944
-1.25339
-1.13186
-1.01529
-0.904055
-0.798402
-0.698474
-0.604289
-0.515733
-0.43261
-0.354491
-0.281234
-0.211173
-0.147129
-0.076614
-0.0431073
-10.2654
-10.2645
-10.2626
-10.2598
-10.2558
-10.2507
-10.2444
-10.2367
-10.2275
-10.2168
-10.2043
-10.1901
-10.174
-10.1557
-10.1353
-10.1124
-10.087
-10.0589
-10.0279
-9.99372
-9.95627
-9.91529
-9.87057
-9.82187
-9.76896
-9.71161
-9.64957
-9.58261
-9.51049
-9.43299
-9.34989
-9.26098
-9.16608
-9.06504
-8.95772
-8.84402
-8.72391
-8.59737
-8.46444
-8.32525
-8.17995
-8.02879
-7.87209
-7.71022
-7.54365
-7.37292
-7.19861
-7.02139
-6.84197
-6.66108
-6.47949
-6.29795
-6.11721
-5.93795
-5.76081
-5.58633
-5.41495
-5.24699
-5.08265
-4.92202
-4.76505
-4.61158
-4.46135
-4.31403
-4.16922
-4.02648
-3.88536
-3.7454
-3.60617
-3.46728
-3.32841
-3.18928
-3.04972
-2.90962
-2.76899
-2.62791
-2.48655
-2.34517
-2.20411
-2.06377
-1.92462
-1.78715
-1.65192
-1.51945
-1.39031
-1.26502
-1.14406
-1.02785
-0.916744
-0.810986
-0.710716
-0.615965
-0.526635
-0.442551
-0.363297
-0.288749
-0.217198
-0.151559
-0.0782446
-0.0453477
-10.2604
-10.2586
-10.2559
-10.2522
-10.2475
-10.2417
-10.2346
-10.2262
-10.2163
-10.2048
-10.1917
-10.1768
-10.16
-10.1411
-10.1199
-10.0964
-10.0703
-10.0415
-10.0098
-9.97496
-9.93682
-9.89516
-9.84976
-9.80041
-9.74688
-9.68893
-9.62635
-9.55889
-9.48635
-9.40851
-9.32515
-9.23611
-9.1412
-9.04029
-8.93326
-8.82004
-8.70058
-8.5749
-8.44306
-8.30517
-8.1614
-8.012
-7.85727
-7.69758
-7.53338
-7.36515
-7.19347
-7.01894
-6.84222
-6.66399
-6.48495
-6.30579
-6.12719
-5.94979
-5.77417
-5.60084
-5.43022
-5.26263
-5.09829
-4.93729
-4.77964
-4.62523
-4.47387
-4.32527
-4.17912
-4.03503
-3.89261
-3.75145
-3.61115
-3.47138
-3.3318
-3.19217
-3.05232
-2.91213
-2.7716
-2.63078
-2.48983
-2.34899
-2.20856
-2.06892
-1.9305
-1.79378
-1.65927
-1.52749
-1.39896
-1.27417
-1.1536
-1.03765
-0.926632
-0.820803
-0.720297
-0.625145
-0.535261
-0.450476
-0.370393
-0.29488
-0.2223
-0.155359
-0.0809755
-0.0454979
-10.2489
-10.2477
-10.2455
-10.2422
-10.2378
-10.2322
-10.2253
-10.217
-10.2071
-10.1957
-10.1825
-10.1674
-10.1504
-10.1313
-10.1099
-10.086
-10.0596
-10.0304
-9.99829
-9.96303
-9.92445
-9.88234
-9.8365
-9.7867
-9.73274
-9.67439
-9.61143
-9.54365
-9.47084
-9.39279
-9.30932
-9.22025
-9.12543
-9.02473
-8.91805
-8.80532
-8.68652
-8.56167
-8.43082
-8.29411
-8.1517
-8.00383
-7.8508
-7.69295
-7.53071
-7.36455
-7.19498
-7.02259
-6.84797
-6.67175
-6.49459
-6.31711
-6.13996
-5.96372
-5.78893
-5.61608
-5.44559
-5.27777
-5.11285
-4.95098
-4.79218
-4.63642
-4.48354
-4.33335
-4.18556
-4.03987
-3.89593
-3.75338
-3.61187
-3.47108
-3.33071
-3.19054
-3.05037
-2.91011
-2.76973
-2.62927
-2.48888
-2.34875
-2.20916
-2.07047
-1.93306
-1.79738
-1.6639
-1.53309
-1.40545
-1.28144
-1.16149
-1.04598
-0.935232
-0.829478
-0.728856
-0.633408
-0.543062
-0.457667
-0.376859
-0.300494
-0.227154
-0.159018
-0.0855234
-0.0431849
-10.245
-10.2429
-10.2398
-10.2358
-10.2307
-10.2244
-10.2168
-10.2079
-10.1976
-10.1856
-10.1719
-10.1564
-10.139
-10.1194
-10.0975
-10.0733
-10.0464
-10.0168
-9.98423
-9.94853
-9.9095
-9.86694
-9.82064
-9.77038
-9.71596
-9.65716
-9.59376
-9.52556
-9.45235
-9.37394
-9.29016
-9.20083
-9.10583
-9.00503
-8.89835
-8.78574
-8.66719
-8.54273
-8.41245
-8.27647
-8.13497
-7.98821
-7.83646
-7.68009
-7.51948
-7.35511
-7.18745
-7.01704
-6.84445
-6.67025
-6.49505
-6.31942
-6.14395
-5.96918
-5.79562
-5.62373
-5.45391
-5.28647
-5.12166
-4.95963
-4.80048
-4.64418
-4.49065
-4.33972
-4.19117
-4.04474
-3.9001
-3.75695
-3.61495
-3.47379
-3.33319
-3.19292
-3.05278
-2.91268
-2.77255
-2.63244
-2.49246
-2.35278
-2.21367
-2.07545
-1.93849
-1.80321
-1.67008
-1.53955
-1.41212
-1.28822
-1.1683
-1.05273
-0.941834
-0.835848
-0.734921
-0.639102
-0.548328
-0.462454
-0.38114
-0.304207
-0.230485
-0.161526
-0.0900654
-0.0393442
-10.2439
-10.242
-10.239
-10.235
-10.2299
-10.2236
-10.2159
-10.2069
-10.1963
-10.1841
-10.1701
-10.1543
-10.1365
-10.1165
-10.0942
-10.0695
-10.0422
-10.0122
-9.97915
-9.94299
-9.90351
-9.86051
-9.81378
-9.76314
-9.70837
-9.64926
-9.58562
-9.51723
-9.44392
-9.3655
-9.28179
-9.19265
-9.09795
-8.99758
-8.89147
-8.77956
-8.66185
-8.53838
-8.40922
-8.27449
-8.13438
-7.98911
-7.83894
-7.68422
-7.52531
-7.36263
-7.19665
-7.02786
-6.85679
-6.68398
-6.51
-6.3354
-6.16074
-5.98654
-5.8133
-5.64148
-5.47148
-5.30364
-5.13823
-4.97544
-4.8154
-4.65813
-4.50358
-4.35164
-4.20213
-4.05481
-3.90939
-3.76559
-3.62307
-3.48154
-3.34072
-3.20035
-3.06023
-2.92023
-2.78029
-2.64041
-2.50067
-2.36123
-2.22234
-2.0843
-1.94746
-1.81223
-1.67907
-1.54843
-1.42079
-1.29661
-1.17631
-1.06028
-0.948848
-0.842262
-0.740681
-0.644167
-0.552671
-0.466068
-0.384046
-0.306441
-0.232219
-0.162596
-0.0925523
-0.0354036
-11.177
-11.1777
-11.1813
-11.1861
-11.1902
-11.1931
-11.1955
-11.1978
-11.2005
-11.204
-11.209
-11.2165
-11.2277
-11.2438
-11.2662
-11.2955
-11.3322
-11.3756
-11.4249
-11.4784
-11.5343
-11.5906
-11.6454
-11.697
-11.7437
-11.7841
-11.8168
-11.8407
-11.8544
-11.8571
-11.8474
-11.8233
-11.7825
-11.723
-11.6441
-11.5455
-11.4258
-11.2804
-11.1037
-10.8923
-10.6455
-10.3624
-10.0426
-9.68632
-9.29518
-8.87232
-8.42272
-7.95323
-7.4724
-6.99011
-6.51687
-6.06298
-5.63751
-5.24752
-4.89745
-4.58883
-4.32058
-4.08969
-3.89142
-3.71932
-3.56882
-3.43712
-3.32033
-3.21412
-3.11445
-3.01796
-2.92191
-2.82412
-2.72282
-2.61661
-2.50437
-2.38521
-2.25853
-2.12401
-1.98158
-1.83152
-1.67441
-1.51116
-1.343
-1.17156
-0.998823
-0.827029
-0.658656
-0.496341
-0.342816
-0.200825
-0.0730198
0.038186
0.1308
0.203469
0.255687
0.2879
0.301475
0.29853
0.281465
0.253078
0.21404
0.169892
0.10252
0.076634
-11.1789
-11.182
-11.1859
-11.1895
-11.1918
-11.1924
-11.1913
-11.19
-11.1896
-11.1908
-11.1938
-11.1995
-11.2094
-11.2254
-11.2491
-11.2812
-11.3217
-11.3696
-11.4231
-11.4802
-11.5386
-11.5963
-11.6515
-11.7028
-11.7489
-11.7889
-11.8217
-11.8464
-11.8621
-11.8677
-11.8621
-11.8438
-11.8109
-11.7615
-11.6933
-11.6033
-11.4882
-11.3455
-11.1749
-10.9756
-10.7445
-10.4794
-10.1789
-9.84267
-9.47147
-9.06768
-8.63535
-8.18036
-7.71029
-7.23416
-6.76189
-6.30355
-5.86831
-5.46372
-5.09525
-4.76546
-4.47422
-4.21999
-3.99985
-3.81038
-3.64634
-3.50217
-3.3737
-3.25703
-3.1485
-3.04494
-2.94369
-2.84251
-2.73956
-2.63327
-2.52232
-2.40566
-2.28249
-2.15229
-2.01484
-1.87023
-1.71884
-1.56139
-1.39899
-1.23315
-1.06573
-0.898853
-0.734895
-0.576388
-0.425964
-0.286277
-0.1599
-0.0491963
0.0438665
0.11793
0.172453
0.207826
0.22533
0.226975
0.215034
0.192201
0.159147
0.121824
0.0631518
0.0559974
-11.1698
-11.1758
-11.1806
-11.1831
-11.1836
-11.183
-11.1818
-11.1809
-11.1814
-11.1844
-11.1911
-11.2028
-11.2205
-11.2449
-11.2764
-11.3145
-11.3584
-11.4069
-11.4585
-11.5116
-11.5648
-11.6167
-11.6661
-11.7121
-11.7536
-11.7898
-11.8198
-11.8427
-11.8574
-11.8628
-11.8576
-11.8405
-11.8098
-11.7641
-11.7013
-11.619
-11.5139
-11.3831
-11.2248
-11.0372
-10.8181
-10.5655
-10.2777
-9.95424
-9.59543
-9.20319
-8.78112
-8.33468
-7.8711
-7.39902
-6.92816
-6.46872
-6.02991
-5.6191
-5.24191
-4.90159
-4.59888
-4.33274
-4.10047
-3.89835
-3.72186
-3.56654
-3.42842
-3.30367
-3.1887
-3.08033
-2.97582
-2.87284
-2.7694
-2.66376
-2.55447
-2.44028
-2.32024
-2.19368
-2.06021
-1.91973
-1.77244
-1.6189
-1.46012
-1.29753
-1.13291
-0.96832
-0.806069
-0.648646
-0.498658
-0.358751
-0.23153
-0.119431
-0.024531
0.0517139
0.108709
0.146856
0.167495
0.172708
0.164851
0.1467
0.119218
0.0887077
0.0400082
0.0456022
-11.1525
-11.1613
-11.1689
-11.1721
-11.173
-11.1733
-11.1738
-11.1754
-11.1792
-11.1863
-11.1976
-11.2142
-11.2366
-11.2651
-11.2996
-11.3396
-11.384
-11.4319
-11.4821
-11.5334
-11.5846
-11.6347
-11.6827
-11.7276
-11.7687
-11.8049
-11.8356
-11.8596
-11.876
-11.8837
-11.8813
-11.8674
-11.8403
-11.7983
-11.7394
-11.6614
-11.5614
-11.4369
-11.2853
-11.1043
-10.8912
-10.6437
-10.3601
-10.0394
-9.68162
-9.28857
-8.86373
-8.41276
-7.94325
-7.46413
-6.98518
-6.51694
-6.06925
-5.65027
-5.26634
-4.92104
-4.61523
-4.34759
-4.11508
-3.91351
-3.73823
-3.58468
-3.44863
-3.32607
-3.21338
-3.10733
-3.00516
-2.90451
-2.80333
-2.69988
-2.59265
-2.48042
-2.36223
-2.23737
-2.10545
-1.9663
-1.82009
-1.66742
-1.50932
-1.34719
-1.18279
-1.01819
-0.855656
-0.697684
-0.546875
-0.405907
-0.277466
-0.164125
-0.0681228
0.00897567
0.0665935
0.105294
0.126679
0.133109
0.127218
0.111951
0.088798
0.0637162
0.0250589
0.035608
-11.1357
-11.1468
-11.1577
-11.1624
-11.1646
-11.1662
-11.1685
-11.1724
-11.1789
-11.1888
-11.2031
-11.2225
-11.2475
-11.2781
-11.3142
-11.3551
-11.4001
-11.4481
-11.498
-11.5489
-11.5997
-11.6495
-11.6973
-11.7424
-11.7839
-11.8209
-11.8526
-11.878
-11.8962
-11.9059
-11.906
-11.8949
-11.8711
-11.8326
-11.7775
-11.7033
-11.6076
-11.4876
-11.3404
-11.1633
-10.9533
-10.7077
-10.4245
-10.1024
-9.74157
-9.34338
-8.91121
-8.45072
-7.96977
-7.47792
-6.98593
-6.50538
-6.0473
-5.62089
-5.23287
-4.88679
-4.58316
-4.32
-4.09352
-3.89891
-3.73099
-3.58479
-3.45571
-3.33958
-3.23271
-3.13189
-3.03435
-2.93776
-2.84009
-2.73961
-2.63488
-2.52467
-2.40806
-2.28438
-2.15322
-2.01449
-1.86841
-1.71564
-1.55723
-1.39461
-1.22955
-1.06408
-0.900517
-0.741326
-0.589132
-0.446661
-0.316716
-0.20207
-0.105178
-0.0277322
0.0297624
0.0681468
0.0894272
0.0963676
0.0919609
0.0793162
0.0604796
0.0405857
0.0124861
0.0231281
-11.1242
-11.1371
-11.1503
-11.1563
-11.1595
-11.1623
-11.166
-11.1713
-11.1792
-11.1907
-11.2065
-11.2273
-11.2535
-11.285
-11.3218
-11.3631
-11.4082
-11.4562
-11.5062
-11.5571
-11.6081
-11.6581
-11.7064
-11.7522
-11.7945
-11.8325
-11.8655
-11.8923
-11.9121
-11.9236
-11.9257
-11.9168
-11.8955
-11.8597
-11.8075
-11.7364
-11.6439
-11.527
-11.3828
-11.208
-10.9994
-10.754
-10.4694
-10.144
-9.77769
-9.3717
-8.92941
-8.45661
-7.96162
-7.45491
-6.94862
-6.4557
-5.98844
-5.55702
-5.16841
-4.82581
-4.52896
-4.27484
-4.05869
-3.87484
-3.71749
-3.58122
-3.46118
-3.35308
-3.25323
-3.15849
-3.06616
-2.97397
-2.87997
-2.78248
-2.6801
-2.57168
-2.45632
-2.33339
-2.20255
-2.06377
-1.91736
-1.76402
-1.60484
-1.44128
-1.2751
-1.10837
-0.943395
-0.782653
-0.628792
-0.484604
-0.353048
-0.237157
-0.13967
-0.0624151
-0.00575082
0.0315888
0.0521777
0.0592955
0.0563301
0.0464883
0.0322805
0.0176931
0.000590241
0.00877002
-11.1188
-11.1333
-11.1473
-11.1537
-11.1574
-11.1609
-11.1651
-11.1709
-11.1793
-11.1911
-11.2071
-11.228
-11.2541
-11.2856
-11.3221
-11.3633
-11.4082
-11.4562
-11.5063
-11.5574
-11.6088
-11.6594
-11.7084
-11.7548
-11.7979
-11.8368
-11.8707
-11.8986
-11.9194
-11.9322
-11.9357
-11.9285
-11.9089
-11.8751
-11.825
-11.7562
-11.6661
-11.5515
-11.4091
-11.2355
-11.0273
-10.781
-10.4938
-10.1639
-9.79072
-9.37538
-8.92129
-8.43456
-7.92414
-7.40161
-6.88066
-6.37591
-5.90118
-5.46758
-5.08213
-4.74731
-4.46159
-4.22059
-4.01828
-3.84803
-3.70342
-3.57866
-3.46872
-3.36933
-3.2769
-3.18839
-3.10125
-3.0133
-2.9227
-2.82787
-2.72746
-2.6204
-2.50585
-2.38325
-2.25232
-2.11313
-1.96603
-1.8118
-1.65154
-1.48675
-1.31921
-1.151
-0.984433
-0.822004
-0.666381
-0.520434
-0.38732
-0.270407
-0.172783
-0.0964011
-0.0413388
-0.00568953
0.0138787
0.0212354
0.0200976
0.0135993
0.00449261
-0.00456631
-0.0108409
-0.00578
-11.1195
-11.1346
-11.1481
-11.1541
-11.1576
-11.1608
-11.1648
-11.1702
-11.178
-11.189
-11.2041
-11.224
-11.2491
-11.2795
-11.3152
-11.3556
-11.4002
-11.4479
-11.4978
-11.5491
-11.6006
-11.6515
-11.7008
-11.7476
-11.7911
-11.8303
-11.8646
-11.8929
-11.9143
-11.9277
-11.932
-11.9257
-11.9073
-11.8749
-11.8265
-11.7594
-11.6709
-11.5578
-11.4165
-11.2435
-11.0348
-10.7868
-10.4966
-10.1616
-9.78125
-9.35632
-8.89026
-8.38943
-7.86341
-7.32499
-6.78956
-6.27373
-5.79316
-5.36001
-4.98119
-4.65802
-4.38724
-4.1627
-3.97691
-3.82224
-3.69169
-3.57923
-3.47981
-3.38927
-3.30418
-3.22169
-3.13943
-3.05536
-2.96776
-2.87515
-2.77629
-2.67016
-2.55601
-2.43336
-2.302
-2.16206
-2.01399
-1.85858
-1.69701
-1.53078
-1.36171
-1.19189
-1.02363
-0.859461
-0.702062
-0.554398
-0.419867
-0.302247
-0.20502
-0.130183
-0.077311
-0.0436079
-0.0248663
-0.0167115
-0.0153255
-0.0178965
-0.0216602
-0.0252887
-0.021789
-0.0191584
-11.1253
-11.1403
-11.1522
-11.1567
-11.1591
-11.1614
-11.1642
-11.1682
-11.1743
-11.1832
-11.1961
-11.2138
-11.2367
-11.2653
-11.2994
-11.3385
-11.3821
-11.4291
-11.4786
-11.5296
-11.5809
-11.6317
-11.6808
-11.7274
-11.7707
-11.8098
-11.8439
-11.8721
-11.8936
-11.9072
-11.9118
-11.9061
-11.8884
-11.857
-11.8096
-11.7437
-11.6563
-11.5441
-11.4034
-11.2303
-11.0208
-10.771
-10.4775
-10.1379
-9.75091
-9.31735
-8.84053
-8.32687
-7.78645
-7.23308
-6.68389
-6.15775
-5.67258
-5.24189
-4.87242
-4.56397
-4.31106
-4.10542
-3.93792
-3.79994
-3.68402
-3.58402
-3.49501
-3.41304
-3.33493
-3.25806
-3.18024
-3.0996
-3.01456
-2.92374
-2.826
-2.72041
-2.60629
-2.48324
-2.35113
-2.21016
-2.06083
-1.90401
-1.74091
-1.57307
-1.40233
-1.23079
-1.0608
-0.894868
-0.735725
-0.586425
-0.450634
-0.33258
-0.236122
-0.163157
-0.112529
-0.0804358
-0.0618958
-0.0522824
-0.0479157
-0.046428
-0.0451072
-0.0438316
-0.0321137
-0.0306905
-11.1357
-11.1497
-11.1587
-11.1608
-11.1614
-11.1618
-11.1622
-11.1633
-11.1659
-11.1712
-11.1804
-11.1947
-11.2146
-11.2407
-11.2728
-11.3104
-11.3527
-11.3988
-11.4476
-11.4979
-11.5487
-11.5988
-11.6473
-11.6933
-11.736
-11.7745
-11.8081
-11.8359
-11.857
-11.8705
-11.8752
-11.8697
-11.8525
-11.8216
-11.7749
-11.7096
-11.6228
-11.5109
-11.3703
-11.1968
-10.9862
-10.7346
-10.4383
-10.0946
-9.70237
-9.26203
-8.77675
-8.25287
-7.70057
-7.13434
-6.57277
-6.0371
-5.54794
-5.12069
-4.76216
-4.47035
-4.23718
-4.05185
-3.90349
-3.78253
-3.68117
-3.59331
-3.51426
-3.44036
-3.36872
-3.29696
-3.22311
-3.14546
-3.06254
-2.97311
-2.8761
-2.77068
-2.65625
-2.53248
-2.39932
-2.25703
-2.10619
-1.94772
-1.78289
-1.61327
-1.44073
-1.26739
-1.09562
-0.927931
-0.76707
-0.616161
-0.479123
-0.360628
-0.264867
-0.193532
-0.144686
-0.113623
-0.0947998
-0.0834889
-0.0761809
-0.0709252
-0.065066
-0.0596114
-0.0413008
-0.040092
-11.1509
-11.1626
-11.1671
-11.1657
-11.1635
-11.1604
-11.1567
-11.1531
-11.1509
-11.1516
-11.1568
-11.1675
-11.1845
-11.2082
-11.2383
-11.2744
-11.3153
-11.3602
-11.4079
-11.4571
-11.5067
-11.5557
-11.6031
-11.648
-11.6896
-11.7272
-11.76
-11.7871
-11.8077
-11.8208
-11.8252
-11.8195
-11.8023
-11.7714
-11.7248
-11.6596
-11.5728
-11.4609
-11.3198
-11.1455
-10.9337
-10.6802
-10.3816
-10.035
-9.63909
-9.19433
-8.70365
-8.17312
-7.61268
-7.03685
-6.46511
-5.92086
-5.42771
-5.00369
-4.65623
-4.38162
-4.16878
-4.00411
-3.87486
-3.77055
-3.68318
-3.60682
-3.53709
-3.47066
-3.40494
-3.33781
-3.26748
-3.19241
-3.11125
-3.02284
-2.92622
-2.82063
-2.70557
-2.58076
-2.44624
-2.30235
-2.14974
-1.98939
-1.82263
-1.65106
-1.47659
-1.30137
-1.12775
-0.958277
-0.795636
-0.642974
-0.50442
-0.385081
-0.289505
-0.219223
-0.171628
-0.141238
-0.122001
-0.109073
-0.0990956
-0.0905364
-0.0808213
-0.0720131
-0.0487131
-0.0472422
-11.1705
-11.1778
-11.175
-11.1687
-11.1626
-11.1553
-11.1471
-11.139
-11.1324
-11.1291
-11.1305
-11.1381
-11.1524
-11.1737
-11.2018
-11.236
-11.2753
-11.3185
-11.3645
-11.4121
-11.4601
-11.5075
-11.5535
-11.5969
-11.6372
-11.6735
-11.7051
-11.7311
-11.7507
-11.7628
-11.7664
-11.7601
-11.7421
-11.7107
-11.6635
-11.5978
-11.5103
-11.3975
-11.2555
-11.0799
-10.8667
-10.6116
-10.3112
-9.9628
-9.56504
-9.11842
-8.62573
-8.09267
-7.5286
-6.94746
-6.36875
-5.8173
-5.31979
-4.89765
-4.5599
-4.30152
-4.10832
-3.96358
-3.85257
-3.76397
-3.68966
-3.62396
-3.56282
-3.50327
-3.44298
-3.38006
-3.31289
-3.24005
-3.16031
-3.07261
-2.97607
-2.87
-2.75399
-2.62784
-2.49167
-2.34589
-2.19124
-2.02877
-1.85985
-1.68616
-1.50962
-1.33239
-1.15684
-0.985449
-0.820836
-0.666096
-0.525537
-0.404743
-0.308705
-0.238917
-0.192188
-0.162284
-0.142625
-0.128266
-0.116011
-0.104732
-0.0919342
-0.0806204
-0.053873
-0.052094
-11.1991
-11.1924
-11.1773
-11.1685
-11.1603
-11.1492
-11.1361
-11.1227
-11.111
-11.1033
-11.1012
-11.106
-11.1181
-11.1377
-11.1643
-11.1971
-11.235
-11.2768
-11.3213
-11.3673
-11.4137
-11.4595
-11.5037
-11.5455
-11.5841
-11.6187
-11.6486
-11.673
-11.691
-11.7016
-11.7037
-11.6959
-11.6766
-11.6439
-11.5953
-11.5281
-11.4391
-11.3248
-11.1812
-11.004
-10.7892
-10.5327
-10.2312
-9.88213
-9.48435
-9.03845
-8.54714
-8.01579
-7.45296
-6.87147
-6.28985
-5.7333
-5.23111
-4.80874
-4.47801
-4.23345
-4.05784
-3.93122
-3.8368
-3.76245
-3.69998
-3.64397
-3.59068
-3.53743
-3.48213
-3.42306
-3.35873
-3.28785
-3.20926
-3.12199
-3.02523
-2.91839
-2.80112
-2.67333
-2.53521
-2.38727
-2.23032
-2.06549
-1.89422
-1.71822
-1.53946
-1.36009
-1.18246
-1.00899
-0.842185
-0.685039
-0.542023
-0.419224
-0.32216
-0.252387
-0.206195
-0.176605
-0.156539
-0.140973
-0.126871
-0.113465
-0.0983398
-0.0852971
-0.0565248
-0.0546553
-11.2126
-11.2065
-11.1833
-11.1698
-11.1504
-11.1273
-11.1047
-11.0853
-11.0707
-11.0621
-11.0604
-11.0659
-11.0788
-11.0989
-11.1257
-11.1582
-11.1955
-11.2365
-11.2799
-11.3246
-11.3696
-11.4137
-11.4562
-11.4962
-11.5329
-11.5655
-11.5934
-11.6158
-11.6317
-11.6402
-11.6402
-11.6303
-11.6088
-11.5739
-11.5231
-11.4537
-11.3625
-11.246
-11.1003
-10.9212
-10.7048
-10.4472
-10.1453
-9.79691
-9.401
-8.95835
-8.4717
-7.94607
-7.38923
-6.81251
-6.23262
-5.67387
-5.16724
-4.74238
-4.41507
-4.18054
-4.01909
-3.90764
-3.82735
-3.76529
-3.71318
-3.66577
-3.61955
-3.57204
-3.52132
-3.46578
-3.40404
-3.33486
-3.25718
-3.17008
-3.07284
-2.96496
-2.84617
-2.71646
-2.57614
-2.4258
-2.26634
-2.09897
-1.92519
-1.74677
-1.5657
-1.38413
-1.20439
-1.02882
-0.859776
-0.70012
-0.554423
-0.429254
-0.330708
-0.260501
-0.21446
-0.184909
-0.164331
-0.147673
-0.132054
-0.117016
-0.10022
-0.0861098
-0.0565615
-0.0549715
-11.2693
-11.1405
-11.1228
-11.117
-11.0932
-11.0692
-11.0502
-11.0351
-11.0238
-11.0177
-11.0178
-11.0248
-11.0388
-11.0596
-11.0868
-11.1194
-11.1564
-11.1967
-11.2392
-11.2828
-11.3264
-11.3691
-11.41
-11.4482
-11.483
-11.5137
-11.5395
-11.5596
-11.5731
-11.5792
-11.5767
-11.5642
-11.54
-11.5023
-11.4487
-11.3765
-11.2826
-11.1635
-11.0153
-10.8343
-10.6165
-10.3583
-10.057
-9.7105
-9.31821
-8.88106
-8.40179
-7.88516
-7.33818
-6.77064
-6.19694
-5.63939
-5.12933
-4.70003
-4.37196
-4.14251
-3.99063
-3.89063
-3.82175
-3.77013
-3.72724
-3.68779
-3.64837
-3.60655
-3.56046
-3.50855
-3.44947
-3.38203
-3.30523
-3.21821
-3.12034
-3.01119
-2.89061
-2.7587
-2.61586
-2.4628
-2.30052
-2.13032
-1.95378
-1.77272
-1.58916
-1.40529
-1.22339
-1.04574
-0.874497
-0.712309
-0.563765
-0.435845
-0.335241
-0.263904
-0.217288
-0.187151
-0.165687
-0.147876
-0.130971
-0.114741
-0.0968921
-0.0823536
-0.0531213
-0.0524716
)
;

boundaryField
{
    outlet
    {
        type            fixedValue;
        value           uniform 0;
    }
    inlet
    {
        type            zeroGradient;
    }
    lowerWall
    {
        type            zeroGradient;
    }
    upperWall
    {
        type            zeroGradient;
    }
    frontAndBack
    {
        type            empty;
    }
}


// ************************************************************************* //
