/*--------------------------------*- C++ -*----------------------------------*\
| =========                 |                                                 |
| \\      /  F ield         | OpenFOAM: The Open Source CFD Toolbox           |
|  \\    /   O peration     | Version:  4.1                                   |
|   \\  /    A nd           | Web:      www.OpenFOAM.org                      |
|    \\/     M anipulation  |                                                 |
\*---------------------------------------------------------------------------*/
FoamFile
{
    version     2.0;
    format      ascii;
    class       volScalarField;
    location    "1300";
    object      p;
}
// * * * * * * * * * * * * * * * * * * * * * * * * * * * * * * * * * * * * * //

dimensions      [0 2 -2 0 0 0 0];

internalField   nonuniform List<scalar> 
6820
(
-8.24322
-8.50077
-8.59839
-8.61911
-8.65235
-8.69768
-8.73932
-8.7755
-8.80923
-8.84137
-8.87145
-8.89936
-8.92536
-8.9497
-8.97256
-8.99412
-9.01452
-9.03393
-9.05247
-9.07027
-9.08743
-9.10405
-9.1202
-9.13598
-9.15143
-9.16663
-9.18164
-9.1965
-9.21131
-9.22594
-9.24133
-9.25519
-9.2853
-8.356
-8.52206
-8.60078
-8.62167
-8.64861
-8.68389
-8.71552
-8.74245
-8.76777
-8.79253
-8.81642
-8.83933
-8.8614
-8.8828
-8.90357
-8.92376
-8.9434
-8.96256
-8.98126
-8.99956
-9.01749
-9.03509
-9.05239
-9.06943
-9.08625
-9.10287
-9.11935
-9.1357
-9.152
-9.16823
-9.18461
-9.20113
-9.21783
-8.41226
-8.51697
-8.595
-8.62691
-8.65512
-8.68834
-8.7188
-8.74513
-8.76978
-8.79372
-8.81674
-8.83873
-8.85982
-8.88015
-8.89978
-8.91878
-8.93719
-8.95507
-8.97249
-8.98948
-9.0061
-9.0224
-9.0384
-9.05415
-9.0697
-9.08507
-9.1003
-9.11544
-9.13053
-9.14556
-9.16074
-9.17563
-9.19116
-8.46204
-8.53704
-8.60969
-8.64486
-8.67234
-8.70392
-8.73396
-8.76031
-8.78472
-8.80815
-8.83053
-8.85179
-8.87208
-8.89158
-8.91036
-8.92851
-8.9461
-8.96318
-8.97983
-8.99609
-9.01201
-9.02763
-9.043
-9.05814
-9.0731
-9.08791
-9.1026
-9.11721
-9.13179
-9.14633
-9.16093
-9.17551
-9.19016
-8.50353
-8.55477
-8.61498
-8.64984
-8.6771
-8.70736
-8.73661
-8.76264
-8.7868
-8.81001
-8.83229
-8.85358
-8.87399
-8.89366
-8.91267
-8.93107
-8.94891
-8.96625
-8.98315
-8.99964
-9.01576
-9.03156
-9.04708
-9.06234
-9.07739
-9.09226
-9.10699
-9.1216
-9.13613
-9.15062
-9.16511
-9.17963
-9.19423
-8.53832
-8.57418
-8.62502
-8.66031
-8.68798
-8.71704
-8.74539
-8.77112
-8.79508
-8.81809
-8.84017
-8.86126
-8.88148
-8.90093
-8.9197
-8.93784
-8.95541
-8.97247
-8.98908
-9.00528
-9.02111
-9.03662
-9.05184
-9.06682
-9.08158
-9.09617
-9.1106
-9.12492
-9.13916
-9.15335
-9.16753
-9.18176
-9.1961
-8.56817
-8.59373
-8.63562
-8.6688
-8.69528
-8.72238
-8.74929
-8.77423
-8.7976
-8.82008
-8.84171
-8.86247
-8.88243
-8.9017
-8.92034
-8.93841
-8.95595
-8.97301
-8.98964
-9.00589
-9.02178
-9.03735
-9.05263
-9.06767
-9.08248
-9.09709
-9.11155
-9.12586
-9.14008
-9.15421
-9.16831
-9.18241
-9.19656
-8.5941
-8.61268
-8.6471
-8.67795
-8.70368
-8.72956
-8.75548
-8.77989
-8.80291
-8.82506
-8.84643
-8.86699
-8.8868
-8.90593
-8.92445
-8.94239
-8.95981
-8.97675
-8.99324
-9.00934
-9.02507
-9.04048
-9.05559
-9.07043
-9.08504
-9.09944
-9.11366
-9.12773
-9.14167
-9.15551
-9.16927
-9.183
-9.19669
-8.61696
-8.63079
-8.65909
-8.68719
-8.71165
-8.73596
-8.76043
-8.78385
-8.80613
-8.82763
-8.84845
-8.86856
-8.88798
-8.90679
-8.92502
-8.94273
-8.95995
-8.97672
-8.99307
-9.00905
-9.02468
-9.03999
-9.05501
-9.06977
-9.0843
-9.09861
-9.11273
-9.12669
-9.14049
-9.15417
-9.16774
-9.18122
-9.19462
-8.63733
-8.64787
-8.67123
-8.69654
-8.71962
-8.74256
-8.76582
-8.78843
-8.81014
-8.83118
-8.85162
-8.87142
-8.89061
-8.90922
-8.9273
-8.94487
-8.96197
-8.97862
-8.99487
-9.01073
-9.02625
-9.04144
-9.05633
-9.07095
-9.08531
-9.09944
-9.11337
-9.1271
-9.14065
-9.15405
-9.16729
-9.18038
-9.19331
-8.65566
-8.66387
-8.68329
-8.70592
-8.72752
-8.74909
-8.77106
-8.79268
-8.81363
-8.83401
-8.85387
-8.87319
-8.89195
-8.9102
-8.92795
-8.94523
-8.96206
-8.97848
-8.99451
-9.01018
-9.0255
-9.04051
-9.05522
-9.06966
-9.08385
-9.0978
-9.11153
-9.12506
-9.13838
-9.15153
-9.16449
-9.17726
-9.18985
-8.67228
-8.67879
-8.69508
-8.71525
-8.73533
-8.75557
-8.77632
-8.797
-8.81722
-8.837
-8.85637
-8.87528
-8.89371
-8.91167
-8.92918
-8.94626
-8.96292
-8.97918
-8.99506
-9.01058
-9.02577
-9.04064
-9.05522
-9.06951
-9.08353
-9.09731
-9.11084
-9.12415
-9.13723
-9.1501
-9.16275
-9.17516
-9.18732
-8.68741
-8.69267
-8.70647
-8.72443
-8.74301
-8.76198
-8.78156
-8.80126
-8.82071
-8.83983
-8.85862
-8.87704
-8.89503
-8.91261
-8.92978
-8.94655
-8.96293
-8.97892
-8.99456
-9.00985
-9.02481
-9.03946
-9.05381
-9.06787
-9.08167
-9.09521
-9.1085
-9.12154
-9.13435
-9.14691
-9.15923
-9.17131
-9.18311
-8.70124
-8.70555
-8.71735
-8.73338
-8.75051
-8.76827
-8.78673
-8.80548
-8.82416
-8.84264
-8.86087
-8.8788
-8.8964
-8.91363
-8.93049
-8.94699
-8.96312
-8.9789
-8.99433
-9.00944
-9.02421
-9.03868
-9.05286
-9.06674
-9.08035
-9.09368
-9.10676
-9.11957
-9.13212
-9.14442
-9.15644
-9.16818
-9.17961
-8.7139
-8.71747
-8.72767
-8.74201
-8.75779
-8.77441
-8.79181
-8.80964
-8.82755
-8.84537
-8.86303
-8.88046
-8.89762
-8.91445
-8.93096
-8.94714
-8.96298
-8.97848
-8.99365
-9.0085
-9.02303
-9.03726
-9.05119
-9.06483
-9.07818
-9.09126
-9.10406
-9.11659
-9.12884
-9.14082
-9.15252
-9.16392
-9.175
-8.72549
-8.72847
-8.73737
-8.75026
-8.7648
-8.78034
-8.79675
-8.8137
-8.83086
-8.84803
-8.86512
-8.88206
-8.89877
-8.91523
-8.93139
-8.94726
-8.96281
-8.97805
-8.99298
-9.0076
-9.0219
-9.03591
-9.04962
-9.06304
-9.07617
-9.08902
-9.10158
-9.11386
-9.12586
-9.13756
-9.14896
-9.16005
-9.17081
-8.73607
-8.73858
-8.74643
-8.75807
-8.77149
-8.78603
-8.80151
-8.81763
-8.83406
-8.8506
-8.86713
-8.88357
-8.89985
-8.9159
-8.93171
-8.94724
-8.96249
-8.97745
-8.9921
-9.00645
-9.0205
-9.03425
-9.04771
-9.06087
-9.07374
-9.08632
-9.09861
-9.1106
-9.1223
-9.13369
-9.14478
-9.15555
-9.16598
-8.74571
-8.74783
-8.75481
-8.76539
-8.77781
-8.79143
-8.80605
-8.82139
-8.83713
-8.85306
-8.86904
-8.885
-8.90083
-8.9165
-8.93194
-8.94715
-8.96209
-8.97676
-8.99114
-9.00524
-9.01904
-9.03254
-9.04575
-9.05867
-9.07129
-9.08362
-9.09565
-9.10738
-9.11881
-9.12993
-9.14074
-9.15122
-9.16135
-8.75443
-8.75624
-8.7625
-8.77218
-8.78371
-8.79649
-8.81033
-8.82495
-8.84003
-8.85537
-8.87083
-8.88631
-8.90172
-8.91699
-8.93208
-8.94696
-8.96159
-8.97597
-8.99007
-9.00389
-9.01742
-9.03067
-9.04362
-9.05627
-9.06863
-9.08069
-9.09245
-9.1039
-9.11504
-9.12587
-9.13638
-9.14657
-9.15641
-8.76225
-8.76381
-8.76947
-8.77839
-8.78914
-8.80118
-8.81431
-8.82825
-8.84273
-8.85752
-8.87248
-8.8875
-8.90249
-8.91739
-8.93212
-8.94667
-8.961
-8.97508
-8.9889
-9.00245
-9.01572
-9.02871
-9.0414
-9.0538
-9.0659
-9.0777
-9.0892
-9.10039
-9.11126
-9.12182
-9.13206
-9.14197
-9.15154
-8.76919
-8.77054
-8.77571
-8.78399
-8.79406
-8.80544
-8.81793
-8.83128
-8.84519
-8.85947
-8.87396
-8.88855
-8.90314
-8.91766
-8.93206
-8.94628
-8.9603
-8.97409
-8.98763
-9.00091
-9.01392
-9.02664
-9.03907
-9.05121
-9.06305
-9.07459
-9.08582
-9.09674
-9.10735
-9.11763
-9.1276
-9.13724
-9.14654
-8.77525
-8.77642
-8.78119
-8.78893
-8.79844
-8.80924
-8.82117
-8.83397
-8.84738
-8.86118
-8.87524
-8.88942
-8.90363
-8.9178
-8.93187
-8.94578
-8.9595
-8.973
-8.98627
-8.99928
-9.01202
-9.02449
-9.03666
-9.04854
-9.06012
-9.0714
-9.08238
-9.09304
-9.10338
-9.11341
-9.12312
-9.1325
-9.14155
-8.78041
-8.78144
-8.78589
-8.79319
-8.80222
-8.81254
-8.82398
-8.83631
-8.84926
-8.86264
-8.87629
-8.8901
-8.90396
-8.9178
-8.93154
-8.94515
-8.95859
-8.97181
-8.98481
-8.99756
-9.01004
-9.02224
-9.03416
-9.04579
-9.05712
-9.06815
-9.07887
-9.08928
-9.09937
-9.10915
-9.1186
-9.12774
-9.13655
-8.78465
-8.78557
-8.78977
-8.79672
-8.80537
-8.81528
-8.82631
-8.83823
-8.85079
-8.86379
-8.87709
-8.89055
-8.90409
-8.91761
-8.93106
-8.94439
-8.95754
-8.9705
-8.98323
-8.99572
-9.00795
-9.0199
-9.03157
-9.04295
-9.05403
-9.0648
-9.07527
-9.08543
-9.09527
-9.1048
-9.11401
-9.12291
-9.13148
-8.78792
-8.78877
-8.79278
-8.79948
-8.80782
-8.81741
-8.82811
-8.8397
-8.85193
-8.86461
-8.87759
-8.89075
-8.90399
-8.91723
-8.9304
-8.94346
-8.95635
-8.96906
-8.98154
-8.99378
-9.00576
-9.01747
-9.0289
-9.04004
-9.05088
-9.06142
-9.07166
-9.08158
-9.09119
-9.10049
-9.10948
-9.11815
-9.1265
-8.79018
-8.79098
-8.79486
-8.80138
-8.80952
-8.81887
-8.82932
-8.84065
-8.85261
-8.86502
-8.87773
-8.89063
-8.90361
-8.91659
-8.92951
-8.94232
-8.95496
-8.96742
-8.97966
-8.99165
-9.00339
-9.01486
-9.02605
-9.03695
-9.04755
-9.05784
-9.06784
-9.07752
-9.0869
-9.09596
-9.10471
-9.11316
-9.12129
-8.79135
-8.79213
-8.79595
-8.80236
-8.81038
-8.81959
-8.82987
-8.84101
-8.85277
-8.86497
-8.87747
-8.89015
-8.90291
-8.91567
-8.92836
-8.94094
-8.95337
-8.9656
-8.97762
-8.9894
-9.00092
-9.01217
-9.02315
-9.03383
-9.04421
-9.0543
-9.06408
-9.07356
-9.08273
-9.09158
-9.10014
-9.10838
-9.1163
-8.79136
-8.79215
-8.79597
-8.80239
-8.81038
-8.81954
-8.82974
-8.84078
-8.85242
-8.86447
-8.87681
-8.88931
-8.90188
-8.91444
-8.92693
-8.9393
-8.95151
-8.96352
-8.97532
-8.98687
-8.99816
-9.00918
-9.01992
-9.03037
-9.04053
-9.05038
-9.05993
-9.06918
-9.07812
-9.08675
-9.09508
-9.10312
-9.11085
-8.79011
-8.79096
-8.79487
-8.80139
-8.80948
-8.8187
-8.82892
-8.83995
-8.85154
-8.86353
-8.87577
-8.88815
-8.90059
-8.91301
-8.92535
-8.93756
-8.9496
-8.96144
-8.97306
-8.98444
-8.99555
-9.0064
-9.01696
-9.02722
-9.0372
-9.04687
-9.05624
-9.0653
-9.07406
-9.08252
-9.09067
-9.09852
-9.10605
-8.78748
-8.78843
-8.79253
-8.7993
-8.80761
-8.81702
-8.82737
-8.83848
-8.85012
-8.86209
-8.87428
-8.88657
-8.8989
-8.91118
-8.92335
-8.93539
-8.94725
-8.95889
-8.97031
-8.98147
-8.99237
-9.003
-9.01334
-9.02339
-9.03314
-9.04259
-9.05174
-9.06058
-9.06913
-9.07738
-9.08532
-9.09299
-9.10036
-8.78328
-8.7844
-8.78883
-8.79601
-8.80472
-8.81445
-8.82507
-8.83639
-8.84818
-8.86026
-8.87251
-8.88483
-8.89714
-8.90939
-8.92151
-8.93346
-8.94522
-8.95676
-8.96806
-8.9791
-8.98987
-9.00036
-9.01055
-9.02046
-9.03006
-9.03936
-9.04836
-9.05705
-9.06544
-9.07353
-9.08131
-9.08879
-9.09595
-8.77728
-8.77865
-8.78361
-8.79144
-8.80074
-8.81095
-8.82194
-8.83354
-8.84552
-8.85771
-8.86999
-8.88229
-8.89455
-8.90669
-8.91869
-8.93051
-8.94211
-8.95348
-8.9646
-8.97545
-8.98602
-8.99631
-9.00631
-9.01601
-9.02541
-9.03451
-9.04331
-9.0518
-9.06
-9.0679
-9.07552
-9.08285
-9.08991
-8.76917
-8.77092
-8.77668
-8.78546
-8.79561
-8.80653
-8.81815
-8.8303
-8.84273
-8.85525
-8.86779
-8.88028
-8.89265
-8.90487
-8.9169
-8.9287
-8.94027
-8.95158
-8.96262
-8.97338
-8.98386
-8.99403
-9.00391
-9.01349
-9.02276
-9.03172
-9.04038
-9.04874
-9.05679
-9.06454
-9.07198
-9.07912
-9.08594
-8.75846
-8.76081
-8.76784
-8.77799
-8.78917
-8.80081
-8.81298
-8.82556
-8.83829
-8.851
-8.86365
-8.87619
-8.88857
-8.90075
-8.91271
-8.92442
-8.93588
-8.94706
-8.95796
-8.96857
-8.97888
-8.9889
-8.99861
-9.00802
-9.01713
-9.02593
-9.03442
-9.04262
-9.05052
-9.05813
-9.06545
-9.0725
-9.07929
-8.74445
-8.74777
-8.75684
-8.76918
-8.78211
-8.79517
-8.80855
-8.8221
-8.83552
-8.84873
-8.86173
-8.87451
-8.88704
-8.8993
-8.91128
-8.92297
-8.93438
-8.94549
-8.95631
-8.96681
-8.97701
-8.9869
-8.99648
-9.00575
-9.0147
-9.02335
-9.03169
-9.03972
-9.04745
-9.05487
-9.062
-9.06881
-9.07531
-8.72606
-8.73115
-8.74324
-8.75774
-8.77169
-8.78556
-8.79984
-8.81415
-8.82811
-8.8417
-8.855
-8.86798
-8.88063
-8.89295
-8.90494
-8.91662
-8.92797
-8.939
-8.94972
-8.96012
-8.9702
-8.97998
-8.98944
-8.99859
-9.00743
-9.01597
-9.0242
-9.03213
-9.03977
-9.04711
-9.05417
-9.06096
-9.06749
-8.70113
-8.71028
-8.72968
-8.74942
-8.76585
-8.78125
-8.79677
-8.81188
-8.82626
-8.84005
-8.85344
-8.86643
-8.87904
-8.89127
-8.90315
-8.91468
-8.92588
-8.93675
-8.94728
-8.95749
-8.96738
-8.97695
-8.98619
-8.99513
-9.00375
-9.01206
-9.02006
-9.02776
-9.03517
-9.04227
-9.04909
-9.05562
-9.06184
-8.66619
-8.67985
-8.70548
-8.72874
-8.7477
-8.76571
-8.78335
-8.7998
-8.81501
-8.82939
-8.84315
-8.85635
-8.86903
-8.88126
-8.89308
-8.90453
-8.91563
-8.9264
-8.93684
-8.94696
-8.95677
-8.96627
-8.97546
-8.98435
-8.99294
-9.00123
-9.00922
-9.01691
-9.02431
-9.03142
-9.03822
-9.04471
-9.05087
-8.6188
-8.66646
-8.70584
-8.72611
-8.74238
-8.76073
-8.77869
-8.79464
-8.80919
-8.82312
-8.83655
-8.84944
-8.86181
-8.87374
-8.88529
-8.89648
-8.90732
-8.91783
-8.92802
-8.9379
-8.94747
-8.95675
-8.96573
-8.97442
-8.98282
-8.99095
-8.99879
-9.00637
-9.01368
-9.02076
-9.02763
-9.03432
-9.04088
-8.48447
-8.60665
-8.68131
-8.70553
-8.72185
-8.74287
-8.76335
-8.78055
-8.79588
-8.81069
-8.82522
-8.83933
-8.85305
-8.86646
-8.87961
-8.89248
-8.90508
-8.91739
-8.92941
-8.94113
-8.95254
-8.96363
-8.97439
-8.98482
-8.99491
-9.00467
-9.01409
-9.02316
-9.03188
-9.04025
-9.04828
-9.05593
-9.06332
-9.33277
-9.48877
-9.70616
-9.81054
-9.92126
-10.0274
-10.1089
-10.1721
-10.2216
-10.2579
-10.2824
-10.2968
-10.3031
-10.3036
-10.3002
-10.2953
-10.2894
-10.2806
-10.2757
-10.2791
-10.2915
-10.3122
-10.3398
-10.3727
-10.409
-10.4471
-10.4855
-10.5231
-10.5591
-10.593
-10.6238
-10.6506
-10.6727
-10.6895
-10.7006
-10.7057
-10.7047
-10.6973
-10.6834
-10.6627
-10.6352
-10.6005
-10.5585
-10.509
-10.4519
-10.3869
-10.314
-10.2329
-10.1434
-10.0454
-9.93861
-9.82278
-9.69772
-9.56325
-9.41922
-9.26553
-9.1021
-8.92895
-8.74612
-8.55372
-8.35195
-8.14107
-7.92141
-7.6934
-7.45754
-7.21442
-6.96471
-6.70913
-6.44847
-6.18351
-5.9151
-5.64409
-5.37138
-5.09791
-4.82466
-4.55268
-4.28306
-4.01697
-3.75563
-3.50022
-3.25175
-3.01087
-2.77798
-2.5534
-2.33745
-2.1304
-1.93246
-1.74376
-1.5643
-1.39403
-1.23262
-1.07994
-0.9349
-0.797952
-0.665196
-0.541433
-0.410703
-0.302215
-0.14451
-0.0949491
-9.24815
-9.3008
-9.39299
-9.43907
-9.49246
-9.56011
-9.6266
-9.6901
-9.75073
-9.80589
-9.85382
-9.89413
-9.92726
-9.95412
-9.97611
-9.99536
-10.0142
-10.0291
-10.0448
-10.0655
-10.0928
-10.1265
-10.1654
-10.2083
-10.2535
-10.2994
-10.3447
-10.3883
-10.4297
-10.468
-10.5026
-10.5327
-10.5575
-10.5765
-10.5894
-10.596
-10.5961
-10.5896
-10.5763
-10.5562
-10.529
-10.4945
-10.4526
-10.4033
-10.3462
-10.2813
-10.2084
-10.1274
-10.0381
-9.94033
-9.83381
-9.71836
-9.5938
-9.45995
-9.31668
-9.1639
-9.00155
-8.82964
-8.64822
-8.45744
-8.25746
-8.04856
-7.83108
-7.60542
-7.3721
-7.1317
-6.88486
-6.6323
-6.37478
-6.11307
-5.848
-5.58041
-5.31117
-5.0412
-4.77147
-4.50299
-4.23682
-3.97409
-3.71598
-3.46361
-3.21795
-2.97964
-2.7491
-2.52667
-2.31266
-2.10735
-1.91093
-1.72355
-1.54519
-1.37584
-1.21516
-1.06306
-0.918442
-0.781821
-0.64933
-0.525934
-0.395783
-0.288593
-0.133532
-0.088115
-9.2096
-9.23099
-9.27552
-9.30304
-9.32637
-9.35901
-9.39439
-9.42927
-9.46437
-9.49899
-9.53207
-9.56315
-9.59216
-9.61945
-9.64586
-9.67284
-9.70164
-9.73145
-9.7626
-9.79785
-9.8386
-9.88473
-9.93533
-9.98904
-10.0443
-10.0996
-10.1536
-10.2053
-10.2538
-10.2987
-10.3391
-10.3742
-10.4036
-10.4267
-10.4432
-10.453
-10.4558
-10.4517
-10.4406
-10.4223
-10.3966
-10.3636
-10.3231
-10.2749
-10.219
-10.1552
-10.0835
-10.0036
-9.91539
-9.81875
-9.71345
-9.59931
-9.47616
-9.34383
-9.20221
-9.05121
-8.89078
-8.72095
-8.54178
-8.35338
-8.15597
-7.9498
-7.7352
-7.51259
-7.28247
-7.0454
-6.80203
-6.55304
-6.29916
-6.04119
-5.77989
-5.51611
-5.2507
-4.98455
-4.7186
-4.45385
-4.19132
-3.93212
-3.67736
-3.42811
-3.18532
-2.94962
-2.72146
-2.50116
-2.28907
-2.08544
-1.89049
-1.70434
-1.52701
-1.35849
-1.19845
-1.04682
-0.902537
-0.766151
-0.633868
-0.510758
-0.38124
-0.275203
-0.12318
-0.0811453
-9.20748
-9.23054
-9.26687
-9.29499
-9.31387
-9.33442
-9.35487
-9.37228
-9.38764
-9.40175
-9.41452
-9.42614
-9.43719
-9.4485
-9.46114
-9.47651
-9.49593
-9.51996
-9.54785
-9.58113
-9.6209
-9.667
-9.71847
-9.77393
-9.83176
-9.89034
-9.94821
-10.0042
-10.0573
-10.1068
-10.1517
-10.1913
-10.225
-10.2523
-10.2727
-10.2862
-10.2925
-10.2916
-10.2834
-10.2678
-10.2448
-10.2141
-10.1759
-10.1299
-10.076
-10.0143
-9.94451
-9.8666
-9.78041
-9.68577
-9.58253
-9.47051
-9.34954
-9.2195
-9.08026
-8.93176
-8.77395
-8.60687
-8.43059
-8.24522
-8.05098
-7.84811
-7.63697
-7.41794
-7.19152
-6.95826
-6.71878
-6.47376
-6.22392
-5.97
-5.71278
-5.45307
-5.1917
-4.92956
-4.66755
-4.40665
-4.14786
-3.89224
-3.64086
-3.39476
-3.15483
-2.92172
-2.69587
-2.47765
-2.26739
-2.06535
-1.87175
-1.68673
-1.51032
-1.34249
-1.18297
-1.03169
-0.887625
-0.751356
-0.619202
-0.496266
-0.367412
-0.262328
-0.113685
-0.0741893
-9.21184
-9.23389
-9.26165
-9.28527
-9.30209
-9.31893
-9.33601
-9.35083
-9.36334
-9.37395
-9.38244
-9.38884
-9.39362
-9.39763
-9.40197
-9.40805
-9.41733
-9.43075
-9.44859
-9.47195
-9.50178
-9.53815
-9.58039
-9.6274
-9.67782
-9.73021
-9.78317
-9.8355
-9.88613
-9.93409
-9.97842
-10.0182
-10.0527
-10.0812
-10.1034
-10.1188
-10.1272
-10.1286
-10.1227
-10.1094
-10.0887
-10.0604
-10.0244
-9.9806
-9.92901
-9.8695
-9.80197
-9.7263
-9.64238
-9.55005
-9.44918
-9.33959
-9.22114
-9.09372
-8.95721
-8.81155
-8.65672
-8.49274
-8.31968
-8.13769
-7.94694
-7.74771
-7.54031
-7.32515
-7.10269
-6.87348
-6.63812
-6.39726
-6.1516
-5.90188
-5.64885
-5.39329
-5.13604
-4.87795
-4.6199
-4.36285
-4.10777
-3.85568
-3.60763
-3.36459
-3.12743
-2.89681
-2.67318
-2.45692
-2.24836
-2.04777
-1.85538
-1.67134
-1.49568
-1.3284
-1.16924
-1.01816
-0.874167
-0.737871
-0.605739
-0.482846
-0.354643
-0.250305
-0.105232
-0.0675049
-9.21321
-9.23378
-9.2574
-9.27979
-9.29799
-9.31503
-9.33156
-9.34585
-9.3575
-9.36681
-9.37381
-9.3786
-9.38165
-9.38369
-9.38571
-9.38886
-9.39434
-9.40309
-9.41575
-9.433
-9.45563
-9.48384
-9.51723
-9.55499
-9.59608
-9.63935
-9.68365
-9.72795
-9.77131
-9.8128
-9.85152
-9.88661
-9.91727
-9.94284
-9.9628
-9.97673
-9.9843
-9.98525
-9.97936
-9.96645
-9.94634
-9.9189
-9.88398
-9.84147
-9.79128
-9.73329
-9.66739
-9.59347
-9.5114
-9.42104
-9.32225
-9.21487
-9.09876
-8.97381
-8.83992
-8.69702
-8.5451
-8.38418
-8.21432
-8.03567
-7.84841
-7.65279
-7.44913
-7.23781
-7.01929
-6.7941
-6.56281
-6.32607
-6.08455
-5.83896
-5.59004
-5.33857
-5.08533
-4.83118
-4.57699
-4.32367
-4.07217
-3.82348
-3.5786
-3.33847
-3.10395
-2.87566
-2.65409
-2.43961
-2.23258
-2.03328
-1.84193
-1.65869
-1.4836
-1.31669
-1.15772
-1.00666
-0.862579
-0.726098
-0.593863
-0.470861
-0.343261
-0.239437
-0.0980103
-0.061304
-9.21325
-9.23301
-9.25433
-9.27496
-9.29256
-9.30844
-9.32342
-9.33662
-9.34762
-9.35661
-9.36367
-9.36888
-9.37257
-9.37535
-9.378
-9.38146
-9.38672
-9.39461
-9.40578
-9.42076
-9.44017
-9.46421
-9.49255
-9.52455
-9.55932
-9.59591
-9.63333
-9.67071
-9.70718
-9.74197
-9.77426
-9.80331
-9.8284
-9.84894
-9.86443
-9.87445
-9.87866
-9.87677
-9.86854
-9.85374
-9.83217
-9.80365
-9.76801
-9.72511
-9.67482
-9.61699
-9.5515
-9.47821
-9.39699
-9.30768
-9.21014
-9.10421
-8.98975
-8.86664
-8.73478
-8.59411
-8.44461
-8.28629
-8.11922
-7.94352
-7.75938
-7.56703
-7.36678
-7.15899
-6.94412
-6.72267
-6.49519
-6.2623
-6.02465
-5.78295
-5.53791
-5.29027
-5.04084
-4.79041
-4.53984
-4.29003
-4.0419
-3.79639
-3.55448
-3.31707
-3.08497
-2.85883
-2.63912
-2.42625
-2.22056
-2.02234
-1.83183
-1.64919
-1.47449
-1.30776
-1.14879
-0.997566
-0.853232
-0.716396
-0.583916
-0.460644
-0.333563
-0.230013
-0.0921721
-0.055802
-9.21265
-9.23137
-9.25089
-9.26986
-9.28691
-9.30244
-9.31702
-9.33014
-9.34135
-9.35068
-9.3582
-9.364
-9.36839
-9.37189
-9.3752
-9.37914
-9.38455
-9.39218
-9.40262
-9.4164
-9.43397
-9.45548
-9.48066
-9.50897
-9.53963
-9.57181
-9.60463
-9.63727
-9.66894
-9.69888
-9.72636
-9.75068
-9.77121
-9.78739
-9.79875
-9.80491
-9.80553
-9.80036
-9.78913
-9.77164
-9.74769
-9.71708
-9.67967
-9.63528
-9.58377
-9.525
-9.45884
-9.38513
-9.30373
-9.21449
-9.11725
-9.01186
-8.89818
-8.77609
-8.64548
-8.5063
-8.3585
-8.20211
-8.03719
-7.86384
-7.68223
-7.49261
-7.29524
-7.0905
-6.87881
-6.66064
-6.43654
-6.20711
-5.97296
-5.73478
-5.49327
-5.24915
-5.0032
-4.75619
-4.50897
-4.2624
-4.01738
-3.77481
-3.53563
-3.3007
-3.07082
-2.84661
-2.62857
-2.41709
-2.21255
-2.01522
-1.82536
-1.64314
-1.46863
-1.30189
-1.14273
-0.991166
-0.846402
-0.709041
-0.576169
-0.45246
-0.325788
-0.222265
-0.0878297
-0.0511731
-9.21019
-9.22811
-9.24641
-9.26423
-9.28072
-9.29584
-9.30985
-9.32249
-9.33345
-9.34271
-9.3504
-9.35664
-9.36171
-9.36606
-9.3703
-9.37509
-9.38115
-9.38912
-9.39953
-9.41284
-9.42937
-9.44926
-9.47229
-9.49799
-9.5257
-9.55467
-9.58413
-9.6133
-9.64145
-9.66786
-9.69183
-9.71272
-9.72991
-9.74289
-9.75118
-9.75441
-9.75226
-9.74445
-9.73074
-9.71093
-9.68481
-9.65222
-9.61298
-9.56695
-9.51398
-9.45394
-9.38668
-9.31208
-9.22998
-9.14024
-9.04272
-8.93726
-8.82373
-8.70202
-8.57202
-8.43368
-8.28696
-8.13188
-7.96848
-7.79688
-7.61724
-7.42977
-7.23476
-7.03255
-6.82353
-6.60818
-6.387
-6.16059
-5.92953
-5.69449
-5.45615
-5.2152
-4.9724
-4.72852
-4.48436
-4.24076
-3.99858
-3.7587
-3.52202
-3.28936
-3.06149
-2.83902
-2.62245
-2.41219
-2.2086
-2.01199
-1.8226
-1.64062
-1.46613
-1.29921
-1.13969
-0.987613
-0.842256
-0.70421
-0.570803
-0.446496
-0.320099
-0.216361
-0.0850413
-0.0475475
-9.20813
-9.2252
-9.2424
-9.25921
-9.27494
-9.28953
-9.30306
-9.31541
-9.32636
-9.33586
-9.34399
-9.35086
-9.35673
-9.36197
-9.36708
-9.37264
-9.37926
-9.38749
-9.39781
-9.41062
-9.42619
-9.44464
-9.46578
-9.48921
-9.51434
-9.54053
-9.56708
-9.59328
-9.61845
-9.64189
-9.66296
-9.68103
-9.69553
-9.70595
-9.71182
-9.71278
-9.7085
-9.69868
-9.6831
-9.66153
-9.63377
-9.59965
-9.559
-9.51167
-9.45752
-9.39641
-9.32821
-9.25279
-9.17
-9.07972
-8.9818
-8.87611
-8.76252
-8.64093
-8.51126
-8.37344
-8.22745
-8.0733
-7.91105
-7.7408
-7.56272
-7.37701
-7.18394
-6.98385
-6.77712
-6.5642
-6.34559
-6.12183
-5.89353
-5.66131
-5.42582
-5.18776
-4.94784
-4.70682
-4.46547
-4.22461
-3.98505
-3.74766
-3.51328
-3.28271
-3.05667
-2.83578
-2.62053
-2.41134
-2.20857
-2.01252
-1.82345
-1.64155
-1.46694
-1.29968
-1.13967
-0.986929
-0.840839
-0.701965
-0.567891
-0.442836
-0.31657
-0.212383
-0.0838012
-0.044992
-9.2043
-9.22068
-9.23706
-9.25306
-9.26819
-9.28233
-9.29554
-9.30765
-9.31854
-9.32814
-9.33652
-9.34382
-9.35024
-9.35614
-9.36194
-9.36814
-9.37526
-9.38377
-9.39409
-9.40656
-9.42142
-9.43871
-9.45831
-9.47983
-9.50279
-9.52662
-9.55067
-9.57431
-9.59689
-9.61777
-9.63633
-9.65198
-9.66418
-9.67242
-9.67627
-9.67534
-9.66931
-9.65787
-9.64079
-9.61784
-9.58881
-9.55352
-9.5118
-9.4635
-9.40847
-9.34658
-9.27768
-9.20166
-9.11838
-9.0277
-8.9295
-8.82365
-8.71005
-8.5886
-8.45921
-8.32184
-8.17648
-8.02314
-7.86188
-7.69281
-7.51609
-7.33193
-7.14059
-6.94239
-6.73771
-6.52699
-6.3107
-6.08938
-5.8636
-5.63398
-5.40114
-5.16576
-4.92853
-4.69018
-4.45147
-4.21318
-3.97609
-3.74104
-3.50882
-3.2802
-3.05587
-2.83645
-2.62241
-2.41417
-2.2121
-2.01651
-1.82765
-1.64572
-1.47087
-1.30316
-1.14253
-0.989015
-0.842075
-0.702256
-0.567399
-0.441466
-0.31518
-0.210325
-0.084039
-0.043506
-9.20113
-9.21683
-9.23245
-9.2477
-9.26227
-9.27595
-9.28876
-9.30062
-9.3114
-9.32107
-9.3297
-9.3374
-9.34437
-9.3509
-9.35735
-9.36414
-9.3717
-9.38044
-9.39073
-9.40283
-9.41697
-9.43315
-9.45127
-9.47101
-9.49193
-9.51352
-9.53522
-9.55644
-9.57658
-9.59504
-9.61124
-9.62463
-9.63467
-9.64088
-9.64285
-9.64018
-9.63255
-9.61965
-9.60124
-9.57708
-9.54697
-9.5107
-9.46811
-9.41903
-9.36332
-9.30084
-9.23145
-9.15502
-9.07141
-8.98051
-8.88219
-8.77633
-8.66284
-8.54161
-8.41259
-8.27573
-8.13103
-7.97851
-7.81823
-7.65031
-7.47491
-7.29223
-7.10253
-6.90614
-6.70341
-6.49477
-6.28068
-6.06168
-5.83831
-5.61116
-5.38085
-5.14803
-4.91338
-4.6776
-4.44142
-4.2056
-3.97089
-3.73807
-3.50792
-3.28118
-3.05849
-2.84046
-2.62756
-2.42021
-2.21877
-2.02356
-1.83483
-1.65281
-1.47763
-1.30939
-1.14805
-0.993672
-0.845792
-0.704937
-0.569202
-0.442279
-0.315822
-0.210096
-0.0856244
-0.0430216
-9.19655
-9.21168
-9.22667
-9.24131
-9.25537
-9.26868
-9.28115
-9.29278
-9.3035
-9.31325
-9.32208
-9.33011
-9.33751
-9.34452
-9.35145
-9.35867
-9.36654
-9.37541
-9.38559
-9.39731
-9.41074
-9.42592
-9.44272
-9.46084
-9.47991
-9.49947
-9.51903
-9.53804
-9.55595
-9.5722
-9.58624
-9.59755
-9.60561
-9.60998
-9.61022
-9.60597
-9.59689
-9.58268
-9.56308
-9.53785
-9.50678
-9.46966
-9.42633
-9.37661
-9.32036
-9.25742
-9.18766
-9.11094
-9.02715
-8.93615
-8.83782
-8.73207
-8.61878
-8.49788
-8.36931
-8.23304
-8.08907
-7.93742
-7.77816
-7.61142
-7.43735
-7.25615
-7.06809
-6.87347
-6.67267
-6.46607
-6.25416
-6.03742
-5.81641
-5.59168
-5.36385
-5.13355
-4.90142
-4.66816
-4.43447
-4.20106
-3.96867
-3.73805
-3.50994
-3.28502
-3.06394
-2.84727
-2.63547
-2.42897
-2.22813
-2.03325
-1.84462
-1.66244
-1.48688
-1.31805
-1.15595
-1.00064
-0.851759
-0.709797
-0.573104
-0.445098
-0.318323
-0.211539
-0.0883835
-0.0434166
-9.19252
-9.2071
-9.22151
-9.23559
-9.24915
-9.26206
-9.27421
-9.28558
-9.29618
-9.30596
-9.31494
-9.32322
-9.33096
-9.33837
-9.3457
-9.35327
-9.36138
-9.37033
-9.38036
-9.39169
-9.40444
-9.41863
-9.43415
-9.45073
-9.46804
-9.48567
-9.50318
-9.52008
-9.53584
-9.54996
-9.56191
-9.57119
-9.57734
-9.5799
-9.57846
-9.57266
-9.56216
-9.54667
-9.52591
-9.49965
-9.46766
-9.42975
-9.38572
-9.33542
-9.27867
-9.21534
-9.14528
-9.06836
-8.98445
-8.89343
-8.79519
-8.68961
-8.57662
-8.45613
-8.32809
-8.19248
-8.0493
-7.89858
-7.7404
-7.57488
-7.40217
-7.22249
-7.03609
-6.84327
-6.64439
-6.43985
-6.2301
-6.01563
-5.79696
-5.57465
-5.34929
-5.12148
-4.89187
-4.66112
-4.42989
-4.19888
-3.96881
-3.74037
-3.51428
-3.29118
-3.0717
-2.85638
-2.64568
-2.44002
-2.23975
-2.0452
-1.85663
-1.67427
-1.4983
-1.32884
-1.16593
-1.00966
-0.859716
-0.716596
-0.578879
-0.44971
-0.322469
-0.214455
-0.0921193
-0.0445341
-9.18756
-9.20163
-9.21553
-9.22911
-9.24223
-9.25478
-9.26666
-9.27783
-9.28829
-9.29806
-9.30715
-9.31564
-9.32364
-9.33135
-9.33898
-9.3468
-9.35504
-9.36397
-9.37379
-9.38468
-9.39673
-9.40996
-9.42424
-9.43937
-9.45501
-9.47084
-9.48643
-9.50134
-9.51508
-9.52719
-9.53717
-9.54456
-9.54889
-9.54974
-9.54672
-9.53945
-9.52762
-9.51092
-9.48908
-9.46186
-9.42903
-9.39038
-9.34572
-9.29489
-9.23772
-9.17405
-9.10375
-9.02668
-8.94272
-8.85174
-8.75363
-8.6483
-8.53566
-8.41564
-8.28819
-8.15329
-8.01095
-7.86121
-7.70415
-7.53989
-7.36858
-7.19045
-7.00573
-6.81474
-6.61781
-6.41534
-6.20777
-5.99558
-5.77927
-5.55939
-5.3365
-5.11121
-4.88412
-4.65588
-4.42713
-4.19853
-3.97078
-3.74454
-3.52046
-3.2992
-3.08133
-2.86737
-2.65778
-2.45297
-2.25328
-2.05904
-1.87053
-1.68798
-1.51157
-1.34147
-1.17772
-1.02044
-0.869414
-0.725094
-0.586294
-0.455893
-0.328037
-0.218633
-0.0966334
-0.0462068
-9.18293
-9.19654
-9.20997
-9.2231
-9.23581
-9.24801
-9.25963
-9.27061
-9.28094
-9.29064
-9.29976
-9.30837
-9.31656
-9.32447
-9.33231
-9.34027
-9.34857
-9.35742
-9.36698
-9.37741
-9.38876
-9.40104
-9.41414
-9.42786
-9.44193
-9.45602
-9.46977
-9.48277
-9.49458
-9.50474
-9.51281
-9.51834
-9.52089
-9.52007
-9.51548
-9.50676
-9.4936
-9.4757
-9.45278
-9.42459
-9.3909
-9.35152
-9.30624
-9.25489
-9.19729
-9.13331
-9.06279
-8.98559
-8.9016
-8.81069
-8.71276
-8.60771
-8.49546
-8.37594
-8.24911
-8.11496
-7.9735
-7.82478
-7.66888
-7.50591
-7.33605
-7.15949
-6.97649
-6.78734
-6.59238
-6.39201
-6.18664
-5.97675
-5.76282
-5.54538
-5.325
-5.10224
-4.87769
-4.65198
-4.42573
-4.19957
-3.97416
-3.75013
-3.5281
-3.3087
-3.09246
-2.87989
-2.67143
-2.46748
-2.26839
-2.07448
-1.88603
-1.70329
-1.52644
-1.35568
-1.19107
-1.03278
-0.880626
-0.735073
-0.595134
-0.463436
-0.334815
-0.22387
-0.101746
-0.0482824
-9.17776
-9.19093
-9.20392
-9.21663
-9.22896
-9.24083
-9.25219
-9.26298
-9.27319
-9.28282
-9.29193
-9.30059
-9.30889
-9.31694
-9.3249
-9.33293
-9.3412
-9.34989
-9.35915
-9.36908
-9.37971
-9.39103
-9.40297
-9.41535
-9.4279
-9.44035
-9.45236
-9.46355
-9.4735
-9.48182
-9.48806
-9.49181
-9.49267
-9.49023
-9.48413
-9.47402
-9.45958
-9.44051
-9.41655
-9.38743
-9.35294
-9.31285
-9.26697
-9.21513
-9.15715
-9.09287
-9.02216
-8.94487
-8.86088
-8.77007
-8.67234
-8.5676
-8.45576
-8.33677
-8.2106
-8.07723
-7.93668
-7.789
-7.63427
-7.47262
-7.30422
-7.12925
-6.94799
-6.7607
-6.56774
-6.36948
-6.16633
-5.95875
-5.74722
-5.53226
-5.31439
-5.09418
-4.87221
-4.64906
-4.42533
-4.20164
-3.97859
-3.7568
-3.53686
-3.31934
-3.10477
-2.89362
-2.68633
-2.48328
-2.28481
-2.09125
-1.90288
-1.71995
-1.54267
-1.37124
-1.20578
-1.04645
-0.893153
-0.746341
-0.60521
-0.472158
-0.34262
-0.229999
-0.107314
-0.0506479
-9.17276
-9.18553
-9.19812
-9.21044
-9.22242
-9.23399
-9.2451
-9.2557
-9.26577
-9.27533
-9.2844
-9.29305
-9.30138
-9.30948
-9.31749
-9.3255
-9.33368
-9.34215
-9.35104
-9.36043
-9.37032
-9.38071
-9.39153
-9.40262
-9.41374
-9.42463
-9.43497
-9.44441
-9.45259
-9.45912
-9.46359
-9.46562
-9.46481
-9.46079
-9.45321
-9.44171
-9.42599
-9.40576
-9.38075
-9.3507
-9.31538
-9.27458
-9.22809
-9.17575
-9.11737
-9.0528
-8.98188
-8.9045
-8.82051
-8.7298
-8.63228
-8.52785
-8.41644
-8.298
-8.17249
-8.03991
-7.90028
-7.75365
-7.60012
-7.4398
-7.27286
-7.09951
-6.91998
-6.73457
-6.54362
-6.34748
-6.14656
-5.94131
-5.73219
-5.51971
-5.30439
-5.08676
-4.86738
-4.64681
-4.42563
-4.20443
-3.98379
-3.76427
-3.54644
-3.33085
-3.11798
-2.90829
-2.7022
-2.50009
-2.30228
-2.10909
-1.92082
-1.73772
-1.56002
-1.38794
-1.22162
-1.06125
-0.906801
-0.758713
-0.616345
-0.481889
-0.351289
-0.236874
-0.113222
-0.0532302
-9.16749
-9.17988
-9.19208
-9.20403
-9.21567
-9.22694
-9.23779
-9.24819
-9.25812
-9.26758
-9.27659
-9.28519
-9.29348
-9.30155
-9.30951
-9.31745
-9.32547
-9.33368
-9.34216
-9.35097
-9.36013
-9.36962
-9.37937
-9.38922
-9.39896
-9.40835
-9.41709
-9.42487
-9.43135
-9.43617
-9.43894
-9.4393
-9.43689
-9.43134
-9.4223
-9.40946
-9.3925
-9.37113
-9.34509
-9.31412
-9.27799
-9.23649
-9.18942
-9.13658
-9.07782
-9.01296
-8.94186
-8.86438
-8.78041
-8.68982
-8.59251
-8.4884
-8.37743
-8.25954
-8.1347
-8.00292
-7.86421
-7.71865
-7.56631
-7.40732
-7.24185
-7.0701
-6.89232
-6.70879
-6.51984
-6.32582
-6.12714
-5.92422
-5.71753
-5.50755
-5.29478
-5.07974
-4.86297
-4.64501
-4.42641
-4.20772
-3.9895
-3.77229
-3.55661
-3.34297
-3.13184
-2.92366
-2.71881
-2.51766
-2.32053
-2.12775
-1.9396
-1.75636
-1.57826
-1.40553
-1.23836
-1.07696
-0.921357
-0.771984
-0.628344
-0.492445
-0.360651
-0.244349
-0.119364
-0.0559789
-9.16229
-9.17432
-9.18617
-9.19778
-9.20911
-9.22009
-9.2307
-9.24089
-9.25066
-9.25999
-9.26892
-9.27746
-9.28567
-9.29364
-9.30146
-9.30924
-9.31702
-9.32491
-9.33294
-9.34118
-9.34964
-9.35827
-9.36698
-9.37564
-9.38406
-9.39202
-9.39924
-9.40543
-9.41027
-9.41344
-9.41457
-9.41332
-9.40934
-9.40229
-9.39184
-9.37766
-9.35947
-9.33697
-9.30989
-9.278
-9.24106
-9.19885
-9.15117
-9.09783
-9.03866
-8.9735
-8.9022
-8.82462
-8.74065
-8.65016
-8.55306
-8.44927
-8.33873
-8.22138
-8.09721
-7.96622
-7.82844
-7.68392
-7.53277
-7.37511
-7.2111
-7.04096
-6.86491
-6.68325
-6.4963
-6.3044
-6.10795
-5.90736
-5.7031
-5.49561
-5.2854
-5.07296
-4.85882
-4.64348
-4.42747
-4.21132
-3.99555
-3.78067
-3.56717
-3.35552
-3.14616
-2.93951
-2.73593
-2.53577
-2.33936
-2.14701
-1.95901
-1.77563
-1.59714
-1.42379
-1.25578
-1.09335
-0.936586
-0.785925
-0.640983
-0.503612
-0.370508
-0.252255
-0.125619
-0.0588426
-9.15699
-9.16868
-9.18019
-9.19147
-9.20248
-9.21318
-9.22354
-9.23352
-9.2431
-9.25229
-9.2611
-9.26954
-9.27766
-9.2855
-9.29315
-9.30069
-9.30817
-9.31568
-9.32325
-9.33091
-9.33866
-9.34644
-9.35415
-9.36167
-9.36883
-9.3754
-9.38116
-9.38583
-9.38911
-9.39069
-9.39024
-9.38743
-9.38194
-9.37343
-9.36159
-9.34612
-9.32671
-9.3031
-9.27501
-9.24221
-9.20446
-9.16154
-9.11325
-9.05941
-8.99984
-8.93438
-8.86288
-8.7852
-8.70122
-8.61084
-8.51395
-8.41047
-8.30035
-8.18354
-8.06003
-7.92982
-7.79295
-7.64948
-7.4995
-7.34315
-7.18059
-7.01203
-6.83771
-6.6579
-6.47293
-6.28313
-6.0889
-5.89064
-5.68879
-5.48381
-5.27615
-5.06632
-4.8548
-4.6421
-4.4287
-4.21511
-4.00181
-3.78928
-3.57798
-3.36834
-3.16078
-2.95569
-2.7534
-2.55427
-2.35859
-2.16669
-1.97884
-1.79534
-1.61647
-1.44249
-1.27363
-1.11018
-0.952252
-0.800298
-0.654025
-0.515158
-0.380641
-0.260393
-0.131847
-0.0617503
-9.15171
-9.16307
-9.17426
-9.18523
-9.19595
-9.20637
-9.21648
-9.22624
-9.23563
-9.24466
-9.25332
-9.26163
-9.26962
-9.27733
-9.28481
-9.2921
-9.29928
-9.30638
-9.31347
-9.32055
-9.32757
-9.33448
-9.34121
-9.34762
-9.35354
-9.3588
-9.36315
-9.36636
-9.36813
-9.36818
-9.36621
-9.36189
-9.35493
-9.34501
-9.33182
-9.31507
-9.29447
-9.26975
-9.24066
-9.20694
-9.16838
-9.12475
-9.07585
-9.0215
-8.96151
-8.89573
-8.82402
-8.74622
-8.66223
-8.57193
-8.47523
-8.37205
-8.26234
-8.14606
-8.02319
-7.89374
-7.75776
-7.61531
-7.46649
-7.31143
-7.1503
-6.9833
-6.81068
-6.63271
-6.4497
-6.26199
-6.06996
-5.87401
-5.67457
-5.47207
-5.26697
-5.05974
-4.85086
-4.64079
-4.43001
-4.21899
-4.00817
-3.79802
-3.58894
-3.38134
-3.1756
-2.97209
-2.77112
-2.57302
-2.37809
-2.18664
-1.99895
-1.81533
-1.63606
-1.46145
-1.29174
-1.12725
-0.968143
-0.814877
-0.667241
-0.526848
-0.39083
-0.268557
-0.137905
-0.064611
-9.14643
-9.15748
-9.16836
-9.17903
-9.18946
-9.19961
-9.20947
-9.219
-9.22819
-9.23703
-9.24552
-9.25366
-9.26149
-9.26902
-9.27629
-9.28333
-9.29019
-9.29691
-9.3035
-9.30995
-9.31624
-9.32231
-9.32807
-9.33341
-9.33816
-9.34214
-9.34515
-9.34695
-9.34727
-9.34586
-9.34242
-9.33665
-9.32827
-9.31697
-9.30247
-9.28447
-9.2627
-9.2369
-9.20681
-9.17219
-9.13282
-9.08848
-9.03897
-8.98409
-8.92369
-8.85759
-8.78565
-8.70773
-8.6237
-8.53348
-8.43695
-8.33406
-8.22475
-8.10897
-7.98673
-7.85803
-7.72292
-7.58147
-7.43378
-7.27999
-7.12026
-6.9548
-6.78385
-6.60768
-6.4266
-6.24095
-6.0511
-5.85744
-5.66039
-5.46036
-5.25781
-5.05318
-4.84693
-4.6395
-4.43135
-4.22291
-4.0146
-3.80683
-3.59999
-3.39445
-3.19056
-2.98864
-2.789
-2.59195
-2.39778
-2.20677
-2.01924
-1.83548
-1.65581
-1.48053
-1.30995
-1.14439
-0.984079
-0.829476
-0.680433
-0.538478
-0.400874
-0.276554
-0.143662
-0.0673294
-9.1411
-9.15185
-9.16243
-9.17281
-9.18295
-9.19285
-9.20245
-9.21175
-9.22072
-9.22935
-9.23764
-9.2456
-9.25322
-9.26054
-9.26757
-9.27433
-9.28085
-9.28715
-9.29323
-9.29908
-9.30466
-9.30991
-9.31474
-9.31904
-9.32267
-9.32544
-9.32717
-9.32762
-9.32657
-9.32376
-9.31891
-9.31175
-9.30199
-9.28937
-9.27358
-9.25437
-9.23146
-9.2046
-9.17353
-9.13802
-9.09785
-9.0528
-9.00267
-8.94728
-8.88644
-8.82001
-8.74783
-8.66977
-8.58571
-8.49554
-8.39918
-8.29655
-8.18761
-8.07233
-7.95069
-7.82271
-7.68845
-7.54797
-7.40138
-7.24882
-7.09046
-6.9265
-6.75719
-6.5828
-6.40363
-6.22001
-6.03231
-5.84091
-5.64622
-5.44865
-5.24864
-5.0466
-4.84298
-4.6382
-4.43268
-4.22683
-4.02104
-3.81567
-3.6111
-3.40763
-3.2056
-3.0053
-2.80701
-2.61101
-2.41759
-2.22703
-2.03963
-1.85572
-1.6756
-1.49964
-1.32814
-1.16148
-0.999924
-0.843941
-0.693441
-0.549879
-0.410614
-0.284225
-0.149021
-0.0698229
-9.13585
-9.14631
-9.15661
-9.16671
-9.17659
-9.18622
-9.19557
-9.20463
-9.21337
-9.22178
-9.22985
-9.23759
-9.24499
-9.25206
-9.25882
-9.26527
-9.27143
-9.2773
-9.28287
-9.28811
-9.293
-9.29745
-9.30139
-9.3047
-9.30725
-9.30886
-9.30936
-9.30854
-9.30617
-9.30201
-9.29581
-9.28731
-9.27624
-9.26233
-9.24531
-9.22492
-9.2009
-9.17299
-9.14096
-9.10457
-9.0636
-9.01784
-8.96709
-8.91117
-8.8499
-8.78313
-8.7107
-8.63248
-8.54836
-8.45823
-8.36201
-8.25963
-8.15104
-8.03621
-7.91515
-7.78787
-7.65442
-7.51487
-7.36935
-7.21799
-7.06096
-6.89847
-6.73076
-6.5581
-6.38079
-6.19917
-6.01359
-5.82442
-5.63207
-5.43694
-5.23944
-5.03998
-4.83899
-4.63686
-4.43398
-4.23073
-4.02747
-3.82454
-3.62224
-3.42088
-3.22073
-3.02206
-2.82512
-2.63018
-2.43751
-2.24738
-2.06009
-1.87599
-1.6954
-1.5187
-1.34624
-1.17843
-1.01557
-0.858158
-0.706141
-0.560921
-0.419923
-0.291448
-0.153916
-0.0720286
-9.13041
-9.14059
-9.15061
-9.16043
-9.17004
-9.1794
-9.1885
-9.19731
-9.20581
-9.21398
-9.22182
-9.22932
-9.23648
-9.24329
-9.24975
-9.25588
-9.26166
-9.26708
-9.27214
-9.27679
-9.281
-9.28468
-9.28776
-9.29013
-9.29165
-9.29216
-9.2915
-9.28947
-9.28585
-9.28043
-9.27295
-9.26317
-9.25084
-9.23569
-9.21749
-9.19596
-9.17086
-9.14194
-9.10897
-9.07172
-9.02997
-8.98351
-8.93215
-8.87571
-8.81401
-8.74688
-8.6742
-8.59582
-8.51163
-8.42153
-8.32543
-8.22327
-8.11501
-8.00062
-7.8801
-7.75348
-7.62081
-7.48218
-7.33769
-7.18748
-7.03174
-6.87068
-6.70452
-6.53356
-6.35807
-6.17841
-5.9949
-5.80794
-5.6179
-5.42518
-5.23018
-5.0333
-4.83493
-4.63545
-4.43522
-4.2346
-4.03389
-3.8334
-3.63341
-3.43417
-3.23593
-3.03891
-2.84334
-2.64946
-2.45752
-2.2678
-2.0806
-1.89627
-1.71516
-1.53766
-1.36419
-1.19516
-1.03094
-0.872033
-0.718436
-0.5715
-0.428707
-0.298132
-0.158304
-0.0739076
-9.12517
-9.13508
-9.14484
-9.1544
-9.16375
-9.17286
-9.18171
-9.19027
-9.19853
-9.20646
-9.21406
-9.22132
-9.22821
-9.23474
-9.2409
-9.24667
-9.25206
-9.25703
-9.26157
-9.26564
-9.26917
-9.27211
-9.27436
-9.27582
-9.27636
-9.27583
-9.27406
-9.27087
-9.26606
-9.25942
-9.25071
-9.23971
-9.22617
-9.20984
-9.19049
-9.16785
-9.1417
-9.1118
-9.07791
-9.03981
-8.99728
-8.95013
-8.89816
-8.84118
-8.77903
-8.71155
-8.63859
-8.56003
-8.47574
-8.38564
-8.28964
-8.18767
-8.07971
-7.96572
-7.84571
-7.71971
-7.58778
-7.45
-7.30649
-7.1574
-7.00289
-6.8432
-6.67855
-6.50922
-6.33551
-6.15775
-5.97629
-5.79148
-5.60372
-5.41339
-5.22087
-5.02655
-4.83079
-4.63397
-4.4364
-4.23841
-4.04028
-3.84226
-3.64461
-3.44752
-3.2512
-3.05585
-2.86166
-2.66884
-2.47763
-2.2883
-2.10116
-1.91654
-1.73485
-1.5565
-1.38194
-1.21162
-1.04596
-0.885492
-0.730243
-0.58153
-0.436885
-0.304197
-0.162144
-0.0754165
-9.11953
-9.12918
-9.13868
-9.14798
-9.15707
-9.16593
-9.17453
-9.18285
-9.19086
-9.19855
-9.2059
-9.2129
-9.21952
-9.22576
-9.23159
-9.23702
-9.242
-9.24653
-9.25056
-9.25405
-9.25694
-9.25917
-9.26063
-9.26123
-9.26084
-9.25932
-9.25651
-9.25223
-9.2463
-9.23851
-9.22865
-9.21649
-9.2018
-9.18435
-9.16391
-9.14022
-9.11307
-9.08222
-9.04744
-9.00852
-8.96524
-8.91741
-8.86484
-8.80734
-8.74475
-8.67691
-8.60367
-8.52492
-8.44053
-8.35042
-8.2545
-8.15271
-8.04501
-7.9314
-7.81187
-7.68645
-7.55522
-7.41826
-7.27569
-7.12766
-6.97435
-6.81597
-6.65278
-6.48504
-6.31305
-6.13715
-5.95768
-5.775
-5.58948
-5.4015
-5.21144
-5.01967
-4.82654
-4.63237
-4.43748
-4.24215
-4.04662
-3.85112
-3.65583
-3.46093
-3.26657
-3.07291
-2.88012
-2.68836
-2.49787
-2.3089
-2.12176
-1.93681
-1.75447
-1.57519
-1.39945
-1.22777
-1.06059
-0.898483
-0.741512
-0.590964
-0.444418
-0.309615
-0.165435
-0.0765645
-9.11445
-9.12386
-9.13312
-9.14217
-9.15102
-9.15963
-9.16798
-9.17605
-9.18382
-9.19126
-9.19835
-9.20507
-9.2114
-9.21733
-9.22284
-9.22789
-9.23247
-9.23654
-9.24006
-9.24298
-9.24524
-9.24676
-9.24746
-9.24723
-9.24595
-9.24348
-9.23967
-9.23436
-9.22736
-9.21847
-9.20751
-9.19424
-9.17845
-9.15992
-9.13841
-9.11371
-9.08558
-9.0538
-9.01815
-8.97842
-8.9344
-8.8859
-8.83272
-8.77469
-8.71164
-8.64342
-8.56989
-8.49092
-8.4064
-8.31624
-8.22036
-8.1187
-8.01123
-7.89794
-7.77884
-7.65396
-7.52337
-7.38716
-7.24546
-7.09843
-6.94624
-6.78912
-6.62731
-6.46109
-6.29076
-6.11666
-5.93912
-5.75851
-5.57519
-5.38954
-5.20191
-5.01267
-4.82215
-4.63065
-4.43846
-4.24581
-4.05292
-3.85996
-3.66709
-3.47442
-3.28206
-3.09012
-2.89873
-2.70805
-2.51826
-2.32961
-2.14243
-1.95709
-1.77402
-1.59371
-1.4167
-1.24355
-1.07475
-0.910918
-0.752141
-0.599688
-0.451188
-0.314255
-0.168053
-0.0772322
-9.10864
-9.11782
-9.12683
-9.13565
-9.14426
-9.15264
-9.16075
-9.16858
-9.1761
-9.18329
-9.19013
-9.19658
-9.20264
-9.20827
-9.21344
-9.21814
-9.22232
-9.22594
-9.22897
-9.23135
-9.23301
-9.23387
-9.23385
-9.23285
-9.23073
-9.22738
-9.22265
-9.21637
-9.20837
-9.19847
-9.18646
-9.17216
-9.15534
-9.13579
-9.11329
-9.08763
-9.05857
-9.02591
-8.98944
-8.94893
-8.9042
-8.85505
-8.80129
-8.74274
-8.67925
-8.61066
-8.53683
-8.45764
-8.37298
-8.28276
-8.18691
-8.08536
-7.9781
-7.8651
-7.74639
-7.622
-7.49201
-7.35651
-7.21564
-7.06954
-6.91842
-6.76249
-6.60201
-6.43725
-6.26853
-6.09617
-5.92051
-5.74192
-5.56077
-5.37741
-5.19221
-5.00549
-4.81759
-4.62877
-4.4393
-4.24938
-4.05918
-3.86882
-3.67841
-3.48802
-3.29771
-3.10753
-2.91758
-2.72797
-2.53887
-2.35052
-2.16325
-1.97744
-1.79356
-1.61213
-1.43375
-1.25903
-1.08853
-0.922885
-0.762236
-0.607828
-0.457339
-0.318279
-0.170155
-0.0775873
-9.10393
-9.11287
-9.12165
-9.13024
-9.1386
-9.14674
-9.1546
-9.16218
-9.16945
-9.17638
-9.18294
-9.18911
-9.19486
-9.20017
-9.205
-9.20931
-9.21308
-9.21626
-9.21879
-9.22063
-9.22169
-9.22191
-9.22119
-9.21943
-9.21651
-9.21231
-9.20669
-9.19948
-9.19052
-9.17965
-9.16665
-9.15135
-9.13354
-9.11302
-9.08956
-9.06296
-9.03301
-8.99949
-8.9622
-8.92094
-8.8755
-8.82569
-8.77134
-8.71226
-8.64831
-8.57933
-8.50518
-8.42573
-8.3409
-8.25058
-8.1547
-8.05321
-7.94609
-7.83333
-7.71494
-7.59097
-7.46151
-7.32664
-7.1865
-7.04126
-6.89111
-6.73629
-6.57704
-6.41366
-6.24645
-6.07575
-5.9019
-5.72528
-5.54623
-5.36512
-5.1823
-4.9981
-4.81281
-4.6267
-4.43998
-4.25282
-4.06536
-3.87767
-3.68979
-3.50174
-3.31353
-3.12515
-2.93666
-2.74813
-2.5597
-2.37161
-2.18417
-1.99779
-1.81298
-1.6303
-1.45041
-1.27398
-1.10163
-0.93406
-0.771437
-0.614992
-0.462451
-0.32123
-0.171246
-0.0771696
-9.09785
-9.1066
-9.11517
-9.12355
-9.13171
-9.13963
-9.14728
-9.15463
-9.16167
-9.16836
-9.17467
-9.18059
-9.18606
-9.19107
-9.19558
-9.19955
-9.20294
-9.2057
-9.20778
-9.20911
-9.20963
-9.20925
-9.20789
-9.20544
-9.20179
-9.19682
-9.19037
-9.18232
-9.17249
-9.16071
-9.14681
-9.1306
-9.11187
-9.09044
-9.06609
-9.03863
-9.00784
-8.97352
-8.93547
-8.89348
-8.84737
-8.79695
-8.74203
-8.68246
-8.61806
-8.54869
-8.47422
-8.39453
-8.30952
-8.21908
-8.12317
-8.02172
-7.91472
-7.80216
-7.68407
-7.56048
-7.43149
-7.29721
-7.15776
-7.01332
-6.86409
-6.7103
-6.55223
-6.39016
-6.22441
-6.05531
-5.88322
-5.70851
-5.53153
-5.35266
-5.17222
-4.99053
-4.80788
-4.62451
-4.44059
-4.25628
-4.07163
-3.8867
-3.70144
-3.51584
-3.32981
-3.14332
-2.95634
-2.76892
-2.58118
-2.39333
-2.20568
-2.01869
-1.83286
-1.64884
-1.46733
-1.2891
-1.11482
-0.945251
-0.780598
-0.622077
-0.467442
-0.324032
-0.172164
-0.0767037
-9.09351
-9.10202
-9.11037
-9.11851
-9.12643
-9.13411
-9.14151
-9.14861
-9.15539
-9.16181
-9.16785
-9.17347
-9.17864
-9.18333
-9.18749
-9.19109
-9.19408
-9.19641
-9.19802
-9.19885
-9.19882
-9.19785
-9.19586
-9.19274
-9.18838
-9.18265
-9.17543
-9.16656
-9.15589
-9.14326
-9.12849
-9.1114
-9.0918
-9.0695
-9.0443
-9.016
-8.9844
-8.9493
-8.9105
-8.86781
-8.82103
-8.76999
-8.71451
-8.65441
-8.58955
-8.51977
-8.44496
-8.36497
-8.27973
-8.18913
-8.09312
-7.99164
-7.88469
-7.77225
-7.65435
-7.53106
-7.40245
-7.26863
-7.12975
-6.98599
-6.83756
-6.6847
-6.52768
-6.36679
-6.20238
-6.03477
-5.86434
-5.69145
-5.51647
-5.33976
-5.16166
-4.98247
-4.80246
-4.62185
-4.44079
-4.25937
-4.07763
-3.89553
-3.713
-3.52991
-3.34615
-3.16159
-2.97616
-2.78985
-2.60274
-2.41504
-2.22707
-2.03928
-1.85226
-1.66668
-1.48334
-1.3031
-1.12672
-0.955019
-0.78825
-0.627608
-0.470845
-0.325208
-0.171391
-0.0747878
-9.08692
-9.09529
-9.10346
-9.11143
-9.11917
-9.12666
-9.13387
-9.14077
-9.14734
-9.15355
-9.15936
-9.16474
-9.16965
-9.17407
-9.17794
-9.18122
-9.18386
-9.18581
-9.18702
-9.1874
-9.18689
-9.18541
-9.18287
-9.17915
-9.17416
-9.16777
-9.15985
-9.15026
-9.13884
-9.12545
-9.1099
-9.09202
-9.07163
-9.04854
-9.02257
-8.99351
-8.96117
-8.92536
-8.88587
-8.84253
-8.79515
-8.74353
-8.68752
-8.62695
-8.56165
-8.4915
-8.41635
-8.3361
-8.25064
-8.15989
-8.06378
-7.96228
-7.85537
-7.74304
-7.62534
-7.50231
-7.37405
-7.24068
-7.10235
-6.95924
-6.81157
-6.65959
-6.50358
-6.34385
-6.18074
-6.0146
-5.84581
-5.67473
-5.50175
-5.32723
-5.1515
-4.97487
-4.79759
-4.61985
-4.44177
-4.26341
-4.08474
-3.90567
-3.72605
-3.54569
-3.36439
-3.18194
-2.99822
-2.81314
-2.62677
-2.43928
-2.25101
-2.06243
-1.87415
-1.68693
-1.50165
-1.31927
-1.14065
-0.966691
-0.797696
-0.634847
-0.475848
-0.327849
-0.171672
-0.07367
-9.08251
-9.09064
-9.0986
-9.10634
-9.11385
-9.1211
-9.12807
-9.13473
-9.14105
-9.14699
-9.15253
-9.15763
-9.16225
-9.16635
-9.16989
-9.17282
-9.1751
-9.17666
-9.17744
-9.17737
-9.17638
-9.17439
-9.1713
-9.16701
-9.16141
-9.15439
-9.14581
-9.13553
-9.12341
-9.10929
-9.09301
-9.07439
-9.05326
-9.02943
-9.00272
-8.97294
-8.9399
-8.9034
-8.86326
-8.81929
-8.7713
-8.71912
-8.66257
-8.6015
-8.53574
-8.46517
-8.38965
-8.30907
-8.22332
-8.13233
-8.03605
-7.93441
-7.82742
-7.71508
-7.59742
-7.47452
-7.34645
-7.21335
-7.07538
-6.93273
-6.78563
-6.63434
-6.47914
-6.32037
-6.15837
-5.99351
-5.82618
-5.65676
-5.48565
-5.3132
-5.13976
-4.96563
-4.79105
-4.61618
-4.44112
-4.26588
-4.09036
-3.91441
-3.7378
-3.56025
-3.38146
-3.20116
-3.01912
-2.83523
-2.64949
-2.46207
-2.27333
-2.08377
-1.89405
-1.70502
-1.51768
-1.33311
-1.15228
-0.976175
-0.80513
-0.640298
-0.47926
-0.329005
-0.169962
-0.0710353
-9.07482
-9.08282
-9.0906
-9.09817
-9.10552
-9.11261
-9.11942
-9.12591
-9.13205
-9.13781
-9.14316
-9.14806
-9.15246
-9.15634
-9.15963
-9.1623
-9.16429
-9.16554
-9.16598
-9.16556
-9.16418
-9.16177
-9.15823
-9.15346
-9.14736
-9.13981
-9.13067
-9.11981
-9.1071
-9.09236
-9.07546
-9.05621
-9.03445
-9.00999
-8.98265
-8.95226
-8.91861
-8.88153
-8.84082
-8.79631
-8.74782
-8.69516
-8.63817
-8.57669
-8.51058
-8.43968
-8.36388
-8.28306
-8.19713
-8.10601
-8.00964
-7.90798
-7.80102
-7.68877
-7.57128
-7.4486
-7.32085
-7.18815
-7.05067
-6.90861
-6.76221
-6.61173
-6.4575
-6.29983
-6.1391
-5.97569
-5.81
-5.64243
-5.47339
-5.30324
-5.13235
-4.96101
-4.78943
-4.61779
-4.44613
-4.2744
-4.10248
-3.93012
-3.75699
-3.58273
-3.40693
-3.22922
-3.04928
-2.86691
-2.68206
-2.49488
-2.30572
-2.11511
-1.92375
-1.73257
-1.54274
-1.35552
-1.17208
-0.993526
-0.820273
-0.65345
-0.490394
-0.337932
-0.174377
-0.0746497
-9.06878
-9.07666
-9.08433
-9.09171
-9.09883
-9.1057
-9.11229
-9.11855
-9.12446
-9.12998
-9.13509
-9.13974
-9.14389
-9.14751
-9.15053
-9.15292
-9.15461
-9.15555
-9.15567
-9.1549
-9.15316
-9.15036
-9.14642
-9.14123
-9.13468
-9.12666
-9.11703
-9.10568
-9.09244
-9.07718
-9.05973
-9.03994
-9.01762
-8.99261
-8.96472
-8.93378
-8.89959
-8.86198
-8.82076
-8.77575
-8.72676
-8.67363
-8.61619
-8.55428
-8.48776
-8.41647
-8.3403
-8.25914
-8.1729
-8.08149
-7.98485
-7.88296
-7.77581
-7.66341
-7.5458
-7.42305
-7.29528
-7.16263
-7.02526
-6.8834
-6.73729
-6.58721
-6.43349
-6.27649
-6.11659
-5.95419
-5.78972
-5.62361
-5.45628
-5.28813
-5.11952
-4.95075
-4.78206
-4.61358
-4.44535
-4.27727
-4.10914
-3.94065
-3.77139
-3.60087
-3.42859
-3.25406
-3.07687
-2.89675
-2.71359
-2.52752
-2.33892
-2.14836
-1.95655
-1.76448
-1.57345
-1.38481
-1.19987
-1.01989
-0.845366
-0.677445
-0.513167
-0.359137
-0.189168
-0.087329
-9.05764
-9.06535
-9.0729
-9.08022
-9.0873
-9.09411
-9.10063
-9.10683
-9.11267
-9.11812
-9.12315
-9.12772
-9.13178
-9.13529
-9.13821
-9.14047
-9.14203
-9.14282
-9.14277
-9.14182
-9.13989
-9.13688
-9.13271
-9.12727
-9.12046
-9.11217
-9.10226
-9.0906
-9.07707
-9.06149
-9.04373
-9.02362
-9.001
-8.97569
-8.94751
-8.91629
-8.88184
-8.84399
-8.80256
-8.75736
-8.70822
-8.65497
-8.59745
-8.53549
-8.46896
-8.39772
-8.32163
-8.24061
-8.15455
-8.06337
-7.96703
-7.8655
-7.75876
-7.64684
-7.52978
-7.40767
-7.28061
-7.14877
-7.01231
-6.87148
-6.72652
-6.57776
-6.42552
-6.27018
-6.11216
-5.9519
-5.78985
-5.62647
-5.46223
-5.29755
-5.13282
-4.96837
-4.80444
-4.64116
-4.47852
-4.31638
-4.15445
-3.99228
-3.82931
-3.66489
-3.49831
-3.3289
-3.15605
-2.97933
-2.79852
-2.6137
-2.42523
-2.23373
-2.03999
-1.84529
-1.65137
-1.45982
-1.27195
-1.08905
-0.911633
-0.740907
-0.573731
-0.416771
-0.238847
-0.122236
-9.04857
-9.05627
-9.06363
-9.07094
-9.07811
-9.08505
-9.09172
-9.09808
-9.10411
-9.10977
-9.11503
-9.11983
-9.12414
-9.12792
-9.1311
-9.13364
-9.13548
-9.13656
-9.1368
-9.13614
-9.13449
-9.13177
-9.12788
-9.12272
-9.11618
-9.10815
-9.0985
-9.0871
-9.07381
-9.05848
-9.04095
-9.02107
-8.99867
-8.97358
-8.94561
-8.9146
-8.88037
-8.84272
-8.80149
-8.75648
-8.70754
-8.65449
-8.59715
-8.53539
-8.46905
-8.39799
-8.3221
-8.24127
-8.1554
-8.06443
-7.96831
-7.867
-7.76052
-7.64887
-7.53213
-7.41039
-7.28377
-7.15243
-7.01658
-6.87648
-6.73241
-6.58471
-6.43376
-6.27999
-6.12384
-5.96582
-5.80644
-5.64621
-5.48565
-5.32524
-5.16543
-5.00655
-4.84885
-4.69244
-4.53727
-4.38311
-4.22953
-4.07595
-3.92161
-3.76565
-3.60714
-3.44517
-3.27893
-3.10776
-2.93129
-2.74947
-2.56259
-2.37083
-2.17476
-1.97575
-1.77569
-1.5768
-1.3811
-1.19022
-1.00488
-0.826515
-0.652634
-0.489148
-0.313175
-0.159176
-9.07158
-9.08111
-9.09026
-9.09903
-9.10754
-9.11579
-9.12372
-9.13128
-9.13845
-9.1452
-9.15147
-9.15724
-9.16244
-9.16705
-9.171
-9.17423
-9.17669
-9.17832
-9.17904
-9.17878
-9.17746
-9.17498
-9.17126
-9.16619
-9.15967
-9.15157
-9.14177
-9.13015
-9.11656
-9.10085
-9.08288
-9.06248
-9.03949
-9.01374
-8.98506
-8.95326
-8.91818
-8.87962
-8.83742
-8.79138
-8.74135
-8.68714
-8.62859
-8.56556
-8.49788
-8.42542
-8.34806
-8.26569
-8.17822
-8.08558
-7.9877
-7.88457
-7.77618
-7.66255
-7.54374
-7.41984
-7.29097
-7.1573
-7.01903
-6.87642
-6.72975
-6.57936
-6.42563
-6.26898
-6.10987
-5.94878
-5.78623
-5.62272
-5.45876
-5.29481
-5.1313
-4.96853
-4.80674
-4.646
-4.48622
-4.32714
-4.16833
-4.00918
-3.84894
-3.68678
-3.52179
-3.35313
-3.18007
-3.00207
-2.81885
-2.63044
-2.4376
-2.24108
-2.0413
-1.83947
-1.63753
-1.43772
-1.24203
-1.05207
-0.868513
-0.69266
-0.522683
-0.362683
-0.207308
-0.0496827
-9.50386
-9.51318
-9.52714
-9.54037
-9.55299
-9.565
-9.57551
-9.58384
-9.59003
-9.59398
-9.59577
-9.59598
-9.59512
-9.5935
-9.59157
-9.58975
-9.58828
-9.58714
-9.58605
-9.58462
-9.58246
-9.58036
-9.58044
-9.58445
-9.59413
-9.61326
-9.64516
-9.69123
-9.74988
-9.81697
-9.8871
-9.95499
-10.0164
-10.0685
-10.1098
-10.1397
-10.1584
-10.1665
-10.1645
-10.1529
-10.1322
-10.1027
-10.0649
-10.0188
-9.96398
-9.8999
-9.82714
-9.74631
-9.65736
-9.56021
-9.45465
-9.34046
-9.2174
-9.08522
-8.94373
-8.79275
-8.63216
-8.46187
-8.28186
-8.09215
-7.89285
-7.68408
-7.46608
-7.23917
-7.00378
-6.76043
-6.50975
-6.25243
-5.9893
-5.72134
-5.44912
-5.17252
-4.89249
-4.61092
-4.32931
-4.04896
-3.77101
-3.49527
-3.22121
-2.95505
-2.7013
-2.4564
-2.21714
-1.98663
-1.76576
-1.5555
-1.35648
-1.16903
-0.993295
-0.829267
-0.676837
-0.535793
-0.406019
-0.287177
-0.180064
-0.0835515
-0.00528738
0.0654698
0.0689463
0.126785
-9.51326
-9.5288
-9.54376
-9.55782
-9.57065
-9.58175
-9.59133
-9.59892
-9.60514
-9.6102
-9.61359
-9.61416
-9.61218
-9.60872
-9.60486
-9.60159
-9.59966
-9.59925
-9.59981
-9.60051
-9.60019
-9.60094
-9.60573
-9.61221
-9.6253
-9.65261
-9.69854
-9.7625
-9.83916
-9.92101
-10.0009
-10.0735
-10.1357
-10.186
-10.2241
-10.2505
-10.2658
-10.2708
-10.2662
-10.2524
-10.2297
-10.1982
-10.1578
-10.1081
-10.0498
-9.98491
-9.91374
-9.83538
-9.74973
-9.65665
-9.55571
-9.44642
-9.32842
-9.20139
-9.06508
-8.91929
-8.76386
-8.59868
-8.4237
-8.23894
-8.04445
-7.84037
-7.62687
-7.40425
-7.1729
-6.93328
-6.68597
-6.43163
-6.17101
-5.90497
-5.63476
-5.36159
-5.08548
-4.80691
-4.52725
-4.24753
-3.96835
-3.68953
-3.41129
-3.13966
-2.88482
-2.64257
-2.40717
-2.17824
-1.95831
-1.74828
-1.54875
-1.36015
-1.18267
-1.01637
-0.861193
-0.71697
-0.583639
-0.46078
-0.349275
-0.247312
-0.162503
-0.0809325
-0.0543345
0.0405555
-9.51705
-9.53678
-9.55333
-9.56698
-9.57942
-9.59079
-9.60008
-9.60693
-9.61248
-9.6165
-9.61923
-9.62036
-9.6201
-9.61884
-9.61726
-9.61605
-9.61576
-9.61672
-9.61895
-9.62231
-9.62667
-9.63365
-9.64649
-9.66808
-9.70202
-9.74949
-9.80831
-9.87382
-9.94073
-10.0048
-10.0635
-10.1156
-10.1606
-10.1987
-10.2299
-10.2539
-10.2705
-10.2795
-10.2807
-10.2738
-10.2587
-10.2355
-10.204
-10.1641
-10.1158
-10.0595
-9.99561
-9.92393
-9.84413
-9.75594
-9.65923
-9.55386
-9.43961
-9.31624
-9.18354
-9.04133
-8.88944
-8.72778
-8.55629
-8.37497
-8.1839
-7.98316
-7.77293
-7.55349
-7.32523
-7.08864
-6.84432
-6.59296
-6.33536
-6.07234
-5.80472
-5.53311
-5.25806
-4.98073
-4.70232
-4.42372
-4.14557
-3.86802
-3.59208
-3.32166
-3.0652
-2.81876
-2.57969
-2.34809
-2.12552
-1.91266
-1.71013
-1.51837
-1.33758
-1.16783
-1.00906
-0.861127
-0.723901
-0.596952
-0.480858
-0.373714
-0.281363
-0.189861
-0.139192
-0.0184307
-9.51045
-9.53344
-9.5546
-9.56979
-9.5838
-9.59605
-9.60684
-9.61513
-9.62167
-9.62663
-9.62995
-9.63148
-9.63146
-9.6304
-9.62892
-9.62767
-9.62714
-9.62759
-9.62927
-9.63284
-9.63999
-9.65372
-9.67739
-9.71299
-9.76011
-9.81621
-9.87769
-9.94129
-10.0049
-10.0671
-10.1267
-10.1823
-10.232
-10.2746
-10.3092
-10.3353
-10.353
-10.3625
-10.3637
-10.3569
-10.342
-10.3192
-10.2885
-10.2499
-10.2035
-10.1494
-10.0875
-10.0178
-9.94048
-9.85517
-9.76157
-9.6593
-9.5481
-9.42769
-9.29785
-9.15838
-9.00913
-8.84998
-8.68087
-8.50181
-8.31287
-8.11411
-7.90566
-7.68783
-7.46099
-7.22564
-6.98238
-6.73193
-6.47513
-6.2128
-5.94575
-5.67464
-5.39999
-5.1228
-4.8442
-4.56498
-4.28577
-4.00711
-3.73058
-3.4604
-3.20255
-2.95442
-2.71374
-2.48049
-2.25598
-2.04107
-1.83636
-1.64228
-1.45906
-1.28675
-1.12529
-0.974503
-0.834192
-0.703912
-0.58376
-0.471961
-0.371764
-0.271194
-0.19568
-0.0577041
-9.49951
-9.52736
-9.55364
-9.57056
-9.5863
-9.59932
-9.61104
-9.62045
-9.62801
-9.63345
-9.63712
-9.63911
-9.63962
-9.63888
-9.63728
-9.63524
-9.63324
-9.63199
-9.63268
-9.63733
-9.64884
-9.67027
-9.70338
-9.74762
-9.8005
-9.85875
-9.91954
-9.98116
-10.0426
-10.1028
-10.1603
-10.2137
-10.2616
-10.3031
-10.3377
-10.3652
-10.3856
-10.3987
-10.4045
-10.4029
-10.3935
-10.3764
-10.3513
-10.3182
-10.277
-10.228
-10.1708
-10.1056
-10.0321
-9.95018
-9.85972
-9.76034
-9.65183
-9.53394
-9.40649
-9.26927
-9.12212
-8.96495
-8.79767
-8.62029
-8.43291
-8.23562
-8.02846
-7.81174
-7.58589
-7.35137
-7.10881
-6.8589
-6.60243
-6.3402
-6.07292
-5.80123
-5.52583
-5.24779
-4.96819
-4.68788
-4.40769
-4.1285
-3.85216
-3.58184
-3.32191
-3.07094
-2.82761
-2.59214
-2.36557
-2.1486
-1.94177
-1.74549
-1.55996
-1.38525
-1.22125
-1.06781
-0.924581
-0.791162
-0.667055
-0.550879
-0.44288
-0.334703
-0.235958
-0.0899662
-9.48955
-9.52225
-9.55357
-9.57232
-9.5899
-9.60389
-9.61688
-9.62739
-9.63621
-9.64272
-9.64696
-9.64896
-9.64899
-9.64726
-9.64407
-9.63994
-9.63566
-9.63266
-9.63317
-9.64019
-9.65687
-9.68538
-9.72579
-9.77595
-9.83263
-9.89288
-9.95487
-10.0178
-10.0812
-10.144
-10.2047
-10.2615
-10.3128
-10.3574
-10.395
-10.4253
-10.4482
-10.4639
-10.4721
-10.4728
-10.4656
-10.4507
-10.4278
-10.397
-10.358
-10.3109
-10.2557
-10.1924
-10.1209
-10.041
-9.95257
-9.85505
-9.74822
-9.63188
-9.50583
-9.36985
-9.22379
-9.06753
-8.90101
-8.72423
-8.53724
-8.34016
-8.1331
-7.91633
-7.69025
-7.45536
-7.21225
-6.96164
-6.7043
-6.44103
-6.17259
-5.89967
-5.62302
-5.34362
-5.06252
-4.78062
-4.49886
-4.21837
-3.94106
-3.66981
-3.40802
-3.15508
-2.91006
-2.67313
-2.4451
-2.22661
-2.01823
-1.82032
-1.63309
-1.4566
-1.29071
-1.13524
-0.989741
-0.853828
-0.726401
-0.606611
-0.491709
-0.377799
-0.259133
-0.112557
-9.48322
-9.52094
-9.556
-9.57628
-9.5955
-9.61068
-9.62499
-9.63692
-9.64707
-9.65478
-9.6599
-9.66216
-9.66176
-9.65884
-9.65376
-9.64729
-9.64084
-9.63661
-9.63762
-9.64731
-9.66852
-9.70241
-9.74778
-9.80174
-9.86096
-9.92292
-9.98627
-10.0506
-10.1153
-10.1793
-10.2411
-10.2988
-10.351
-10.3968
-10.4359
-10.4682
-10.4937
-10.5122
-10.5237
-10.5278
-10.5241
-10.5126
-10.4929
-10.4651
-10.4289
-10.3845
-10.3317
-10.2705
-10.2009
-10.1225
-10.0353
-9.93894
-9.83303
-9.71743
-9.59193
-9.45633
-9.31048
-9.15426
-8.98762
-8.81054
-8.6231
-8.42541
-8.21761
-7.99997
-7.77291
-7.53692
-7.29262
-7.04069
-6.78192
-6.51708
-6.24693
-5.97222
-5.69375
-5.41253
-5.12962
-4.846
-4.56275
-4.28116
-4.00314
-3.73116
-3.46787
-3.21317
-2.96654
-2.72822
-2.49893
-2.27927
-2.06973
-1.87066
-1.68222
-1.50446
-1.33719
-1.18024
-1.03299
-0.895143
-0.764999
-0.642348
-0.521645
-0.403881
-0.269038
-0.127695
-9.48184
-9.52454
-9.56191
-9.58402
-9.60505
-9.62189
-9.6379
-9.65151
-9.66325
-9.67227
-9.67836
-9.68098
-9.68016
-9.67618
-9.66944
-9.66137
-9.65367
-9.6491
-9.65117
-9.66333
-9.68799
-9.72558
-9.77424
-9.83084
-9.89231
-9.9564
-10.0218
-10.0881
-10.1549
-10.2209
-10.2847
-10.3447
-10.3994
-10.4479
-10.4896
-10.5245
-10.5524
-10.5731
-10.5866
-10.5924
-10.5904
-10.5801
-10.5614
-10.5343
-10.4988
-10.4549
-10.4026
-10.3418
-10.2725
-10.1943
-10.1072
-10.0106
-9.90445
-9.78842
-9.66232
-9.52597
-9.37921
-9.22193
-9.05407
-8.87565
-8.68671
-8.48739
-8.27786
-8.05841
-7.82945
-7.59149
-7.34517
-7.09117
-6.83029
-6.56332
-6.29105
-6.01427
-5.73384
-5.45077
-5.16611
-4.88091
-4.59634
-4.31375
-4.03503
-3.76238
-3.49804
-3.24225
-2.99476
-2.75582
-2.52603
-2.30593
-2.09596
-1.89643
-1.70749
-1.52915
-1.3612
-1.20344
-1.05514
-0.916053
-0.783969
-0.65936
-0.534213
-0.414418
-0.267453
-0.135535
-9.48494
-9.53145
-9.57068
-9.59513
-9.61861
-9.63818
-9.65714
-9.67386
-9.68873
-9.70065
-9.7092
-9.71365
-9.7137
-9.7098
-9.70269
-9.6938
-9.68557
-9.68114
-9.68422
-9.69816
-9.72496
-9.76466
-9.81514
-9.87326
-9.93618
-10.0018
-10.0689
-10.1367
-10.2046
-10.2715
-10.336
-10.3966
-10.452
-10.5011
-10.5435
-10.5792
-10.6078
-10.6292
-10.6433
-10.6496
-10.6479
-10.638
-10.6199
-10.5933
-10.5582
-10.5145
-10.4623
-10.4013
-10.3315
-10.2526
-10.1645
-10.0668
-9.95933
-9.84186
-9.71416
-9.57607
-9.42744
-9.26817
-9.0982
-8.91756
-8.72633
-8.52463
-8.31267
-8.09077
-7.85937
-7.61899
-7.37027
-7.11393
-6.85077
-6.58158
-6.3072
-6.02844
-5.7462
-5.4615
-5.17543
-4.88909
-4.6037
-4.32068
-4.04183
-3.76915
-3.50453
-3.24842
-3.00076
-2.76182
-2.53215
-2.31223
-2.10246
-1.90311
-1.71428
-1.53597
-1.36792
-1.20993
-1.06116
-0.921427
-0.788079
-0.662292
-0.533957
-0.413631
-0.25819
-0.138081
-9.49161
-9.54283
-9.5835
-9.61052
-9.63633
-9.65885
-9.68118
-9.70172
-9.72073
-9.73692
-9.74962
-9.75782
-9.76105
-9.75892
-9.75232
-9.74484
-9.73807
-9.73512
-9.73981
-9.75533
-9.7834
-9.82405
-9.87528
-9.93405
-9.99766
-10.0641
-10.132
-10.2005
-10.2685
-10.3352
-10.3994
-10.4597
-10.5149
-10.564
-10.6064
-10.6418
-10.6702
-10.6913
-10.7045
-10.7098
-10.7069
-10.6956
-10.6759
-10.6476
-10.6107
-10.5652
-10.511
-10.4481
-10.3761
-10.2951
-10.2048
-10.1048
-9.99488
-9.8749
-9.7446
-9.60382
-9.45243
-9.29032
-9.11748
-8.93393
-8.73977
-8.53515
-8.32033
-8.09563
-7.86151
-7.61854
-7.36736
-7.10871
-6.84338
-6.57221
-6.29604
-6.01573
-5.73221
-5.4465
-5.15971
-4.87296
-4.58751
-4.30479
-4.0265
-3.75447
-3.49038
-3.23478
-2.98777
-2.74964
-2.52085
-2.30184
-2.09295
-1.89441
-1.7063
-1.52858
-1.36098
-1.20328
-1.05455
-0.914696
-0.780693
-0.654413
-0.524022
-0.404342
-0.243605
-0.136347
-9.49513
-9.55038
-9.59576
-9.62849
-9.65934
-9.68763
-9.71632
-9.74376
-9.76992
-9.79336
-9.81331
-9.82861
-9.83826
-9.84215
-9.83953
-9.83349
-9.8279
-9.82622
-9.83196
-9.84838
-9.87696
-9.91733
-9.96758
-10.025
-10.0873
-10.1524
-10.219
-10.2859
-10.3519
-10.4162
-10.4778
-10.5353
-10.5876
-10.6337
-10.6731
-10.7054
-10.7304
-10.7479
-10.7578
-10.7598
-10.7538
-10.7396
-10.7171
-10.6861
-10.6466
-10.5984
-10.5415
-10.4757
-10.401
-10.317
-10.2236
-10.1204
-10.0074
-9.88415
-9.75058
-9.60651
-9.45183
-9.28645
-9.11037
-8.92365
-8.7264
-8.51881
-8.30115
-8.07379
-7.8372
-7.59195
-7.33871
-7.07824
-6.81133
-6.53882
-6.26158
-5.9805
-5.69651
-5.41066
-5.12405
-4.83782
-4.55323
-4.27169
-3.99481
-3.72429
-3.4616
-3.20736
-2.96177
-2.72512
-2.49783
-2.2803
-2.0728
-1.87556
-1.6886
-1.51189
-1.34512
-1.18807
-1.03973
-0.900122
-0.765911
-0.639636
-0.508084
-0.389846
-0.226339
-0.13182
-9.49718
-9.56875
-9.61857
-9.65594
-9.69198
-9.727
-9.76319
-9.79867
-9.83302
-9.86463
-9.8927
-9.91604
-9.93389
-9.94532
-9.94938
-9.94634
-9.9441
-9.94459
-9.95191
-9.9692
-9.99771
-10.0369
-10.085
-10.1395
-10.1984
-10.26
-10.3228
-10.3854
-10.4468
-10.5061
-10.5625
-10.6149
-10.662
-10.7028
-10.7369
-10.7639
-10.7838
-10.7964
-10.8016
-10.799
-10.7886
-10.77
-10.7433
-10.7081
-10.6644
-10.6122
-10.5513
-10.4816
-10.4029
-10.3151
-10.2178
-10.1109
-9.99416
-9.86729
-9.73015
-9.58259
-9.42452
-9.25589
-9.0767
-8.88702
-8.687
-8.47684
-8.25683
-8.02735
-7.7889
-7.54207
-7.28753
-7.02603
-6.75839
-6.48546
-6.2081
-5.92723
-5.64379
-5.35881
-5.07339
-4.78867
-4.50588
-4.2264
-3.95175
-3.68348
-3.42294
-3.17076
-2.92722
-2.69262
-2.46733
-2.25171
-2.046
-1.85039
-1.6649
-1.48946
-1.32376
-1.16758
-1.01986
-0.880738
-0.746633
-0.620697
-0.488664
-0.37234
-0.208003
-0.125394
-9.47743
-9.56799
-9.64424
-9.70184
-9.75351
-9.80313
-9.85284
-9.90056
-9.94562
-9.98639
-10.0223
-10.0526
-10.0768
-10.0939
-10.1042
-10.1052
-10.103
-10.1023
-10.1076
-10.1222
-10.1471
-10.1816
-10.2239
-10.2721
-10.3242
-10.3788
-10.4342
-10.4893
-10.5429
-10.5942
-10.6424
-10.6865
-10.7255
-10.7585
-10.7851
-10.805
-10.8181
-10.8243
-10.8233
-10.8149
-10.7989
-10.7751
-10.7433
-10.7033
-10.6551
-10.5985
-10.5334
-10.4596
-10.3769
-10.2851
-10.1841
-10.0736
-9.95325
-9.823
-9.68264
-9.53204
-9.37111
-9.19981
-9.01817
-8.82626
-8.62423
-8.41232
-8.19083
-7.96015
-7.72079
-7.47335
-7.21851
-6.95703
-6.68973
-6.41744
-6.14105
-5.86146
-5.57961
-5.29652
-5.01325
-4.73095
-4.4508
-4.17414
-3.90239
-3.637
-3.37918
-3.1296
-2.88857
-2.65638
-2.4334
-2.21994
-2.01623
-1.82242
-1.63852
-1.46448
-1.29994
-1.14472
-0.997738
-0.8592
-0.725381
-0.599969
-0.467927
-0.353713
-0.18995
-0.117956
-9.48464
-9.64759
-9.74448
-9.80499
-9.87102
-9.93392
-9.99143
-10.0446
-10.0934
-10.1364
-10.1724
-10.202
-10.2259
-10.2432
-10.254
-10.2586
-10.2549
-10.2511
-10.2525
-10.2623
-10.2814
-10.3092
-10.344
-10.384
-10.4277
-10.4736
-10.5202
-10.5662
-10.6108
-10.6533
-10.6928
-10.7284
-10.7591
-10.7843
-10.8034
-10.8163
-10.8228
-10.8226
-10.8155
-10.8013
-10.7798
-10.7507
-10.714
-10.6693
-10.6166
-10.5557
-10.4865
-10.4088
-10.3225
-10.2274
-10.1231
-10.0096
-9.88649
-9.75367
-9.61095
-9.45821
-9.29535
-9.12234
-8.93922
-8.74608
-8.54307
-8.33045
-8.10852
-7.87771
-7.63853
-7.39157
-7.13753
-6.87716
-6.61125
-6.34066
-6.06624
-5.78889
-5.50954
-5.22918
-4.94886
-4.66967
-4.39278
-4.11947
-3.85108
-3.58894
-3.33419
-3.0875
-2.8492
-2.6196
-2.39905
-2.18783
-1.98616
-1.79417
-1.61188
-1.43921
-1.27582
-1.12156
-0.975293
-0.837351
-0.703892
-0.579067
-0.447316
-0.335209
-0.172973
-0.110086
-9.44171
-9.67833
-9.91105
-9.99573
-10.0877
-10.1743
-10.2385
-10.2876
-10.326
-10.3542
-10.3739
-10.3865
-10.3925
-10.3931
-10.3891
-10.383
-10.3706
-10.3574
-10.3497
-10.3509
-10.3616
-10.381
-10.4076
-10.4397
-10.4755
-10.5135
-10.5521
-10.5903
-10.6271
-10.6621
-10.6943
-10.7228
-10.7467
-10.7653
-10.7781
-10.785
-10.7858
-10.7801
-10.7679
-10.7489
-10.7229
-10.6897
-10.6491
-10.6009
-10.5449
-10.481
-10.4091
-10.329
-10.2404
-10.1431
-10.0369
-9.92164
-9.79699
-9.66279
-9.51887
-9.36512
-9.20145
-9.02785
-8.84436
-8.65109
-8.44822
-8.23599
-8.01475
-7.78492
-7.54701
-7.30161
-7.04941
-6.79114
-6.5276
-6.25961
-5.98801
-5.71369
-5.43755
-5.16057
-4.88375
-4.60816
-4.33495
-4.06531
-3.80053
-3.54185
-3.29034
-3.04667
-2.81119
-2.58422
-2.36609
-2.15708
-1.9574
-1.76717
-1.5864
-1.41503
-1.25272
-1.09932
-0.95373
-0.816337
-0.683256
-0.559
-0.427742
-0.317576
-0.157551
-0.102171
)
;

boundaryField
{
    outlet
    {
        type            fixedValue;
        value           uniform 0;
    }
    inlet
    {
        type            zeroGradient;
    }
    lowerWall
    {
        type            zeroGradient;
    }
    upperWall
    {
        type            zeroGradient;
    }
    frontAndBack
    {
        type            empty;
    }
}


// ************************************************************************* //
