/*--------------------------------*- C++ -*----------------------------------*\
| =========                 |                                                 |
| \\      /  F ield         | OpenFOAM: The Open Source CFD Toolbox           |
|  \\    /   O peration     | Version:  4.1                                   |
|   \\  /    A nd           | Web:      www.OpenFOAM.org                      |
|    \\/     M anipulation  |                                                 |
\*---------------------------------------------------------------------------*/
FoamFile
{
    version     2.0;
    format      ascii;
    class       volScalarField;
    location    "1900";
    object      k;
}
// * * * * * * * * * * * * * * * * * * * * * * * * * * * * * * * * * * * * * //

dimensions      [0 2 -2 0 0 0 0];

internalField   nonuniform List<scalar> 
6820
(
0.257082
0.434211
0.59852
0.709382
0.778145
0.818049
0.838547
0.845896
0.844371
0.836963
0.825767
0.812247
0.797426
0.782015
0.766498
0.751201
0.736336
0.722036
0.708378
0.6954
0.683115
0.671515
0.660583
0.650294
0.640616
0.631518
0.622964
0.614924
0.607339
0.600295
0.593189
0.588696
0.574468
0.811277
1.44613
1.51874
1.38792
1.22323
1.07762
0.95922
0.864569
0.788642
0.727157
0.676842
0.635256
0.600578
0.571431
0.546763
0.525758
0.507776
0.49231
0.478954
0.467377
0.45731
0.448532
0.440859
0.434138
0.428241
0.423059
0.418502
0.414494
0.410968
0.407891
0.405164
0.402958
0.400711
0.368869
0.66416
0.797428
0.829397
0.816589
0.786286
0.750411
0.713991
0.679045
0.646311
0.616001
0.588103
0.562514
0.539088
0.517663
0.498078
0.480173
0.4638
0.44882
0.435107
0.422543
0.411025
0.400456
0.390751
0.381831
0.373626
0.366073
0.359115
0.352701
0.346788
0.341329
0.336304
0.331654
0.240027
0.336287
0.412169
0.460222
0.487105
0.500012
0.504037
0.502508
0.497533
0.490424
0.482012
0.472847
0.463295
0.453611
0.443967
0.434484
0.425242
0.416295
0.407676
0.399404
0.39149
0.383933
0.376731
0.369875
0.363356
0.357161
0.351278
0.345693
0.340393
0.335363
0.330591
0.326066
0.321766
0.214145
0.250649
0.284542
0.31208
0.332947
0.348027
0.358469
0.365345
0.369529
0.371681
0.372296
0.371745
0.370308
0.368203
0.365595
0.362617
0.359369
0.355934
0.352375
0.348743
0.345078
0.341412
0.33777
0.334171
0.330629
0.327158
0.323765
0.320456
0.317237
0.31411
0.311077
0.30814
0.305299
0.20564
0.221937
0.238617
0.25366
0.26644
0.276904
0.285273
0.29185
0.296935
0.300784
0.303614
0.305602
0.306896
0.307616
0.307861
0.307715
0.307247
0.306514
0.305564
0.304439
0.303172
0.301793
0.300325
0.29879
0.297204
0.295583
0.293939
0.292283
0.290623
0.288967
0.287321
0.285691
0.284083
0.202357
0.210378
0.219404
0.228106
0.235957
0.242783
0.248605
0.253515
0.257621
0.261027
0.263824
0.266097
0.267914
0.269339
0.270426
0.271218
0.271758
0.272079
0.272212
0.272183
0.272013
0.271725
0.271333
0.270855
0.270303
0.26969
0.269024
0.268315
0.267572
0.2668
0.266007
0.265198
0.264378
0.201008
0.2051
0.210232
0.215526
0.22054
0.225078
0.229098
0.232622
0.235689
0.238346
0.240635
0.242597
0.244268
0.245681
0.246866
0.247847
0.248648
0.249289
0.249788
0.250162
0.250425
0.25059
0.250668
0.250669
0.250602
0.250476
0.250298
0.250075
0.249811
0.249514
0.249188
0.248837
0.248465
0.200424
0.202508
0.205459
0.208754
0.21204
0.21513
0.217953
0.220495
0.222768
0.224789
0.22658
0.228159
0.229548
0.230765
0.231826
0.232746
0.23354
0.23422
0.234797
0.235281
0.235681
0.236006
0.236263
0.236459
0.2366
0.236691
0.236739
0.236747
0.236719
0.236661
0.236574
0.236463
0.236332
0.200163
0.201193
0.202864
0.204904
0.207067
0.20919
0.211193
0.213044
0.214736
0.216272
0.217659
0.218908
0.220029
0.221031
0.221926
0.222722
0.223428
0.224051
0.224599
0.225079
0.225496
0.225856
0.226165
0.226425
0.226643
0.226822
0.226965
0.227076
0.227158
0.227213
0.227245
0.227255
0.227247
0.200044
0.20052
0.201431
0.202661
0.20406
0.205505
0.206921
0.208268
0.209528
0.210694
0.211766
0.212747
0.213641
0.214454
0.215192
0.215859
0.21646
0.217002
0.217488
0.217924
0.218312
0.218657
0.218963
0.219232
0.219467
0.219672
0.219848
0.219999
0.220126
0.220232
0.220318
0.220387
0.22044
0.199989
0.200177
0.20064
0.201347
0.20222
0.203178
0.204159
0.205125
0.206054
0.206932
0.207754
0.208519
0.209227
0.209879
0.210478
0.211028
0.21153
0.211989
0.212406
0.212786
0.21313
0.213441
0.213722
0.213975
0.214201
0.214404
0.214584
0.214744
0.214885
0.215009
0.215117
0.21521
0.215291
0.199965
0.200004
0.200209
0.200585
0.201099
0.201706
0.202361
0.203034
0.203702
0.204351
0.204971
0.205559
0.206111
0.206627
0.207107
0.207553
0.207966
0.208347
0.208698
0.209021
0.209317
0.209589
0.209837
0.210063
0.21027
0.210457
0.210627
0.210781
0.21092
0.211046
0.211158
0.211259
0.211349
0.199954
0.199918
0.199979
0.20015
0.200426
0.200784
0.201198
0.201645
0.202107
0.20257
0.203025
0.203465
0.203886
0.204286
0.204664
0.205019
0.205352
0.205662
0.205951
0.20622
0.206469
0.2067
0.206913
0.20711
0.207291
0.207458
0.207611
0.207752
0.207881
0.207999
0.208108
0.208206
0.208296
0.199949
0.199877
0.199858
0.199908
0.20003
0.200217
0.200456
0.200733
0.201034
0.201348
0.201667
0.201984
0.202294
0.202594
0.202883
0.203158
0.203419
0.203665
0.203898
0.204116
0.204321
0.204512
0.20469
0.204857
0.205011
0.205155
0.205289
0.205413
0.205528
0.205634
0.205733
0.205824
0.205909
0.199947
0.199857
0.199796
0.199776
0.199803
0.199877
0.199994
0.200145
0.200323
0.20052
0.200729
0.200944
0.20116
0.201375
0.201586
0.201791
0.201988
0.202178
0.202358
0.20253
0.202693
0.202846
0.202991
0.203127
0.203256
0.203376
0.203488
0.203594
0.203693
0.203785
0.203872
0.203953
0.204029
0.199947
0.199847
0.199764
0.199706
0.199676
0.199679
0.199713
0.199776
0.199863
0.19997
0.200092
0.200224
0.200363
0.200506
0.200651
0.200794
0.200936
0.201074
0.201208
0.201337
0.201461
0.201579
0.201692
0.2018
0.201902
0.201999
0.202091
0.202177
0.202259
0.202337
0.20241
0.202479
0.202545
0.199946
0.199843
0.199749
0.199669
0.199608
0.199567
0.199548
0.19955
0.199573
0.199614
0.199669
0.199737
0.199814
0.199898
0.199986
0.200078
0.20017
0.200264
0.200356
0.200447
0.200536
0.200622
0.200705
0.200786
0.200864
0.200938
0.201009
0.201077
0.201142
0.201205
0.201264
0.201321
0.201375
0.199946
0.199841
0.199742
0.199651
0.199571
0.199505
0.199453
0.199417
0.199396
0.199389
0.199396
0.199415
0.199444
0.19948
0.199523
0.199572
0.199624
0.199678
0.199735
0.199792
0.199849
0.199907
0.199964
0.20002
0.200074
0.200128
0.20018
0.20023
0.200279
0.200326
0.200372
0.200417
0.200459
0.199946
0.19984
0.199739
0.199642
0.199553
0.199471
0.1994
0.19934
0.19929
0.199252
0.199225
0.199209
0.199201
0.199202
0.199209
0.199223
0.199242
0.199265
0.199291
0.19932
0.199351
0.199383
0.199416
0.19945
0.199485
0.199519
0.199554
0.199588
0.199622
0.199655
0.199688
0.199721
0.199753
0.199946
0.19984
0.199737
0.199638
0.199543
0.199454
0.199372
0.199297
0.19923
0.199172
0.199122
0.199081
0.199048
0.199022
0.199003
0.198991
0.198984
0.198982
0.198984
0.198989
0.198998
0.19901
0.199023
0.199039
0.199056
0.199074
0.199093
0.199113
0.199134
0.199156
0.199177
0.199199
0.199221
0.199946
0.19984
0.199736
0.199635
0.199538
0.199445
0.199356
0.199273
0.199196
0.199125
0.199061
0.199004
0.198954
0.198911
0.198873
0.198842
0.198817
0.198796
0.19878
0.198768
0.19876
0.198755
0.198753
0.198754
0.198757
0.198763
0.19877
0.198778
0.198788
0.198799
0.198812
0.198825
0.198839
0.199946
0.19984
0.199736
0.199634
0.199536
0.19944
0.199349
0.199261
0.199178
0.1991
0.199028
0.198962
0.198901
0.198846
0.198798
0.198754
0.198716
0.198683
0.198655
0.198631
0.198611
0.198595
0.198583
0.198573
0.198567
0.198562
0.198561
0.198561
0.198563
0.198567
0.198572
0.198578
0.198586
0.199946
0.19984
0.199735
0.199634
0.199534
0.199438
0.199345
0.199255
0.19917
0.199089
0.199013
0.198942
0.198876
0.198816
0.198761
0.198711
0.198667
0.198628
0.198593
0.198563
0.198537
0.198514
0.198496
0.198481
0.198468
0.198459
0.198452
0.198447
0.198445
0.198444
0.198446
0.198448
0.198452
0.199946
0.19984
0.199735
0.199633
0.199534
0.199437
0.199344
0.199254
0.199168
0.199087
0.19901
0.198939
0.198873
0.198812
0.198756
0.198706
0.198661
0.198621
0.198586
0.198554
0.198528
0.198505
0.198485
0.198469
0.198456
0.198446
0.198438
0.198433
0.198429
0.198428
0.198428
0.19843
0.198433
0.199946
0.19984
0.199735
0.199634
0.199534
0.199438
0.199346
0.199257
0.199174
0.199095
0.199022
0.198954
0.198892
0.198836
0.198785
0.19874
0.1987
0.198665
0.198635
0.198609
0.198587
0.198569
0.198554
0.198542
0.198533
0.198527
0.198523
0.198521
0.19852
0.198522
0.198524
0.198529
0.198534
0.199946
0.19984
0.199736
0.199635
0.199537
0.199442
0.199353
0.199269
0.19919
0.199118
0.199053
0.198995
0.198943
0.198898
0.198858
0.198825
0.198797
0.198774
0.198756
0.198741
0.19873
0.198723
0.198718
0.198716
0.198716
0.198718
0.198722
0.198728
0.198734
0.198742
0.19875
0.19876
0.19877
0.199946
0.19984
0.199737
0.199637
0.199542
0.199453
0.19937
0.199295
0.199228
0.19917
0.199121
0.199079
0.199046
0.19902
0.199001
0.198988
0.19898
0.198977
0.198978
0.198982
0.198989
0.198998
0.19901
0.199023
0.199037
0.199052
0.199068
0.199085
0.199102
0.199119
0.199136
0.199153
0.199171
0.199946
0.199841
0.19974
0.199645
0.199557
0.199478
0.19941
0.199354
0.199309
0.199277
0.199255
0.199244
0.199241
0.199247
0.199259
0.199277
0.199299
0.199325
0.199353
0.199384
0.199416
0.199448
0.199481
0.199514
0.199547
0.199579
0.199611
0.199642
0.199672
0.199701
0.199729
0.199756
0.199782
0.199947
0.199844
0.199749
0.199664
0.199592
0.199537
0.199499
0.19948
0.199477
0.199489
0.199515
0.199553
0.199599
0.199652
0.19971
0.199772
0.199836
0.199901
0.199965
0.20003
0.200092
0.200154
0.200213
0.20027
0.200324
0.200376
0.200426
0.200473
0.200518
0.20056
0.200599
0.200637
0.200672
0.199948
0.199852
0.19977
0.199711
0.199677
0.199673
0.199697
0.199746
0.199818
0.199907
0.20001
0.200122
0.200239
0.20036
0.20048
0.2006
0.200717
0.20083
0.200939
0.201043
0.201141
0.201234
0.201322
0.201405
0.201482
0.201554
0.201622
0.201685
0.201743
0.201797
0.201848
0.201894
0.201937
0.199951
0.199872
0.199828
0.199831
0.199884
0.199985
0.200128
0.200302
0.200499
0.20071
0.200928
0.201146
0.201361
0.201569
0.201768
0.201958
0.202136
0.202304
0.20246
0.202605
0.20274
0.202865
0.20298
0.203087
0.203184
0.203274
0.203356
0.203431
0.2035
0.203562
0.203619
0.203671
0.203718
0.19996
0.199932
0.199988
0.200141
0.200383
0.200695
0.201055
0.20144
0.201833
0.202222
0.202597
0.202954
0.203288
0.203598
0.203885
0.204149
0.20439
0.204611
0.204811
0.204994
0.205159
0.205309
0.205445
0.205567
0.205677
0.205777
0.205866
0.205946
0.206017
0.20608
0.206137
0.206186
0.20623
0.19999
0.200113
0.200438
0.200945
0.201582
0.202288
0.203012
0.20372
0.20439
0.205011
0.205578
0.206091
0.206552
0.206965
0.207333
0.207661
0.207953
0.208212
0.208442
0.208646
0.208826
0.208985
0.209126
0.209249
0.209357
0.209451
0.209533
0.209603
0.209664
0.209715
0.209757
0.209792
0.20982
0.200097
0.200698
0.201729
0.20303
0.20443
0.205804
0.207078
0.208222
0.209229
0.210107
0.210866
0.211521
0.212084
0.212568
0.212984
0.213341
0.213647
0.21391
0.214135
0.214327
0.21449
0.214628
0.214743
0.214839
0.214917
0.214979
0.215028
0.215064
0.215089
0.215104
0.215111
0.215109
0.2151
0.200521
0.202675
0.205525
0.20847
0.211189
0.21355
0.215527
0.217152
0.218476
0.219552
0.220424
0.221131
0.221704
0.222168
0.222543
0.222845
0.223086
0.223277
0.223425
0.223537
0.223617
0.223671
0.223702
0.223713
0.223707
0.223684
0.223649
0.223601
0.223542
0.223475
0.223398
0.223315
0.223225
0.202177
0.209422
0.217079
0.223316
0.228003
0.231437
0.233925
0.235719
0.23701
0.237936
0.238593
0.239054
0.239367
0.239569
0.239685
0.239733
0.239727
0.239676
0.239588
0.239469
0.239324
0.239157
0.238971
0.238768
0.23855
0.23832
0.23808
0.23783
0.237573
0.237308
0.237039
0.236764
0.236486
0.208503
0.227596
0.245316
0.25869
0.267554
0.272837
0.275658
0.27695
0.277338
0.277195
0.276744
0.276116
0.275385
0.274596
0.273774
0.272932
0.27208
0.271221
0.270359
0.269495
0.268631
0.267768
0.266908
0.266051
0.265198
0.264351
0.263511
0.262678
0.261853
0.261037
0.260232
0.259437
0.258653
0.248308
0.315061
0.34816
0.362157
0.367118
0.367958
0.366701
0.364185
0.360865
0.357053
0.352965
0.348753
0.344525
0.340356
0.336297
0.332383
0.328633
0.32506
0.321669
0.318461
0.315432
0.312577
0.309891
0.307366
0.304994
0.302768
0.30068
0.298722
0.296886
0.295167
0.293555
0.292046
0.290632
0.205354
0.221127
0.238043
0.254121
0.268995
0.282971
0.296258
0.308938
0.321054
0.332632
0.343696
0.354264
0.36435
0.373971
0.38314
0.391874
0.400187
0.408094
0.415611
0.422753
0.429535
0.435971
0.442078
0.447869
0.453358
0.45856
0.463488
0.468156
0.472575
0.476758
0.480716
0.484461
0.488009
0.618299
0.69443
0.816662
0.96613
1.1313
1.29982
1.46295
1.61359
1.74591
1.85588
1.94197
2.00524
2.04868
2.07631
2.09225
2.10005
2.10242
2.10118
2.09745
2.09187
2.0848
2.07648
2.06712
2.05689
2.04594
2.03438
2.02226
2.00956
1.99623
1.98215
1.9672
1.95122
1.93406
1.91555
1.89553
1.87387
1.85042
1.82509
1.79779
1.76847
1.7371
1.7037
1.66832
1.63105
1.59202
1.55139
1.50938
1.46622
1.4222
1.37763
1.33283
1.28814
1.24394
1.20056
1.15835
1.11765
1.07876
1.04195
1.00746
0.975483
0.946177
0.919649
0.895965
0.87515
0.857191
0.842044
0.829633
0.819859
0.812605
0.807738
0.805113
0.804577
0.805972
0.809131
0.813887
0.820064
0.827485
0.83597
0.845336
0.855398
0.865974
0.876882
0.887947
0.898999
0.909878
0.920434
0.930529
0.940037
0.948847
0.95686
0.963991
0.970167
0.975332
0.97943
0.982446
0.984313
0.985135
0.984658
0.983695
0.980434
0.399207
0.404198
0.417507
0.441622
0.477222
0.524783
0.5842
0.654778
0.735204
0.823619
0.917638
1.01443
1.11089
1.20388
1.29056
1.36867
1.43672
1.49408
1.5409
1.57792
1.60627
1.62718
1.64185
1.65134
1.6565
1.65803
1.65644
1.65214
1.64543
1.63653
1.6256
1.61275
1.59804
1.58153
1.56322
1.54313
1.52126
1.49763
1.47225
1.44516
1.41641
1.38608
1.35427
1.32111
1.28676
1.2514
1.21524
1.17853
1.14151
1.10445
1.06763
1.03134
0.995868
0.96148
0.928439
0.896982
0.867324
0.839649
0.814108
0.79082
0.769869
0.751306
0.735152
0.721397
0.710008
0.700931
0.694092
0.689406
0.686774
0.68609
0.687243
0.690117
0.694591
0.700542
0.70784
0.716354
0.725945
0.736471
0.747783
0.759729
0.772156
0.784907
0.797825
0.810759
0.823559
0.836084
0.848199
0.859782
0.870717
0.880903
0.890248
0.898672
0.906109
0.912497
0.91781
0.921977
0.925081
0.926895
0.928051
0.927838
0.326708
0.321613
0.317088
0.313616
0.31192
0.312761
0.316667
0.324284
0.336493
0.354172
0.378147
0.409097
0.447424
0.493122
0.545663
0.603947
0.666349
0.730854
0.79528
0.857523
0.915782
0.968704
1.01545
1.05566
1.08937
1.11689
1.13867
1.15525
1.16716
1.17488
1.17884
1.17941
1.17689
1.17155
1.16361
1.15327
1.14069
1.12604
1.10945
1.09107
1.07104
1.04953
1.02668
1.00268
0.9777
0.951946
0.925626
0.898959
0.872172
0.845497
0.819163
0.793398
0.768418
0.74443
0.721621
0.700158
0.680188
0.66183
0.645183
0.630315
0.617275
0.606086
0.596753
0.589261
0.58358
0.579667
0.57747
0.576929
0.577978
0.580545
0.584558
0.589941
0.596614
0.604496
0.613498
0.62353
0.634492
0.646279
0.658779
0.671873
0.685435
0.699334
0.713438
0.727611
0.741718
0.755627
0.76921
0.782346
0.794919
0.806824
0.817964
0.82825
0.83761
0.845971
0.853295
0.859507
0.864668
0.868574
0.871678
0.874308
0.317034
0.311838
0.306763
0.301844
0.297174
0.292876
0.289096
0.285976
0.283653
0.282369
0.282429
0.284203
0.288113
0.294624
0.304206
0.317292
0.334217
0.355153
0.380048
0.408591
0.440205
0.47408
0.509242
0.544646
0.579277
0.612233
0.642781
0.670386
0.694711
0.715588
0.732987
0.746976
0.757691
0.765305
0.770011
0.772009
0.771499
0.768676
0.763735
0.756862
0.748245
0.73807
0.726523
0.713795
0.700075
0.685559
0.670443
0.654921
0.639191
0.623444
0.607866
0.592634
0.577916
0.563865
0.55062
0.538302
0.527016
0.516848
0.507867
0.500123
0.493653
0.488477
0.484603
0.482028
0.480739
0.480718
0.481937
0.484367
0.487976
0.492726
0.498582
0.505504
0.513449
0.522372
0.532223
0.542946
0.554478
0.566749
0.579679
0.59318
0.607156
0.621502
0.636107
0.650855
0.665628
0.680304
0.694764
0.70889
0.722567
0.735688
0.748152
0.759864
0.770741
0.780703
0.789699
0.797648
0.804588
0.810338
0.815175
0.820381
0.302101
0.298521
0.294967
0.291428
0.287905
0.284416
0.280994
0.277677
0.274506
0.271525
0.268797
0.2664
0.26443
0.263008
0.262279
0.262414
0.263601
0.266042
0.269938
0.275466
0.282762
0.291898
0.302858
0.31553
0.329703
0.345076
0.361278
0.377894
0.394496
0.410675
0.426058
0.440335
0.453257
0.464646
0.474386
0.482421
0.48874
0.493372
0.496376
0.497837
0.497856
0.496551
0.494049
0.490485
0.486001
0.480744
0.474861
0.468501
0.461812
0.454939
0.448019
0.441186
0.434563
0.428265
0.422394
0.417042
0.41229
0.408204
0.404842
0.402249
0.40046
0.399501
0.399391
0.400142
0.401757
0.404239
0.407586
0.411791
0.416848
0.422749
0.429483
0.43704
0.445405
0.454563
0.464491
0.475164
0.486548
0.498601
0.511275
0.524509
0.538234
0.55237
0.566831
0.581519
0.596334
0.611168
0.625912
0.640454
0.654685
0.668496
0.681783
0.694447
0.706399
0.717549
0.727835
0.737168
0.745566
0.752865
0.75918
0.766635
0.282232
0.280117
0.277974
0.275797
0.273576
0.271314
0.269021
0.26671
0.264397
0.262099
0.259835
0.257625
0.255493
0.253469
0.251589
0.249897
0.248444
0.247292
0.246513
0.246184
0.246387
0.247202
0.248705
0.250954
0.25399
0.257823
0.262432
0.267761
0.273719
0.280186
0.287017
0.294052
0.301123
0.308068
0.314735
0.320989
0.326717
0.331832
0.336272
0.339999
0.342999
0.345281
0.346869
0.347806
0.348148
0.347959
0.347314
0.346294
0.344983
0.343467
0.34183
0.340158
0.338531
0.337026
0.335713
0.334658
0.33392
0.333551
0.333597
0.334097
0.335084
0.336588
0.33863
0.341231
0.344405
0.348167
0.352526
0.357492
0.363073
0.369279
0.376114
0.383587
0.391702
0.400461
0.409865
0.419908
0.430579
0.441861
0.453729
0.466147
0.47907
0.492443
0.506202
0.520272
0.534569
0.549002
0.563477
0.57789
0.592139
0.606119
0.619727
0.632861
0.645426
0.657328
0.668494
0.678828
0.688326
0.696845
0.704347
0.713673
0.26341
0.262273
0.261093
0.259864
0.258581
0.257242
0.255849
0.254408
0.252928
0.251417
0.249884
0.248337
0.246785
0.245239
0.243708
0.242205
0.240745
0.239346
0.238031
0.236823
0.235754
0.234856
0.234164
0.233714
0.233541
0.233677
0.234146
0.234967
0.236145
0.237676
0.23954
0.241708
0.244136
0.246774
0.249562
0.252439
0.255341
0.258208
0.260984
0.263622
0.266082
0.268336
0.270365
0.272162
0.273729
0.275078
0.276228
0.277207
0.278048
0.278789
0.279469
0.280132
0.280821
0.281579
0.282447
0.283467
0.284677
0.28611
0.287801
0.289777
0.292065
0.294689
0.29767
0.301026
0.304774
0.308931
0.31351
0.318527
0.323996
0.329931
0.336349
0.343263
0.35069
0.358642
0.367132
0.376169
0.385759
0.395901
0.406589
0.417807
0.429533
0.441734
0.454365
0.467375
0.480699
0.494266
0.507994
0.521797
0.53558
0.549247
0.562699
0.575836
0.588561
0.600778
0.612404
0.623342
0.633566
0.642949
0.651324
0.662104
0.248007
0.247449
0.246849
0.246204
0.245509
0.244761
0.243961
0.243112
0.242218
0.241282
0.240312
0.23931
0.238283
0.237235
0.23617
0.235093
0.234008
0.232923
0.231844
0.230779
0.22974
0.228739
0.22779
0.226908
0.226113
0.225421
0.22485
0.224419
0.224141
0.22403
0.224094
0.224336
0.224756
0.225348
0.2261
0.226999
0.228025
0.229158
0.230376
0.231655
0.232976
0.234318
0.235666
0.237009
0.238336
0.239647
0.24094
0.242222
0.243502
0.244792
0.246108
0.247469
0.248895
0.250405
0.252022
0.253768
0.255664
0.25773
0.259986
0.26245
0.265139
0.268069
0.271255
0.27471
0.278449
0.282484
0.286829
0.291497
0.296503
0.301862
0.307592
0.31371
0.320235
0.327185
0.334579
0.342434
0.350766
0.359587
0.368902
0.378714
0.389017
0.399796
0.411029
0.422681
0.43471
0.447064
0.459678
0.472483
0.485399
0.49834
0.511216
0.523934
0.536399
0.548515
0.560197
0.571345
0.581918
0.591802
0.600725
0.612517
0.236153
0.235917
0.235646
0.235338
0.234989
0.234597
0.234161
0.233682
0.233162
0.232604
0.232011
0.231386
0.230732
0.230053
0.22935
0.228627
0.227884
0.227126
0.226354
0.225573
0.224785
0.223996
0.223212
0.22244
0.221688
0.220964
0.22028
0.219645
0.21907
0.218566
0.218142
0.217807
0.217569
0.217433
0.217404
0.217481
0.217666
0.217955
0.218345
0.218831
0.219407
0.220066
0.220805
0.221617
0.222498
0.223447
0.224462
0.225545
0.226698
0.227926
0.229236
0.230635
0.232133
0.233738
0.235461
0.237314
0.239306
0.241449
0.243752
0.246226
0.248879
0.251722
0.254761
0.258006
0.261464
0.265146
0.269059
0.273215
0.277626
0.282305
0.287267
0.292529
0.298109
0.304028
0.310305
0.316961
0.324017
0.331491
0.3394
0.347755
0.356563
0.365827
0.375538
0.385682
0.396234
0.407161
0.418419
0.429954
0.441705
0.4536
0.465562
0.477507
0.489349
0.500996
0.512365
0.523356
0.533917
0.54395
0.553097
0.565455
0.227215
0.227153
0.227063
0.226944
0.226793
0.226608
0.226388
0.226134
0.225845
0.225525
0.225174
0.224794
0.224389
0.223961
0.22351
0.223039
0.222549
0.222042
0.221519
0.220981
0.220431
0.21987
0.219301
0.218727
0.218152
0.217582
0.21702
0.216473
0.215947
0.21545
0.214989
0.21457
0.214202
0.213891
0.213643
0.213464
0.213359
0.213332
0.213387
0.213526
0.21375
0.214062
0.214461
0.21495
0.215528
0.216197
0.216959
0.217816
0.21877
0.219824
0.220982
0.222248
0.223627
0.225125
0.226745
0.228494
0.230376
0.232395
0.234558
0.236867
0.239326
0.24194
0.244711
0.247643
0.250741
0.254008
0.257451
0.261076
0.264891
0.268906
0.273135
0.27759
0.282288
0.287248
0.292488
0.298031
0.303898
0.31011
0.316688
0.323652
0.331016
0.338793
0.346988
0.355602
0.364624
0.37404
0.383822
0.393936
0.404338
0.414973
0.425778
0.436685
0.447617
0.458493
0.469234
0.479746
0.489972
0.499827
0.508898
0.521388
0.220482
0.220511
0.220518
0.220503
0.220463
0.220398
0.220305
0.220184
0.220037
0.219863
0.219665
0.219444
0.219201
0.218938
0.218656
0.218358
0.218044
0.217715
0.217372
0.217017
0.21665
0.216272
0.215885
0.21549
0.21509
0.214687
0.214284
0.213884
0.213491
0.213109
0.212745
0.212402
0.212086
0.211803
0.21156
0.211361
0.211213
0.211121
0.211091
0.211126
0.211233
0.211416
0.211678
0.212024
0.212456
0.212979
0.213597
0.214312
0.215128
0.216048
0.217075
0.218213
0.219465
0.220834
0.222323
0.223933
0.225667
0.227527
0.229513
0.231625
0.233865
0.236232
0.238726
0.241347
0.244096
0.246973
0.249982
0.253124
0.256406
0.259833
0.263416
0.267164
0.271092
0.275214
0.279549
0.284115
0.288934
0.294027
0.299417
0.305126
0.311174
0.317579
0.324355
0.331513
0.339056
0.346981
0.355279
0.363931
0.372907
0.382172
0.391681
0.401377
0.411201
0.421082
0.430951
0.440725
0.450344
0.459739
0.468465
0.480692
0.215369
0.215443
0.2155
0.215541
0.215562
0.215564
0.215545
0.215504
0.215442
0.21536
0.215257
0.215136
0.214998
0.214845
0.214676
0.214495
0.214301
0.214096
0.21388
0.213655
0.213422
0.21318
0.212932
0.212678
0.212419
0.212157
0.211894
0.211632
0.211373
0.211121
0.210878
0.210649
0.210438
0.210249
0.210086
0.209956
0.209862
0.209811
0.209808
0.209858
0.209966
0.210138
0.210379
0.210693
0.211086
0.211562
0.212125
0.21278
0.213531
0.214381
0.215333
0.21639
0.217555
0.218829
0.220214
0.221711
0.22332
0.225041
0.226872
0.228812
0.230858
0.233008
0.23526
0.237611
0.240059
0.242603
0.245241
0.247974
0.250805
0.253738
0.256778
0.259933
0.263213
0.266632
0.270204
0.273945
0.277875
0.282014
0.286383
0.291005
0.295903
0.301096
0.306604
0.312443
0.318627
0.325161
0.332048
0.339283
0.346851
0.354731
0.362894
0.371301
0.379905
0.388653
0.397485
0.406332
0.415136
0.423844
0.432004
0.443626
0.211442
0.211535
0.211616
0.211684
0.211738
0.211777
0.2118
0.211806
0.211795
0.211769
0.211727
0.21167
0.211601
0.211519
0.211426
0.211323
0.211211
0.211091
0.210964
0.210832
0.210694
0.210551
0.210405
0.210256
0.210105
0.209953
0.209802
0.209654
0.209509
0.209371
0.209241
0.209123
0.20902
0.208934
0.208871
0.208833
0.208826
0.208854
0.208922
0.209035
0.209197
0.209415
0.209693
0.210036
0.21045
0.210938
0.211506
0.212157
0.212896
0.213726
0.214651
0.215672
0.216792
0.218012
0.219333
0.220754
0.222274
0.223891
0.225604
0.227408
0.2293
0.231277
0.233333
0.235464
0.237666
0.239937
0.242272
0.244671
0.247133
0.24966
0.252256
0.254925
0.257675
0.260516
0.26346
0.266521
0.269715
0.27306
0.276576
0.280284
0.284205
0.288362
0.292775
0.297463
0.302445
0.307733
0.313337
0.319262
0.325506
0.33206
0.338908
0.346025
0.353381
0.360935
0.368642
0.376446
0.384297
0.392154
0.399582
0.410326
0.208391
0.20849
0.20858
0.208659
0.208728
0.208786
0.208831
0.208864
0.208884
0.208891
0.208887
0.208872
0.208846
0.208811
0.208769
0.208719
0.208663
0.208602
0.208538
0.20847
0.2084
0.208329
0.208257
0.208185
0.208115
0.208047
0.207983
0.207923
0.20787
0.207825
0.20779
0.207767
0.207759
0.207768
0.207799
0.207853
0.207936
0.208051
0.208201
0.208392
0.208629
0.208915
0.209255
0.209655
0.210118
0.21065
0.211254
0.211935
0.212695
0.21354
0.21447
0.215488
0.216596
0.217793
0.219081
0.220457
0.221921
0.223468
0.225097
0.226801
0.228578
0.23042
0.232323
0.234281
0.236289
0.238341
0.240434
0.242564
0.244729
0.246929
0.249166
0.251442
0.253763
0.256136
0.258571
0.261078
0.263672
0.266367
0.269183
0.272136
0.275248
0.278538
0.282029
0.285739
0.289689
0.293895
0.298372
0.303131
0.308178
0.313513
0.319132
0.325022
0.331165
0.337534
0.344097
0.350812
0.357637
0.364546
0.371134
0.380804
0.205999
0.206095
0.206184
0.206266
0.20634
0.206405
0.206461
0.206508
0.206545
0.206573
0.206592
0.206602
0.206605
0.206601
0.206592
0.206578
0.206561
0.206541
0.20652
0.206498
0.206476
0.206456
0.206438
0.206424
0.206413
0.206408
0.206409
0.206418
0.206436
0.206464
0.206505
0.206559
0.206631
0.206721
0.206833
0.20697
0.207134
0.20733
0.20756
0.207829
0.208141
0.2085
0.20891
0.209376
0.2099
0.210488
0.211143
0.211869
0.212669
0.213546
0.214501
0.215536
0.216652
0.217849
0.219126
0.220481
0.221913
0.223416
0.224987
0.226621
0.228311
0.230053
0.231838
0.233662
0.235516
0.237396
0.239295
0.241211
0.243139
0.245077
0.247026
0.248986
0.250962
0.252958
0.254982
0.257043
0.259152
0.261322
0.263568
0.265906
0.268355
0.270934
0.273661
0.276556
0.279639
0.282929
0.286441
0.29019
0.294188
0.298441
0.302952
0.307719
0.312732
0.317977
0.323433
0.329071
0.334858
0.34078
0.346475
0.354952
0.204111
0.204199
0.204283
0.204361
0.204433
0.2045
0.204559
0.204612
0.204657
0.204696
0.204728
0.204755
0.204776
0.204792
0.204805
0.204815
0.204824
0.204832
0.204841
0.204852
0.204865
0.204881
0.204902
0.204929
0.204963
0.205004
0.205055
0.205115
0.205188
0.205273
0.205373
0.20549
0.205625
0.205782
0.205961
0.206167
0.206401
0.206667
0.206969
0.207309
0.20769
0.208118
0.208595
0.209125
0.209711
0.210358
0.211068
0.211845
0.21269
0.213606
0.214595
0.215657
0.216793
0.218002
0.219282
0.220631
0.222046
0.223522
0.225055
0.226639
0.228266
0.229931
0.231626
0.233345
0.235078
0.236821
0.238567
0.240311
0.242048
0.243777
0.245494
0.247201
0.2489
0.250593
0.252287
0.253989
0.255708
0.257454
0.259241
0.261083
0.262995
0.264994
0.267097
0.269324
0.271691
0.274218
0.27692
0.279815
0.282915
0.286232
0.289774
0.293543
0.297539
0.301756
0.306182
0.310799
0.315584
0.320531
0.325328
0.332566
0.202616
0.202694
0.202769
0.20284
0.202907
0.20297
0.203028
0.203082
0.20313
0.203174
0.203214
0.203249
0.203281
0.20331
0.203337
0.203363
0.20339
0.203417
0.203447
0.20348
0.203517
0.20356
0.203609
0.203666
0.203732
0.203808
0.203895
0.203994
0.204108
0.204237
0.204383
0.204548
0.204734
0.204943
0.205177
0.205438
0.20573
0.206055
0.206417
0.206817
0.207259
0.207747
0.208283
0.208872
0.209515
0.210217
0.210979
0.211804
0.212694
0.213651
0.214676
0.215768
0.216928
0.218153
0.219443
0.220793
0.222201
0.22366
0.225167
0.226713
0.228293
0.229899
0.231524
0.233158
0.234796
0.236429
0.238051
0.239656
0.24124
0.242798
0.244329
0.245832
0.247307
0.248757
0.250186
0.251599
0.253004
0.254411
0.255829
0.257271
0.25875
0.260282
0.26188
0.263563
0.265346
0.267246
0.26928
0.271463
0.273811
0.276335
0.279046
0.281952
0.285057
0.288361
0.291859
0.295542
0.299395
0.303418
0.307352
0.313365
0.201435
0.201501
0.201565
0.201627
0.201687
0.201744
0.201798
0.201849
0.201897
0.201942
0.201984
0.202023
0.202061
0.202097
0.202134
0.20217
0.202208
0.202248
0.202292
0.202341
0.202395
0.202456
0.202525
0.202604
0.202693
0.202793
0.202907
0.203035
0.203179
0.203341
0.203522
0.203724
0.203948
0.204198
0.204474
0.20478
0.205118
0.205491
0.2059
0.20635
0.206842
0.20738
0.207967
0.208605
0.209297
0.210046
0.210854
0.211722
0.212652
0.213646
0.214703
0.215823
0.217005
0.218247
0.219547
0.220901
0.222305
0.223753
0.225239
0.226757
0.228298
0.229856
0.231422
0.232988
0.234546
0.236089
0.23761
0.239101
0.240559
0.241979
0.243358
0.244694
0.245988
0.247241
0.248455
0.249636
0.25079
0.251923
0.253045
0.254166
0.255299
0.256454
0.257647
0.258891
0.260201
0.261592
0.26308
0.264679
0.266404
0.268268
0.270282
0.272456
0.274797
0.27731
0.279994
0.282846
0.28586
0.289036
0.292168
0.297018
0.200507
0.200561
0.200614
0.200666
0.200717
0.200767
0.200815
0.200861
0.200906
0.20095
0.200991
0.201032
0.201072
0.201113
0.201154
0.201196
0.201242
0.20129
0.201343
0.201402
0.201468
0.201541
0.201624
0.201717
0.201822
0.20194
0.202073
0.202222
0.202388
0.202573
0.202779
0.203008
0.203261
0.203541
0.20385
0.20419
0.204563
0.204972
0.205419
0.205907
0.206439
0.207017
0.207643
0.208321
0.209052
0.209839
0.210683
0.211587
0.212549
0.213573
0.214656
0.215798
0.216998
0.218254
0.219561
0.220917
0.222316
0.223752
0.22522
0.226711
0.228218
0.229734
0.23125
0.232757
0.234247
0.235713
0.237148
0.238544
0.239897
0.241201
0.242454
0.243653
0.244799
0.24589
0.246931
0.247924
0.248873
0.249787
0.250671
0.251535
0.252389
0.253244
0.254111
0.255003
0.255933
0.256914
0.25796
0.259085
0.260302
0.261623
0.26306
0.264624
0.266323
0.268163
0.270149
0.27228
0.274555
0.276976
0.279386
0.283167
0.199789
0.199831
0.199873
0.199915
0.199957
0.199998
0.20004
0.200081
0.200121
0.200161
0.200201
0.200241
0.200282
0.200324
0.200367
0.200413
0.200462
0.200515
0.200574
0.200639
0.200712
0.200793
0.200885
0.200988
0.201103
0.201233
0.201378
0.20154
0.201721
0.201923
0.202146
0.202394
0.202667
0.202969
0.2033
0.203664
0.204062
0.204498
0.204972
0.205488
0.206049
0.206656
0.207312
0.208019
0.208779
0.209594
0.210465
0.211394
0.21238
0.213424
0.214525
0.215682
0.216893
0.218155
0.219464
0.220816
0.222207
0.223628
0.225075
0.226539
0.228013
0.229489
0.230957
0.23241
0.23384
0.235237
0.236596
0.23791
0.239172
0.240378
0.241524
0.242609
0.24363
0.244589
0.245487
0.246326
0.24711
0.247846
0.248538
0.249196
0.249827
0.250441
0.251048
0.251658
0.252284
0.252937
0.253629
0.254371
0.255177
0.256057
0.257023
0.258085
0.259252
0.260531
0.261928
0.263445
0.265085
0.26685
0.268626
0.27145
0.199247
0.199278
0.199309
0.199342
0.199375
0.199409
0.199444
0.199479
0.199514
0.19955
0.199587
0.199625
0.199665
0.199706
0.19975
0.199797
0.199848
0.199903
0.199965
0.200033
0.20011
0.200196
0.200292
0.200401
0.200522
0.200658
0.200811
0.200981
0.201171
0.201382
0.201616
0.201875
0.202161
0.202476
0.202822
0.203201
0.203616
0.204068
0.20456
0.205095
0.205674
0.2063
0.206975
0.207701
0.20848
0.209312
0.2102
0.211143
0.212142
0.213197
0.214306
0.215469
0.216681
0.217941
0.219244
0.220586
0.221961
0.223363
0.224784
0.226218
0.227656
0.22909
0.230511
0.231911
0.233282
0.234616
0.235905
0.237144
0.238325
0.239444
0.240498
0.241484
0.242401
0.243248
0.244026
0.244738
0.245387
0.245977
0.246515
0.247006
0.247458
0.247879
0.248278
0.248664
0.249047
0.249438
0.249847
0.250284
0.25076
0.251285
0.25187
0.252524
0.253256
0.254073
0.254982
0.255986
0.25709
0.258296
0.259527
0.261516
0.198856
0.198877
0.198899
0.198924
0.198949
0.198976
0.199005
0.199034
0.199065
0.199097
0.199131
0.199166
0.199204
0.199244
0.199287
0.199333
0.199384
0.19944
0.199503
0.199572
0.19965
0.199737
0.199836
0.199946
0.20007
0.200208
0.200364
0.200537
0.200731
0.200946
0.201185
0.201449
0.20174
0.202062
0.202414
0.202801
0.203223
0.203684
0.204185
0.204728
0.205317
0.205952
0.206636
0.20737
0.208156
0.208996
0.209889
0.210836
0.211838
0.212892
0.213999
0.215156
0.21636
0.217608
0.218896
0.220218
0.22157
0.222944
0.224333
0.22573
0.227126
0.228515
0.229886
0.231232
0.232544
0.233815
0.235038
0.236205
0.237311
0.238351
0.239322
0.240221
0.241046
0.241796
0.242473
0.243078
0.243614
0.244085
0.244495
0.244851
0.245158
0.245425
0.245657
0.245865
0.246055
0.246237
0.246421
0.246615
0.246828
0.24707
0.24735
0.247676
0.248056
0.248497
0.249007
0.249589
0.250248
0.250985
0.251757
0.253031
0.198597
0.198611
0.198626
0.198644
0.198664
0.198685
0.198709
0.198734
0.19876
0.198789
0.198819
0.198852
0.198887
0.198925
0.198967
0.199012
0.199062
0.199117
0.199179
0.199247
0.199324
0.199411
0.199508
0.199617
0.19974
0.199878
0.200032
0.200205
0.200397
0.200612
0.20085
0.201113
0.201404
0.201725
0.202077
0.202464
0.202886
0.203347
0.203848
0.204392
0.20498
0.205614
0.206297
0.20703
0.207813
0.208648
0.209536
0.210476
0.211468
0.212512
0.213605
0.214745
0.215929
0.217155
0.218416
0.219709
0.221027
0.222363
0.223712
0.225064
0.226412
0.227749
0.229065
0.230352
0.231603
0.232809
0.233964
0.235061
0.236095
0.23706
0.237953
0.238772
0.239514
0.240179
0.240767
0.241279
0.241719
0.242089
0.242394
0.242639
0.242828
0.242969
0.243068
0.243132
0.243169
0.243185
0.24319
0.243191
0.243196
0.243213
0.24325
0.243314
0.243413
0.243553
0.24374
0.243978
0.244274
0.244624
0.245017
0.245689
0.198459
0.198468
0.19848
0.198494
0.198509
0.198527
0.198547
0.198569
0.198593
0.198619
0.198647
0.198677
0.19871
0.198746
0.198786
0.198829
0.198877
0.19893
0.198989
0.199056
0.19913
0.199214
0.199308
0.199414
0.199532
0.199666
0.199816
0.199984
0.200171
0.20038
0.200612
0.200869
0.201154
0.201468
0.201814
0.202194
0.202609
0.203062
0.203555
0.20409
0.204668
0.205293
0.205964
0.206685
0.207454
0.208275
0.209146
0.210067
0.211038
0.212058
0.213126
0.214237
0.21539
0.216581
0.217804
0.219056
0.220329
0.221618
0.222915
0.224213
0.225504
0.226781
0.228034
0.229257
0.23044
0.231578
0.232662
0.233687
0.234648
0.235539
0.236356
0.237098
0.237763
0.238348
0.238856
0.239287
0.239642
0.239926
0.240141
0.240292
0.240383
0.240421
0.240411
0.240359
0.240273
0.240157
0.24002
0.239868
0.239708
0.239547
0.239392
0.239249
0.239124
0.239023
0.238953
0.238915
0.238918
0.238954
0.239038
0.23921
0.198439
0.198447
0.198457
0.198469
0.198484
0.1985
0.198519
0.198539
0.198561
0.198585
0.198612
0.19864
0.198672
0.198706
0.198743
0.198784
0.19883
0.19888
0.198936
0.198999
0.199069
0.199148
0.199236
0.199336
0.199449
0.199575
0.199717
0.199877
0.200055
0.200254
0.200476
0.200722
0.200996
0.201297
0.20163
0.201996
0.202397
0.202834
0.203311
0.203829
0.204389
0.204994
0.205644
0.206342
0.207088
0.207882
0.208724
0.209615
0.210554
0.211538
0.212567
0.213637
0.214746
0.215889
0.217062
0.218259
0.219476
0.220705
0.221939
0.223172
0.224396
0.225602
0.226784
0.227933
0.229043
0.230105
0.231113
0.232062
0.232946
0.23376
0.234501
0.235167
0.235755
0.236265
0.236697
0.237051
0.23733
0.237536
0.237672
0.237742
0.23775
0.237701
0.237601
0.237454
0.237267
0.237044
0.236793
0.23652
0.236229
0.235927
0.235619
0.235312
0.235011
0.23472
0.234445
0.234187
0.233956
0.23374
0.233578
0.233342
0.198541
0.198551
0.198563
0.198577
0.198593
0.19861
0.198629
0.198649
0.198671
0.198695
0.198721
0.198749
0.198778
0.198811
0.198846
0.198884
0.198926
0.198973
0.199025
0.199082
0.199147
0.199219
0.199301
0.199392
0.199496
0.199612
0.199744
0.199891
0.200057
0.200242
0.200449
0.20068
0.200936
0.20122
0.201534
0.201879
0.202258
0.202673
0.203126
0.203618
0.204151
0.204726
0.205346
0.206011
0.206721
0.207478
0.20828
0.209128
0.210021
0.210957
0.211934
0.21295
0.214001
0.215083
0.216191
0.217322
0.218468
0.219624
0.220783
0.221938
0.223082
0.224207
0.225306
0.226372
0.227398
0.228376
0.2293
0.230166
0.230967
0.2317
0.232361
0.232948
0.233459
0.233892
0.234249
0.234529
0.234735
0.234867
0.23493
0.234927
0.234861
0.234736
0.234558
0.234331
0.23406
0.233749
0.233405
0.233033
0.232636
0.232222
0.231794
0.231357
0.230915
0.230474
0.230037
0.229607
0.22919
0.228774
0.228418
0.227852
0.198782
0.198798
0.198814
0.198832
0.198851
0.198871
0.198892
0.198915
0.198938
0.198962
0.198988
0.199015
0.199044
0.199074
0.199107
0.199142
0.19918
0.199222
0.199268
0.199319
0.199376
0.19944
0.199512
0.199594
0.199686
0.199789
0.199907
0.200039
0.200188
0.200355
0.200543
0.200753
0.200988
0.201248
0.201537
0.201855
0.202206
0.20259
0.203011
0.203468
0.203965
0.204502
0.20508
0.205701
0.206365
0.207073
0.207823
0.208616
0.20945
0.210324
0.211236
0.212183
0.213161
0.214168
0.215198
0.216246
0.217308
0.218377
0.219446
0.220509
0.22156
0.222591
0.223595
0.224565
0.225495
0.226378
0.227209
0.227982
0.228692
0.229336
0.229911
0.230413
0.230841
0.231195
0.231473
0.231678
0.231809
0.23187
0.231862
0.231788
0.231653
0.231458
0.23121
0.230911
0.230566
0.23018
0.229757
0.229302
0.228819
0.228312
0.227786
0.227245
0.226693
0.226132
0.225568
0.225001
0.224439
0.223865
0.223358
0.222528
0.199191
0.199214
0.199237
0.199261
0.199286
0.19931
0.199335
0.19936
0.199385
0.19941
0.199436
0.199462
0.199489
0.199517
0.199547
0.199578
0.199611
0.199646
0.199685
0.199728
0.199776
0.19983
0.19989
0.199958
0.200036
0.200124
0.200224
0.200337
0.200466
0.200611
0.200775
0.20096
0.201167
0.201398
0.201655
0.20194
0.202255
0.202601
0.202981
0.203395
0.203846
0.204335
0.204861
0.205428
0.206034
0.206679
0.207365
0.208089
0.208851
0.209649
0.210481
0.211344
0.212235
0.213151
0.214087
0.215038
0.215999
0.216964
0.217929
0.218885
0.219827
0.220748
0.221642
0.222503
0.223324
0.224099
0.224823
0.225492
0.2261
0.226645
0.227122
0.227531
0.227869
0.228135
0.228329
0.228453
0.228506
0.228491
0.228409
0.228264
0.228059
0.227796
0.227479
0.227112
0.226699
0.226244
0.225751
0.225223
0.224665
0.224081
0.223474
0.222847
0.222204
0.221547
0.220881
0.220206
0.21953
0.218833
0.21821
0.217173
0.199812
0.199844
0.199876
0.199906
0.199937
0.199966
0.199995
0.200022
0.200049
0.200075
0.2001
0.200125
0.20015
0.200174
0.200198
0.200224
0.20025
0.200277
0.200307
0.200339
0.200375
0.200415
0.200461
0.200513
0.200572
0.200641
0.20072
0.20081
0.200914
0.201033
0.201168
0.201322
0.201495
0.201691
0.20191
0.202154
0.202425
0.202725
0.203056
0.203418
0.203813
0.204242
0.204706
0.205206
0.205741
0.206313
0.206919
0.207561
0.208236
0.208943
0.209679
0.210443
0.211231
0.212039
0.212864
0.2137
0.214544
0.215389
0.216231
0.217062
0.217879
0.218674
0.219442
0.220176
0.220872
0.221523
0.222126
0.222675
0.223167
0.223598
0.223966
0.224268
0.224504
0.224671
0.224771
0.224804
0.22477
0.224671
0.22451
0.224287
0.224007
0.223671
0.223284
0.222848
0.222367
0.221844
0.221284
0.220689
0.220062
0.219408
0.218729
0.218029
0.21731
0.216575
0.215827
0.215066
0.214301
0.213507
0.212798
0.211599
0.200711
0.200752
0.200792
0.200829
0.200864
0.200898
0.200929
0.200958
0.200985
0.201009
0.201032
0.201053
0.201073
0.201091
0.201108
0.201125
0.201141
0.201157
0.201174
0.201193
0.201213
0.201236
0.201263
0.201295
0.201333
0.201378
0.201431
0.201493
0.201567
0.201653
0.201754
0.20187
0.202004
0.202156
0.202329
0.202525
0.202744
0.202989
0.20326
0.203559
0.203888
0.204246
0.204635
0.205055
0.205507
0.20599
0.206503
0.207047
0.207619
0.208218
0.208843
0.20949
0.210156
0.210839
0.211533
0.212237
0.212944
0.213649
0.214349
0.215037
0.215708
0.216358
0.216979
0.217568
0.21812
0.218629
0.219091
0.219502
0.21986
0.22016
0.220401
0.220581
0.220698
0.220752
0.220743
0.220671
0.220536
0.220342
0.220088
0.219777
0.219412
0.218996
0.218531
0.218019
0.217466
0.216872
0.216242
0.215579
0.214886
0.214166
0.213422
0.212656
0.211871
0.21107
0.210254
0.209425
0.208591
0.207725
0.206955
0.205636
0.201983
0.202031
0.202076
0.202117
0.202155
0.202189
0.20222
0.202247
0.20227
0.20229
0.202307
0.202321
0.202332
0.20234
0.202345
0.202349
0.20235
0.202351
0.202351
0.20235
0.20235
0.202351
0.202354
0.20236
0.20237
0.202385
0.202405
0.202434
0.20247
0.202517
0.202575
0.202646
0.202732
0.202833
0.202951
0.203088
0.203245
0.203423
0.203624
0.203848
0.204097
0.204371
0.204671
0.204997
0.20535
0.205728
0.206132
0.20656
0.207012
0.207485
0.207978
0.208489
0.209014
0.20955
0.210095
0.210643
0.211192
0.211736
0.212272
0.212794
0.213298
0.213778
0.214232
0.214653
0.215037
0.215381
0.21568
0.215931
0.216132
0.21628
0.216372
0.216408
0.216386
0.216306
0.216168
0.215972
0.215719
0.215411
0.215049
0.214635
0.214171
0.213661
0.213106
0.212509
0.211874
0.211203
0.210499
0.209765
0.209004
0.208219
0.207412
0.206586
0.205744
0.204888
0.20402
0.20314
0.202257
0.201343
0.200537
0.199146
0.203767
0.203817
0.203862
0.203902
0.203936
0.203965
0.203989
0.204008
0.204022
0.204032
0.204036
0.204036
0.204031
0.204023
0.20401
0.203994
0.203974
0.203951
0.203926
0.2039
0.203871
0.203842
0.203814
0.203785
0.203759
0.203735
0.203715
0.2037
0.20369
0.203687
0.203693
0.203708
0.203734
0.203772
0.203823
0.203889
0.20397
0.204068
0.204184
0.204318
0.204472
0.204646
0.20484
0.205054
0.205289
0.205544
0.205818
0.206111
0.206421
0.206746
0.207086
0.207437
0.207797
0.208163
0.208532
0.208901
0.209266
0.209623
0.209969
0.210298
0.210608
0.210893
0.211151
0.211376
0.211566
0.211717
0.211826
0.21189
0.211907
0.211875
0.211792
0.211657
0.211471
0.211231
0.210939
0.210596
0.210202
0.209759
0.209268
0.208732
0.208152
0.207532
0.206874
0.20618
0.205453
0.204697
0.203914
0.203108
0.20228
0.201434
0.200572
0.199697
0.198811
0.197918
0.197018
0.196113
0.195212
0.194283
0.193477
0.192082
0.206273
0.206316
0.206352
0.20638
0.206402
0.206416
0.206424
0.206426
0.20642
0.206408
0.20639
0.206366
0.206336
0.206299
0.206258
0.206211
0.206158
0.206102
0.206041
0.205976
0.205907
0.205836
0.205763
0.205688
0.205612
0.205537
0.205462
0.205389
0.205318
0.205251
0.205189
0.205133
0.205083
0.205041
0.205008
0.204985
0.204972
0.204971
0.204982
0.205006
0.205044
0.205095
0.20516
0.20524
0.205333
0.205439
0.205558
0.205689
0.205831
0.205981
0.206139
0.206302
0.206468
0.206634
0.206798
0.206956
0.207106
0.207244
0.207367
0.207472
0.207554
0.207611
0.20764
0.207637
0.207599
0.207524
0.20741
0.207254
0.207054
0.206811
0.206521
0.206186
0.205805
0.205378
0.204905
0.204389
0.20383
0.20323
0.202591
0.201915
0.201205
0.200464
0.199694
0.198898
0.198079
0.197241
0.196385
0.195517
0.194637
0.193751
0.192859
0.191965
0.191072
0.190182
0.189299
0.188421
0.187561
0.186687
0.185942
0.184672
0.209845
0.209864
0.209875
0.209876
0.209869
0.209853
0.209828
0.209795
0.209753
0.209704
0.209646
0.20958
0.209506
0.209424
0.209335
0.209239
0.209136
0.209025
0.208909
0.208786
0.208658
0.208524
0.208385
0.208242
0.208095
0.207946
0.207794
0.20764
0.207485
0.20733
0.207175
0.207022
0.206871
0.206723
0.206579
0.206439
0.206304
0.206174
0.206051
0.205935
0.205825
0.205722
0.205627
0.205538
0.205456
0.205379
0.205308
0.205241
0.205178
0.205116
0.205054
0.20499
0.204923
0.20485
0.204769
0.204677
0.204572
0.20445
0.204311
0.20415
0.203965
0.203754
0.203514
0.203243
0.20294
0.202602
0.202227
0.201816
0.201367
0.20088
0.200355
0.199791
0.199191
0.198554
0.197883
0.19718
0.196445
0.195682
0.194894
0.194083
0.193252
0.192405
0.191545
0.190675
0.1898
0.188921
0.188044
0.187172
0.186307
0.185454
0.184615
0.183794
0.182994
0.182218
0.181468
0.180746
0.180061
0.179392
0.178842
0.177964
0.215081
0.215049
0.215006
0.214952
0.214886
0.21481
0.214723
0.214626
0.214518
0.214399
0.21427
0.21413
0.21398
0.21382
0.213651
0.213471
0.213281
0.213083
0.212875
0.212657
0.212432
0.212198
0.211956
0.211706
0.211449
0.211185
0.210915
0.21064
0.210359
0.210073
0.209783
0.20949
0.209193
0.208894
0.208593
0.208291
0.207987
0.207682
0.207377
0.207071
0.206765
0.206459
0.206152
0.205844
0.205535
0.205224
0.20491
0.204593
0.204271
0.203944
0.20361
0.203268
0.202915
0.202551
0.202174
0.201781
0.201372
0.200944
0.200495
0.200025
0.199531
0.199013
0.198469
0.197898
0.197299
0.196673
0.19602
0.195339
0.194632
0.193899
0.193142
0.192363
0.191564
0.190748
0.189917
0.189074
0.188223
0.187368
0.186512
0.18566
0.184815
0.183981
0.183164
0.182367
0.181594
0.18085
0.180138
0.179463
0.178828
0.178236
0.177691
0.177196
0.176754
0.176367
0.176038
0.175769
0.175564
0.175425
0.175349
0.175391
0.223112
0.222971
0.222817
0.222648
0.222466
0.222269
0.222059
0.221834
0.221596
0.221344
0.221078
0.220799
0.220506
0.2202
0.21988
0.219547
0.219201
0.218842
0.21847
0.218085
0.217688
0.217279
0.216859
0.216426
0.215983
0.215528
0.215063
0.214587
0.214102
0.213607
0.213103
0.21259
0.212068
0.211538
0.211001
0.210455
0.209903
0.209343
0.208776
0.208202
0.207621
0.207033
0.206438
0.205836
0.205226
0.204608
0.203982
0.203347
0.202703
0.20205
0.201386
0.200712
0.200027
0.19933
0.198621
0.1979
0.197166
0.19642
0.195662
0.194891
0.19411
0.193318
0.192517
0.191708
0.190893
0.190074
0.189253
0.188435
0.18762
0.186814
0.186019
0.185241
0.184482
0.183748
0.183043
0.182372
0.181739
0.18115
0.180609
0.180121
0.17969
0.17932
0.179016
0.178781
0.178617
0.178529
0.178518
0.178586
0.178734
0.178964
0.179275
0.179667
0.180139
0.180691
0.181321
0.182028
0.182806
0.183689
0.184495
0.186118
0.236156
0.235767
0.235358
0.234931
0.234485
0.23402
0.233537
0.233035
0.232515
0.231977
0.231421
0.230847
0.230256
0.229647
0.229021
0.228379
0.22772
0.227045
0.226354
0.225648
0.224926
0.22419
0.223439
0.222675
0.221897
0.221106
0.220302
0.219486
0.218659
0.217821
0.216972
0.216114
0.215246
0.214369
0.213485
0.212593
0.211694
0.21079
0.209881
0.208968
0.208051
0.207133
0.206213
0.205294
0.204376
0.20346
0.202549
0.201645
0.200747
0.19986
0.198985
0.198124
0.197279
0.196455
0.195653
0.194876
0.194129
0.193414
0.192737
0.192099
0.191506
0.190963
0.190472
0.19004
0.18967
0.189366
0.189134
0.188977
0.188899
0.188904
0.188997
0.189179
0.189454
0.189823
0.19029
0.190855
0.191519
0.192282
0.193144
0.194103
0.195158
0.196305
0.197542
0.198864
0.200265
0.20174
0.203282
0.204882
0.206534
0.208227
0.209953
0.211702
0.213465
0.215231
0.216993
0.218742
0.220463
0.222197
0.223682
0.226218
0.257752
0.256717
0.255664
0.254592
0.253504
0.2524
0.25128
0.250147
0.249
0.247842
0.246673
0.245495
0.244308
0.243114
0.241914
0.24071
0.239502
0.238293
0.237083
0.235875
0.234669
0.233468
0.232273
0.231086
0.229908
0.228743
0.227591
0.226455
0.225337
0.22424
0.223167
0.222119
0.221101
0.220114
0.219163
0.218251
0.217382
0.216559
0.215786
0.215069
0.21441
0.213817
0.213292
0.212842
0.212472
0.212188
0.211995
0.2119
0.211908
0.212025
0.212258
0.212613
0.213095
0.21371
0.214463
0.215359
0.216402
0.217595
0.218942
0.220445
0.222102
0.223916
0.225883
0.228
0.230263
0.232666
0.235202
0.237862
0.240634
0.243508
0.24647
0.249507
0.252603
0.255743
0.258909
0.262084
0.265251
0.268393
0.271491
0.274529
0.277487
0.28035
0.283101
0.285724
0.288203
0.290526
0.292678
0.294647
0.296424
0.298
0.299369
0.300525
0.301465
0.30219
0.302702
0.303001
0.303108
0.302974
0.30278
0.301954
0.289097
0.287442
0.285868
0.284377
0.28297
0.281647
0.280409
0.279256
0.278189
0.277208
0.276314
0.275507
0.274788
0.274157
0.273617
0.273166
0.272807
0.27254
0.272367
0.272288
0.272306
0.272422
0.272638
0.272955
0.273376
0.273902
0.274535
0.275278
0.276134
0.277103
0.27819
0.279396
0.280724
0.282176
0.283756
0.285465
0.287307
0.289284
0.291399
0.293654
0.29605
0.298592
0.301279
0.304115
0.307101
0.310238
0.313527
0.316969
0.320563
0.324308
0.328204
0.332249
0.336439
0.34077
0.345239
0.349838
0.35456
0.359396
0.364334
0.369364
0.374469
0.379634
0.384839
0.390063
0.395282
0.40047
0.405598
0.410635
0.415548
0.4203
0.424856
0.429176
0.433221
0.436953
0.440331
0.44332
0.445883
0.44799
0.449612
0.450727
0.451316
0.451369
0.450881
0.449853
0.448295
0.446222
0.443655
0.440623
0.437157
0.433296
0.429077
0.424546
0.419745
0.414719
0.409516
0.404163
0.398771
0.393094
0.388319
0.379642
0.491899
0.496148
0.500247
0.504188
0.507968
0.511584
0.515033
0.518311
0.521417
0.524347
0.5271
0.529673
0.532065
0.534274
0.536298
0.538135
0.539785
0.541246
0.542517
0.543597
0.544484
0.545178
0.545676
0.545979
0.546084
0.545991
0.545697
0.545203
0.544504
0.543601
0.542491
0.541172
0.539643
0.5379
0.535942
0.533766
0.531371
0.528754
0.525912
0.522845
0.51955
0.516026
0.512272
0.508287
0.504072
0.499627
0.494953
0.490054
0.484933
0.479594
0.474044
0.468291
0.462342
0.456209
0.449904
0.443443
0.43684
0.430114
0.423286
0.416376
0.40941
0.402412
0.395408
0.388427
0.381497
0.374647
0.367906
0.361302
0.354863
0.348616
0.342583
0.336787
0.331246
0.325976
0.320989
0.316292
0.31189
0.307783
0.303967
0.300434
0.297174
0.294173
0.291414
0.28888
0.286549
0.284401
0.282415
0.280567
0.278838
0.277205
0.27565
0.274152
0.272695
0.27126
0.269836
0.268397
0.266963
0.265406
0.264138
0.261545
0.000276816
0.00118555
0.00232515
0.00312161
0.00340566
0.00330692
0.00303893
0.00267741
0.00232774
0.00197141
0.00173986
0.00408974
0.00566775
0.00245072
0.026022
0.0483412
0.069565
0.0895569
0.108465
0.126426
0.143528
0.1598
0.17525
0.189884
0.203729
0.216841
0.229296
0.241186
0.252605
0.263644
0.27438
0.284878
0.295185
0.30534
0.31537
0.3253
0.33516
0.344992
0.354853
0.364787
0.374646
0.384439
0.394172
0.403827
0.413377
0.42279
0.432028
0.44105
0.449812
0.458268
0.466367
0.474058
0.481285
0.487994
0.494126
0.499626
0.504437
0.508505
0.51178
0.514216
0.515774
0.516422
0.516135
0.514898
0.512711
0.509587
0.505552
0.500635
0.49491
0.488609
0.482649
0.479778
0.478706
0.477303
0.47526
0.472599
0.469395
0.465721
0.461641
0.457209
0.452475
0.447487
0.442289
0.436923
0.431428
0.425841
0.420195
0.414521
0.408849
0.403204
0.397612
0.392096
0.386679
0.381385
0.376246
0.371293
0.366594
0.362241
0.358435
0.355167
0.0032466
0.0063226
0.00947037
0.0103283
0.00959953
0.00825817
0.00665958
0.00488471
0.00125586
0.00617432
0.0256022
0.0413737
0.0569228
0.0742216
0.0960114
0.119985
0.14665
0.176817
0.210894
0.248729
0.28965
0.332629
0.376522
0.420287
0.463124
0.504537
0.544318
0.582484
0.6192
0.654707
0.689261
0.723098
0.756405
0.789315
0.821901
0.854186
0.886149
0.917735
0.948897
0.979707
1.01057
1.04158
1.07275
1.10401
1.13531
1.16658
1.19771
1.2286
1.25916
1.28924
1.31873
1.34748
1.37534
1.40215
1.42775
1.45196
1.47461
1.49553
1.51454
1.53148
1.5462
1.55857
1.56846
1.57576
1.58042
1.58238
1.58166
1.57825
1.57221
1.56371
1.55307
1.54081
1.52672
1.51042
1.49207
1.47196
1.45036
1.42751
1.40362
1.37889
1.35348
1.32757
1.30129
1.27478
1.24816
1.22154
1.19501
1.16868
1.1426
1.11686
1.0915
1.06658
1.04214
1.01822
0.99487
0.972057
0.950066
0.928065
0.909228
0.879249
0.00758311
0.0162754
0.0189615
0.0163512
0.0130433
0.00996838
0.00876098
0.0139983
0.0270106
0.046246
0.0656384
0.0832523
0.102787
0.1268
0.156485
0.193818
0.239412
0.292935
0.352878
0.416984
0.482756
0.547937
0.610819
0.670373
0.726197
0.778377
0.827305
0.873524
0.917607
0.960092
1.00144
1.04205
1.08221
1.12218
1.16215
1.20227
1.24265
1.28337
1.32451
1.36602
1.40785
1.44992
1.49215
1.53442
1.57663
1.61864
1.66034
1.70156
1.74217
1.78199
1.82085
1.85856
1.89491
1.92971
1.96272
1.99374
2.02254
2.0489
2.07259
2.09343
2.11122
2.12579
2.13702
2.1448
2.14905
2.14975
2.14692
2.14059
2.13084
2.11777
2.1015
2.08232
2.06059
2.03648
2.01013
1.98171
1.95146
1.91965
1.88654
1.85237
1.81736
1.78173
1.74567
1.70935
1.67294
1.63657
1.60037
1.56444
1.52889
1.49379
1.45921
1.42522
1.39185
1.35915
1.32716
1.29585
1.26537
1.23504
1.20779
1.16584
0.011579
0.0272372
0.0249773
0.019606
0.0171828
0.0192035
0.0265992
0.0402066
0.0578253
0.0759332
0.0933607
0.113476
0.139677
0.174222
0.218241
0.271837
0.333394
0.40049
0.470598
0.541587
0.611876
0.680399
0.746508
0.809892
0.870499
0.928467
0.984067
1.03765
1.08959
1.14028
1.19008
1.2393
1.28824
1.33712
1.38613
1.43539
1.485
1.53498
1.58523
1.6357
1.68631
1.73703
1.78774
1.83833
1.88865
1.93855
1.98786
2.03639
2.08394
2.13031
2.17527
2.2186
2.26004
2.29936
2.33629
2.37058
2.40199
2.43026
2.45518
2.47653
2.49412
2.5078
2.51745
2.52301
2.52443
2.52173
2.51496
2.50422
2.48964
2.47137
2.44961
2.42459
2.39667
2.36615
2.33327
2.29827
2.26142
2.223
2.18329
2.14255
2.10103
2.05894
2.0165
1.9739
1.9313
1.88884
1.84667
1.80488
1.76357
1.72283
1.68273
1.64331
1.60463
1.56671
1.52958
1.4932
1.45767
1.42238
1.39003
1.34179
0.0155882
0.0367814
0.0338506
0.0296811
0.0305942
0.037011
0.0480646
0.0622502
0.077823
0.0945267
0.114691
0.141816
0.178051
0.223962
0.278539
0.339681
0.405001
0.472618
0.541376
0.610654
0.68008
0.749329
0.818048
0.885875
0.952497
1.0177
1.08139
1.1436
1.20448
1.26423
1.32309
1.38133
1.43919
1.49687
1.55453
1.6123
1.67025
1.72833
1.78645
1.84454
1.90252
1.96031
2.01781
2.07487
2.13133
2.18698
2.24163
2.29503
2.34696
2.39716
2.44536
2.49129
2.53468
2.57524
2.61271
2.64681
2.67729
2.70393
2.72651
2.74485
2.75882
2.76831
2.77328
2.77371
2.76965
2.76118
2.74845
2.73163
2.71092
2.68657
2.65883
2.628
2.59441
2.55838
2.5202
2.48014
2.43849
2.39551
2.35147
2.30661
2.26117
2.21536
2.16936
2.12336
2.07749
2.0319
1.9867
1.94198
1.89784
1.85433
1.81152
1.76946
1.72817
1.68768
1.64799
1.60907
1.57098
1.53318
1.49824
1.44714
0.0193745
0.0479694
0.0449475
0.0421254
0.0451382
0.0528001
0.0635444
0.0765265
0.0921194
0.112167
0.139238
0.175072
0.219678
0.271635
0.328799
0.389207
0.451644
0.515675
0.581358
0.648865
0.718229
0.789236
0.861449
0.934303
1.00721
1.07967
1.15131
1.22192
1.29141
1.35985
1.42734
1.49407
1.56021
1.62592
1.69135
1.7566
1.82168
1.88656
1.95114
2.01531
2.07896
2.14199
2.20426
2.26558
2.32577
2.38459
2.44179
2.49711
2.55027
2.60098
2.64894
2.69386
2.73544
2.7734
2.80747
2.83741
2.86299
2.88404
2.9004
2.91199
2.91875
2.92069
2.91787
2.9104
2.89843
2.88216
2.86185
2.83774
2.81015
2.77938
2.74574
2.70957
2.6712
2.63095
2.58909
2.54589
2.5016
2.45644
2.41063
2.36438
2.31785
2.27123
2.22464
2.17823
2.13209
2.08634
2.04105
1.99629
1.95213
1.90862
1.8658
1.82369
1.78232
1.74169
1.70181
1.66263
1.62421
1.58606
1.55068
1.49943
0.0231883
0.059008
0.0554063
0.052831
0.0561837
0.0637988
0.0747948
0.0896828
0.10987
0.136993
0.171997
0.214514
0.263073
0.31583
0.371266
0.428594
0.487743
0.549096
0.613168
0.680342
0.750704
0.824017
0.899773
0.977292
1.05584
1.13474
1.21342
1.29148
1.36866
1.44483
1.51998
1.59418
1.6675
1.74005
1.81193
1.88317
1.95377
2.02366
2.09274
2.16086
2.22789
2.29367
2.35801
2.42072
2.48155
2.54025
2.59654
2.65012
2.70068
2.74794
2.79157
2.83129
2.86682
2.8979
2.92431
2.94586
2.96243
2.97393
2.98032
2.98164
2.97797
2.96948
2.95636
2.93888
2.91732
2.89202
2.86332
2.83161
2.79723
2.76054
2.72191
2.68165
2.64008
2.59747
2.55408
2.51009
2.46569
2.42104
2.37626
2.33148
2.2868
2.2423
2.19807
2.15417
2.11066
2.06759
2.02499
1.9829
1.94135
1.90038
1.85999
1.8202
1.78102
1.74244
1.70447
1.66705
1.63026
1.59361
1.5596
1.51045
0.0275002
0.0689956
0.063706
0.0605192
0.0644273
0.0743842
0.0902283
0.112542
0.141773
0.177811
0.219816
0.266419
0.316202
0.368118
0.421701
0.477045
0.53464
0.595124
0.659089
0.726918
0.798695
0.874184
0.952874
1.03407
1.11699
1.20086
1.28501
1.36888
1.45205
1.53425
1.61532
1.69519
1.77384
1.85127
1.92749
2.00248
2.07617
2.14849
2.21929
2.28842
2.35569
2.4209
2.48384
2.54426
2.6019
2.65649
2.70774
2.75534
2.79899
2.83841
2.87331
2.90344
2.92858
2.94856
2.96324
2.97256
2.97651
2.97514
2.96859
2.95704
2.94077
2.92008
2.89536
2.867
2.83544
2.80113
2.7645
2.72598
2.68599
2.64489
2.60302
2.56067
2.5181
2.47551
2.43306
2.39086
2.349
2.30752
2.26647
2.22586
2.18569
2.14597
2.10669
2.06785
2.02943
1.99143
1.95385
1.91668
1.87992
1.84357
1.80762
1.77208
1.73693
1.70218
1.66781
1.63378
1.60018
1.56653
1.53527
1.49
0.0322957
0.0769875
0.0697982
0.0683557
0.0791047
0.100821
0.131496
0.169043
0.211471
0.257161
0.304925
0.354008
0.404062
0.455129
0.507575
0.561976
0.619012
0.679349
0.743525
0.811868
0.884435
0.961002
1.0411
1.12406
1.20913
1.29552
1.3825
1.46942
1.55575
1.64109
1.72514
1.80768
1.88857
1.9677
2.04496
2.12029
2.19355
2.26463
2.33336
2.39955
2.46298
2.52344
2.58067
2.63443
2.68444
2.73044
2.77214
2.80928
2.84158
2.86883
2.8908
2.90734
2.91833
2.92373
2.92353
2.91782
2.90676
2.89058
2.86959
2.84417
2.81474
2.78178
2.74582
2.70737
2.66697
2.62514
2.58236
2.53909
2.49571
2.45256
2.40992
2.36801
2.32698
2.28695
2.24796
2.21001
2.17308
2.13712
2.10204
2.06776
2.0342
2.00127
1.96888
1.93696
1.90543
1.87424
1.84333
1.81266
1.78221
1.75194
1.72184
1.69188
1.66207
1.63238
1.60281
1.57331
1.544
1.51441
1.48687
1.44671
0.036313
0.082283
0.0777609
0.0907796
0.127068
0.178927
0.238046
0.298373
0.356574
0.41155
0.463545
0.513521
0.562605
0.611905
0.662436
0.715083
0.770594
0.829568
0.892432
0.959411
1.03051
1.10549
1.18394
1.26525
1.34873
1.43364
1.51925
1.60487
1.68991
1.77385
1.85626
1.93681
2.01523
2.09131
2.16487
2.23576
2.3038
2.36883
2.43063
2.48902
2.54375
2.59461
2.64134
2.68371
2.72146
2.75437
2.7822
2.80475
2.82184
2.83334
2.83915
2.83924
2.83364
2.82245
2.80585
2.78411
2.75754
2.72656
2.69165
2.65333
2.61218
2.56878
2.52374
2.47767
2.43112
2.38462
2.33864
2.29358
2.24977
2.20746
2.16684
2.12802
2.09104
2.0559
2.02253
1.99084
1.96067
1.93189
1.90432
1.87779
1.85213
1.82718
1.8028
1.77883
1.75516
1.73169
1.70833
1.68501
1.66167
1.63826
1.61475
1.59111
1.56733
1.54339
1.51928
1.49497
1.47057
1.44566
1.42238
1.38808
0.0390572
0.0865847
0.101269
0.158283
0.247701
0.347912
0.444975
0.531696
0.606103
0.669495
0.724497
0.774034
0.820724
0.866659
0.913399
0.962057
1.0134
1.06795
1.12602
1.18773
1.25306
1.32177
1.39352
1.46782
1.54406
1.62163
1.69982
1.77792
1.8553
1.93141
2.00576
2.07795
2.14763
2.21452
2.27836
2.33893
2.39601
2.44938
2.49885
2.54418
2.58516
2.62158
2.65322
2.67988
2.70136
2.71751
2.72819
2.73327
2.73272
2.7265
2.71469
2.6974
2.67481
2.6472
2.61491
2.57836
2.53804
2.49449
2.4483
2.4001
2.35053
2.30023
2.24982
2.19988
2.15094
2.10346
2.05783
2.01436
1.97326
1.93468
1.89868
1.86526
1.83436
1.80587
1.77962
1.75542
1.73305
1.7123
1.69292
1.67467
1.65734
1.64071
1.62459
1.60879
1.59316
1.57756
1.56189
1.54604
1.52994
1.51352
1.49675
1.47958
1.462
1.44398
1.42554
1.40661
1.38733
1.36731
1.3485
1.32032
0.039587
0.098213
0.176498
0.324211
0.492785
0.650707
0.785342
0.893785
0.978713
1.04534
1.09923
1.14518
1.18689
1.22695
1.26709
1.30839
1.35153
1.39692
1.44484
1.49544
1.54873
1.6046
1.66284
1.72314
1.78498
1.84774
1.91086
1.97375
2.03584
2.0966
2.15555
2.21224
2.26631
2.31739
2.3652
2.40946
2.44993
2.48637
2.51857
2.54632
2.56942
2.58769
2.60097
2.60913
2.61204
2.60964
2.60189
2.5888
2.57044
2.54694
2.51849
2.48536
2.44788
2.40646
2.36157
2.31374
2.26355
2.21161
2.15856
2.10504
2.05169
1.99909
1.9478
1.89832
1.85108
1.80641
1.76458
1.72577
1.69009
1.65755
1.62811
1.60167
1.57808
1.55714
1.53865
1.52233
1.50794
1.49521
1.48386
1.47363
1.46426
1.45553
1.44721
1.43909
1.43101
1.42281
1.41435
1.40553
1.39626
1.38646
1.37609
1.3651
1.35345
1.34114
1.32815
1.31445
1.30018
1.28495
1.27051
1.24834
0.04521
0.144337
0.407055
0.702199
0.959894
1.16002
1.30644
1.40979
1.4821
1.53414
1.5741
1.60751
1.63772
1.66658
1.69502
1.72358
1.75259
1.78239
1.81339
1.84587
1.87999
1.9158
1.9532
1.99194
2.03178
2.07235
2.1132
2.15387
2.19387
2.23274
2.27002
2.30529
2.33815
2.36826
2.39529
2.41895
2.43899
2.45517
2.46728
2.47513
2.47856
2.47743
2.47166
2.46116
2.44591
2.42593
2.40128
2.37209
2.33854
2.30088
2.2594
2.21448
2.16656
2.11611
2.06367
2.0098
1.9551
1.90017
1.8456
1.79197
1.73982
1.68963
1.64184
1.59681
1.55482
1.51608
1.48072
1.4488
1.4203
1.39516
1.37325
1.35441
1.33843
1.32508
1.31412
1.30527
1.29826
1.29283
1.28868
1.28557
1.28323
1.28141
1.27991
1.2785
1.27702
1.27529
1.27317
1.27056
1.26734
1.26344
1.25879
1.25335
1.24709
1.23997
1.23199
1.22311
1.21347
1.20272
1.19235
1.17583
0.0356493
0.459196
1.06287
1.51405
1.79121
1.94421
2.0221
2.0567
2.07013
2.07594
2.08099
2.08768
2.09608
2.10531
2.11447
2.12306
2.13101
2.13864
2.14633
2.15456
2.16377
2.17421
2.18597
2.19895
2.21299
2.2278
2.24306
2.25841
2.27346
2.2878
2.30105
2.31282
2.32276
2.33051
2.33577
2.33826
2.33773
2.33396
2.32675
2.31594
2.30142
2.2831
2.26094
2.23492
2.20509
2.17155
2.13445
2.09398
2.0504
2.00403
1.95523
1.90442
1.85205
1.79861
1.74463
1.69062
1.63713
1.58466
1.5337
1.48471
1.43808
1.39417
1.35325
1.31555
1.28121
1.25031
1.22287
1.19886
1.1782
1.16075
1.14634
1.13479
1.12589
1.1194
1.11507
1.11267
1.11192
1.11259
1.1144
1.11712
1.12051
1.12434
1.12838
1.13245
1.13637
1.13996
1.1431
1.14565
1.14751
1.14859
1.14882
1.14815
1.14654
1.14394
1.14037
1.13575
1.13023
1.12349
1.11678
1.10539
0.279791
1.77127
2.61654
2.88689
2.89451
2.79562
2.67376
2.56692
2.48689
2.43292
2.39917
2.37862
2.36515
2.35439
2.34385
2.3325
2.3203
2.30768
2.29517
2.28323
2.27218
2.26217
2.25324
2.24533
2.2383
2.23197
2.22612
2.22051
2.21486
2.20886
2.20222
2.19463
2.18578
2.1754
2.16321
2.14898
2.13249
2.11356
2.09204
2.06781
2.04078
2.01094
1.97827
1.94282
1.90469
1.86402
1.82101
1.77589
1.72895
1.68052
1.63097
1.58068
1.5301
1.47965
1.42977
1.38089
1.33345
1.28782
1.24436
1.20338
1.16515
1.12986
1.09767
1.06869
1.04294
1.02044
1.00112
0.984909
0.971679
0.961286
0.953563
0.948327
0.945385
0.944532
0.945558
0.948248
0.952381
0.957739
0.964101
0.97125
0.978973
0.987065
0.995328
1.00358
1.01164
1.01936
1.0266
1.03323
1.03914
1.04424
1.04845
1.05171
1.05396
1.05516
1.0553
1.05433
1.05236
1.0491
1.04559
1.03869
)
;

boundaryField
{
    outlet
    {
        type            zeroGradient;
    }
    inlet
    {
        type            fixedValue;
        value           uniform 0.2;
    }
    lowerWall
    {
        type            kqRWallFunction;
        value           nonuniform List<scalar> 
148
(
0.257082
0.434211
0.59852
0.709382
0.778145
0.818049
0.838547
0.845896
0.844371
0.836963
0.825767
0.812247
0.797426
0.782015
0.766498
0.751201
0.736336
0.722036
0.708378
0.6954
0.683115
0.671515
0.660583
0.650294
0.640616
0.631518
0.622964
0.614924
0.607339
0.600295
0.593189
0.588696
0.574468
0.000276816
0.0032466
0.00758311
0.011579
0.0155882
0.0193745
0.0231883
0.0275002
0.0322957
0.036313
0.0390572
0.039587
0.04521
0.0356493
1e-15
0.000276816
0.00118555
0.00232515
0.00312161
0.00340566
0.00330692
0.00303893
0.00267741
0.00232774
0.00197141
0.00173986
1e-15
1e-15
0.00245072
0.026022
0.0483412
0.069565
0.0895569
0.108465
0.126426
0.143528
0.1598
0.17525
0.189884
0.203729
0.216841
0.229296
0.241186
0.252605
0.263644
0.27438
0.284878
0.295185
0.30534
0.31537
0.3253
0.33516
0.344992
0.354853
0.364787
0.374646
0.384439
0.394172
0.403827
0.413377
0.42279
0.432028
0.44105
0.449812
0.458268
0.466367
0.474058
0.481285
0.487994
0.494126
0.499626
0.504437
0.508505
0.51178
0.514216
0.515774
0.516422
0.516135
0.514898
0.512711
0.509587
0.505552
0.500635
0.49491
0.488609
0.482649
0.479778
0.478706
0.477303
0.47526
0.472599
0.469395
0.465721
0.461641
0.457209
0.452475
0.447487
0.442289
0.436923
0.431428
0.425841
0.420195
0.414521
0.408849
0.403204
0.397612
0.392096
0.386679
0.381385
0.376246
0.371293
0.366594
0.362241
0.358435
0.355167
)
;
    }
    upperWall
    {
        type            kqRWallFunction;
        value           nonuniform List<scalar> 
133
(
0.205354
0.221127
0.238043
0.254121
0.268995
0.282971
0.296258
0.308938
0.321054
0.332632
0.343696
0.354264
0.36435
0.373971
0.38314
0.391874
0.400187
0.408094
0.415611
0.422753
0.429535
0.435971
0.442078
0.447869
0.453358
0.45856
0.463488
0.468156
0.472575
0.476758
0.480716
0.484461
0.488009
0.491899
0.496148
0.500247
0.504188
0.507968
0.511584
0.515033
0.518311
0.521417
0.524347
0.5271
0.529673
0.532065
0.534274
0.536298
0.538135
0.539785
0.541246
0.542517
0.543597
0.544484
0.545178
0.545676
0.545979
0.546084
0.545991
0.545697
0.545203
0.544504
0.543601
0.542491
0.541172
0.539643
0.5379
0.535942
0.533766
0.531371
0.528754
0.525912
0.522845
0.51955
0.516026
0.512272
0.508287
0.504072
0.499627
0.494953
0.490054
0.484933
0.479594
0.474044
0.468291
0.462342
0.456209
0.449904
0.443443
0.43684
0.430114
0.423286
0.416376
0.40941
0.402412
0.395408
0.388427
0.381497
0.374647
0.367906
0.361302
0.354863
0.348616
0.342583
0.336787
0.331246
0.325976
0.320989
0.316292
0.31189
0.307783
0.303967
0.300434
0.297174
0.294173
0.291414
0.28888
0.286549
0.284401
0.282415
0.280567
0.278838
0.277205
0.27565
0.274152
0.272695
0.27126
0.269836
0.268397
0.266963
0.265406
0.264138
0.261545
)
;
    }
    frontAndBack
    {
        type            empty;
    }
}


// ************************************************************************* //
