/*--------------------------------*- C++ -*----------------------------------*\
| =========                 |                                                 |
| \\      /  F ield         | OpenFOAM: The Open Source CFD Toolbox           |
|  \\    /   O peration     | Version:  4.1                                   |
|   \\  /    A nd           | Web:      www.OpenFOAM.org                      |
|    \\/     M anipulation  |                                                 |
\*---------------------------------------------------------------------------*/
FoamFile
{
    version     2.0;
    format      ascii;
    class       volScalarField;
    location    "1900";
    object      omega;
}
// * * * * * * * * * * * * * * * * * * * * * * * * * * * * * * * * * * * * * //

dimensions      [0 0 -1 0 0 0 0];

internalField   nonuniform List<scalar> 
6820
(
7254.63
8569.06
9629.25
10283
10668.4
10885.8
10995.8
11034.9
11026.8
10987.3
10927.3
10854.4
10774
10689.7
10604.1
10519.1
10435.8
10355
10277.3
10202.9
10131.9
10064.5
10000.5
9939.92
9882.59
9828.39
9777.15
9728.76
9682.88
9640.08
9596.68
9568.78
9476.74
600.799
1554.22
2092.91
2435.19
2698.34
2895.12
3033.36
3126.97
3188.98
3229.02
3253.96
3268.67
3276.59
3280.08
3280.77
3279.75
3277.78
3275.36
3272.82
3270.38
3268.18
3266.28
3264.73
3263.55
3262.74
3262.29
3262.23
3262.54
3263.31
3264.57
3266.52
3269.1
3274.44
107.108
368.908
596.394
767.386
894.981
993.334
1070.57
1131.54
1179.69
1217.64
1247.46
1270.8
1289.01
1303.19
1314.18
1322.7
1329.28
1334.37
1338.3
1341.35
1343.75
1345.65
1347.2
1348.5
1349.63
1350.67
1351.66
1352.64
1353.66
1354.76
1355.96
1357.3
1358.99
37.6577
108.378
189.201
265.511
332.231
389.334
437.981
479.462
514.908
545.244
571.226
593.485
612.563
628.92
642.954
655.003
665.358
674.268
681.945
688.572
694.303
699.272
703.59
707.355
710.649
713.545
716.102
718.374
720.407
722.243
723.921
725.474
726.95
23.8008
47.5371
77.7008
109.824
141.237
170.722
197.836
222.517
244.874
265.072
283.289
299.703
314.482
327.786
339.761
350.542
360.253
369.004
376.895
384.019
390.455
396.276
401.549
406.331
410.675
414.627
418.229
421.519
424.532
427.3
429.851
432.212
434.419
19.8177
29.4751
42.5079
57.2096
72.4554
87.572
102.186
116.107
129.248
141.581
153.109
163.852
173.844
183.124
191.734
199.716
207.113
213.967
220.316
226.2
231.654
236.711
241.402
245.758
249.804
253.566
257.067
260.328
263.371
266.213
268.873
271.366
273.714
18.4341
22.8152
29.1685
36.6489
44.6826
52.9063
61.0978
69.1228
76.901
84.3847
91.5472
98.3755
104.866
111.022
116.85
122.361
127.566
132.478
137.113
141.483
145.603
149.486
153.148
156.6
159.855
162.926
165.825
168.561
171.147
173.592
175.906
178.097
180.177
17.9115
19.9902
23.3042
27.4134
31.9742
36.7598
41.6266
46.4842
51.2744
55.9589
60.5126
64.9193
69.1693
73.2571
77.1807
80.9402
84.5377
87.9764
91.2605
94.3949
97.3847
100.236
102.953
105.543
108.012
110.365
112.607
114.744
116.783
118.727
120.582
122.352
124.044
17.7059
18.7013
20.4734
22.8216
25.5371
28.4654
31.5039
34.5854
37.6658
40.7152
43.713
46.645
49.5016
52.2762
54.9648
57.5649
60.0756
62.4967
64.829
67.0737
69.2328
71.3081
73.3022
75.2174
77.0563
78.8218
80.5165
82.1432
83.7047
85.2035
86.6425
88.0241
89.351
17.6233
18.0951
19.0401
20.3949
22.0449
23.887
25.8451
27.8668
29.9162
31.9684
34.006
36.0168
37.9918
39.925
41.8118
43.6493
45.4355
47.1692
48.8499
50.4776
52.0526
53.5755
55.0472
56.4686
57.841
59.1657
60.4439
61.677
62.8666
64.0139
65.1205
66.1876
67.2166
17.5896
17.8082
18.3025
19.0753
20.0762
21.243
22.5218
23.8719
25.2637
26.6759
28.0933
29.5047
30.9021
32.2796
33.6328
34.9585
36.2545
37.5192
38.7515
39.9508
41.1168
42.2494
43.3488
44.4153
45.4494
46.4516
47.4226
48.363
49.2735
50.155
51.0082
51.8338
52.6326
17.5758
17.6732
17.924
18.3539
18.9503
19.682
20.5146
21.4186
22.3704
23.3521
24.3503
25.3549
26.3586
27.3555
28.3415
29.3133
30.2685
31.2054
32.1226
33.0192
33.8945
34.7481
35.5799
36.3898
37.1778
37.9442
38.6891
39.4128
40.1158
40.7983
41.4608
42.1038
42.7275
17.5702
17.6104
17.7324
17.9633
18.3084
18.7568
19.2901
19.889
20.5362
21.2175
21.9217
22.6397
23.3649
24.0919
24.8165
25.5356
26.2467
26.9479
27.6377
28.3151
28.9792
29.6294
30.2652
30.8865
31.4929
32.0845
32.6612
33.2232
33.7705
34.3033
34.8218
35.3262
35.8167
17.5678
17.5817
17.6374
17.7559
17.9479
18.2137
18.5461
18.9344
19.3672
19.8343
20.3268
20.8373
21.3597
21.8894
22.4224
22.9557
23.4869
24.014
24.5354
25.0501
25.5569
26.0552
26.5444
27.024
27.4938
27.9536
28.4031
28.8424
29.2714
29.69
30.0985
30.4967
30.8848
17.5669
17.5687
17.5913
17.6483
17.7501
17.9012
18.1009
18.3448
18.6268
18.9402
19.2785
19.6362
20.0084
20.3909
20.7804
21.174
21.5694
21.9647
22.3585
22.7494
23.1365
23.5189
23.8959
24.2672
24.6321
24.9905
25.342
25.6866
26.024
26.3542
26.6771
26.9928
27.3011
17.5665
17.563
17.5695
17.5941
17.6444
17.7258
17.8405
17.9877
18.1651
18.369
18.5955
18.8405
19.1005
19.3722
19.6527
19.9397
20.2311
20.5251
20.8204
21.1156
21.4098
21.7021
21.9918
22.2784
22.5614
22.8405
23.1152
23.3853
23.6508
23.9113
24.1668
24.4172
24.6625
17.5663
17.5605
17.5594
17.5675
17.5897
17.6303
17.6923
17.7769
17.8837
18.0113
18.1577
18.3205
18.4972
18.6856
18.8834
19.0888
19.2999
19.5153
19.7338
19.9541
20.1754
20.3968
20.6176
20.8373
21.0553
21.2713
21.485
21.6959
21.9039
22.1088
22.3104
22.5086
22.7033
17.5662
17.5595
17.5549
17.5548
17.5621
17.5799
17.6107
17.6561
17.7169
17.7929
17.8836
17.9876
18.1036
18.2302
18.3657
18.5089
18.6583
18.8128
18.9713
19.1329
19.2967
19.4619
19.628
19.7944
19.9605
20.1261
20.2906
20.4539
20.6157
20.7757
20.9338
21.0898
21.2435
17.5662
17.559
17.5529
17.5489
17.5487
17.5542
17.5672
17.5891
17.6211
17.6636
17.7166
17.7799
17.8528
17.9345
18.0241
18.1207
18.2233
18.3311
18.4432
18.559
18.6776
18.7985
18.9211
19.045
19.1696
19.2947
19.4198
19.5447
19.6691
19.7928
19.9155
20.0372
20.1576
17.5662
17.5588
17.552
17.5462
17.5424
17.5415
17.5447
17.5532
17.5679
17.5894
17.6181
17.6542
17.6975
17.7477
17.8043
17.8668
17.9347
18.0074
18.0842
18.1648
18.2484
18.3347
18.4233
18.5136
18.6053
18.698
18.7916
18.8857
18.98
19.0743
19.1685
19.2624
19.3558
17.5662
17.5588
17.5516
17.5451
17.5395
17.5354
17.5335
17.5346
17.5394
17.5483
17.562
17.5807
17.6044
17.6332
17.667
17.7055
17.7484
17.7954
17.8462
17.9004
17.9576
18.0175
18.0798
18.1441
18.2101
18.2776
18.3463
18.416
18.4865
18.5576
18.629
18.7006
18.7724
17.5662
17.5587
17.5515
17.5445
17.5381
17.5325
17.5281
17.5253
17.5246
17.5265
17.5312
17.5392
17.5506
17.5656
17.5843
17.6065
17.6322
17.6612
17.6934
17.7286
17.7666
17.807
17.8498
17.8946
17.9413
17.9896
18.0394
18.0905
18.1426
18.1956
18.2494
18.3038
18.3587
17.5662
17.5587
17.5514
17.5443
17.5376
17.5313
17.5256
17.5209
17.5174
17.5153
17.5151
17.517
17.5211
17.5277
17.5369
17.5487
17.5632
17.5804
17.6002
17.6225
17.6471
17.6741
17.7031
17.7342
17.7671
17.8017
17.8378
17.8753
17.914
17.9539
17.9947
18.0364
18.0788
17.5662
17.5587
17.5514
17.5442
17.5373
17.5307
17.5245
17.5189
17.514
17.5101
17.5074
17.506
17.5063
17.5083
17.5122
17.5181
17.5261
17.5363
17.5486
17.563
17.5795
17.5981
17.6186
17.6409
17.665
17.6907
17.718
17.7467
17.7767
17.8079
17.8402
17.8735
17.9077
17.5662
17.5587
17.5514
17.5442
17.5372
17.5306
17.5242
17.5183
17.513
17.5084
17.5048
17.5022
17.501
17.5012
17.503
17.5065
17.5117
17.5189
17.5279
17.5389
17.5517
17.5664
17.5829
17.6012
17.6212
17.6427
17.6657
17.6902
17.716
17.743
17.7711
17.8002
17.8303
17.5662
17.5587
17.5514
17.5442
17.5373
17.5307
17.5244
17.5187
17.5136
17.5094
17.5062
17.5041
17.5034
17.5042
17.5067
17.5108
17.5168
17.5246
17.5343
17.5459
17.5593
17.5746
17.5917
17.6104
17.6308
17.6528
17.6762
17.701
17.727
17.7543
17.7826
17.8119
17.8422
17.5662
17.5587
17.5514
17.5443
17.5376
17.5312
17.5255
17.5205
17.5166
17.5139
17.5127
17.5131
17.5153
17.5194
17.5256
17.5338
17.5442
17.5568
17.5714
17.5881
17.6068
17.6274
17.6498
17.674
17.6998
17.7271
17.7558
17.7858
17.817
17.8493
17.8826
17.9167
17.9517
17.5662
17.5587
17.5515
17.5446
17.5383
17.5328
17.5283
17.5254
17.5242
17.5251
17.5284
17.5344
17.543
17.5544
17.5687
17.5858
17.6056
17.6281
17.6531
17.6805
17.71
17.7417
17.7753
17.8106
17.8475
17.8859
17.9255
17.9663
18.0082
18.0509
18.0944
18.1386
18.1834
17.5662
17.5588
17.5518
17.5455
17.5403
17.5368
17.5355
17.5371
17.542
17.5507
17.5634
17.5803
17.6014
17.6267
17.656
17.689
17.7256
17.7655
17.8084
17.8539
17.902
17.9521
18.0042
18.0579
18.1131
18.1695
18.227
18.2853
18.3443
18.4039
18.4638
18.5241
18.5847
17.5663
17.5591
17.5527
17.548
17.5458
17.5473
17.5535
17.5653
17.5834
17.6079
17.6392
17.677
17.7211
17.771
17.8263
17.8865
17.9509
18.0192
18.0908
18.1651
18.2419
18.3207
18.401
18.4827
18.5654
18.6488
18.7328
18.817
18.9014
18.9857
19.0699
19.1538
19.2372
17.5663
17.5598
17.5555
17.5552
17.5611
17.5751
17.5988
17.6332
17.6786
17.7349
17.8015
17.8776
17.9624
18.0547
18.1535
18.2578
18.3668
18.4796
18.5954
18.7136
18.8335
18.9548
19.0768
19.1992
19.3218
19.4441
19.566
19.6872
19.8076
19.927
20.0452
20.1622
20.278
17.5666
17.5622
17.5642
17.5767
17.6039
17.6486
17.7124
17.7951
17.896
18.0132
18.145
18.289
18.4433
18.606
18.7753
18.9497
19.1279
19.3087
19.4912
19.6745
19.8581
20.0413
20.2236
20.4047
20.5843
20.7619
20.9376
21.111
21.282
21.4505
21.6165
21.7799
21.9405
17.5674
17.5706
17.5924
17.6417
17.7245
17.8427
17.995
18.1778
18.3868
18.6172
18.8646
19.125
19.3951
19.6719
19.953
20.2365
20.5208
20.8047
21.0871
21.3673
21.6445
21.9184
22.1886
22.4546
22.7164
22.9737
23.2264
23.4744
23.7178
23.9564
24.1903
24.4195
24.644
17.5706
17.6016
17.687
17.8408
18.0649
18.3527
18.6933
19.0751
19.4875
19.9213
20.3693
20.8257
21.286
21.7468
22.2053
22.6598
23.1087
23.5511
23.9861
24.4133
24.8323
25.2428
25.6447
26.038
26.4226
26.7986
27.1661
27.5251
27.8759
28.2184
28.553
28.8796
29.1986
17.5854
17.7219
18.012
18.4558
19.0269
19.692
20.4205
21.1884
21.9778
22.7761
23.5742
24.3656
25.1458
25.912
26.6623
27.3959
28.112
28.8104
29.4912
30.1544
30.8003
31.4292
32.0414
32.6374
33.2174
33.782
34.3316
34.8665
35.3873
35.8942
36.3878
36.8683
37.3363
17.6614
18.2163
19.1615
20.3924
21.7983
23.2954
24.8285
26.3633
27.8794
29.3645
30.811
32.214
33.5724
34.8867
36.1579
37.3876
38.5771
39.7282
40.8422
41.9207
42.965
43.9766
44.9566
45.9063
46.8269
47.7195
48.585
49.4246
50.2392
51.0296
51.7968
52.5417
53.265
18.1027
20.3856
23.4853
26.9261
30.4414
33.9034
37.2583
40.4818
43.5648
46.506
49.3034
51.9687
54.5134
56.9472
59.2786
61.5146
63.6615
65.7245
67.7085
69.6178
71.4563
73.2275
74.9347
76.5811
78.1693
79.7021
81.182
82.6114
83.9924
85.3272
86.6178
87.8661
89.0739
21.2182
31.4407
42.4859
53.1245
62.9728
72.0352
80.4369
88.194
95.3421
101.98
108.198
114.053
119.587
124.83
129.807
134.537
139.039
143.329
147.42
151.324
155.054
158.62
162.033
165.3
168.431
171.434
174.315
177.082
179.741
182.299
184.76
187.13
189.414
59.9537
123.961
170.318
207.141
238.336
266.971
293.908
319.086
342.453
364.002
383.806
401.992
418.711
434.116
448.348
461.537
473.799
485.233
495.929
505.963
515.403
524.308
532.729
540.71
548.292
555.509
562.392
568.969
575.263
581.296
587.089
592.657
598.022
1719.4
1778.23
1839.24
1895.41
1945.93
1992.23
2035.28
2075.52
2113.26
2148.7
2182.04
2213.4
2242.93
2270.74
2296.93
2321.61
2344.85
2366.75
2387.37
2406.81
2425.12
2442.37
2458.63
2473.95
2488.38
2501.98
2514.8
2526.88
2538.26
2548.99
2559.1
2568.63
2577.62
9372.75
8892
8341.22
7779.94
7245.1
6750.75
6302.6
5898.88
5534.45
5203.46
4900.86
4622.88
4366.81
4130.66
3912.86
3711.96
3526.58
3355.42
3197.2
3050.76
2915.03
2789.05
2671.89
2562.7
2460.65
2364.98
2274.95
2189.89
2109.19
2032.31
1958.75
1888.08
1819.92
1753.92
1689.81
1627.31
1566.22
1506.36
1447.58
1389.77
1332.85
1276.76
1221.49
1167.03
1113.42
1060.69
1008.93
958.219
908.668
860.393
813.519
768.175
724.489
682.581
642.562
604.527
568.554
534.7
502.999
473.46
446.071
420.796
397.579
376.347
357.011
339.472
323.619
309.34
296.518
285.036
274.781
265.641
257.51
250.287
243.878
238.192
233.147
228.665
224.676
221.113
217.917
215.032
212.408
210.002
207.774
205.688
203.713
201.823
199.993
198.204
196.44
194.684
192.926
191.154
189.361
187.537
185.685
183.773
181.96
179.229
3276.09
3322.82
3382.41
3440.35
3503.96
3571.04
3634.28
3685.25
3717.16
3725.65
3709.02
3667.79
3604.17
3521.5
3423.72
3314.98
3199.25
3080.06
2960.32
2842.19
2727.18
2616.17
2509.62
2407.65
2310.19
2217.07
2128.07
2042.92
1961.35
1883.09
1807.87
1735.41
1665.46
1597.78
1532.17
1468.42
1406.39
1345.93
1286.94
1229.32
1173.02
1118
1064.24
1011.76
960.565
910.713
862.258
815.267
769.821
726.001
683.893
643.578
605.133
568.624
534.105
501.615
471.175
442.788
416.44
392.095
369.705
349.204
330.513
313.543
298.197
284.373
271.966
260.87
250.98
242.194
234.413
227.544
221.498
216.191
211.546
207.489
203.951
200.87
198.185
195.842
193.791
191.985
190.381
188.941
187.631
186.419
185.278
184.184
183.115
182.054
180.985
179.895
178.773
177.61
176.398
175.13
173.809
172.406
171.055
168.96
1361.15
1366.32
1375.38
1387.14
1401.08
1417.33
1436.71
1460.82
1491.27
1528.83
1573.46
1624.2
1679.12
1735.48
1789.96
1839.07
1879.6
1909.01
1925.74
1929.28
1920.13
1899.53
1869.19
1831.04
1786.9
1738.42
1686.96
1633.59
1579.1
1524.1
1469.02
1414.16
1359.75
1305.94
1252.85
1200.55
1149.12
1098.59
1049.01
1000.41
952.839
906.335
860.945
816.724
773.73
732.027
691.682
652.763
615.338
579.475
545.233
512.665
481.817
452.719
425.39
399.838
376.051
354.007
333.669
314.987
297.901
282.34
268.229
255.484
244.02
233.751
224.588
216.447
209.244
202.899
197.336
192.484
188.275
184.644
181.532
178.883
176.644
174.765
173.2
171.905
170.838
169.962
169.24
168.641
168.133
167.691
167.289
166.905
166.522
166.12
165.688
165.211
164.68
164.086
163.422
162.681
161.867
160.954
160.049
158.573
728.59
730.516
732.562
734.647
736.77
739.063
741.761
745.057
749.166
754.64
762.074
772.042
785.048
801.465
821.473
844.982
871.584
900.516
930.684
960.74
989.2
1014.61
1035.69
1051.48
1061.38
1065.18
1063.01
1055.25
1042.49
1025.36
1004.53
980.654
954.305
925.998
896.178
865.223
833.458
801.159
768.565
735.883
703.295
670.965
639.039
607.65
576.92
546.96
517.874
489.754
462.684
436.737
411.974
388.448
366.196
345.244
325.606
307.282
290.262
274.524
260.036
246.757
234.639
223.63
213.671
204.703
196.663
189.49
183.122
177.5
172.566
168.265
164.545
161.355
158.649
156.381
154.511
152.997
151.802
150.888
150.221
149.767
149.493
149.368
149.365
149.453
149.609
149.808
150.028
150.25
150.454
150.627
150.753
150.82
150.819
150.74
150.577
150.323
149.979
149.526
149.041
148.156
436.804
439.413
441.91
444.168
446.113
447.759
449.172
450.448
451.65
452.883
454.289
456.027
458.259
461.152
464.865
469.549
475.328
482.288
490.459
499.795
510.154
521.295
532.877
544.473
555.597
565.747
574.441
581.261
585.879
588.073
587.737
584.869
579.552
571.942
562.24
550.676
537.492
522.934
507.24
490.638
473.338
455.541
437.427
419.164
400.905
382.787
364.936
347.462
330.464
314.028
298.225
283.115
268.746
255.153
242.36
230.381
219.219
208.869
199.318
190.547
182.53
175.239
168.643
162.705
157.391
152.665
148.49
144.832
141.655
138.926
136.613
134.685
133.114
131.87
130.926
130.256
129.833
129.631
129.626
129.793
130.107
130.543
131.078
131.689
132.353
133.051
133.761
134.466
135.148
135.792
136.385
136.913
137.367
137.737
138.015
138.194
138.274
138.24
138.141
137.804
276.274
279.067
281.748
284.257
286.538
288.575
290.382
291.985
293.417
294.708
295.9
297.034
298.15
299.286
300.481
301.771
303.193
304.785
306.58
308.609
310.893
313.441
316.242
319.264
322.446
325.699
328.91
331.941
334.641
336.855
338.432
339.236
339.158
338.117
336.066
332.988
328.903
323.852
317.904
311.141
303.661
295.567
286.968
277.972
268.687
259.214
249.653
240.094
230.619
221.304
212.215
203.408
194.932
186.827
179.124
171.847
165.011
158.626
152.696
147.22
142.192
137.603
133.442
129.693
126.343
123.373
120.767
118.507
116.576
114.956
113.63
112.582
111.795
111.252
110.938
110.836
110.929
111.201
111.634
112.211
112.913
113.723
114.62
115.586
116.603
117.652
118.715
119.775
120.815
121.821
122.778
123.674
124.498
125.238
125.887
126.436
126.885
127.218
127.461
127.619
182.467
184.982
187.416
189.743
191.935
193.976
195.866
197.611
199.221
200.707
202.082
203.359
204.549
205.658
206.692
207.656
208.552
209.382
210.152
210.866
211.532
212.155
212.743
213.303
213.836
214.34
214.807
215.22
215.553
215.777
215.85
215.729
215.369
214.725
213.754
212.422
210.701
208.576
206.04
203.1
199.77
196.076
192.053
187.739
183.181
178.425
173.522
168.522
163.474
158.425
153.417
148.493
143.687
139.032
134.554
130.278
126.22
122.396
118.817
115.488
112.416
109.6
107.041
104.736
102.68
100.87
99.2972
97.9567
96.8408
95.9421
95.253
94.7656
94.472
94.3638
94.4327
94.6695
95.0646
95.6078
96.288
97.0933
98.0109
99.027
100.127
101.297
102.52
103.781
105.063
106.352
107.631
108.886
110.103
111.268
112.37
113.397
114.34
115.189
115.941
116.584
117.118
117.706
125.922
127.997
130.024
131.989
133.877
135.678
137.389
139.01
140.543
141.99
143.356
144.645
145.858
146.996
148.057
149.038
149.935
150.742
151.455
152.07
152.583
152.993
153.301
153.507
153.614
153.626
153.545
153.374
153.115
152.765
152.323
151.781
151.133
150.367
149.473
148.44
147.256
145.912
144.4
142.717
140.862
138.839
136.654
134.319
131.85
129.263
126.58
123.822
121.012
118.175
115.334
112.512
109.73
107.011
104.371
101.827
99.3948
97.0861
94.9114
92.8791
90.9958
89.2665
87.6947
86.2823
85.0305
83.9393
83.008
82.2354
81.6197
81.1588
80.8503
80.6915
80.6795
80.8109
81.0822
81.4891
82.0269
82.6899
83.4717
84.3652
85.3617
86.452
87.6256
88.871
90.1758
91.5271
92.9111
94.3139
95.7213
97.1193
98.4941
99.8323
101.121
102.349
103.506
104.58
105.566
106.454
107.225
108.172
90.8329
92.4813
94.1021
95.6885
97.2326
98.7283
100.172
101.563
102.899
104.181
105.41
106.586
107.708
108.776
109.786
110.735
111.617
112.428
113.162
113.812
114.374
114.844
115.217
115.492
115.669
115.746
115.726
115.611
115.403
115.105
114.721
114.252
113.701
113.067
112.353
111.557
110.678
109.717
108.671
107.542
106.329
105.035
103.663
102.216
100.701
99.1255
97.4984
95.8298
94.1307
92.413
90.6891
88.9713
87.2721
85.6036
83.9773
82.4039
80.8935
79.4549
78.0961
76.8242
75.645
74.5635
73.5839
72.7095
71.9428
71.2857
70.7398
70.3061
69.9851
69.7774
69.6831
69.7022
69.8344
70.0792
70.4359
70.9032
71.4795
72.1625
72.9491
73.8355
74.8168
75.8871
77.0395
78.2658
79.557
80.9029
82.2924
83.7137
85.1544
86.6019
88.0431
89.4653
90.8558
92.2023
93.4938
94.7187
95.8697
96.9375
97.8853
99.1129
68.3714
69.6625
70.9391
72.1975
73.4332
74.6424
75.8224
76.9715
78.0883
79.1719
80.222
81.2379
82.2185
83.1622
84.0664
84.928
85.7431
86.5072
87.2157
87.8636
88.4462
88.9589
89.3979
89.7598
90.0423
90.2438
90.3637
90.4021
90.3601
90.2393
90.0418
89.7701
89.427
89.0151
88.5372
87.996
87.3939
86.7332
86.0163
85.2455
84.4231
83.552
82.635
81.6758
80.6783
79.6472
78.5876
77.5053
76.4066
75.2983
74.1875
73.0813
71.9874
70.9129
69.8652
68.8512
67.8775
66.9503
66.0753
65.2577
64.502
63.8125
63.1927
62.6457
62.1743
61.7808
61.4672
61.2352
61.0864
61.0223
61.044
61.1527
61.3496
61.6355
62.0111
62.4771
63.0335
63.6802
64.4164
65.2406
66.1508
67.1438
68.2155
69.361
70.5739
71.8471
73.1721
74.5398
75.94
77.3617
78.7935
80.2237
81.6403
83.0313
84.3856
85.6912
86.9396
88.1228
89.1898
90.6194
53.5323
54.5423
55.5456
56.5399
57.5225
58.491
59.4435
60.3784
61.2945
62.1908
63.0665
63.9207
64.7523
65.5597
66.3411
67.094
67.8155
68.5023
69.1509
69.7575
70.3183
70.8296
71.2879
71.6901
72.0335
72.316
72.5359
72.6925
72.7853
72.8147
72.7815
72.687
72.5329
72.3212
72.0543
71.7347
71.365
70.9478
70.486
69.9824
69.4399
68.8615
68.2503
67.6094
66.9425
66.2532
65.5452
64.8229
64.0905
63.3526
62.6139
61.8793
61.1537
60.4419
59.749
59.0795
58.4381
57.8291
57.2565
56.7242
56.2357
55.7942
55.4025
55.0632
54.7788
54.5513
54.3827
54.2749
54.2295
54.2483
54.3327
54.4844
54.7049
54.9957
55.3584
55.7943
56.3045
56.8901
57.5516
58.2893
59.1028
59.991
60.9523
61.984
63.0823
64.2427
65.4594
66.7257
68.034
69.3754
70.7406
72.1194
73.5012
74.8749
76.2299
77.5546
78.8398
80.0785
81.2101
82.7654
43.4322
44.2258
45.0172
45.8049
46.5871
47.3623
48.1291
48.8863
49.6329
50.3679
51.0906
51.8001
52.4954
53.1753
53.8383
54.4827
55.1063
55.7067
56.2814
56.8276
57.3424
57.823
58.2666
58.6705
59.0324
59.3503
59.6223
59.8471
60.0239
60.1521
60.2317
60.263
60.2469
60.1843
60.0767
59.9259
59.7336
59.5022
59.2338
58.9309
58.5961
58.232
57.8414
57.4272
56.9924
56.54
56.0732
55.5952
55.1096
54.6198
54.1292
53.6414
53.1601
52.6889
52.2311
51.7904
51.3699
50.9729
50.6024
50.2612
49.9519
49.6771
49.4389
49.2394
49.0806
48.9643
48.8921
48.8657
48.8866
48.9565
49.0768
49.2491
49.4752
49.7565
50.0949
50.492
50.9495
51.4687
52.0512
52.6981
53.4101
54.1875
55.0303
55.9374
56.9072
57.9373
59.0243
60.1637
61.3502
62.5774
63.838
65.124
66.4263
67.7356
69.0421
70.3353
71.606
72.8484
73.9962
75.6071
36.3724
37
37.6279
38.255
38.8802
39.5025
40.121
40.7346
41.3425
41.9441
42.5385
43.1252
43.7032
44.2717
44.8295
45.3752
45.9075
46.4245
46.9244
47.4052
47.8648
48.301
48.7118
49.0951
49.4488
49.7714
50.061
50.3165
50.5367
50.7209
50.8685
50.9794
51.0537
51.0918
51.0945
51.0626
50.9975
50.9005
50.7733
50.6177
50.4356
50.2293
50.0009
49.7527
49.4873
49.2071
48.9148
48.613
48.3044
47.9918
47.6779
47.3657
47.0577
46.7569
46.4658
46.1872
45.9234
45.677
45.4502
45.2452
45.064
44.9084
44.7803
44.6812
44.6127
44.5761
44.573
44.6046
44.6722
44.7772
44.921
45.105
45.3307
45.5995
45.9133
46.2736
46.6821
47.1406
47.6507
48.2139
48.8317
49.5052
50.2351
51.0218
51.865
52.7639
53.7168
54.7214
55.7742
56.8711
58.0069
59.1756
60.3702
61.583
62.8059
64.0298
65.2461
66.4504
67.5741
69.1803
31.3256
31.8248
32.3256
32.8274
33.3295
33.8311
34.3315
34.8299
35.3258
35.8185
36.3076
36.7923
37.272
37.7461
38.2137
38.6738
39.1253
39.5669
39.9975
40.4154
40.8192
41.2073
41.5781
41.93
42.2615
42.5712
42.8577
43.1198
43.3567
43.5673
43.7511
43.9076
44.0368
44.1385
44.213
44.2609
44.2827
44.2794
44.252
44.2018
44.1302
44.0388
43.9293
43.8034
43.6631
43.5104
43.3474
43.1761
42.9989
42.8178
42.6351
42.4531
42.2739
42.0997
41.9325
41.7746
41.6277
41.4938
41.3747
41.2719
41.1871
41.1218
41.0771
41.0544
41.0549
41.0797
41.1298
41.2063
41.3104
41.4429
41.6052
41.7983
42.0236
42.2823
42.576
42.9061
43.2742
43.682
44.1312
44.6234
45.1603
45.7432
46.3736
47.0524
47.7804
48.5576
49.3838
50.258
51.1785
52.1429
53.148
54.1895
55.2624
56.361
57.4789
58.6086
59.7425
60.878
61.9468
63.4998
27.6522
28.0508
28.452
28.8551
29.2597
29.6653
30.0714
30.4773
30.8826
31.2869
31.6897
32.0904
32.4887
32.8839
33.2755
33.6626
34.0446
34.4205
34.7894
35.1501
35.5017
35.8429
36.1726
36.4896
36.7927
37.0809
37.353
37.6081
37.8453
38.0638
38.2631
38.4426
38.6021
38.7413
38.8603
38.9592
39.0384
39.0984
39.1398
39.1636
39.1705
39.1618
39.1387
39.1025
39.0547
38.9968
38.9305
38.8574
38.7792
38.6977
38.6147
38.5318
38.4509
38.3737
38.3018
38.2368
38.1802
38.1336
38.0983
38.0755
38.0664
38.0722
38.0938
38.1322
38.1882
38.2628
38.3566
38.4706
38.6054
38.762
38.9412
39.144
39.3713
39.6242
39.9041
40.212
40.5495
40.9181
41.3191
41.7543
42.2253
42.7336
43.2807
43.8679
44.4965
45.1672
45.8806
46.6366
47.4349
48.2743
49.153
50.0686
51.0176
51.9962
52.9994
54.0217
55.0569
56.1037
57.0968
58.5609
24.9424
25.2613
25.5831
25.9076
26.2343
26.5629
26.893
27.2241
27.5559
27.888
28.22
28.5517
28.8825
29.2121
29.54
29.8657
30.1885
30.5079
30.8231
31.1335
31.4381
31.7361
32.0268
32.3091
32.5823
32.8455
33.0979
33.3387
33.5672
33.7828
33.9848
34.173
34.3469
34.5063
34.651
34.7812
34.897
34.9985
35.0863
35.1609
35.2228
35.273
35.3122
35.3415
35.3619
35.3746
35.3809
35.3819
35.3791
35.3739
35.3675
35.3614
35.3569
35.3554
35.3582
35.3666
35.3816
35.4045
35.4362
35.4778
35.5301
35.5939
35.67
35.759
35.8616
35.9783
36.1098
36.2565
36.4191
36.5981
36.7942
37.0082
37.2407
37.4926
37.7649
38.0586
38.3748
38.7149
39.0801
39.4718
39.8915
40.3408
40.8211
41.3338
41.8803
42.4618
43.0791
43.7331
44.4239
45.1515
45.915
46.7134
47.5446
48.4061
49.2946
50.2062
51.136
52.084
52.9896
54.3423
22.9262
23.1809
23.4389
23.6999
23.9637
24.2298
24.4981
24.7682
25.0399
25.3128
25.5867
25.8613
26.1362
26.4111
26.6858
26.9597
27.2326
27.5038
27.773
28.0395
28.3028
28.5623
28.8173
29.0673
29.3116
29.5494
29.7804
30.0037
30.2189
30.4256
30.6232
30.8113
30.9897
31.1581
31.3165
31.4646
31.6027
31.7308
31.8492
31.9582
32.0583
32.15
32.2339
32.3108
32.3814
32.4467
32.5075
32.5649
32.6198
32.6734
32.7266
32.7805
32.8363
32.8948
32.9572
33.0244
33.0972
33.1765
33.2631
33.3577
33.4609
33.5733
33.6953
33.8275
33.9702
34.1238
34.2887
34.4651
34.6536
34.8545
35.0682
35.2951
35.5359
35.7911
36.0616
36.348
36.6512
36.9724
37.3125
37.6729
38.0547
38.4592
38.8879
39.3422
39.8234
40.3327
40.8714
41.4403
42.0404
42.6719
43.335
44.0293
44.754
45.5075
46.2881
47.0929
47.9185
48.7659
49.58
50.8101
21.4202
21.6229
21.8289
22.0383
22.2506
22.4658
22.6835
22.9036
23.1258
23.3499
23.5757
23.8029
24.0314
24.2608
24.4909
24.7214
24.9521
25.1825
25.4124
25.6413
25.8688
26.0945
26.3179
26.5386
26.7561
26.97
27.1797
27.3849
27.5852
27.7802
27.9694
28.1528
28.3299
28.5006
28.6647
28.8223
28.9734
29.1179
29.2561
29.3882
29.5145
29.6354
29.7513
29.8629
29.9706
30.0752
30.1773
30.2777
30.3771
30.4764
30.5764
30.6778
30.7816
30.8884
30.9989
31.114
31.2343
31.3603
31.4926
31.6317
31.778
31.9318
32.0935
32.2633
32.4414
32.628
32.8234
33.0276
33.2408
33.4633
33.6952
33.937
34.1888
34.4512
34.7247
35.0097
35.307
35.6174
35.9418
36.2811
36.6363
37.0086
37.3993
37.8094
38.2404
38.6934
39.1697
39.6703
40.1962
40.7481
41.3268
41.9322
42.5644
43.2226
43.906
44.613
45.3411
46.0923
46.8169
47.9228
20.2966
20.4568
20.6205
20.7876
20.9578
21.1311
21.3073
21.4861
21.6675
21.8512
22.0372
22.2252
22.415
22.6064
22.7994
22.9936
23.1888
23.3848
23.5814
23.7783
23.9751
24.1716
24.3675
24.5625
24.7561
24.9481
25.1382
25.3261
25.5114
25.6939
25.8734
26.0495
26.2223
26.3914
26.5569
26.7187
26.8767
27.0311
27.182
27.3295
27.4739
27.6155
27.7546
27.8916
28.027
28.1612
28.2949
28.4286
28.5628
28.6982
28.8354
28.9749
29.1175
29.2636
29.4138
29.5686
29.7284
29.8937
30.0648
30.2419
30.4254
30.6154
30.812
31.0154
31.2255
31.4423
31.666
31.8965
32.1338
32.3779
32.629
32.8871
33.1525
33.4253
33.7058
33.9945
34.2918
34.5983
34.9146
35.2415
35.5798
35.9305
36.2946
36.6731
37.0671
37.4778
37.9063
38.3537
38.8211
39.3093
39.8191
40.3512
40.9058
41.4829
42.0823
42.7032
43.3441
44.0075
44.649
45.6365
19.4642
19.5899
19.719
19.8514
19.9872
20.1262
20.2683
20.4132
20.561
20.7115
20.8646
21.0201
21.1779
21.338
21.5
21.664
21.8297
21.997
22.1657
22.3357
22.5066
22.6784
22.8508
23.0236
23.1965
23.3694
23.542
23.7142
23.8856
24.0562
24.2258
24.3943
24.5615
24.7273
24.8917
25.0547
25.2163
25.3766
25.5357
25.6938
25.8509
26.0075
26.1637
26.3198
26.4763
26.6336
26.7919
26.9519
27.1138
27.2783
27.4457
27.6164
27.791
27.9699
28.1533
28.3417
28.5353
28.7344
28.9391
29.1496
29.3659
29.5881
29.8162
30.05
30.2896
30.5347
30.7852
31.0411
31.3021
31.5682
31.8393
32.1154
32.3964
32.6824
32.9735
33.2701
33.5723
33.8806
34.1953
34.5172
34.8467
35.1847
35.5319
35.8893
36.2577
36.6382
37.0317
37.4394
37.8622
38.301
38.7568
39.2302
39.722
40.2324
40.7616
41.3095
41.8752
42.4616
43.0293
43.9091
18.8562
18.954
19.0552
19.1598
19.2678
19.3789
19.4933
19.6108
19.7312
19.8546
19.9809
20.11
20.2417
20.376
20.5128
20.652
20.7935
20.9373
21.0831
21.2308
21.3804
21.5317
21.6845
21.8388
21.9944
22.1511
22.3089
22.4676
22.627
22.7872
22.9479
23.1091
23.2708
23.433
23.5955
23.7586
23.9221
24.0863
24.2511
24.4168
24.5835
24.7515
24.921
25.0922
25.2655
25.4412
25.6196
25.801
25.9858
26.1744
26.3671
26.5643
26.7661
26.973
27.1851
27.4027
27.6259
27.8548
28.0894
28.3298
28.5759
28.8276
29.0847
29.347
29.6144
29.8865
30.1631
30.444
30.7288
31.0174
31.3095
31.605
31.9036
32.2054
32.5103
32.8184
33.1298
33.4447
33.7634
34.0863
34.4139
34.7466
35.0853
35.4304
35.7829
36.1435
36.5132
36.8928
37.2833
37.6855
38.1004
38.5288
38.9713
39.4287
39.9014
40.3895
40.8927
41.4144
41.9188
42.7049
18.4233
18.4993
18.5786
18.6613
18.7472
18.8365
18.929
19.0247
19.1235
19.2254
19.3305
19.4385
19.5495
19.6633
19.7801
19.8996
20.0219
20.1468
20.2744
20.4045
20.5371
20.672
20.8093
20.9489
21.0906
21.2344
21.3803
21.5282
21.678
21.8297
21.9832
22.1387
22.2959
22.4551
22.6162
22.7793
22.9444
23.1117
23.2813
23.4534
23.6282
23.8057
23.9864
24.1704
24.3579
24.5493
24.7448
24.9448
25.1494
25.359
25.5738
25.7941
26.0201
26.2519
26.4897
26.7336
26.9836
27.2398
27.502
27.7701
28.044
28.3234
28.6081
28.8978
29.1922
29.4907
29.7932
30.0992
30.4084
30.7203
31.0346
31.3511
31.6694
31.9894
32.3109
32.6339
32.9583
33.2841
33.6116
33.9409
34.2724
34.6064
34.9434
35.284
35.6288
35.9784
36.3336
36.6952
37.064
37.4408
37.8266
38.222
38.6278
39.0449
39.4737
39.9148
40.3681
40.8371
41.2895
41.9974
18.1292
18.189
18.252
18.3183
18.3879
18.4607
18.5368
18.6161
18.6987
18.7845
18.8735
18.9657
19.0611
19.1597
19.2613
19.3661
19.4739
19.5848
19.6987
19.8156
19.9355
20.0583
20.1841
20.3127
20.4443
20.5787
20.7159
20.856
20.999
21.1449
21.2936
21.4453
21.6
21.7577
21.9186
22.0827
22.2502
22.4212
22.5958
22.7742
22.9567
23.1434
23.3345
23.5303
23.731
23.9369
24.1482
24.3652
24.588
24.817
25.0522
25.294
25.5423
25.7974
26.0593
26.3279
26.6033
26.8854
27.1739
27.4687
27.7695
28.076
28.3879
28.7047
29.0259
29.3512
29.6801
30.0119
30.3464
30.6829
31.0211
31.3605
31.7008
32.0415
32.3825
32.7236
33.0645
33.4053
33.7459
34.0864
34.427
34.7679
35.1095
35.4522
35.7964
36.1426
36.4916
36.8439
37.2003
37.5614
37.9282
38.3013
38.6816
39.0697
39.4664
39.8723
40.2877
40.716
41.1273
41.7732
17.9486
17.9976
18.0498
18.1052
18.1637
18.2255
18.2905
18.3589
18.4305
18.5054
18.5837
18.6652
18.7501
18.8383
18.9299
19.0248
19.123
19.2246
19.3295
19.4378
19.5495
19.6645
19.7829
19.9047
20.03
20.1588
20.291
20.4268
20.5662
20.7093
20.8561
21.0067
21.1613
21.3199
21.4826
21.6496
21.8211
21.9971
22.178
22.3639
22.5549
22.7514
22.9535
23.1615
23.3755
23.596
23.823
24.0568
24.2976
24.5456
24.8009
25.0637
25.3341
25.612
25.8976
26.1907
26.4912
26.799
27.1139
27.4354
27.7634
28.0973
28.4368
28.7814
29.1305
29.4835
29.8399
30.1991
30.5605
30.9236
31.2877
31.6523
32.0171
32.3814
32.745
33.1075
33.4686
33.8282
34.1861
34.5423
34.8969
35.25
35.6017
35.9524
36.3024
36.6521
37.002
37.3527
37.7048
38.0589
38.4157
38.776
39.1406
39.5101
39.8853
40.2669
40.6553
41.0543
41.4351
42.035
17.8665
17.9101
17.9568
18.0067
18.0596
18.1159
18.1753
18.2381
18.3041
18.3736
18.4464
18.5226
18.6023
18.6854
18.772
18.8621
18.9558
19.053
19.1538
19.2583
19.3664
19.4782
19.5938
19.7132
19.8365
19.9637
20.095
20.2304
20.37
20.5139
20.6622
20.8151
20.9726
21.135
21.3024
21.475
21.6529
21.8364
22.0257
22.221
22.4225
22.6304
22.8451
23.0667
23.2955
23.5318
23.7756
24.0274
24.2871
24.5551
24.8315
25.1162
25.4095
25.7112
26.0214
26.3399
26.6666
27.0012
27.3435
27.6931
28.0495
28.4124
28.7811
29.1551
29.5339
29.9166
30.3028
30.6916
31.0825
31.4746
31.8675
32.2604
32.6527
33.044
33.4336
33.8212
34.2064
34.5889
34.9685
35.345
35.7184
36.0886
36.4558
36.8201
37.1818
37.5412
37.8987
38.2547
38.6098
38.9646
39.3196
39.6756
40.0333
40.3934
40.7567
41.124
41.4957
41.876
42.2363
42.8061
17.8786
17.9224
17.9692
18.0192
18.0723
18.1286
18.1881
18.251
18.3172
18.3868
18.4598
18.5363
18.6163
18.6998
18.787
18.8777
18.9722
19.0703
19.1722
19.278
19.3877
19.5013
19.619
19.7408
19.8668
19.9972
20.132
20.2714
20.4155
20.5644
20.7183
20.8774
21.0418
21.2117
21.3874
21.569
21.7568
21.951
22.1518
22.3595
22.5744
22.7967
23.0266
23.2645
23.5106
23.7651
24.0282
24.3002
24.5813
24.8715
25.1711
25.4801
25.7985
26.1262
26.4633
26.8095
27.1647
27.5286
27.9008
28.2809
28.6685
29.063
29.4638
29.8702
30.2816
30.6972
31.1164
31.5382
31.9619
32.3868
32.8121
33.2371
33.661
34.0832
34.5031
34.9202
35.3339
35.7439
36.1499
36.5515
36.9487
37.3413
37.7294
38.113
38.4922
38.8673
39.2387
39.6067
39.9717
40.3343
40.6951
41.0547
41.4137
41.773
42.1334
42.4956
42.8602
43.2317
43.581
44.1362
17.9934
18.0434
18.0963
18.1524
18.2117
18.2742
18.3399
18.409
18.4814
18.5573
18.6366
18.7194
18.8058
18.8957
18.9893
19.0866
19.1876
19.2925
19.4013
19.5141
19.6309
19.7519
19.8772
20.0068
20.141
20.2798
20.4233
20.5718
20.7255
20.8844
21.0488
21.2188
21.3948
21.5769
21.7654
21.9605
22.1625
22.3717
22.5883
22.8126
23.0449
23.2855
23.5347
23.7927
24.0599
24.3364
24.6226
24.9187
25.2247
25.541
25.8675
26.2044
26.5516
26.9092
27.277
27.6548
28.0424
28.4395
28.8456
29.2604
29.6832
30.1136
30.5507
30.994
31.4425
31.8956
32.3523
32.8118
33.2733
33.7358
34.1985
34.6605
35.121
35.5794
36.0348
36.4866
36.9342
37.3771
37.815
38.2474
38.6741
39.0948
39.5096
39.9185
40.3214
40.7186
41.1103
41.4969
41.8787
42.2563
42.6302
43.001
43.3694
43.7362
44.1022
44.4684
44.8352
45.2077
45.5552
46.1114
18.2363
18.2989
18.3646
18.4335
18.5057
18.5811
18.6598
18.7418
18.8272
18.916
19.0083
19.1041
19.2035
19.3065
19.4132
19.5236
19.6379
19.756
19.8782
20.0044
20.1348
20.2695
20.4087
20.5524
20.7009
20.8542
21.0127
21.1763
21.3455
21.5204
21.7011
21.8881
22.0814
22.2815
22.4885
22.7028
22.9246
23.1543
23.3922
23.6386
23.8939
24.1582
24.4321
24.7157
25.0094
25.3135
25.6281
25.9536
26.2901
26.6378
26.9968
27.3672
27.7489
28.1419
28.5461
28.9612
29.387
29.8232
30.2692
30.7246
31.1888
31.6611
32.1409
32.6272
33.1192
33.6161
34.1169
34.6206
35.1263
35.633
36.1397
36.6454
37.1493
37.6504
38.148
38.6412
39.1295
39.6121
40.0886
40.5585
41.0215
41.4773
41.9257
42.3667
42.8003
43.2267
43.6459
44.0584
44.4645
44.8647
45.2595
45.6496
46.0357
46.4185
46.7991
47.1784
47.5569
47.9408
48.2958
48.8701
18.6555
18.7384
18.8245
18.9139
19.0066
19.1026
19.2019
19.3046
19.4107
19.5202
19.6332
19.7497
19.8698
19.9935
20.1209
20.2521
20.3871
20.5261
20.6691
20.8163
20.9678
21.1238
21.2843
21.4495
21.6198
21.7951
21.9758
22.1621
22.3541
22.5523
22.7568
22.9679
23.1859
23.4112
23.6441
23.8848
24.1338
24.3913
24.6579
24.9337
25.2192
25.5147
25.8206
26.1373
26.4649
26.804
27.1547
27.5172
27.8919
28.2788
28.678
29.0897
29.5138
29.9503
30.399
30.8596
31.3319
31.8154
32.3098
32.8144
33.3285
33.8515
34.3825
34.9206
35.465
36.0146
36.5683
37.1252
37.684
38.2438
38.8035
39.3619
39.918
40.4709
41.0195
41.5631
42.1008
42.6319
43.1558
43.6719
44.1799
44.6793
45.17
45.6518
46.1248
46.589
47.0445
47.4917
47.9309
48.3627
48.7876
49.2063
49.6196
50.0283
50.4335
50.8365
51.2377
51.6446
52.0176
52.6298
19.3341
19.4466
19.5623
19.6814
19.8038
19.9296
20.0588
20.1913
20.3273
20.4667
20.6096
20.756
20.906
21.0596
21.2169
21.3781
21.5431
21.7121
21.8853
22.0627
22.2445
22.4309
22.6221
22.8181
23.0194
23.226
23.4383
23.6564
23.8808
24.1116
24.3492
24.5939
24.8461
25.1061
25.3744
25.6512
25.9369
26.2321
26.537
26.8521
27.1778
27.5145
27.8625
28.2223
28.5943
28.9787
29.3758
29.786
30.2095
30.6464
31.0968
31.5609
32.0386
32.5298
33.0343
33.552
34.0824
34.6251
35.1796
35.7452
36.3213
36.9071
37.5015
38.1038
38.7127
39.3273
39.9464
40.5687
41.1932
41.8185
42.4434
43.0668
43.6875
44.3044
44.9163
45.5224
46.1217
46.7133
47.2966
47.8709
48.4357
48.9906
49.5354
50.0698
50.5938
51.1074
51.6109
52.1045
52.5887
53.064
53.531
53.9905
54.4434
54.8907
55.3337
55.7738
56.2116
56.6565
57.061
57.737
20.4114
20.5651
20.7223
20.8828
21.0467
21.2141
21.3848
21.5589
21.7364
21.9174
22.1019
22.2899
22.4816
22.6769
22.8759
23.0788
23.2857
23.4967
23.7118
23.9314
24.1555
24.3844
24.6182
24.8572
25.1016
25.3517
25.6078
25.8702
26.1392
26.4152
26.6984
26.9894
27.2885
27.5961
27.9126
28.2385
28.5742
28.9202
29.277
29.6449
30.0244
30.4161
30.8202
31.2374
31.6679
32.1121
32.5703
33.043
33.5302
34.0323
34.5493
35.0813
35.6282
36.19
36.7665
37.3574
37.9623
38.5807
39.2121
39.8556
40.5106
41.1762
41.8513
42.5349
43.2258
43.9229
44.6248
45.3302
46.0379
46.7463
47.4543
48.1604
48.8634
49.5619
50.2549
50.9411
51.6196
52.2894
52.9497
53.5998
54.239
54.8669
55.4832
56.0876
56.68
57.2606
57.8295
58.3871
58.9338
59.4702
59.9972
60.5156
61.0266
61.5313
62.0314
62.5286
63.0234
63.5285
63.9838
64.7622
22.1249
22.3361
22.5507
22.7687
22.9902
23.2151
23.4434
23.6751
23.9102
24.1488
24.391
24.6367
24.8861
25.1392
25.3962
25.6571
25.9221
26.1913
26.4648
26.743
27.0259
27.3138
27.6069
27.9056
28.21
28.5205
28.8375
29.1613
29.4922
29.8307
30.1772
30.5321
30.8959
31.269
31.652
32.0454
32.4495
32.8651
33.2925
33.7324
34.1851
34.6513
35.1314
35.6259
36.1353
36.6599
37.2001
37.7563
38.3287
38.9175
39.5229
40.145
40.7836
41.4387
42.1101
42.7975
43.5003
44.2182
44.9503
45.696
46.4544
47.2244
48.0051
48.7952
49.5935
50.3986
51.2092
52.0238
52.8409
53.6591
54.4768
55.2927
56.1051
56.9128
57.7145
58.5087
59.2945
60.0707
60.8363
61.5906
62.3327
63.0623
63.7788
64.4821
65.172
65.8485
66.512
67.1628
67.8015
68.4289
69.0459
69.6537
70.2537
70.8474
71.4368
72.0245
72.6105
73.2128
73.751
74.6961
24.9005
25.1931
25.4891
25.7886
26.0914
26.3976
26.7073
27.0204
27.3369
27.657
27.9806
28.3079
28.6389
28.9737
29.3125
29.6553
30.0024
30.3539
30.71
31.071
31.437
31.8083
32.1852
32.5681
32.9572
33.353
33.7558
34.166
34.5842
35.0106
35.446
35.8906
36.3452
36.8101
37.2861
37.7736
38.2733
38.7857
39.3114
39.8511
40.4052
40.9745
41.5594
42.1605
42.7783
43.4132
44.0657
44.7361
45.4248
46.1319
46.8577
47.6022
48.3653
49.147
49.9469
50.7649
51.6004
52.4528
53.3215
54.2056
55.1042
56.0163
56.9407
57.8762
58.8215
59.7751
60.7356
61.7014
62.6709
63.6427
64.615
65.5862
66.5547
67.5191
68.4777
69.4291
70.372
71.3051
72.2273
73.1376
74.0351
74.9191
75.7891
76.6448
77.486
78.3128
79.1255
79.9246
80.7107
81.485
82.2486
83.0031
83.7502
84.4922
85.2315
85.9717
86.7123
87.4801
88.16
89.3888
29.5618
29.9747
30.3908
30.8103
31.2331
31.6592
32.0887
32.5215
32.9577
33.3975
33.8407
34.2877
34.7384
35.193
35.6516
36.1144
36.5816
37.0534
37.53
38.0117
38.4988
38.9916
39.4905
39.9958
40.508
41.0274
41.5546
42.09
42.6341
43.1876
43.751
44.3248
44.9098
45.5065
46.1156
46.7379
47.3739
48.0243
48.69
49.3714
50.0695
50.7847
51.5177
52.2693
53.0399
53.8301
54.6404
55.4713
56.3231
57.1962
58.0908
59.0069
59.9448
60.9043
61.8852
62.8874
63.9104
64.9538
66.017
67.0993
68.1997
69.3175
70.4515
71.6007
72.7636
73.939
75.1255
76.3214
77.5251
78.7351
79.9494
81.1664
82.3841
83.6009
84.8147
86.0239
87.2267
88.4215
89.6066
90.7808
91.9428
93.0915
94.2262
95.3463
96.4514
97.5416
98.6172
99.6787
100.727
101.764
102.79
103.808
104.82
105.829
106.839
107.855
108.874
109.939
110.874
112.604
37.8675
38.4695
39.0744
39.6821
40.2928
40.9064
41.5229
42.1423
42.7649
43.3905
44.0194
44.6516
45.2873
45.9266
46.5697
47.2169
47.8683
48.5242
49.185
49.8509
50.5223
51.1996
51.8832
52.5737
53.2714
53.977
54.691
55.414
56.1466
56.8897
57.6437
58.4096
59.188
59.9797
60.7856
61.6064
62.4431
63.2964
64.1673
65.0566
65.9652
66.8939
67.8435
68.815
69.8092
70.8268
71.8685
72.9352
74.0276
75.1462
76.2916
77.4645
78.6652
79.8943
81.152
82.4385
83.7542
85.099
86.4729
87.8759
89.3075
90.7675
92.2552
93.77
95.3108
96.8766
98.466
100.078
101.709
103.359
105.026
106.706
108.396
110.096
111.8
113.508
115.215
116.919
118.618
120.308
121.987
123.654
125.307
126.944
128.564
130.168
131.755
133.324
134.879
136.419
137.946
139.463
140.974
142.48
143.988
145.503
147.021
148.608
149.987
152.557
54.0836
55.0081
55.9339
56.861
57.7892
58.7188
59.6495
60.5816
61.5151
62.4501
63.3868
64.3252
65.2656
66.2082
67.1533
68.101
69.0518
70.0059
70.9639
71.9261
72.893
73.8652
74.8433
75.8278
76.8195
77.8191
78.8275
79.8454
80.8737
81.9134
82.9655
84.031
85.1111
86.2069
87.3195
88.4504
89.6007
90.7719
91.9654
93.1826
94.4252
95.6947
96.9929
98.3214
99.682
101.077
102.507
103.976
105.484
107.035
108.63
110.271
111.961
113.702
115.495
117.344
119.249
121.212
123.236
125.321
127.467
129.677
131.949
134.284
136.679
139.134
141.645
144.211
146.827
149.488
152.19
154.928
157.694
160.484
163.289
166.103
168.921
171.733
174.536
177.322
180.085
182.821
185.526
188.195
190.826
193.415
195.962
198.464
200.922
203.336
205.706
208.034
210.322
212.573
214.79
216.982
219.138
221.348
223.237
226.652
90.4354
91.9667
93.4934
95.0154
96.5327
98.0454
99.5535
101.057
102.557
104.053
105.545
107.035
108.521
110.006
111.488
112.97
114.451
115.933
117.416
118.901
120.389
121.882
123.38
124.885
126.399
127.922
129.458
131.007
132.572
134.154
135.757
137.383
139.034
140.714
142.426
144.173
145.958
147.786
149.661
151.586
153.568
155.61
157.717
159.896
162.151
164.489
166.916
169.436
172.058
174.786
177.628
180.588
183.673
186.888
190.238
193.726
197.355
201.129
205.047
209.11
213.315
217.66
222.139
226.745
231.469
236.3
241.227
246.235
251.309
256.432
261.585
266.751
271.911
277.044
282.133
287.159
292.104
296.951
301.686
306.293
310.76
315.075
319.23
323.214
327.023
330.648
334.087
337.337
340.394
343.259
345.931
348.414
350.709
352.823
354.761
356.532
358.141
359.636
360.846
362.719
191.978
194.848
197.697
200.525
203.335
206.127
208.903
211.664
214.413
217.151
219.88
222.603
225.321
228.039
230.757
233.48
236.211
238.952
241.708
244.484
247.282
250.108
252.968
255.865
258.806
261.798
264.846
267.957
271.14
274.401
277.749
281.192
284.74
288.401
292.186
296.105
300.168
304.385
308.768
313.327
318.074
323.018
328.172
333.544
339.145
344.985
351.07
357.409
364.007
370.868
377.995
385.387
393.043
400.957
409.122
417.525
426.152
434.984
443.998
453.17
462.467
471.855
481.298
490.753
500.178
509.525
518.746
527.793
536.616
545.167
553.397
561.263
568.723
575.737
582.273
588.301
593.798
598.745
603.129
606.942
610.183
612.852
614.958
616.512
617.527
618.022
618.02
617.542
616.615
615.269
613.531
611.434
609.011
606.296
603.326
600.129
596.778
593.15
589.977
584.143
604.029
610.758
617.446
624.1
630.728
637.338
643.938
650.537
657.143
663.765
670.411
677.091
683.814
690.59
697.426
704.335
711.325
718.408
725.592
732.89
740.312
747.869
755.572
763.431
771.459
779.665
788.061
796.656
805.46
814.483
823.732
833.217
842.943
852.917
863.143
873.624
884.364
895.36
906.613
918.119
929.872
941.864
954.085
966.522
979.158
991.975
1004.95
1018.06
1031.27
1044.55
1057.86
1071.17
1084.42
1097.56
1110.55
1123.33
1135.82
1147.98
1159.73
1170.99
1181.71
1191.79
1201.18
1209.79
1217.55
1224.39
1230.24
1235.05
1238.75
1241.31
1242.68
1242.84
1241.76
1239.45
1235.9
1231.15
1225.22
1218.16
1210.04
1200.9
1190.85
1179.97
1168.34
1156.09
1143.3
1130.09
1116.56
1102.82
1088.98
1075.12
1061.35
1047.74
1034.39
1021.36
1008.73
996.551
984.902
973.663
963.867
949.213
2587.45
2598.14
2608.41
2618.25
2627.65
2636.61
2645.13
2653.2
2660.83
2668
2674.72
2680.99
2686.81
2692.16
2697.06
2701.51
2705.49
2709.01
2712.07
2714.66
2716.79
2718.46
2719.65
2720.38
2720.63
2720.41
2719.71
2718.52
2716.84
2714.67
2712
2708.83
2705.14
2700.94
2696.2
2690.93
2685.12
2678.76
2671.83
2664.33
2656.25
2647.58
2638.31
2628.44
2617.96
2606.86
2595.14
2582.79
2569.83
2556.24
2542.03
2527.22
2511.82
2495.84
2479.31
2462.25
2444.69
2426.68
2408.25
2389.46
2370.37
2351.03
2331.52
2311.9
2292.26
2272.68
2253.25
2234.05
2215.17
2196.69
2178.7
2161.28
2144.49
2128.4
2113.06
2098.51
2084.78
2071.89
2059.84
2048.62
2038.21
2028.58
2019.69
2011.49
2003.92
1996.91
1990.41
1984.35
1978.65
1973.26
1968.11
1963.14
1958.29
1953.51
1948.75
1943.92
1939.11
1933.86
1929.58
1920.79
1184.13
289.335
302.461
311.306
314.4
313.327
310.397
306.401
302.501
298.533
294.617
276.194
338.101
303.677
503.038
636.537
741.518
828.326
902.778
968.219
1026.66
1079.33
1127.06
1170.48
1210.12
1246.5
1280.11
1311.38
1340.73
1368.51
1394.99
1420.41
1444.93
1468.69
1491.78
1514.3
1536.33
1557.99
1579.42
1600.71
1621.57
1642.02
1662.1
1681.79
1701.03
1719.79
1738
1755.6
1772.53
1788.72
1804.08
1818.56
1832.05
1844.49
1855.79
1865.86
1874.63
1882.01
1887.93
1892.32
1895.12
1896.28
1895.77
1893.54
1889.6
1883.96
1876.64
1867.69
1857.21
1845.62
1834.58
1829.24
1827.24
1824.62
1820.81
1815.82
1809.8
1802.87
1795.14
1786.71
1777.65
1768.06
1758.01
1747.58
1736.83
1725.82
1714.64
1703.32
1691.93
1680.52
1669.14
1657.84
1646.66
1635.67
1624.93
1614.5
1604.55
1595.28
1587.13
1580.09
1220.28
652.562
355.146
226.768
174.049
158.018
166.293
185.406
214.864
271.702
345.724
415.326
481.87
539.903
608.781
646.539
667.427
676.623
678.666
676.782
673.207
669.376
666.142
663.946
662.947
663.126
664.358
666.464
669.252
672.538
676.159
679.986
683.927
687.928
691.989
696.167
700.601
705.512
711.114
717.259
723.431
729.465
735.352
741.078
746.63
751.994
757.155
762.097
766.803
771.255
775.433
779.319
782.89
786.125
789.002
791.497
793.588
795.252
796.468
797.216
797.479
797.239
796.48
795.194
793.376
791.026
788.147
784.754
780.888
776.671
772.369
768.304
764.403
760.446
756.278
751.848
747.16
742.235
737.101
731.787
726.321
720.727
715.03
709.252
703.413
697.531
691.621
685.699
679.777
673.866
667.974
662.108
656.274
650.468
644.691
638.906
633.139
627.017
621.597
609.859
1271.22
450.489
195.223
138.674
127.217
131.006
159.695
218.373
295.861
375.585
440.162
490.065
524.526
546.104
548.915
541.567
529.484
516.133
504.186
495.112
489.417
486.931
487.121
489.345
493.007
497.628
502.864
508.48
514.333
520.336
526.442
532.63
538.894
545.236
551.658
558.15
564.677
571.152
577.452
583.814
590.167
596.472
602.713
608.87
614.924
620.857
626.647
632.27
637.701
642.911
647.872
652.55
656.91
660.917
664.531
667.716
670.432
672.641
674.307
675.398
675.883
675.738
674.946
673.496
671.383
668.613
665.2
661.163
656.536
651.367
645.729
639.73
633.461
626.954
620.21
613.24
606.071
598.738
591.28
583.736
576.142
568.53
560.93
553.366
545.862
538.434
531.098
523.867
516.749
509.751
502.878
496.131
489.509
483.008
476.621
470.322
464.111
457.779
451.969
441.833
1316.41
309.203
192.71
162.631
162.642
188.983
240.18
306.906
373.038
424.817
457.905
476.235
481.33
475.475
461.591
447.356
434.616
424.924
419.005
416.845
417.948
421.607
427.106
433.832
441.317
449.234
457.37
465.601
473.858
482.112
490.358
498.602
506.854
515.125
523.418
531.721
540.007
548.22
556.4
564.575
572.73
580.848
588.911
596.899
604.784
612.538
620.128
627.519
634.671
641.539
648.075
654.23
659.949
665.175
669.852
673.921
677.325
680.008
681.921
683.019
683.263
682.624
681.086
678.643
675.301
671.077
666.003
660.12
653.481
646.149
638.195
629.708
620.787
611.516
601.962
592.186
582.246
572.203
562.112
552.025
541.988
532.041
522.22
512.553
503.063
493.77
484.687
475.824
467.188
458.782
450.607
442.659
434.934
427.423
420.116
412.988
406.032
399.109
392.707
382.75
1360.27
301.892
218.585
209.5
225.339
260.936
308.297
355.798
393.499
417.085
428.041
429.539
423.716
413.226
401.659
392.068
385.161
381.507
381.184
383.903
389.175
396.446
405.187
414.942
425.345
436.121
447.075
458.081
469.066
479.996
490.859
501.663
512.418
523.139
533.831
544.49
555.098
565.651
576.153
586.604
596.994
607.309
617.527
627.62
637.553
647.287
656.774
665.962
674.795
683.209
691.136
698.507
705.244
711.272
716.513
720.891
724.333
726.773
728.149
728.415
727.532
725.48
722.251
717.856
712.324
705.699
698.041
689.425
679.937
669.672
658.732
647.225
635.267
622.966
610.421
597.721
584.949
572.182
559.487
546.924
534.543
522.389
510.494
498.888
487.59
476.616
465.975
455.671
445.705
436.075
426.775
417.797
409.129
400.758
392.669
384.836
377.248
369.794
362.908
352.773
1400.43
311.248
251.847
253.381
273.271
303.177
334.647
360.829
378.551
388.025
391.013
389.014
383.468
376.361
369.779
365.012
362.658
363.093
366.378
372.333
380.626
390.848
402.57
415.386
428.936
442.926
457.131
471.39
485.6
499.701
513.667
527.491
541.179
554.745
568.196
581.539
594.767
607.873
620.847
633.679
646.354
658.851
671.14
683.185
694.939
706.347
717.348
727.869
737.837
747.166
755.771
763.56
770.438
776.312
781.09
784.685
787.018
788.021
787.639
785.833
782.585
777.896
771.789
764.308
755.52
745.51
734.38
722.247
709.236
695.481
681.117
666.28
651.104
635.715
620.227
604.744
589.355
574.142
559.172
544.503
530.18
516.241
502.713
489.614
476.956
464.745
452.982
441.662
430.779
420.32
410.274
400.624
391.353
382.443
373.872
365.613
357.651
349.887
342.738
332.5
1439.77
324.279
278.037
280.609
295.024
313.856
331.741
346.188
356.644
363.328
366.495
366.482
364.225
361.171
358.715
357.798
359.056
362.865
369.348
378.418
389.834
403.254
418.286
434.532
451.615
469.211
487.053
504.942
522.735
540.342
557.709
574.813
591.646
608.223
624.555
640.639
656.467
672.025
687.298
702.262
716.893
731.159
745.018
758.421
771.306
783.604
795.235
806.11
816.136
825.212
833.234
840.096
845.694
849.927
852.702
853.935
853.56
851.525
847.802
842.386
835.295
826.577
816.304
804.573
791.503
777.23
761.907
745.696
728.761
711.269
693.381
675.252
657.026
638.833
620.786
602.985
585.512
568.436
551.812
535.681
520.074
505.011
490.504
476.558
463.169
450.33
438.03
426.254
414.983
404.2
393.881
384.006
374.551
365.492
356.803
348.456
340.433
332.641
325.487
315.383
1483
335.185
292.848
289.801
296.278
307.913
321.354
334.691
346.52
355.814
362.082
365.562
367.199
368.252
369.872
372.929
378.037
385.563
395.658
408.282
423.244
440.242
458.907
478.843
499.662
521.014
542.6
564.18
585.577
606.662
627.354
647.604
667.41
686.766
705.659
724.078
742.009
759.43
776.314
792.629
808.336
823.39
837.734
851.305
864.027
875.815
886.574
896.204
904.598
911.647
917.242
921.275
923.648
924.272
923.074
919.997
915.011
908.109
899.312
888.674
876.276
862.229
846.672
829.765
811.686
792.627
772.786
752.359
731.542
710.516
689.453
668.505
647.807
627.475
607.605
588.27
569.53
551.427
533.988
517.229
501.158
485.77
471.056
457.002
443.587
430.789
418.585
406.946
395.847
385.26
375.156
365.508
356.289
347.47
339.025
330.922
323.145
315.604
308.695
298.998
1529.66
340.921
295.791
286.784
292.522
308.513
328.775
349.137
367.077
381.465
392.243
400.12
406.213
411.758
417.807
425.169
434.427
445.934
459.85
476.158
494.695
515.188
537.287
560.607
584.759
609.378
634.143
658.784
683.092
706.897
730.11
752.673
774.532
795.652
816.005
835.568
854.313
872.211
889.223
905.305
920.405
934.465
947.418
959.187
969.686
978.822
986.497
992.606
997.046
999.716
1000.52
999.373
996.207
990.97
983.636
974.207
962.712
949.217
933.817
916.642
897.851
877.629
856.183
833.735
810.513
786.749
762.668
738.482
714.389
690.563
667.157
644.299
622.094
600.62
579.936
560.078
541.067
522.908
505.594
489.11
473.432
458.533
444.379
430.937
418.169
406.041
394.516
383.558
373.132
363.205
353.745
344.721
336.103
327.861
319.969
312.394
305.124
298.072
291.617
282.573
1567.82
340.115
291.403
289.901
314.803
351.873
390.206
424.291
452.064
473.508
489.65
502.038
512.211
521.566
531.224
542.017
554.512
569.047
585.765
604.647
625.538
648.179
672.24
697.354
723.141
749.239
775.319
801.089
826.324
850.864
874.56
897.304
919.018
939.645
959.139
977.462
994.574
1010.43
1024.99
1038.2
1049.99
1060.31
1069.07
1076.21
1081.63
1085.26
1087
1086.76
1084.47
1080.06
1073.47
1064.68
1053.66
1040.43
1025.04
1007.58
988.149
966.907
944.032
919.734
894.245
867.815
840.702
813.165
785.458
757.822
730.476
703.616
677.41
651.997
627.484
603.951
581.453
560.019
539.656
520.356
502.095
484.838
468.543
453.164
438.65
424.949
412.009
399.78
388.212
377.259
366.877
357.023
347.66
338.75
330.26
322.159
314.415
307.001
299.892
293.057
286.486
280.099
274.252
266.044
1593.51
336.327
299.194
339.136
410.512
486.285
553.841
608.396
649.643
679.582
700.954
716.543
728.742
739.429
749.972
761.303
774.008
788.413
804.645
822.681
842.379
863.507
885.773
908.847
932.383
956.039
979.501
1002.49
1024.75
1046.06
1066.27
1085.25
1102.89
1119.11
1133.86
1147.09
1158.73
1168.74
1177.07
1183.67
1188.47
1191.41
1192.43
1191.46
1188.44
1183.3
1176
1166.49
1154.73
1140.72
1124.47
1106.01
1085.41
1062.79
1038.26
1012
984.208
955.116
924.975
894.053
862.63
830.986
799.393
768.11
737.375
707.396
678.353
650.389
623.617
598.111
573.92
551.061
529.528
509.296
490.323
472.553
455.924
440.366
425.808
412.178
399.405
387.421
376.16
365.561
355.567
346.127
337.191
328.717
320.665
312.997
305.682
298.688
291.99
285.559
279.374
273.408
267.655
262.041
256.894
249.637
1597.6
347.972
376.041
510.803
660.116
792.051
897.053
974.407
1027.89
1063.01
1085.19
1098.99
1107.88
1114.27
1119.78
1125.42
1131.81
1139.28
1148.03
1158.11
1169.46
1181.93
1195.32
1209.38
1223.8
1238.27
1252.47
1266.11
1278.96
1290.78
1301.42
1310.71
1318.55
1324.84
1329.5
1332.46
1333.67
1333.06
1330.59
1326.2
1319.84
1311.47
1301.05
1288.54
1273.9
1257.13
1238.21
1217.16
1194.02
1168.85
1141.74
1112.8
1082.2
1050.1
1016.72
982.305
947.109
911.408
875.488
839.634
804.125
769.222
735.169
702.176
670.423
640.055
611.179
583.867
558.154
534.048
511.528
490.551
471.057
452.973
436.214
420.692
406.314
392.989
380.625
369.135
358.439
348.458
339.121
330.364
322.128
314.359
307.009
300.037
293.403
287.074
281.02
275.213
269.629
264.246
259.045
254.003
249.117
244.323
239.913
233.655
1634.12
448.586
696.149
999.677
1254.86
1442.37
1569.3
1648.24
1692.33
1712.96
1718.74
1715.59
1707.32
1696.24
1683.73
1670.69
1657.73
1645.32
1633.86
1623.62
1614.68
1607.01
1600.49
1594.88
1589.94
1585.4
1580.98
1576.39
1571.39
1565.75
1559.27
1551.78
1543.14
1533.23
1521.95
1509.2
1494.91
1479.02
1461.48
1442.23
1421.24
1398.48
1373.94
1347.6
1319.48
1289.61
1258.04
1224.85
1190.12
1154
1116.63
1078.2
1038.9
998.987
958.695
918.292
878.05
838.24
799.127
760.961
723.968
688.349
654.273
621.873
591.246
562.45
535.513
510.427
487.16
465.653
445.831
427.604
410.871
395.528
381.466
368.576
356.752
345.892
335.899
326.68
318.153
310.24
302.869
295.978
289.51
283.415
277.647
272.167
266.941
261.939
257.133
252.501
248.022
243.677
239.451
235.326
231.301
227.321
223.644
218.375
1381.89
1243.23
1851.33
2334.13
2624
2766.02
2817.7
2815.73
2784.44
2738.6
2686.21
2631.05
2574.65
2517.67
2460.55
2403.83
2348.16
2294.21
2242.51
2193.43
2147.16
2103.73
2062.98
2024.66
1988.46
1954.03
1921.04
1889.14
1858.03
1827.41
1797.02
1766.62
1736.02
1705.04
1673.51
1641.32
1608.35
1574.51
1539.72
1503.93
1467.1
1429.2
1390.24
1350.22
1309.19
1267.21
1224.37
1180.77
1136.55
1091.87
1046.92
1001.89
957.003
912.493
868.595
825.547
783.577
742.904
703.724
666.209
630.505
596.72
564.935
535.191
507.501
481.845
458.178
436.432
416.519
398.339
381.782
366.731
353.068
340.674
329.434
319.236
309.971
301.541
293.851
286.815
280.353
274.392
268.869
263.724
258.905
254.367
250.071
245.979
242.064
238.297
234.657
231.123
227.678
224.308
221
217.74
214.529
211.321
208.339
204.011
1519.3
4458.24
5463.45
5548.02
5386.81
5130.21
4861.93
4609.8
4381.9
4177.09
3991.04
3819.17
3658.05
3505.67
3361.2
3224.5
3095.69
2974.86
2861.95
2756.69
2658.65
2567.29
2482.05
2402.32
2327.51
2257.05
2190.38
2126.99
2066.39
2008.15
1951.87
1897.19
1843.79
1791.41
1739.8
1688.76
1638.11
1587.72
1537.47
1487.27
1437.06
1386.8
1336.48
1286.12
1235.75
1185.44
1135.28
1085.39
1035.88
986.926
938.681
891.325
845.043
800.018
756.43
714.449
674.227
635.898
599.572
565.329
533.224
503.28
475.493
449.832
426.243
404.65
384.962
367.075
350.873
336.239
323.051
311.188
300.531
290.966
282.383
274.678
267.756
261.524
255.899
250.805
246.171
241.934
238.035
234.423
231.054
227.886
224.884
222.018
219.262
216.592
213.989
211.437
208.921
206.429
203.952
201.477
199.008
196.506
194.159
190.698
)
;

boundaryField
{
    outlet
    {
        type            zeroGradient;
    }
    inlet
    {
        type            fixedValue;
        value           uniform 17.57;
    }
    lowerWall
    {
        Cmu             0.09;
        kappa           0.41;
        E               9.8;
        beta1           0.075;
        type            omegaWallFunction;
        value           nonuniform List<scalar> 
148
(
7254.63
8569.06
9629.25
10283
10668.4
10885.8
10995.8
11034.9
11026.8
10987.3
10927.3
10854.4
10774
10689.7
10604.1
10519.1
10435.8
10355
10277.3
10202.9
10131.9
10064.5
10000.5
9939.92
9882.59
9828.39
9777.15
9728.76
9682.88
9640.08
9596.68
9568.78
9476.74
1184.13
1220.28
1271.22
1316.41
1360.27
1400.43
1439.77
1483
1529.66
1567.82
1593.51
1597.6
1634.12
1381.89
1519.3
1184.13
289.335
302.461
311.306
314.4
313.327
310.397
306.401
302.501
298.533
294.617
276.194
338.101
303.677
503.038
636.537
741.518
828.326
902.778
968.219
1026.66
1079.33
1127.06
1170.48
1210.12
1246.5
1280.11
1311.38
1340.73
1368.51
1394.99
1420.41
1444.93
1468.69
1491.78
1514.3
1536.33
1557.99
1579.42
1600.71
1621.57
1642.02
1662.1
1681.79
1701.03
1719.79
1738
1755.6
1772.53
1788.72
1804.08
1818.56
1832.05
1844.49
1855.79
1865.86
1874.63
1882.01
1887.93
1892.32
1895.12
1896.28
1895.77
1893.54
1889.6
1883.96
1876.64
1867.69
1857.21
1845.62
1834.58
1829.24
1827.24
1824.62
1820.81
1815.82
1809.8
1802.87
1795.14
1786.71
1777.65
1768.06
1758.01
1747.58
1736.83
1725.82
1714.64
1703.32
1691.93
1680.52
1669.14
1657.84
1646.66
1635.67
1624.93
1614.5
1604.55
1595.28
1587.13
1580.09
)
;
    }
    upperWall
    {
        Cmu             0.09;
        kappa           0.41;
        E               9.8;
        beta1           0.075;
        type            omegaWallFunction;
        value           nonuniform List<scalar> 
133
(
1719.4
1778.23
1839.24
1895.41
1945.93
1992.23
2035.28
2075.52
2113.26
2148.7
2182.04
2213.4
2242.93
2270.74
2296.93
2321.61
2344.85
2366.75
2387.37
2406.81
2425.12
2442.37
2458.63
2473.95
2488.38
2501.98
2514.8
2526.88
2538.26
2548.99
2559.1
2568.63
2577.62
2587.45
2598.14
2608.41
2618.25
2627.65
2636.61
2645.13
2653.2
2660.83
2668
2674.72
2680.99
2686.81
2692.16
2697.06
2701.51
2705.49
2709.01
2712.07
2714.66
2716.79
2718.46
2719.65
2720.38
2720.63
2720.41
2719.71
2718.52
2716.84
2714.67
2712
2708.83
2705.14
2700.94
2696.2
2690.93
2685.12
2678.76
2671.83
2664.33
2656.25
2647.58
2638.31
2628.44
2617.96
2606.86
2595.14
2582.79
2569.83
2556.24
2542.03
2527.22
2511.82
2495.84
2479.31
2462.25
2444.69
2426.68
2408.25
2389.46
2370.37
2351.03
2331.52
2311.9
2292.26
2272.68
2253.25
2234.05
2215.17
2196.69
2178.7
2161.28
2144.49
2128.4
2113.06
2098.51
2084.78
2071.89
2059.84
2048.62
2038.21
2028.58
2019.69
2011.49
2003.92
1996.91
1990.41
1984.35
1978.65
1973.26
1968.11
1963.14
1958.29
1953.51
1948.75
1943.92
1939.11
1933.86
1929.58
1920.79
)
;
    }
    frontAndBack
    {
        type            empty;
    }
}


// ************************************************************************* //
