/*--------------------------------*- C++ -*----------------------------------*\
| =========                 |                                                 |
| \\      /  F ield         | OpenFOAM: The Open Source CFD Toolbox           |
|  \\    /   O peration     | Version:  4.1                                   |
|   \\  /    A nd           | Web:      www.OpenFOAM.org                      |
|    \\/     M anipulation  |                                                 |
\*---------------------------------------------------------------------------*/
FoamFile
{
    version     2.0;
    format      ascii;
    class       volScalarField;
    location    "1500";
    object      epsilon;
}
// * * * * * * * * * * * * * * * * * * * * * * * * * * * * * * * * * * * * * //

dimensions      [0 2 -3 0 0 0 0];

internalField   nonuniform List<scalar> 
6820
(
105.266
143.991
186.348
230.922
275.886
319.398
359.83
395.945
426.989
452.666
473.054
488.506
499.543
506.77
510.807
512.248
511.63
509.424
506.028
501.773
496.929
491.712
486.289
480.795
475.328
469.965
464.76
459.762
454.958
450.585
445.576
445.259
423.811
8.29011
15.9003
22.4184
28.6687
35.0357
41.4782
47.8159
53.8798
59.5369
64.6934
69.2983
73.3419
76.8456
79.8526
82.4179
84.6009
86.4609
88.0527
89.4256
90.622
91.6775
92.6215
93.4775
94.2638
94.9943
95.6791
96.3247
96.9355
97.5093
98.0603
98.5248
99.1508
99.2476
3.96314
5.25657
6.61244
7.86034
8.98633
10.02
10.9814
11.8766
12.7062
13.4706
14.1709
14.8095
15.3898
15.9163
16.3941
16.8288
17.2258
17.5905
17.9278
18.2425
18.5386
18.8196
19.0887
19.3484
19.6009
19.848
20.0908
20.3304
20.5671
20.8018
21.0329
21.2605
21.4889
3.56001
3.77406
4.11206
4.49695
4.88093
5.24453
5.58216
5.89296
6.17759
6.43725
6.67339
6.88758
7.08141
7.25652
7.41453
7.55703
7.68553
7.80151
7.90635
8.00135
8.08771
8.16655
8.23891
8.30571
8.36781
8.42598
8.4809
8.5332
8.58342
8.6321
8.67962
8.72664
8.77331
3.52137
3.52456
3.57972
3.67702
3.8
3.93473
4.072
4.20644
4.3351
4.45643
4.56972
4.67473
4.7715
4.86025
4.94131
5.0151
5.08205
5.14262
5.19729
5.24651
5.29075
5.33044
5.366
5.39783
5.4263
5.45176
5.47454
5.49494
5.51323
5.52966
5.54447
5.55788
5.57008
3.5192
3.48502
3.46593
3.46518
3.48166
3.51175
3.55133
3.59673
3.64514
3.69452
3.74346
3.79099
3.83648
3.87953
3.91991
3.95749
3.99225
4.02421
4.05346
4.08007
4.10419
4.12594
4.14547
4.16291
4.17841
4.19211
4.20415
4.21466
4.22375
4.23154
4.23814
4.24361
4.24809
3.51939
3.47993
3.44464
3.41561
3.39411
3.3804
3.37385
3.37335
3.37763
3.38549
3.39589
3.40797
3.42103
3.43455
3.4481
3.4614
3.4742
3.48634
3.49773
3.50828
3.51795
3.52673
3.53461
3.54162
3.54776
3.55307
3.55758
3.56134
3.56437
3.56672
3.56841
3.56949
3.56999
3.51947
3.47945
3.44133
3.40568
3.37315
3.34425
3.31922
3.29806
3.28052
3.26626
3.25482
3.24577
3.23868
3.23318
3.22892
3.22562
3.22304
3.22098
3.21927
3.2178
3.21644
3.21513
3.21378
3.21236
3.21082
3.20914
3.20729
3.20527
3.20305
3.20065
3.19804
3.19524
3.19224
3.51948
3.47942
3.4409
3.40399
3.36885
3.33565
3.30457
3.27571
3.24914
3.22481
3.20264
3.18249
3.1642
3.14758
3.13245
3.11864
3.10598
3.09432
3.08353
3.07348
3.06407
3.05522
3.04683
3.03884
3.0312
3.02385
3.01675
3.00986
3.00315
2.9966
2.99017
2.98385
2.97762
3.51948
3.47942
3.44085
3.40374
3.36808
3.33388
3.30115
3.26994
3.24026
3.21213
3.18553
3.16045
3.13683
3.1146
3.0937
3.07403
3.05552
3.03808
3.02161
3.00605
2.99131
2.97732
2.96403
2.95136
2.93926
2.92768
2.91659
2.90592
2.89566
2.88577
2.87621
2.86695
2.85798
3.51948
3.47941
3.44083
3.40369
3.36795
3.33354
3.30044
3.26862
3.23804
3.20871
3.18058
3.15365
3.1279
3.10327
3.07975
3.0573
3.03586
3.01539
2.99584
2.97717
2.95932
2.94226
2.92593
2.91028
2.89529
2.8809
2.86708
2.8538
2.84101
2.8287
2.81683
2.80538
2.79431
3.51948
3.47941
3.44082
3.40367
3.36791
3.33347
3.30029
3.26833
3.23753
3.20787
3.17929
3.15178
3.12529
3.0998
3.07527
3.05167
3.02898
3.00715
2.98616
2.96598
2.94656
2.92789
2.90992
2.89263
2.87598
2.85994
2.84449
2.8296
2.81524
2.80138
2.788
2.77507
2.76258
3.51948
3.47941
3.44081
3.40366
3.36789
3.33343
3.30024
3.26824
3.2374
3.20765
3.17896
3.15128
3.12458
3.09881
3.07394
3.04995
3.02679
3.00444
2.98286
2.96204
2.94194
2.92254
2.90381
2.88571
2.86824
2.85136
2.83506
2.8193
2.80406
2.78933
2.77509
2.7613
2.74796
3.51948
3.4794
3.44081
3.40365
3.36787
3.33341
3.30021
3.2682
3.23734
3.20757
3.17885
3.15113
3.12436
3.09851
3.07355
3.04943
3.02612
3.00359
2.98181
2.96075
2.94039
2.92069
2.90165
2.88322
2.86539
2.84813
2.83143
2.81526
2.7996
2.78444
2.76975
2.75552
2.74172
3.51948
3.4794
3.4408
3.40364
3.36786
3.33339
3.30018
3.26817
3.2373
3.20752
3.17879
3.15105
3.12427
3.0984
3.0734
3.04924
3.02588
3.00329
2.98144
2.96031
2.93985
2.92006
2.90089
2.88234
2.86436
2.84696
2.83009
2.81375
2.79791
2.78255
2.76767
2.75323
2.73922
3.51948
3.4794
3.4408
3.40363
3.36785
3.33338
3.30016
3.26814
3.23727
3.20748
3.17874
3.15099
3.1242
3.09832
3.07331
3.04913
3.02576
3.00315
2.98128
2.96012
2.93963
2.9198
2.90059
2.88199
2.86396
2.8465
2.82957
2.81316
2.79725
2.78181
2.76684
2.75232
2.73822
3.51948
3.47939
3.44079
3.40362
3.36784
3.33336
3.30014
3.26812
3.23724
3.20745
3.1787
3.15094
3.12414
3.09825
3.07323
3.04905
3.02567
3.00305
2.98117
2.95999
2.93949
2.91964
2.90042
2.8818
2.86375
2.84626
2.82931
2.81287
2.79693
2.78146
2.76646
2.7519
2.73776
3.51947
3.47939
3.44079
3.40362
3.36783
3.33335
3.30012
3.2681
3.23721
3.20741
3.17866
3.1509
3.12409
3.09819
3.07317
3.04898
3.02559
3.00296
2.98107
2.95989
2.93938
2.91952
2.90029
2.88165
2.8636
2.8461
2.82913
2.81268
2.79672
2.78124
2.76622
2.75164
2.73748
3.51947
3.47939
3.44078
3.40361
3.36782
3.33334
3.30011
3.26808
3.23718
3.20738
3.17862
3.15086
3.12404
3.09814
3.07311
3.04891
3.02551
3.00288
2.98098
2.95979
2.93928
2.91941
2.90017
2.88153
2.86346
2.84595
2.82898
2.81251
2.79655
2.78106
2.76602
2.75143
2.73727
3.51947
3.47939
3.44078
3.40361
3.36781
3.33333
3.3001
3.26806
3.23716
3.20736
3.17859
3.15082
3.124
3.09809
3.07306
3.04885
3.02545
3.00281
2.9809
2.95971
2.93918
2.91931
2.90006
2.88141
2.86334
2.84582
2.82884
2.81237
2.79639
2.78089
2.76585
2.75125
2.73708
3.51947
3.47939
3.44078
3.4036
3.36781
3.33332
3.30008
3.26804
3.23714
3.20733
3.17856
3.15079
3.12396
3.09805
3.07301
3.0488
3.02539
3.00274
2.98083
2.95963
2.9391
2.91922
2.89996
2.88131
2.86323
2.8457
2.82871
2.81223
2.79625
2.78074
2.76569
2.75108
2.7369
3.51947
3.47939
3.44078
3.4036
3.3678
3.33331
3.30007
3.26803
3.23713
3.20731
3.17854
3.15076
3.12393
3.09801
3.07296
3.04875
3.02533
3.00268
2.98076
2.95955
2.93902
2.91913
2.89987
2.88121
2.86312
2.84559
2.82859
2.81211
2.79611
2.7806
2.76554
2.75093
2.73674
3.51947
3.47939
3.44077
3.4036
3.3678
3.3333
3.30006
3.26802
3.23711
3.20729
3.17852
3.15073
3.1239
3.09798
3.07292
3.0487
3.02528
3.00263
2.9807
2.95949
2.93895
2.91905
2.89979
2.88112
2.86302
2.84549
2.82848
2.81199
2.79599
2.78047
2.76541
2.75079
2.73659
3.51947
3.47939
3.44077
3.4036
3.36779
3.3333
3.30006
3.26801
3.2371
3.20728
3.1785
3.15071
3.12387
3.09794
3.07289
3.04866
3.02524
3.00258
2.98065
2.95943
2.93888
2.91898
2.89971
2.88103
2.86294
2.84539
2.82838
2.81188
2.79588
2.78035
2.76528
2.75066
2.73645
3.51947
3.47938
3.44077
3.40359
3.36779
3.33329
3.30005
3.268
3.23709
3.20726
3.17848
3.15069
3.12385
3.09792
3.07285
3.04863
3.0252
3.00253
2.9806
2.95937
2.93882
2.91892
2.89964
2.88096
2.86286
2.84531
2.82829
2.81179
2.79578
2.78024
2.76517
2.75054
2.73633
3.51947
3.47938
3.44077
3.40359
3.36779
3.33329
3.30004
3.26799
3.23708
3.20725
3.17847
3.15067
3.12383
3.09789
3.07283
3.0486
3.02516
3.00249
2.98056
2.95932
2.93877
2.91886
2.89958
2.88089
2.86278
2.84523
2.82821
2.8117
2.79568
2.78014
2.76506
2.75043
2.73621
3.51947
3.47938
3.44077
3.40359
3.36778
3.33329
3.30004
3.26799
3.23707
3.20724
3.17845
3.15066
3.12381
3.09787
3.0728
3.04857
3.02513
3.00246
2.98052
2.95928
2.93872
2.91881
2.89952
2.88083
2.86272
2.84516
2.82813
2.81162
2.7956
2.78006
2.76497
2.75033
2.73611
3.51947
3.47938
3.44077
3.40359
3.36778
3.33328
3.30004
3.26798
3.23706
3.20723
3.17844
3.15064
3.1238
3.09785
3.07278
3.04854
3.0251
3.00243
2.98048
2.95925
2.93868
2.91877
2.89947
2.88078
2.86266
2.8451
2.82807
2.81155
2.79553
2.77998
2.76489
2.75024
2.73602
3.51947
3.47938
3.44077
3.40359
3.36778
3.33328
3.30003
3.26798
3.23706
3.20723
3.17844
3.15063
3.12378
3.09784
3.07277
3.04853
3.02508
3.0024
2.98046
2.95921
2.93865
2.91873
2.89943
2.88074
2.86261
2.84505
2.82801
2.81149
2.79546
2.77991
2.76482
2.75017
2.73594
3.51947
3.47938
3.44077
3.40359
3.36778
3.33328
3.30003
3.26797
3.23706
3.20722
3.17843
3.15063
3.12377
3.09783
3.07275
3.04851
3.02507
3.00238
2.98044
2.95919
2.93862
2.9187
2.8994
2.8807
2.86258
2.84501
2.82797
2.81144
2.79541
2.77986
2.76476
2.75011
2.73588
3.51947
3.47938
3.44077
3.40359
3.36778
3.33328
3.30003
3.26797
3.23705
3.20722
3.17842
3.15062
3.12377
3.09782
3.07274
3.0485
3.02505
3.00237
2.98042
2.95917
2.9386
2.91868
2.89938
2.88068
2.86255
2.84498
2.82794
2.81141
2.79538
2.77983
2.76473
2.75008
2.73585
3.51947
3.47938
3.44077
3.40359
3.36778
3.33328
3.30003
3.26797
3.23705
3.20722
3.17842
3.15062
3.12377
3.09782
3.07275
3.0485
3.02506
3.00238
2.98043
2.95919
2.93862
2.9187
2.8994
2.88071
2.86259
2.84502
2.82799
2.81147
2.79545
2.7799
2.76482
2.75018
2.73596
3.51947
3.47938
3.44077
3.40359
3.36778
3.33328
3.30003
3.26797
3.23705
3.20722
3.17843
3.15063
3.12378
3.09785
3.07278
3.04855
3.02512
3.00246
2.98053
2.95931
2.93877
2.91888
2.89962
2.88097
2.86289
2.84537
2.82839
2.81192
2.79595
2.78047
2.76544
2.75087
2.73672
3.51947
3.47938
3.44077
3.40359
3.36778
3.33329
3.30005
3.26801
3.23712
3.20732
3.17858
3.15083
3.12404
3.09818
3.0732
3.04906
3.02574
3.0032
2.98141
2.96034
2.93996
2.92024
2.90117
2.88271
2.86484
2.84754
2.83079
2.81457
2.79885
2.78362
2.76886
2.75455
2.74068
3.51947
3.47938
3.44078
3.40362
3.36785
3.33343
3.30029
3.26839
3.23768
3.20811
3.17965
3.15224
3.12585
3.10044
3.07597
3.05239
3.02968
3.00781
2.98672
2.9664
2.94681
2.92792
2.9097
2.89212
2.87516
2.85879
2.84298
2.82771
2.81296
2.7987
2.78492
2.7716
2.75871
3.51947
3.47942
3.44096
3.40413
3.36894
3.33533
3.30327
3.27269
3.24354
3.21576
3.1893
3.1641
3.1401
3.11725
3.09548
3.07475
3.05499
3.03615
3.01818
3.00102
2.98464
2.96898
2.95401
2.93967
2.92594
2.91278
2.90016
2.88804
2.8764
2.86521
2.85444
2.84407
2.83408
3.5195
3.48076
3.44539
3.41321
3.38398
3.35748
3.33355
3.312
3.29267
3.27534
3.25985
3.246
3.23362
3.22255
3.21264
3.20375
3.19576
3.18856
3.18205
3.17615
3.17077
3.16586
3.16134
3.15717
3.1533
3.1497
3.14632
3.14314
3.14012
3.13725
3.13451
3.13188
3.12934
3.52507
3.51485
3.52106
3.53658
3.55849
3.58526
3.61586
3.64937
3.68497
3.72199
3.75986
3.79815
3.8365
3.87462
3.91228
3.94933
3.98562
4.02105
4.05557
4.0891
4.12164
4.15314
4.18362
4.21307
4.2415
4.26892
4.29535
4.32083
4.34536
4.36898
4.39171
4.41359
4.43465
3.842
4.3878
4.87743
5.34253
5.79464
6.23526
6.66236
7.07459
7.47195
7.85505
8.22464
8.58149
8.92638
9.26003
9.58306
9.89606
10.1995
10.4938
10.7794
11.0566
11.3257
11.5869
11.8406
12.0869
12.3261
12.5583
12.7839
13.0029
13.2156
13.4222
13.6228
13.8176
14.0068
30.2673
32.7691
35.3054
37.8487
40.3863
42.91
45.4131
47.8885
50.3296
52.7305
55.0859
57.3912
59.6424
61.8362
63.9699
66.0414
68.0491
69.9918
71.869
73.6802
75.4257
77.1057
78.721
80.2724
81.761
83.1881
84.5551
85.8635
87.1149
88.3109
89.4535
90.544
91.5855
487.134
554.918
605.695
643.546
673.059
695.246
709.048
713.315
707.841
693.745
673.127
648.434
621.902
595.231
569.491
545.188
522.428
501.089
480.96
461.835
443.567
426.071
409.324
393.335
378.126
363.71
350.083
337.221
325.084
313.628
302.803
292.559
282.847
273.614
264.811
256.391
248.307
240.514
232.967
225.622
218.437
211.376
204.407
197.503
190.642
183.807
176.988
170.178
163.379
156.596
149.841
143.128
136.479
129.915
123.463
117.148
110.997
105.039
99.2965
93.7935
88.5495
83.5805
78.8986
74.5116
70.4232
66.6328
63.136
59.9251
56.9894
54.3157
51.8889
49.6926
47.7095
45.9217
44.3114
42.8607
41.5524
40.3699
39.2971
38.3193
37.4224
36.5935
35.821
35.0942
34.4036
33.7409
33.0988
32.471
31.8521
31.2378
30.6243
30.0086
29.3884
28.7616
28.1274
27.4831
26.8326
26.1576
25.5396
24.5403
100.038
103.293
108.91
116.983
127.843
141.782
158.892
178.962
201.422
225.361
249.643
273.049
294.43
312.827
327.565
338.293
344.993
347.939
347.614
344.617
339.573
333.052
325.534
317.387
308.872
300.165
291.377
282.579
273.824
265.159
256.627
248.261
240.083
232.105
224.326
216.744
209.349
202.126
195.057
188.121
181.298
174.571
167.925
161.347
154.83
148.368
141.959
135.606
129.314
123.096
116.964
110.936
105.032
99.2713
93.6772
88.2714
83.0748
78.1071
73.3852
68.9233
64.7323
60.8192
57.1875
53.8368
50.7635
47.9605
45.4184
43.1253
41.0675
39.2302
37.5975
36.1533
34.8812
33.7648
32.7884
31.9365
31.1941
30.5472
29.9822
29.4864
29.0481
28.6561
28.3004
27.9718
27.6618
27.3631
27.0691
26.7743
26.4737
26.1634
25.8399
25.5007
25.1438
24.7674
24.3707
23.952
23.5145
23.0435
22.6047
21.8587
21.7327
22.0583
22.5151
23.0961
23.882
24.9729
26.4873
28.5665
31.3731
35.0814
39.8645
45.8748
53.2215
61.9462
72.0002
83.2289
95.3675
108.05
120.834
133.236
144.779
155.043
163.711
170.598
175.654
178.95
180.641
180.937
180.06
178.232
175.647
172.471
168.832
164.829
160.538
156.02
151.326
146.497
141.564
136.552
131.482
126.371
121.234
116.085
110.939
105.809
100.71
95.6547
90.6614
85.7475
80.9318
76.2338
71.673
67.2688
63.0394
59.0017
55.1704
51.5577
48.1729
45.022
42.1082
39.4312
36.9881
34.7729
32.7779
30.9933
29.4078
28.0093
26.7851
25.7222
24.8076
24.0286
23.3726
22.8277
22.3823
22.0252
21.7457
21.5336
21.3791
21.2726
21.2052
21.1682
21.1534
21.1533
21.1607
21.169
21.1724
21.1656
21.1441
21.1037
21.0413
20.954
20.8398
20.6969
20.5244
20.3206
20.088
19.8156
19.5514
19.0589
8.83112
8.90053
8.97631
9.06149
9.15092
9.25114
9.37335
9.53246
9.7475
10.0422
10.4455
10.9925
11.7253
12.6931
13.9528
15.5677
17.6052
20.1311
23.2021
26.8544
31.0928
35.8805
41.1337
46.7228
52.4801
58.2136
63.725
68.8274
73.3631
77.2162
80.3183
82.6459
84.2128
85.0601
85.2471
84.8435
83.9233
82.5584
80.8152
78.753
76.4241
73.8751
71.1482
68.2816
65.3099
62.2652
59.1769
56.0728
52.9789
49.9198
46.9185
43.996
41.1719
38.463
35.884
33.447
31.1613
29.0334
27.0669
25.263
23.6203
22.1356
20.8037
19.6181
18.5713
17.6553
16.8617
16.1821
15.6081
15.1319
14.7458
14.4426
14.2157
14.0585
13.9651
13.9296
13.9461
14.0091
14.1127
14.2512
14.4188
14.6095
14.8173
15.0362
15.2604
15.4841
15.7018
15.9084
16.0992
16.2697
16.4163
16.5356
16.6248
16.6817
16.7047
16.6918
16.6442
16.554
16.4509
16.2003
5.58312
5.5971
5.61054
5.62393
5.63602
5.64706
5.65805
5.67059
5.68699
5.71034
5.74458
5.79462
5.86647
5.96731
6.10567
6.29151
6.53638
6.85352
7.25773
7.76521
8.39307
9.15853
10.0778
11.1642
12.4262
13.8645
15.4692
17.2182
19.0765
20.9975
22.9259
24.802
26.566
28.1627
29.545
30.6776
31.5379
32.116
32.4133
32.4405
32.2154
31.7607
31.1028
30.27
29.2911
28.1946
27.0078
25.7567
24.4653
23.1559
21.8485
20.5607
19.3078
18.1026
16.9556
15.8748
14.8658
13.9324
13.0765
12.2981
11.5962
10.9687
10.4128
9.92506
9.50192
9.13973
8.8349
8.58406
8.38408
8.23216
8.12579
8.06279
8.04122
8.05933
8.11553
8.20825
8.33587
8.49664
8.68855
8.90927
9.1561
9.42589
9.71507
10.0196
10.3352
10.6571
10.9805
11.3005
11.612
11.9104
12.1912
12.4501
12.6834
12.8877
13.0604
13.1986
13.3016
13.3644
13.3981
13.3628
4.25202
4.25511
4.25689
4.25749
4.25673
4.25464
4.25136
4.24713
4.24229
4.23738
4.23308
4.2303
4.23018
4.23411
4.24376
4.26105
4.28823
4.32783
4.38265
4.45574
4.55036
4.66987
4.81769
4.99715
5.21132
5.4628
5.75335
6.08357
6.45255
6.85753
7.29366
7.75387
8.22875
8.70685
9.17513
9.61977
10.0271
10.3842
10.6803
10.9067
11.0576
11.1303
11.1251
11.0453
10.8962
10.6852
10.4209
10.1128
9.77043
9.40346
9.02098
8.63136
8.24204
7.85944
7.48888
7.13465
6.79999
6.48726
6.19801
5.93312
5.69293
5.47739
5.28615
5.11867
4.97433
4.85248
4.75251
4.67391
4.61628
4.57938
4.56311
4.56755
4.59292
4.63958
4.708
4.79872
4.9123
5.04922
5.20985
5.39433
5.6025
5.83378
6.08712
6.36093
6.653
6.96058
7.28031
7.60836
7.94051
8.27222
8.59883
8.91565
9.21811
9.50184
9.76286
9.99734
10.2025
10.3753
10.5099
10.6464
3.5698
3.56863
3.56648
3.56333
3.55916
3.55397
3.5478
3.5407
3.53276
3.52408
3.51482
3.50519
3.49544
3.4859
3.47696
3.4691
3.46285
3.45886
3.45784
3.46055
3.46784
3.48056
3.49959
3.52577
3.55988
3.60258
3.65436
3.7155
3.78599
3.86549
3.9533
4.0483
4.14893
4.25318
4.35863
4.46254
4.56195
4.65383
4.73518
4.80323
4.85557
4.89033
4.90626
4.90277
4.87999
4.83868
4.78018
4.70629
4.61918
4.52122
4.4149
4.30267
4.18689
4.06974
3.95315
3.83881
3.72815
3.62232
3.52224
3.42862
3.34199
3.26273
3.19109
3.12726
3.07139
3.0236
2.98401
2.95279
2.93015
2.91636
2.91179
2.91689
2.93223
2.95847
2.9964
3.04691
3.11097
3.18965
3.28403
3.39522
3.52422
3.67194
3.83905
4.02592
4.23248
4.45822
4.70203
4.96219
5.23638
5.52165
5.81453
6.11108
6.40708
6.69805
6.97956
7.24715
7.49649
7.72584
7.91642
8.16489
3.18844
3.18364
3.17826
3.17226
3.16562
3.15834
3.1504
3.14181
3.1326
3.12279
3.11242
3.10154
3.09022
3.07854
3.06661
3.05453
3.04247
3.03059
3.01907
3.00816
2.99808
2.9891
2.98151
2.97557
2.97155
2.96971
2.97024
2.97329
2.97891
2.9871
2.99772
3.01053
3.02517
3.04114
3.05785
3.0746
3.09062
3.10509
3.11718
3.1261
3.13109
3.13153
3.12691
3.11688
3.1013
3.08016
3.05365
3.02213
2.98607
2.94605
2.90275
2.85686
2.80911
2.7602
2.71079
2.66151
2.61291
2.56547
2.51963
2.47572
2.43405
2.39487
2.35836
2.32472
2.29409
2.26663
2.24248
2.22181
2.20482
2.19174
2.18283
2.17844
2.17896
2.18485
2.19668
2.21507
2.24077
2.27459
2.31745
2.37035
2.43436
2.51057
2.60008
2.70396
2.82314
2.95837
3.11014
3.27855
3.46329
3.66348
3.8777
4.10394
4.33958
4.5815
4.82614
5.06967
5.30748
5.53914
5.73858
6.03067
2.97043
2.96209
2.95348
2.94457
2.93533
2.92574
2.91579
2.90545
2.89474
2.88365
2.87218
2.86034
2.84816
2.83565
2.82283
2.80974
2.79641
2.78288
2.7692
2.75544
2.74166
2.72793
2.71435
2.70099
2.68796
2.67534
2.66324
2.65171
2.64082
2.63059
2.62104
2.61213
2.60378
2.59589
2.58829
2.5808
2.57318
2.5652
2.5566
2.54712
2.53651
2.52454
2.51102
2.49581
2.4788
2.45997
2.43932
2.41693
2.39292
2.36746
2.34075
2.31301
2.28448
2.25542
2.22606
2.19664
2.16738
2.13847
2.1101
2.08241
2.05556
2.02965
2.00479
1.98107
1.95858
1.9374
1.91762
1.89934
1.88265
1.86771
1.85465
1.84368
1.83501
1.82891
1.8257
1.82577
1.82954
1.83752
1.8503
1.86854
1.89295
1.92436
1.96363
2.01169
2.06948
2.13795
2.218
2.31043
2.41586
2.53467
2.66693
2.81231
2.97
3.13873
3.31664
3.50152
3.68989
3.88275
4.05347
4.32674
2.84783
2.83632
2.82475
2.81307
2.80127
2.78932
2.77721
2.76493
2.75246
2.73979
2.72691
2.71383
2.70055
2.68705
2.67336
2.65946
2.64537
2.63109
2.61664
2.60202
2.58724
2.57233
2.5573
2.54217
2.52698
2.51174
2.4965
2.48128
2.4661
2.451
2.43598
2.42107
2.40625
2.39151
2.37682
2.36214
2.34741
2.33256
2.31751
2.30221
2.28655
2.27047
2.25389
2.23677
2.21906
2.20074
2.18181
2.16228
2.14219
2.12158
2.10053
2.07911
2.0574
2.0355
2.01348
1.99146
1.96949
1.94767
1.92606
1.90472
1.88372
1.86309
1.84289
1.82314
1.80389
1.78517
1.76702
1.74949
1.73264
1.71652
1.70121
1.68682
1.67347
1.66128
1.65045
1.64116
1.63367
1.62826
1.62527
1.62508
1.62813
1.63492
1.64601
1.66201
1.68361
1.71152
1.74648
1.78925
1.84056
1.9011
1.97142
2.05195
2.14285
2.24404
2.35505
2.47515
2.60242
2.73889
2.86252
3.07704
2.78184
2.76781
2.7538
2.73979
2.72578
2.71174
2.69765
2.68352
2.66931
2.65504
2.64068
2.62623
2.61169
2.59705
2.58231
2.56747
2.55252
2.53747
2.52231
2.50703
2.49164
2.47615
2.46053
2.44481
2.42898
2.41304
2.39701
2.38088
2.36467
2.34839
2.33204
2.31564
2.29919
2.28269
2.26615
2.24956
2.23291
2.2162
2.19941
2.18252
2.16552
2.14839
2.13111
2.11367
2.09605
2.07825
2.06027
2.04211
2.02379
2.00533
1.98674
1.96806
1.9493
1.93051
1.91171
1.89292
1.87419
1.85553
1.83696
1.8185
1.80018
1.78199
1.76396
1.74609
1.72839
1.71088
1.69357
1.67647
1.65961
1.64302
1.62673
1.61079
1.59526
1.58022
1.56575
1.55197
1.539
1.52699
1.51614
1.50665
1.49877
1.4928
1.48906
1.48793
1.48983
1.49522
1.5046
1.51851
1.53752
1.56219
1.59308
1.6307
1.6755
1.7278
1.78775
1.8554
1.92994
2.01356
2.09081
2.23559
2.74851
2.7327
2.71692
2.70119
2.68549
2.66981
2.65415
2.63849
2.62283
2.60717
2.59149
2.57579
2.56007
2.54432
2.52854
2.51273
2.49688
2.481
2.46507
2.4491
2.43309
2.41702
2.4009
2.38472
2.36848
2.35218
2.33581
2.31938
2.30287
2.2863
2.26967
2.25298
2.23622
2.21942
2.20257
2.18567
2.16873
2.15176
2.13475
2.1177
2.10063
2.08352
2.06638
2.04921
2.03202
2.0148
1.99755
1.98029
1.96302
1.94574
1.92846
1.91119
1.89393
1.8767
1.8595
1.84233
1.8252
1.80811
1.79107
1.77406
1.75709
1.74016
1.72325
1.70638
1.68953
1.6727
1.6559
1.63912
1.62238
1.60568
1.58905
1.57249
1.55605
1.53976
1.52367
1.50783
1.49231
1.4772
1.46259
1.4486
1.43537
1.42305
1.41184
1.40194
1.39361
1.38711
1.38276
1.38091
1.38191
1.38617
1.3941
1.40611
1.4226
1.44394
1.47043
1.50234
1.53944
1.58347
1.62499
1.70961
2.73291
2.71598
2.69908
2.68222
2.66539
2.64859
2.63182
2.61507
2.59834
2.58162
2.56492
2.54824
2.53156
2.51489
2.49823
2.48158
2.46493
2.44828
2.43165
2.41501
2.39838
2.38174
2.3651
2.34846
2.33181
2.31514
2.29846
2.28177
2.26505
2.24832
2.23156
2.21479
2.19799
2.18118
2.16435
2.14751
2.13066
2.11381
2.09696
2.08012
2.06329
2.04647
2.02967
2.0129
1.99616
1.97945
1.96278
1.94615
1.92956
1.91301
1.89652
1.88006
1.86365
1.84729
1.83096
1.81467
1.7984
1.78216
1.76593
1.7497
1.73347
1.71722
1.70094
1.68463
1.66827
1.65186
1.63539
1.61886
1.60227
1.58562
1.56891
1.55217
1.53539
1.51861
1.50185
1.48513
1.4685
1.452
1.43568
1.41961
1.40386
1.38853
1.37371
1.35952
1.34609
1.3336
1.32221
1.31213
1.30358
1.29681
1.2921
1.28972
1.28997
1.29314
1.29951
1.30934
1.32265
1.34056
1.35819
1.3992
2.72615
2.7086
2.69106
2.67355
2.65605
2.63858
2.62112
2.60368
2.58625
2.56885
2.55146
2.53409
2.51674
2.49941
2.4821
2.46481
2.44754
2.4303
2.41308
2.39589
2.37873
2.3616
2.34449
2.32741
2.31036
2.29333
2.27633
2.25936
2.2424
2.22547
2.20856
2.19167
2.17481
2.15796
2.14115
2.12435
2.10759
2.09086
2.07417
2.05751
2.0409
2.02434
2.00783
1.99137
1.97497
1.95863
1.94235
1.92614
1.90999
1.89391
1.87788
1.86192
1.846
1.83013
1.8143
1.79851
1.78273
1.76696
1.75118
1.73539
1.71957
1.70371
1.68779
1.6718
1.65574
1.63959
1.62334
1.60699
1.59054
1.57397
1.55731
1.54054
1.52368
1.50674
1.48974
1.47268
1.4556
1.43853
1.42148
1.40451
1.38765
1.37095
1.35447
1.33827
1.32244
1.30706
1.29222
1.27805
1.26468
1.25224
1.24091
1.23086
1.22228
1.21537
1.21032
1.20736
1.20659
1.20855
1.21149
1.22399
2.7234
2.70554
2.68769
2.66983
2.65199
2.63415
2.61631
2.59848
2.58066
2.56285
2.54505
2.52727
2.5095
2.49174
2.47401
2.4563
2.43861
2.42095
2.40333
2.38574
2.36818
2.35066
2.33319
2.31576
2.29837
2.28103
2.26374
2.24649
2.2293
2.21215
2.19506
2.17802
2.16103
2.14409
2.12721
2.11039
2.09363
2.07693
2.0603
2.04373
2.02723
2.0108
1.99445
1.97817
1.96197
1.94584
1.9298
1.91383
1.89794
1.88212
1.86636
1.85067
1.83504
1.81945
1.8039
1.78837
1.77286
1.75735
1.74183
1.72628
1.71069
1.69505
1.67934
1.66354
1.64766
1.63167
1.61557
1.59935
1.583
1.56653
1.54993
1.5332
1.51636
1.4994
1.48233
1.46518
1.44795
1.43067
1.41335
1.39601
1.37869
1.36142
1.34423
1.32715
1.31024
1.29354
1.27711
1.26101
1.24532
1.23012
1.21551
1.20157
1.18844
1.17623
1.16507
1.1551
1.14646
1.13927
1.13374
1.12887
2.72228
2.70429
2.68629
2.66828
2.65026
2.63224
2.61422
2.5962
2.57817
2.56015
2.54213
2.52412
2.50612
2.48812
2.47014
2.45218
2.43424
2.41633
2.39845
2.38059
2.36278
2.345
2.32727
2.30959
2.29195
2.27437
2.25685
2.23938
2.22198
2.20464
2.18737
2.17017
2.15304
2.13598
2.119
2.10209
2.08527
2.06852
2.05186
2.03529
2.0188
2.00241
1.9861
1.96989
1.95376
1.93773
1.92179
1.90593
1.89015
1.87446
1.85884
1.84328
1.82778
1.81233
1.79691
1.78153
1.76615
1.75077
1.73538
1.71996
1.7045
1.68897
1.67337
1.65769
1.64191
1.62602
1.61002
1.59388
1.57762
1.56122
1.54469
1.52802
1.51122
1.4943
1.47725
1.4601
1.44285
1.42552
1.40812
1.39067
1.37319
1.35571
1.33824
1.32081
1.30345
1.28619
1.26907
1.25212
1.23538
1.21891
1.20275
1.18696
1.17161
1.15677
1.14252
1.12893
1.11615
1.104
1.09387
1.07906
2.72177
2.70372
2.68566
2.66758
2.64949
2.63139
2.61328
2.59516
2.57704
2.55892
2.54079
2.52267
2.50454
2.48643
2.46832
2.45023
2.43215
2.41409
2.39606
2.37805
2.36008
2.34215
2.32425
2.3064
2.28861
2.27086
2.25317
2.23555
2.21799
2.20049
2.18307
2.16573
2.14847
2.13128
2.11418
2.09718
2.08026
2.06343
2.0467
2.03007
2.01354
1.99711
1.98078
1.96455
1.94842
1.93239
1.91646
1.90062
1.88487
1.86921
1.85362
1.8381
1.82265
1.80725
1.79188
1.77654
1.76122
1.7459
1.73056
1.7152
1.69979
1.68432
1.66878
1.65316
1.63744
1.62161
1.60566
1.58959
1.57339
1.55705
1.54058
1.52397
1.50722
1.49035
1.47335
1.45623
1.43901
1.4217
1.40431
1.38685
1.36935
1.35181
1.33426
1.31672
1.2992
1.28173
1.26434
1.24704
1.22987
1.21285
1.19601
1.17939
1.16302
1.14695
1.13123
1.11588
1.10104
1.08638
1.07391
1.05376
2.72147
2.70339
2.6853
2.66719
2.64906
2.63093
2.61278
2.59462
2.57646
2.55828
2.54011
2.52193
2.50375
2.48557
2.4674
2.44924
2.43109
2.41296
2.39485
2.37676
2.3587
2.34067
2.32268
2.30473
2.28683
2.26898
2.25118
2.23344
2.21577
2.19817
2.18063
2.16318
2.1458
2.12851
2.11131
2.0942
2.07718
2.06026
2.04345
2.02674
2.01013
1.99363
1.97723
1.96095
1.94477
1.92869
1.91272
1.89685
1.88107
1.86538
1.84977
1.83424
1.81877
1.80336
1.78799
1.77265
1.75733
1.74201
1.72668
1.71133
1.69593
1.68049
1.66497
1.64938
1.63369
1.61789
1.60198
1.58595
1.56979
1.5535
1.53708
1.52052
1.50383
1.48701
1.47006
1.453
1.43583
1.41856
1.40121
1.38379
1.36631
1.34879
1.33125
1.31369
1.29615
1.27863
1.26115
1.24374
1.22641
1.20918
1.19208
1.17511
1.15832
1.14171
1.12533
1.10918
1.09339
1.07752
1.06393
1.04109
2.72124
2.70315
2.68504
2.66691
2.64876
2.63061
2.61244
2.59426
2.57607
2.55788
2.53968
2.52147
2.50326
2.48506
2.46686
2.44866
2.43048
2.4123
2.39415
2.37602
2.35791
2.33983
2.32178
2.30377
2.2858
2.26788
2.25001
2.2322
2.21445
2.19676
2.17914
2.1616
2.14414
2.12676
2.10947
2.09227
2.07516
2.05816
2.04125
2.02446
2.00776
1.99118
1.97471
1.95835
1.9421
1.92595
1.90991
1.89398
1.87814
1.8624
1.84674
1.83116
1.81564
1.80019
1.78478
1.76941
1.75406
1.73872
1.72337
1.708
1.6926
1.67715
1.66163
1.64605
1.63037
1.61459
1.59871
1.5827
1.56658
1.55033
1.53394
1.51743
1.50078
1.48401
1.46712
1.45011
1.433
1.41579
1.39849
1.38112
1.36369
1.34622
1.32872
1.3112
1.29368
1.27617
1.2587
1.24128
1.22391
1.20663
1.18944
1.17236
1.15541
1.1386
1.12195
1.10546
1.08926
1.07285
1.05877
1.03465
2.72104
2.70294
2.68481
2.66667
2.64851
2.63034
2.61216
2.59397
2.57577
2.55756
2.53934
2.52112
2.5029
2.48467
2.46645
2.44824
2.43003
2.41184
2.39366
2.3755
2.35736
2.33925
2.32116
2.30311
2.2851
2.26714
2.24922
2.23135
2.21354
2.1958
2.17812
2.16051
2.14297
2.12552
2.10816
2.09088
2.0737
2.05661
2.03963
2.02275
2.00597
1.98931
1.97276
1.95631
1.93998
1.92376
1.90765
1.89164
1.87573
1.85991
1.84418
1.82854
1.81297
1.79745
1.78199
1.76657
1.75118
1.7358
1.72042
1.70502
1.68959
1.67413
1.6586
1.64301
1.62733
1.61156
1.59569
1.57971
1.56361
1.54738
1.53104
1.51456
1.49796
1.48124
1.4644
1.44745
1.43039
1.41324
1.396
1.37869
1.36132
1.3439
1.32645
1.30898
1.29151
1.27405
1.25662
1.23922
1.22188
1.20461
1.18742
1.17032
1.15333
1.13646
1.11972
1.10312
1.08676
1.07013
1.05585
1.03118
2.72086
2.70274
2.6846
2.66645
2.64829
2.6301
2.61191
2.59371
2.57549
2.55727
2.53905
2.52081
2.50258
2.48434
2.46611
2.44788
2.42966
2.41145
2.39326
2.37507
2.35691
2.33878
2.32067
2.30259
2.28455
2.26655
2.24859
2.23068
2.21283
2.19504
2.1773
2.15964
2.14205
2.12454
2.10711
2.08976
2.07251
2.05536
2.0383
2.02134
2.00449
1.98775
1.97112
1.9546
1.93819
1.92189
1.90569
1.88961
1.87362
1.85773
1.84193
1.82622
1.81058
1.795
1.77948
1.764
1.74856
1.73313
1.71771
1.70227
1.68682
1.67132
1.65578
1.64018
1.62449
1.60873
1.59286
1.57689
1.56081
1.54462
1.5283
1.51186
1.4953
1.47863
1.46184
1.44494
1.42793
1.41084
1.39366
1.37641
1.3591
1.34174
1.32435
1.30694
1.28953
1.27212
1.25474
1.2374
1.2201
1.20287
1.18571
1.16863
1.15166
1.13479
1.11805
1.10142
1.08503
1.06832
1.05398
1.02909
2.72069
2.70256
2.68442
2.66625
2.64808
2.62988
2.61168
2.59347
2.57524
2.55701
2.53877
2.52053
2.50229
2.48404
2.4658
2.44756
2.42933
2.4111
2.39289
2.37469
2.35652
2.33836
2.32023
2.30213
2.28406
2.26603
2.24804
2.2301
2.21221
2.19437
2.1766
2.15889
2.14124
2.12368
2.10619
2.08879
2.07148
2.05426
2.03713
2.02011
2.00319
1.98637
1.96967
1.95307
1.93658
1.9202
1.90393
1.88777
1.87171
1.85575
1.83987
1.82409
1.80838
1.79274
1.77716
1.76162
1.74612
1.73064
1.71517
1.6997
1.68421
1.66869
1.65313
1.63751
1.62182
1.60604
1.59019
1.57423
1.55816
1.54199
1.5257
1.5093
1.49278
1.47615
1.4594
1.44255
1.42561
1.40857
1.39145
1.37426
1.35701
1.33972
1.32239
1.30505
1.28769
1.27035
1.25303
1.23574
1.21849
1.20131
1.1842
1.16717
1.15023
1.13339
1.11668
1.10006
1.08368
1.06697
1.05262
1.02766
2.72053
2.70239
2.68424
2.66607
2.64788
2.62968
2.61147
2.59324
2.57501
2.55677
2.53852
2.52027
2.50202
2.48376
2.46551
2.44726
2.42901
2.41077
2.39255
2.37434
2.35614
2.33797
2.31982
2.3017
2.2836
2.26555
2.24753
2.22956
2.21163
2.19376
2.17595
2.15819
2.14051
2.1229
2.10536
2.0879
2.07053
2.05325
2.03607
2.01898
2.00199
1.98511
1.96833
1.95166
1.93511
1.91866
1.90231
1.88608
1.86994
1.8539
1.83796
1.82211
1.80633
1.79063
1.77498
1.75939
1.74383
1.7283
1.71279
1.69728
1.68175
1.6662
1.65062
1.63498
1.61928
1.6035
1.58765
1.5717
1.55565
1.5395
1.52324
1.50687
1.49039
1.4738
1.45711
1.44031
1.42342
1.40644
1.38938
1.37225
1.35507
1.33784
1.32058
1.3033
1.28601
1.26873
1.25146
1.23423
1.21705
1.19992
1.18286
1.16588
1.14899
1.1322
1.11552
1.09893
1.08257
1.06588
1.05155
1.0266
2.72038
2.70224
2.68408
2.6659
2.6477
2.62949
2.61127
2.59304
2.5748
2.55655
2.53829
2.52003
2.50176
2.4835
2.46523
2.44697
2.42871
2.41047
2.39223
2.374
2.35579
2.3376
2.31943
2.30129
2.28318
2.2651
2.24705
2.22905
2.2111
2.19319
2.17534
2.15755
2.13982
2.12216
2.10458
2.08707
2.06965
2.05232
2.03507
2.01793
2.00088
1.98393
1.96709
1.95036
1.93373
1.91721
1.9008
1.88449
1.86829
1.85218
1.83617
1.82025
1.80441
1.78864
1.77294
1.75729
1.74168
1.7261
1.71054
1.69499
1.67943
1.66386
1.64825
1.63259
1.61688
1.60111
1.58525
1.56932
1.55329
1.53716
1.52093
1.5046
1.48816
1.47161
1.45497
1.43823
1.42139
1.40447
1.38748
1.37042
1.3533
1.33614
1.31895
1.30173
1.28451
1.2673
1.2501
1.23293
1.21581
1.19874
1.18173
1.1648
1.14796
1.13121
1.11457
1.09802
1.0817
1.06503
1.05073
1.02579
2.72025
2.7021
2.68393
2.66574
2.64754
2.62932
2.61109
2.59285
2.5746
2.55634
2.53807
2.5198
2.50153
2.48325
2.46498
2.4467
2.42844
2.41018
2.39192
2.37368
2.35546
2.33725
2.31907
2.30091
2.28277
2.26467
2.2466
2.22858
2.21059
2.19266
2.17477
2.15694
2.13918
2.12148
2.10385
2.0863
2.06883
2.05144
2.03415
2.01694
1.99984
1.98283
1.96593
1.94913
1.93244
1.91586
1.89938
1.88301
1.86674
1.85057
1.8345
1.81851
1.80261
1.78678
1.77102
1.75532
1.73966
1.72404
1.70844
1.69285
1.67727
1.66166
1.64604
1.63037
1.61465
1.59888
1.58304
1.56711
1.55111
1.53501
1.51881
1.50252
1.48613
1.46964
1.45305
1.43637
1.4196
1.40275
1.38583
1.36884
1.3518
1.33471
1.31759
1.30045
1.28329
1.26615
1.24901
1.23191
1.21485
1.19783
1.18088
1.164
1.1472
1.1305
1.1139
1.09739
1.0811
1.06446
1.05018
1.02527
2.72013
2.70197
2.68379
2.6656
2.64739
2.62916
2.61092
2.59267
2.57441
2.55615
2.53787
2.51959
2.50131
2.48302
2.46474
2.44645
2.42818
2.4099
2.39164
2.37339
2.35515
2.33693
2.31873
2.30055
2.28239
2.26427
2.24618
2.22813
2.21012
2.19215
2.17424
2.15638
2.13858
2.12084
2.10317
2.08558
2.06806
2.05063
2.03329
2.01603
1.99887
1.98181
1.96486
1.948
1.93125
1.91461
1.89807
1.88164
1.86531
1.84908
1.83295
1.8169
1.80095
1.78507
1.76926
1.75351
1.73781
1.72215
1.70651
1.6909
1.67529
1.65967
1.64403
1.62836
1.61265
1.59689
1.58106
1.56517
1.54919
1.53313
1.51699
1.50075
1.48442
1.46799
1.45148
1.43487
1.41818
1.4014
1.38456
1.36765
1.35069
1.33368
1.31664
1.29957
1.28249
1.26541
1.24835
1.23131
1.2143
1.19734
1.18044
1.16361
1.14686
1.13019
1.11363
1.09715
1.08088
1.06427
1.05002
1.02513
2.72002
2.70186
2.68367
2.66547
2.64725
2.62902
2.61077
2.59251
2.57425
2.55597
2.53769
2.5194
2.50111
2.48281
2.46452
2.44623
2.42794
2.40965
2.39138
2.37311
2.35486
2.33663
2.31841
2.30021
2.28204
2.2639
2.24579
2.22772
2.20968
2.19169
2.17375
2.15586
2.13802
2.12025
2.10255
2.08492
2.06736
2.04989
2.0325
2.0152
1.99799
1.98088
1.96388
1.94697
1.93017
1.91347
1.89688
1.8804
1.86402
1.84774
1.83155
1.81546
1.79946
1.78354
1.76769
1.7519
1.73617
1.72049
1.70484
1.68921
1.67359
1.65797
1.64234
1.62669
1.611
1.59527
1.57948
1.56364
1.54772
1.53172
1.51565
1.49948
1.48323
1.46689
1.45046
1.43394
1.41734
1.40066
1.38391
1.36709
1.35021
1.33329
1.31633
1.29934
1.28233
1.26533
1.24832
1.23134
1.21439
1.19748
1.18062
1.16383
1.14711
1.13048
1.11394
1.09749
1.08125
1.06466
1.05044
1.02558
2.71993
2.70176
2.68356
2.66535
2.64713
2.62889
2.61064
2.59237
2.5741
2.55581
2.53752
2.51923
2.50093
2.48262
2.46432
2.44602
2.42772
2.40943
2.39114
2.37287
2.3546
2.33635
2.31812
2.29991
2.28173
2.26357
2.24544
2.22735
2.20929
2.19128
2.17331
2.15539
2.13753
2.11974
2.102
2.08434
2.06675
2.04924
2.03181
2.01448
1.99723
1.98009
1.96304
1.94609
1.92925
1.91252
1.89589
1.87936
1.86295
1.84663
1.83042
1.8143
1.79827
1.78233
1.76646
1.75067
1.73493
1.71925
1.7036
1.68799
1.6724
1.65681
1.64122
1.62562
1.60999
1.59432
1.57861
1.56285
1.54702
1.53112
1.51514
1.49908
1.48293
1.4667
1.45038
1.43397
1.41748
1.4009
1.38425
1.36753
1.35074
1.33391
1.31702
1.30011
1.28317
1.26622
1.24927
1.23234
1.21543
1.19856
1.18173
1.16497
1.14829
1.13168
1.11518
1.09875
1.08255
1.066
1.05181
1.02703
2.71984
2.70167
2.68347
2.66525
2.64702
2.62878
2.61052
2.59225
2.57397
2.55568
2.53738
2.51908
2.50077
2.48246
2.46415
2.44584
2.42754
2.40923
2.39094
2.37266
2.35438
2.33613
2.31789
2.29967
2.28147
2.2633
2.24516
2.22705
2.20898
2.19095
2.17297
2.15504
2.13716
2.11935
2.10159
2.08391
2.0663
2.04877
2.03133
2.01397
1.99671
1.97954
1.96248
1.94551
1.92866
1.91191
1.89527
1.87874
1.86231
1.846
1.82979
1.81368
1.79767
1.78175
1.76591
1.75015
1.73446
1.71882
1.70324
1.6877
1.67218
1.65668
1.64119
1.62569
1.61017
1.59462
1.57903
1.5634
1.5477
1.53194
1.5161
1.50017
1.48416
1.46806
1.45187
1.43558
1.4192
1.40273
1.38618
1.36955
1.35284
1.33608
1.31926
1.3024
1.28551
1.26861
1.2517
1.2348
1.21792
1.20108
1.1843
1.16757
1.15092
1.13436
1.11791
1.10155
1.08542
1.06896
1.05487
1.03029
2.71978
2.7016
2.6834
2.66518
2.64694
2.62869
2.61043
2.59215
2.57387
2.55558
2.53728
2.51897
2.50066
2.48235
2.46404
2.44573
2.42742
2.40912
2.39082
2.37254
2.35426
2.33601
2.31777
2.29955
2.28135
2.26318
2.24505
2.22694
2.20888
2.19085
2.17288
2.15495
2.13708
2.11927
2.10153
2.08386
2.06626
2.04875
2.03132
2.01398
1.99674
1.9796
1.96256
1.94563
1.92881
1.9121
1.89551
1.87903
1.86267
1.84642
1.83028
1.81426
1.79833
1.78251
1.76678
1.75114
1.73557
1.72008
1.70464
1.68925
1.67389
1.65856
1.64324
1.62791
1.61258
1.59721
1.58181
1.56635
1.55083
1.53524
1.51956
1.50379
1.48793
1.47196
1.45589
1.43971
1.42343
1.40705
1.39057
1.374
1.35735
1.34063
1.32385
1.30703
1.29017
1.2733
1.25642
1.23956
1.22273
1.20595
1.18924
1.1726
1.15606
1.13963
1.12334
1.10717
1.09125
1.07505
1.06121
1.03718
2.71975
2.70157
2.68337
2.66515
2.64692
2.62867
2.61041
2.59215
2.57387
2.55558
2.53729
2.51899
2.5007
2.4824
2.4641
2.4458
2.42752
2.40923
2.39096
2.3727
2.35446
2.33623
2.31802
2.29984
2.28168
2.26355
2.24546
2.2274
2.20938
2.19142
2.1735
2.15563
2.13783
2.12009
2.10243
2.08483
2.06732
2.0499
2.03257
2.01534
1.99821
1.98118
1.96427
1.94747
1.9308
1.91424
1.89781
1.8815
1.86532
1.84926
1.83332
1.8175
1.80179
1.7862
1.7707
1.7553
1.73999
1.72474
1.70956
1.69443
1.67934
1.66426
1.6492
1.63412
1.61903
1.60389
1.5887
1.57345
1.55811
1.54268
1.52715
1.51151
1.49576
1.47988
1.46388
1.44776
1.43152
1.41517
1.39872
1.38217
1.36553
1.34884
1.33209
1.31531
1.29851
1.28171
1.26495
1.24822
1.23156
1.21499
1.19853
1.18219
1.16601
1.14999
1.13416
1.11853
1.10321
1.08772
1.07453
1.05188
2.71987
2.70172
2.68354
2.66535
2.64714
2.62893
2.6107
2.59247
2.57424
2.556
2.53776
2.51952
2.50128
2.48305
2.46482
2.4466
2.42839
2.4102
2.39202
2.37387
2.35573
2.33762
2.31953
2.30148
2.28346
2.26547
2.24753
2.22964
2.21179
2.194
2.17627
2.1586
2.14101
2.12348
2.10604
2.08869
2.07142
2.05425
2.03719
2.02023
2.00339
1.98666
1.97006
1.95359
1.93724
1.92103
1.90494
1.889
1.87318
1.8575
1.84194
1.82651
1.8112
1.796
1.78089
1.76588
1.75094
1.73607
1.72125
1.70646
1.69169
1.67692
1.66213
1.6473
1.63242
1.61748
1.60244
1.58731
1.57207
1.55671
1.54122
1.52559
1.50983
1.49394
1.47791
1.46177
1.44551
1.42915
1.4127
1.3962
1.37964
1.36307
1.34649
1.32994
1.31344
1.29702
1.28071
1.26453
1.2485
1.23267
1.21704
1.20166
1.18654
1.17172
1.15722
1.14304
1.12932
1.11564
1.10409
1.08482
2.72072
2.70266
2.68459
2.66652
2.64844
2.63037
2.61229
2.59422
2.57616
2.5581
2.54005
2.52202
2.504
2.486
2.46802
2.45006
2.43212
2.41422
2.39634
2.37849
2.36068
2.34291
2.32518
2.3075
2.28986
2.27228
2.25475
2.23728
2.21988
2.20254
2.18528
2.16809
2.15099
2.13397
2.11705
2.10022
2.0835
2.06688
2.05038
2.034
2.01774
2.0016
1.9856
1.96972
1.95398
1.93837
1.92289
1.90754
1.89232
1.87721
1.86223
1.84735
1.83256
1.81786
1.80323
1.78865
1.77411
1.7596
1.74508
1.73055
1.71599
1.70137
1.68668
1.6719
1.65702
1.64203
1.62692
1.61167
1.59629
1.58078
1.56514
1.54938
1.53351
1.51755
1.50151
1.48541
1.46929
1.45316
1.43706
1.42102
1.40507
1.38925
1.37359
1.35813
1.34291
1.32795
1.3133
1.299
1.28507
1.27156
1.2585
1.24591
1.23385
1.22233
1.21141
1.2011
1.1915
1.18244
1.17499
1.16409
2.72501
2.70735
2.6897
2.67207
2.65446
2.63687
2.61932
2.60179
2.58429
2.56683
2.5494
2.53201
2.51465
2.49734
2.48007
2.46285
2.44567
2.42855
2.41147
2.39444
2.37747
2.36056
2.3437
2.32691
2.31018
2.29351
2.27692
2.26039
2.24394
2.22756
2.21126
2.19505
2.17892
2.16289
2.14694
2.13109
2.11534
2.0997
2.08415
2.06871
2.05338
2.03815
2.02302
2.008
1.99308
1.97826
1.96352
1.94886
1.93428
1.91976
1.90528
1.89084
1.87642
1.862
1.84757
1.8331
1.81859
1.80401
1.78935
1.7746
1.75974
1.74478
1.7297
1.7145
1.69919
1.68379
1.6683
1.65273
1.63713
1.6215
1.60589
1.59033
1.57486
1.55952
1.54436
1.52941
1.51474
1.50039
1.48642
1.47286
1.45979
1.44725
1.4353
1.42398
1.41335
1.40345
1.39434
1.38607
1.37868
1.37222
1.36673
1.36227
1.35889
1.35664
1.35558
1.35578
1.35726
1.36047
1.3638
1.37478
2.74419
2.72787
2.7116
2.6954
2.67926
2.66318
2.64717
2.63123
2.61535
2.59953
2.58378
2.56809
2.55246
2.53689
2.52139
2.50595
2.49056
2.47523
2.45996
2.44474
2.42958
2.41447
2.39941
2.3844
2.36944
2.35453
2.33966
2.32484
2.31007
2.29534
2.28065
2.266
2.2514
2.23683
2.2223
2.2078
2.19334
2.17891
2.1645
2.15011
2.13573
2.12136
2.10699
2.09261
2.07822
2.06379
2.04932
2.0348
2.02022
2.00556
1.99081
1.97597
1.96103
1.94598
1.93081
1.91554
1.90017
1.88472
1.86919
1.85362
1.83803
1.82248
1.80699
1.79162
1.77643
1.76148
1.74684
1.73258
1.71879
1.70553
1.6929
1.68097
1.66984
1.6596
1.65034
1.64214
1.63511
1.62932
1.62489
1.62188
1.62041
1.62054
1.62237
1.62597
1.63142
1.6388
1.64818
1.65963
1.6732
1.68897
1.707
1.72737
1.75015
1.77541
1.80325
1.83384
1.8669
1.90452
1.93793
2.00795
2.82287
2.81032
2.79786
2.78548
2.77319
2.76097
2.74881
2.73673
2.72469
2.7127
2.70076
2.68884
2.67695
2.66508
2.65321
2.64135
2.62948
2.6176
2.6057
2.59376
2.58179
2.56977
2.5577
2.54557
2.53337
2.52109
2.50872
2.49626
2.4837
2.47103
2.45825
2.44533
2.43229
2.4191
2.40577
2.39228
2.37862
2.3648
2.3508
2.33662
2.32226
2.30772
2.29299
2.27809
2.26302
2.2478
2.23244
2.21697
2.20142
2.18583
2.17024
2.15472
2.13933
2.12415
2.10926
2.09476
2.08075
2.06736
2.05471
2.04292
2.03214
2.02252
2.01419
2.00733
2.00208
1.9986
1.99708
1.99766
2.00054
2.00588
2.01388
2.02471
2.03858
2.05567
2.07618
2.1003
2.12822
2.16012
2.19616
2.23648
2.28124
2.33052
2.3844
2.44295
2.50619
2.5741
2.64665
2.72378
2.8054
2.89138
2.9816
3.0759
3.17409
3.27602
3.38145
3.49037
3.6016
3.71971
3.82229
4.01329
3.12647
3.12322
3.11995
3.11663
3.11324
3.10978
3.10621
3.10252
3.0987
3.09473
3.09059
3.08627
3.08174
3.07699
3.07202
3.0668
3.06131
3.05555
3.0495
3.04315
3.03649
3.02951
3.02219
3.01453
3.00653
2.99818
2.98947
2.98041
2.971
2.96126
2.95118
2.9408
2.93013
2.91921
2.90808
2.89677
2.88536
2.87391
2.8625
2.85123
2.84022
2.82958
2.81947
2.81006
2.80151
2.79405
2.78789
2.78329
2.7805
2.77981
2.78152
2.78596
2.79344
2.80432
2.81895
2.83767
2.86083
2.8888
2.9219
2.96047
3.00484
3.05531
3.11218
3.17573
3.24625
3.32399
3.40921
3.50217
3.60312
3.71229
3.82992
3.95622
4.09137
4.23552
4.38876
4.5511
4.72248
4.90271
5.09149
5.28838
5.49282
5.70405
5.92123
6.14332
6.36921
6.59766
6.82733
7.05685
7.28481
7.50977
7.73033
7.94513
8.15288
8.3524
8.54257
8.72254
8.89085
9.05022
9.18166
9.37972
4.45823
4.48455
4.51055
4.53621
4.5615
4.58642
4.61095
4.63508
4.65881
4.68215
4.70508
4.72763
4.74979
4.77159
4.79304
4.81418
4.83504
4.85567
4.87611
4.89642
4.91668
4.93697
4.95739
4.97804
4.99907
5.0206
5.0428
5.06587
5.09001
5.11546
5.14247
5.17134
5.20239
5.23597
5.27248
5.31233
5.35599
5.40395
5.45676
5.515
5.57928
5.65027
5.72865
5.81516
5.91057
6.01567
6.13129
6.25829
6.39751
6.54983
6.71613
6.89726
7.09407
7.30736
7.53789
7.78637
8.05341
8.33954
8.64517
8.97059
9.31593
9.68116
10.0661
10.4702
10.893
11.3334
11.7904
12.2626
12.7483
13.2454
13.7516
14.2645
14.781
15.2982
15.8124
16.3201
16.8175
17.3005
17.7652
18.2073
18.6231
19.0086
19.3603
19.675
19.9501
20.1832
20.3729
20.518
20.6183
20.6742
20.6866
20.6572
20.5882
20.4821
20.3422
20.1709
19.9749
19.744
19.5351
19.1208
14.2209
14.4625
14.7044
14.9464
15.1884
15.4304
15.6724
15.9143
16.156
16.3977
16.6393
16.8809
17.1225
17.3642
17.6062
17.8485
18.0914
18.3351
18.5798
18.8258
19.0735
19.3232
19.5752
19.8302
20.0884
20.3504
20.6169
20.8883
21.1653
21.4485
21.7386
22.0364
22.3426
22.6579
22.9832
23.3193
23.6669
24.0271
24.4007
24.7887
25.1919
25.6116
26.0486
26.5042
26.9795
27.4756
27.994
28.5357
29.1024
29.6953
30.3159
30.9656
31.646
32.3583
33.1038
33.8836
34.6985
35.5489
36.4347
37.3553
38.3091
39.2935
40.3049
41.3383
42.3871
43.4432
44.4967
45.536
46.548
47.5181
48.4305
49.2691
50.0175
50.6598
51.1814
51.5699
51.815
51.9098
51.8509
51.6384
51.276
50.771
50.1337
49.3768
48.5149
47.5638
46.54
45.4599
44.3391
43.1926
42.0338
40.8747
39.7258
38.5959
37.4925
36.4198
35.3892
34.37
33.5091
32.1186
92.7387
94.0105
95.2498
96.4538
97.6204
98.7475
99.8334
100.876
101.874
102.825
103.727
104.58
105.382
106.13
106.825
107.465
108.048
108.574
109.041
109.449
109.797
110.085
110.31
110.474
110.575
110.613
110.586
110.496
110.341
110.121
109.835
109.483
109.065
108.58
108.028
107.408
106.721
105.966
105.142
104.251
103.291
102.264
101.169
100.007
98.779
97.4865
96.131
94.7144
93.2392
91.7086
90.1261
88.4959
86.823
85.113
83.3723
81.608
79.8279
78.0406
76.2552
74.4816
72.73
71.011
69.3355
67.714
66.1572
64.675
63.2768
61.9705
60.7631
59.6598
58.664
57.777
56.9979
56.3236
55.7488
55.2661
54.8661
54.5379
54.2695
54.0481
53.8608
53.6949
53.5383
53.3802
53.2112
53.0234
52.8107
52.5687
52.2947
51.9874
51.6468
51.2737
50.8699
50.4375
49.9798
49.4967
49.0005
48.4592
48.0072
47.1275
0.107148
0.101071
0.153677
0.197856
0.230282
0.2515
0.262793
0.270159
0.277366
0.289612
0.312696
0.351302
0.409026
0.503057
0.713008
1.18673
1.98959
3.14268
4.64638
6.48651
8.64053
11.0829
13.7878
16.7311
19.89
23.2441
26.775
30.4667
34.3052
38.2784
42.3753
46.5854
50.8974
55.2992
59.7763
64.3121
68.887
73.4786
78.0628
82.6155
87.1163
91.5543
95.9348
100.267
104.465
108.537
112.464
116.224
119.793
123.146
126.258
129.106
131.669
133.926
135.86
137.456
138.701
139.587
140.106
140.258
140.041
139.462
138.528
137.251
135.645
133.727
131.52
129.048
126.34
123.427
120.366
117.288
114.653
112.766
111.027
109.211
107.288
105.268
103.168
101.004
98.7932
96.5487
94.2842
92.0121
89.7435
87.4886
85.2565
83.0553
80.892
78.7729
76.7035
74.6884
72.732
70.8383
69.0116
67.2567
65.5813
63.9981
62.5754
60.8847
0.433156
0.287744
0.239923
0.231292
0.241882
0.267063
0.307839
0.368582
0.458852
0.595124
0.800334
1.09642
1.5007
2.02905
2.7026
3.54186
4.54585
5.69952
6.98671
8.39564
9.92067
11.5613
13.3199
15.1988
17.1986
19.3174
21.5507
23.892
26.3338
28.8678
31.4856
34.1787
36.9384
39.7555
42.6202
45.5219
48.4492
51.3901
54.3328
57.2678
60.1904
63.1038
66.0164
68.9157
71.7633
74.5456
77.2508
79.8637
82.3687
84.7496
86.9903
89.0753
90.9901
92.7206
94.2546
95.5806
96.6892
97.5724
98.2244
98.6412
98.8209
98.7642
98.4737
97.9541
97.2122
96.2565
95.0982
93.7502
92.2275
90.548
88.7377
86.8419
84.9372
83.069
81.187
79.2598
77.2842
75.2687
73.225
71.1649
69.0997
67.0394
64.9933
62.9692
60.9744
59.0149
57.0959
55.2218
53.3961
51.6217
49.9006
48.2345
46.6243
45.0702
43.573
42.1289
40.7445
39.3824
38.1568
36.2691
0.830695
0.446026
0.372783
0.368393
0.396024
0.453064
0.544667
0.683039
0.88346
1.16117
1.52703
1.98559
2.53795
3.18592
3.93252
4.77957
5.72853
6.78334
7.95249
9.24805
10.683
12.268
14.0089
15.9062
17.9549
20.1466
22.4709
24.9173
27.4765
30.1406
32.9031
35.7587
38.7029
41.7309
44.8379
48.0183
51.2658
54.5733
57.9331
61.3362
64.7718
68.2242
71.6726
75.1135
78.5207
81.874
85.1519
88.3322
91.3932
94.3129
97.0703
99.6448
102.017
104.169
106.084
107.748
109.149
110.275
111.12
111.678
111.947
111.929
111.626
111.044
110.194
109.086
107.734
106.156
104.369
102.393
100.251
97.9695
95.5851
93.1343
90.632
88.0825
85.4929
82.8751
80.2431
77.6112
74.9926
72.3993
69.8419
67.3294
64.8696
62.4688
60.1322
57.8639
55.667
53.5434
51.4945
49.5209
47.6226
45.7984
44.0475
42.3659
40.7543
39.1876
37.7404
35.6978
1.22168
0.609165
0.530452
0.538283
0.59145
0.686896
0.831072
1.03336
1.30256
1.64405
2.05887
2.54609
3.10668
3.74535
4.46978
5.28951
6.21616
7.26302
8.44409
9.77282
11.2608
12.9165
14.7451
16.7483
18.925
21.2722
23.7857
26.4614
29.2954
32.2844
35.4254
38.7152
42.1504
45.7266
49.4383
53.2785
57.2384
61.3072
65.4718
69.716
74.0198
78.3584
82.7054
87.0364
91.3237
95.5407
99.6591
103.65
107.483
111.131
114.566
117.76
120.688
123.329
125.661
127.666
129.33
130.642
131.592
132.177
132.396
132.252
131.752
130.906
129.728
128.235
126.447
124.387
122.077
119.545
116.817
113.922
110.892
107.759
104.553
101.294
98.0001
94.6895
91.3803
88.0898
84.8337
81.6259
78.4782
75.4008
72.4021
69.4885
66.6653
63.9361
61.3035
58.7688
56.3324
53.9939
51.7523
49.6053
47.5506
45.5835
43.7024
41.8863
40.2028
37.9228
1.58198
0.781419
0.69615
0.716031
0.789144
0.911202
1.08539
1.3156
1.60461
1.95387
2.36467
2.8403
3.38738
4.01545
4.73561
5.55951
6.49923
7.56736
8.77712
10.1425
11.6778
13.3969
15.3127
17.4359
19.7748
22.3354
25.1213
28.1342
31.3743
34.8403
38.5297
42.4382
46.5599
50.887
55.4091
60.1135
64.9848
70.0043
75.1498
80.3954
85.7112
91.0625
96.4116
101.722
106.957
112.084
117.064
121.863
126.444
130.772
134.813
138.536
141.91
144.911
147.514
149.702
151.46
152.775
153.644
154.064
154.039
153.577
152.689
151.393
149.709
147.661
145.277
142.585
139.617
136.405
132.984
129.388
125.65
121.805
117.888
113.924
109.94
105.957
101.998
98.0808
94.2233
90.4401
86.7437
83.1446
79.6508
76.2686
73.0025
69.8555
66.8292
63.924
61.1393
58.4733
55.924
53.4879
51.1615
48.9391
46.8181
44.7781
42.8937
40.3757
1.89073
0.940813
0.848931
0.875048
0.958325
1.09194
1.27585
1.51099
1.79902
2.14299
2.54813
3.02215
3.57472
4.21638
4.95769
5.80928
6.78272
7.89155
9.15213
10.5838
12.2083
14.0483
16.1262
18.4622
21.0735
23.9736
27.1717
30.6731
34.4794
38.5886
42.9953
47.6908
52.6631
57.8967
63.3727
69.069
74.9599
81.0159
87.2035
93.4874
99.8259
106.172
112.479
118.697
124.783
130.692
136.384
141.814
146.942
151.73
156.14
160.138
163.694
166.783
169.382
171.474
173.048
174.097
174.621
174.623
174.115
173.111
171.63
169.699
167.345
164.6
161.5
158.08
154.38
150.439
146.295
141.989
137.557
133.037
128.463
123.868
119.277
114.716
110.206
105.768
101.418
97.1711
93.0382
89.0289
85.1503
81.4074
77.8036
74.3406
71.0185
67.8365
64.7926
61.8842
59.1075
56.4583
53.932
51.5218
49.2249
47.0193
44.9931
42.2854
2.16558
1.0787
0.976448
1.00343
1.09003
1.22751
1.41447
1.65206
1.94404
2.29688
2.71939
3.22191
3.8153
4.51032
5.31777
6.2495
7.3198
8.54674
9.95286
11.5649
13.4128
15.5277
17.9402
20.6779
23.764
27.2161
31.045
35.2554
39.8454
44.8072
50.1277
55.7883
61.7658
68.0325
74.557
81.3043
88.2362
95.3103
102.485
109.71
116.933
124.099
131.15
138.032
144.694
151.085
157.161
162.876
168.189
173.061
177.456
181.342
184.693
187.486
189.706
191.34
192.384
192.839
192.713
192.018
190.773
189.002
186.734
184.004
180.847
177.304
173.416
169.228
164.783
160.126
155.298
150.342
145.297
140.202
135.091
129.994
124.938
119.948
115.044
110.244
105.562
101.01
96.5988
92.3347
88.2227
84.2661
80.4661
76.8227
73.3345
69.9991
66.8132
63.7728
60.8733
58.1093
55.4754
52.964
50.5726
48.2764
46.1791
43.3567
2.47382
1.19934
1.07941
1.10543
1.1965
1.34224
1.54199
1.79987
2.12391
2.52526
3.01703
3.61307
4.32723
5.17319
6.16526
7.31968
8.65614
10.1989
11.9771
14.0241
16.3757
19.0683
22.1357
25.607
29.504
33.8402
38.6198
43.8378
49.4806
55.5272
61.9499
68.7147
75.7831
83.112
90.6562
98.3673
106.197
114.095
122.005
129.87
137.631
145.229
152.606
159.705
166.473
172.86
178.823
184.319
189.31
193.763
197.647
200.938
203.617
205.669
207.087
207.868
208.018
207.547
206.473
204.819
202.614
199.891
196.689
193.049
189.015
184.635
179.956
175.026
169.891
164.598
159.191
153.711
148.197
142.684
137.205
131.787
126.454
121.226
116.12
111.15
106.326
101.659
97.1523
92.8115
88.6382
84.6329
80.7946
77.1212
73.6097
70.256
67.0557
64.0036
61.0941
58.3212
55.6788
53.159
50.7599
48.4534
46.358
43.5077
2.78293
1.30213
1.16641
1.19967
1.3097
1.4862
1.73332
2.06311
2.49331
3.04542
3.74281
4.60884
5.66562
6.9336
8.43241
10.1822
12.2052
14.5267
17.1758
20.183
23.579
27.3921
31.6454
36.3547
41.5262
47.1557
53.2284
59.7201
66.5989
73.8266
81.3594
89.1491
97.1442
105.291
113.536
121.828
130.111
138.329
146.425
154.342
162.026
169.421
176.474
183.134
189.354
195.091
200.305
204.963
209.035
212.496
215.325
217.509
219.036
219.905
220.119
219.685
218.621
216.948
214.694
211.891
208.579
204.799
200.598
196.023
191.124
185.952
180.557
174.989
169.293
163.516
157.698
151.877
146.089
140.363
134.727
129.201
123.806
118.555
113.459
108.528
103.766
99.1792
94.7679
90.5326
86.4722
82.5841
78.865
75.3107
71.9165
68.6771
65.5867
62.6395
59.8294
57.1497
54.5945
52.1553
49.8315
47.5922
45.5671
42.7764
3.05717
1.39038
1.25766
1.32658
1.49786
1.77029
2.16705
2.72681
3.49928
4.53938
5.89953
7.62286
9.7385
12.2601
15.1894
18.5208
22.2467
26.3609
30.8598
35.7415
41.0047
46.6468
52.6624
59.0413
65.7667
72.8149
80.1549
87.7502
95.5615
103.547
111.661
119.856
128.083
136.29
144.428
152.448
160.305
167.951
175.338
182.42
189.152
195.49
201.392
206.816
211.725
216.085
219.866
223.044
225.6
227.518
228.789
229.41
229.38
228.71
227.411
225.505
223.017
219.979
216.428
212.405
207.957
203.131
197.977
192.549
186.897
181.073
175.125
169.101
163.044
156.995
150.988
145.057
139.227
133.522
127.962
122.561
117.329
112.275
107.403
102.716
98.2139
93.8957
89.7588
85.7993
82.0128
78.394
74.9374
71.6369
68.4863
65.4794
62.6098
59.8711
57.257
54.7608
52.3769
50.0968
47.9212
45.8173
43.9216
41.2704
3.2857
1.48052
1.40765
1.59795
1.96733
2.5734
3.53305
5.00483
7.16209
10.1449
14.0136
18.7424
24.2351
30.3488
36.9333
43.8498
50.9851
58.2557
65.6043
72.9946
80.4059
87.8295
95.2638
102.71
110.166
117.632
125.097
132.544
139.963
147.337
154.637
161.83
168.883
175.766
182.449
188.902
195.092
200.985
206.547
211.742
216.536
220.897
224.791
228.189
231.062
233.383
235.133
236.296
236.86
236.82
236.175
234.931
233.098
230.695
227.742
224.27
220.312
215.906
211.098
205.932
200.458
194.729
188.794
182.706
176.515
170.268
164.011
157.783
151.621
145.559
139.622
133.835
128.214
122.775
117.527
112.476
107.625
102.974
98.5224
94.2649
90.1968
86.3121
82.6038
79.0648
75.6877
72.4648
69.3889
66.4526
63.6488
60.9706
58.4113
55.9646
53.6243
51.3842
49.2392
47.1813
45.2122
43.299
41.5794
39.1349
3.48412
1.64039
1.83483
2.52408
3.82486
6.23421
10.4156
16.845
25.5893
36.3197
48.4373
61.3057
74.3421
87.0833
99.2081
110.527
120.959
130.505
139.213
147.157
154.426
161.116
167.323
173.135
178.63
183.879
188.917
193.772
198.464
203.004
207.398
211.644
215.73
219.64
223.358
226.861
230.126
233.125
235.828
238.206
240.23
241.87
243.101
243.895
244.229
244.082
243.439
242.289
240.626
238.451
235.769
232.591
228.935
224.824
220.287
215.358
210.075
204.481
198.622
192.545
186.301
179.939
173.508
167.055
160.625
154.257
147.99
141.854
135.878
130.082
124.485
119.099
113.931
108.987
104.266
99.7673
95.485
91.4125
87.5416
83.8629
80.3665
77.0424
73.8803
70.8702
68.0028
65.2687
62.6594
60.1669
57.7836
55.5027
53.3176
51.2222
49.2112
47.2787
45.4207
43.63
41.9094
40.2269
38.7163
36.5296
3.63799
2.27679
4.26035
9.39476
19.8913
36.8649
59.365
85.3088
112.477
138.841
163.014
184.279
202.399
217.438
229.625
239.275
246.731
252.354
256.463
259.334
261.221
262.353
262.928
263.112
263.03
262.771
262.417
262.03
261.647
261.291
260.966
260.668
260.383
260.092
259.771
259.394
258.928
258.342
257.601
256.671
255.52
254.116
252.43
250.435
248.106
245.424
242.374
238.947
235.139
230.953
226.398
221.488
216.243
210.69
204.859
198.786
192.512
186.078
179.529
172.911
166.269
159.648
153.09
146.635
140.319
134.171
128.219
122.484
116.982
111.723
106.716
101.961
97.4564
93.1982
89.1785
85.3875
81.8137
78.4446
75.267
72.2675
69.4327
66.7498
64.2062
61.7905
59.4918
57.3003
55.2068
53.2032
51.2821
49.4371
47.662
45.9516
44.3011
42.706
41.1628
39.6656
38.2181
36.7905
35.5081
33.6129
3.91125
16.3893
54.9528
111.57
175.765
238.423
292.91
336.209
369.146
392.213
407.083
415.655
419.51
419.82
417.445
413.032
407.097
400.046
392.224
383.93
375.406
366.842
358.387
350.149
342.209
334.617
327.406
320.597
314.192
308.182
302.545
297.251
292.262
287.538
283.035
278.707
274.507
270.39
266.309
262.223
258.09
253.871
249.53
245.038
240.367
235.495
230.408
225.095
219.554
213.786
207.802
201.617
195.251
188.732
182.089
175.358
168.575
161.78
155.013
148.313
141.719
135.268
128.993
122.922
117.081
111.489
106.161
101.107
96.3327
91.8381
87.6198
83.6709
79.9817
76.54
73.3317
70.3418
67.5543
64.9529
62.5215
60.2443
58.1061
56.0927
54.1908
52.3883
50.674
49.0381
47.4718
45.9672
44.5176
43.117
41.7603
40.443
39.1613
37.9115
36.6913
35.4961
34.3298
33.1662
32.118
30.5309
13.2385
300.259
561.063
731.262
815.833
839.839
828.375
799.848
764.613
728.793
694.875
663.374
634.058
606.568
580.642
556.129
532.952
511.057
490.39
470.891
452.497
435.146
418.785
403.372
388.873
375.258
362.498
350.557
339.393
328.956
319.19
310.035
301.43
293.312
285.619
278.29
271.269
264.501
257.932
251.513
245.197
238.941
232.707
226.461
220.177
213.833
207.413
200.907
194.315
187.638
180.887
174.076
167.227
160.364
153.515
146.712
139.986
133.372
126.903
120.609
114.521
108.664
103.061
97.7298
92.6833
87.9303
83.475
79.3168
75.4514
71.8707
68.5637
65.5171
62.7154
60.1421
57.7796
55.6101
53.6156
51.7787
50.0822
48.5099
47.0467
45.6784
44.3921
43.176
42.0197
40.9138
39.8503
38.8219
37.8228
36.8478
35.8924
34.9533
34.0272
33.1117
32.2051
31.304
30.4126
29.5084
28.689
27.4109
)
;

boundaryField
{
    outlet
    {
        type            zeroGradient;
    }
    inlet
    {
        type            fixedValue;
        value           uniform 3.54;
    }
    lowerWall
    {
        Cmu             0.09;
        kappa           0.41;
        E               9.8;
        type            epsilonWallFunction;
        value           nonuniform List<scalar> 
148
(
105.266
143.991
186.348
230.922
275.886
319.398
359.83
395.945
426.989
452.666
473.054
488.506
499.543
506.77
510.807
512.248
511.63
509.424
506.028
501.773
496.929
491.712
486.289
480.795
475.328
469.965
464.76
459.762
454.958
450.585
445.576
445.259
423.811
0.107148
0.433156
0.830695
1.22168
1.58198
1.89073
2.16558
2.47382
2.78293
3.05717
3.2857
3.48412
3.63799
3.91125
13.2385
0.107148
0.101071
0.153677
0.197856
0.230282
0.2515
0.262793
0.270159
0.277366
0.289612
0.312696
0.351302
0.409026
0.503057
0.713008
1.18673
1.98959
3.14268
4.64638
6.48651
8.64053
11.0829
13.7878
16.7311
19.89
23.2441
26.775
30.4667
34.3052
38.2784
42.3753
46.5854
50.8974
55.2992
59.7763
64.3121
68.887
73.4786
78.0628
82.6155
87.1163
91.5543
95.9348
100.267
104.465
108.537
112.464
116.224
119.793
123.146
126.258
129.106
131.669
133.926
135.86
137.456
138.701
139.587
140.106
140.258
140.041
139.462
138.528
137.251
135.645
133.727
131.52
129.048
126.34
123.427
120.366
117.288
114.653
112.766
111.027
109.211
107.288
105.268
103.168
101.004
98.7932
96.5487
94.2842
92.0121
89.7435
87.4886
85.2565
83.0553
80.892
78.7729
76.7035
74.6884
72.732
70.8383
69.0116
67.2567
65.5813
63.9981
62.5754
60.8847
)
;
    }
    upperWall
    {
        Cmu             0.09;
        kappa           0.41;
        E               9.8;
        type            epsilonWallFunction;
        value           nonuniform List<scalar> 
133
(
30.2673
32.7691
35.3054
37.8487
40.3863
42.91
45.4131
47.8885
50.3296
52.7305
55.0859
57.3912
59.6424
61.8362
63.9699
66.0414
68.0491
69.9918
71.869
73.6802
75.4257
77.1057
78.721
80.2724
81.761
83.1881
84.5551
85.8635
87.1149
88.3109
89.4535
90.544
91.5855
92.7387
94.0105
95.2498
96.4538
97.6204
98.7475
99.8334
100.876
101.874
102.825
103.727
104.58
105.382
106.13
106.825
107.465
108.048
108.574
109.041
109.449
109.797
110.085
110.31
110.474
110.575
110.613
110.586
110.496
110.341
110.121
109.835
109.483
109.065
108.58
108.028
107.408
106.721
105.966
105.142
104.251
103.291
102.264
101.169
100.007
98.779
97.4865
96.131
94.7144
93.2392
91.7086
90.1261
88.4959
86.823
85.113
83.3723
81.608
79.8279
78.0406
76.2552
74.4816
72.73
71.011
69.3355
67.714
66.1572
64.675
63.2768
61.9705
60.7631
59.6598
58.664
57.777
56.9979
56.3236
55.7488
55.2661
54.8661
54.5379
54.2695
54.0481
53.8608
53.6949
53.5383
53.3802
53.2112
53.0234
52.8107
52.5687
52.2947
51.9874
51.6468
51.2737
50.8699
50.4375
49.9798
49.4967
49.0005
48.4592
48.0072
47.1275
)
;
    }
    frontAndBack
    {
        type            empty;
    }
}


// ************************************************************************* //
