/*--------------------------------*- C++ -*----------------------------------*\
| =========                 |                                                 |
| \\      /  F ield         | OpenFOAM: The Open Source CFD Toolbox           |
|  \\    /   O peration     | Version:  4.1                                   |
|   \\  /    A nd           | Web:      www.OpenFOAM.org                      |
|    \\/     M anipulation  |                                                 |
\*---------------------------------------------------------------------------*/
FoamFile
{
    version     2.0;
    format      ascii;
    class       volScalarField;
    location    "500";
    object      p;
}
// * * * * * * * * * * * * * * * * * * * * * * * * * * * * * * * * * * * * * //

dimensions      [0 2 -2 0 0 0 0];

internalField   nonuniform List<scalar> 
6820
(
7.39835
-3.30057
-6.82721
-7.57246
-7.96509
-8.29638
-8.48479
-8.57817
-8.64115
-8.69391
-8.73708
-8.77224
-8.80255
-8.8299
-8.85494
-8.87808
-8.89972
-8.92018
-8.93969
-8.9584
-8.97644
-8.99394
-9.01097
-9.02759
-9.04385
-9.05976
-9.07529
-9.09039
-9.10489
-9.11871
-9.1308
-9.14297
-9.14183
-14.3209
-10.7737
-9.97184
-9.1675
-8.78439
-8.70223
-8.68836
-8.68354
-8.69562
-8.72079
-8.74899
-8.77614
-8.80216
-8.82723
-8.85113
-8.87376
-8.89525
-8.91576
-8.93541
-8.95431
-8.97256
-8.99027
-9.00751
-9.02433
-9.04079
-9.05692
-9.07271
-9.08816
-9.10315
-9.11783
-9.13137
-9.14585
-9.15378
-12.1304
-8.62249
-8.36041
-8.35018
-8.33752
-8.42809
-8.52133
-8.58362
-8.63432
-8.68157
-8.72314
-8.75871
-8.79002
-8.8184
-8.84438
-8.86835
-8.8907
-8.91176
-8.93177
-8.9509
-8.96932
-8.98714
-9.00446
-9.02136
-9.0379
-9.05412
-9.07005
-9.08572
-9.10107
-9.11627
-9.13092
-9.1465
-9.15946
-9.70356
-8.23263
-8.38311
-8.49345
-8.47359
-8.52274
-8.58691
-8.63056
-8.66684
-8.70297
-8.73674
-8.76706
-8.79478
-8.82062
-8.84483
-8.86759
-8.88911
-8.90961
-8.92924
-8.94813
-8.9664
-8.98414
-9.00143
-9.01836
-9.03497
-9.0513
-9.06741
-9.08334
-9.09911
-9.11489
-9.1306
-9.14712
-9.16317
-9.25124
-8.53669
-8.57535
-8.58627
-8.5368
-8.55874
-8.60527
-8.64156
-8.674
-8.70725
-8.73913
-8.76836
-8.7954
-8.82073
-8.84456
-8.86702
-8.88831
-8.90861
-8.92808
-8.94683
-8.96499
-8.98263
-8.99986
-9.01673
-9.03332
-9.04968
-9.06587
-9.08196
-9.09801
-9.1142
-9.1306
-9.14781
-9.16561
-9.17057
-8.69085
-8.64282
-8.61685
-8.57301
-8.58634
-8.62288
-8.65497
-8.68497
-8.71571
-8.74545
-8.77313
-8.79897
-8.82333
-8.84636
-8.86818
-8.88895
-8.90883
-8.92794
-8.94641
-8.96433
-8.98179
-8.99886
-9.01563
-9.03214
-9.04848
-9.0647
-9.0809
-9.09715
-9.11364
-9.13051
-9.14824
-9.16703
-9.04758
-8.72121
-8.66693
-8.64149
-8.6083
-8.61635
-8.64424
-8.67156
-8.69838
-8.72612
-8.75338
-8.77921
-8.80366
-8.8269
-8.84902
-8.87012
-8.89032
-8.90972
-8.92845
-8.9466
-8.96425
-8.98149
-8.99838
-9.015
-9.03142
-9.04769
-9.0639
-9.08014
-9.0965
-9.11315
-9.13028
-9.14825
-9.1674
-8.93864
-8.73317
-8.68848
-8.66626
-8.6404
-8.64469
-8.66567
-8.68855
-8.71223
-8.73714
-8.76203
-8.78606
-8.8091
-8.8312
-8.8524
-8.87275
-8.89233
-8.91122
-8.92952
-8.94731
-8.96465
-8.98163
-8.99831
-9.01475
-9.03102
-9.04719
-9.06333
-9.07953
-9.09591
-9.1126
-9.12979
-9.14776
-9.16682
-8.86763
-8.74395
-8.70643
-8.68654
-8.66672
-8.66921
-8.6854
-8.70476
-8.72576
-8.7482
-8.77097
-8.7933
-8.81498
-8.83596
-8.85624
-8.87583
-8.89477
-8.91313
-8.93097
-8.94837
-8.96539
-8.98208
-8.99852
-9.01475
-9.03084
-9.04686
-9.06288
-9.07898
-9.09527
-9.11188
-9.12896
-9.14672
-9.16541
-8.82328
-8.75056
-8.71942
-8.70241
-8.68793
-8.68993
-8.70298
-8.7197
-8.73849
-8.75883
-8.77974
-8.80053
-8.82094
-8.84087
-8.86025
-8.87909
-8.8974
-8.91522
-8.93261
-8.94962
-8.96629
-8.98268
-8.99885
-9.01484
-9.03073
-9.04656
-9.0624
-9.07834
-9.09446
-9.11087
-9.12771
-9.14511
-9.16324
-8.79556
-8.75391
-8.72922
-8.71538
-8.70525
-8.70737
-8.71837
-8.73311
-8.75012
-8.7687
-8.78801
-8.80744
-8.82669
-8.84563
-8.86418
-8.88231
-8.90001
-8.91731
-8.93425
-8.95086
-8.96718
-8.98326
-8.99914
-9.01488
-9.03053
-9.04614
-9.06176
-9.07747
-9.09335
-9.10948
-9.12596
-9.14288
-9.16034
-8.77903
-8.75598
-8.73728
-8.72643
-8.71965
-8.7221
-8.73174
-8.74499
-8.76053
-8.77765
-8.79559
-8.81381
-8.83203
-8.85007
-8.86785
-8.8853
-8.90243
-8.91923
-8.93572
-8.95194
-8.96791
-8.98367
-8.99926
-9.01473
-9.03011
-9.04546
-9.06082
-9.07626
-9.09183
-9.1076
-9.12363
-9.13999
-9.15672
-8.77016
-8.75794
-8.74432
-8.73612
-8.73188
-8.73471
-8.7434
-8.75547
-8.76979
-8.78565
-8.8024
-8.81955
-8.83683
-8.85405
-8.87111
-8.88794
-8.90452
-8.92083
-8.93689
-8.95272
-8.96834
-8.98378
-8.99907
-9.01425
-9.02935
-9.04441
-9.05947
-9.07458
-9.08979
-9.10514
-9.12067
-9.13642
-9.15239
-8.7664
-8.76027
-8.75072
-8.74482
-8.7425
-8.74566
-8.75365
-8.76476
-8.77801
-8.79278
-8.80847
-8.82466
-8.84107
-8.85753
-8.87391
-8.89015
-8.9062
-8.92204
-8.93769
-8.95313
-8.9684
-8.98351
-8.99848
-9.01335
-9.02814
-9.04289
-9.05762
-9.07237
-9.08717
-9.10205
-9.11704
-9.13214
-9.14735
-8.76599
-8.76315
-8.75673
-8.75276
-8.75189
-8.75534
-8.76278
-8.77305
-8.78536
-8.79913
-8.81385
-8.82915
-8.84476
-8.86049
-8.87623
-8.89189
-8.90743
-8.92282
-8.93804
-8.95311
-8.96802
-8.98279
-8.99743
-9.01198
-9.02644
-9.04084
-9.05521
-9.06956
-9.08392
-9.09831
-9.11273
-9.12718
-9.14164
-8.76775
-8.76661
-8.76252
-8.7601
-8.76032
-8.76399
-8.77099
-8.78052
-8.79196
-8.80481
-8.81864
-8.8331
-8.84793
-8.86297
-8.87808
-8.89319
-8.90822
-8.92315
-8.93796
-8.95263
-8.96718
-8.98159
-8.9959
-9.01009
-9.0242
-9.03824
-9.05222
-9.06615
-9.08004
-9.09391
-9.10775
-9.12154
-9.13527
-8.77088
-8.77057
-8.76815
-8.76695
-8.76798
-8.7718
-8.77841
-8.78728
-8.79792
-8.80992
-8.8229
-8.83656
-8.85065
-8.86501
-8.87951
-8.89406
-8.90858
-8.92305
-8.93743
-8.95171
-8.96587
-8.97992
-8.99386
-9.0077
-9.02144
-9.03508
-9.04865
-9.06213
-9.07555
-9.08888
-9.10213
-9.11528
-9.12829
-8.77486
-8.77492
-8.77367
-8.7734
-8.77499
-8.77889
-8.78514
-8.79341
-8.80332
-8.81452
-8.8267
-8.83958
-8.85296
-8.86665
-8.88054
-8.89453
-8.90855
-8.92255
-8.9365
-8.95036
-8.96413
-8.9778
-8.99136
-9.00481
-9.01816
-9.03139
-9.04453
-9.05755
-9.07047
-9.08326
-9.09593
-9.10844
-9.12077
-8.77934
-8.77954
-8.77909
-8.77947
-8.78144
-8.78535
-8.79126
-8.79896
-8.80818
-8.81864
-8.83006
-8.8422
-8.85488
-8.86792
-8.88121
-8.89465
-8.90815
-8.92168
-8.93518
-8.94862
-8.96198
-8.97525
-8.98841
-9.00147
-9.0144
-9.02721
-9.0399
-9.05245
-9.06486
-9.07711
-9.08919
-9.10109
-9.11277
-8.78412
-8.78435
-8.78441
-8.78522
-8.7874
-8.79123
-8.7968
-8.80397
-8.81254
-8.82229
-8.83299
-8.84443
-8.85643
-8.86884
-8.88153
-8.89442
-8.90741
-8.92046
-8.9335
-8.94651
-8.95945
-8.97231
-8.98507
-8.9977
-9.01021
-9.02259
-9.03481
-9.04688
-9.05878
-9.07049
-9.082
-9.09329
-9.10434
-8.78903
-8.78925
-8.78961
-8.79067
-8.79291
-8.79659
-8.80179
-8.80844
-8.8164
-8.82548
-8.8355
-8.84626
-8.85761
-8.8694
-8.88152
-8.89386
-8.90635
-8.91891
-8.9315
-8.94407
-8.95658
-8.96902
-8.98135
-8.99356
-9.00564
-9.01756
-9.02932
-9.0409
-9.05229
-9.06347
-9.07442
-9.08513
-9.09557
-8.79399
-8.79419
-8.79468
-8.79583
-8.79801
-8.80146
-8.80626
-8.81239
-8.81975
-8.82819
-8.83755
-8.84767
-8.8584
-8.8696
-8.88115
-8.89297
-8.90495
-8.91704
-8.92917
-8.9413
-8.95338
-8.96539
-8.9773
-8.98908
-9.00072
-9.01219
-9.02348
-9.03457
-9.04546
-9.05611
-9.06651
-9.07665
-9.08651
-8.79896
-8.79914
-8.79964
-8.80072
-8.80272
-8.80584
-8.8102
-8.8158
-8.82257
-8.8304
-8.83913
-8.84864
-8.85877
-8.86941
-8.88042
-8.89173
-8.90323
-8.91485
-8.92653
-8.93823
-8.94988
-8.96147
-8.97295
-8.9843
-8.99549
-9.00651
-9.01734
-9.02795
-9.03833
-9.04847
-9.05834
-9.06793
-9.07723
-8.80392
-8.80407
-8.80447
-8.80536
-8.80704
-8.80976
-8.81362
-8.81867
-8.82484
-8.83206
-8.8402
-8.84912
-8.85869
-8.86879
-8.8793
-8.89012
-8.90115
-8.91233
-8.92358
-8.93484
-8.94608
-8.95725
-8.96831
-8.97923
-8.98999
-9.00056
-9.01093
-9.02107
-9.03096
-9.0406
-9.04995
-9.05901
-9.06777
-8.8089
-8.80902
-8.80922
-8.80976
-8.81101
-8.8132
-8.8165
-8.82095
-8.82653
-8.83315
-8.84071
-8.84907
-8.85812
-8.86771
-8.87774
-8.8881
-8.8987
-8.90945
-8.92029
-8.93115
-8.94198
-8.95274
-8.96339
-8.9739
-8.98424
-8.99437
-9.00429
-9.01397
-9.0234
-9.03254
-9.0414
-9.04995
-9.05819
-8.81394
-8.81404
-8.81393
-8.81396
-8.8146
-8.81616
-8.81881
-8.82262
-8.82757
-8.8336
-8.8406
-8.84845
-8.857
-8.86612
-8.87571
-8.88565
-8.89584
-8.9062
-8.91665
-8.92713
-8.93758
-8.94795
-8.95821
-8.96832
-8.97824
-8.98796
-8.99745
-9.00669
-9.01565
-9.02433
-9.03271
-9.04078
-9.04852
-8.81916
-8.81923
-8.81866
-8.81797
-8.81783
-8.81861
-8.8205
-8.8236
-8.82791
-8.83335
-8.83982
-8.84717
-8.85526
-8.86397
-8.87316
-8.88272
-8.89254
-8.90254
-8.91264
-8.92276
-8.93285
-8.94286
-8.95275
-8.96248
-8.97202
-8.98134
-8.99042
-8.99923
-9.00776
-9.01599
-9.02391
-9.03151
-9.03879
-8.82473
-8.82477
-8.82353
-8.82184
-8.82067
-8.82048
-8.82149
-8.82381
-8.82745
-8.83231
-8.83827
-8.84516
-8.85285
-8.86119
-8.87003
-8.87926
-8.88876
-8.89844
-8.90821
-8.91802
-8.92778
-8.93746
-8.94701
-8.95639
-8.96556
-8.9745
-8.98319
-8.9916
-8.99971
-9.00752
-9.01501
-9.02217
-9.029
-8.83093
-8.83091
-8.82868
-8.8256
-8.82309
-8.82169
-8.82167
-8.82314
-8.82607
-8.83036
-8.83584
-8.84233
-8.84967
-8.85769
-8.86624
-8.87519
-8.88442
-8.89383
-8.90333
-8.91285
-8.92233
-8.93171
-8.94094
-8.94999
-8.95883
-8.96742
-8.97574
-8.98378
-8.99151
-8.99893
-9.00601
-9.01276
-9.01917
-8.83822
-8.83808
-8.83434
-8.82928
-8.825
-8.82211
-8.82087
-8.82139
-8.82361
-8.82735
-8.83239
-8.83855
-8.8456
-8.85337
-8.8617
-8.87043
-8.87945
-8.88864
-8.89791
-8.9072
-8.91642
-8.92554
-8.93449
-8.94325
-8.95178
-8.96005
-8.96805
-8.97574
-8.98312
-8.99016
-8.99687
-9.00324
-9.00926
-8.84738
-8.84694
-8.84078
-8.83287
-8.82624
-8.82148
-8.81883
-8.81833
-8.81983
-8.82306
-8.82775
-8.83363
-8.84049
-8.84809
-8.85626
-8.86484
-8.87371
-8.88274
-8.89184
-8.90093
-8.90995
-8.91884
-8.92756
-8.93607
-8.94433
-8.95232
-8.96002
-8.96741
-8.97447
-8.98119
-8.98756
-8.99358
-8.99925
-8.85977
-8.8585
-8.84833
-8.83627
-8.82654
-8.81947
-8.81517
-8.8136
-8.81441
-8.8172
-8.82161
-8.82734
-8.83408
-8.8416
-8.84971
-8.85822
-8.867
-8.87593
-8.88492
-8.89388
-8.90275
-8.91147
-8.92
-8.92831
-8.93635
-8.94411
-8.95156
-8.95868
-8.96547
-8.97191
-8.978
-8.98372
-8.98909
-8.87801
-8.87423
-8.85705
-8.83906
-8.82538
-8.81551
-8.80937
-8.80673
-8.80692
-8.80936
-8.8136
-8.81926
-8.82601
-8.83355
-8.84169
-8.85022
-8.85901
-8.86793
-8.87689
-8.8858
-8.89459
-8.90322
-8.91164
-8.91981
-8.9277
-8.93528
-8.94255
-8.94948
-8.95606
-8.96228
-8.96813
-8.97362
-8.97873
-8.90835
-8.89709
-8.86649
-8.83974
-8.82122
-8.80817
-8.80021
-8.7967
-8.79648
-8.79876
-8.80302
-8.80878
-8.81567
-8.82336
-8.83164
-8.8403
-8.8492
-8.8582
-8.86722
-8.87617
-8.88498
-8.8936
-8.902
-8.91012
-8.91795
-8.92547
-8.93265
-8.93948
-8.94595
-8.95204
-8.95776
-8.96311
-8.96807
-8.96327
-8.9349
-8.87981
-8.83895
-8.81274
-8.79503
-8.78508
-8.78109
-8.78095
-8.78364
-8.78853
-8.79501
-8.80259
-8.81092
-8.81977
-8.82892
-8.83823
-8.84758
-8.85687
-8.86603
-8.87499
-8.88372
-8.89217
-8.90032
-8.90814
-8.91561
-8.92272
-8.92946
-8.93582
-8.9418
-8.94738
-8.95258
-8.95739
-9.04627
-8.98317
-8.8986
-8.8451
-8.80636
-8.77824
-8.76304
-8.75646
-8.75465
-8.75648
-8.76133
-8.7683
-8.77669
-8.78602
-8.79597
-8.80628
-8.81674
-8.82721
-8.83757
-8.84774
-8.85765
-8.86725
-8.87651
-8.8854
-8.89389
-8.90197
-8.90964
-8.91687
-8.92367
-8.93003
-8.93595
-8.94143
-8.94645
-9.19645
-8.96294
-8.83353
-8.82022
-8.80543
-8.78791
-8.78197
-8.78144
-8.78163
-8.78305
-8.78622
-8.79076
-8.79628
-8.8026
-8.8096
-8.8171
-8.82495
-8.83303
-8.84121
-8.84942
-8.85758
-8.86561
-8.87347
-8.88111
-8.88849
-8.89559
-8.90237
-8.90882
-8.91493
-8.92069
-8.92609
-8.93114
-8.93586
-10.1528
-8.92952
-8.33921
-8.25991
-8.27302
-8.3106
-8.36605
-8.42194
-8.47255
-8.51916
-8.56207
-8.6008
-8.63543
-8.66647
-8.6944
-8.71959
-8.74238
-8.76306
-8.78191
-8.79913
-8.81492
-8.82942
-8.84278
-8.85509
-8.86644
-8.87693
-8.88659
-8.8955
-8.90369
-8.9112
-8.91804
-8.92422
-8.92971
-13.9218
-11.719
-10.6878
-10.0514
-9.62426
-9.3735
-9.21151
-9.08834
-8.99602
-8.93162
-8.88795
-8.85835
-8.83886
-8.82702
-8.82088
-8.81888
-8.81987
-8.82302
-8.82773
-8.83351
-8.84002
-8.84699
-8.8542
-8.86151
-8.86878
-8.87592
-8.88287
-8.88957
-8.89598
-8.90208
-8.90787
-8.91335
-8.91853
-0.00813524
-4.10079
-6.22459
-6.99708
-7.43587
-7.79954
-8.06566
-8.24186
-8.36587
-8.46168
-8.53711
-8.59599
-8.64261
-8.68066
-8.71247
-8.73946
-8.76269
-8.78297
-8.80092
-8.81696
-8.83143
-8.84456
-8.85654
-8.86752
-8.87759
-8.88686
-8.89539
-8.90324
-8.91044
-8.91703
-8.92304
-8.92848
-8.9334
-9.12951
-8.91514
-9.20615
-9.47987
-9.58894
-9.62408
-9.63526
-9.62965
-9.61388
-9.5981
-9.5899
-9.59351
-9.61096
-9.64253
-9.68704
-9.74224
-9.80531
-9.87319
-9.94284
-10.0114
-10.0764
-10.1357
-10.1875
-10.2307
-10.2644
-10.2878
-10.3009
-10.3033
-10.2951
-10.2763
-10.247
-10.2071
-10.1569
-10.096
-10.0246
-9.94237
-9.84919
-9.74482
-9.62902
-9.50148
-9.36192
-9.21
-9.04541
-8.86784
-8.67702
-8.47271
-8.25475
-8.02307
-7.77767
-7.51871
-7.24645
-6.96132
-6.66393
-6.35503
-6.03558
-5.70674
-5.36983
-5.02636
-4.67802
-4.32666
-3.97425
-3.62287
-3.27469
-2.93194
-2.59685
-2.27166
-1.9586
-1.65983
-1.3775
-1.1137
-0.870536
-0.650205
-0.455155
-0.28825
-0.152616
-0.0507725
0.0170433
0.0545755
0.0697402
0.0723026
0.0704835
0.0690151
0.0694511
0.0715008
0.0742184
0.0766419
0.0780523
0.0779992
0.0762792
0.072849
0.0678157
0.0613109
0.0536282
0.0448769
0.0356603
0.0257272
0.0167534
0.0068999
0.00221408
-0.00735924
-9.1749
-9.17622
-9.37219
-9.52074
-9.55683
-9.55338
-9.54552
-9.53345
-9.51939
-9.51037
-9.51135
-9.52435
-9.54995
-9.58777
-9.63655
-9.69427
-9.75852
-9.82664
-9.89594
-9.96384
-10.028
-10.0865
-10.1376
-10.1801
-10.2133
-10.2363
-10.2491
-10.2513
-10.243
-10.2241
-10.1947
-10.1549
-10.1046
-10.0437
-9.97226
-9.89003
-9.79686
-9.69254
-9.57681
-9.44942
-9.31005
-9.15843
-8.99424
-8.8172
-8.62705
-8.42359
-8.20668
-7.97624
-7.73232
-7.47507
-7.20476
-6.92184
-6.62689
-6.32067
-6.00412
-5.67835
-5.34466
-5.00454
-4.65961
-4.31168
-3.96266
-3.61459
-3.26958
-2.9298
-2.59745
-2.27471
-1.96375
-1.66672
-1.38569
-1.12275
-0.879967
-0.659558
-0.463965
-0.295952
-0.158346
-0.0532232
0.0194572
0.0631089
0.0845721
0.0922857
0.0936364
0.0933025
0.0932967
0.0939175
0.0947118
0.0950564
0.0944338
0.0925006
0.0890989
0.0841945
0.0778851
0.0702775
0.0616485
0.0520561
0.0421237
0.0314469
0.0219161
0.0110471
0.0059493
-0.00596217
-9.18572
-9.20253
-9.29149
-9.39566
-9.45569
-9.48647
-9.50544
-9.5132
-9.51212
-9.50907
-9.51005
-9.51875
-9.53735
-9.56697
-9.60752
-9.65781
-9.71585
-9.7791
-9.84476
-9.91006
-9.97242
-10.0296
-10.0799
-10.1219
-10.1547
-10.1776
-10.1903
-10.1925
-10.1843
-10.1656
-10.1364
-10.0967
-10.0465
-9.98581
-9.91449
-9.83242
-9.73942
-9.6353
-9.51982
-9.39271
-9.25372
-9.10255
-8.93892
-8.76258
-8.57328
-8.37084
-8.15513
-7.92611
-7.68382
-7.42842
-7.16021
-6.87961
-6.58721
-6.28375
-5.97016
-5.64752
-5.3171
-4.98034
-4.63885
-4.29436
-3.94877
-3.60405
-3.26228
-2.92556
-2.59605
-2.27589
-1.9672
-1.67206
-1.39252
-1.1306
-0.888388
-0.668075
-0.472102
-0.303125
-0.16368
-0.0554149
0.0219756
0.0715875
0.0992268
0.112043
0.116591
0.117466
0.117105
0.116372
0.115298
0.113598
0.11096
0.107154
0.10207
0.095687
0.0880947
0.0793763
0.0697913
0.0593479
0.0486858
0.0372493
0.0271335
0.0152215
0.00962057
-0.00463146
-9.18809
-9.21479
-9.28471
-9.38072
-9.4466
-9.47786
-9.49212
-9.49673
-9.49517
-9.49312
-9.49578
-9.50619
-9.52586
-9.55528
-9.59405
-9.64092
-9.69411
-9.7515
-9.81081
-9.8698
-9.92635
-9.97855
-10.0248
-10.0637
-10.0943
-10.1157
-10.1275
-10.1293
-10.1208
-10.1021
-10.073
-10.0334
-9.98347
-9.923
-9.85192
-9.77012
-9.67741
-9.5736
-9.45848
-9.33179
-9.19329
-9.0427
-8.87976
-8.70424
-8.51591
-8.3146
-8.10021
-7.87269
-7.63213
-7.37867
-7.11262
-6.8344
-6.5446
-6.24393
-5.93332
-5.61383
-5.28671
-4.95335
-4.61533
-4.27436
-3.93227
-3.59101
-3.2526
-2.91909
-2.5926
-2.2752
-1.96897
-1.67594
-1.39809
-1.13743
-0.895988
-0.675971
-0.479793
-0.310007
-0.168905
-0.0577988
0.0237947
0.0786713
0.111756
0.12911
0.136575
0.138652
0.138118
0.136311
0.133678
0.130234
0.125857
0.120419
0.113862
0.106178
0.097452
0.0877483
0.0773118
0.0661032
0.0547803
0.0426374
0.031973
0.0190392
0.0129293
-0.00365969
-9.19084
-9.22386
-9.28186
-9.35604
-9.41066
-9.43989
-9.4566
-9.46691
-9.47251
-9.4769
-9.48416
-9.49702
-9.51701
-9.54488
-9.58059
-9.62336
-9.67182
-9.7242
-9.77848
-9.83259
-9.88453
-9.93246
-9.97481
-10.0103
-10.0378
-10.0568
-10.0665
-10.0667
-10.057
-10.0374
-10.0077
-9.96783
-9.91768
-9.85715
-9.78612
-9.70444
-9.61193
-9.50839
-9.39361
-9.26734
-9.12935
-8.97937
-8.81716
-8.64249
-8.45517
-8.25503
-8.042
-7.81604
-7.57724
-7.32576
-7.0619
-6.7861
-6.49892
-6.2011
-5.89353
-5.57725
-5.25349
-4.92363
-4.5892
-4.25188
-3.91346
-3.57584
-3.24098
-2.9109
-2.58764
-2.27324
-1.9697
-1.67899
-1.40307
-1.14387
-0.903419
-0.683887
-0.487654
-0.317167
-0.174502
-0.0607165
0.0247666
0.0844303
0.122426
0.143892
0.154063
0.157347
0.156797
0.154153
0.150223
0.145291
0.139405
0.132539
0.124682
0.115844
0.10611
0.0955254
0.0843237
0.072421
0.0604933
0.0476873
0.0365026
0.0225614
0.0159497
-0.0029938
-9.19239
-9.22643
-9.27501
-9.33393
-9.38251
-9.41373
-9.43402
-9.44784
-9.45694
-9.46429
-9.4735
-9.48715
-9.50675
-9.53309
-9.5662
-9.60548
-9.64973
-9.69742
-9.74679
-9.79597
-9.84317
-9.88671
-9.92511
-9.95712
-9.98174
-9.99817
-10.0058
-10.0043
-9.99326
-9.97252
-9.94192
-9.90133
-9.85065
-9.78973
-9.71844
-9.63662
-9.54408
-9.44062
-9.32602
-9.20004
-9.06245
-8.913
-8.75146
-8.57762
-8.39127
-8.1923
-7.98062
-7.75622
-7.51919
-7.26971
-7.00809
-6.73475
-6.45027
-6.15536
-5.85092
-5.53797
-5.21772
-4.89151
-4.56085
-4.22737
-3.89283
-3.55906
-3.22798
-2.90156
-2.58177
-2.27058
-1.96996
-1.6818
-1.40801
-1.15048
-0.91121
-0.692338
-0.49619
-0.3251
-0.180956
-0.0646222
0.0245074
0.0885971
0.131114
0.156403
0.169167
0.173717
0.173329
0.170082
0.165105
0.15892
0.151739
0.143629
0.134631
0.124773
0.114142
0.10277
0.0908801
0.0783469
0.0658644
0.0524344
0.0407545
0.025821
0.0187259
-0.00259667
-9.19235
-9.22538
-9.26756
-9.31647
-9.35961
-9.39046
-9.41196
-9.42763
-9.43933
-9.44944
-9.46081
-9.47566
-9.49534
-9.52058
-9.55148
-9.58759
-9.62793
-9.67119
-9.71584
-9.76024
-9.80277
-9.84189
-9.87623
-9.9046
-9.92601
-9.93968
-9.945
-9.94149
-9.92883
-9.90675
-9.87506
-9.83359
-9.78219
-9.72071
-9.649
-9.56688
-9.47416
-9.37063
-9.25609
-9.13029
-8.993
-8.844
-8.68305
-8.50997
-8.32457
-8.12674
-7.9164
-7.69357
-7.45834
-7.21091
-6.95157
-6.68078
-6.39909
-6.10722
-5.80605
-5.49658
-5.18
-4.85762
-4.53092
-4.20149
-3.87102
-3.54131
-3.21423
-2.89167
-2.57555
-2.26778
-1.97025
-1.68483
-1.41336
-1.15769
-0.919778
-0.701725
-0.505793
-0.3342
-0.188673
-0.0699343
0.0226014
0.0907897
0.1375
0.166396
0.181709
0.187634
0.187618
0.184024
0.17826
0.171069
0.162811
0.153648
0.143671
0.13293
0.121517
0.109454
0.0969556
0.0838586
0.0708732
0.0568623
0.0447151
0.0288104
0.0212651
-0.00246097
-9.19103
-9.2224
-9.25981
-9.30143
-9.33956
-9.36915
-9.39129
-9.40846
-9.42227
-9.43458
-9.44764
-9.46333
-9.48289
-9.50699
-9.5358
-9.56897
-9.60569
-9.64486
-9.68512
-9.72503
-9.76311
-9.79797
-9.82833
-9.85305
-9.87118
-9.88195
-9.88473
-9.87904
-9.8645
-9.84083
-9.8078
-9.76521
-9.71288
-9.65065
-9.57833
-9.49574
-9.40269
-9.29897
-9.18436
-9.05864
-8.92157
-8.77295
-8.61255
-8.44019
-8.25571
-8.05901
-7.85003
-7.6288
-7.39542
-7.1501
-6.89314
-6.62498
-6.34619
-6.05749
-5.75972
-5.45388
-5.14113
-4.82275
-4.50018
-4.17495
-3.84874
-3.52326
-3.20033
-2.8818
-2.5695
-2.26531
-1.97104
-1.68851
-1.41951
-1.16586
-0.929462
-0.712373
-0.516781
-0.344786
-0.197979
-0.0769886
0.0187183
0.0907052
0.141328
0.173669
0.191534
0.198979
0.199566
0.195894
0.189616
0.181672
0.172563
0.162543
0.151754
0.140272
0.128196
0.115542
0.102519
0.0889276
0.0754946
0.0609498
0.0483674
0.0315197
0.0235703
-0.00258276
-9.18868
-9.21817
-9.25174
-9.2879
-9.32182
-9.34985
-9.37213
-9.39024
-9.40549
-9.41936
-9.43365
-9.4499
-9.46922
-9.49222
-9.51907
-9.54951
-9.58288
-9.61821
-9.65435
-9.69
-9.72384
-9.7546
-9.78107
-9.80221
-9.81708
-9.82492
-9.82511
-9.81715
-9.80063
-9.77525
-9.74073
-9.69687
-9.64345
-9.58031
-9.50724
-9.42405
-9.33054
-9.2265
-9.11173
-8.98599
-8.84907
-8.70076
-8.54086
-8.3692
-8.18563
-7.99007
-7.78247
-7.56287
-7.33138
-7.08822
-6.8337
-6.56827
-6.29248
-6.00704
-5.71278
-5.41069
-5.10188
-4.78763
-4.4693
-4.14842
-3.82657
-3.50545
-3.1868
-2.87241
-2.56406
-2.26356
-1.97267
-1.69316
-1.42677
-1.17527
-0.940528
-0.724539
-0.529405
-0.357115
-0.209143
-0.0860567
0.0125968
0.0881135
0.142412
0.178084
0.19854
0.207677
0.209116
0.205645
0.199128
0.190687
0.180956
0.170277
0.158846
0.146767
0.134151
0.121008
0.107545
0.0935323
0.079709
0.0646811
0.0516987
0.0339432
0.0256463
-0.0029548
-9.18546
-9.21305
-9.24343
-9.27539
-9.30584
-9.33219
-9.35418
-9.37274
-9.3889
-9.40383
-9.41895
-9.43552
-9.45446
-9.47634
-9.50132
-9.52919
-9.5594
-9.59113
-9.62337
-9.65498
-9.68476
-9.71156
-9.73426
-9.75188
-9.76352
-9.76845
-9.76603
-9.75576
-9.7372
-9.71004
-9.67397
-9.62876
-9.57419
-9.51006
-9.43616
-9.35229
-9.25826
-9.15385
-9.03885
-8.91305
-8.77624
-8.62822
-8.4688
-8.29782
-8.11516
-7.92074
-7.71454
-7.49659
-7.26704
-7.02609
-6.77407
-6.51143
-6.2387
-5.9566
-5.66593
-5.36767
-5.0629
-4.75284
-4.43885
-4.12239
-3.805
-3.48832
-3.17403
-2.86386
-2.55955
-2.26283
-1.97542
-1.69904
-1.43537
-1.18614
-0.953181
-0.738416
-0.54386
-0.371388
-0.222375
-0.0973581
0.00402646
0.0828321
0.14061
0.179533
0.202652
0.213673
0.216226
0.213242
0.206766
0.198086
0.187962
0.176824
0.164922
0.152391
0.139356
0.12583
0.112014
0.0976537
0.0834997
0.068043
0.0546989
0.0360776
0.0274979
-0.00356834
-9.18146
-9.20722
-9.23491
-9.26355
-9.29111
-9.31579
-9.33719
-9.35583
-9.37246
-9.38803
-9.40362
-9.42025
-9.43869
-9.45941
-9.48256
-9.50799
-9.53522
-9.56356
-9.59211
-9.61986
-9.64576
-9.66874
-9.68778
-9.70195
-9.71041
-9.71244
-9.7074
-9.6948
-9.67418
-9.64519
-9.60753
-9.56094
-9.50517
-9.44001
-9.36526
-9.28069
-9.18611
-9.08131
-8.96608
-8.84021
-8.7035
-8.55576
-8.39683
-8.22656
-8.04483
-7.85158
-7.6468
-7.43055
-7.20297
-6.96428
-6.71481
-6.45499
-6.18539
-5.90668
-5.61967
-5.32528
-5.0246
-4.71881
-4.40922
-4.09723
-3.78436
-3.47217
-3.16231
-2.85643
-2.55621
-2.26334
-1.97949
-1.70632
-1.44547
-1.19863
-0.967567
-0.754148
-0.560288
-0.387757
-0.23784
-0.111062
-0.00715553
0.0747202
0.13581
0.177934
0.203807
0.216919
0.22086
0.218655
0.212503
0.203843
0.193556
0.182158
0.169957
0.157121
0.143792
0.129987
0.115906
0.101275
0.0868516
0.071024
0.0573596
0.0379216
0.0291292
-0.00441247
-9.17673
-9.20078
-9.22617
-9.25211
-9.27724
-9.30032
-9.32093
-9.33936
-9.35613
-9.37197
-9.38772
-9.40417
-9.42196
-9.44148
-9.46285
-9.48593
-9.51034
-9.53546
-9.56051
-9.5846
-9.60677
-9.62608
-9.64157
-9.65238
-9.65771
-9.65686
-9.64921
-9.63426
-9.61156
-9.58073
-9.54145
-9.49344
-9.43646
-9.37026
-9.29463
-9.20936
-9.11423
-9.00904
-8.89358
-8.76766
-8.63108
-8.48366
-8.32524
-8.1557
-7.97494
-7.7829
-7.57959
-7.36508
-7.13952
-6.90313
-6.65626
-6.39934
-6.1329
-5.85763
-5.57432
-5.28387
-4.98732
-4.68583
-4.38068
-4.07321
-3.76489
-3.45724
-3.15184
-2.85029
-2.55422
-2.26527
-1.98504
-1.71515
-1.4572
-1.21285
-0.983794
-0.771835
-0.578791
-0.406327
-0.255654
-0.127291
-0.0210662
0.0636776
0.127934
0.173225
0.201956
0.217376
0.222983
0.221855
0.216315
0.207936
0.197716
0.186259
0.173931
0.160937
0.147439
0.133461
0.119206
0.104382
0.0897517
0.0736142
0.0596738
0.0394754
0.0305437
-0.00547522
-9.17131
-9.19378
-9.21717
-9.24086
-9.26393
-9.2855
-9.30522
-9.3232
-9.33983
-9.35564
-9.37128
-9.38735
-9.40436
-9.42262
-9.44223
-9.46306
-9.48477
-9.50683
-9.52856
-9.54916
-9.56778
-9.58355
-9.59561
-9.60314
-9.60541
-9.60172
-9.59149
-9.5742
-9.5494
-9.51671
-9.47579
-9.42636
-9.36814
-9.30089
-9.22439
-9.13841
-9.04274
-8.93718
-8.82152
-8.69557
-8.55915
-8.41208
-8.25423
-8.08547
-7.90572
-7.71494
-7.51315
-7.30043
-7.07694
-6.84292
-6.59869
-6.3447
-6.08149
-5.8097
-5.53012
-5.24364
-4.95127
-4.65412
-4.35343
-4.05051
-3.74678
-3.44369
-3.14278
-2.8456
-2.55372
-2.26872
-1.99216
-1.72562
-1.47066
-1.22888
-1.00193
-0.791543
-0.599434
-0.42717
-0.275892
-0.146124
-0.0377797
0.0496426
0.116934
0.165366
0.197059
0.215003
0.222561
0.222813
0.218174
0.210341
0.200423
0.189109
0.176826
0.163822
0.15028
0.136238
0.121898
0.10696
0.0921884
0.0758056
0.061636
0.0407415
0.0317449
-0.00674178
-9.16523
-9.18624
-9.20787
-9.22966
-9.25094
-9.2711
-9.28986
-9.30724
-9.3235
-9.33904
-9.35433
-9.36984
-9.38595
-9.4029
-9.42077
-9.43942
-9.45856
-9.47771
-9.49628
-9.51356
-9.52879
-9.54117
-9.54992
-9.55428
-9.55354
-9.54707
-9.53428
-9.51467
-9.48779
-9.45324
-9.41068
-9.35981
-9.30035
-9.23205
-9.15468
-9.068
-8.97181
-8.86589
-8.75006
-8.62411
-8.48788
-8.34121
-8.18397
-8.01604
-7.83735
-7.64789
-7.44768
-7.23681
-7.01545
-6.78383
-6.54231
-6.2913
-6.03134
-5.76308
-5.48728
-5.2048
-4.91663
-4.62385
-4.32764
-4.0293
-3.73016
-3.43166
-3.13526
-2.84247
-2.55481
-2.2738
-2.00096
-1.73783
-1.48592
-1.24678
-1.02203
-0.813313
-0.622252
-0.450319
-0.298593
-0.1676
-0.0573297
0.0325905
0.102791
0.154338
0.189089
0.209768
0.219557
0.221494
0.218053
0.211035
0.201654
0.190687
0.178625
0.165759
0.152301
0.138302
0.123969
0.108999
0.0941524
0.0775919
0.0632427
0.0417238
0.0327358
-0.008196
-9.15851
-9.17818
-9.19826
-9.21839
-9.2381
-9.25695
-9.27471
-9.29137
-9.30709
-9.32216
-9.33691
-9.3517
-9.3668
-9.38241
-9.39854
-9.41508
-9.43175
-9.44814
-9.46371
-9.47784
-9.48983
-9.49897
-9.50453
-9.50583
-9.50218
-9.49299
-9.47769
-9.45579
-9.42683
-9.39043
-9.34624
-9.29394
-9.23324
-9.1639
-9.08566
-8.9983
-8.9016
-8.79535
-8.67937
-8.55347
-8.41748
-8.27125
-8.11466
-7.94761
-7.77004
-7.58195
-7.38337
-7.1744
-6.95522
-6.72607
-6.48729
-6.2393
-5.98265
-5.71795
-5.44596
-5.16751
-4.88356
-4.59516
-4.30346
-4.00969
-3.71517
-3.42127
-3.1294
-2.84101
-2.55758
-2.28059
-2.01151
-1.75182
-1.50301
-1.2666
-1.04412
-0.837162
-0.647257
-0.475783
-0.323761
-0.19172
-0.0797126
0.0125314
0.0855171
0.140145
0.178036
0.201642
0.213934
0.217859
0.215915
0.209987
0.201385
0.190973
0.17931
0.166734
0.153487
0.139641
0.125409
0.110489
0.0956358
0.0789688
0.0644919
0.0424286
0.0335201
-0.00981819
-9.15119
-9.16962
-9.18832
-9.20698
-9.22529
-9.24291
-9.25967
-9.27552
-9.29056
-9.30499
-9.31905
-9.33299
-9.34701
-9.36123
-9.37564
-9.39013
-9.40444
-9.41819
-9.43092
-9.44204
-9.45096
-9.457
-9.45952
-9.45787
-9.45141
-9.43957
-9.42182
-9.39767
-9.36668
-9.32845
-9.28263
-9.22891
-9.16699
-9.09661
-9.01752
-8.92949
-8.83231
-8.72577
-8.60967
-8.48385
-8.34813
-8.20239
-8.0465
-7.88038
-7.70399
-7.51732
-7.32042
-7.11341
-6.89645
-6.66981
-6.43382
-6.1889
-5.93558
-5.67448
-5.40632
-5.13192
-4.85221
-4.5682
-4.28101
-3.99183
-3.70193
-3.41262
-3.12527
-2.8413
-2.56212
-2.28916
-2.02386
-1.76765
-1.522
-1.28835
-1.06822
-0.863091
-0.674437
-0.503542
-0.351371
-0.218452
-0.104889
-0.0104901
0.0651557
0.122816
0.163904
0.190605
0.205654
0.211865
0.21172
0.20716
0.199585
0.189942
0.17886
0.166728
0.153823
0.140243
0.126207
0.111421
0.096632
0.0799329
0.0653832
0.0428635
0.0341014
-0.0115869
-9.14332
-9.16061
-9.17804
-9.1954
-9.21243
-9.22889
-9.24464
-9.25962
-9.27389
-9.28756
-9.30081
-9.3138
-9.32666
-9.33946
-9.35217
-9.36467
-9.37671
-9.38796
-9.39798
-9.40626
-9.41225
-9.41536
-9.41496
-9.41048
-9.40131
-9.38692
-9.36679
-9.34044
-9.30746
-9.26743
-9.22002
-9.1649
-9.10178
-9.03039
-8.95047
-8.8618
-8.76416
-8.65735
-8.54118
-8.41547
-8.28007
-8.13486
-7.97972
-7.81458
-7.63941
-7.45421
-7.25905
-7.05403
-6.83935
-6.61526
-6.3821
-6.14028
-5.89033
-5.63284
-5.36853
-5.09819
-4.82272
-4.54311
-4.26043
-3.97583
-3.69053
-3.40581
-3.12299
-2.84343
-2.56849
-2.29957
-2.03806
-1.78537
-1.54289
-1.31205
-1.09431
-0.891083
-0.703761
-0.533553
-0.38137
-0.247734
-0.132787
-0.0363963
0.0417802
0.102408
0.14672
0.176651
0.194684
0.203465
0.205416
0.20251
0.196217
0.187564
0.177251
0.165723
0.153295
0.140094
0.126351
0.111787
0.0971358
0.0804827
0.0659177
0.0430385
0.0344848
-0.0134765
-9.13495
-9.15117
-9.16745
-9.18361
-9.19947
-9.21483
-9.22957
-9.24364
-9.25706
-9.26988
-9.28222
-9.29418
-9.30584
-9.3172
-9.32824
-9.3388
-9.34867
-9.35753
-9.36499
-9.37058
-9.3738
-9.37411
-9.37095
-9.36376
-9.352
-9.33515
-9.31272
-9.28425
-9.24932
-9.20755
-9.15858
-9.1021
-9.0378
-8.96543
-8.88471
-8.79543
-8.69737
-8.59032
-8.47411
-8.34855
-8.21352
-8.06888
-7.91454
-7.75043
-7.57653
-7.39285
-7.19946
-6.99649
-6.78413
-6.56262
-6.33232
-6.09363
-5.84706
-5.59321
-5.33275
-5.06648
-4.79525
-4.52002
-4.24184
-3.96181
-3.6811
-3.40095
-3.12264
-2.84747
-2.57677
-2.31188
-2.05417
-1.80499
-1.5657
-1.33771
-1.12238
-0.921105
-0.735182
-0.565752
-0.413678
-0.279471
-0.1633
-0.0650764
0.0154972
0.0790086
0.12654
0.159796
0.181004
0.192614
0.196951
0.195984
0.191233
0.1838
0.174452
0.163693
0.151883
0.13918
0.125832
0.11158
0.0971418
0.0806168
0.0660973
0.042964
0.0346758
-0.0154587
-9.12613
-9.14136
-9.15657
-9.17163
-9.18639
-9.2007
-9.21445
-9.22758
-9.24009
-9.252
-9.26336
-9.27423
-9.28464
-9.29457
-9.30396
-9.31265
-9.32044
-9.32703
-9.33205
-9.3351
-9.3357
-9.33337
-9.32758
-9.31782
-9.30359
-9.28438
-9.25974
-9.22922
-9.19242
-9.14896
-9.09848
-9.04068
-8.97525
-8.90193
-8.82046
-8.7306
-8.63215
-8.52491
-8.40869
-8.28334
-8.14871
-8.00469
-7.85119
-7.68816
-7.51557
-7.33346
-7.14189
-6.94101
-6.73099
-6.5121
-6.28468
-6.04914
-5.80597
-5.55575
-5.29916
-5.03694
-4.76994
-4.49909
-4.22538
-3.94988
-3.67374
-3.39814
-3.1243
-2.85349
-2.58701
-2.32614
-2.07221
-1.82654
-1.59045
-1.3653
-1.15241
-0.95311
-0.768633
-0.600054
-0.448191
-0.313543
-0.196295
-0.0963869
-0.013553
0.0527399
0.103451
0.140081
0.164611
0.179276
0.18627
0.187522
0.184579
0.178602
0.170423
0.160609
0.149562
0.137482
0.124634
0.110788
0.0966443
0.0803337
0.0659248
0.0426523
0.0346817
-0.0175
-9.11694
-9.13122
-9.14544
-9.15947
-9.17319
-9.18649
-9.19926
-9.21144
-9.223
-9.23395
-9.24429
-9.25403
-9.26318
-9.27168
-9.27945
-9.28633
-9.29213
-9.29656
-9.29929
-9.29993
-9.29806
-9.29323
-9.28495
-9.27276
-9.25617
-9.23472
-9.20797
-9.1755
-9.1369
-9.09181
-9.03989
-8.98082
-8.91431
-8.84008
-8.7579
-8.66751
-8.56872
-8.46133
-8.34515
-8.22005
-8.08587
-7.94252
-7.78991
-7.628
-7.45677
-7.27627
-7.08656
-6.88779
-6.68015
-6.46391
-6.23939
-6.00701
-5.76724
-5.52066
-5.26792
-5.00974
-4.74695
-4.48044
-4.21117
-3.94017
-3.66855
-3.39745
-3.12805
-2.86157
-2.59927
-2.34239
-2.09221
-1.85003
-1.61712
-1.3948
-1.18435
-0.987037
-0.804032
-0.636355
-0.484784
-0.349802
-0.231606
-0.130152
-0.0451949
0.0237619
0.0775813
0.117587
0.145533
0.163433
0.173325
0.177063
0.176192
0.171913
0.165117
0.156429
0.146301
0.134976
0.12274
0.109399
0.0956351
0.0796306
0.0654019
0.0421151
0.0345101
-0.0195636
-9.10743
-9.12082
-9.1341
-9.14716
-9.1599
-9.17221
-9.18402
-9.19524
-9.20584
-9.21579
-9.22507
-9.23367
-9.24154
-9.24863
-9.25482
-9.25996
-9.26386
-9.26624
-9.26679
-9.26517
-9.26097
-9.25379
-9.24317
-9.22868
-9.20987
-9.1863
-9.15754
-9.1232
-9.08289
-9.03626
-8.98296
-8.92269
-8.85515
-8.78008
-8.69723
-8.60637
-8.50728
-8.39979
-8.28371
-8.1589
-8.02523
-7.88259
-7.73092
-7.57017
-7.40035
-7.22149
-7.03368
-6.83706
-6.63183
-6.41824
-6.19664
-5.96742
-5.73105
-5.4881
-5.23918
-4.98502
-4.7264
-4.46419
-4.19932
-3.93278
-3.66563
-3.39898
-3.13396
-2.87176
-2.61358
-2.36064
-2.11418
-1.87545
-1.6457
-1.42618
-1.21814
-1.0228
-0.841278
-0.674532
-0.523308
-0.388077
-0.26904
-0.166166
-0.0792176
-0.0077254
0.0491002
0.0924379
0.123838
0.1451
0.158088
0.164553
0.166006
0.163669
0.158475
0.151106
0.142061
0.131631
0.120125
0.107395
0.0941029
0.078502
0.0645293
0.0413638
0.0341705
-0.0216063
-9.09767
-9.11022
-9.1226
-9.13473
-9.14653
-9.1579
-9.16875
-9.17902
-9.18864
-9.19758
-9.20579
-9.21323
-9.21984
-9.22553
-9.23019
-9.23366
-9.23574
-9.23618
-9.23468
-9.23093
-9.22455
-9.21516
-9.20234
-9.18569
-9.16478
-9.1392
-9.10856
-9.07246
-9.03053
-8.98244
-8.92784
-8.86643
-8.79794
-8.72209
-8.63863
-8.54735
-8.44803
-8.34049
-8.22457
-8.1001
-7.96698
-7.82512
-7.67443
-7.5149
-7.34652
-7.16934
-6.98346
-6.78901
-6.5862
-6.3753
-6.15661
-5.93055
-5.69757
-5.45822
-5.21311
-4.96292
-4.70844
-4.45047
-4.18994
-3.92779
-3.66505
-3.40278
-3.14208
-2.88409
-2.62998
-2.38092
-2.13812
-1.90278
-1.67612
-1.45937
-1.25371
-1.06031
-0.880251
-0.714441
-0.563595
-0.428173
-0.30838
-0.20419
-0.115375
-0.0414805
0.018227
0.06481
0.0996452
0.124334
0.140562
0.149956
0.153965
0.153803
0.150433
0.14458
0.136791
0.127404
0.116758
0.104751
0.0920304
0.0769373
0.063304
0.0404069
0.0336715
-0.0235803
-9.08771
-9.09945
-9.11098
-9.12224
-9.13313
-9.14358
-9.1535
-9.16281
-9.17146
-9.17938
-9.18652
-9.1928
-9.19816
-9.20249
-9.20567
-9.20754
-9.20789
-9.20649
-9.20307
-9.19732
-9.18889
-9.17743
-9.16255
-9.14388
-9.12101
-9.09356
-9.06114
-9.02339
-8.97995
-8.93048
-8.87467
-8.81221
-8.74283
-8.66627
-8.58228
-8.49064
-8.39116
-8.28363
-8.16791
-8.04386
-7.91135
-7.7703
-7.62064
-7.46237
-7.29547
-7.12001
-6.93608
-6.74384
-6.54347
-6.33524
-6.11948
-5.89656
-5.66695
-5.43117
-5.18982
-4.94357
-4.69315
-4.43938
-4.18311
-3.92528
-3.66687
-3.4089
-3.15244
-2.89858
-2.64845
-2.4032
-2.16398
-1.93197
-1.70835
-1.49429
-1.29095
-1.09945
-0.920808
-0.755916
-0.605454
-0.469873
-0.349381
-0.24396
-0.153387
-0.0772205
-0.0147693
0.0349381
0.0731357
0.101251
0.1208
0.133271
0.14003
0.142258
0.140926
0.136789
0.130434
0.122248
0.112597
0.101435
0.0893929
0.0749195
0.0617178
0.039249
0.0330219
-0.0254309
-9.07761
-9.08858
-9.09929
-9.10971
-9.11973
-9.12929
-9.13829
-9.14667
-9.15435
-9.16126
-9.16733
-9.17247
-9.17661
-9.17962
-9.18137
-9.1817
-9.18042
-9.17729
-9.17206
-9.16443
-9.15409
-9.14071
-9.12391
-9.10335
-9.07866
-9.04945
-9.01538
-8.9761
-8.93125
-8.88051
-8.82358
-8.76016
-8.68998
-8.61279
-8.52834
-8.43642
-8.33682
-8.22938
-8.11393
-7.99034
-7.8585
-7.71832
-7.56975
-7.41277
-7.2474
-7.07369
-6.89174
-6.70171
-6.50379
-6.29824
-6.08538
-5.86559
-5.63932
-5.40707
-5.16943
-4.92705
-4.68064
-4.43097
-4.17889
-3.92529
-3.67112
-3.41735
-3.16503
-2.9152
-2.66897
-2.42743
-2.19171
-1.96294
-1.74226
-1.53082
-1.32973
-1.14005
-0.962784
-0.798768
-0.648671
-0.512936
-0.391776
-0.285183
-0.192941
-0.114623
-0.0495702
0.0031176
0.0445604
0.0760406
0.0989198
0.114551
0.124203
0.129
0.129898
0.127668
0.122927
0.116102
0.107591
0.0974029
0.0861559
0.0724222
0.0597542
0.0378872
0.0322269
-0.0270987
-9.06742
-9.07764
-9.08758
-9.09718
-9.10637
-9.11506
-9.12318
-9.13064
-9.13737
-9.14328
-9.1483
-9.15233
-9.15527
-9.15701
-9.15739
-9.15627
-9.15344
-9.14868
-9.14176
-9.13238
-9.12027
-9.10509
-9.08652
-9.06421
-9.03782
-9.007
-8.97141
-8.9307
-8.88455
-8.83266
-8.77471
-8.71042
-8.63953
-8.56179
-8.47696
-8.38483
-8.28521
-8.17791
-8.0628
-7.93974
-7.80862
-7.66936
-7.52192
-7.36629
-7.20247
-7.03054
-6.85059
-6.66278
-6.46731
-6.26443
-6.05445
-5.83776
-5.61478
-5.38601
-5.15202
-4.91343
-4.67094
-4.4253
-4.17731
-3.92783
-3.67778
-3.42812
-3.17982
-2.93392
-2.69147
-2.45353
-2.2212
-1.99557
-1.77775
-1.56883
-1.36989
-1.18196
-1.00598
-0.842785
-0.693011
-0.557101
-0.435278
-0.327545
-0.2337
-0.153332
-0.0858119
-0.0302976
0.0142416
0.0489712
0.0751231
0.0939259
0.106545
0.114037
0.117322
0.11717
0.114211
0.108908
0.101682
0.0926028
0.082275
0.0694084
0.0573874
0.0363093
0.031287
-0.0285189
-9.05715
-9.06667
-9.07587
-9.0847
-9.09308
-9.10094
-9.1082
-9.11477
-9.12056
-9.1255
-9.1295
-9.13245
-9.13424
-9.13475
-9.13383
-9.13133
-9.12705
-9.12077
-9.11227
-9.10127
-9.08751
-9.07068
-9.05047
-9.02655
-8.99861
-8.9663
-8.92931
-8.88731
-8.83999
-8.78704
-8.72818
-8.66312
-8.59162
-8.51342
-8.42829
-8.33603
-8.23646
-8.12939
-8.01468
-7.8922
-7.76186
-7.62358
-7.47731
-7.32306
-7.16083
-6.99069
-6.81275
-6.62717
-6.43413
-6.2339
-6.02678
-5.81314
-5.59339
-5.36804
-5.13762
-4.90274
-4.66408
-4.42235
-4.17833
-3.93286
-3.68682
-3.44112
-3.19673
-2.95463
-2.71583
-2.48138
-2.25232
-2.02971
-1.81462
-1.60812
-1.41122
-1.22494
-1.05017
-0.88772
-0.73821
-0.602085
-0.479579
-0.370713
-0.275304
-0.192963
-0.123093
-0.0649021
-0.0174305
0.0203953
0.0497028
0.0716148
0.0872018
0.0974465
0.103223
0.105279
0.104247
0.100611
0.0948132
0.0869771
0.0776967
0.0658298
0.0545786
0.0344899
0.0301936
-0.0296248
-9.04686
-9.0557
-9.06419
-9.07228
-9.0799
-9.08696
-9.09339
-9.09909
-9.10399
-9.10799
-9.111
-9.11291
-9.1136
-9.11294
-9.1108
-9.107
-9.10135
-9.09366
-9.0837
-9.07121
-9.05594
-9.03759
-9.01588
-8.9905
-8.96113
-8.92748
-8.88923
-8.84606
-8.79768
-8.7438
-8.68413
-8.61841
-8.54639
-8.46782
-8.38249
-8.29019
-8.19073
-8.08395
-7.96971
-7.84789
-7.71838
-7.58112
-7.43606
-7.28321
-7.12259
-6.95426
-6.77834
-6.59497
-6.40435
-6.20673
-6.00242
-5.79177
-5.5752
-5.35317
-5.12623
-4.89496
-4.66
-4.42206
-4.18189
-3.9403
-3.69812
-3.45626
-3.21562
-2.97718
-2.7419
-2.51079
-2.28486
-2.06514
-1.85267
-1.64845
-1.45349
-1.26875
-1.09509
-0.933296
-0.783977
-0.64758
-0.524352
-0.414337
-0.317379
-0.233116
-0.160988
-0.100252
-0.0500097
-0.00925955
0.0230444
0.0479415
0.0664225
0.079402
0.0877021
0.0920406
0.0930376
0.0911862
0.0869404
0.0804726
0.0723651
0.0616302
0.0512782
0.0323891
0.0289253
-0.030351
-9.03654
-9.04474
-9.05257
-9.05996
-9.06684
-9.07314
-9.07878
-9.08366
-9.0877
-9.0908
-9.09287
-9.09378
-9.09343
-9.09168
-9.08839
-9.08338
-9.07647
-9.06748
-9.05617
-9.04232
-9.02566
-9.00594
-8.98287
-8.95616
-8.92552
-8.89066
-8.85127
-8.80707
-8.75776
-8.70306
-8.6427
-8.57642
-8.50398
-8.42515
-8.33969
-8.24743
-8.14817
-8.04176
-7.92805
-7.80692
-7.67829
-7.54209
-7.39828
-7.24686
-7.08785
-6.92133
-6.74741
-6.56623
-6.37799
-6.18294
-5.98137
-5.77364
-5.56015
-5.34136
-5.11778
-4.88999
-4.65861
-4.42433
-4.18786
-3.94998
-3.71152
-3.47333
-3.2363
-3.00135
-2.76943
-2.54151
-2.31857
-2.10161
-1.8916
-1.68955
-1.4964
-1.31308
-1.14043
-0.979197
-0.829989
-0.693252
-0.569251
-0.458056
-0.35954
-0.273381
-0.199061
-0.135885
-0.0830145
-0.0395089
-0.00438627
0.0233292
0.0445679
0.0601891
0.0709691
0.0775923
0.0806592
0.0806618
0.0780569
0.073058
0.0662338
0.0567534
0.0474291
0.0299521
0.0274434
-0.0306405
-9.0262
-9.03381
-9.04101
-9.04774
-9.05394
-9.05952
-9.06441
-9.06851
-9.07174
-9.074
-9.07518
-9.07516
-9.07384
-9.07107
-9.0667
-9.06058
-9.05253
-9.04234
-9.02981
-9.01472
-8.99682
-8.97586
-8.95157
-8.92368
-8.89191
-8.85598
-8.8156
-8.77049
-8.72037
-8.66498
-8.60404
-8.53731
-8.46456
-8.38554
-8.30006
-8.20791
-8.10892
-8.00293
-7.8898
-7.76943
-7.64172
-7.5066
-7.36405
-7.21406
-7.05667
-6.89194
-6.71999
-6.54095
-6.35504
-6.16249
-5.96359
-5.75868
-5.54816
-5.33248
-5.11214
-4.88769
-4.65974
-4.42895
-4.19602
-3.9617
-3.72677
-3.49208
-3.25848
-3.02686
-2.79814
-2.57325
-2.35314
-2.13877
-1.93109
-1.73106
-1.53959
-1.35758
-1.18583
-1.02506
-0.875886
-0.738742
-0.613913
-0.501496
-0.401403
-0.313353
-0.236879
-0.17134
-0.115955
-0.0698414
-0.0320721
-0.0017201
0.0221011
0.0402122
0.0533555
0.0621888
0.0672926
0.0691532
0.0682241
0.0647518
0.0592897
0.0511614
0.0429796
0.0271161
0.0256904
-0.0304529
-9.01584
-9.02289
-9.02951
-9.03564
-9.0412
-9.04612
-9.05032
-9.0537
-9.05617
-9.05764
-9.058
-9.05713
-9.05491
-9.05121
-9.04587
-9.03874
-9.02964
-9.01838
-9.00476
-8.98857
-8.96956
-8.94751
-8.92214
-8.89322
-8.86045
-8.82359
-8.78235
-8.73647
-8.68567
-8.6297
-8.5683
-8.50123
-8.42825
-8.34915
-8.26371
-8.17175
-8.07309
-7.96758
-7.85508
-7.73549
-7.60871
-7.4747
-7.33341
-7.18485
-7.02904
-6.86607
-6.69604
-6.51909
-6.33543
-6.14528
-5.94894
-5.74674
-5.53907
-5.32636
-5.1091
-4.88783
-4.66314
-4.43567
-4.20609
-3.97513
-3.74356
-3.51218
-3.28182
-3.05335
-2.82764
-2.6056
-2.38816
-2.17622
-1.97073
-1.77258
-1.58266
-1.40184
-1.23088
-1.0705
-0.921275
-0.783662
-0.657954
-0.544278
-0.442584
-0.35264
-0.274032
-0.206179
-0.148361
-0.0997555
-0.0594853
-0.0266665
-0.00044562
0.0199731
0.0353124
0.0462146
0.0532484
0.0568966
0.057609
0.0556598
0.0515871
0.0448637
0.0379068
0.023826
0.0235935
-0.0297756
-9.00541
-9.01197
-9.01807
-9.02365
-9.02863
-9.03295
-9.03652
-9.03925
-9.04104
-9.0418
-9.04142
-9.03977
-9.03675
-9.03221
-9.026
-9.01797
-9.00794
-8.99574
-8.98117
-8.964
-8.94403
-8.92103
-8.89474
-8.86491
-8.83131
-8.79365
-8.75169
-8.70516
-8.6538
-8.59737
-8.53562
-8.4683
-8.39519
-8.31607
-8.23075
-8.13904
-8.04076
-7.93577
-7.82393
-7.70514
-7.57931
-7.44639
-7.30634
-7.15917
-7.00491
-6.84364
-6.67545
-6.5005
-6.31899
-6.13114
-5.93723
-5.7376
-5.53262
-5.32271
-5.10837
-4.89009
-4.66847
-4.44412
-4.21769
-3.9899
-3.76148
-3.53321
-3.3059
-3.08037
-2.85749
-2.63813
-2.42318
-2.21352
-2.01005
-1.81364
-1.62515
-1.4454
-1.27515
-1.11507
-0.965732
-0.827598
-0.700972
-0.586011
-0.482702
-0.390863
-0.310137
-0.240006
-0.179813
-0.128797
-0.0861352
-0.0509862
-0.022526
2.27175e-05
0.0173736
0.0301658
0.0389675
0.0442662
0.046514
0.0460132
0.0432901
0.0379609
0.0322565
0.0200669
0.0210827
-0.0286311
-8.99489
-9.00102
-9.00667
-9.01176
-9.01625
-9.02005
-9.02307
-9.02522
-9.02641
-9.02655
-9.02551
-9.02319
-9.01947
-9.01419
-9.00723
-8.99842
-8.9876
-8.97458
-8.95918
-8.94119
-8.9204
-8.89659
-8.86951
-8.83894
-8.80462
-8.76631
-8.72375
-8.6767
-8.62491
-8.56812
-8.50611
-8.43863
-8.36547
-8.28641
-8.20127
-8.10984
-8.01198
-7.90753
-7.79636
-7.67836
-7.55346
-7.4216
-7.28275
-7.13692
-6.98413
-6.82447
-6.65803
-6.48497
-6.30548
-6.11978
-5.92816
-5.73093
-5.52846
-5.32118
-5.10954
-4.89407
-4.6753
-4.45386
-4.23037
-4.00553
-3.78004
-3.55467
-3.3302
-3.10743
-2.88719
-2.67032
-2.45769
-2.25014
-2.04855
-1.85375
-1.66657
-1.4878
-1.31816
-1.15831
-1.00881
-0.870119
-0.742557
-0.626302
-0.521382
-0.427662
-0.344843
-0.27247
-0.20995
-0.156586
-0.11161
-0.0742271
-0.0436471
-0.019111
8.84487e-05
0.0145938
0.0249823
0.0317564
0.0353808
0.0361904
0.0347089
0.0306897
0.0261941
0.0159139
0.0181295
-0.0270719
-8.98424
-8.99002
-8.9953
-9
-9.00408
-9.00743
-9.01
-9.01167
-9.01236
-9.01197
-9.01039
-9.00751
-9.00319
-8.9973
-8.9897
-8.98024
-8.96875
-8.95505
-8.93896
-8.92029
-8.89882
-8.87433
-8.84661
-8.81542
-8.78053
-8.74169
-8.69867
-8.65121
-8.59907
-8.54203
-8.47984
-8.41228
-8.33913
-8.26018
-8.17524
-8.08414
-7.98671
-7.88279
-7.77227
-7.65505
-7.53104
-7.40019
-7.26247
-7.11788
-6.96647
-6.80831
-6.6435
-6.47218
-6.29456
-6.11085
-5.92132
-5.72631
-5.52616
-5.32129
-5.11215
-4.89925
-4.68312
-4.46436
-4.24359
-4.02147
-3.7987
-3.57602
-3.35418
-3.13396
-2.91617
-2.70162
-2.49114
-2.28556
-2.0857
-1.89239
-1.70641
-1.52852
-1.35942
-1.19975
-1.05006
-0.910795
-0.782294
-0.66476
-0.558256
-0.462694
-0.37783
-0.303268
-0.238479
-0.182824
-0.135596
-0.0960479
-0.0634271
-0.0369986
-0.0160656
1.65131e-05
0.0118365
0.0199177
0.0247464
0.026697
0.0263025
0.0234487
0.0200476
0.0115904
0.0148101
-0.0251416
-8.97339
-8.97895
-8.98397
-8.98839
-8.99216
-8.99519
-8.9974
-8.9987
-8.99901
-8.99821
-8.99619
-8.99285
-8.98806
-8.98168
-8.97357
-8.96358
-8.95155
-8.9373
-8.92066
-8.90143
-8.87941
-8.8544
-8.82616
-8.79448
-8.75914
-8.71988
-8.67649
-8.62872
-8.57634
-8.51911
-8.45681
-8.38922
-8.31612
-8.23731
-8.1526
-8.06182
-7.9648
-7.8614
-7.75149
-7.63499
-7.51179
-7.38187
-7.24518
-7.10174
-6.95158
-6.79478
-6.63144
-6.46171
-6.28577
-6.10386
-5.91624
-5.72323
-5.52518
-5.3225
-5.11564
-4.90508
-4.69136
-4.47505
-4.25676
-4.03714
-3.81687
-3.59667
-3.37726
-3.1594
-2.94388
-2.73148
-2.52301
-2.31925
-2.12101
-1.92907
-1.7442
-1.56711
-1.39849
-1.23896
-1.08905
-0.949214
-0.819791
-0.701009
-0.59297
-0.49563
-0.408795
-0.332126
-0.265148
-0.207281
-0.157871
-0.116222
-0.081619
-0.0533576
-0.0307569
-0.0131767
-2.13554e-05
0.00925062
0.0151491
0.0180906
0.0186271
0.0167716
0.014305
0.00749751
0.0113592
-0.0227946
-8.96255
-8.96795
-8.97278
-8.977
-8.98055
-8.98335
-8.98532
-8.98636
-8.98638
-8.98528
-8.98294
-8.97927
-8.97412
-8.96737
-8.95887
-8.94849
-8.93604
-8.92138
-8.90431
-8.88466
-8.86222
-8.83679
-8.80815
-8.7761
-8.7404
-8.70084
-8.65717
-8.60917
-8.55661
-8.49926
-8.43689
-8.3693
-8.29628
-8.21761
-8.13313
-8.04264
-7.946
-7.84307
-7.73371
-7.61784
-7.49538
-7.36627
-7.2305
-7.08807
-6.93902
-6.78342
-6.62138
-6.45305
-6.27862
-6.0983
-5.91238
-5.72116
-5.525
-5.32428
-5.11947
-4.91102
-4.69948
-4.4854
-4.26938
-4.05205
-3.83408
-3.61615
-3.39899
-3.18333
-2.96991
-2.75951
-2.55289
-2.35082
-2.15408
-1.96341
-1.77955
-1.60319
-1.43499
-1.27556
-1.12541
-0.984991
-0.854662
-0.734673
-0.62516
-0.526122
-0.437415
-0.358749
-0.289699
-0.229732
-0.178243
-0.13458
-0.0980692
-0.0680331
-0.0438113
-0.0247732
-0.0103228
9.25595e-05
0.0070004
0.0108527
0.0122208
0.0112335
0.00954306
0.00417739
0.00816891
-0.0198437
-8.95176
-8.95727
-8.96217
-8.96641
-8.96994
-8.97269
-8.97457
-8.97549
-8.97536
-8.97408
-8.97155
-8.96764
-8.96224
-8.95522
-8.94643
-8.93574
-8.92297
-8.90797
-8.89057
-8.87057
-8.84778
-8.82201
-8.79305
-8.76069
-8.7247
-8.68487
-8.64096
-8.59276
-8.54005
-8.48258
-8.42016
-8.35257
-8.27959
-8.20104
-8.11673
-8.02649
-7.93016
-7.82761
-7.71872
-7.60339
-7.48154
-7.35313
-7.21813
-7.07657
-6.92846
-6.7739
-6.613
-6.44589
-6.27277
-6.09386
-5.90943
-5.7198
-5.5253
-5.32635
-5.12336
-4.91682
-4.70725
-4.49518
-4.28122
-4.06598
-3.8501
-3.63425
-3.41914
-3.20548
-2.99398
-2.7854
-2.58047
-2.37994
-2.18454
-1.995
-1.81202
-1.63629
-1.46842
-1.30901
-1.15858
-1.01756
-0.88633
-0.765168
-0.654249
-0.553615
-0.463163
-0.382647
-0.311676
-0.249762
-0.19634
-0.150799
-0.112498
-0.0807874
-0.0550245
-0.034589
-0.0188867
-0.00735717
0.000539428
0.00528245
0.00745371
0.00728051
0.00626055
0.00216241
0.00574857
-0.0160807
-8.94107
-8.94645
-8.95119
-8.95528
-8.95868
-8.96131
-8.96308
-8.96389
-8.96366
-8.96228
-8.95963
-8.9556
-8.95008
-8.94292
-8.93398
-8.92313
-8.91019
-8.89502
-8.87743
-8.85724
-8.83427
-8.80831
-8.77917
-8.74663
-8.71048
-8.6705
-8.62648
-8.57818
-8.52539
-8.46789
-8.40547
-8.33791
-8.26501
-8.18658
-8.10245
-8.01243
-7.91638
-7.81417
-7.70566
-7.59078
-7.46945
-7.34162
-7.20728
-7.06643
-6.91913
-6.76544
-6.60548
-6.4394
-6.26739
-6.08968
-5.90653
-5.71825
-5.52519
-5.32775
-5.12635
-4.92147
-4.71362
-4.50332
-4.29117
-4.07777
-3.86375
-3.64975
-3.43647
-3.2246
-3.01482
-2.80787
-2.60445
-2.40529
-2.21108
-2.02254
-1.84035
-1.66514
-1.49755
-1.33813
-1.18739
-1.04579
-0.913705
-0.791444
-0.679232
-0.577161
-0.48518
-0.403066
-0.330447
-0.266855
-0.211757
-0.164573
-0.12469
-0.0914824
-0.0643236
-0.0426061
-0.0257394
-0.0131583
-0.00431338
0.00129669
0.00425819
0.00488045
0.00447481
0.00151267
0.00433125
-0.0115508
-8.93531
-8.94137
-8.94669
-8.9512
-8.95491
-8.95775
-8.95964
-8.96049
-8.96023
-8.95876
-8.95598
-8.95178
-8.94603
-8.93861
-8.92939
-8.91823
-8.90497
-8.88945
-8.8715
-8.85094
-8.8276
-8.80127
-8.77176
-8.73886
-8.70236
-8.66205
-8.61772
-8.56914
-8.51609
-8.45837
-8.39576
-8.32806
-8.25506
-8.17658
-8.09244
-8.00247
-7.90651
-7.80445
-7.69615
-7.58154
-7.46053
-7.33309
-7.19919
-7.05885
-6.91212
-6.75907
-6.59981
-6.4345
-6.26332
-6.08651
-5.90432
-5.71707
-5.52511
-5.32882
-5.12864
-4.92502
-4.71848
-4.50955
-4.2988
-4.08682
-3.87424
-3.66169
-3.44984
-3.23936
-3.03094
-2.82528
-2.62306
-2.42498
-2.23173
-2.04399
-1.86241
-1.68762
-1.52023
-1.36078
-1.20979
-1.06769
-0.934878
-0.811703
-0.698407
-0.595099
-0.501801
-0.418345
-0.344382
-0.279459
-0.223062
-0.174626
-0.133561
-0.0992501
-0.0710701
-0.0484134
-0.0306874
-0.0173205
-0.00775364
-0.00146746
0.00212074
0.0033873
0.00342921
0.00138151
0.00294659
-0.0069383
-8.92445
-8.93012
-8.93501
-8.9393
-8.94292
-8.94573
-8.94764
-8.94856
-8.94839
-8.94703
-8.94437
-8.94028
-8.93466
-8.92735
-8.91824
-8.90717
-8.89398
-8.87852
-8.86061
-8.84008
-8.81675
-8.79041
-8.76087
-8.72793
-8.69138
-8.651
-8.60659
-8.55792
-8.50478
-8.44696
-8.38424
-8.31643
-8.24332
-8.16473
-8.08049
-7.99042
-7.89438
-7.79225
-7.68391
-7.56927
-7.44826
-7.32086
-7.18704
-7.04682
-6.90026
-6.74745
-6.58849
-6.42356
-6.25284
-6.07658
-5.89505
-5.70855
-5.51745
-5.32215
-5.12306
-4.92066
-4.71545
-4.50796
-4.29874
-4.08838
-3.87748
-3.66666
-3.45657
-3.24783
-3.04112
-2.83708
-2.63639
-2.43969
-2.24765
-2.06092
-1.88012
-1.70587
-1.53876
-1.37933
-1.2281
-1.08551
-0.951967
-0.827972
-0.7139
-0.609821
-0.515673
-0.431251
-0.356222
-0.290176
-0.232635
-0.183065
-0.140893
-0.105533
-0.0763911
-0.0528632
-0.0343509
-0.0202749
-0.0100679
-0.00319615
0.000920274
0.00270995
0.00306096
0.00166562
0.00152954
-0.00252242
-8.93834
-8.94359
-8.94825
-8.95212
-8.95517
-8.95734
-8.95858
-8.95879
-8.95788
-8.95575
-8.95231
-8.94744
-8.94102
-8.93293
-8.92302
-8.91116
-8.8972
-8.88097
-8.86231
-8.84104
-8.81698
-8.78994
-8.75973
-8.72614
-8.68898
-8.64803
-8.60308
-8.55391
-8.50033
-8.44211
-8.37905
-8.31096
-8.23763
-8.15888
-8.07454
-7.98445
-7.88846
-7.78644
-7.67829
-7.56391
-7.44324
-7.31625
-7.18291
-7.04326
-6.89734
-6.74524
-6.58708
-6.42301
-6.25322
-6.07795
-5.89747
-5.71208
-5.52214
-5.32803
-5.13018
-4.92903
-4.72508
-4.51884
-4.31086
-4.1017
-3.89196
-3.68223
-3.47314
-3.26532
-3.0594
-2.85602
-2.65584
-2.4595
-2.26764
-2.08091
-1.89992
-1.72528
-1.55759
-1.39739
-1.24517
-1.10138
-0.966358
-0.840283
-0.723701
-0.61747
-0.521743
-0.436106
-0.360069
-0.293149
-0.234836
-0.184578
-0.141796
-0.105894
-0.0762759
-0.0523354
-0.0334731
-0.0191057
-0.00866078
-0.00159449
0.00267043
0.00459744
0.00492757
0.00373929
0.00191229
0.00158946
-9.89133
-9.89087
-9.8945
-9.90291
-9.91067
-9.91377
-9.91269
-9.90984
-9.90687
-9.90444
-9.90414
-9.90507
-9.9045
-9.9024
-9.90155
-9.90674
-9.92315
-9.95486
-10.0048
-10.0717
-10.1511
-10.2365
-10.3207
-10.3977
-10.4627
-10.5129
-10.5471
-10.5652
-10.5677
-10.5555
-10.5298
-10.4912
-10.4406
-10.3784
-10.3048
-10.22
-10.1239
-10.0167
-9.89833
-9.76848
-9.62536
-9.4682
-9.29722
-9.11209
-8.91243
-8.69783
-8.46791
-8.22234
-7.96091
-7.68353
-7.39022
-7.08119
-6.75684
-6.41776
-6.0648
-5.69903
-5.32181
-4.93477
-4.53983
-4.1392
-3.73532
-3.33087
-2.92878
-2.53214
-2.14405
-1.76771
-1.40673
-1.06471
-0.742203
-0.43965
-0.161307
0.0889572
0.309071
0.497715
0.65407
0.777856
0.869416
0.929818
0.96093
0.965456
0.946886
0.90933
0.857254
0.795139
0.727164
0.656939
0.587345
0.520493
0.457758
0.399893
0.347152
0.299432
0.256375
0.217485
0.182052
0.149571
0.118211
0.0896453
0.051611
0.0394651
-9.90085
-9.90708
-9.91776
-9.92754
-9.93344
-9.9339
-9.92865
-9.91897
-9.90792
-9.8993
-9.89507
-9.89483
-9.89605
-9.89913
-9.90381
-9.91499
-9.94117
-9.98944
-10.0609
-10.1502
-10.2481
-10.3449
-10.4324
-10.5052
-10.5607
-10.5985
-10.6195
-10.625
-10.6166
-10.5957
-10.5633
-10.5203
-10.4669
-10.4034
-10.3297
-10.2457
-10.1508
-10.0447
-9.92631
-9.79518
-9.6521
-9.49729
-9.32968
-9.14854
-8.95331
-8.74349
-8.51867
-8.27852
-8.0228
-7.75141
-7.46435
-7.16181
-6.84414
-6.51191
-6.16591
-5.80714
-5.43689
-5.05671
-4.66844
-4.27417
-3.87622
-3.47714
-3.07973
-2.68698
-2.30191
-1.92735
-1.56618
-1.22135
-0.898762
-0.60265
-0.331417
-0.0862751
0.130472
0.317365
0.4735
0.59853
0.692775
0.757299
0.793968
0.805458
0.795181
0.767093
0.725417
0.674322
0.617632
0.558597
0.499783
0.443046
0.389588
0.340068
0.294717
0.25346
0.216007
0.181955
0.150713
0.12191
0.0939232
0.0687883
0.0347857
0.0310963
-9.91197
-9.9245
-9.93532
-9.94312
-9.94615
-9.9438
-9.9361
-9.92455
-9.9119
-9.90345
-9.90125
-9.90178
-9.90735
-9.92384
-9.95438
-10.0005
-10.0621
-10.1366
-10.2188
-10.3027
-10.3826
-10.4541
-10.5144
-10.5621
-10.5968
-10.6187
-10.6283
-10.6264
-10.6134
-10.5901
-10.5567
-10.5136
-10.4609
-10.3984
-10.3262
-10.2439
-10.1512
-10.0477
-9.93281
-9.80588
-9.6668
-9.51539
-9.35114
-9.17349
-8.98193
-8.77601
-8.55531
-8.31952
-8.06838
-7.80179
-7.51975
-7.22242
-6.91016
-6.58351
-6.24323
-5.89031
-5.526
-5.15185
-4.76967
-4.3816
-3.99008
-3.59765
-3.20698
-2.82101
-2.44276
-2.07527
-1.72161
-1.38461
-1.06739
-0.772254
-0.500528
-0.254593
-0.0366617
0.151833
0.310014
0.43758
0.534918
0.603178
0.64434
0.661212
0.657325
0.636689
0.603479
0.561692
0.514876
0.465947
0.417127
0.369968
0.325443
0.284058
0.245972
0.211108
0.179223
0.150002
0.122981
0.0979594
0.0735914
0.0523421
0.0233924
0.0267093
-9.90744
-9.92078
-9.93028
-9.93736
-9.94085
-9.93997
-9.9347
-9.92701
-9.91913
-9.91385
-9.91313
-9.91878
-9.93533
-9.96638
-10.0128
-10.0725
-10.1419
-10.2167
-10.2927
-10.3663
-10.4344
-10.4949
-10.5458
-10.5861
-10.6152
-10.6331
-10.6399
-10.6361
-10.6221
-10.5983
-10.565
-10.5222
-10.4701
-10.4085
-10.3372
-10.2559
-10.1642
-10.0618
-9.94809
-9.82283
-9.6857
-9.53629
-9.37407
-9.19851
-9.00911
-8.80538
-8.58694
-8.35343
-8.10461
-7.84035
-7.56065
-7.26567
-6.95573
-6.6314
-6.29345
-5.94292
-5.58102
-5.20929
-4.82954
-4.44388
-4.05462
-3.66431
-3.27578
-2.89198
-2.51594
-2.15074
-1.79941
-1.46482
-1.14951
-0.855768
-0.585679
-0.341546
-0.125339
0.061551
0.218241
0.344421
0.440486
0.507645
0.548027
0.564689
0.561465
0.542645
0.512565
0.475216
0.433968
0.391439
0.349493
0.309334
0.271633
0.236677
0.204485
0.174915
0.147721
0.122636
0.0992946
0.0776382
0.0566016
0.038888
0.0148635
0.0226691
-9.88066
-9.89567
-9.90786
-9.9173
-9.92343
-9.92538
-9.92348
-9.91902
-9.91364
-9.90995
-9.91159
-9.92259
-9.94626
-9.984
-10.0351
-10.0971
-10.1668
-10.2406
-10.3149
-10.3864
-10.4522
-10.5101
-10.5585
-10.5964
-10.6236
-10.64
-10.6459
-10.6416
-10.6276
-10.604
-10.5712
-10.5291
-10.4777
-10.4169
-10.3464
-10.266
-10.1752
-10.0737
-9.96111
-9.83704
-9.70111
-9.55286
-9.39177
-9.21732
-9.029
-8.82634
-8.60895
-8.37649
-8.12871
-7.86546
-7.58673
-7.29268
-6.98366
-6.66019
-6.32305
-5.97325
-5.61205
-5.24102
-4.862
-4.4771
-4.08871
-3.69943
-3.31204
-2.92952
-2.5549
-2.19122
-1.8415
-1.5086
-1.19514
-0.903456
-0.635679
-0.393948
-0.180143
0.00431509
0.158484
0.28199
0.375186
0.439326
0.476734
0.490828
0.485906
0.466692
0.437792
0.403232
0.366192
0.328938
0.292914
0.258914
0.22727
0.198021
0.171037
0.146105
0.122982
0.10145
0.0812422
0.0624339
0.0442091
0.0293931
0.00955856
0.0192534
-9.84058
-9.86107
-9.87812
-9.89079
-9.90036
-9.90551
-9.90561
-9.90162
-9.89581
-9.8918
-9.89401
-9.90665
-9.93263
-9.9729
-10.0264
-10.0907
-10.1624
-10.2376
-10.3128
-10.3846
-10.4503
-10.5079
-10.556
-10.594
-10.6214
-10.6383
-10.6449
-10.6415
-10.6284
-10.6059
-10.574
-10.5328
-10.4823
-10.4222
-10.3525
-10.2727
-10.1825
-10.0816
-9.96964
-9.84618
-9.71083
-9.5631
-9.40248
-9.22846
-9.04054
-8.83825
-8.62119
-8.38902
-8.14148
-7.87845
-7.59992
-7.30605
-6.9972
-6.67392
-6.33699
-5.98745
-5.6266
-5.25602
-4.87758
-4.49343
-4.10597
-3.71783
-3.3318
-2.95086
-2.57802
-2.21631
-1.86869
-1.538
-1.22684
-0.937577
-0.672348
-0.433242
-0.222119
-0.0404551
0.110713
0.230902
0.320389
0.380483
0.413782
0.42422
0.41674
0.396635
0.368814
0.337265
0.304828
0.273255
0.24344
0.215698
0.190007
0.166185
0.143995
0.123209
0.103626
0.0851104
0.0675107
0.0510353
0.0350837
0.0225292
0.00605928
0.0159383
-9.80429
-9.82968
-9.85255
-9.86878
-9.88175
-9.88857
-9.88798
-9.88133
-9.872
-9.86478
-9.86489
-9.87682
-9.90338
-9.94511
-10.0005
-10.0668
-10.1402
-10.2169
-10.2932
-10.3662
-10.4331
-10.492
-10.5416
-10.5812
-10.6103
-10.629
-10.6373
-10.6356
-10.624
-10.6027
-10.5719
-10.5317
-10.4819
-10.4225
-10.3532
-10.2738
-10.1839
-10.0832
-9.97142
-9.84808
-9.71278
-9.56505
-9.40437
-9.23025
-9.04219
-8.83974
-8.62249
-8.39012
-8.14239
-7.87916
-7.60046
-7.30647
-6.99754
-6.67426
-6.33744
-5.98815
-5.62771
-5.25775
-4.88015
-4.4971
-4.111
-3.7245
-3.3404
-2.96164
-2.59122
-2.23211
-1.88723
-1.55935
-1.25106
-0.964679
-0.702386
-0.466249
-0.258142
-0.0796263
0.0681235
0.184465
0.269567
0.324817
0.353214
0.359429
0.349277
0.328724
0.302901
0.275514
0.248778
0.223703
0.200528
0.179094
0.159101
0.140247
0.122288
0.10505
0.0884251
0.0723834
0.0568952
0.0422852
0.0281388
0.0172967
0.00350545
0.0125701
-9.78204
-9.81345
-9.84211
-9.86144
-9.87621
-9.88165
-9.87669
-9.86384
-9.84811
-9.83569
-9.83251
-9.84298
-9.8693
-9.91136
-9.96732
-10.0341
-10.1082
-10.1857
-10.2632
-10.3375
-10.4061
-10.4669
-10.5186
-10.5603
-10.5917
-10.6125
-10.6228
-10.6228
-10.6128
-10.5928
-10.5631
-10.5237
-10.4745
-10.4155
-10.3465
-10.2671
-10.1772
-10.0765
-9.96448
-9.84089
-9.70527
-9.55716
-9.39607
-9.2215
-9.03296
-8.83003
-8.61231
-8.37947
-8.13131
-7.8677
-7.5887
-7.29449
-6.98548
-6.66227
-6.32572
-5.97691
-5.61721
-5.24828
-4.87203
-4.49064
-4.10656
-3.72239
-3.34094
-2.9651
-2.59781
-2.24199
-1.90048
-1.576
-1.27106
-0.987985
-0.728953
-0.496035
-0.291152
-0.115981
0.028117
0.140282
0.220544
0.270424
0.293524
0.295541
0.283371
0.26361
0.241298
0.219447
0.199332
0.181117
0.164448
0.148842
0.133881
0.119272
0.104844
0.0905225
0.076307
0.0622688
0.0484883
0.0353705
0.0226704
0.013095
0.00147683
0.00915685
-9.7795
-9.82099
-9.85419
-9.87472
-9.8881
-9.88794
-9.87446
-9.85257
-9.82926
-9.81151
-9.80501
-9.81342
-9.83821
-9.87887
-9.93355
-9.99933
-10.0727
-10.15
-10.2278
-10.3029
-10.3727
-10.4352
-10.4888
-10.5326
-10.566
-10.5888
-10.601
-10.6027
-10.594
-10.5751
-10.5462
-10.5074
-10.4587
-10.3999
-10.3309
-10.2514
-10.1613
-10.0602
-9.94783
-9.82375
-9.68759
-9.53887
-9.37714
-9.20191
-9.01272
-8.80914
-8.5908
-8.3574
-8.10874
-7.84475
-7.56548
-7.27117
-6.96226
-6.63938
-6.30343
-5.95552
-5.59707
-5.22974
-4.85547
-4.47646
-4.09511
-3.71403
-3.33597
-2.96376
-2.60026
-2.24833
-1.91072
-1.59005
-1.2888
-1.00927
-0.753626
-0.523967
-0.32228
-0.150389
-0.0098895
0.0980863
0.173414
0.217863
0.235892
0.23449
0.221648
0.204265
0.186795
0.171202
0.157751
0.145904
0.134939
0.124251
0.113439
0.102287
0.090723
0.0787692
0.066519
0.0541184
0.0417403
0.0298258
0.0183024
0.00962603
-0.000186491
0.00577345
-9.80375
-9.85413
-9.88914
-9.90669
-9.9127
-9.90119
-9.87634
-9.8454
-9.81577
-9.79378
-9.78417
-9.78981
-9.81186
-9.84982
-9.90188
-9.96531
-10.0368
-10.1129
-10.1901
-10.2652
-10.3356
-10.3991
-10.454
-10.4993
-10.5342
-10.5585
-10.572
-10.5749
-10.5673
-10.5492
-10.521
-10.4826
-10.434
-10.3752
-10.3061
-10.2264
-10.1359
-10.0344
-9.92143
-9.79674
-9.6599
-9.51047
-9.348
-9.17203
-8.98212
-8.77786
-8.5589
-8.32497
-8.0759
-7.81165
-7.53232
-7.23818
-6.92969
-6.60754
-6.27264
-5.92618
-5.56956
-5.20448
-4.83288
-4.45693
-4.07902
-3.70171
-3.32767
-2.95966
-2.60047
-2.25283
-1.91942
-1.60278
-1.30532
-1.02933
-0.776962
-0.550351
-0.351555
-0.182568
-0.0452564
0.0589305
0.129735
0.169318
0.183202
0.179716
0.16767
0.153773
0.141545
0.131875
0.124233
0.117657
0.11128
0.1045
0.0969797
0.0885871
0.079332
0.0693052
0.0586696
0.0476174
0.0363992
0.0254493
0.0148857
0.00679169
-0.00150383
0.00252659
-9.85291
-9.90847
-9.93812
-9.94406
-9.93414
-9.90783
-9.87236
-9.83462
-9.80079
-9.77597
-9.764
-9.76727
-9.78669
-9.8218
-9.871
-9.93179
-10.0011
-10.0754
-10.1515
-10.226
-10.2963
-10.36
-10.4155
-10.4615
-10.4973
-10.5225
-10.5368
-10.5405
-10.5334
-10.5159
-10.4879
-10.4496
-10.401
-10.3421
-10.2727
-10.1926
-10.1017
-9.99959
-9.88604
-9.76067
-9.62312
-9.47295
-9.30974
-9.13305
-8.94246
-8.73759
-8.51812
-8.28382
-8.03456
-7.77031
-7.49122
-7.1976
-6.88996
-6.56902
-6.23572
-5.89127
-5.5371
-5.17489
-4.80658
-4.43431
-4.06041
-3.68738
-3.31782
-2.95439
-2.59976
-2.25659
-1.92744
-1.61479
-1.32099
-1.04828
-0.798844
-0.574811
-0.378322
-0.211547
-0.0766564
0.0245609
0.0917532
0.127568
0.138623
0.134376
0.124036
0.113794
0.106218
0.101372
0.098246
0.0956866
0.0927975
0.0890129
0.0840535
0.0778388
0.0704306
0.0619599
0.0526381
0.0426794
0.0324042
0.0221998
0.0124027
0.00460715
-0.00242685
-0.000467826
-9.91482
-9.97107
-9.9834
-9.96419
-9.93386
-9.89545
-9.85338
-9.81238
-9.77705
-9.75147
-9.73879
-9.74096
-9.75879
-9.79191
-9.83893
-9.89757
-9.96489
-10.0376
-10.1123
-10.186
-10.2556
-10.3191
-10.3745
-10.4206
-10.4566
-10.4821
-10.4967
-10.5005
-10.4936
-10.4761
-10.4481
-10.4097
-10.3609
-10.3017
-10.2319
-10.1513
-10.0598
-9.95715
-9.84295
-9.71691
-9.57866
-9.42781
-9.26392
-9.08661
-8.89547
-8.69016
-8.4704
-8.23598
-7.9868
-7.72289
-7.44444
-7.15178
-6.84547
-6.52624
-6.19508
-5.85319
-5.502
-5.1432
-4.77868
-4.41054
-4.04104
-3.6726
-3.30773
-2.94899
-2.59896
-2.26017
-1.93511
-1.62618
-1.33566
-1.06579
-0.818708
-0.596578
-0.401602
-0.236142
-0.102687
-0.00336587
0.0614091
0.0947704
0.104269
0.100147
0.0916843
0.0844958
0.0804353
0.0790697
0.0791568
0.0794729
0.079123
0.0775617
0.0745367
0.06999
0.0640108
0.0567494
0.0484519
0.0393356
0.0297877
0.0201133
0.0108955
0.00313998
-0.00288343
-0.00309639
-9.96446
-10.015
-9.99294
-9.94026
-9.89746
-9.85551
-9.81384
-9.77537
-9.74291
-9.71955
-9.70805
-9.71038
-9.7275
-9.75936
-9.80483
-9.86184
-9.92759
-9.99885
-10.0723
-10.1449
-10.2137
-10.2765
-10.3314
-10.3771
-10.4129
-10.4381
-10.4525
-10.4562
-10.449
-10.4313
-10.403
-10.3643
-10.315
-10.2553
-10.185
-10.1039
-10.0119
-9.90856
-9.79375
-9.66708
-9.52822
-9.37677
-9.21236
-9.0346
-8.84312
-8.63762
-8.41784
-8.18361
-7.93488
-7.67171
-7.3943
-7.10305
-6.79853
-6.48149
-6.15293
-5.81405
-5.46627
-5.11125
-4.75083
-4.38706
-4.02212
-3.65834
-3.29814
-2.94397
-2.59831
-2.26361
-1.94225
-1.63657
-1.34883
-1.08119
-0.835805
-0.614835
-0.420557
-0.255525
-0.122544
-0.0240458
0.039515
0.0716674
0.0806232
0.0770601
0.0701688
0.0651359
0.0634061
0.0643098
0.0665088
0.068751
0.070137
0.0701227
0.0684605
0.0650986
0.0601385
0.0537381
0.0461679
0.0376358
0.0285922
0.0192325
0.0104068
0.00245806
-0.00281124
-0.00526652
-9.95083
-9.99026
-9.90818
-9.85162
-9.81876
-9.78662
-9.75585
-9.72739
-9.70211
-9.68308
-9.67365
-9.67645
-9.69308
-9.72397
-9.76829
-9.82408
-9.8886
-9.95866
-10.031
-10.1023
-10.1701
-10.2319
-10.2859
-10.3309
-10.366
-10.3907
-10.4046
-10.4078
-10.4003
-10.3821
-10.3534
-10.3142
-10.2645
-10.2043
-10.1334
-10.0518
-9.9592
-9.85536
-9.74001
-9.61283
-9.4735
-9.32165
-9.15691
-8.97892
-8.78737
-8.58197
-8.36249
-8.1288
-7.88088
-7.61882
-7.34286
-7.05341
-6.75106
-6.43658
-6.11095
-5.77538
-5.43126
-5.08019
-4.72397
-4.36458
-4.00414
-3.64487
-3.28909
-2.93918
-2.59751
-2.26644
-1.9483
-1.64536
-1.35983
-1.09386
-0.849572
-0.629147
-0.434937
-0.269675
-0.136441
-0.0378966
0.0254903
0.0575168
0.0667534
0.0640254
0.0583824
0.0547677
0.0544511
0.056686
0.0601128
0.0634768
0.0658789
0.0667743
0.0659159
0.0632526
0.0588917
0.0529911
0.0458389
0.0376229
0.0288528
0.0195927
0.0109713
0.00262051
-0.00215526
-0.00690294
-9.8411
-9.64077
-9.62592
-9.70973
-9.74266
-9.73947
-9.72482
-9.70314
-9.67831
-9.65681
-9.64407
-9.64368
-9.65768
-9.68662
-9.72948
-9.78408
-9.84745
-9.9163
-9.98728
-10.0573
-10.1237
-10.1843
-10.2372
-10.2812
-10.3155
-10.3395
-10.3529
-10.3556
-10.3476
-10.329
-10.2999
-10.2603
-10.2102
-10.1495
-10.0783
-9.99622
-9.9032
-9.79896
-9.68325
-9.55576
-9.41616
-9.26413
-9.09932
-8.9214
-8.73006
-8.52506
-8.30621
-8.07339
-7.82662
-7.56601
-7.29182
-7.00449
-6.70459
-6.39291
-6.07042
-5.7383
-5.3979
-5.05079
-4.69871
-4.34357
-3.98739
-3.63234
-3.28064
-2.93459
-2.59648
-2.2686
-1.95323
-1.65258
-1.36883
-1.10411
-0.860521
-0.640258
-0.44574
-0.279836
-0.145782
-0.0463239
0.0181237
0.0514685
0.0622722
0.0611601
0.0569305
0.0543918
0.0548201
0.0575473
0.0613009
0.0648934
0.0674671
0.0685001
0.0677557
0.0651852
0.0608983
0.0550464
0.0479264
0.039695
0.0309156
0.0215012
0.0128638
0.00389123
-0.000667045
-0.00779736
)
;

boundaryField
{
    outlet
    {
        type            fixedValue;
        value           uniform 0;
    }
    inlet
    {
        type            zeroGradient;
    }
    lowerWall
    {
        type            zeroGradient;
    }
    upperWall
    {
        type            zeroGradient;
    }
    frontAndBack
    {
        type            empty;
    }
}


// ************************************************************************* //
