/*--------------------------------*- C++ -*----------------------------------*\
| =========                 |                                                 |
| \\      /  F ield         | OpenFOAM: The Open Source CFD Toolbox           |
|  \\    /   O peration     | Version:  4.1                                   |
|   \\  /    A nd           | Web:      www.OpenFOAM.org                      |
|    \\/     M anipulation  |                                                 |
\*---------------------------------------------------------------------------*/
FoamFile
{
    version     2.0;
    format      ascii;
    class       volScalarField;
    location    "400";
    object      nut;
}
// * * * * * * * * * * * * * * * * * * * * * * * * * * * * * * * * * * * * * //

dimensions      [0 2 -1 0 0 0 0];

internalField   nonuniform List<scalar> 
6820
(
4.53774e-05
4.96674e-05
5.35596e-05
5.7033e-05
6.00872e-05
6.2733e-05
6.49892e-05
6.68825e-05
6.8445e-05
6.97116e-05
7.07179e-05
7.14982e-05
7.20846e-05
7.25065e-05
7.27902e-05
7.29589e-05
7.30328e-05
7.30291e-05
7.29629e-05
7.28466e-05
7.2691e-05
7.2505e-05
7.2296e-05
7.20702e-05
7.18329e-05
7.15883e-05
7.13399e-05
7.10907e-05
7.08429e-05
7.05986e-05
7.03591e-05
7.01304e-05
6.99835e-05
0.000389004
0.000214804
0.000161971
0.000134577
0.000117082
0.000104841
9.5873e-05
8.91202e-05
8.39501e-05
7.99555e-05
7.68585e-05
7.44602e-05
7.26142e-05
7.12105e-05
7.01648e-05
6.94119e-05
6.89006e-05
6.85899e-05
6.84473e-05
6.84461e-05
6.85648e-05
6.87854e-05
6.9093e-05
6.94749e-05
6.99205e-05
7.04206e-05
7.09676e-05
7.15545e-05
7.21761e-05
7.28259e-05
7.35031e-05
7.42031e-05
7.51824e-05
0.000867009
0.000638273
0.00050769
0.000428082
0.000375013
0.000336915
0.000308048
0.000285294
0.000266811
0.000251438
0.000238411
0.000227207
0.000217456
0.000208887
0.0002013
0.000194542
0.000188493
0.000183058
0.000178163
0.000173746
0.000169739
0.000166037
0.000162602
0.000159408
0.000156438
0.000153673
0.000151098
0.0001487
0.000146464
0.000144378
0.000142429
0.000140613
0.000138982
0.000991214
0.000902164
0.000807377
0.000726621
0.000661863
0.000610174
0.00056843
0.000534163
0.000505564
0.000481327
0.000460508
0.000442408
0.000426501
0.000412391
0.00039977
0.000388401
0.000378097
0.000368708
0.000360115
0.000352221
0.000344948
0.000338193
0.000331887
0.000325975
0.000320415
0.000315173
0.000310217
0.000305524
0.000301071
0.000296838
0.000292805
0.000288958
0.000285274
0.00101005
0.00098739
0.000948626
0.000902916
0.000857083
0.00081444
0.000776075
0.000742009
0.000711857
0.00068513
0.000661356
0.000640111
0.000621033
0.000603816
0.000588204
0.000573983
0.000560975
0.000549031
0.000538024
0.000527849
0.000518415
0.000509642
0.00050146
0.000493804
0.000486622
0.000479867
0.000473498
0.000467481
0.000461785
0.000456384
0.000451252
0.000446367
0.000441665
0.00101185
0.00100724
0.000995356
0.000976942
0.000954121
0.000929118
0.000903658
0.0008788
0.000855098
0.000832804
0.000811999
0.000792666
0.000774735
0.00075811
0.000742689
0.00072837
0.000715056
0.000702657
0.00069109
0.000680281
0.000670163
0.000660676
0.000651765
0.000643381
0.000635478
0.000628018
0.000620965
0.000614286
0.000607953
0.000601941
0.000596227
0.000590781
0.000585526
0.00101178
0.00101089
0.00100777
0.00100182
0.000992905
0.000981471
0.000968241
0.000953919
0.000939071
0.000924116
0.000909346
0.000894952
0.000881052
0.000867714
0.000854968
0.000842825
0.000831278
0.000820309
0.000809897
0.000800016
0.000790635
0.000781723
0.000773252
0.000765198
0.000757537
0.000750245
0.0007433
0.000736682
0.000730372
0.00072435
0.0007186
0.000713097
0.000707751
0.00101168
0.00101136
0.00101047
0.00100868
0.00100565
0.0010012
0.000995411
0.000988493
0.000980691
0.000972244
0.000963374
0.000954263
0.000945057
0.00093587
0.000926786
0.000917868
0.00090916
0.000900693
0.000892484
0.000884546
0.000876883
0.000869495
0.000862379
0.000855528
0.000848937
0.000842597
0.000836502
0.000830641
0.000825007
0.00081959
0.000814381
0.000809359
0.000804436
0.00101165
0.00101137
0.00101095
0.0010103
0.00100928
0.00100768
0.00100543
0.00100251
0.000998941
0.000994802
0.000990178
0.000985159
0.000979837
0.000974295
0.000968605
0.000962829
0.000957018
0.000951214
0.000945449
0.000939749
0.000934134
0.000928622
0.000923224
0.00091795
0.000912804
0.000907791
0.000902915
0.000898175
0.000893572
0.000889106
0.000884772
0.000880555
0.00087637
0.00101164
0.00101135
0.00101102
0.00101063
0.00101016
0.00100951
0.0010086
0.00100738
0.00100583
0.00100394
0.00100172
0.0009992
0.000996407
0.00099338
0.000990156
0.000986771
0.00098326
0.000979655
0.000975984
0.00097227
0.000968535
0.000964797
0.000961071
0.00095737
0.000953706
0.000950086
0.000946519
0.000943011
0.000939565
0.000936187
0.000932875
0.00092962
0.000926337
0.00101163
0.00101134
0.00101103
0.0010107
0.00101036
0.00100998
0.00100952
0.00100894
0.00100823
0.00100736
0.00100632
0.00100511
0.00100373
0.00100218
0.00100049
0.000998654
0.000996697
0.000994633
0.000992478
0.000990247
0.000987954
0.000985614
0.000983236
0.000980834
0.000978416
0.000975992
0.000973568
0.000971153
0.000968752
0.000966369
0.000964008
0.000961657
0.000959236
0.00101163
0.00101134
0.00101103
0.00101072
0.00101041
0.0010101
0.00100977
0.00100939
0.00100897
0.00100849
0.00100793
0.0010073
0.00100658
0.00100577
0.00100487
0.00100388
0.00100281
0.00100167
0.00100045
0.000999162
0.00099782
0.000996426
0.000994987
0.000993512
0.000992005
0.000990473
0.000988922
0.000987357
0.000985782
0.000984203
0.00098262
0.000981024
0.000979334
0.00101163
0.00101133
0.00101104
0.00101073
0.00101043
0.00101014
0.00100984
0.00100953
0.00100921
0.00100886
0.0010085
0.0010081
0.00100766
0.00100719
0.00100667
0.00100611
0.0010055
0.00100485
0.00100416
0.00100342
0.00100264
0.00100183
0.00100098
0.00100009
0.000999183
0.000998247
0.000997288
0.000996311
0.000995318
0.000994311
0.000993291
0.000992247
0.000991099
0.00101163
0.00101133
0.00101104
0.00101074
0.00101045
0.00101016
0.00100987
0.00100958
0.00100929
0.00100899
0.00100869
0.00100837
0.00100804
0.0010077
0.00100734
0.00100696
0.00100656
0.00100614
0.0010057
0.00100524
0.00100475
0.00100424
0.00100372
0.00100317
0.0010026
0.00100202
0.00100141
0.0010008
0.00100017
0.000999531
0.000998878
0.000998201
0.00099742
0.00101163
0.00101133
0.00101104
0.00101075
0.00101046
0.00101018
0.00100989
0.00100961
0.00100933
0.00100905
0.00100877
0.00100848
0.0010082
0.00100791
0.00100761
0.00100731
0.00100701
0.00100669
0.00100637
0.00100604
0.0010057
0.00100535
0.00100499
0.00100462
0.00100424
0.00100385
0.00100346
0.00100305
0.00100264
0.00100221
0.00100178
0.00100133
0.00100078
0.00101163
0.00101133
0.00101105
0.00101075
0.00101047
0.00101019
0.00100991
0.00100963
0.00100936
0.00100908
0.00100881
0.00100854
0.00100827
0.001008
0.00100773
0.00100746
0.00100719
0.00100692
0.00100665
0.00100637
0.00100609
0.00100581
0.00100553
0.00100524
0.00100495
0.00100466
0.00100437
0.00100407
0.00100376
0.00100346
0.00100315
0.00100282
0.00100239
0.00101163
0.00101133
0.00101105
0.00101076
0.00101048
0.0010102
0.00100992
0.00100965
0.00100938
0.00100911
0.00100884
0.00100858
0.00100831
0.00100805
0.0010078
0.00100754
0.00100729
0.00100704
0.00100679
0.00100654
0.00100629
0.00100604
0.0010058
0.00100555
0.00100531
0.00100507
0.00100482
0.00100458
0.00100434
0.00100409
0.00100385
0.00100358
0.00100323
0.00101163
0.00101133
0.00101105
0.00101076
0.00101048
0.00101021
0.00100994
0.00100966
0.0010094
0.00100913
0.00100887
0.00100861
0.00100835
0.00100809
0.00100784
0.00100759
0.00100735
0.0010071
0.00100687
0.00100663
0.00100639
0.00100616
0.00100593
0.0010057
0.00100548
0.00100526
0.00100504
0.00100482
0.0010046
0.00100439
0.00100417
0.00100394
0.00100362
0.00101163
0.00101133
0.00101105
0.00101077
0.00101049
0.00101022
0.00100994
0.00100968
0.00100941
0.00100915
0.00100889
0.00100863
0.00100838
0.00100812
0.00100788
0.00100763
0.00100739
0.00100716
0.00100692
0.00100669
0.00100647
0.00100624
0.00100602
0.0010058
0.00100559
0.00100538
0.00100517
0.00100497
0.00100477
0.00100457
0.00100437
0.00100416
0.00100386
0.00101163
0.00101133
0.00101105
0.00101077
0.00101049
0.00101022
0.00100995
0.00100969
0.00100942
0.00100916
0.0010089
0.00100865
0.0010084
0.00100815
0.00100791
0.00100767
0.00100743
0.0010072
0.00100697
0.00100674
0.00100652
0.0010063
0.00100608
0.00100587
0.00100566
0.00100546
0.00100526
0.00100506
0.00100487
0.00100467
0.00100448
0.00100428
0.00100399
0.00101163
0.00101133
0.00101105
0.00101077
0.0010105
0.00101023
0.00100996
0.00100969
0.00100943
0.00100917
0.00100892
0.00100867
0.00100842
0.00100817
0.00100793
0.00100769
0.00100746
0.00100723
0.001007
0.00100678
0.00100656
0.00100635
0.00100614
0.00100593
0.00100572
0.00100552
0.00100533
0.00100513
0.00100494
0.00100476
0.00100457
0.00100438
0.00100409
0.00101163
0.00101133
0.00101105
0.00101077
0.0010105
0.00101023
0.00100996
0.0010097
0.00100944
0.00100918
0.00100893
0.00100868
0.00100843
0.00100819
0.00100795
0.00100772
0.00100749
0.00100726
0.00100703
0.00100681
0.0010066
0.00100639
0.00100618
0.00100597
0.00100577
0.00100557
0.00100538
0.00100519
0.001005
0.00100482
0.00100464
0.00100445
0.00100416
0.00101163
0.00101133
0.00101105
0.00101077
0.0010105
0.00101023
0.00100997
0.00100971
0.00100945
0.00100919
0.00100894
0.00100869
0.00100845
0.00100821
0.00100797
0.00100774
0.00100751
0.00100728
0.00100706
0.00100684
0.00100663
0.00100642
0.00100621
0.00100601
0.00100581
0.00100561
0.00100542
0.00100524
0.00100505
0.00100487
0.00100469
0.0010045
0.00100422
0.00101163
0.00101133
0.00101105
0.00101077
0.0010105
0.00101023
0.00100997
0.00100971
0.00100945
0.0010092
0.00100895
0.0010087
0.00100846
0.00100822
0.00100798
0.00100775
0.00100753
0.0010073
0.00100708
0.00100687
0.00100665
0.00100644
0.00100624
0.00100604
0.00100584
0.00100565
0.00100546
0.00100527
0.00100509
0.00100491
0.00100474
0.00100455
0.00100427
0.00101163
0.00101133
0.00101105
0.00101077
0.0010105
0.00101024
0.00100997
0.00100971
0.00100946
0.0010092
0.00100895
0.00100871
0.00100847
0.00100823
0.00100799
0.00100776
0.00100754
0.00100731
0.00100709
0.00100688
0.00100667
0.00100646
0.00100626
0.00100606
0.00100586
0.00100567
0.00100548
0.00100529
0.00100511
0.00100493
0.00100476
0.00100457
0.00100429
0.00101163
0.00101133
0.00101105
0.00101077
0.0010105
0.00101024
0.00100997
0.00100971
0.00100946
0.0010092
0.00100895
0.00100871
0.00100847
0.00100823
0.001008
0.00100777
0.00100754
0.00100732
0.0010071
0.00100689
0.00100668
0.00100647
0.00100627
0.00100607
0.00100588
0.00100569
0.0010055
0.00100532
0.00100514
0.00100496
0.00100478
0.0010046
0.00100432
0.00101163
0.00101133
0.00101105
0.00101077
0.0010105
0.00101024
0.00100997
0.00100971
0.00100946
0.0010092
0.00100896
0.00100871
0.00100847
0.00100823
0.001008
0.00100777
0.00100754
0.00100732
0.0010071
0.00100688
0.00100667
0.00100646
0.00100626
0.00100606
0.00100586
0.00100567
0.00100548
0.0010053
0.00100512
0.00100494
0.00100476
0.00100457
0.0010043
0.00101163
0.00101133
0.00101105
0.00101077
0.0010105
0.00101024
0.00100997
0.00100971
0.00100946
0.0010092
0.00100895
0.00100871
0.00100847
0.00100823
0.00100799
0.00100777
0.00100754
0.00100732
0.0010071
0.00100689
0.00100668
0.00100647
0.00100627
0.00100607
0.00100587
0.00100568
0.0010055
0.00100531
0.00100513
0.00100496
0.00100478
0.00100459
0.00100432
0.00101163
0.00101133
0.00101105
0.00101077
0.0010105
0.00101023
0.00100997
0.00100971
0.00100945
0.0010092
0.00100894
0.0010087
0.00100845
0.00100821
0.00100798
0.00100774
0.00100751
0.00100729
0.00100706
0.00100685
0.00100663
0.00100642
0.00100621
0.00100601
0.00100581
0.00100562
0.00100543
0.00100524
0.00100506
0.00100487
0.0010047
0.00100451
0.00100422
0.00101163
0.00101133
0.00101105
0.00101077
0.0010105
0.00101023
0.00100997
0.0010097
0.00100945
0.00100919
0.00100894
0.00100869
0.00100845
0.00100821
0.00100798
0.00100775
0.00100752
0.0010073
0.00100708
0.00100686
0.00100665
0.00100644
0.00100623
0.00100603
0.00100583
0.00100564
0.00100545
0.00100526
0.00100507
0.00100489
0.00100471
0.00100452
0.00100423
0.00101163
0.00101133
0.00101105
0.00101077
0.0010105
0.00101023
0.00100996
0.00100969
0.00100943
0.00100917
0.00100891
0.00100866
0.00100841
0.00100816
0.00100791
0.00100767
0.00100744
0.0010072
0.00100697
0.00100675
0.00100652
0.0010063
0.00100609
0.00100587
0.00100566
0.00100546
0.00100526
0.00100506
0.00100486
0.00100467
0.00100447
0.00100427
0.00100397
0.00101163
0.00101133
0.00101105
0.00101077
0.00101049
0.00101022
0.00100996
0.0010097
0.00100944
0.00100918
0.00100893
0.00100868
0.00100844
0.00100819
0.00100795
0.00100771
0.00100747
0.00100723
0.001007
0.00100676
0.00100653
0.0010063
0.00100607
0.00100584
0.00100561
0.00100539
0.00100516
0.00100494
0.00100472
0.0010045
0.00100427
0.00100403
0.0010037
0.00101163
0.00101133
0.00101105
0.00101077
0.00101048
0.0010102
0.00100992
0.00100964
0.00100935
0.00100907
0.00100879
0.00100851
0.00100822
0.00100794
0.00100766
0.00100738
0.0010071
0.00100681
0.00100653
0.00100624
0.00100595
0.00100566
0.00100536
0.00100507
0.00100477
0.00100447
0.00100417
0.00100386
0.00100356
0.00100325
0.00100294
0.00100262
0.00100219
0.00101163
0.00101134
0.00101105
0.00101077
0.00101049
0.00101021
0.00100993
0.00100964
0.00100934
0.00100903
0.00100871
0.00100837
0.00100802
0.00100766
0.00100729
0.00100689
0.00100648
0.00100606
0.00100562
0.00100516
0.00100469
0.00100421
0.00100371
0.00100321
0.00100269
0.00100216
0.00100162
0.00100107
0.00100051
0.000999952
0.000999381
0.000998789
0.000998098
0.00101163
0.00101134
0.00101103
0.00101069
0.00101033
0.00100994
0.00100951
0.00100904
0.00100853
0.00100796
0.00100734
0.00100667
0.00100594
0.00100515
0.00100431
0.00100342
0.00100248
0.0010015
0.00100047
0.000999416
0.000998327
0.00099721
0.00099607
0.000994911
0.000993736
0.000992548
0.000991351
0.000990147
0.00098894
0.000987731
0.000986521
0.000985299
0.000983986
0.00101164
0.00101133
0.00101094
0.00101042
0.00100973
0.00100883
0.0010077
0.00100635
0.00100478
0.001003
0.00100104
0.00099891
0.000996633
0.00099423
0.000991722
0.000989128
0.000986467
0.000983754
0.000981005
0.000978232
0.000975447
0.00097266
0.000969881
0.000967115
0.000964368
0.000961647
0.000958956
0.0009563
0.000953682
0.000951105
0.000948568
0.00094606
0.000943507
0.00101162
0.0010106
0.00100853
0.00100543
0.0010014
0.000996513
0.00099091
0.000984748
0.000978176
0.000971316
0.000964275
0.00095714
0.000949982
0.00094286
0.000935816
0.000928885
0.000922092
0.000915456
0.00090899
0.000902702
0.000896598
0.00089068
0.000884949
0.000879404
0.000874041
0.000868858
0.00086385
0.000859012
0.000854341
0.00084983
0.000845473
0.000841254
0.000837098
0.00100895
0.000995379
0.000976042
0.000953695
0.000930321
0.000907094
0.000884659
0.000863331
0.000843232
0.000824393
0.000806788
0.000790359
0.000775033
0.00076073
0.00074737
0.000734875
0.000723175
0.000712202
0.000701898
0.000692207
0.000683079
0.000674471
0.000666341
0.000658653
0.000651373
0.000644473
0.000637925
0.000631703
0.000625787
0.000620155
0.000614787
0.000609663
0.000604722
0.000892788
0.000742254
0.0006492
0.000585538
0.000538562
0.000502133
0.000472877
0.000448744
0.000428406
0.000410968
0.000395808
0.000382475
0.000370634
0.000360033
0.000350473
0.000341801
0.000333893
0.000326649
0.000319985
0.000313835
0.000308139
0.00030285
0.000297926
0.000293332
0.000289036
0.000285011
0.000281234
0.000277683
0.000274341
0.00027119
0.000268215
0.000265405
0.000262747
0.000126722
0.000129956
0.000133005
0.000135891
0.000138628
0.000141229
0.000143705
0.000146063
0.000148309
0.00015045
0.000152489
0.000154433
0.000156285
0.00015805
0.000159731
0.000161333
0.000162859
0.000164312
0.000165695
0.000167013
0.000168267
0.000169461
0.000170597
0.000171678
0.000172707
0.000173686
0.000174618
0.000175504
0.000176348
0.00017715
0.000177914
0.000178641
0.000179337
8.50599e-05
0.000114039
0.000143503
0.000172782
0.000199072
0.000222129
0.000242799
0.000262112
0.000280998
0.000300096
0.0003197
0.00033985
0.00036047
0.000381554
0.000403127
0.000425195
0.000447718
0.000470805
0.000494414
0.000518635
0.000543536
0.000569152
0.000595511
0.000622656
0.000650677
0.000679737
0.000710098
0.000742123
0.000776286
0.000813192
0.000853573
0.000898165
0.000947398
0.00100093
0.00105719
0.00111327
0.00116526
0.0012092
0.00124225
0.00126363
0.00127499
0.00128007
0.00128243
0.00128633
0.00129403
0.00130552
0.00132012
0.00133721
0.00135549
0.00137345
0.00138931
0.00140084
0.00140543
0.0014003
0.00138298
0.0013518
0.00130626
0.00124727
0.00117726
0.00110013
0.0010211
0.000946368
0.000882708
0.000837067
0.000817373
0.000839439
0.000959644
0.00135674
0.00230188
0.00364789
0.00475459
0.0053578
0.00558719
0.00560521
0.00551332
0.00536666
0.00519447
0.00501227
0.00482826
0.00464673
0.00446986
0.00429865
0.00413354
0.00397462
0.00382184
0.00367506
0.00353411
0.00339881
0.00326897
0.00314442
0.00302497
0.00291046
0.00280076
0.00269579
0.00259546
0.00249997
0.00240942
0.00232552
0.00225156
0.0022346
7.83373e-05
8.46435e-05
9.49627e-05
0.00010982
0.000128383
0.000149559
0.000172099
0.000194684
0.000216768
0.000238197
0.000259039
0.000279452
0.000299632
0.000319797
0.000340168
0.000360922
0.000382171
0.000404014
0.000426602
0.000449903
0.00047389
0.000498533
0.000523804
0.000549687
0.000576191
0.000603383
0.000631418
0.000660581
0.00069132
0.000724282
0.00076031
0.000800348
0.000845165
0.00089492
0.000948682
0.00100415
0.00105784
0.00110579
0.0011447
0.00117296
0.00119116
0.00120191
0.00120817
0.00121328
0.00121932
0.00122667
0.00123629
0.00124775
0.00126018
0.00127235
0.00128266
0.00128905
0.00128919
0.00128069
0.00126152
0.0012304
0.0011872
0.00113309
0.00107063
0.00100367
0.000937162
0.000876809
0.000828622
0.000798739
0.000794436
0.000831637
0.000970685
0.00140471
0.00240121
0.00374101
0.00478419
0.00533413
0.00553678
0.00554539
0.00545273
0.00530903
0.00514108
0.00496322
0.00478317
0.00460506
0.00443105
0.00426223
0.00409909
0.00394184
0.00379049
0.00364499
0.00350522
0.00337105
0.00324232
0.00311889
0.00300059
0.0028873
0.00277888
0.0026753
0.00257649
0.00248265
0.00239394
0.00231196
0.00223992
0.00221936
0.000137577
0.00013715
0.000137595
0.000138888
0.000140909
0.000143573
0.000147568
0.000154426
0.000164401
0.000177403
0.000192711
0.00020983
0.000228269
0.000247606
0.000267549
0.000287947
0.000308721
0.000329877
0.000351657
0.000374102
0.000397196
0.000420899
0.000445157
0.000469918
0.000495144
0.000520839
0.000547083
0.000574088
0.000602243
0.000632156
0.000664671
0.000700792
0.000741468
0.000787217
0.000837656
0.000891141
0.000944754
0.000994822
0.00103787
0.00107168
0.00109592
0.00111208
0.00112269
0.0011302
0.00113614
0.00114219
0.00114924
0.00115726
0.00116576
0.00117379
0.00118
0.00118265
0.00117975
0.00116935
0.00114984
0.00112034
0.00108104
0.00103329
0.000979702
0.000923986
0.000870738
0.00082509
0.000792374
0.000777989
0.00078843
0.00083888
0.000990121
0.00143894
0.00244285
0.00375155
0.0047489
0.00527238
0.00546694
0.00547702
0.00538979
0.00525277
0.00509148
0.00491977
0.00474517
0.00457181
0.00440188
0.00423656
0.00407643
0.00392177
0.00377268
0.00362916
0.00349115
0.00335858
0.00323134
0.00310931
0.00299238
0.00288044
0.0027734
0.00267123
0.00257392
0.00248168
0.00239471
0.00231453
0.00224425
0.00222001
0.000280937
0.000276738
0.000272936
0.000269565
0.000266509
0.000263264
0.000259214
0.000254084
0.000248006
0.000241615
0.000237279
0.000235612
0.000236766
0.000240806
0.000247662
0.00025716
0.000269048
0.000283026
0.000298872
0.000316394
0.000335336
0.000355451
0.000376525
0.000398387
0.00042091
0.000444025
0.000467745
0.000492203
0.000517698
0.000544743
0.00057408
0.000606635
0.000643352
0.000684898
0.000731254
0.000781334
0.000832852
0.000882616
0.0009273
0.000964395
0.000992924
0.00101352
0.00102804
0.00103842
0.00104585
0.00105235
0.00105874
0.00106527
0.00107171
0.00107739
0.00108123
0.0010818
0.0010775
0.00106679
0.00104849
0.00102211
0.000988105
0.000947984
0.000904316
0.000860605
0.000821049
0.000790236
0.000772845
0.000773502
0.000797659
0.000858877
0.00101513
0.00145685
0.00242777
0.00368474
0.00465161
0.00517185
0.00537547
0.00539768
0.0053223
0.00519583
0.00504365
0.00487972
0.00471179
0.00454416
0.0043792
0.00421822
0.00406191
0.00391062
0.00376452
0.00362367
0.00348805
0.00335763
0.00323235
0.00311213
0.00299688
0.00288654
0.00278105
0.00268042
0.00258467
0.00249404
0.00240874
0.00233023
0.00226154
0.00223363
0.000435954
0.000430213
0.000424607
0.000419278
0.000414288
0.000409604
0.00040505
0.000400276
0.00039478
0.000388039
0.00037991
0.000370866
0.000361567
0.000352498
0.000344225
0.000337361
0.000332474
0.000329956
0.000330124
0.00033312
0.000338871
0.000347193
0.000357842
0.000370553
0.000385071
0.000401175
0.000418719
0.000437667
0.000458144
0.000480468
0.000505171
0.000532964
0.000564617
0.000600738
0.00064145
0.000686057
0.000732846
0.000779222
0.000822245
0.000859439
0.000889477
0.000912396
0.00092946
0.000942038
0.000951416
0.000959192
0.000966192
0.000972769
0.000978832
0.000983882
0.000987066
0.000987264
0.000983237
0.000973848
0.000958322
0.000936516
0.00090911
0.000877706
0.000844799
0.000813642
0.000788022
0.000771978
0.000769486
0.000784225
0.000820214
0.000888508
0.00104111
0.00145335
0.00235515
0.00354254
0.00448997
0.00502668
0.00525591
0.00530183
0.00524592
0.00513502
0.00499528
0.0048414
0.00468169
0.00452091
0.00436176
0.00420581
0.0040539
0.00390652
0.00376392
0.00362621
0.00349344
0.00336559
0.00324265
0.00312456
0.00301128
0.00290276
0.00279899
0.0027
0.00260584
0.00251679
0.00243308
0.00235608
0.00228875
0.00225722
0.000579069
0.000572657
0.0005663
0.000560054
0.000553989
0.000548147
0.000542569
0.000537261
0.00053213
0.00052697
0.000521507
0.000515496
0.000508893
0.000501557
0.000493439
0.000484616
0.000475306
0.000465826
0.000456639
0.000448263
0.000441148
0.000435664
0.000432084
0.000430602
0.000431334
0.000434344
0.00043967
0.000447365
0.000457533
0.000470378
0.000486224
0.000505508
0.000528706
0.000556196
0.000588034
0.000623706
0.000661943
0.000700742
0.000737707
0.000770654
0.000798206
0.000820095
0.00083726
0.000850165
0.000860394
0.000869049
0.000876852
0.000884127
0.00089081
0.000896487
0.000900455
0.000901821
0.000899641
0.000893123
0.000881839
0.000865935
0.000846278
0.000824511
0.000803011
0.000784741
0.000773036
0.0007713
0.000782641
0.000809502
0.000854112
0.000924419
0.0010639
0.00142551
0.00222632
0.00332649
0.00425995
0.00482881
0.00509936
0.00518129
0.00515376
0.00506472
0.00494189
0.00480126
0.00465209
0.00449986
0.00434778
0.00419778
0.00405099
0.00390808
0.00376944
0.00363527
0.00350569
0.00338074
0.00326043
0.00314473
0.00303363
0.00292711
0.00282518
0.0027279
0.00263536
0.00254784
0.00246559
0.00238993
0.0023237
0.00228858
0.000701113
0.000694542
0.000688065
0.000681643
0.000675352
0.000669219
0.000663275
0.000657564
0.000652107
0.000646875
0.000641815
0.000636846
0.000631911
0.000626911
0.000621729
0.000616242
0.000610345
0.000603954
0.000597026
0.000589626
0.000581862
0.0005739
0.000565961
0.000558315
0.000551269
0.00054516
0.000540341
0.000537184
0.000536078
0.000537432
0.000541669
0.000549215
0.000560447
0.000575615
0.000594716
0.00061735
0.000642598
0.000669006
0.000694794
0.000718261
0.000738265
0.000754582
0.000767854
0.000777853
0.000786363
0.000794144
0.000801691
0.000809182
0.000816479
0.000823162
0.000828593
0.000832025
0.000832729
0.000830173
0.000824192
0.000815144
0.000804005
0.000792392
0.000782486
0.000776882
0.000778342
0.000789467
0.000812261
0.000847724
0.000896246
0.000962678
0.00108062
0.00137526
0.00204854
0.00304036
0.00395738
0.00456925
0.00489572
0.00502673
0.00503774
0.00497808
0.00487772
0.00475446
0.00461895
0.00447762
0.0043344
0.00419171
0.00405107
0.00391342
0.00377935
0.0036492
0.00352319
0.00340144
0.00328401
0.00317092
0.00306219
0.00295782
0.00285784
0.00276234
0.00267143
0.0025854
0.00250451
0.00243002
0.00236464
0.00232589
0.000798208
0.000792089
0.000786035
0.000780014
0.000774049
0.000768153
0.000762345
0.000756659
0.000751136
0.000745802
0.000740676
0.000735766
0.000731072
0.000726589
0.000722292
0.00071815
0.000714114
0.00071012
0.000706084
0.00070193
0.00069758
0.000692957
0.000688007
0.000682735
0.000677195
0.000671505
0.000665852
0.0006605
0.000655788
0.000652124
0.00064996
0.00064975
0.000651897
0.000656678
0.000664158
0.000674103
0.000685907
0.000698599
0.000710966
0.00072186
0.000730554
0.000736988
0.00074172
0.000745259
0.000748684
0.000752673
0.00075759
0.000763476
0.000770077
0.000776906
0.000783323
0.000788645
0.000792276
0.000793844
0.000793345
0.000791236
0.000788492
0.000786582
0.000787375
0.000792949
0.000805329
0.000826133
0.000856161
0.000895078
0.000941888
0.000999
0.00109021
0.00131026
0.00183814
0.00269502
0.00358072
0.0042387
0.00463335
0.00482712
0.00488838
0.00486721
0.00479613
0.00469539
0.00457744
0.00445003
0.00431801
0.00418447
0.00405141
0.00392013
0.00379147
0.003666
0.00354408
0.00342593
0.00331169
0.00320145
0.00309527
0.00299319
0.00289528
0.00280164
0.00271239
0.00262784
0.00254824
0.00247478
0.00241009
0.00236765
0.00087093
0.000865659
0.000860405
0.000855166
0.000849923
0.000844699
0.00083951
0.000834378
0.000829328
0.000824383
0.000819563
0.000814886
0.000810372
0.000806041
0.000801914
0.000798009
0.000794341
0.000790911
0.000787712
0.000784714
0.000781889
0.000779186
0.000776547
0.000773919
0.000771257
0.000768539
0.000765777
0.000763024
0.000760389
0.000758044
0.000756219
0.000755183
0.000755201
0.000756477
0.000759085
0.000762897
0.000767515
0.000772254
0.000776213
0.000778495
0.000778535
0.000776365
0.000772645
0.000768371
0.000764677
0.000762449
0.000762184
0.000763983
0.000767602
0.000772549
0.000778195
0.0007839
0.000789134
0.000793602
0.000797339
0.000800771
0.000804732
0.000810406
0.000819201
0.000832539
0.000851601
0.000877023
0.000908599
0.000945159
0.000985107
0.00102937
0.00109328
0.00124191
0.00162051
0.00231407
0.00313732
0.00383113
0.00430031
0.00456959
0.00469412
0.00472241
0.00468918
0.00461744
0.004522
0.00441231
0.00429445
0.00417239
0.00404876
0.00392531
0.00380324
0.00368335
0.00356621
0.00345221
0.00334158
0.00323452
0.00313113
0.00303154
0.00293583
0.00284414
0.0027566
0.00267355
0.00259522
0.00252273
0.00245861
0.00241249
0.00092189
0.000917687
0.00091346
0.000909213
0.000904936
0.000900632
0.000896319
0.000892006
0.000887708
0.000883438
0.000879213
0.000875048
0.000870962
0.000866979
0.000863125
0.000859429
0.000855918
0.00085262
0.000849556
0.00084674
0.000844191
0.000841903
0.00083987
0.000838083
0.000836532
0.000835207
0.000834111
0.000833227
0.000832569
0.000832185
0.000832156
0.000832587
0.000833593
0.000835278
0.000837688
0.000840764
0.000844285
0.000847818
0.000850705
0.000852155
0.000851441
0.000848188
0.000842624
0.000835555
0.000828134
0.000821513
0.000816572
0.00081379
0.000813247
0.000814703
0.00081772
0.000821798
0.000826503
0.000831581
0.000837027
0.000843152
0.000850559
0.000860053
0.000872494
0.000888626
0.000908878
0.000933168
0.000960757
0.000990282
0.00102024
0.00105086
0.00109114
0.00118098
0.00142448
0.00193562
0.00265061
0.00335035
0.00388832
0.00424114
0.00444157
0.00453176
0.00454688
0.00451244
0.00444587
0.00435878
0.00425888
0.00415127
0.00403942
0.00392569
0.0038117
0.0036986
0.00358721
0.0034781
0.00337169
0.00326825
0.00316803
0.00307118
0.00297787
0.00288827
0.00280254
0.00272103
0.00264398
0.00257244
0.00250886
0.00245916
0.000955758
0.000952608
0.000949411
0.000946168
0.000942882
0.000939548
0.000936173
0.000932766
0.000929337
0.000925896
0.000922452
0.000919015
0.000915597
0.000912212
0.000908879
0.000905619
0.000902454
0.000899407
0.000896505
0.000893773
0.000891243
0.000888937
0.000886875
0.000885076
0.000883558
0.000882339
0.000881435
0.000880862
0.000880635
0.000880778
0.000881323
0.000882314
0.000883803
0.000885842
0.000888472
0.000891695
0.000895447
0.000899563
0.000903716
0.000907426
0.000909988
0.000910636
0.000909112
0.000905612
0.000900749
0.000895397
0.000890452
0.000886628
0.000884348
0.000883727
0.000884646
0.000886854
0.000890091
0.000894169
0.000899069
0.000905076
0.000912564
0.000921951
0.000933621
0.000947824
0.000964545
0.000983403
0.0010036
0.00102403
0.0010436
0.00106233
0.00108499
0.00113333
0.00127174
0.00160506
0.00216458
0.00281809
0.00339951
0.0038329
0.0041176
0.00428176
0.00435709
0.0043701
0.00434055
0.00428244
0.00420541
0.0041161
0.00401906
0.00391744
0.00381348
0.00370873
0.00360435
0.00350116
0.00339977
0.00330062
0.00320406
0.00311036
0.00301975
0.00293246
0.00284871
0.00276885
0.00269314
0.00262256
0.00255952
0.00250643
0.000976691
0.000974459
0.00097217
0.000969826
0.00096743
0.000964985
0.000962485
0.000959938
0.000957351
0.000954728
0.000952075
0.000949395
0.000946697
0.00094399
0.000941284
0.000938595
0.000935937
0.000933327
0.000930784
0.000928329
0.000925983
0.000923776
0.000921729
0.00091987
0.000918227
0.000916828
0.000915691
0.000914842
0.00091431
0.000914122
0.000914307
0.000914897
0.000915925
0.000917428
0.000919445
0.000922008
0.000925139
0.00092884
0.000932978
0.000937262
0.000941407
0.000945037
0.000947802
0.000949488
0.0009501
0.000949866
0.000949173
0.000948456
0.000948086
0.000948311
0.000949241
0.000950887
0.000953232
0.000956286
0.000960156
0.000965045
0.000970884
0.000977863
0.000986185
0.000995938
0.00100701
0.00101903
0.00103143
0.00104348
0.00105452
0.00106451
0.00107576
0.0010989
0.00116822
0.00135695
0.00173749
0.00228032
0.00285472
0.00334693
0.00371388
0.00395978
0.00410651
0.00417818
0.00419548
0.0041744
0.00412668
0.0040607
0.00398243
0.00389607
0.00380463
0.00371026
0.00361453
0.0035186
0.00342332
0.00332934
0.00323716
0.00314718
0.00305973
0.00297513
0.00289362
0.00281562
0.00274137
0.00267185
0.00260939
0.00255305
0.000989087
0.000987557
0.000985975
0.000984341
0.000982657
0.000980924
0.00097914
0.000977308
0.000975432
0.000973515
0.000971559
0.000969566
0.000967541
0.000965489
0.000963414
0.000961326
0.000959231
0.000957135
0.000955052
0.000952994
0.000950979
0.000949025
0.000947153
0.000945383
0.000943739
0.000942245
0.000940927
0.000939809
0.000938918
0.000938278
0.000937918
0.000937861
0.000938137
0.000938774
0.000939804
0.000941264
0.000943208
0.000945642
0.000948492
0.00095173
0.000955317
0.000959167
0.000963156
0.000967139
0.000970989
0.000974625
0.00097803
0.000981239
0.000984312
0.00098731
0.000990283
0.000993264
0.000996314
0.000999484
0.00100291
0.00100647
0.00101027
0.00101449
0.00101929
0.00102474
0.00103075
0.00103713
0.00104354
0.00104959
0.00105495
0.00105956
0.00106444
0.00107432
0.00110521
0.00119799
0.00141796
0.00180292
0.00230093
0.00280464
0.00323364
0.00355879
0.00378343
0.0039238
0.00399843
0.00402387
0.00401344
0.00397731
0.00392301
0.00385604
0.00378042
0.00369906
0.00361412
0.00352719
0.00343946
0.00335183
0.00326501
0.00317955
0.00309591
0.00301451
0.00293568
0.00285986
0.00278736
0.00271909
0.00265732
0.0025978
0.000995843
0.000994803
0.000993722
0.000992599
0.000991435
0.000990231
0.000988986
0.000987701
0.000986375
0.000985011
0.000983611
0.000982174
0.000980703
0.0009792
0.000977667
0.000976108
0.000974527
0.000972929
0.000971319
0.000969703
0.000968092
0.000966495
0.000964928
0.000963405
0.000961936
0.00096054
0.000959235
0.000958043
0.000956985
0.00095608
0.00095535
0.000954815
0.000954495
0.000954413
0.000954592
0.000955065
0.000955877
0.000956978
0.000958383
0.000960131
0.000962273
0.000964859
0.000967927
0.000971484
0.000975506
0.000979933
0.000984679
0.000989634
0.00099468
0.000999694
0.00100456
0.00100917
0.00101347
0.00101729
0.00102063
0.00102359
0.00102631
0.00102893
0.00103159
0.00103437
0.00103729
0.00104029
0.00104324
0.00104597
0.00104832
0.00105027
0.00105221
0.00105608
0.00106865
0.00110907
0.00121751
0.00144502
0.00180798
0.00225449
0.00270029
0.00308432
0.00338287
0.00359669
0.00373725
0.00381879
0.00385472
0.00385634
0.00383261
0.00379042
0.00373496
0.00367011
0.00359879
0.00352315
0.00344485
0.00336512
0.00328494
0.00320507
0.00312614
0.00304868
0.00297313
0.0029
0.00282964
0.00276295
0.00270213
0.0026396
0.000999474
0.000998747
0.000997991
0.000997205
0.000996389
0.000995542
0.000994665
0.000993757
0.00099282
0.000991851
0.000990853
0.000989826
0.00098877
0.000987686
0.000986574
0.000985437
0.000984274
0.000983086
0.000981874
0.000980644
0.0009794
0.000978148
0.000976895
0.000975651
0.000974424
0.000973225
0.000972065
0.000970957
0.000969915
0.000968953
0.000968084
0.000967322
0.00096668
0.000966175
0.00096582
0.000965642
0.000965667
0.000965838
0.000966173
0.000966716
0.000967536
0.000968714
0.00097034
0.000972496
0.000975243
0.000978608
0.000982573
0.000987072
0.000991987
0.000997148
0.00100235
0.00100728
0.00101181
0.00101584
0.00101934
0.00102232
0.00102484
0.00102701
0.00102893
0.0010307
0.00103238
0.00103401
0.00103556
0.00103699
0.00103825
0.00103931
0.0010403
0.00104195
0.00104693
0.00106319
0.00111017
0.00122302
0.00144007
0.00176843
0.00216472
0.002563
0.00291359
0.00319455
0.00340361
0.00354815
0.00363892
0.00368677
0.00370133
0.00369057
0.00366085
0.0036171
0.00356313
0.00350185
0.00343546
0.00336569
0.00329385
0.00322099
0.00314795
0.00307543
0.00300399
0.00293425
0.00286662
0.00280198
0.0027425
0.00267714
0.00100125
0.0010007
0.00100014
0.000999558
0.000998955
0.000998332
0.000997689
0.000997025
0.00099634
0.000995634
0.000994908
0.00099416
0.000993391
0.000992601
0.00099179
0.000990958
0.000990106
0.000989233
0.00098834
0.000987428
0.000986497
0.000985551
0.00098459
0.000983619
0.000982645
0.000981672
0.000980708
0.000979762
0.000978839
0.00097795
0.000977101
0.000976301
0.000975557
0.000974879
0.000974275
0.000973766
0.000973343
0.000972975
0.000972672
0.000972469
0.000972418
0.000972593
0.00097308
0.000973972
0.000975355
0.000977299
0.000979847
0.000982994
0.000986633
0.000990564
0.000994651
0.00099874
0.00100268
0.00100636
0.00100968
0.00101261
0.00101514
0.00101731
0.0010192
0.00102087
0.00102239
0.00102381
0.00102515
0.00102642
0.0010276
0.00102868
0.00102968
0.00103084
0.00103314
0.00103964
0.00105846
0.00110726
0.00121502
0.00141094
0.00169985
0.00204895
0.00240651
0.00273032
0.00299862
0.00320611
0.0033566
0.0034578
0.00351835
0.00354641
0.00354904
0.00353211
0.00350033
0.00345741
0.00340627
0.0033492
0.00328797
0.00322401
0.00315843
0.00309217
0.00302597
0.00296057
0.00289645
0.00283454
0.00277691
0.00270897
0.00100217
0.00100173
0.00100128
0.00100081
0.00100034
0.000999845
0.000999342
0.000998825
0.000998295
0.000997752
0.000997195
0.000996624
0.000996039
0.000995441
0.000994829
0.000994202
0.000993561
0.000992901
0.000992224
0.000991529
0.000990817
0.00099009
0.000989349
0.000988596
0.000987832
0.000987061
0.000986286
0.00098551
0.000984739
0.000983974
0.000983221
0.000982484
0.000981766
0.000981071
0.000980404
0.000979778
0.000979189
0.000978595
0.000977999
0.000977426
0.000976917
0.000976529
0.000976331
0.000976403
0.000976826
0.000977677
0.000979024
0.000980806
0.000982952
0.00098541
0.000988109
0.000990962
0.00099387
0.000996736
0.000999481
0.00100204
0.0010044
0.00100654
0.0010085
0.0010103
0.00101199
0.00101361
0.00101518
0.00101671
0.00101819
0.00101959
0.00102091
0.0010222
0.00102379
0.0010268
0.00103432
0.00105382
0.00110026
0.00119678
0.00136648
0.00161493
0.00191948
0.00224011
0.00254027
0.00279799
0.00300509
0.00316216
0.00327416
0.00334769
0.00338953
0.00340585
0.00340202
0.00338249
0.00335088
0.00331011
0.00326253
0.00320999
0.003154
0.00309578
0.00303631
0.0029765
0.00291697
0.00285866
0.00280358
0.00273345
0.00100261
0.00100222
0.00100182
0.00100142
0.00100101
0.00100059
0.00100017
0.000999732
0.000999291
0.000998841
0.000998383
0.000997917
0.000997443
0.000996961
0.000996471
0.000995972
0.000995465
0.000994948
0.000994421
0.000993883
0.000993332
0.000992766
0.000992187
0.000991595
0.000990991
0.000990377
0.000989755
0.000989126
0.000988492
0.000987854
0.000987214
0.000986573
0.000985932
0.000985293
0.000984658
0.000984034
0.000983406
0.000982748
0.00098206
0.000981357
0.000980668
0.000980035
0.000979513
0.000979162
0.000979052
0.000979257
0.000979786
0.000980585
0.000981647
0.000982963
0.000984509
0.000986248
0.000988133
0.000990111
0.000992129
0.000994144
0.000996125
0.000998056
0.000999936
0.00100178
0.00100359
0.0010054
0.0010072
0.00100901
0.00101079
0.00101251
0.00101415
0.00101569
0.00101722
0.00101913
0.00102254
0.00103032
0.00104882
0.00109013
0.00117242
0.00131443
0.00152331
0.00178532
0.00207055
0.0023477
0.0025948
0.00280114
0.00296434
0.00308677
0.0031731
0.00322871
0.00325887
0.00326839
0.00326143
0.00324147
0.00321142
0.00317363
0.00313005
0.00308226
0.00303154
0.00297903
0.00292552
0.002872
0.0028205
0.00274874
0.00100287
0.00100251
0.00100214
0.00100177
0.0010014
0.00100102
0.00100064
0.00100025
0.00099986
0.000999463
0.000999062
0.000998656
0.000998246
0.000997831
0.000997412
0.000996989
0.000996561
0.000996127
0.000995686
0.000995236
0.000994777
0.00099431
0.000993833
0.000993347
0.000992852
0.000992348
0.000991836
0.000991316
0.000990788
0.000990254
0.000989713
0.000989164
0.000988608
0.000988044
0.000987473
0.000986899
0.000986317
0.000985692
0.000985023
0.000984319
0.000983604
0.00098291
0.000982279
0.00098176
0.000981412
0.000981289
0.000981336
0.000981555
0.000981954
0.000982539
0.000983309
0.000984257
0.000985366
0.000986617
0.000987988
0.000989456
0.000991004
0.000992619
0.000994294
0.000996029
0.000997824
0.000999676
0.00100158
0.00100352
0.00100546
0.00100737
0.0010092
0.00101092
0.00101253
0.00101415
0.00101618
0.00101966
0.00102702
0.00104343
0.00107828
0.00114563
0.00126081
0.0014322
0.00165333
0.00190334
0.00215635
0.00239114
0.00259503
0.00276292
0.00289472
0.00299316
0.00306219
0.00310614
0.00312918
0.00313509
0.00312717
0.00310824
0.00308067
0.00304643
0.00300714
0.00296422
0.00291865
0.00287151
0.00282519
0.0027527
0.00100301
0.00100266
0.00100232
0.00100196
0.00100161
0.00100125
0.00100089
0.00100053
0.00100016
0.00099979
0.000999418
0.000999044
0.000998668
0.000998291
0.000997912
0.00099753
0.000997147
0.000996762
0.000996374
0.000995984
0.000995587
0.000995183
0.000994771
0.000994352
0.000993927
0.000993494
0.000993055
0.00099261
0.000992157
0.000991697
0.00099123
0.000990754
0.000990269
0.000989773
0.000989267
0.000988752
0.000988222
0.000987652
0.000987037
0.000986386
0.000985715
0.00098505
0.000984425
0.000983878
0.000983464
0.000983184
0.000983006
0.000982935
0.000982982
0.00098316
0.000983477
0.000983937
0.000984545
0.000985297
0.000986193
0.000987227
0.000988395
0.000989693
0.000991117
0.000992666
0.000994332
0.000996106
0.000997972
0.000999905
0.00100187
0.00100382
0.00100571
0.00100749
0.00100915
0.00101071
0.00101229
0.00101427
0.00101754
0.00102407
0.00103787
0.00106603
0.00111923
0.00120985
0.00134675
0.00152888
0.00174329
0.00196997
0.00218952
0.0023881
0.00255827
0.00269762
0.0028069
0.0028886
0.002946
0.00298254
0.00300154
0.00300603
0.00299867
0.00298178
0.0029573
0.0029269
0.00289181
0.00285343
0.00281428
0.00274264
0.00100312
0.00100278
0.00100244
0.0010021
0.00100176
0.00100141
0.00100106
0.00100071
0.00100036
0.001
0.00099965
0.000999294
0.000998936
0.000998579
0.000998221
0.000997863
0.000997504
0.000997146
0.000996786
0.000996421
0.000996053
0.000995682
0.000995305
0.000994925
0.00099454
0.000994151
0.000993756
0.000993357
0.000992952
0.000992542
0.000992124
0.000991699
0.000991265
0.000990822
0.000990368
0.000989903
0.00098943
0.000988923
0.000988376
0.000987794
0.000987191
0.000986589
0.000986014
0.000985505
0.000985097
0.000984753
0.000984474
0.000984269
0.000984147
0.00098412
0.000984197
0.00098439
0.000984706
0.000985155
0.000985743
0.000986477
0.000987361
0.000988399
0.000989592
0.000990939
0.000992433
0.000994064
0.000995811
0.000997645
0.000999529
0.00100142
0.00100326
0.00100502
0.00100665
0.00100817
0.00100959
0.00101106
0.00101289
0.00101579
0.0010213
0.00103242
0.00105436
0.00109505
0.00116424
0.0012704
0.00141606
0.00159479
0.00179261
0.00199316
0.00218255
0.00235164
0.00249587
0.00261406
0.00270715
0.00277725
0.00282697
0.00285909
0.00287623
0.00288083
0.00287501
0.00286066
0.00283926
0.00281278
0.00278332
0.00271506
0.0010032
0.00100286
0.00100253
0.00100219
0.00100186
0.00100152
0.00100117
0.00100083
0.00100049
0.00100014
0.000999793
0.000999446
0.000999098
0.00099875
0.000998402
0.000998054
0.000997707
0.000997362
0.000997017
0.00099667
0.000996321
0.000995969
0.000995613
0.000995255
0.000994893
0.000994528
0.000994159
0.000993787
0.000993411
0.00099303
0.000992644
0.000992252
0.000991852
0.000991444
0.000991026
0.000990599
0.000990165
0.000989708
0.000989218
0.0009887
0.000988166
0.000987632
0.000987123
0.000986673
0.000986279
0.000985924
0.000985614
0.000985358
0.000985163
0.000985042
0.000985004
0.000985059
0.00098522
0.000985497
0.000985901
0.000986444
0.000987135
0.000987981
0.000988988
0.000990155
0.000991479
0.000992947
0.00099454
0.00099623
0.000997979
0.000999744
0.00100148
0.00100314
0.0010047
0.00100614
0.00100747
0.00100874
0.00101005
0.00101167
0.00101415
0.00101864
0.00102729
0.00104386
0.00107407
0.00112532
0.00120507
0.00131772
0.00146163
0.00162856
0.00180612
0.00198171
0.00214543
0.00229099
0.00241536
0.00251787
0.00259938
0.00266154
0.00270643
0.00273617
0.0027528
0.00275821
0.00275451
0.00274335
0.0027267
0.00266539
0.00100326
0.00100293
0.0010026
0.00100226
0.00100193
0.00100159
0.00100126
0.00100092
0.00100058
0.00100023
0.000999893
0.000999551
0.000999208
0.000998866
0.000998523
0.000998181
0.00099784
0.0009975
0.000997161
0.000996823
0.000996483
0.00099614
0.000995795
0.000995448
0.000995098
0.000994746
0.000994391
0.000994034
0.000993673
0.000993309
0.000992941
0.000992568
0.000992189
0.000991803
0.00099141
0.000991008
0.000990599
0.00099018
0.000989738
0.000989274
0.000988799
0.000988328
0.000987883
0.000987476
0.000987095
0.000986743
0.000986426
0.000986153
0.000985931
0.00098577
0.000985679
0.000985668
0.000985748
0.000985931
0.00098623
0.000986655
0.000987218
0.000987929
0.000988792
0.000989811
0.000990981
0.000992292
0.000993724
0.000995252
0.000996839
0.000998447
0.00100003
0.00100156
0.001003
0.00100434
0.00100557
0.00100672
0.00100782
0.00100899
0.0010104
0.00101248
0.00101604
0.0010226
0.00103478
0.00105658
0.00109343
0.00115139
0.00123536
0.00134674
0.00148199
0.00163316
0.00179016
0.00194349
0.00208589
0.00221278
0.00232195
0.00241285
0.00248607
0.00254277
0.00258445
0.00261301
0.00263056
0.00263826
0.00263785
0.00258811
0.00100331
0.00100298
0.00100265
0.00100232
0.00100199
0.00100166
0.00100132
0.00100099
0.00100065
0.00100031
0.000999973
0.000999633
0.000999294
0.000998954
0.000998614
0.000998275
0.000997937
0.0009976
0.000997263
0.000996925
0.000996586
0.000996246
0.000995904
0.000995561
0.000995217
0.000994871
0.000994523
0.000994172
0.00099382
0.000993465
0.000993106
0.000992743
0.000992375
0.000992002
0.000991623
0.000991237
0.000990844
0.000990446
0.000990041
0.000989622
0.000989196
0.000988778
0.000988372
0.00098798
0.000987609
0.000987263
0.000986948
0.000986672
0.000986441
0.000986264
0.000986148
0.000986103
0.00098614
0.00098627
0.000986504
0.000986853
0.000987328
0.000987937
0.000988688
0.000989581
0.000990613
0.000991774
0.000993046
0.000994404
0.000995816
0.000997247
0.00099866
0.00100002
0.00100131
0.00100251
0.00100362
0.00100466
0.00100565
0.00100663
0.00100767
0.00100891
0.00101066
0.00101346
0.00101836
0.00102712
0.00104246
0.0010682
0.00110895
0.00116918
0.00125176
0.00135641
0.00147924
0.00161345
0.00175119
0.00188522
0.00201003
0.00212205
0.00221933
0.00230118
0.00236806
0.00242139
0.00246233
0.00249159
0.00251048
0.00247734
0.00100333
0.00100301
0.00100268
0.00100235
0.00100202
0.00100169
0.00100135
0.00100102
0.00100068
0.00100034
0.001
0.000999666
0.000999327
0.000998989
0.00099865
0.000998312
0.000997975
0.000997639
0.000997304
0.00099697
0.000996636
0.000996301
0.000995963
0.000995623
0.000995281
0.000994937
0.000994592
0.000994245
0.000993895
0.000993543
0.000993188
0.00099283
0.000992467
0.0009921
0.000991728
0.00099135
0.000990967
0.000990578
0.000990186
0.00098979
0.000989393
0.000988998
0.000988609
0.000988233
0.000987873
0.000987535
0.000987224
0.000986949
0.000986713
0.000986526
0.000986395
0.000986328
0.000986335
0.000986426
0.000986611
0.000986901
0.000987303
0.000987827
0.000988477
0.000989253
0.000990152
0.000991163
0.000992269
0.000993447
0.000994668
0.000995902
0.000997116
0.000998286
0.000999393
0.00100043
0.0010014
0.00100232
0.00100321
0.00100409
0.00100499
0.00100597
0.00100713
0.00100865
0.00101091
0.00101459
0.00102083
0.00103143
0.00104897
0.00107675
0.00111837
0.00117694
0.00125403
0.00134873
0.00145756
0.00157514
0.00169541
0.00181272
0.00192251
0.00202201
0.00210999
0.00218583
0.00224958
0.00230109
0.00234084
0.00232862
0.00100336
0.00100304
0.00100271
0.00100239
0.00100206
0.00100173
0.00100139
0.00100106
0.00100072
0.00100039
0.00100005
0.000999713
0.000999375
0.000999037
0.000998699
0.000998362
0.000998025
0.000997687
0.000997348
0.000997008
0.000996668
0.000996327
0.000995986
0.000995643
0.0009953
0.000994955
0.000994609
0.000994261
0.000993911
0.000993558
0.000993203
0.000992845
0.000992482
0.000992116
0.000991745
0.000991369
0.000990988
0.000990602
0.000990214
0.000989823
0.000989432
0.000989044
0.000988662
0.00098829
0.000987933
0.000987596
0.000987283
0.000987001
0.000986757
0.000986555
0.000986404
0.000986312
0.000986286
0.000986336
0.000986469
0.000986696
0.000987023
0.000987456
0.000987998
0.000988648
0.000989402
0.000990248
0.00099117
0.000992146
0.000993151
0.00099416
0.000995147
0.000996094
0.000996991
0.000997839
0.000998648
0.000999438
0.00100023
0.00100105
0.00100192
0.00100286
0.00100391
0.00100512
0.0010066
0.00100859
0.00101151
0.00101607
0.00102342
0.00103523
0.00105372
0.00108155
0.00112143
0.00117549
0.0012446
0.00132783
0.00142239
0.00152402
0.00162825
0.001731
0.00182881
0.00191917
0.00200049
0.00207125
0.00213065
0.00214173
0.00100334
0.00100301
0.00100269
0.00100236
0.00100203
0.0010017
0.00100136
0.00100103
0.00100069
0.00100035
0.00100002
0.000999676
0.000999337
0.000998998
0.000998659
0.00099832
0.000997981
0.000997643
0.000997306
0.000996969
0.000996632
0.000996296
0.000995957
0.000995615
0.000995271
0.000994924
0.000994575
0.000994223
0.000993869
0.000993512
0.000993152
0.000992788
0.00099242
0.000992048
0.000991671
0.000991289
0.000990902
0.000990511
0.000990116
0.000989719
0.000989322
0.000988927
0.000988537
0.000988155
0.000987787
0.000987435
0.000987105
0.000986802
0.000986532
0.000986301
0.000986114
0.000985979
0.000985903
0.000985892
0.000985955
0.000986098
0.000986327
0.000986645
0.000987053
0.000987549
0.000988126
0.000988773
0.000989474
0.00099021
0.00099096
0.000991705
0.000992426
0.000993116
0.000993773
0.00099441
0.000995046
0.000995712
0.000996439
0.00099726
0.0009982
0.000999279
0.0010005
0.00100188
0.00100343
0.0010052
0.0010073
0.00100998
0.00101366
0.00101904
0.00102715
0.00103942
0.00105767
0.00108393
0.00112021
0.00116801
0.00122784
0.00129907
0.00137989
0.00146733
0.00155799
0.00164851
0.00173597
0.00181748
0.00189064
0.00192387
0.00100336
0.00100303
0.00100271
0.00100238
0.00100205
0.00100172
0.00100138
0.00100105
0.00100071
0.00100037
0.00100003
0.000999691
0.00099935
0.000999008
0.000998666
0.000998323
0.000997978
0.000997632
0.000997283
0.000996934
0.000996584
0.000996233
0.00099588
0.000995527
0.000995172
0.000994814
0.000994454
0.000994091
0.000993725
0.000993356
0.000992982
0.000992604
0.000992221
0.000991833
0.00099144
0.00099104
0.000990635
0.000990224
0.000989809
0.000989391
0.00098897
0.00098855
0.000988133
0.000987722
0.00098732
0.000986932
0.000986562
0.000986213
0.000985892
0.000985603
0.000985351
0.000985142
0.000984983
0.000984877
0.000984832
0.000984851
0.000984939
0.000985096
0.000985322
0.000985612
0.000985959
0.000986352
0.000986777
0.000987218
0.000987659
0.00098809
0.000988503
0.000988902
0.000989301
0.000989729
0.000990225
0.000990837
0.000991619
0.00099262
0.000993878
0.000995412
0.000997219
0.000999274
0.00100153
0.00100396
0.00100654
0.00100928
0.00101231
0.00101586
0.00102032
0.00102631
0.00103471
0.00104669
0.00106366
0.00108715
0.00111869
0.00115952
0.00121013
0.00127015
0.0013383
0.00141255
0.00149041
0.00156877
0.00164418
0.00169298
0.00100326
0.00100293
0.0010026
0.00100227
0.00100194
0.0010016
0.00100126
0.00100092
0.00100058
0.00100023
0.000999889
0.000999542
0.000999194
0.000998845
0.000998496
0.000998145
0.000997793
0.00099744
0.000997086
0.000996731
0.000996376
0.000996019
0.00099566
0.000995295
0.000994926
0.000994551
0.000994171
0.000993786
0.000993396
0.000993
0.000992597
0.000992188
0.000991772
0.000991349
0.000990918
0.00099048
0.000990033
0.000989579
0.000989118
0.00098865
0.000988178
0.000987703
0.000987227
0.000986753
0.000986284
0.000985822
0.000985372
0.000984937
0.000984521
0.000984129
0.000983763
0.00098343
0.000983132
0.000982874
0.000982659
0.00098249
0.000982368
0.000982294
0.000982264
0.000982273
0.000982313
0.000982377
0.000982451
0.000982529
0.000982601
0.00098267
0.000982746
0.000982854
0.000983036
0.000983354
0.000983888
0.000984727
0.00098596
0.000987663
0.000989882
0.000992621
0.000995838
0.00099945
0.00100334
0.00100738
0.00101145
0.00101545
0.00101936
0.0010232
0.00102708
0.00103124
0.00103604
0.00104205
0.00104998
0.0010608
0.0010756
0.00109556
0.00112184
0.00115534
0.00119654
0.00124535
0.00130105
0.00136203
0.00142537
0.00147776
0.00100327
0.00100293
0.0010026
0.00100226
0.00100192
0.00100157
0.00100122
0.00100087
0.00100052
0.00100016
0.000999801
0.000999439
0.000999074
0.000998706
0.000998334
0.000997957
0.000997576
0.000997191
0.000996801
0.000996408
0.00099601
0.000995608
0.000995201
0.00099479
0.000994373
0.000993949
0.000993519
0.000993081
0.000992635
0.00099218
0.000991716
0.000991242
0.000990758
0.000990263
0.000989756
0.000989239
0.000988709
0.000988168
0.000987616
0.000987054
0.000986482
0.000985901
0.000985315
0.000984723
0.000984129
0.000983536
0.000982945
0.000982359
0.000981781
0.000981215
0.000980662
0.000980126
0.000979609
0.000979113
0.000978641
0.000978192
0.000977768
0.000977365
0.000976982
0.000976613
0.000976254
0.000975901
0.000975549
0.000975202
0.000974872
0.000974586
0.000974392
0.000974365
0.000974614
0.000975276
0.000976508
0.000978471
0.000981296
0.000985064
0.000989779
0.00099536
0.00100164
0.00100838
0.00101533
0.00102221
0.00102878
0.00103488
0.00104039
0.00104527
0.00104955
0.00105334
0.00105684
0.00106035
0.00106426
0.00106897
0.0010751
0.00108336
0.00109461
0.00110972
0.00112957
0.00115489
0.00118614
0.00122334
0.0012649
0.00130806
0.00100299
0.00100264
0.00100228
0.00100192
0.00100156
0.00100119
0.00100081
0.00100043
0.00100005
0.000999658
0.000999262
0.000998861
0.000998454
0.000998042
0.000997623
0.000997199
0.000996767
0.000996329
0.000995885
0.000995433
0.000994974
0.000994508
0.000994033
0.000993545
0.000993044
0.00099253
0.000992002
0.000991461
0.000990905
0.000990335
0.000989749
0.000989148
0.000988531
0.000987898
0.000987248
0.00098658
0.000985896
0.000985193
0.000984474
0.000983738
0.000982985
0.000982217
0.000981434
0.000980639
0.000979831
0.000979013
0.000978187
0.000977353
0.000976514
0.00097567
0.000974824
0.000973976
0.000973129
0.000972281
0.000971435
0.000970591
0.000969747
0.000968904
0.000968061
0.000967218
0.00096638
0.000965556
0.000964765
0.000964044
0.000963457
0.000963103
0.000963129
0.000963738
0.000965179
0.000967731
0.000971663
0.000977191
0.000984422
0.000993317
0.00100367
0.0010151
0.00102714
0.00103922
0.00105081
0.00106146
0.00107082
0.0010787
0.00108503
0.00108987
0.00109334
0.00109567
0.00109716
0.00109805
0.00109848
0.00109874
0.00109917
0.00110016
0.00110219
0.00110581
0.00111164
0.00112032
0.00113248
0.00114873
0.00116821
0.00119518
0.00100268
0.00100228
0.00100187
0.00100145
0.00100103
0.00100059
0.00100014
0.000999683
0.000999215
0.000998736
0.000998246
0.000997744
0.000997229
0.000996701
0.000996159
0.000995603
0.000995033
0.000994448
0.000993848
0.000993234
0.000992604
0.000991959
0.000991297
0.000990619
0.000989923
0.000989209
0.000988476
0.000987722
0.000986948
0.000986153
0.000985336
0.000984497
0.000983635
0.00098275
0.000981841
0.000980908
0.000979951
0.00097897
0.000977964
0.000976934
0.00097588
0.000974802
0.000973701
0.000972577
0.00097143
0.000970263
0.000969073
0.000967864
0.000966634
0.000965384
0.000964115
0.000962827
0.000961521
0.000960199
0.000958862
0.000957513
0.000956157
0.0009548
0.000953456
0.000952147
0.000950911
0.000949805
0.000948926
0.000948419
0.000948496
0.000949449
0.000951656
0.000955564
0.000961643
0.000970323
0.000981901
0.000996462
0.0010138
0.00103336
0.00105431
0.00107555
0.00109592
0.00111433
0.00112992
0.00114217
0.00115092
0.00115629
0.00115863
0.00115846
0.00115635
0.001153
0.00114872
0.00114367
0.0011381
0.00113224
0.00112633
0.00112058
0.00111523
0.00111054
0.00110683
0.00110443
0.00110372
0.00110525
0.00110804
0.00111865
0.00100106
0.00100052
0.000999969
0.000999398
0.000998807
0.000998198
0.000997569
0.00099692
0.00099625
0.00099556
0.00099485
0.000994118
0.000993365
0.00099259
0.000991793
0.000990974
0.000990133
0.000989269
0.000988383
0.000987474
0.000986542
0.000985587
0.000984603
0.000983589
0.000982547
0.000981475
0.000980375
0.000979245
0.000978086
0.000976898
0.000975681
0.000974434
0.000973158
0.000971852
0.000970516
0.000969151
0.000967756
0.000966331
0.000964877
0.000963392
0.000961878
0.000960334
0.000958761
0.000957158
0.000955525
0.000953862
0.00095217
0.000950449
0.0009487
0.000946923
0.000945122
0.000943298
0.000941457
0.000939608
0.000937764
0.000935942
0.000934174
0.000932505
0.000931003
0.000929773
0.000928969
0.000928814
0.000929623
0.000931826
0.000935972
0.000942732
0.00095285
0.000967061
0.000985965
0.0010099
0.00103876
0.00107186
0.00110783
0.00114464
0.00117978
0.0012107
0.00123522
0.00125195
0.00126054
0.00126154
0.00125613
0.00124582
0.00123227
0.00121702
0.00120167
0.00118637
0.00117128
0.0011566
0.00114243
0.00112883
0.00111582
0.00110342
0.00109167
0.00108058
0.00107022
0.00106069
0.00105208
0.00104466
0.00103797
0.00103649
0.000996647
0.000995745
0.000994811
0.000993845
0.000992845
0.000991811
0.000990744
0.000989643
0.000988509
0.000987341
0.000986141
0.000984906
0.000983636
0.000982331
0.000980993
0.00097962
0.000978214
0.000976776
0.000975305
0.000973802
0.000972267
0.000970701
0.000969103
0.000967473
0.000965812
0.00096412
0.000962396
0.000960641
0.000958856
0.000957041
0.000955195
0.00095332
0.000951416
0.000949484
0.000947523
0.000945534
0.000943518
0.000941474
0.000939404
0.000937308
0.000935186
0.000933039
0.000930868
0.000928673
0.000926456
0.000924218
0.000921964
0.000919696
0.000917423
0.000915153
0.0009129
0.000910686
0.000908539
0.000906504
0.000904641
0.000903039
0.000901823
0.000901172
0.000901334
0.000902647
0.000905571
0.000910707
0.000918822
0.000930842
0.000947817
0.000970857
0.00100093
0.0010387
0.00108427
0.00113687
0.0011945
0.0012537
0.00130961
0.00135667
0.00138979
0.00140556
0.00140315
0.00138452
0.00135369
0.00131522
0.00127317
0.00123135
0.00119315
0.00116014
0.00113109
0.00110541
0.00108253
0.00106197
0.00104334
0.00102629
0.00101057
0.000995951
0.000982272
0.000969412
0.000957295
0.000945874
0.000935137
0.000925125
0.000915733
0.000908417
0.000981815
0.000980085
0.000978307
0.000976483
0.000974612
0.000972697
0.000970739
0.00096874
0.000966699
0.00096462
0.000962502
0.000960349
0.00095816
0.000955937
0.000953682
0.000951396
0.000949081
0.000946737
0.000944368
0.000941969
0.000939539
0.000937079
0.000934591
0.000932076
0.000929536
0.000926973
0.000924388
0.000921782
0.000919157
0.000916514
0.000913856
0.000911183
0.000908497
0.000905799
0.000903092
0.000900377
0.000897656
0.00089493
0.000892204
0.000889479
0.00088676
0.000884051
0.000881358
0.00087869
0.000876057
0.000873473
0.000870957
0.000868534
0.000866241
0.000864122
0.000862242
0.000860686
0.000859569
0.000859043
0.000859315
0.000860654
0.000863415
0.000868057
0.000875166
0.000885468
0.000899848
0.000919352
0.000945108
0.000978196
0.00101953
0.00106939
0.00112687
0.00119
0.00125542
0.00131805
0.00137146
0.00140883
0.00142449
0.00141581
0.0013833
0.00133039
0.00126352
0.00119058
0.00111819
0.00105079
0.000991144
0.000945634
0.000912034
0.000886248
0.000866018
0.000849795
0.000836472
0.000825243
0.000815522
0.000806885
0.000799028
0.000791742
0.000784887
0.000778375
0.000772156
0.000766211
0.000760525
0.000755161
0.000750099
0.000746234
0.000939953
0.000936669
0.000933352
0.000930004
0.000926626
0.000923223
0.000919797
0.000916348
0.000912877
0.000909389
0.000905883
0.000902364
0.000898833
0.000895293
0.000891745
0.000888192
0.000884636
0.000881079
0.000877523
0.00087397
0.000870423
0.000866882
0.000863349
0.000859827
0.000856318
0.000852822
0.000849343
0.000845883
0.000842443
0.000839027
0.000835637
0.000832276
0.000828947
0.000825655
0.000822405
0.000819201
0.000816052
0.000812966
0.000809953
0.000807026
0.000804203
0.000801503
0.000798953
0.000796586
0.000794444
0.000792577
0.000791053
0.000789952
0.000789378
0.00078946
0.000790356
0.000792262
0.000795417
0.000800103
0.000806655
0.000815454
0.000826911
0.00084144
0.000859387
0.000880937
0.000905962
0.000933538
0.000961758
0.000987557
0.00100723
0.00101587
0.0010103
0.0009905
0.000958459
0.000917898
0.000873113
0.000827758
0.000784205
0.000743956
0.00070638
0.000670592
0.000636992
0.000606587
0.000579726
0.000557705
0.000547723
0.000545085
0.000547032
0.000551994
0.000558786
0.000566507
0.000574489
0.000582262
0.00058952
0.000596083
0.000601867
0.000606855
0.000611075
0.000614581
0.00061744
0.000619737
0.00062153
0.000623076
0.00062409
0.000630091
0.000831837
0.000826628
0.000821458
0.000816331
0.000811247
0.000806211
0.000801219
0.000796272
0.00079137
0.000786514
0.000781706
0.000776948
0.000772241
0.000767586
0.000762984
0.000758438
0.000753947
0.000749514
0.00074514
0.000740825
0.000736571
0.000732379
0.000728251
0.000724187
0.00072019
0.00071626
0.0007124
0.000708611
0.000704897
0.00070126
0.000697704
0.000694235
0.000690858
0.000687582
0.000684416
0.000681372
0.000678466
0.000675716
0.000673145
0.000670781
0.000668654
0.000666803
0.000665271
0.000664107
0.000663364
0.0006631
0.000663375
0.000664246
0.000665755
0.000667925
0.00067074
0.000674125
0.000677916
0.000681811
0.000685322
0.00068771
0.000687945
0.00068471
0.000676486
0.00066184
0.000639806
0.000609445
0.000571975
0.000530042
0.000487076
0.000446375
0.000411011
0.000381633
0.00035828
0.000340955
0.000329226
0.000322346
0.000319436
0.000319565
0.000321854
0.000325679
0.000330757
0.00033703
0.000348189
0.000366541
0.000387783
0.000410478
0.000433467
0.000455824
0.000476866
0.000496151
0.000513448
0.00052869
0.000541929
0.000553289
0.000562933
0.000571039
0.000577787
0.000583343
0.000587859
0.000591485
0.000594313
0.000596823
0.000597922
0.000612484
0.000598835
0.000592792
0.000586865
0.00058105
0.000575347
0.00056975
0.000564259
0.000558871
0.000553582
0.00054839
0.000543293
0.000538288
0.000533372
0.000528544
0.0005238
0.000519138
0.000514556
0.000510051
0.000505621
0.000501262
0.000496972
0.00049275
0.000488591
0.000484494
0.000480455
0.000476473
0.000472544
0.000468667
0.000464838
0.000461058
0.000457322
0.000453631
0.000449982
0.000446376
0.00044281
0.000439284
0.000435796
0.000432343
0.000428919
0.000425514
0.000422117
0.000418705
0.000415249
0.000411709
0.000408029
0.000404139
0.000399947
0.000395348
0.000390167
0.000384251
0.000377447
0.000369607
0.000360605
0.000350357
0.00033885
0.000326169
0.000312516
0.000298221
0.000283731
0.000269583
0.000256359
0.00024463
0.000234916
0.000227655
0.000223185
0.000221751
0.000223515
0.000228567
0.000236922
0.000248508
0.000263161
0.000280631
0.000300597
0.000322754
0.000346621
0.000371977
0.000400107
0.000433033
0.00046534
0.000493237
0.000516753
0.000536295
0.000552407
0.000565632
0.000576453
0.000585275
0.000592428
0.000598178
0.000602739
0.000606283
0.000608949
0.000610852
0.000612083
0.000612719
0.000612822
0.00061246
0.000611626
0.000610838
0.000608006
0.000626438
0.000259828
0.000256618
0.00025351
0.0002505
0.000247585
0.000244763
0.000242033
0.000239391
0.000236835
0.000234365
0.000231977
0.000229672
0.000227446
0.000225299
0.00022323
0.000221236
0.000219318
0.000217474
0.000215703
0.000214004
0.000212377
0.00021082
0.000209334
0.000207917
0.000206569
0.00020529
0.000204079
0.000202936
0.000201861
0.000200852
0.000199909
0.000199033
0.000198222
0.000197475
0.000196792
0.000196173
0.000195615
0.000195119
0.000194683
0.000194308
0.000193993
0.000193739
0.000193548
0.000193426
0.000193377
0.000193411
0.00019354
0.000193783
0.000194161
0.000194702
0.000195443
0.000196427
0.000197706
0.000199344
0.000201415
0.000204008
0.000207225
0.000211187
0.000216037
0.00022194
0.000229092
0.000237721
0.000248095
0.000260522
0.000275348
0.000292942
0.000313663
0.000337794
0.000365443
0.000396425
0.000430158
0.000465681
0.000501692
0.000536907
0.000569986
0.000597034
0.000614104
0.000620676
0.000621564
0.000619543
0.00061618
0.00061232
0.000608383
0.000604555
0.000600888
0.000597372
0.000593961
0.000590601
0.00058724
0.000583828
0.000580327
0.000576705
0.000572939
0.00056901
0.000564907
0.000560629
0.000556106
0.000551782
0.000544818
0.000557312
0.000180204
0.000181052
0.000181876
0.000182674
0.000183447
0.000184194
0.000184913
0.000185606
0.00018627
0.000186906
0.000187513
0.00018809
0.000188638
0.000189156
0.000189643
0.000190099
0.000190524
0.000190917
0.000191278
0.000191606
0.000191902
0.000192166
0.000192395
0.000192592
0.000192755
0.000192883
0.000192978
0.000193037
0.000193062
0.000193051
0.000193005
0.000192922
0.000192803
0.000192646
0.000192451
0.000192217
0.000191942
0.000191626
0.000191266
0.00019086
0.000190406
0.000189901
0.00018934
0.00018872
0.000188035
0.000187279
0.000186445
0.000185523
0.000184503
0.000183375
0.000182124
0.000180735
0.00017919
0.00017747
0.000175552
0.000173412
0.000171023
0.000168357
0.000165387
0.000162086
0.000158433
0.000154419
0.000150053
0.000145376
0.000140475
0.000135511
0.000130739
0.000126528
0.000123356
0.000121733
0.000122043
0.000124337
0.000128252
0.000133163
0.000138405
0.00014408
0.000152852
0.000160896
0.000167011
0.000171181
0.000173725
0.000175004
0.000175337
0.000174986
0.000174158
0.000173008
0.000171653
0.000170178
0.000168642
0.000167089
0.000165547
0.000164038
0.000162574
0.000161165
0.000159815
0.000158526
0.000157309
0.000156152
0.000155127
0.00015445
2.11393e-05
5.06829e-05
5.3789e-05
5.45205e-05
5.47175e-05
5.53801e-05
5.65807e-05
5.88373e-05
6.33492e-05
6.83704e-05
7.3414e-05
7.82952e-05
8.29725e-05
8.7452e-05
9.17539e-05
9.59014e-05
9.99165e-05
0.00010382
0.000107631
0.000111373
0.000115074
0.000118772
0.000122518
0.000126387
0.00013052
0.00013481
0.000139028
0.000143078
0.000146849
0.000150201
0.000152979
0.000154984
0.000156301
0.000157036
0.000156757
0.000154882
0.000151401
0.000145745
0.000138937
0.000134629
0.000133553
0.000138629
0.000165919
0.000195212
0.000218816
0.000237118
0.000251585
0.000263365
0.000273203
0.000281558
0.000288655
0.000294666
0.000299701
0.000303856
0.000307238
0.000309966
0.000312164
0.000313951
0.000315461
0.0003165
0.000317308
0.000318005
0.000318565
0.000318874
0.000318808
0.000318169
0.000316442
0.000311791
0.00030847
0.000312376
0.000325589
0.000339681
0.000360418
0.000368837
0.000371398
0.000369487
0.000364394
0.000357275
0.000349009
0.00034027
0.00033144
0.000322675
0.000314116
0.000305877
0.000298037
0.000290637
0.000283695
0.000277208
0.000271162
0.000265534
0.000260298
0.000255426
0.000250889
0.000246662
0.000242718
0.000239029
0.000235579
0.000232361
0.000229342
0.000226735
2.8757e-05
0.000146063
0.000264523
0.000344295
0.000388623
0.000408639
0.000416557
0.000420987
0.000426425
0.000434578
0.000446073
0.000461085
0.000479511
0.000500983
0.000524885
0.00055042
0.00057669
0.000602778
0.000627795
0.000650897
0.000671302
0.000688294
0.000701208
0.000709361
0.000712051
0.000712666
0.000713185
0.00071199
0.00070647
0.000693879
0.000677213
0.000660579
0.000647057
0.000638232
0.000633998
0.000633627
0.00065445
0.000707571
0.000757335
0.000732584
0.000683589
0.000649652
0.000624895
0.000627694
0.000668135
0.000742608
0.000846618
0.000974632
0.00112109
0.00128283
0.00143003
0.00156309
0.00167657
0.00176747
0.00183532
0.00188143
0.00190771
0.00191564
0.00190559
0.00188123
0.00184632
0.00180501
0.00175907
0.00170818
0.00165249
0.00159462
0.00153902
0.00148929
0.00145406
0.00145697
0.00151757
0.00163656
0.00177192
0.00186733
0.00190641
0.0019013
0.00186834
0.00181964
0.00176359
0.00170724
0.00163716
0.0015526
0.00146549
0.00138352
0.00131014
0.00124632
0.00119171
0.00114536
0.00110612
0.00107283
0.00104442
0.00101992
0.00099849
0.000979522
0.000962185
0.000945755
0.00092965
0.000915511
0.000897444
0.000911742
3.66158e-05
0.0002273
0.00040158
0.000516807
0.00059131
0.00063844
0.000669344
0.000692908
0.000715074
0.000738582
0.000764102
0.000791217
0.000819269
0.00084762
0.000875636
0.000902657
0.000928022
0.000951108
0.000971343
0.000988179
0.00100107
0.00100947
0.00101289
0.00101103
0.00100389
0.000991902
0.000976919
0.000963692
0.000949364
0.000929182
0.000900036
0.000872165
0.000855706
0.000853513
0.000865764
0.000889172
0.000919088
0.000940735
0.000891928
0.000811929
0.000762527
0.000763791
0.000817059
0.000920572
0.00106981
0.0012694
0.0015468
0.00183309
0.00206914
0.00227571
0.00244824
0.00258482
0.00268533
0.00275264
0.00279113
0.00280512
0.00279768
0.00277145
0.00272906
0.0026728
0.00260376
0.00252199
0.00242851
0.00232467
0.00221121
0.00208958
0.00196983
0.0018693
0.00181865
0.00186593
0.00203443
0.00226974
0.00249818
0.0026672
0.00276223
0.0027972
0.00279221
0.00276363
0.00272264
0.00267495
0.00260385
0.0025031
0.00239162
0.00228273
0.00218285
0.00209415
0.00201669
0.00194951
0.00189127
0.00184058
0.00179612
0.00175673
0.00172133
0.00168907
0.00165918
0.00163103
0.00160333
0.00157766
0.00154736
0.00157218
4.04762e-05
0.000264372
0.000475323
0.000622927
0.000726451
0.00080011
0.000854171
0.000895755
0.000929597
0.000958636
0.000984733
0.0010092
0.001033
0.00105672
0.00108045
0.00110392
0.0011266
0.0011479
0.00116715
0.0011837
0.00119688
0.00120605
0.00121063
0.00121015
0.00120437
0.00119328
0.00117725
0.00115682
0.00113967
0.00112423
0.0011066
0.00109338
0.00109403
0.00110984
0.00113947
0.00117542
0.00119499
0.001159
0.00105487
0.000953425
0.00091334
0.000950603
0.00104638
0.00117353
0.00141046
0.00175736
0.00212738
0.0024146
0.00265129
0.00284758
0.00300293
0.00311797
0.00319604
0.00324215
0.00326077
0.00325441
0.00322621
0.00317861
0.00311302
0.00303047
0.00293152
0.00281612
0.00268387
0.00253403
0.00236549
0.00217592
0.00199126
0.00183856
0.00177255
0.00186056
0.00212377
0.00249377
0.00285875
0.00313993
0.00331729
0.00340893
0.00344192
0.0034386
0.00341363
0.0033734
0.00331295
0.00321951
0.00311192
0.00300278
0.00289824
0.00280081
0.0027111
0.00262881
0.00255321
0.00248344
0.00241865
0.00235807
0.00230097
0.00224675
0.00219482
0.0021448
0.00209585
0.00204945
0.00200212
0.00202055
4.22579e-05
0.00028501
0.000523511
0.000696118
0.000820444
0.000910464
0.000976474
0.00102555
0.00106291
0.00109247
0.00111755
0.00114058
0.00116323
0.00118634
0.00121012
0.00123433
0.00125855
0.00128223
0.00130472
0.00132533
0.00134332
0.00135793
0.00136847
0.00137439
0.00137539
0.00137159
0.0013636
0.00135254
0.00133966
0.0013359
0.00133996
0.00135141
0.0013695
0.00139268
0.00141756
0.00143784
0.0014443
0.0014258
0.00137145
0.00130393
0.00126846
0.00128907
0.00135415
0.00151741
0.00184321
0.00223939
0.00256146
0.00281828
0.00302748
0.00319359
0.00331886
0.00340682
0.00346179
0.00348749
0.00348556
0.00345946
0.00341174
0.0033439
0.00325604
0.00314909
0.0030231
0.00287723
0.00271017
0.00252074
0.00230953
0.00208233
0.0018569
0.00166923
0.00158744
0.00169861
0.00204757
0.00256266
0.00308503
0.00349368
0.00375863
0.00390471
0.0039685
0.0039797
0.00395779
0.00391298
0.00384854
0.00376595
0.00367175
0.00356995
0.00346661
0.00336528
0.00326749
0.0031737
0.00308388
0.0029978
0.00291514
0.00283559
0.00275886
0.00268464
0.00261261
0.0025426
0.00247413
0.0024087
0.00234571
0.00235521
4.32605e-05
0.000295672
0.000554826
0.00074374
0.000878937
0.000975332
0.0010443
0.00109402
0.0011309
0.00115978
0.00118445
0.00120768
0.00123117
0.00125568
0.00128135
0.00130801
0.00133537
0.00136305
0.00139056
0.00141728
0.00144249
0.00146543
0.00148532
0.00150148
0.0015135
0.00152142
0.00152575
0.00152731
0.0015269
0.00152471
0.00152746
0.0015334
0.00154229
0.0015547
0.00157122
0.00159161
0.00161356
0.00163069
0.00164094
0.00164838
0.00166503
0.0017075
0.00180544
0.00201007
0.00230865
0.00261677
0.00287087
0.00307702
0.00324201
0.00336916
0.00346145
0.00352187
0.00355299
0.0035557
0.00353318
0.00348807
0.00342218
0.00333659
0.00323175
0.00310764
0.00296338
0.00279743
0.0026081
0.0023947
0.00215957
0.00191113
0.00167006
0.00147862
0.00140916
0.00155832
0.00199466
0.00264984
0.00331816
0.00383492
0.0041635
0.00433949
0.00441101
0.00441609
0.00437982
0.00431704
0.00423595
0.00414176
0.0040391
0.00393149
0.00382199
0.00371281
0.00360527
0.0035001
0.00339765
0.00329806
0.00320134
0.00310744
0.00301628
0.00292773
0.00284165
0.00275792
0.00267657
0.00259851
0.00252738
0.00252965
4.38386e-05
0.000301448
0.000573525
0.000769477
0.000905701
0.000999176
0.00106327
0.00110768
0.00113982
0.00116521
0.00118784
0.00121022
0.00123372
0.00125888
0.00128574
0.00131419
0.00134411
0.00137534
0.00140761
0.00144052
0.00147356
0.00150609
0.00153743
0.00156689
0.00159389
0.0016181
0.00163945
0.00165789
0.00167266
0.001682
0.00168891
0.00169262
0.00169378
0.00169449
0.00169781
0.00170621
0.00171939
0.00173179
0.00174879
0.00177467
0.00181983
0.00190428
0.00205976
0.00228627
0.00254065
0.00277812
0.0029789
0.00314283
0.00327229
0.00336969
0.00343737
0.00347728
0.00349038
0.00347857
0.00344407
0.00338852
0.00331306
0.00321831
0.00310429
0.00297037
0.00281521
0.00263713
0.00243486
0.00220913
0.00196492
0.00171499
0.00148519
0.00132049
0.001293
0.00150708
0.00204975
0.0028424
0.00362665
0.00420687
0.00455465
0.00472336
0.00477423
0.00475303
0.00468926
0.00460047
0.00449671
0.00438399
0.00426624
0.00414615
0.00402566
0.00390611
0.00378842
0.00367311
0.00356053
0.00345083
0.00334409
0.0032403
0.00313943
0.00304141
0.00294612
0.00285348
0.00276362
0.00267762
0.00260014
0.00259878
4.41472e-05
0.000304196
0.000581937
0.000775088
0.000901579
0.000982068
0.00103292
0.0010656
0.0010882
0.00110622
0.00112351
0.00114232
0.00116361
0.00118746
0.00121369
0.00124231
0.00127328
0.00130652
0.00134201
0.00137955
0.00141887
0.00145976
0.0015019
0.00154481
0.00158788
0.00163034
0.00167128
0.00170966
0.00174282
0.00176921
0.00178827
0.00179861
0.00180067
0.0017964
0.001789
0.00178193
0.00177624
0.00176791
0.00175917
0.00175975
0.00179511
0.00189031
0.00205606
0.00227186
0.00249768
0.00270404
0.00287965
0.00302313
0.00313585
0.00321983
0.00327692
0.00330834
0.00331522
0.00329935
0.00326211
0.00320449
0.00312706
0.00302998
0.00291282
0.00277462
0.00261402
0.00242979
0.00222202
0.00199399
0.00175468
0.00152156
0.00132327
0.00120396
0.00123805
0.00154507
0.00222296
0.00315091
0.00400815
0.00459521
0.00491402
0.00504186
0.00505159
0.00499334
0.00489766
0.00478202
0.0046561
0.00452528
0.0043927
0.00426023
0.00412911
0.00400012
0.00387378
0.00375039
0.00363015
0.00351315
0.00339941
0.00328891
0.00318158
0.00307736
0.00297613
0.00287782
0.00278258
0.00269169
0.00261011
0.00260659
4.4282e-05
0.000305687
0.000580722
0.000758991
0.000862652
0.000919367
0.000949606
0.000966214
0.000976901
0.000986183
0.000996918
0.00101065
0.00102828
0.00104982
0.00107477
0.00110311
0.00113468
0.00116925
0.00120701
0.00124735
0.00129021
0.00133605
0.00138517
0.00143757
0.00149287
0.00155013
0.00160771
0.0016634
0.00171464
0.00175905
0.00179311
0.00181601
0.00182785
0.00182947
0.00182251
0.00180899
0.00179031
0.00176606
0.00173278
0.0017128
0.00172822
0.00180005
0.00193481
0.00211449
0.00230744
0.00248898
0.00264763
0.00278003
0.00288599
0.00296638
0.00302211
0.00305393
0.00306337
0.0030515
0.00301891
0.00296584
0.00289222
0.00279767
0.00268149
0.00254282
0.00238091
0.00219591
0.00199022
0.00177048
0.00154958
0.00134756
0.00119209
0.00112662
0.00123602
0.00166393
0.00250255
0.00354747
0.00442101
0.00495948
0.00521291
0.00528117
0.00524274
0.00514691
0.00502191
0.00488313
0.00473873
0.00459301
0.00444822
0.00430561
0.00416587
0.00402939
0.00389639
0.003767
0.00364127
0.00351918
0.00340071
0.00328579
0.00317432
0.00306621
0.00296133
0.00285964
0.00276127
0.00266766
0.00258377
0.00257908
4.41994e-05
0.000303569
0.000568103
0.000713634
0.00077907
0.000804245
0.000812406
0.000815062
0.000817564
0.00082236
0.000830902
0.000843068
0.000859467
0.000880435
0.000905741
0.000935278
0.000968294
0.00100405
0.00104221
0.00108265
0.00112563
0.00117181
0.00122191
0.00127653
0.00133592
0.0013997
0.00146653
0.0015341
0.00159972
0.00166019
0.00171015
0.0017487
0.00177519
0.00178953
0.00179214
0.00178363
0.0017647
0.00173624
0.00169798
0.00166692
0.00166239
0.00170248
0.00179415
0.00192692
0.00207889
0.0022299
0.0023679
0.00248741
0.00258637
0.00266414
0.0027205
0.00275618
0.00277186
0.00276761
0.00274304
0.00269748
0.00263018
0.00254039
0.00242752
0.0022913
0.00213226
0.00195259
0.00175747
0.0015566
0.00136498
0.00120199
0.00109288
0.00108463
0.00128272
0.00185917
0.00286807
0.00398528
0.00481258
0.00526181
0.00543323
0.00543937
0.00535646
0.00522873
0.00508025
0.00492362
0.00476526
0.00460837
0.0044545
0.00430436
0.00415828
0.00401638
0.00387869
0.00374517
0.00361576
0.0034904
0.00336898
0.0032514
0.00313753
0.00302727
0.00292047
0.00281712
0.00271732
0.00262264
0.00253789
0.00253253
4.42303e-05
0.00030602
0.000535153
0.000622841
0.000642345
0.000641684
0.000638365
0.000638
0.000642028
0.000650534
0.000663245
0.000679742
0.000699844
0.000723463
0.000750768
0.000782156
0.000816564
0.000853047
0.000891115
0.000930636
0.000971855
0.00101539
0.00106212
0.00111302
0.00116899
0.00123056
0.00129727
0.00136751
0.00143907
0.00150689
0.00156734
0.00161899
0.0016603
0.00169017
0.001708
0.00171335
0.00170586
0.0016858
0.00165546
0.00162248
0.00160538
0.00161913
0.0016717
0.00175921
0.00186857
0.00198501
0.00209749
0.00219939
0.00228713
0.00235873
0.00241345
0.00245147
0.00247239
0.00247513
0.00245814
0.00241984
0.00235892
0.00227459
0.0021667
0.00203602
0.0018847
0.00171704
0.00154052
0.00136651
0.00120976
0.00108726
0.00102327
0.00107465
0.0013771
0.00212545
0.00328718
0.00441055
0.00513985
0.00548217
0.0055733
0.00552551
0.005407
0.00525516
0.00508958
0.00492026
0.00475212
0.00458747
0.00442731
0.00427202
0.00412165
0.00397616
0.00383544
0.00369936
0.00356778
0.00344057
0.0033176
0.00319873
0.00308381
0.00297273
0.00286534
0.00276165
0.00266174
0.00256726
0.00248281
0.00247687
4.44749e-05
0.000291398
0.00045635
0.000476021
0.000469477
0.000465977
0.000468964
0.000477849
0.000491533
0.000509128
0.000529912
0.000553451
0.000579447
0.000607588
0.000637682
0.000670035
0.000704359
0.000740169
0.000777074
0.00081481
0.000853382
0.000893188
0.000934959
0.000979684
0.00102853
0.00108278
0.00114236
0.00120627
0.0012719
0.00133704
0.00139977
0.00145822
0.00151038
0.00155425
0.00158803
0.00161007
0.001619
0.00161436
0.00159771
0.00157311
0.00155304
0.00155058
0.00157439
0.00162522
0.00169667
0.00177932
0.00186442
0.0019455
0.00201818
0.00207973
0.00212938
0.00216637
0.00218924
0.0021958
0.0021836
0.00215043
0.00209476
0.00201603
0.00191475
0.00179281
0.0016538
0.00150364
0.00135101
0.00120733
0.0010857
0.00100086
0.000979078
0.00109375
0.00151804
0.00244887
0.00371533
0.00477646
0.00538042
0.0056195
0.00564313
0.0055539
0.00540972
0.00524126
0.00506429
0.0048867
0.00471226
0.00454268
0.00437858
0.0042201
0.00406717
0.00391961
0.00377724
0.00363987
0.00350733
0.00337943
0.00325601
0.00313693
0.00302201
0.00291115
0.00280418
0.00270118
0.00260216
0.00250887
0.00242563
0.00241886
4.63081e-05
0.000270583
0.000317537
0.000318263
0.000323296
0.000335723
0.000353077
0.000373711
0.000396651
0.000421395
0.000447641
0.000475349
0.000504485
0.000534849
0.000566138
0.000598018
0.000630574
0.000664001
0.000698318
0.000733134
0.000768232
0.000803834
0.00084045
0.000878817
0.000919798
0.00096391
0.00101191
0.00106386
0.00111905
0.00117654
0.00123524
0.00129388
0.00135081
0.00140387
0.00145049
0.00148781
0.00151319
0.00152502
0.00152373
0.00151253
0.00149754
0.00148932
0.00149624
0.00152173
0.00156396
0.00161783
0.00167733
0.00173703
0.00179269
0.00184206
0.00188387
0.00191645
0.00193749
0.00194414
0.00193348
0.00190307
0.00185146
0.00177841
0.00168507
0.00157423
0.00145049
0.00132059
0.0011934
0.00107939
0.000989739
0.000938087
0.000955816
0.00113898
0.00170048
0.00280247
0.00410507
0.00505488
0.00553234
0.00568489
0.0056577
0.0055396
0.00537868
0.00519998
0.00501629
0.00483397
0.00465603
0.00448374
0.00431753
0.00415743
0.00400326
0.00385483
0.00371189
0.00357422
0.00344163
0.00331392
0.00319089
0.00307239
0.00295826
0.00284837
0.00274259
0.002641
0.00254363
0.00245228
0.00237095
0.00236287
5.36834e-05
0.000169171
0.000204233
0.00022737
0.000251088
0.000276446
0.000302179
0.000327866
0.000353542
0.00037939
0.000405653
0.000432659
0.000460677
0.000489308
0.000518448
0.000547746
0.000577036
0.000606451
0.000635803
0.000665172
0.00069484
0.000725065
0.000756158
0.00078852
0.000822644
0.000859051
0.000898297
0.000940754
0.00098652
0.00103554
0.00108763
0.00114242
0.00119905
0.00125583
0.00131015
0.00135857
0.00139744
0.00142389
0.00143693
0.00143833
0.00143259
0.00142609
0.00142621
0.0014374
0.00146042
0.00149312
0.00153178
0.00157232
0.00161202
0.001649
0.00168148
0.00170726
0.00172364
0.00172752
0.0017159
0.0016864
0.00163776
0.00157012
0.00148518
0.00138631
0.00127869
0.00116921
0.00106626
0.000978979
0.000917013
0.00089414
0.000949339
0.00120616
0.00191182
0.00314865
0.00441985
0.00523903
0.00560692
0.00569417
0.0056322
0.00549614
0.00532583
0.00514202
0.00495534
0.0047711
0.00459181
0.00441855
0.00425165
0.00409109
0.00393671
0.00378827
0.00364554
0.00350829
0.0033763
0.00324938
0.00312732
0.00300996
0.00289714
0.00278874
0.00268465
0.00258498
0.00248978
0.00240088
0.00232196
0.00231175
9.19425e-05
0.000166279
0.000189342
0.000221463
0.000249589
0.000274968
0.000298101
0.000319578
0.000340194
0.000360601
0.000381238
0.000402335
0.000423855
0.000446171
0.00046932
0.000493135
0.000517411
0.000542064
0.000567119
0.000592679
0.000618855
0.000645751
0.000673486
0.000702229
0.000732225
0.000763799
0.000797354
0.000833311
0.000872078
0.000914074
0.000959737
0.0010094
0.00106294
0.0011194
0.00117655
0.001231
0.00127869
0.00131595
0.00134065
0.00135313
0.00135635
0.00135517
0.00135477
0.00135978
0.00137214
0.00139123
0.00141479
0.00144096
0.001468
0.00149417
0.00151756
0.00153589
0.0015464
0.00154603
0.00153197
0.00150211
0.00145554
0.00139281
0.00131606
0.00122903
0.00113703
0.00104671
0.000965587
0.000901576
0.000863243
0.000865325
0.000955913
0.00128822
0.00213017
0.00344901
0.00464252
0.00533798
0.00562107
0.00566347
0.00558031
0.00543504
0.0052612
0.00507635
0.00488963
0.00470568
0.00452676
0.00435386
0.00418733
0.00402717
0.00387326
0.00372541
0.00358338
0.00344698
0.00331598
0.00319019
0.00306941
0.00295348
0.00284224
0.00273559
0.00263344
0.00253595
0.00244317
0.0023569
0.0022806
0.00226725
)
;

boundaryField
{
    outlet
    {
        type            calculated;
        value           nonuniform List<scalar> 
55
(
0.0022346
0.00221936
0.00222001
0.00223363
0.00225722
0.00228858
0.00232589
0.00236765
0.00241249
0.00245916
0.00250643
0.00255305
0.0025978
0.0026396
0.00267714
0.00270897
0.00273345
0.00274874
0.0027527
0.00274264
0.00271506
0.00266539
0.00258811
0.00247734
0.00232862
0.00214173
0.00192387
0.00169298
0.00147776
0.00130806
0.00119518
0.00111865
0.00103649
0.000908417
0.000746234
0.000630091
0.000612484
0.000626438
0.000557312
0.00015445
0.000226735
0.000911742
0.00157218
0.00202055
0.00235521
0.00252965
0.00259878
0.00260659
0.00257908
0.00253253
0.00247687
0.00241886
0.00236287
0.00231175
0.00226725
)
;
    }
    inlet
    {
        type            calculated;
        value           uniform 0.00101694;
    }
    lowerWall
    {
        type            nutkWallFunction;
        Cmu             0.09;
        kappa           0.41;
        E               9.8;
        value           nonuniform List<scalar> 
148
(
0
3.97747e-07
1.03823e-06
1.60381e-06
2.09682e-06
2.52085e-06
2.88034e-06
3.18056e-06
3.42738e-06
3.62685e-06
3.78494e-06
3.9073e-06
3.99912e-06
4.06513e-06
4.10948e-06
4.13585e-06
4.1474e-06
4.14685e-06
4.13651e-06
4.11837e-06
4.09407e-06
4.065e-06
4.03234e-06
3.99704e-06
3.95992e-06
3.92164e-06
3.88275e-06
3.84371e-06
3.80488e-06
3.76659e-06
3.72904e-06
3.69317e-06
3.67031e-06
0
0
0
0
0
0
0
0
0
0
0
0
0
1.17303e-06
7.11616e-06
0
4.27295e-07
8.97067e-07
1.02718e-06
1.14884e-06
1.32637e-06
1.59559e-06
2.06514e-06
2.79665e-06
3.56965e-06
4.32915e-06
5.05592e-06
5.74728e-06
6.40614e-06
7.0368e-06
7.64353e-06
8.23023e-06
8.80042e-06
9.35761e-06
9.90566e-06
1.04492e-05
1.09939e-05
1.15475e-05
1.21215e-05
1.27363e-05
1.33517e-05
1.39495e-05
1.45159e-05
1.50339e-05
1.54841e-05
1.58478e-05
1.6096e-05
1.6263e-05
1.63351e-05
1.62419e-05
1.59235e-05
1.536e-05
1.45161e-05
1.37035e-05
1.32681e-05
1.34018e-05
1.47512e-05
1.88664e-05
2.27475e-05
2.57573e-05
2.80602e-05
2.98711e-05
3.13415e-05
3.25657e-05
3.35995e-05
3.44723e-05
3.52063e-05
3.58167e-05
3.63179e-05
3.67255e-05
3.70557e-05
3.73243e-05
3.75473e-05
3.77431e-05
3.79037e-05
3.80456e-05
3.81762e-05
3.8288e-05
3.83688e-05
3.84056e-05
3.83672e-05
3.81778e-05
3.76928e-05
3.75738e-05
3.84962e-05
4.03251e-05
4.23078e-05
4.4086e-05
4.47528e-05
4.47631e-05
4.42932e-05
4.34992e-05
4.25081e-05
4.14142e-05
4.02832e-05
3.91476e-05
3.80274e-05
3.69398e-05
3.58973e-05
3.49074e-05
3.39741e-05
3.30984e-05
3.22794e-05
3.15147e-05
3.08014e-05
3.01361e-05
2.95151e-05
2.89349e-05
2.83921e-05
2.78833e-05
2.74057e-05
2.69562e-05
2.65343e-05
2.61368e-05
2.57923e-05
)
;
    }
    upperWall
    {
        type            nutkWallFunction;
        Cmu             0.09;
        kappa           0.41;
        E               9.8;
        value           nonuniform List<scalar> 
133
(
1.21798e-05
1.2646e-05
1.30841e-05
1.34973e-05
1.38882e-05
1.42588e-05
1.46106e-05
1.49449e-05
1.52626e-05
1.55648e-05
1.58522e-05
1.61256e-05
1.63858e-05
1.66332e-05
1.68687e-05
1.70926e-05
1.73057e-05
1.75083e-05
1.77011e-05
1.78844e-05
1.80587e-05
1.82245e-05
1.83821e-05
1.8532e-05
1.86746e-05
1.88101e-05
1.89389e-05
1.90615e-05
1.9178e-05
1.92887e-05
1.9394e-05
1.94942e-05
1.95902e-05
1.97096e-05
1.98263e-05
1.99396e-05
2.00494e-05
2.01555e-05
2.0258e-05
2.03567e-05
2.04517e-05
2.05427e-05
2.06298e-05
2.0713e-05
2.0792e-05
2.0867e-05
2.09377e-05
2.10043e-05
2.10666e-05
2.11246e-05
2.11782e-05
2.12274e-05
2.12722e-05
2.13125e-05
2.13483e-05
2.13796e-05
2.14063e-05
2.14283e-05
2.14457e-05
2.14583e-05
2.14662e-05
2.14693e-05
2.14676e-05
2.14609e-05
2.14493e-05
2.14325e-05
2.14106e-05
2.13834e-05
2.13507e-05
2.13124e-05
2.12682e-05
2.12179e-05
2.11612e-05
2.10977e-05
2.10268e-05
2.09481e-05
2.08609e-05
2.07643e-05
2.06575e-05
2.05393e-05
2.04085e-05
2.02635e-05
2.01026e-05
1.99238e-05
1.97248e-05
1.9503e-05
1.92554e-05
1.89786e-05
1.86692e-05
1.83231e-05
1.79362e-05
1.75046e-05
1.70244e-05
1.64931e-05
1.59096e-05
1.52764e-05
1.4601e-05
1.38989e-05
1.31969e-05
1.25366e-05
1.19766e-05
1.15878e-05
1.14391e-05
1.15719e-05
1.19744e-05
1.25812e-05
1.32993e-05
1.40512e-05
1.50541e-05
1.62883e-05
1.7335e-05
1.80955e-05
1.85928e-05
1.88785e-05
1.90034e-05
1.90105e-05
1.8934e-05
1.88e-05
1.86282e-05
1.84327e-05
1.8224e-05
1.80094e-05
1.7794e-05
1.75814e-05
1.7374e-05
1.71733e-05
1.69804e-05
1.6796e-05
1.662e-05
1.64539e-05
1.62962e-05
1.6156e-05
1.60625e-05
)
;
    }
    frontAndBack
    {
        type            empty;
    }
}


// ************************************************************************* //
