/*--------------------------------*- C++ -*----------------------------------*\
| =========                 |                                                 |
| \\      /  F ield         | OpenFOAM: The Open Source CFD Toolbox           |
|  \\    /   O peration     | Version:  4.1                                   |
|   \\  /    A nd           | Web:      www.OpenFOAM.org                      |
|    \\/     M anipulation  |                                                 |
\*---------------------------------------------------------------------------*/
FoamFile
{
    version     2.0;
    format      ascii;
    class       volScalarField;
    location    "400";
    object      p;
}
// * * * * * * * * * * * * * * * * * * * * * * * * * * * * * * * * * * * * * //

dimensions      [0 2 -2 0 0 0 0];

internalField   nonuniform List<scalar> 
6820
(
-8.70773
-8.96529
-9.06291
-9.08363
-9.11688
-9.16221
-9.20385
-9.24003
-9.27377
-9.30591
-9.336
-9.36392
-9.38992
-9.41426
-9.43713
-9.45869
-9.4791
-9.49851
-9.51706
-9.53486
-9.55203
-9.56866
-9.58484
-9.60064
-9.61614
-9.63141
-9.64654
-9.66158
-9.67669
-9.69178
-9.70794
-9.72293
-9.75462
-8.82052
-8.98657
-9.0653
-9.08619
-9.11314
-9.14841
-9.18004
-9.20698
-9.23231
-9.25707
-9.28097
-9.30387
-9.32595
-9.34735
-9.36813
-9.38831
-9.40796
-9.42711
-9.44582
-9.46411
-9.48204
-9.49964
-9.51695
-9.534
-9.55084
-9.56751
-9.58405
-9.60051
-9.61696
-9.63342
-9.65013
-9.66695
-9.68368
-8.87677
-8.98148
-9.05951
-9.09143
-9.11965
-9.15286
-9.18333
-9.20967
-9.23431
-9.25826
-9.28128
-9.30327
-9.32437
-9.3447
-9.36434
-9.38333
-9.40174
-9.41963
-9.43704
-9.45404
-9.47066
-9.48695
-9.50295
-9.51871
-9.53426
-9.54965
-9.56491
-9.58009
-9.59524
-9.61032
-9.62547
-9.64013
-9.65466
-8.92656
-9.00155
-9.07421
-9.10938
-9.13686
-9.16845
-9.19849
-9.22484
-9.24925
-9.27269
-9.29507
-9.31633
-9.33663
-9.35613
-9.37491
-9.39307
-9.41065
-9.42773
-9.44438
-9.46064
-9.47655
-9.49217
-9.50752
-9.52266
-9.53761
-9.55241
-9.5671
-9.58169
-9.59621
-9.61064
-9.62497
-9.63898
-9.65236
-8.96805
-9.01928
-9.0795
-9.11436
-9.14162
-9.17188
-9.20113
-9.22717
-9.25133
-9.27455
-9.29683
-9.31812
-9.33854
-9.35821
-9.37722
-9.39562
-9.41346
-9.4308
-9.44769
-9.46417
-9.48029
-9.49608
-9.51158
-9.52683
-9.54185
-9.55669
-9.57136
-9.58589
-9.60029
-9.61454
-9.62861
-9.6424
-9.65569
-9.00284
-9.03869
-9.08954
-9.12483
-9.1525
-9.18156
-9.20992
-9.23565
-9.25961
-9.28263
-9.30471
-9.32581
-9.34603
-9.36548
-9.38425
-9.40239
-9.41996
-9.43702
-9.45362
-9.46981
-9.48563
-9.50112
-9.51632
-9.53127
-9.54599
-9.56052
-9.57487
-9.58906
-9.6031
-9.61697
-9.63066
-9.64411
-9.65723
-9.03268
-9.05824
-9.10014
-9.13332
-9.1598
-9.18691
-9.21382
-9.23876
-9.26214
-9.28462
-9.30625
-9.32701
-9.34698
-9.36625
-9.38489
-9.40296
-9.42049
-9.43755
-9.45418
-9.47041
-9.48629
-9.50184
-9.5171
-9.53209
-9.54685
-9.56139
-9.57573
-9.58988
-9.60386
-9.61764
-9.63122
-9.64457
-9.65766
-9.05862
-9.0772
-9.11162
-9.14247
-9.1682
-9.19409
-9.22
-9.24442
-9.26744
-9.2896
-9.31097
-9.33154
-9.35135
-9.37048
-9.389
-9.40694
-9.42436
-9.44129
-9.45778
-9.47386
-9.48958
-9.50496
-9.52003
-9.53483
-9.54937
-9.56368
-9.57778
-9.59167
-9.60535
-9.61884
-9.6321
-9.64515
-9.65796
-9.08147
-9.0953
-9.1236
-9.15171
-9.17617
-9.20048
-9.22496
-9.24838
-9.27066
-9.29217
-9.313
-9.33311
-9.35253
-9.37134
-9.38958
-9.40728
-9.4245
-9.44126
-9.45761
-9.47357
-9.48918
-9.50447
-9.51945
-9.53416
-9.54862
-9.56283
-9.57682
-9.59059
-9.60415
-9.61749
-9.6306
-9.64351
-9.65619
-9.10184
-9.11238
-9.13574
-9.16105
-9.18414
-9.20708
-9.23034
-9.25296
-9.27468
-9.29572
-9.31616
-9.33597
-9.35516
-9.37377
-9.39185
-9.40942
-9.42652
-9.44317
-9.4594
-9.47526
-9.49075
-9.50591
-9.52077
-9.53533
-9.54962
-9.56366
-9.57745
-9.591
-9.60433
-9.61741
-9.63027
-9.64289
-9.65526
-9.12018
-9.12838
-9.1478
-9.17044
-9.19204
-9.21361
-9.23558
-9.25721
-9.27816
-9.29855
-9.31841
-9.33773
-9.3565
-9.37475
-9.3925
-9.40978
-9.42662
-9.44303
-9.45905
-9.4747
-9.49001
-9.50499
-9.51966
-9.53405
-9.54817
-9.56202
-9.57563
-9.58899
-9.60212
-9.615
-9.62764
-9.64005
-9.65223
-9.13679
-9.1433
-9.15959
-9.17976
-9.19985
-9.2201
-9.24085
-9.26153
-9.28175
-9.30154
-9.32091
-9.33982
-9.35826
-9.37622
-9.39374
-9.41081
-9.42747
-9.44372
-9.4596
-9.47511
-9.49028
-9.50513
-9.51966
-9.53391
-9.54787
-9.56156
-9.57498
-9.58815
-9.60106
-9.61372
-9.62612
-9.63827
-9.65014
-9.15192
-9.15718
-9.17097
-9.18894
-9.20752
-9.2265
-9.24608
-9.26579
-9.28524
-9.30437
-9.32317
-9.34158
-9.35958
-9.37717
-9.39434
-9.41111
-9.42748
-9.44347
-9.4591
-9.47438
-9.48933
-9.50395
-9.51827
-9.53229
-9.54603
-9.5595
-9.57269
-9.58562
-9.59829
-9.6107
-9.62285
-9.63474
-9.64637
-9.16575
-9.17005
-9.18186
-9.19789
-9.21502
-9.23279
-9.25125
-9.27001
-9.28869
-9.30717
-9.32541
-9.34335
-9.36095
-9.37818
-9.39505
-9.41154
-9.42768
-9.44345
-9.45888
-9.47397
-9.48874
-9.50319
-9.51734
-9.53118
-9.54474
-9.55802
-9.57102
-9.58375
-9.59621
-9.60839
-9.62031
-9.63194
-9.64329
-9.17841
-9.18197
-9.19217
-9.20652
-9.2223
-9.23892
-9.25632
-9.27416
-9.29208
-9.3099
-9.32757
-9.34501
-9.36216
-9.379
-9.39552
-9.4117
-9.42754
-9.44304
-9.4582
-9.47305
-9.48757
-9.50178
-9.51569
-9.5293
-9.54262
-9.55565
-9.5684
-9.58088
-9.59307
-9.60499
-9.61663
-9.62799
-9.63906
-9.18999
-9.19297
-9.20187
-9.21476
-9.22931
-9.24485
-9.26126
-9.27822
-9.29538
-9.31256
-9.32966
-9.3466
-9.36332
-9.37978
-9.39595
-9.41181
-9.42737
-9.44261
-9.45754
-9.47215
-9.48645
-9.50045
-9.51415
-9.52755
-9.54066
-9.55348
-9.56601
-9.57826
-9.59023
-9.60191
-9.6133
-9.62441
-9.63521
-9.20057
-9.20308
-9.21092
-9.22257
-9.236
-9.25053
-9.26602
-9.28215
-9.29858
-9.31513
-9.33167
-9.34811
-9.36439
-9.38045
-9.39626
-9.4118
-9.42705
-9.44201
-9.45666
-9.47101
-9.48506
-9.49881
-9.51226
-9.52541
-9.53827
-9.55084
-9.56311
-9.5751
-9.5868
-9.59821
-9.60933
-9.62016
-9.63069
-9.2102
-9.21232
-9.2193
-9.22989
-9.24231
-9.25593
-9.27056
-9.2859
-9.30165
-9.31758
-9.33357
-9.34953
-9.36537
-9.38104
-9.39649
-9.4117
-9.42665
-9.44132
-9.45571
-9.4698
-9.4836
-9.49711
-9.51032
-9.52324
-9.53587
-9.5482
-9.56024
-9.57199
-9.58344
-9.5946
-9.60547
-9.61604
-9.62631
-9.21891
-9.22073
-9.22699
-9.23667
-9.2482
-9.26099
-9.27483
-9.28945
-9.30454
-9.31989
-9.33536
-9.35084
-9.36625
-9.38153
-9.39663
-9.41151
-9.42615
-9.44053
-9.45463
-9.46846
-9.482
-9.49525
-9.50821
-9.52088
-9.53325
-9.54532
-9.5571
-9.56859
-9.57978
-9.59068
-9.60127
-9.61157
-9.62156
-9.22674
-9.22829
-9.23396
-9.24288
-9.25363
-9.26567
-9.2788
-9.29275
-9.30723
-9.32203
-9.33699
-9.35202
-9.36702
-9.38192
-9.39666
-9.41121
-9.42555
-9.43963
-9.45347
-9.46702
-9.48031
-9.4933
-9.50601
-9.51843
-9.53055
-9.54238
-9.55391
-9.56515
-9.57609
-9.58673
-9.59707
-9.60711
-9.61684
-9.23367
-9.23502
-9.24019
-9.24847
-9.25855
-9.26993
-9.28242
-9.29577
-9.30969
-9.32397
-9.33846
-9.35306
-9.36766
-9.38218
-9.39659
-9.41082
-9.42485
-9.43864
-9.4522
-9.46549
-9.47851
-9.49124
-9.5037
-9.51586
-9.52773
-9.5393
-9.55058
-9.56156
-9.57224
-9.58262
-9.5927
-9.60248
-9.61194
-9.23973
-9.2409
-9.24567
-9.25341
-9.26292
-9.27372
-9.28565
-9.29846
-9.31187
-9.32568
-9.33974
-9.35392
-9.36814
-9.38232
-9.39639
-9.41031
-9.42404
-9.43755
-9.45083
-9.46385
-9.47661
-9.48909
-9.50129
-9.5132
-9.52482
-9.53614
-9.54717
-9.55789
-9.56832
-9.57845
-9.58827
-9.59779
-9.60701
-9.24488
-9.24591
-9.25036
-9.25766
-9.26669
-9.27701
-9.28845
-9.30078
-9.31374
-9.32712
-9.34078
-9.35459
-9.36846
-9.3823
-9.39605
-9.40967
-9.42312
-9.43635
-9.44936
-9.46212
-9.47462
-9.48685
-9.4988
-9.51046
-9.52183
-9.5329
-9.54368
-9.55415
-9.56433
-9.57421
-9.58378
-9.59305
-9.60202
-9.24911
-9.25003
-9.25423
-9.26119
-9.26983
-9.27974
-9.29077
-9.3027
-9.31526
-9.32827
-9.34157
-9.35504
-9.36858
-9.38211
-9.39556
-9.40889
-9.42206
-9.43503
-9.44777
-9.46028
-9.47252
-9.4845
-9.49619
-9.5076
-9.51872
-9.52955
-9.54008
-9.5503
-9.56023
-9.56986
-9.57918
-9.5882
-9.59692
-9.25238
-9.25323
-9.25723
-9.26393
-9.27228
-9.28187
-9.29257
-9.30416
-9.31639
-9.32907
-9.34205
-9.35522
-9.36846
-9.38171
-9.39489
-9.40795
-9.42086
-9.43357
-9.44606
-9.45832
-9.47032
-9.48205
-9.49351
-9.50468
-9.51557
-9.52615
-9.53644
-9.54644
-9.55613
-9.56552
-9.57461
-9.5834
-9.59188
-9.25463
-9.25543
-9.25931
-9.26583
-9.27396
-9.28332
-9.29377
-9.3051
-9.31706
-9.32947
-9.34219
-9.35509
-9.36807
-9.38106
-9.39398
-9.40679
-9.41945
-9.43191
-9.44416
-9.45617
-9.46793
-9.47942
-9.49064
-9.50157
-9.5122
-9.52255
-9.53259
-9.54234
-9.55179
-9.56093
-9.56978
-9.57833
-9.58658
-9.25579
-9.25657
-9.26038
-9.2668
-9.27482
-9.28403
-9.29431
-9.30545
-9.31721
-9.32941
-9.34191
-9.35459
-9.36735
-9.38011
-9.39281
-9.4054
-9.41783
-9.43008
-9.4421
-9.45389
-9.46543
-9.47671
-9.4877
-9.49841
-9.50884
-9.51896
-9.52879
-9.53832
-9.54756
-9.55649
-9.56512
-9.57345
-9.58148
-9.25579
-9.25658
-9.2604
-9.26681
-9.27481
-9.28397
-9.29417
-9.3052
-9.31684
-9.3289
-9.34123
-9.35373
-9.36631
-9.37887
-9.39136
-9.40374
-9.41595
-9.42797
-9.43977
-9.45133
-9.46264
-9.47368
-9.48444
-9.49492
-9.5051
-9.51499
-9.52458
-9.53388
-9.54287
-9.55157
-9.55997
-9.56807
-9.57589
-9.25453
-9.25538
-9.25929
-9.26581
-9.2739
-9.28312
-9.29334
-9.30436
-9.31596
-9.32794
-9.34018
-9.35256
-9.365
-9.37742
-9.38976
-9.40197
-9.41401
-9.42586
-9.43749
-9.44887
-9.46
-9.47085
-9.48143
-9.49172
-9.50172
-9.51142
-9.52082
-9.52993
-9.53873
-9.54723
-9.55544
-9.56334
-9.57094
-9.25189
-9.25284
-9.25694
-9.26371
-9.27202
-9.28143
-9.29178
-9.30289
-9.31452
-9.32649
-9.33867
-9.35097
-9.36329
-9.37556
-9.38774
-9.39978
-9.41163
-9.42328
-9.4347
-9.44587
-9.45678
-9.46741
-9.47776
-9.48782
-9.49759
-9.50707
-9.51624
-9.52512
-9.53369
-9.54197
-9.54996
-9.55767
-9.56509
-9.24768
-9.2488
-9.25323
-9.26041
-9.26912
-9.27885
-9.28946
-9.30078
-9.31256
-9.32464
-9.33688
-9.3492
-9.36151
-9.37375
-9.38587
-9.39782
-9.40958
-9.42112
-9.43242
-9.44346
-9.45423
-9.46472
-9.47492
-9.48483
-9.49445
-9.50376
-9.51278
-9.52149
-9.5299
-9.53801
-9.54583
-9.55333
-9.56052
-9.24168
-9.24305
-9.24801
-9.25583
-9.26512
-9.27533
-9.28632
-9.29792
-9.30989
-9.32207
-9.33435
-9.34665
-9.35889
-9.37104
-9.38303
-9.39484
-9.40643
-9.4178
-9.42891
-9.43976
-9.45033
-9.46062
-9.47062
-9.48032
-9.48972
-9.49883
-9.50763
-9.51614
-9.52434
-9.53226
-9.53988
-9.54723
-9.55431
-9.23355
-9.2353
-9.24107
-9.24984
-9.25998
-9.2709
-9.28252
-9.29466
-9.30708
-9.3196
-9.33213
-9.34461
-9.35698
-9.36919
-9.38121
-9.39301
-9.40456
-9.41587
-9.4269
-9.43766
-9.44812
-9.45829
-9.46817
-9.47774
-9.48701
-9.49597
-9.50463
-9.51298
-9.52103
-9.52878
-9.53623
-9.54337
-9.55019
-9.22283
-9.22519
-9.23222
-9.24237
-9.25354
-9.26517
-9.27734
-9.28991
-9.30263
-9.31534
-9.32798
-9.34051
-9.35287
-9.36504
-9.37699
-9.38869
-9.40014
-9.41131
-9.42219
-9.43279
-9.44309
-9.4531
-9.4628
-9.4722
-9.48129
-9.49008
-9.49856
-9.50675
-9.51463
-9.52223
-9.52954
-9.53658
-9.54336
-9.20882
-9.21214
-9.22121
-9.23354
-9.24647
-9.25952
-9.2729
-9.28644
-9.29985
-9.31306
-9.32605
-9.33881
-9.35133
-9.36357
-9.37554
-9.38722
-9.39862
-9.40972
-9.42051
-9.431
-9.44119
-9.45106
-9.46062
-9.46987
-9.47881
-9.48744
-9.49576
-9.50378
-9.51149
-9.5189
-9.526
-9.53279
-9.53927
-9.19042
-9.19551
-9.2076
-9.2221
-9.23604
-9.2499
-9.26418
-9.27848
-9.29243
-9.30601
-9.31929
-9.33226
-9.34489
-9.3572
-9.36918
-9.38083
-9.39216
-9.40318
-9.41387
-9.42425
-9.43431
-9.44406
-9.4535
-9.46263
-9.47144
-9.47995
-9.48816
-9.49606
-9.50367
-9.51098
-9.51801
-9.52477
-9.53127
-9.16549
-9.17464
-9.19403
-9.21377
-9.2302
-9.24558
-9.2611
-9.2762
-9.29057
-9.30435
-9.31772
-9.33071
-9.3433
-9.35551
-9.36737
-9.37889
-9.39007
-9.40091
-9.41143
-9.42162
-9.43148
-9.44102
-9.45025
-9.45915
-9.46775
-9.47603
-9.484
-9.49167
-9.49904
-9.50612
-9.5129
-9.51938
-9.52557
-9.13054
-9.1442
-9.16982
-9.19308
-9.21203
-9.23004
-9.24766
-9.2641
-9.2793
-9.29366
-9.30741
-9.3206
-9.33326
-9.34546
-9.35726
-9.36869
-9.37977
-9.3905
-9.40092
-9.41101
-9.42079
-9.43026
-9.43942
-9.44827
-9.45682
-9.46507
-9.47302
-9.48068
-9.48803
-9.49509
-9.50185
-9.50829
-9.5144
-9.08315
-9.13081
-9.17019
-9.19045
-9.20672
-9.22506
-9.24302
-9.25895
-9.2735
-9.28741
-9.30083
-9.3137
-9.32606
-9.33797
-9.3495
-9.36067
-9.37148
-9.38197
-9.39213
-9.40198
-9.41153
-9.42078
-9.42973
-9.43839
-9.44676
-9.45485
-9.46265
-9.47019
-9.47747
-9.4845
-9.49131
-9.49796
-9.50445
-8.94881
-9.07099
-9.14564
-9.16985
-9.18616
-9.20717
-9.22764
-9.24483
-9.26014
-9.27494
-9.28944
-9.30353
-9.31723
-9.33061
-9.34373
-9.35658
-9.36915
-9.38143
-9.39341
-9.40509
-9.41646
-9.42751
-9.43823
-9.44861
-9.45866
-9.46837
-9.47773
-9.48675
-9.49542
-9.50374
-9.51171
-9.51931
-9.52666
-9.79987
-9.92779
-10.134
-10.236
-10.3435
-10.4486
-10.5317
-10.5993
-10.6564
-10.7034
-10.7408
-10.7701
-10.7928
-10.8113
-10.8281
-10.845
-10.8606
-10.8699
-10.8766
-10.8835
-10.8917
-10.9022
-10.916
-10.9335
-10.954
-10.9761
-10.9963
-11.0102
-11.012
-10.9955
-10.954
-10.8814
-10.7739
-10.6324
-10.4661
-10.2939
-10.1424
-10.043
-10.0253
-10.1105
-10.3054
-10.5968
-10.954
-11.3386
-11.7166
-12.0639
-12.3666
-12.6172
-12.8125
-12.9522
-13.0377
-13.0717
-13.057
-12.9972
-12.8961
-12.7572
-12.5832
-12.3746
-12.1292
-11.8415
-11.5015
-11.095
-10.6034
-10.0042
-9.27411
-8.39738
-7.36755
-6.22691
-5.12832
-4.22687
-3.53023
-2.95369
-2.44664
-2.00048
-1.61888
-1.30383
-1.05247
-0.857889
-0.711007
-0.602226
-0.522588
-0.464363
-0.421266
-0.388423
-0.362196
-0.339989
-0.319985
-0.301033
-0.282316
-0.263514
-0.244155
-0.224521
-0.20369
-0.183118
-0.159363
-0.138412
-0.106314
-0.0892694
-0.0283797
-0.0491047
-9.71132
-9.74779
-9.83162
-9.87601
-9.92802
-9.9958
-10.0648
-10.1332
-10.2017
-10.2673
-10.3276
-10.3818
-10.4301
-10.4737
-10.5141
-10.5525
-10.5892
-10.6185
-10.6424
-10.6637
-10.6845
-10.7059
-10.729
-10.7543
-10.7813
-10.8084
-10.8325
-10.8493
-10.8534
-10.8389
-10.7995
-10.7299
-10.6269
-10.4926
-10.3366
-10.1775
-10.0412
-9.95713
-9.95261
-10.0466
-10.2441
-10.5325
-10.8828
-11.2589
-11.6285
-11.9683
-12.2644
-12.5092
-12.6996
-12.835
-12.9169
-12.9476
-12.9301
-12.8681
-12.7652
-12.6247
-12.4488
-12.2376
-11.9887
-11.6963
-11.3504
-10.937
-10.4383
-9.83326
-9.10063
-8.22689
-7.20777
-6.08702
-5.00185
-4.10158
-3.40938
-2.84517
-2.35493
-1.92662
-1.56168
-1.26094
-1.02108
-0.835261
-0.69477
-0.590491
-0.51393
-0.45776
-0.416009
-0.384041
-0.358382
-0.336558
-0.316826
-0.298091
-0.27957
-0.260965
-0.241813
-0.222416
-0.201829
-0.181573
-0.15807
-0.137622
-0.105587
-0.0897422
-0.0276169
-0.052776
-9.67031
-9.68231
-9.71989
-9.74544
-9.76838
-9.80182
-9.84002
-9.88017
-9.92315
-9.96805
-10.0132
-10.0578
-10.1016
-10.145
-10.1886
-10.233
-10.2776
-10.3195
-10.3569
-10.3913
-10.4244
-10.4573
-10.4909
-10.5255
-10.5604
-10.5942
-10.6239
-10.6455
-10.6537
-10.6431
-10.6081
-10.5441
-10.4488
-10.3251
-10.1828
-10.0398
-9.92045
-9.85217
-9.86004
-9.96107
-10.1591
-10.4418
-10.7827
-11.1484
-11.5088
-11.8413
-12.1317
-12.3719
-12.5585
-12.6907
-12.77
-12.7987
-12.78
-12.7172
-12.6137
-12.4725
-12.2955
-12.0825
-11.8309
-11.5347
-11.184
-10.7652
-10.2616
-9.65361
-8.92258
-8.05662
-7.05376
-5.96056
-4.90086
-4.01227
-3.32515
-2.76859
-2.29
-1.87488
-1.52253
-1.23259
-1.00133
-0.821947
-0.686007
-0.584772
-0.510122
-0.455056
-0.413864
-0.382105
-0.356449
-0.33452
-0.314644
-0.295769
-0.277136
-0.258466
-0.239297
-0.219944
-0.199432
-0.179338
-0.155944
-0.135856
-0.103799
-0.0889624
-0.0259957
-0.0545412
-9.66714
-9.68402
-9.71466
-9.7407
-9.7596
-9.78148
-9.80508
-9.82787
-9.85088
-9.87471
-9.89893
-9.92337
-9.94844
-9.97484
-10.0033
-10.0344
-10.0679
-10.1025
-10.1357
-10.168
-10.2004
-10.2336
-10.2682
-10.304
-10.3403
-10.3754
-10.4064
-10.4295
-10.4398
-10.4321
-10.4015
-10.3439
-10.2577
-10.1462
-10.0191
-9.89298
-9.79057
-9.73689
-9.75473
-9.85935
-10.054
-10.3278
-10.6566
-11.0102
-11.3598
-11.6839
-11.968
-12.2038
-12.3876
-12.5182
-12.5967
-12.6253
-12.6069
-12.5448
-12.4423
-12.3019
-12.1254
-11.9121
-11.6593
-11.3607
-11.0069
-10.5849
-10.079
-9.47148
-8.746
-7.89246
-6.91056
-5.84646
-4.81218
-3.93577
-3.25327
-2.70235
-2.23306
-1.82923
-1.48801
-1.20775
-0.984219
-0.810617
-0.678752
-0.580224
-0.507248
-0.453119
-0.412359
-0.380712
-0.354976
-0.332872
-0.312789
-0.293721
-0.274934
-0.256173
-0.236974
-0.217671
-0.197265
-0.177376
-0.154193
-0.134522
-0.102672
-0.0887806
-0.0255688
-0.0566364
-9.67104
-9.68883
-9.71238
-9.73422
-9.75124
-9.76956
-9.78972
-9.80959
-9.82916
-9.84866
-9.86761
-9.88575
-9.90337
-9.9211
-9.93967
-9.95969
-9.98134
-10.004
-10.0264
-10.0488
-10.072
-10.0965
-10.1228
-10.1506
-10.1794
-10.2075
-10.2323
-10.2501
-10.2566
-10.2471
-10.2171
-10.163
-10.0839
-9.98309
-9.8696
-9.75879
-9.6711
-9.62912
-9.6534
-9.75771
-9.94506
-10.2056
-10.5182
-10.8556
-11.1915
-11.505
-11.7817
-12.0128
-12.1937
-12.323
-12.4014
-12.4309
-12.4141
-12.3542
-12.254
-12.1158
-11.9409
-11.7286
-11.4757
-11.1763
-10.821
-10.3978
-9.89221
-9.28839
-8.57208
-7.73499
-6.77881
-5.74776
-4.74304
-3.8811
-3.20269
-2.65566
-2.19325
-1.79812
-1.46559
-1.19284
-0.975155
-0.805744
-0.676637
-0.579737
-0.507559
-0.453651
-0.412738
-0.380713
-0.354487
-0.331855
-0.311259
-0.291727
-0.272547
-0.253477
-0.234056
-0.214623
-0.194165
-0.174326
-0.151228
-0.131833
-0.100145
-0.0870566
-0.0240352
-0.0566059
-9.67246
-9.69002
-9.71063
-9.7316
-9.75005
-9.76865
-9.78819
-9.80723
-9.82537
-9.84282
-9.85936
-9.87487
-9.88957
-9.90394
-9.91852
-9.93377
-9.94979
-9.96621
-9.98251
-9.99852
-10.0148
-10.032
-10.0502
-10.0695
-10.0892
-10.1079
-10.1234
-10.1326
-10.1317
-10.1166
-10.0836
-10.0297
-9.95461
-9.86144
-9.75852
-9.65961
-9.58284
-9.54828
-9.57419
-9.67298
-9.84762
-10.0899
-10.3817
-10.6987
-11.017
-11.3167
-11.5833
-11.8079
-11.9851
-12.1131
-12.1918
-12.223
-12.2087
-12.1519
-12.0549
-11.9199
-11.7477
-11.5373
-11.2854
-10.9863
-10.6311
-10.2086
-9.70556
-9.10806
-8.40388
-7.58632
-6.65887
-5.6624
-4.68835
-3.84197
-3.16651
-2.62154
-2.16418
-1.77604
-1.45071
-1.18418
-0.971274
-0.805152
-0.678057
-0.582177
-0.510306
-0.456231
-0.414862
-0.382225
-0.355325
-0.332021
-0.310798
-0.29071
-0.271064
-0.251625
-0.231937
-0.21234
-0.191815
-0.172018
-0.149036
-0.129914
-0.0985222
-0.0860523
-0.0237896
-0.0569443
-9.67283
-9.69044
-9.70964
-9.72926
-9.74727
-9.7648
-9.78274
-9.80039
-9.81737
-9.83376
-9.84946
-9.86432
-9.87845
-9.89215
-9.90578
-9.91961
-9.93371
-9.94785
-9.96167
-9.97501
-9.98822
-10.0017
-10.0155
-10.0296
-10.0432
-10.0553
-10.0637
-10.0658
-10.0585
-10.0383
-10.0022
-9.94811
-9.87592
-9.78891
-9.69465
-9.6053
-9.53677
-9.50661
-9.53088
-9.62064
-9.7789
-9.99905
-10.2656
-10.5578
-10.8539
-11.1355
-11.3887
-11.6038
-11.7753
-11.9003
-11.9784
-12.0106
-11.9988
-11.9451
-11.8517
-11.7201
-11.551
-11.3429
-11.0928
-10.7948
-10.4408
-10.0204
-9.52174
-8.93264
-8.2428
-7.4471
-6.55065
-5.59063
-4.6487
-3.81981
-3.14748
-2.60299
-2.14859
-1.76535
-1.44531
-1.18335
-0.973798
-0.809761
-0.683654
-0.587922
-0.515619
-0.46075
-0.418395
-0.384702
-0.356758
-0.332475
-0.310369
-0.289513
-0.269219
-0.249256
-0.229166
-0.209285
-0.188592
-0.168737
-0.145815
-0.126877
-0.0958366
-0.0838978
-0.0227073
-0.05596
-9.67272
-9.68992
-9.70802
-9.72638
-9.74399
-9.76121
-9.77863
-9.79589
-9.81256
-9.82859
-9.84389
-9.85835
-9.87204
-9.88518
-9.89803
-9.91082
-9.92358
-9.93619
-9.94839
-9.96011
-9.9715
-9.98278
-9.99398
-10.0048
-10.0147
-10.0225
-10.0264
-10.0241
-10.0129
-9.98998
-9.95294
-9.90025
-9.8323
-9.75227
-9.66703
-9.58725
-9.52673
-9.50059
-9.52272
-9.6028
-9.74377
-9.94041
-10.1799
-10.4445
-10.7153
-10.9754
-11.2114
-11.4139
-11.5766
-11.6965
-11.7722
-11.8042
-11.7936
-11.7423
-11.6517
-11.5231
-11.3566
-11.1508
-10.9023
-10.6058
-10.2536
-9.83617
-9.34314
-8.76386
-8.08985
-7.31752
-6.4533
-5.53062
-4.62134
-3.8111
-3.1427
-2.59788
-2.14486
-1.76478
-1.44842
-1.18965
-0.982278
-0.819357
-0.693434
-0.597185
-0.523892
-0.467761
-0.424026
-0.388947
-0.359682
-0.33419
-0.311009
-0.289223
-0.268148
-0.247548
-0.226963
-0.206716
-0.185791
-0.165818
-0.142924
-0.124109
-0.0934618
-0.0818608
-0.0221949
-0.0545781
-9.67085
-9.68771
-9.70512
-9.72269
-9.73986
-9.75668
-9.77342
-9.7899
-9.80585
-9.82118
-9.83585
-9.84982
-9.86311
-9.8759
-9.88836
-9.90062
-9.91271
-9.92452
-9.93588
-9.94672
-9.95705
-9.96701
-9.97652
-9.98528
-9.99266
-9.99758
-9.99849
-9.99342
-9.98009
-9.95622
-9.91987
-9.87009
-9.80753
-9.73535
-9.65971
-9.58998
-9.53802
-9.51676
-9.53803
-9.61015
-9.73575
-9.91066
-10.1243
-10.3616
-10.6063
-10.8431
-11.0597
-11.2468
-11.3983
-11.5103
-11.5813
-11.6109
-11.5997
-11.5491
-11.46
-11.3332
-11.1684
-10.964
-10.7168
-10.4216
-10.0713
-9.65751
-9.1709
-8.6024
-7.94519
-7.1972
-6.36592
-5.48138
-4.60565
-3.8152
-3.15193
-2.60649
-2.15346
-1.77486
-1.46053
-1.20343
-0.996949
-0.834025
-0.707335
-0.609755
-0.534782
-0.476802
-0.431191
-0.394307
-0.363373
-0.336383
-0.311894
-0.28899
-0.266985
-0.245627
-0.224453
-0.203764
-0.182552
-0.162407
-0.13953
-0.120795
-0.0906452
-0.0793008
-0.0215548
-0.0528425
-9.66943
-9.6858
-9.70251
-9.71935
-9.73589
-9.75216
-9.76828
-9.78418
-9.79967
-9.81462
-9.82898
-9.84269
-9.85578
-9.86833
-9.88046
-9.89225
-9.90373
-9.91481
-9.92535
-9.9353
-9.94465
-9.95341
-9.96147
-9.96848
-9.97381
-9.9765
-9.97519
-9.96819
-9.95362
-9.92964
-9.8948
-9.84854
-9.79179
-9.72756
-9.66143
-9.60157
-9.55817
-9.54222
-9.56371
-9.62966
-9.74233
-9.89831
-10.0887
-10.3009
-10.5207
-10.7347
-10.9314
-11.1022
-11.2408
-11.3433
-11.4076
-11.4329
-11.4195
-11.3678
-11.2786
-11.1521
-10.9878
-10.784
-10.5374
-10.2432
-9.89492
-9.48504
-9.00541
-8.44835
-7.80858
-7.08543
-6.28723
-5.44107
-4.59986
-3.83046
-3.17379
-2.62791
-2.17383
-1.79528
-1.48152
-1.22479
-1.01804
-0.854116
-0.725803
-0.626159
-0.548871
-0.488493
-0.440528
-0.401425
-0.368463
-0.339666
-0.313603
-0.289357
-0.266233
-0.243963
-0.222072
-0.200834
-0.179252
-0.158861
-0.135958
-0.117221
-0.0875745
-0.0763042
-0.0206657
-0.050182
-9.66622
-9.6822
-9.69839
-9.71464
-9.73067
-9.74646
-9.7621
-9.77749
-9.79248
-9.80696
-9.82087
-9.83418
-9.84689
-9.85908
-9.8708
-9.88214
-9.89308
-9.90355
-9.91347
-9.92274
-9.93134
-9.93918
-9.94611
-9.95176
-9.95554
-9.95657
-9.95368
-9.94545
-9.93033
-9.90687
-9.87402
-9.83157
-9.7806
-9.72401
-9.66679
-9.61607
-9.58061
-9.5697
-9.59175
-9.65264
-9.75426
-9.89375
-10.0637
-10.2532
-10.4502
-10.6425
-10.8201
-10.9745
-11.0998
-11.1919
-11.2484
-11.2682
-11.2509
-11.1969
-11.1062
-10.9789
-10.8142
-10.6101
-10.3637
-10.0703
-9.72424
-9.31863
-8.84646
-8.30138
-7.67948
-6.98141
-6.21613
-5.4081
-4.60232
-3.85577
-3.20751
-2.66188
-2.20598
-1.82606
-1.51142
-1.25372
-1.04552
-0.879579
-0.748748
-0.646259
-0.565981
-0.502623
-0.451807
-0.410061
-0.374714
-0.343812
-0.31593
-0.29014
-0.265735
-0.242422
-0.219714
-0.19785
-0.175847
-0.155169
-0.132244
-0.113501
-0.0844731
-0.0732529
-0.020083
-0.0475253
-9.66367
-9.67918
-9.69484
-9.71051
-9.72604
-9.74132
-9.75642
-9.77126
-9.78574
-9.79975
-9.81324
-9.82619
-9.83859
-9.85046
-9.86185
-9.87278
-9.88325
-9.89318
-9.90249
-9.9111
-9.91894
-9.92589
-9.93177
-9.9362
-9.93862
-9.93827
-9.93413
-9.92502
-9.90969
-9.88703
-9.85633
-9.81763
-9.77213
-9.72255
-9.67338
-9.63082
-9.60234
-9.59582
-9.61829
-9.67465
-9.76644
-9.89123
-10.0427
-10.2118
-10.3877
-10.5599
-10.7192
-10.8577
-10.9697
-11.0512
-11.0993
-11.1129
-11.0911
-11.0338
-10.9409
-10.812
-10.6462
-10.4415
-10.195
-9.90252
-9.55878
-9.15783
-8.69363
-8.16102
-7.55732
-6.88434
-6.15148
-5.38091
-4.61089
-3.88927
-3.2518
-2.70773
-2.24981
-1.86732
-1.55039
-1.29043
-1.07967
-0.910727
-0.776521
-0.670425
-0.586475
-0.519529
-0.465322
-0.420458
-0.382311
-0.348945
-0.318937
-0.291345
-0.265445
-0.240913
-0.217247
-0.194643
-0.172135
-0.151097
-0.128109
-0.10929
-0.0808964
-0.0696204
-0.0190209
-0.0444272
-9.65967
-9.67478
-9.68997
-9.70515
-9.7202
-9.73505
-9.74964
-9.76399
-9.77801
-9.79159
-9.80468
-9.81724
-9.82927
-9.84078
-9.85177
-9.86226
-9.87222
-9.88161
-9.89033
-9.89831
-9.90544
-9.91161
-9.91659
-9.92001
-9.92134
-9.91993
-9.9149
-9.9053
-9.89013
-9.86855
-9.84014
-9.80512
-9.76475
-9.72158
-9.6796
-9.64419
-9.62173
-9.61885
-9.64143
-9.69351
-9.77634
-9.88783
-10.0226
-10.1729
-10.3294
-10.4829
-10.6248
-10.748
-10.847
-10.9177
-10.9573
-10.9641
-10.9373
-10.8762
-10.7805
-10.6497
-10.4824
-10.277
-10.0304
-9.739
-9.39799
-9.00219
-8.54648
-8.02681
-7.4416
-6.79356
-6.09235
-5.35819
-4.62372
-3.92881
-3.30501
-2.76448
-2.30502
-1.91919
-1.59863
-1.33506
-1.12056
-0.947627
-0.809192
-0.698739
-0.610451
-0.539322
-0.481198
-0.432756
-0.39141
-0.355239
-0.322815
-0.293178
-0.26558
-0.239665
-0.21491
-0.191462
-0.168378
-0.146929
-0.12387
-0.10496
-0.0772606
-0.065891
-0.0179205
-0.0412994
-9.65617
-9.67085
-9.68559
-9.70028
-9.71484
-9.72921
-9.74331
-9.75713
-9.77066
-9.7838
-9.79647
-9.80864
-9.82029
-9.83141
-9.84201
-9.85208
-9.86157
-9.87045
-9.87862
-9.88599
-9.89245
-9.89788
-9.90203
-9.90453
-9.90493
-9.90263
-9.89694
-9.88706
-9.87221
-9.8518
-9.82562
-9.79404
-9.75834
-9.72086
-9.68514
-9.65585
-9.6384
-9.63836
-9.66063
-9.70853
-9.78302
-9.88229
-10.0018
-10.1348
-10.2733
-10.4091
-10.5346
-10.6431
-10.7293
-10.7893
-10.8202
-10.8201
-10.7879
-10.7227
-10.624
-10.4908
-10.3221
-10.1158
-9.86938
-9.57933
-9.24148
-8.85134
-8.40468
-7.8984
-7.33186
-6.7085
-6.03801
-5.33886
-4.63916
-3.97214
-3.36491
-2.83059
-2.37088
-1.98166
-1.65647
-1.38798
-1.16851
-0.99053
-0.846973
-0.731387
-0.638068
-0.56213
-0.499522
-0.446992
-0.401997
-0.36263
-0.327457
-0.295495
-0.26597
-0.238483
-0.212491
-0.188082
-0.164337
-0.14241
-0.119251
-0.100225
-0.073275
-0.0618261
-0.0166042
-0.0382045
-9.65167
-9.66595
-9.68024
-9.69448
-9.70859
-9.72251
-9.73616
-9.74953
-9.76257
-9.77525
-9.78751
-9.79929
-9.81055
-9.82128
-9.83148
-9.8411
-9.85012
-9.85848
-9.8661
-9.87287
-9.87869
-9.88342
-9.8868
-9.88851
-9.88814
-9.88517
-9.87902
-9.86907
-9.85473
-9.83559
-9.8116
-9.78326
-9.7518
-9.71937
-9.6891
-9.66499
-9.65166
-9.65375
-9.67531
-9.71907
-9.78574
-9.87375
-9.97918
-10.0963
-10.218
-10.3373
-10.4471
-10.5415
-10.6153
-10.6647
-10.6869
-10.6798
-10.642
-10.5724
-10.4704
-10.3349
-10.1646
-9.95759
-9.71153
-9.42321
-9.089
-8.70508
-8.26799
-7.7755
-7.22776
-6.62873
-5.98791
-5.3222
-4.65598
-4.01722
-3.42901
-2.90395
-2.44605
-2.05416
-1.72401
-1.44957
-1.2239
-1.03975
-0.890112
-0.768589
-0.669546
-0.588186
-0.520542
-0.463425
-0.414335
-0.371376
-0.33311
-0.298529
-0.26683
-0.237568
-0.210175
-0.184678
-0.160175
-0.137697
-0.114398
-0.0952126
-0.0690153
-0.0574547
-0.014981
-0.0350601
-9.64746
-9.66133
-9.67521
-9.68901
-9.70267
-9.71614
-9.72936
-9.74228
-9.75486
-9.76707
-9.77889
-9.79025
-9.8011
-9.81142
-9.82119
-9.83037
-9.83892
-9.84677
-9.85385
-9.86006
-9.86527
-9.86933
-9.87201
-9.87303
-9.87199
-9.86849
-9.86204
-9.85214
-9.83838
-9.82049
-9.79857
-9.77315
-9.74544
-9.71739
-9.69173
-9.67191
-9.66182
-9.66533
-9.68578
-9.72537
-9.78463
-9.86214
-9.95455
-10.0569
-10.1631
-10.2668
-10.3618
-10.4425
-10.5043
-10.5434
-10.5568
-10.5425
-10.499
-10.425
-10.3195
-10.1815
-10.0097
-9.80219
-9.55675
-9.27057
-8.94049
-8.56329
-8.13626
-7.6579
-7.12899
-6.55384
-5.94164
-5.30776
-4.67346
-4.06256
-3.49487
-2.98198
-2.52863
-2.13561
-1.80087
-1.52003
-1.28717
-1.0957
-0.938921
-0.810553
-0.705016
-0.617571
-0.544305
-0.482082
-0.428433
-0.381471
-0.339755
-0.302248
-0.268117
-0.23687
-0.207908
-0.181189
-0.155835
-0.13274
-0.109274
-0.0899189
-0.0645093
-0.0528608
-0.0131384
-0.0319415
-9.64263
-9.65611
-9.66957
-9.68294
-9.69617
-9.7092
-9.72199
-9.73448
-9.74663
-9.7584
-9.76976
-9.78068
-9.79112
-9.80103
-9.81037
-9.81911
-9.82718
-9.83453
-9.84109
-9.84674
-9.85136
-9.85478
-9.85682
-9.85722
-9.85564
-9.85173
-9.84511
-9.83538
-9.82226
-9.80562
-9.78563
-9.76287
-9.73848
-9.7142
-9.69242
-9.6761
-9.66849
-9.67282
-9.69181
-9.72723
-9.77943
-9.84716
-9.92748
-10.0161
-10.1078
-10.1969
-10.2778
-10.3456
-10.3957
-10.4246
-10.4294
-10.408
-10.3586
-10.2801
-10.1712
-10.0307
-9.85744
-9.64958
-9.40507
-9.12142
-8.79593
-8.42596
-8.00941
-7.54542
-7.0353
-6.48351
-5.89886
-5.29525
-4.69128
-4.10737
-3.56076
-3.06204
-2.61606
-2.22432
-1.8862
-1.59913
-1.3586
-1.15889
-0.993914
-0.857702
-0.744814
-0.650557
-0.571051
-0.503181
-0.444496
-0.393111
-0.347573
-0.306816
-0.269977
-0.236509
-0.205786
-0.177692
-0.151368
-0.127567
-0.103879
-0.0843193
-0.0597076
-0.0480021
-0.0110681
-0.0288532
-9.63791
-9.65101
-9.66407
-9.67703
-9.68984
-9.70246
-9.71483
-9.7269
-9.73864
-9.74999
-9.76091
-9.77138
-9.78138
-9.79086
-9.79977
-9.80806
-9.81566
-9.82251
-9.82854
-9.83364
-9.83768
-9.84051
-9.84198
-9.84185
-9.83983
-9.83561
-9.8289
-9.81941
-9.80695
-9.79148
-9.77324
-9.75283
-9.73129
-9.71018
-9.69159
-9.67802
-9.67218
-9.67676
-9.69396
-9.72517
-9.77061
-9.82913
-9.89819
-9.97405
-10.0522
-10.1275
-10.1952
-10.2505
-10.2893
-10.3083
-10.3046
-10.2761
-10.2209
-10.1377
-10.0253
-9.88246
-9.70784
-9.49984
-9.25655
-8.97583
-8.65537
-8.29305
-7.88734
-7.43791
-6.94644
-6.41747
-5.8593
-5.28448
-4.70929
-4.15135
-3.62574
-3.14223
-2.70567
-2.31777
-1.97845
-1.68619
-1.43804
-1.2296
-1.05557
-0.910512
-0.789304
-0.687398
-0.600951
-0.526848
-0.462628
-0.406391
-0.356662
-0.312337
-0.272516
-0.236597
-0.203921
-0.174295
-0.146881
-0.122283
-0.0983108
-0.078507
-0.0546815
-0.0429265
-0.00882606
-0.0257263
-9.63286
-9.64558
-9.65824
-9.67079
-9.68319
-9.69539
-9.70734
-9.719
-9.73032
-9.74125
-9.75176
-9.7618
-9.77134
-9.78037
-9.78883
-9.79666
-9.8038
-9.81017
-9.81569
-9.82025
-9.82375
-9.82607
-9.82704
-9.82644
-9.82404
-9.8196
-9.81287
-9.80365
-9.79184
-9.77746
-9.7608
-9.74243
-9.72333
-9.70487
-9.68884
-9.67736
-9.6727
-9.67704
-9.69217
-9.71917
-9.75813
-9.80799
-9.86653
-9.93051
-9.99592
-10.0584
-10.1134
-10.1569
-10.1849
-10.1942
-10.1822
-10.1466
-10.0856
-9.99782
-9.88197
-9.7368
-9.56099
-9.35306
-9.1113
-8.83386
-8.51883
-8.16455
-7.76996
-7.33518
-6.86217
-6.35544
-5.82273
-5.27532
-4.72746
-4.19442
-3.68944
-3.22156
-2.79557
-2.4134
-2.07515
-1.7797
-1.52496
-1.30781
-1.1242
-0.969493
-0.839031
-0.728542
-0.634326
-0.553304
-0.48299
-0.421439
-0.367129
-0.318906
-0.275825
-0.23722
-0.202395
-0.171078
-0.142444
-0.11695
-0.0926245
-0.0725348
-0.0494789
-0.0376817
-0.0065118
-0.0224477
-9.62782
-9.64017
-9.65245
-9.66462
-9.67662
-9.68841
-9.69996
-9.71122
-9.72213
-9.73266
-9.74276
-9.75239
-9.76149
-9.77005
-9.77804
-9.7854
-9.79205
-9.79794
-9.80296
-9.80704
-9.81007
-9.81192
-9.81243
-9.81144
-9.80873
-9.80412
-9.79741
-9.78848
-9.77728
-9.76388
-9.7486
-9.73198
-9.7149
-9.69858
-9.68454
-9.67456
-9.67051
-9.67418
-9.687
-9.70976
-9.74248
-9.78416
-9.83285
-9.8857
-9.93923
-9.98954
-10.0327
-10.0648
-10.0823
-10.0823
-10.0621
-10.0195
-9.95284
-9.86051
-9.74125
-9.59384
-9.41699
-9.20935
-8.9694
-8.69557
-8.38632
-8.04039
-7.65714
-7.23705
-6.78226
-6.29716
-5.78892
-5.26765
-4.74581
-4.23664
-3.7518
-3.2996
-2.88479
-2.50947
-2.17392
-1.87726
-1.61774
-1.39292
-1.19983
-1.03495
-0.894439
-0.774485
-0.671621
-0.582877
-0.505794
-0.43839
-0.379078
-0.326621
-0.280002
-0.238481
-0.201316
-0.168148
-0.138166
-0.111677
-0.086921
-0.0664976
-0.0441862
-0.0323503
-0.00426856
-0.0189437
-9.62262
-9.63461
-9.64651
-9.65829
-9.6699
-9.6813
-9.69245
-9.7033
-9.71381
-9.72394
-9.73364
-9.74286
-9.75156
-9.75968
-9.76721
-9.77408
-9.78025
-9.78564
-9.79019
-9.79382
-9.79641
-9.79783
-9.79794
-9.79659
-9.79363
-9.78888
-9.78223
-9.77358
-9.76292
-9.75039
-9.73629
-9.72113
-9.7057
-9.69105
-9.67848
-9.66948
-9.66558
-9.66822
-9.67851
-9.69705
-9.72375
-9.7577
-9.79715
-9.8396
-9.88199
-9.92089
-9.95273
-9.97404
-9.98161
-9.97255
-9.94438
-9.89499
-9.82263
-9.72582
-9.60323
-9.45367
-9.27594
-9.06879
-8.83091
-8.561
-8.25783
-7.92051
-7.54875
-7.14332
-6.70645
-6.24238
-5.7577
-5.26139
-4.76436
-4.2781
-3.81287
-3.37626
-2.97291
-2.60506
-2.27324
-1.97675
-1.71411
-1.48324
-1.28172
-1.10689
-0.955877
-0.825676
-0.7133
-0.615999
-0.531394
-0.457493
-0.392652
-0.335555
-0.285097
-0.240431
-0.200743
-0.165579
-0.134127
-0.106544
-0.0812724
-0.0604597
-0.0388506
-0.0269613
-0.0021224
-0.0151435
-9.61738
-9.62902
-9.64056
-9.65197
-9.66319
-9.67421
-9.68497
-9.69543
-9.70555
-9.71529
-9.72459
-9.73342
-9.74172
-9.74945
-9.75657
-9.76301
-9.76872
-9.77367
-9.77777
-9.78096
-9.78311
-9.78411
-9.78383
-9.78216
-9.77896
-9.77411
-9.7675
-9.7591
-9.74892
-9.73712
-9.72399
-9.71001
-9.69587
-9.68248
-9.67092
-9.66243
-9.65825
-9.65954
-9.66714
-9.68147
-9.70237
-9.72898
-9.75973
-9.79244
-9.82439
-9.85254
-9.87371
-9.88476
-9.88273
-9.86493
-9.82902
-9.77297
-9.69506
-9.59384
-9.46801
-9.31641
-9.13794
-8.93147
-8.69589
-8.43014
-8.13331
-7.80479
-7.44463
-7.05377
-6.63452
-6.19089
-5.72888
-5.25646
-4.78316
-4.31894
-3.8728
-3.45162
-3.05986
-2.69984
-2.37232
-2.07686
-1.81222
-1.57664
-1.36806
-1.18431
-1.02317
-0.882424
-0.759834
-0.653147
-0.560208
-0.479093
-0.408134
-0.345918
-0.291236
-0.243136
-0.200726
-0.163426
-0.1304
-0.101647
-0.0757934
-0.0545534
-0.0336002
-0.0216473
-0.000134432
-0.011192
-9.6121
-9.62339
-9.63458
-9.64562
-9.65648
-9.66712
-9.67749
-9.68757
-9.69731
-9.70665
-9.71557
-9.72401
-9.73193
-9.73926
-9.74598
-9.75202
-9.75733
-9.76186
-9.76555
-9.7683
-9.77003
-9.77063
-9.77
-9.76804
-9.76462
-9.75966
-9.75309
-9.7449
-9.73512
-9.72392
-9.71157
-9.6985
-9.68532
-9.6728
-9.66184
-9.65345
-9.64865
-9.64831
-9.65308
-9.66324
-9.67854
-9.69818
-9.72076
-9.74432
-9.76647
-9.78451
-9.79559
-9.79688
-9.78567
-9.75947
-9.71607
-9.65352
-9.57019
-9.46465
-9.33567
-9.18214
-9.00306
-8.79744
-8.56436
-8.30299
-8.01268
-7.69313
-7.34459
-6.96819
-6.56623
-6.14245
-5.7023
-5.25281
-4.80227
-4.35928
-3.93173
-3.52581
-3.14569
-2.79375
-2.47089
-2.17696
-1.91101
-1.67158
-1.45697
-1.26537
-1.09502
-0.944233
-0.811351
-0.694742
-0.592739
-0.503656
-0.425879
-0.357967
-0.298626
-0.246759
-0.201356
-0.161715
-0.126976
-0.0969694
-0.0704704
-0.0487735
-0.028421
-0.0164038
0.00178887
-0.00715473
-9.60672
-9.61768
-9.62852
-9.6392
-9.6497
-9.65997
-9.66998
-9.67968
-9.68904
-9.69801
-9.70654
-9.7146
-9.72212
-9.72908
-9.73541
-9.74106
-9.74598
-9.75011
-9.7534
-9.75575
-9.7571
-9.75734
-9.75639
-9.75416
-9.75055
-9.74549
-9.73894
-9.7309
-9.72144
-9.7107
-9.69894
-9.68654
-9.67403
-9.66203
-9.65132
-9.64269
-9.63694
-9.63476
-9.63661
-9.64263
-9.65254
-9.66556
-9.68042
-9.6954
-9.70835
-9.71688
-9.71844
-9.71047
-9.69049
-9.65621
-9.60556
-9.53671
-9.44808
-9.33833
-9.20629
-9.05094
-8.87136
-8.66673
-8.43631
-8.17949
-7.89586
-7.58535
-7.24843
-6.88634
-6.50132
-6.09685
-5.67781
-5.25039
-4.82174
-4.39928
-3.98987
-3.59901
-3.23058
-2.88687
-2.56895
-2.27686
-2.00997
-1.76718
-1.54713
-1.34843
-1.16969
-1.00962
-0.866992
-0.740612
-0.629249
-0.53163
-0.446401
-0.372178
-0.307618
-0.251538
-0.202839
-0.160657
-0.124041
-0.0926518
-0.0654062
-0.0432131
-0.0233981
-0.0113444
0.00368407
-0.00334637
-9.60139
-9.61202
-9.62253
-9.63287
-9.64302
-9.65294
-9.66259
-9.67192
-9.68091
-9.6895
-9.69766
-9.70534
-9.71249
-9.71907
-9.72502
-9.7303
-9.73484
-9.7386
-9.7415
-9.74349
-9.74447
-9.74438
-9.74313
-9.74064
-9.73684
-9.73168
-9.72513
-9.7172
-9.70795
-9.69754
-9.68619
-9.67424
-9.66211
-9.65034
-9.63955
-9.63038
-9.62343
-9.61923
-9.61808
-9.62002
-9.62471
-9.63143
-9.63902
-9.64592
-9.65022
-9.6498
-9.64236
-9.6256
-9.59726
-9.55523
-9.49758
-9.42261
-9.32883
-9.21498
-9.07997
-8.92287
-8.7429
-8.53937
-8.31173
-8.05956
-7.7827
-7.48128
-7.15594
-6.80797
-6.43955
-6.05388
-5.65528
-5.24915
-4.84164
-4.4391
-4.04743
-3.67147
-3.31473
-2.97941
-2.66662
-2.37661
-2.10901
-1.86308
-1.63787
-1.43241
-1.24574
-1.07695
-0.925182
-0.789558
-0.669168
-0.56301
-0.469994
-0.38896
-0.318676
-0.257914
-0.205474
-0.160379
-0.121636
-0.0887273
-0.0606257
-0.0378585
-0.0184468
-0.00636137
0.00585685
9.77982e-05
-9.59583
-9.60615
-9.61633
-9.62633
-9.63614
-9.64571
-9.655
-9.66397
-9.6726
-9.68083
-9.68863
-9.69594
-9.70273
-9.70894
-9.71452
-9.71944
-9.72362
-9.72701
-9.72956
-9.7312
-9.73185
-9.73144
-9.72991
-9.72718
-9.7232
-9.71793
-9.71134
-9.70346
-9.69436
-9.68415
-9.67305
-9.66133
-9.64936
-9.63756
-9.62643
-9.61646
-9.60811
-9.60175
-9.59756
-9.59548
-9.59517
-9.5959
-9.59663
-9.59593
-9.59212
-9.58327
-9.56735
-9.54226
-9.50595
-9.4565
-9.39211
-9.31122
-9.21244
-9.0946
-8.95671
-8.79794
-8.61765
-8.4153
-8.19051
-7.94308
-7.67303
-7.3807
-7.06685
-6.73281
-6.38066
-6.0133
-5.63455
-5.24906
-4.86204
-4.47889
-4.10463
-3.74343
-3.3984
-3.0716
-2.76412
-2.47635
-2.20818
-1.95921
-1.72891
-1.51677
-1.3223
-1.14503
-0.984475
-0.840061
-0.711113
-0.596834
-0.496292
-0.408447
-0.332178
-0.266352
-0.20981
-0.161486
-0.120305
-0.0855947
-0.0564095
-0.0329582
-0.0138104
-0.00169921
0.00810701
0.00305022
-9.59045
-9.60046
-9.61033
-9.62002
-9.6295
-9.63873
-9.64769
-9.65633
-9.66461
-9.67249
-9.67994
-9.6869
-9.69334
-9.6992
-9.70443
-9.70899
-9.71282
-9.71587
-9.71807
-9.71937
-9.7197
-9.71899
-9.71719
-9.71423
-9.71006
-9.70465
-9.69799
-9.69009
-9.68103
-9.67091
-9.6599
-9.64823
-9.63619
-9.62412
-9.61241
-9.60142
-9.5915
-9.58286
-9.5756
-9.56959
-9.56445
-9.55948
-9.55371
-9.54586
-9.53441
-9.51763
-9.49369
-9.4607
-9.4168
-9.36022
-9.28935
-9.20272
-9.09906
-8.97732
-8.8366
-8.67622
-8.49564
-8.29449
-8.07259
-7.82991
-7.56667
-7.28336
-6.98088
-6.66057
-6.32437
-5.97491
-5.61549
-5.25007
-4.88303
-4.51885
-4.16173
-3.8152
-3.48193
-3.16376
-2.86173
-2.57633
-2.30767
-2.05566
-1.8202
-1.60128
-1.39891
-1.21313
-1.04385
-0.89084
-0.753666
-0.631672
-0.524019
-0.42973
-0.347724
-0.276878
-0.216052
-0.164203
-0.120287
-0.0835314
-0.0530076
-0.0286357
-0.00945798
0.00278998
0.0105007
0.005921
-9.58465
-9.59436
-9.60393
-9.6133
-9.62247
-9.63138
-9.64001
-9.64832
-9.65627
-9.66382
-9.67093
-9.67756
-9.68366
-9.68918
-9.69408
-9.6983
-9.7018
-9.70452
-9.7064
-9.70738
-9.7074
-9.70641
-9.70435
-9.70116
-9.69679
-9.69123
-9.68447
-9.67651
-9.66741
-9.65726
-9.64621
-9.63442
-9.62214
-9.60962
-9.59715
-9.58498
-9.57334
-9.56237
-9.55206
-9.54222
-9.53244
-9.52206
-9.51017
-9.4956
-9.47697
-9.45273
-9.42123
-9.38077
-9.32965
-9.26628
-9.18917
-9.09699
-8.9886
-8.86304
-8.71956
-8.55758
-8.37673
-8.17679
-7.95776
-7.7198
-7.46332
-7.18896
-6.8977
-6.5909
-6.27038
-5.93845
-5.59794
-5.25216
-4.90469
-4.55918
-4.21903
-3.88713
-3.56569
-3.25627
-2.95983
-2.6769
-2.40774
-2.1526
-1.91181
-1.68586
-1.47535
-1.28083
-1.1027
-0.941084
-0.795803
-0.666362
-0.551988
-0.451704
-0.364403
-0.28893
-0.224122
-0.16889
-0.122184
-0.0831891
-0.0510735
-0.0255746
-0.00608928
0.00647933
0.0125369
0.00853768
-9.5794
-9.58884
-9.59811
-9.6072
-9.61606
-9.62467
-9.63299
-9.64098
-9.64861
-9.65584
-9.66262
-9.66892
-9.67469
-9.67988
-9.68445
-9.68834
-9.69151
-9.6939
-9.69546
-9.69613
-9.69586
-9.69458
-9.69225
-9.68882
-9.68424
-9.67849
-9.67157
-9.66347
-9.65425
-9.64397
-9.63273
-9.62068
-9.60799
-9.59483
-9.58142
-9.56793
-9.55448
-9.54112
-9.52776
-9.51418
-9.49994
-9.48441
-9.46672
-9.44581
-9.42042
-9.38915
-9.3505
-9.30294
-9.24494
-9.17504
-9.0919
-8.99433
-8.8813
-8.75198
-8.60573
-8.44213
-8.26095
-8.06215
-7.8459
-7.61256
-7.36271
-7.09716
-6.81696
-6.52346
-6.21835
-5.90365
-5.58174
-5.25528
-4.92711
-4.6001
-4.27685
-3.95962
-3.65014
-3.34963
-3.0589
-2.77848
-2.50877
-2.25031
-2.00388
-1.77054
-1.55148
-1.34786
-1.16057
-0.990146
-0.836686
-0.699854
-0.578942
-0.472969
-0.380772
-0.301111
-0.232739
-0.174491
-0.125279
-0.0842202
-0.0505131
-0.0237589
-0.00367188
0.0094469
0.0142819
0.011124
-9.5734
-9.58258
-9.59157
-9.60038
-9.60896
-9.61728
-9.6253
-9.633
-9.64033
-9.64725
-9.65373
-9.65972
-9.66518
-9.67006
-9.67432
-9.67791
-9.68078
-9.68287
-9.68413
-9.68451
-9.68395
-9.68241
-9.67982
-9.67615
-9.67136
-9.66541
-9.6583
-9.65002
-9.64061
-9.63011
-9.6186
-9.60617
-9.59294
-9.57903
-9.56458
-9.54966
-9.53434
-9.51859
-9.50225
-9.48506
-9.46657
-9.44616
-9.42302
-9.39615
-9.36441
-9.32653
-9.28115
-9.22688
-9.16234
-9.0862
-8.99727
-8.89447
-8.77691
-8.64387
-8.49486
-8.3296
-8.14801
-7.95024
-7.73665
-7.50779
-7.26443
-7.00751
-6.73819
-6.4578
-6.1679
-5.87022
-5.56669
-5.25939
-4.95042
-4.64186
-4.33559
-4.03318
-3.73584
-3.44443
-3.15954
-2.88164
-2.61125
-2.34918
-2.09668
-1.85542
-1.6273
-1.4141
-1.21729
-1.03783
-0.876089
-0.731893
-0.604584
-0.493155
-0.396374
-0.312907
-0.241403
-0.180583
-0.129277
-0.0865086
-0.0514726
-0.0236414
-0.00292482
0.0108567
0.0149738
0.0130031
-9.56851
-9.57741
-9.58615
-9.59468
-9.60298
-9.61101
-9.61874
-9.62614
-9.63317
-9.63979
-9.64596
-9.65164
-9.65679
-9.66136
-9.66531
-9.66859
-9.67114
-9.67293
-9.67389
-9.67397
-9.67312
-9.67129
-9.66844
-9.66451
-9.65946
-9.65327
-9.64592
-9.6374
-9.62772
-9.6169
-9.605
-9.59207
-9.57818
-9.5634
-9.54779
-9.53137
-9.51413
-9.49597
-9.47671
-9.45602
-9.43346
-9.40841
-9.3801
-9.34761
-9.30989
-9.26577
-9.21401
-9.15336
-9.08255
-9.00041
-8.90585
-8.79792
-8.67585
-8.53907
-8.38721
-8.22015
-8.03797
-7.84103
-7.62987
-7.40525
-7.16813
-6.91962
-6.66095
-6.39348
-6.11862
-5.83784
-5.55263
-5.26446
-4.97475
-4.68481
-4.39573
-4.10842
-3.8235
-3.54141
-3.2625
-2.9871
-2.71579
-2.44963
-2.19039
-1.94046
-1.70249
-1.47902
-1.27212
-1.08322
-0.912973
-0.761345
-0.627704
-0.510993
-0.409882
-0.322918
-0.248628
-0.185616
-0.132609
-0.0885251
-0.0525022
-0.0238809
-0.0026638
0.0117013
0.0154859
0.0147066
-9.56223
-9.57092
-9.57942
-9.58771
-9.59576
-9.60354
-9.61102
-9.61815
-9.62492
-9.63127
-9.63717
-9.64258
-9.64746
-9.65176
-9.65543
-9.65843
-9.66071
-9.66222
-9.66291
-9.66272
-9.66161
-9.65952
-9.65641
-9.65223
-9.64694
-9.64051
-9.6329
-9.62411
-9.61412
-9.60294
-9.5906
-9.5771
-9.56249
-9.54677
-9.52995
-9.512
-9.49285
-9.47235
-9.45026
-9.42623
-9.39982
-9.3704
-9.33726
-9.29952
-9.25619
-9.20622
-9.14846
-9.08177
-9.00501
-8.91712
-8.81711
-8.70418
-8.57766
-8.43712
-8.28232
-8.11331
-7.93036
-7.734
-7.525
-7.30434
-7.07318
-6.83282
-6.5846
-6.32989
-6.06999
-5.80611
-5.5393
-5.27046
-5.00029
-4.72931
-4.45783
-4.18602
-3.91389
-3.64141
-3.3686
-3.09564
-2.82309
-2.55229
-2.28557
-2.02612
-1.7775
-1.54305
-1.32554
-1.12686
-0.947942
-0.788867
-0.648999
-0.527195
-0.422005
-0.331836
-0.25508
-0.190209
-0.135841
-0.0907801
-0.0540914
-0.0249853
-0.00344325
0.0113609
0.0152259
0.0154592
-9.55773
-9.56615
-9.5744
-9.58243
-9.59021
-9.59772
-9.60492
-9.61178
-9.61826
-9.62433
-9.62994
-9.63506
-9.63964
-9.64365
-9.64703
-9.64973
-9.65172
-9.65294
-9.65333
-9.65286
-9.65146
-9.6491
-9.6457
-9.64124
-9.63567
-9.62895
-9.62103
-9.61191
-9.60155
-9.58994
-9.57707
-9.56293
-9.54751
-9.53078
-9.51271
-9.4932
-9.47214
-9.44933
-9.4245
-9.39728
-9.3672
-9.33366
-9.29595
-9.25326
-9.20465
-9.14915
-9.0857
-9.01325
-8.93077
-8.83728
-8.73194
-8.61402
-8.48299
-8.33853
-8.18058
-8.00933
-7.82525
-7.62907
-7.42181
-7.2047
-6.97912
-6.74657
-6.50855
-6.26646
-6.02153
-5.7747
-5.5266
-5.27751
-5.0274
-4.77594
-4.52264
-4.26684
-4.00789
-3.74525
-3.47856
-3.20776
-2.93336
-2.65693
-2.38149
-2.11121
-1.85071
-1.60429
-1.37546
-1.16658
-0.978878
-0.812455
-0.666593
-0.54001
-0.431093
-0.338081
-0.259212
-0.192824
-0.137416
-0.0916863
-0.0546071
-0.0252712
-0.00353931
0.0115868
0.0160439
0.0166788
-9.55095
-9.55921
-9.56725
-9.57508
-9.58266
-9.58996
-9.59694
-9.60358
-9.60983
-9.61567
-9.62105
-9.62594
-9.63028
-9.63405
-9.63719
-9.63965
-9.64139
-9.64237
-9.64252
-9.6418
-9.64016
-9.63755
-9.63391
-9.62919
-9.62336
-9.61636
-9.60815
-9.59869
-9.58795
-9.5759
-9.56249
-9.54769
-9.53146
-9.51373
-9.49442
-9.47339
-9.4505
-9.42549
-9.39808
-9.36786
-9.33436
-9.29698
-9.25504
-9.20775
-9.15425
-9.09359
-9.02481
-8.94694
-8.85902
-8.76018
-8.64966
-8.52684
-8.3913
-8.24286
-8.08157
-7.90782
-7.72225
-7.52586
-7.3199
-7.10586
-6.88543
-6.66035
-6.43231
-6.20278
-5.97294
-5.74347
-5.51455
-5.28583
-5.05647
-4.82528
-4.59086
-4.35174
-4.10658
-3.85429
-3.59411
-3.32568
-3.04927
-2.76659
-2.48139
-2.19901
-1.92532
-1.66576
-1.42469
-1.20506
-1.00829
-0.834503
-0.682848
-0.551835
-0.439622
-0.34423
-0.263707
-0.196228
-0.140165
-0.094105
-0.0569158
-0.0275847
-0.005745
0.00965891
0.0156194
0.0162282
-9.54641
-9.55441
-9.56223
-9.56981
-9.57714
-9.58418
-9.59091
-9.59729
-9.60328
-9.60885
-9.61396
-9.61858
-9.62265
-9.62614
-9.62901
-9.6312
-9.63267
-9.63338
-9.63326
-9.63227
-9.63036
-9.62747
-9.62355
-9.61856
-9.61243
-9.60512
-9.59658
-9.58675
-9.57559
-9.56305
-9.54906
-9.53357
-9.5165
-9.49775
-9.4772
-9.45469
-9.43002
-9.40291
-9.37305
-9.34001
-9.3033
-9.26233
-9.21643
-9.16484
-9.10672
-9.04119
-8.96734
-8.88425
-8.79104
-8.68692
-8.5712
-8.44335
-8.30307
-8.15027
-7.9852
-7.80838
-7.62072
-7.42344
-7.21811
-7.00655
-6.79077
-6.57283
-6.35463
-6.1378
-5.92341
-5.71191
-5.50299
-5.29558
-5.088
-4.87811
-4.66356
-4.44201
-4.21135
-3.96989
-3.71645
-3.4502
-3.17103
-2.88078
-2.5841
-2.2878
-1.99935
-1.72546
-1.47135
-1.24052
-1.03459
-0.853615
-0.696542
-0.561598
-0.446652
-0.349461
-0.267847
-0.199806
-0.143566
-0.0975987
-0.0606591
-0.031638
-0.00985727
0.00575615
0.0143117
0.0145537
-9.53852
-9.54639
-9.55401
-9.56141
-9.56856
-9.57542
-9.58197
-9.58817
-9.59398
-9.59937
-9.60429
-9.60872
-9.61261
-9.61591
-9.61858
-9.62057
-9.62184
-9.62234
-9.62202
-9.62083
-9.61871
-9.6156
-9.61147
-9.60624
-9.59987
-9.59229
-9.58345
-9.5733
-9.56175
-9.54876
-9.53424
-9.5181
-9.50025
-9.48055
-9.45886
-9.43499
-9.40869
-9.37967
-9.34758
-9.31199
-9.27239
-9.22819
-9.17872
-9.12325
-9.06096
-8.99102
-8.91255
-8.82469
-8.72661
-8.61759
-8.497
-8.3644
-8.21956
-8.06255
-7.89372
-7.71378
-7.52387
-7.32546
-7.12044
-6.91099
-6.69948
-6.48833
-6.27976
-6.07556
-5.87686
-5.68388
-5.49592
-5.31129
-5.1275
-4.94149
-4.7499
-4.54937
-4.33681
-4.10961
-3.86576
-3.60341
-3.32133
-3.02122
-2.70948
-2.39538
-2.08832
-1.79685
-1.52763
-1.2846
-1.06933
-0.881559
-0.719769
-0.581723
-0.464863
-0.366593
-0.28446
-0.216257
-0.160065
-0.114254
-0.0774878
-0.048595
-0.0265717
-0.0103544
0.00242571
0.0046457
-9.53241
-9.54015
-9.54765
-9.55484
-9.56176
-9.56839
-9.57471
-9.58067
-9.58625
-9.5914
-9.5961
-9.6003
-9.60396
-9.60703
-9.60948
-9.61126
-9.61231
-9.6126
-9.61206
-9.61066
-9.60832
-9.605
-9.60064
-9.59519
-9.58857
-9.58074
-9.57161
-9.56114
-9.54922
-9.5358
-9.52077
-9.50402
-9.48544
-9.46486
-9.44212
-9.41699
-9.3892
-9.35844
-9.32433
-9.28642
-9.24419
-9.19703
-9.14429
-9.08522
-9.01904
-8.9449
-8.86198
-8.76941
-8.66643
-8.55233
-8.42654
-8.28867
-8.13859
-7.97645
-7.80276
-7.61844
-7.42486
-7.22383
-7.01761
-6.80881
-6.60028
-6.39489
-6.19528
-6.0036
-5.82116
-5.6482
-5.48376
-5.32558
-5.17027
-5.01355
-4.85062
-4.67664
-4.48712
-4.27845
-4.048
-3.79288
-3.51032
-3.20185
-2.87503
-2.54138
-2.21365
-1.90291
-1.61698
-1.3603
-1.13444
-0.93877
-0.771269
-0.629165
-0.509422
-0.409057
-0.325325
-0.255811
-0.198462
-0.151564
-0.11372
-0.0837187
-0.0603907
-0.0424461
-0.0251338
-0.0146301
-9.52109
-9.52864
-9.53601
-9.54313
-9.54999
-9.55656
-9.56281
-9.5687
-9.57421
-9.5793
-9.58392
-9.58805
-9.59163
-9.59463
-9.59701
-9.59872
-9.5997
-9.59992
-9.59931
-9.59783
-9.59543
-9.59203
-9.5876
-9.58206
-9.57534
-9.5674
-9.55814
-9.5475
-9.53539
-9.52171
-9.50636
-9.48921
-9.47013
-9.44894
-9.42544
-9.39939
-9.3705
-9.33845
-9.30282
-9.26317
-9.21895
-9.16957
-9.11437
-9.05262
-8.98354
-8.90632
-8.82013
-8.72418
-8.61769
-8.5
-8.37057
-8.22906
-8.07537
-7.9097
-7.73265
-7.54524
-7.34902
-7.14604
-6.93894
-6.73084
-6.5253
-6.32605
-6.13673
-5.96041
-5.79915
-5.65345
-5.52196
-5.40128
-5.28618
-5.17006
-5.04559
-4.90551
-4.74325
-4.55389
-4.33443
-4.08099
-3.79035
-3.46543
-3.11657
-2.75813
-2.40519
-2.07056
-1.76326
-1.48823
-1.24698
-1.03857
-0.8605
-0.70957
-0.582353
-0.475557
-0.3862
-0.311696
-0.249873
-0.198934
-0.157427
-0.124097
-0.097855
-0.0769388
-0.0573781
-0.0324193
-9.51203
-9.51957
-9.52676
-9.53386
-9.54082
-9.54752
-9.55391
-9.55997
-9.56567
-9.57097
-9.57583
-9.5802
-9.58406
-9.58735
-9.59003
-9.59205
-9.59336
-9.59391
-9.59366
-9.59254
-9.5905
-9.58748
-9.58342
-9.57826
-9.57192
-9.56434
-9.55544
-9.54513
-9.53332
-9.51991
-9.50477
-9.48778
-9.46876
-9.44754
-9.42389
-9.39754
-9.36819
-9.33548
-9.29898
-9.2582
-9.21258
-9.1615
-9.10425
-9.04008
-8.96816
-8.88764
-8.79764
-8.69731
-8.58582
-8.46245
-8.32661
-8.17791
-8.01626
-7.84194
-7.6557
-7.45887
-7.25346
-7.04224
-6.82879
-6.61742
-6.41299
-6.22056
-6.04479
-5.88929
-5.75584
-5.64378
-5.54974
-5.4678
-5.39017
-5.30806
-5.21266
-5.09607
-4.95158
-4.775
-4.56536
-4.31674
-4.02058
-3.67751
-3.30088
-2.91082
-2.527
-2.165
-1.83503
-1.54211
-1.28721
-1.06857
-0.882937
-0.726417
-0.59506
-0.485171
-0.393478
-0.317188
-0.253986
-0.201976
-0.159667
-0.125707
-0.0995088
-0.0783436
-0.0657918
-0.0286366
-9.53482
-9.54417
-9.55311
-9.56166
-9.56994
-9.57794
-9.58558
-9.59283
-9.59967
-9.60604
-9.61193
-9.61727
-9.62203
-9.62617
-9.62964
-9.63239
-9.63438
-9.63554
-9.63583
-9.63519
-9.63357
-9.63089
-9.6271
-9.62213
-9.6159
-9.60834
-9.59936
-9.58887
-9.57677
-9.56293
-9.54722
-9.52949
-9.50957
-9.48724
-9.46226
-9.43434
-9.40316
-9.36833
-9.32942
-9.2859
-9.23722
-9.18274
-9.12175
-9.05349
-8.97716
-8.8919
-8.79687
-8.69124
-8.57421
-8.4451
-8.30339
-8.14877
-7.98125
-7.80122
-7.60959
-7.40786
-7.19821
-6.98359
-6.76768
-6.55481
-6.34971
-6.1571
-5.98116
-5.82483
-5.68922
-5.57306
-5.47256
-5.38171
-5.29285
-5.19756
-5.08745
-4.95508
-4.79442
-4.60137
-4.37794
-4.12273
-3.82502
-3.4822
-3.10644
-2.71741
-2.33486
-1.97475
-1.64765
-1.3588
-1.10914
-0.896758
-0.718149
-0.56917
-0.445633
-0.343648
-0.259793
-0.191163
-0.135368
-0.0904632
-0.0549528
-0.0274274
-0.00776969
0.00767034
0.00575485
0.0360988
-9.93965
-9.94994
-9.9609
-9.9659
-9.96706
-9.96683
-9.96611
-9.96676
-9.97014
-9.97625
-9.98483
-9.99574
-10.0087
-10.0232
-10.0388
-10.055
-10.0714
-10.0877
-10.1032
-10.1178
-10.1314
-10.1447
-10.1578
-10.1701
-10.1797
-10.1858
-10.1879
-10.1854
-10.1774
-10.1633
-10.1443
-10.1253
-10.1143
-10.1163
-10.1331
-10.1649
-10.2039
-10.2287
-10.2235
-10.1958
-10.1572
-10.1247
-10.1201
-10.1767
-10.3686
-10.7202
-11.185
-11.6805
-12.1324
-12.496
-12.756
-12.915
-12.9825
-12.9694
-12.8883
-12.756
-12.5896
-12.3983
-12.1788
-11.9255
-11.6435
-11.3424
-11.0167
-10.6329
-10.1489
-9.54394
-8.80007
-7.83204
-6.47814
-4.6579
-2.5876
-0.675741
0.794073
1.76391
2.23221
2.2798
2.07753
1.77723
1.46938
1.19538
0.968191
0.786831
0.644792
0.53444
0.448876
0.382482
0.330884
0.290742
0.259506
0.235207
0.216289
0.201492
0.189694
0.17992
0.170986
0.161518
0.148437
0.131803
0.0992102
0.0620457
-9.9348
-9.95247
-9.9707
-9.98416
-9.99158
-9.99134
-9.98792
-9.9862
-9.98889
-9.9953
-10.0052
-10.0182
-10.0339
-10.0515
-10.0704
-10.0898
-10.1092
-10.1284
-10.1471
-10.1652
-10.1828
-10.1993
-10.2143
-10.2277
-10.24
-10.2507
-10.2585
-10.2615
-10.2582
-10.2475
-10.2301
-10.21
-10.194
-10.1907
-10.2051
-10.2367
-10.2757
-10.3152
-10.3424
-10.32
-10.264
-10.2454
-10.2474
-10.3576
-10.6944
-11.219
-11.8065
-12.3424
-12.7667
-13.0654
-13.2489
-13.3356
-13.3435
-13.2865
-13.1754
-13.0198
-12.8298
-12.6147
-12.3815
-12.129
-11.8517
-11.5505
-11.2235
-10.8518
-10.4016
-9.83943
-9.13035
-8.19617
-6.90249
-5.18481
-3.21523
-1.35464
0.0870984
0.998856
1.41715
1.47321
1.32753
1.10814
0.887068
0.694918
0.539869
0.419831
0.329047
0.261285
0.211119
0.174241
0.147385
0.128107
0.114583
0.10543
0.0995553
0.096053
0.0941273
0.0929563
0.0915191
0.0893748
0.084581
0.0765922
0.0546313
0.0341252
-9.92124
-9.94346
-9.96526
-9.97821
-9.98995
-9.99826
-10.0052
-10.0115
-10.0193
-10.0288
-10.0404
-10.0538
-10.0688
-10.085
-10.102
-10.1195
-10.1373
-10.1553
-10.1734
-10.1917
-10.2106
-10.2298
-10.2493
-10.2684
-10.2869
-10.3039
-10.3186
-10.3295
-10.3346
-10.3317
-10.3211
-10.3054
-10.2896
-10.2796
-10.2816
-10.299
-10.3212
-10.3356
-10.3516
-10.3531
-10.3452
-10.3972
-10.5639
-10.8926
-11.3534
-11.8478
-12.2937
-12.6535
-12.9256
-13.1215
-13.2519
-13.3227
-13.3373
-13.2996
-13.2145
-13.0873
-12.9241
-12.7312
-12.516
-12.2824
-12.0273
-11.7441
-11.4276
-11.0707
-10.6537
-10.1399
-9.47502
-8.57706
-7.33856
-5.70919
-3.8065
-1.97756
-0.562619
0.329454
0.756817
0.863238
0.797928
0.667027
0.527492
0.403247
0.301334
0.221527
0.160875
0.115786
0.0829444
0.0596083
0.0436176
0.0333024
0.0273698
0.0248026
0.024783
0.0266096
0.0296396
0.0333153
0.0368386
0.0397349
0.0399457
0.0382989
0.0252234
0.0202438
-9.91495
-9.94218
-9.9684
-9.9835
-9.99739
-10.0084
-10.0196
-10.0301
-10.0416
-10.0539
-10.0672
-10.0814
-10.0968
-10.1133
-10.1307
-10.149
-10.1678
-10.187
-10.2067
-10.2267
-10.2474
-10.269
-10.2918
-10.316
-10.3414
-10.3671
-10.3914
-10.4124
-10.4276
-10.4339
-10.4285
-10.4121
-10.3876
-10.3596
-10.3324
-10.3087
-10.2855
-10.2534
-10.2088
-10.1722
-10.1987
-10.3688
-10.7175
-11.1872
-11.6796
-12.1281
-12.5119
-12.8324
-13.0907
-13.2848
-13.4143
-13.4813
-13.4894
-13.4439
-13.3511
-13.2182
-13.0525
-12.8603
-12.6469
-12.4157
-12.1663
-11.8923
-11.5848
-11.234
-10.8232
-10.3195
-9.66866
-8.79398
-7.60103
-6.03478
-4.19762
-2.42496
-1.05848
-0.203913
0.224022
0.375965
0.382651
0.327953
0.255648
0.185164
0.123806
0.0735764
0.0341984
0.00446013
-0.0171068
-0.0319131
-0.0411994
-0.0460199
-0.0472568
-0.0456606
-0.0418709
-0.036462
-0.0299624
-0.0228766
-0.0158496
-0.00915105
-0.00425535
0.000312668
-0.00297646
0.00479758
-9.91839
-9.94909
-9.97692
-9.99374
-10.0102
-10.0238
-10.0376
-10.0509
-10.0649
-10.0788
-10.0931
-10.1079
-10.1236
-10.1402
-10.1578
-10.1762
-10.1953
-10.2151
-10.2357
-10.2574
-10.2805
-10.3056
-10.3334
-10.3646
-10.3995
-10.4377
-10.4769
-10.5132
-10.5429
-10.5615
-10.5635
-10.545
-10.5048
-10.4444
-10.366
-10.2711
-10.1608
-10.0392
-9.92069
-9.86031
-9.9488
-10.2492
-10.7276
-11.2681
-11.773
-12.2078
-12.5747
-12.8803
-13.1263
-13.3128
-13.4405
-13.5111
-13.5269
-13.4916
-13.4097
-13.287
-13.1308
-12.9475
-12.7421
-12.517
-12.2718
-12.0022
-11.6998
-11.3539
-10.9474
-10.4459
-9.79333
-8.91546
-7.72945
-6.19143
-4.4196
-2.74344
-1.47142
-0.672073
-0.239998
-0.0369337
0.0411032
0.0568121
0.0439014
0.0195801
-0.00748442
-0.0328928
-0.0545179
-0.071544
-0.0838874
-0.0918418
-0.0958692
-0.0964968
-0.0942475
-0.0896326
-0.0831131
-0.0751527
-0.0661451
-0.0564994
-0.0466229
-0.0367316
-0.0277927
-0.0182734
-0.0142789
0.000723396
-9.92874
-9.96132
-9.98961
-10.0073
-10.0248
-10.0398
-10.0553
-10.0701
-10.0855
-10.1009
-10.1164
-10.1321
-10.1486
-10.1658
-10.184
-10.2032
-10.2232
-10.2441
-10.266
-10.2894
-10.3147
-10.343
-10.3755
-10.4133
-10.4571
-10.5068
-10.5602
-10.6122
-10.6561
-10.6859
-10.695
-10.676
-10.6229
-10.532
-10.4029
-10.2375
-10.0406
-9.83268
-9.6605
-9.60683
-9.76455
-10.1619
-10.715
-11.2904
-11.8037
-12.2402
-12.611
-12.9222
-13.1736
-13.3645
-13.4956
-13.569
-13.587
-13.5523
-13.4701
-13.3471
-13.1906
-13.0078
-12.804
-12.5816
-12.3387
-12.0704
-11.7683
-11.4216
-11.0118
-10.5007
-9.82866
-8.92375
-7.71603
-6.19006
-4.49526
-2.94587
-1.78922
-1.04666
-0.608159
-0.359657
-0.223672
-0.153684
-0.122238
-0.112762
-0.115003
-0.122536
-0.131402
-0.139307
-0.145045
-0.148095
-0.148345
-0.14593
-0.141103
-0.134204
-0.125555
-0.115546
-0.104456
-0.0926928
-0.0804233
-0.0679452
-0.0554141
-0.0418994
-0.0304063
-0.00942595
-9.94113
-9.97477
-10.0029
-10.0213
-10.0397
-10.0556
-10.0724
-10.0885
-10.1053
-10.1221
-10.1391
-10.1561
-10.1736
-10.1917
-10.2109
-10.231
-10.2522
-10.2744
-10.2979
-10.3232
-10.3508
-10.382
-10.4183
-10.4615
-10.5124
-10.5706
-10.6337
-10.6964
-10.75
-10.7868
-10.8004
-10.7823
-10.7232
-10.6149
-10.454
-10.2437
-9.99262
-9.73379
-9.53616
-9.49658
-9.69446
-10.1313
-10.7073
-11.2913
-11.8062
-12.2433
-12.6156
-12.9278
-13.18
-13.3723
-13.5062
-13.5829
-13.6047
-13.5744
-13.4963
-13.3768
-13.2234
-13.0431
-12.8411
-12.6199
-12.3779
-12.1091
-11.8042
-11.4509
-11.0274
-10.4906
-9.77849
-8.82539
-7.58054
-6.0685
-4.47159
-3.07006
-2.03398
-1.34352
-0.898622
-0.613484
-0.432796
-0.321398
-0.255753
-0.219584
-0.201595
-0.194034
-0.191724
-0.19135
-0.190901
-0.189249
-0.185833
-0.18047
-0.173176
-0.164137
-0.153541
-0.141711
-0.128783
-0.11517
-0.100723
-0.0859958
-0.0701722
-0.0535847
-0.0357993
-0.0127314
-9.95264
-9.98738
-10.0151
-10.0344
-10.0533
-10.0701
-10.0879
-10.1052
-10.1235
-10.1417
-10.1603
-10.1789
-10.1976
-10.2171
-10.2372
-10.2588
-10.2816
-10.3058
-10.3314
-10.3588
-10.3887
-10.4224
-10.4616
-10.5082
-10.5632
-10.6262
-10.6938
-10.7605
-10.8179
-10.8573
-10.8723
-10.8545
-10.7939
-10.6804
-10.5086
-10.283
-10.017
-9.74874
-9.55167
-9.51741
-9.71607
-10.1434
-10.7072
-11.2834
-11.7986
-12.2404
-12.6169
-12.9317
-13.1856
-13.3789
-13.5136
-13.5911
-13.613
-13.5821
-13.5033
-13.3831
-13.2296
-13.0497
-12.8484
-12.6271
-12.3836
-12.111
-11.7989
-11.4323
-10.9839
-10.4056
-9.63709
-8.62397
-7.34188
-5.86167
-4.38604
-3.13953
-2.21538
-1.56904
-1.11998
-0.808571
-0.596096
-0.455071
-0.364591
-0.308704
-0.275528
-0.256481
-0.245565
-0.238753
-0.233449
-0.228074
-0.221725
-0.213974
-0.204651
-0.193826
-0.181571
-0.168175
-0.15364
-0.138447
-0.122088
-0.105512
-0.0866633
-0.0677819
-0.0437768
-0.0196928
-9.96089
-9.99693
-10.0247
-10.0457
-10.0658
-10.0843
-10.1039
-10.1234
-10.1441
-10.1651
-10.1864
-10.2076
-10.2286
-10.2498
-10.2721
-10.2957
-10.3207
-10.3471
-10.375
-10.4046
-10.4366
-10.4722
-10.5133
-10.5616
-10.6183
-10.6829
-10.752
-10.8195
-10.8768
-10.9159
-10.9295
-10.9098
-10.847
-10.7317
-10.559
-10.3349
-10.079
-9.82899
-9.64866
-9.61761
-9.80089
-10.1961
-10.7252
-11.2798
-11.789
-12.2318
-12.609
-12.9229
-13.1747
-13.3661
-13.499
-13.5752
-13.5963
-13.5649
-13.4859
-13.366
-13.2131
-13.0338
-12.8324
-12.6097
-12.3623
-12.0822
-11.757
-11.368
-10.8821
-10.2487
-9.41422
-8.33999
-7.03296
-5.60976
-4.2722
-3.17489
-2.34793
-1.73869
-1.28909
-0.960493
-0.725915
-0.563241
-0.453722
-0.382017
-0.336144
-0.307124
-0.288474
-0.275695
-0.265771
-0.256782
-0.247552
-0.237449
-0.226144
-0.213601
-0.199784
-0.184949
-0.168951
-0.152365
-0.134292
-0.116221
-0.0946694
-0.0743822
-0.0447439
-0.0225791
-9.96526
-10.0052
-10.0334
-10.0563
-10.0773
-10.0975
-10.1189
-10.141
-10.1648
-10.1894
-10.2148
-10.2399
-10.2647
-10.289
-10.3133
-10.3393
-10.3672
-10.3968
-10.4278
-10.4603
-10.4948
-10.5324
-10.5748
-10.6238
-10.6804
-10.7441
-10.8119
-10.8775
-10.9328
-10.97
-10.9818
-10.9598
-10.8939
-10.7757
-10.6036
-10.3864
-10.1469
-9.92381
-9.77049
-9.75304
-9.92385
-10.2826
-10.768
-11.2907
-11.7845
-12.2221
-12.597
-12.9087
-13.1578
-13.3461
-13.4755
-13.5477
-13.5649
-13.5301
-13.4487
-13.3277
-13.1743
-12.9947
-12.7921
-12.5659
-12.3117
-12.0197
-11.675
-11.2548
-10.7217
-10.0266
-9.12704
-8.00095
-6.68918
-5.34662
-4.15152
-3.18736
-2.44079
-1.86285
-1.41626
-1.07787
-0.828812
-0.650944
-0.527415
-0.443656
-0.387845
-0.350856
-0.325926
-0.308237
-0.294474
-0.282455
-0.270791
-0.258692
-0.245695
-0.231682
-0.21652
-0.200451
-0.183187
-0.16542
-0.145825
-0.126539
-0.102472
-0.0813614
-0.0461623
-0.0272808
-9.96098
-10.0068
-10.0378
-10.066
-10.0909
-10.1156
-10.1417
-10.169
-10.1986
-10.2295
-10.2613
-10.2931
-10.3242
-10.3541
-10.3827
-10.4118
-10.4422
-10.4742
-10.5076
-10.5421
-10.5781
-10.6164
-10.6587
-10.7065
-10.7608
-10.8211
-10.8844
-10.9449
-10.9951
-11.0276
-11.0347
-11.0078
-10.9371
-10.8151
-10.6424
-10.4318
-10.2088
-10.0121
-9.88864
-9.89073
-10.0583
-10.389
-10.8335
-11.3202
-11.7907
-12.2149
-12.5815
-12.8867
-13.1298
-13.3121
-13.4357
-13.5024
-13.5149
-13.4767
-13.3933
-13.2714
-13.1177
-12.9369
-12.7313
-12.499
-12.234
-11.9248
-11.5541
-11.0957
-10.5109
-9.75624
-8.80127
-7.63874
-6.3438
-5.09644
-4.03532
-3.18325
-2.50157
-1.9509
-1.51052
-1.16789
-0.909774
-0.721188
-0.587042
-0.493672
-0.429619
-0.385802
-0.355338
-0.333214
-0.315908
-0.301048
-0.287079
-0.273079
-0.258475
-0.243082
-0.226676
-0.209496
-0.191112
-0.172353
-0.151468
-0.131296
-0.105054
-0.0838208
-0.0433192
-0.0297064
-9.95535
-10.0158
-10.0518
-10.0833
-10.1123
-10.1422
-10.1744
-10.2084
-10.2453
-10.2839
-10.3236
-10.363
-10.4014
-10.4381
-10.4726
-10.5041
-10.537
-10.5709
-10.6058
-10.6414
-10.6779
-10.716
-10.7572
-10.8026
-10.8531
-10.908
-10.9645
-11.0173
-11.0593
-11.0831
-11.0816
-11.0463
-10.9683
-10.8416
-10.669
-10.465
-10.2574
-10.0842
-9.98877
-10.0118
-10.1824
-10.4955
-10.909
-11.3632
-11.8076
-12.2133
-12.5665
-12.8613
-13.0957
-13.2703
-13.3864
-13.4464
-13.453
-13.4106
-13.3243
-13.2005
-13.0446
-12.8605
-12.649
-12.4071
-12.1273
-11.7968
-11.3961
-10.8978
-10.2643
-9.45982
-8.46389
-7.28184
-6.02106
-4.87153
-3.92728
-3.16549
-2.53554
-2.00909
-1.57735
-1.23465
-0.97176
-0.776237
-0.634592
-0.534084
-0.463705
-0.414522
-0.379634
-0.353925
-0.333732
-0.316546
-0.300687
-0.285134
-0.269223
-0.252716
-0.235311
-0.217246
-0.197962
-0.178431
-0.156481
-0.13568
-0.107547
-0.0865968
-0.0409725
-0.0336842
-9.93323
-10.0033
-10.0671
-10.1179
-10.1627
-10.2075
-10.2534
-10.3001
-10.3482
-10.3965
-10.444
-10.4897
-10.5332
-10.5739
-10.6124
-10.6461
-10.6777
-10.7086
-10.7397
-10.771
-10.8027
-10.8357
-10.8712
-10.9103
-10.9534
-10.9994
-11.0456
-11.0871
-11.1176
-11.13
-11.1171
-11.0706
-10.9825
-10.8489
-10.6747
-10.4764
-10.282
-10.1287
-10.0566
-10.0999
-10.2776
-10.5814
-10.9735
-11.4026
-11.8243
-12.211
-12.5485
-12.8303
-13.0533
-13.2176
-13.3244
-13.3765
-13.3769
-13.3298
-13.2402
-13.1133
-12.9539
-12.7644
-12.5448
-12.2909
-11.9943
-11.6408
-11.2101
-10.6749
-10.0008
-9.15959
-8.13705
-6.94999
-5.73289
-4.67329
-3.82534
-3.1345
-2.54648
-2.04259
-1.62158
-1.2821
-1.01777
-0.818232
-0.671474
-0.565677
-0.490352
-0.436809
-0.398213
-0.369419
-0.346689
-0.327427
-0.30986
-0.292896
-0.275799
-0.258288
-0.239998
-0.221171
-0.20113
-0.180985
-0.158174
-0.136977
-0.107267
-0.0869808
-0.036598
-0.0365111
-9.9415
-10.0766
-10.161
-10.215
-10.275
-10.3341
-10.3891
-10.4429
-10.4965
-10.5484
-10.5973
-10.6422
-10.6836
-10.7221
-10.7578
-10.7912
-10.818
-10.8426
-10.8661
-10.8892
-10.9125
-10.9369
-10.9638
-10.9939
-11.0275
-11.0632
-11.098
-11.1275
-11.1454
-11.1451
-11.1195
-11.0607
-10.9623
-10.8221
-10.6468
-10.4544
-10.2732
-10.1388
-10.0872
-10.147
-10.3317
-10.6302
-11.0073
-11.4174
-11.8207
-12.1912
-12.5146
-12.7834
-12.9949
-13.1488
-13.247
-13.292
-13.2867
-13.2349
-13.1413
-13.0103
-12.8457
-12.6494
-12.4202
-12.1531
-11.839
-11.4631
-11.0052
-10.4393
-9.73518
-8.87066
-7.83512
-6.65622
-5.48612
-4.50147
-3.72681
-3.08858
-2.53381
-2.05064
-1.64179
-1.30825
-1.04559
-0.845059
-0.695875
-0.587064
-0.508659
-0.452255
-0.411146
-0.380218
-0.355713
-0.334991
-0.316229
-0.298287
-0.280382
-0.262205
-0.243343
-0.224047
-0.203539
-0.183062
-0.159703
-0.138398
-0.107523
-0.0882158
-0.0334417
-0.0411558
-9.90568
-10.1083
-10.3269
-10.4082
-10.4958
-10.5805
-10.645
-10.6973
-10.7425
-10.7812
-10.8136
-10.8409
-10.8641
-10.8842
-10.9029
-10.9221
-10.936
-10.9462
-10.9553
-10.9647
-10.9753
-10.9879
-11.0035
-11.0229
-11.0458
-11.0706
-11.0943
-11.1123
-11.1186
-11.1068
-11.0697
-11.0004
-10.8938
-10.7495
-10.576
-10.3918
-10.2249
-10.1084
-10.0749
-10.1489
-10.3394
-10.634
-10.9998
-11.3952
-11.7839
-12.1408
-12.452
-12.7101
-12.9123
-13.0584
-13.1495
-13.1881
-13.1772
-13.1206
-13.0224
-12.8867
-12.7164
-12.5126
-12.2735
-11.9938
-11.6638
-11.2688
-10.7896
-10.2021
-9.47999
-8.6053
-7.56992
-6.41171
-5.28958
-4.3653
-3.64456
-3.0448
-2.51634
-2.05124
-1.65394
-1.32676
-1.06663
-0.866085
-0.715384
-0.604323
-0.523438
-0.464624
-0.421331
-0.388508
-0.362402
-0.340353
-0.320503
-0.301676
-0.28305
-0.264296
-0.244953
-0.225283
-0.20442
-0.183723
-0.159979
-0.138698
-0.106967
-0.0887
-0.0301821
-0.0451413
)
;

boundaryField
{
    outlet
    {
        type            fixedValue;
        value           uniform 0;
    }
    inlet
    {
        type            zeroGradient;
    }
    lowerWall
    {
        type            zeroGradient;
    }
    upperWall
    {
        type            zeroGradient;
    }
    frontAndBack
    {
        type            empty;
    }
}


// ************************************************************************* //
