/*--------------------------------*- C++ -*----------------------------------*\
| =========                 |                                                 |
| \\      /  F ield         | OpenFOAM: The Open Source CFD Toolbox           |
|  \\    /   O peration     | Version:  4.1                                   |
|   \\  /    A nd           | Web:      www.OpenFOAM.org                      |
|    \\/     M anipulation  |                                                 |
\*---------------------------------------------------------------------------*/
FoamFile
{
    version     2.0;
    format      ascii;
    class       volScalarField;
    location    "500";
    object      epsilon;
}
// * * * * * * * * * * * * * * * * * * * * * * * * * * * * * * * * * * * * * //

dimensions      [0 2 -3 0 0 0 0];

internalField   nonuniform List<scalar> 
6820
(
115.949
152.042
190.662
230.214
269.214
306.366
340.626
371.273
397.908
420.413
438.886
453.577
464.832
473.046
478.626
481.966
483.437
483.371
482.062
479.768
476.706
473.061
468.988
464.614
460.044
455.364
450.643
445.936
441.285
436.728
432.283
428.053
425.333
9.48475
17.5527
23.808
29.3426
34.5608
39.5626
44.3506
48.9006
53.1821
57.1685
60.8429
64.2001
67.2459
69.9946
72.4667
74.6866
76.6802
78.4737
80.0922
81.5593
82.8961
84.1221
85.2544
86.3075
87.294
88.224
89.1061
89.9475
90.7529
91.5288
92.2747
92.9978
93.6959
4.14146
5.59603
6.98298
8.20864
9.27791
10.2174
11.0506
11.7953
12.4653
13.0716
13.6234
14.1277
14.5907
15.0171
15.411
15.7759
16.1147
16.4299
16.7239
16.9982
17.2565
17.5063
17.7497
17.9876
18.2205
18.4487
18.6729
18.8932
19.1101
19.3237
19.5343
19.7423
19.9461
3.60121
3.91797
4.33109
4.75788
5.16051
5.52673
5.85478
6.14672
6.40586
6.6358
6.83997
7.02151
7.18326
7.3277
7.457
7.57301
7.67736
7.77143
7.85641
7.93333
8.00304
8.06706
8.12648
8.18208
8.23446
8.2841
8.33142
8.37673
8.42034
8.46247
8.50337
8.54317
8.58221
3.52798
3.56982
3.67476
3.81744
3.97489
4.13281
4.28383
4.42459
4.55378
4.67123
4.77739
4.87293
4.95867
5.03546
5.10412
5.16543
5.22013
5.26887
5.31226
5.35085
5.38511
5.41553
5.44255
5.46659
5.48799
5.5071
5.52418
5.53949
5.55324
5.56562
5.5768
5.58692
5.59617
3.5197
3.49572
3.49766
3.52374
3.56745
3.62175
3.681
3.74133
3.80034
3.8566
3.90933
3.95814
4.0029
4.04367
4.08058
4.11383
4.14364
4.17026
4.19393
4.21488
4.23334
4.24953
4.26365
4.2759
4.28646
4.2955
4.30317
4.30961
4.31495
4.31931
4.32278
4.32547
4.32748
3.51928
3.48173
3.4529
3.43487
3.42775
3.42982
3.4388
3.45249
3.46904
3.48707
3.50556
3.52382
3.54137
3.5579
3.57323
3.58725
3.59992
3.61125
3.62126
3.63
3.63755
3.644
3.64943
3.65388
3.65744
3.66018
3.66216
3.66344
3.66408
3.66416
3.66371
3.66278
3.66145
3.51938
3.47956
3.44297
3.41081
3.38393
3.36257
3.34634
3.33451
3.32623
3.32072
3.31725
3.31524
3.31422
3.31381
3.31375
3.3138
3.31383
3.3137
3.31336
3.31274
3.31181
3.31057
3.30901
3.30714
3.30495
3.30247
3.29972
3.2967
3.29344
3.28996
3.28627
3.2824
3.27837
3.51942
3.47931
3.44106
3.40504
3.37162
3.34118
3.31388
3.28963
3.26823
3.24937
3.23274
3.218
3.20484
3.19298
3.18219
3.17226
3.16301
3.15433
3.14608
3.1382
3.1306
3.12323
3.11604
3.10899
3.10206
3.09523
3.08848
3.0818
3.07517
3.0686
3.06208
3.05561
3.04918
3.51943
3.47931
3.44074
3.4038
3.36856
3.33518
3.30378
3.27441
3.24705
3.22165
3.19809
3.17624
3.15594
3.13705
3.11941
3.10289
3.08735
3.07269
3.0588
3.04559
3.03298
3.02092
3.00934
2.9982
2.98744
2.97704
2.96697
2.95719
2.94768
2.93843
2.92941
2.92062
2.91203
3.51944
3.47931
3.44068
3.40355
3.36786
3.33364
3.30091
3.26968
3.23995
3.2117
3.18491
3.15952
3.13548
3.1127
3.09111
3.07063
3.05118
3.03268
3.01506
2.99824
2.98218
2.96679
2.95205
2.93789
2.92428
2.91117
2.89854
2.88634
2.87455
2.86315
2.85211
2.8414
2.83102
3.51944
3.47931
3.44066
3.40348
3.3677
3.33326
3.30016
3.26835
3.23781
3.20852
3.18044
3.15355
3.12781
3.10318
3.0796
3.05705
3.03545
3.01478
2.99496
2.97597
2.95774
2.94024
2.92343
2.90725
2.89169
2.87669
2.86224
2.84829
2.83482
2.82181
2.80923
2.79706
2.78528
3.51944
3.47931
3.44065
3.40345
3.36764
3.33315
3.29995
3.26797
3.23718
3.20753
3.17899
3.15152
3.12508
3.09964
3.07517
3.05162
3.02897
3.00717
2.98619
2.966
2.94655
2.92782
2.90977
2.89236
2.87558
2.85939
2.84375
2.82866
2.81407
2.79997
2.78633
2.77313
2.76036
3.51944
3.4793
3.44063
3.40343
3.36761
3.3331
3.29987
3.26785
3.23698
3.20723
3.17854
3.15087
3.12419
3.09845
3.07362
3.04967
3.02656
3.00427
2.98275
2.96198
2.94193
2.92257
2.90387
2.8858
2.86835
2.85147
2.83516
2.81938
2.80412
2.78934
2.77504
2.76119
2.74778
3.51944
3.4793
3.44063
3.40341
3.36758
3.33307
3.29982
3.26778
3.23689
3.2071
3.17836
3.15063
3.12386
3.09801
3.07305
3.04894
3.02565
3.00314
2.98139
2.96036
2.94003
2.92037
2.90135
2.88296
2.86515
2.84792
2.83125
2.8151
2.79946
2.7843
2.76962
2.7554
2.7416
3.51944
3.4793
3.44062
3.4034
3.36756
3.33304
3.29979
3.26774
3.23684
3.20703
3.17827
3.15052
3.12372
3.09783
3.07283
3.04866
3.0253
3.00272
2.98088
2.95975
2.93931
2.91952
2.90037
2.88183
2.86388
2.84648
2.82963
2.81331
2.79748
2.78214
2.76727
2.75284
2.73885
3.51944
3.4793
3.44061
3.40339
3.36755
3.33302
3.29976
3.2677
3.23679
3.20698
3.17821
3.15044
3.12363
3.09772
3.0727
3.04851
3.02512
3.00251
2.98063
2.95946
2.93897
2.91913
2.89992
2.88132
2.86329
2.84583
2.8289
2.81249
2.79657
2.78114
2.76617
2.75165
2.73755
3.51944
3.47929
3.44061
3.40338
3.36753
3.333
3.29974
3.26767
3.23676
3.20693
3.17816
3.15038
3.12356
3.09765
3.07261
3.04841
3.02501
3.00238
2.98049
2.9593
2.93879
2.91893
2.8997
2.88107
2.86302
2.84552
2.82856
2.81212
2.79617
2.7807
2.76569
2.75112
2.73698
3.51944
3.47929
3.44061
3.40337
3.36752
3.33299
3.29972
3.26765
3.23673
3.2069
3.17811
3.15033
3.1235
3.09758
3.07254
3.04833
3.02492
3.00228
2.98038
2.95918
2.93866
2.91879
2.89955
2.8809
2.86284
2.84532
2.82835
2.81188
2.79592
2.78042
2.76539
2.7508
2.73664
3.51944
3.47929
3.44061
3.40337
3.36752
3.33298
3.2997
3.26763
3.2367
3.20687
3.17808
3.15028
3.12345
3.09752
3.07247
3.04826
3.02484
3.0022
2.98029
2.95908
2.93856
2.91868
2.89943
2.88078
2.8627
2.84518
2.8282
2.81173
2.79575
2.78025
2.76521
2.75061
2.73643
3.51944
3.47929
3.4406
3.40337
3.36751
3.33297
3.29969
3.26761
3.23668
3.20684
3.17804
3.15025
3.12341
3.09748
3.07242
3.0482
3.02478
3.00213
2.98021
2.959
2.93847
2.91858
2.89933
2.88067
2.86259
2.84506
2.82807
2.81159
2.79561
2.7801
2.76505
2.75044
2.73626
3.51944
3.47929
3.4406
3.40336
3.36751
3.33296
3.29968
3.2676
3.23666
3.20682
3.17802
3.15022
3.12337
3.09743
3.07237
3.04815
3.02472
3.00207
2.98014
2.95893
2.93839
2.9185
2.89924
2.88058
2.86249
2.84496
2.82796
2.81148
2.79549
2.77998
2.76492
2.75031
2.73612
3.51944
3.47929
3.4406
3.40336
3.3675
3.33296
3.29967
3.26759
3.23665
3.2068
3.178
3.15019
3.12334
3.0974
3.07233
3.0481
3.02468
3.00201
2.98009
2.95887
2.93832
2.91843
2.89916
2.8805
2.86241
2.84487
2.82787
2.81138
2.79539
2.77987
2.76481
2.7502
2.73601
3.51944
3.47929
3.4406
3.40336
3.3675
3.33295
3.29967
3.26758
3.23664
3.20679
3.17798
3.15017
3.12331
3.09737
3.0723
3.04807
3.02464
3.00197
2.98004
2.95882
2.93827
2.91837
2.8991
2.88043
2.86233
2.84479
2.82779
2.8113
2.7953
2.77978
2.76471
2.7501
2.7359
3.51944
3.47929
3.4406
3.40336
3.3675
3.33295
3.29966
3.26757
3.23663
3.20678
3.17797
3.15016
3.1233
3.09735
3.07228
3.04804
3.02461
3.00194
2.98001
2.95878
2.93823
2.91833
2.89906
2.88038
2.86228
2.84474
2.82773
2.81124
2.79524
2.77972
2.76465
2.75003
2.73583
3.51944
3.47929
3.4406
3.40336
3.3675
3.33295
3.29966
3.26757
3.23662
3.20677
3.17796
3.15015
3.12329
3.09734
3.07227
3.04803
3.02459
3.00192
2.97998
2.95875
2.9382
2.91829
2.89902
2.88034
2.86224
2.84469
2.82768
2.81118
2.79518
2.77965
2.76458
2.74996
2.73576
3.51944
3.47929
3.4406
3.40336
3.3675
3.33295
3.29966
3.26757
3.23662
3.20677
3.17796
3.15014
3.12328
3.09733
3.07226
3.04802
3.02458
3.00191
2.97997
2.95874
2.93819
2.91829
2.89901
2.88033
2.86223
2.84469
2.82768
2.81118
2.79518
2.77965
2.76458
2.74996
2.73576
3.51944
3.47929
3.4406
3.40336
3.3675
3.33295
3.29966
3.26757
3.23662
3.20677
3.17796
3.15014
3.12328
3.09733
3.07225
3.04801
3.02457
3.0019
2.97996
2.95873
2.93817
2.91827
2.89898
2.8803
2.8622
2.84465
2.82764
2.81113
2.79513
2.7796
2.76453
2.7499
2.7357
3.51944
3.47929
3.4406
3.40336
3.3675
3.33295
3.29966
3.26757
3.23663
3.20677
3.17797
3.15015
3.1233
3.09735
3.07228
3.04804
3.02461
3.00194
2.98
2.95878
2.93823
2.91833
2.89905
2.88037
2.86227
2.84473
2.82772
2.81122
2.79522
2.77969
2.76462
2.75
2.7358
3.51944
3.47929
3.4406
3.40336
3.3675
3.33296
3.29967
3.26758
3.23663
3.20678
3.17797
3.15016
3.1233
3.09735
3.07227
3.04803
3.02459
3.00192
2.97998
2.95875
2.93819
2.91829
2.89901
2.88033
2.86223
2.84469
2.82768
2.81118
2.79518
2.77965
2.76458
2.74996
2.73577
3.51944
3.47929
3.4406
3.40336
3.3675
3.33296
3.29968
3.26759
3.23666
3.20681
3.17801
3.15021
3.12337
3.09743
3.07237
3.04815
3.02472
3.00207
2.98015
2.95893
2.93839
2.91851
2.89924
2.88058
2.8625
2.84497
2.82797
2.81149
2.79551
2.78
2.76495
2.75035
2.73617
3.51944
3.47929
3.4406
3.40337
3.36751
3.33297
3.29968
3.2676
3.23665
3.20681
3.178
3.1502
3.12335
3.09741
3.07235
3.04813
3.02472
3.00207
2.98017
2.95897
2.93846
2.9186
2.89937
2.88074
2.86269
2.84521
2.82825
2.81182
2.79589
2.78043
2.76544
2.75089
2.73678
3.51944
3.47929
3.44061
3.40337
3.36753
3.333
3.29975
3.2677
3.23681
3.20702
3.17828
3.15055
3.12378
3.09792
3.07295
3.04883
3.02551
3.00297
2.98118
2.9601
2.93971
2.91999
2.90089
2.88241
2.86452
2.84719
2.8304
2.81413
2.79837
2.78309
2.76827
2.75391
2.73997
3.51944
3.47929
3.44061
3.40338
3.36754
3.33305
3.29985
3.26787
3.23707
3.2074
3.1788
3.15124
3.12468
3.09906
3.07436
3.05054
3.02756
3.00538
2.98398
2.96333
2.94338
2.92411
2.9055
2.88751
2.87012
2.85331
2.83706
2.82133
2.80611
2.79138
2.77712
2.76331
2.74994
3.51943
3.4793
3.44066
3.40356
3.36794
3.33374
3.30092
3.26945
3.23927
3.21034
3.1826
3.15602
3.13055
3.10612
3.0827
3.06024
3.03868
3.01799
2.99811
2.97901
2.96064
2.94296
2.92595
2.90956
2.89376
2.87853
2.86383
2.84964
2.83593
2.82269
2.80988
2.79749
2.7855
3.51942
3.47942
3.4412
3.4049
3.37061
3.33828
3.30787
3.27931
3.2525
3.22735
3.20373
3.18153
3.16063
3.14092
3.12231
3.10469
3.08798
3.0721
3.05698
3.04256
3.02877
3.01557
3.00291
2.99074
2.97905
2.96779
2.95693
2.94645
2.93632
2.92652
2.91703
2.90784
2.89892
3.5196
3.48203
3.4494
3.42177
3.39875
3.37982
3.36441
3.3519
3.34176
3.33352
3.32678
3.32123
3.31658
3.31264
3.30921
3.30616
3.30339
3.30079
3.29831
3.2959
3.2935
3.2911
3.28866
3.28618
3.28364
3.28104
3.27836
3.27562
3.27281
3.26994
3.267
3.264
3.26095
3.53049
3.53942
3.57108
3.61694
3.67051
3.72751
3.78532
3.84237
3.89778
3.95094
4.00154
4.04942
4.09453
4.13693
4.17669
4.21392
4.24875
4.28133
4.31177
4.34022
4.3668
4.39164
4.41486
4.43657
4.45687
4.47585
4.49362
4.51025
4.52581
4.5404
4.55407
4.56689
4.57896
4.00122
4.78108
5.43761
6.00239
6.50089
6.94846
7.35534
7.72902
8.07515
8.39803
8.701
8.98674
9.25738
9.51467
9.76003
9.99467
10.2196
10.4355
10.6433
10.8435
11.0367
11.2232
11.4036
11.5781
11.7471
11.9109
12.0697
12.2238
12.3734
12.5186
12.6598
12.797
12.9307
31.176
33.6247
36.0474
38.4444
40.8146
43.156
45.4658
47.7405
49.9769
52.1719
54.3225
56.4263
58.4809
60.4845
62.4354
64.3325
66.1748
67.9617
69.6928
71.368
72.9875
74.5517
76.061
77.5162
78.9181
80.2676
81.5659
82.8141
84.0134
85.1652
86.2706
87.3317
88.3571
436.557
501.684
589.184
685.319
772.4
838.297
878.745
895.119
892.174
875.696
850.721
820.887
788.503
755.055
721.538
688.724
656.987
626.652
597.648
569.962
543.655
518.814
495.526
473.844
453.758
435.19
418.014
402.082
387.245
373.371
360.346
348.076
336.483
325.503
315.081
305.166
295.711
286.672
278.005
269.668
261.625
253.846
246.312
239.009
231.931
225.076
218.441
212.019
205.793
199.735
193.798
187.923
182.041
176.082
169.992
163.747
157.377
150.968
144.666
138.657
133.135
128.268
124.159
120.822
118.182
116.079
114.298
112.592
110.713
108.439
105.594
102.076
97.8617
93.0188
87.6893
82.0675
76.3661
70.783
65.475
60.5436
56.033
51.9366
48.209
44.781
41.5711
38.4967
35.4858
32.483
29.4386
26.3198
23.1861
20.1967
17.4188
14.806
12.559
11.0416
10.3271
10.1778
10.3581
10.6887
95.0595
100.168
109.843
126.047
149.233
178.426
211.767
246.821
281.01
312.205
338.945
360.432
376.427
387.148
393.153
395.219
394.104
390.472
385.042
378.318
370.671
362.409
353.803
345.094
336.471
328.059
319.917
312.057
304.455
297.081
289.898
282.878
275.995
269.228
262.564
255.99
249.495
243.069
236.704
230.392
224.127
217.91
211.746
205.649
199.638
193.732
187.95
182.305
176.798
171.415
166.126
160.885
155.636
150.322
144.903
139.363
133.734
128.099
122.587
117.365
112.601
108.441
104.967
102.188
100.027
98.3373
96.9203
95.5539
94.0178
92.1177
89.7056
86.6969
83.0802
78.9181
74.336
69.501
64.5936
59.7807
55.1946
50.9218
47.001
43.4286
40.1691
37.1669
34.3572
31.6752
29.0665
26.4927
23.9197
21.324
18.7779
16.474
14.4868
12.6852
11.1301
10.0907
9.63964
9.60255
9.80819
10.1259
20.2017
20.5933
21.2739
22.5266
24.6889
28.1131
33.0251
39.519
47.6575
57.4277
68.6514
81.0071
94.0743
107.387
120.494
133.006
144.619
155.025
164.135
171.95
178.512
183.898
188.215
191.592
194.165
196.056
197.363
198.156
198.481
198.367
197.837
196.907
195.596
193.921
191.904
189.564
186.923
184.002
180.824
177.411
173.787
169.979
166.018
161.94
157.785
153.592
149.398
145.231
141.109
137.034
132.991
128.95
124.87
120.712
116.443
112.058
107.585
103.097
98.7066
94.5525
90.7802
87.5123
84.823
82.7197
81.1391
79.9547
78.996
78.0707
76.9884
75.582
73.7261
71.35
68.4456
65.0667
61.3188
57.3412
53.2844
49.2878
45.463
41.8848
38.5886
35.5754
32.8196
30.2793
27.9051
25.6476
23.4662
21.3366
19.2411
17.1598
15.14
13.3655
11.9616
10.8079
9.84411
9.21155
8.97313
9.01823
9.23686
9.53411
8.62663
8.68116
8.7496
8.8538
9.02653
9.31982
9.80055
10.54
11.6179
13.0651
14.9393
17.3022
20.2021
23.6671
27.7019
32.2851
37.3661
42.8561
48.6245
54.5634
60.5685
66.5407
72.3927
78.0535
83.4697
88.6018
93.4188
97.8937
102.001
105.719
109.025
111.904
114.345
116.341
117.893
119.005
119.687
119.952
119.819
119.307
118.442
117.253
115.775
114.045
112.107
110.004
107.777
105.462
103.084
100.656
98.1769
95.6333
93.0018
90.2573
87.3817
84.3751
81.2645
78.1095
75.0007
72.0507
69.3768
67.0806
65.2263
63.8265
62.8364
62.159
61.6591
61.1808
60.5675
59.6799
58.4119
56.7019
54.54
51.967
49.0666
45.951
42.7431
39.5582
36.4906
33.6053
30.9357
28.4873
26.2434
24.1742
22.2436
20.4154
18.6591
16.9578
15.3081
13.7041
12.1642
10.8185
9.81929
9.1219
8.61764
8.32551
8.27375
8.3966
8.63459
8.92315
5.60556
5.61662
5.6293
5.64503
5.66685
5.70018
5.75438
5.84252
5.9811
6.18793
6.47655
6.86394
7.37005
8.01598
8.82323
9.8131
11.0054
12.417
14.051
15.9113
17.9974
20.3036
22.8193
25.5294
28.4141
31.4496
34.6067
37.851
41.1434
44.4403
47.6963
50.865
53.9018
56.7649
59.4173
61.8272
63.9691
65.8236
67.378
68.6258
69.5673
70.2093
70.5659
70.6575
70.5098
70.1523
69.6151
68.9262
68.1082
67.1757
66.1339
64.9788
63.7
62.285
60.726
59.0274
57.2124
55.3275
53.4415
51.6391
50.0097
48.6317
47.5578
46.803
46.3401
46.1017
45.9895
45.8867
45.6732
45.2389
44.4975
43.3959
41.9204
40.0978
37.9896
35.6818
33.2708
30.8498
28.4969
26.2678
24.194
22.2844
20.5302
18.9114
17.4028
15.9793
14.6192
13.3089
12.049
10.8486
9.72077
8.74006
8.03847
7.63926
7.45093
7.41699
7.52162
7.71921
7.98455
8.27916
4.32892
4.32979
4.33058
4.33148
4.33275
4.33511
4.33983
4.34898
4.36567
4.39414
4.43881
4.50432
4.59631
4.72143
4.88656
5.09907
5.36671
5.69767
6.0987
6.57636
7.13744
7.78869
8.53675
9.38808
10.3487
11.4235
12.6159
13.9264
15.3524
16.8872
18.5196
20.234
22.0106
23.8261
25.6542
27.4672
29.2367
30.9348
32.5357
34.0164
35.358
36.5464
37.5731
38.4355
39.1366
39.6838
40.0877
40.3597
40.5099
40.5452
40.4678
40.2752
39.9613
39.5193
38.9455
38.2445
37.4334
36.5446
35.6261
34.7371
33.9408
33.294
32.8366
32.5833
32.5195
32.6019
32.7639
32.9241
32.9957
32.8974
32.5628
31.948
31.038
29.8473
28.4176
26.811
25.0995
23.3547
21.6388
19.9981
18.4607
17.0375
15.7255
14.5125
13.3819
12.3169
11.3036
10.3323
9.40257
8.52714
7.72474
7.04045
6.56909
6.36374
6.37176
6.51166
6.73411
6.9962
7.29074
7.59938
3.65932
3.65629
3.6527
3.64887
3.64465
3.64013
3.63552
3.63118
3.62778
3.62634
3.62799
3.63409
3.64632
3.66667
3.69745
3.74122
3.80077
3.87912
3.97932
4.10401
4.25619
4.4389
4.65528
4.90869
5.20267
5.54098
5.92737
6.36547
6.85851
7.40902
8.01856
8.68739
9.41419
10.1958
11.0271
11.9007
12.8075
13.7363
14.6746
15.6089
16.5256
17.4117
18.2554
19.0473
19.7802
20.4496
21.0531
21.5894
22.0577
22.4563
22.782
23.0295
23.1924
23.2644
23.2416
23.1254
22.9252
22.6604
22.3604
22.0625
21.8074
21.633
21.5674
21.623
21.7932
22.0521
22.3573
22.655
22.8861
22.9935
22.9284
22.6569
22.164
21.4558
20.5583
19.5133
18.3714
17.185
16.0007
14.855
13.7714
12.761
11.8245
10.9557
10.1443
9.37958
8.65283
7.95857
7.29653
6.6774
6.12092
5.6601
5.3606
5.27955
5.3978
5.63979
5.94015
6.25126
6.57138
6.89502
3.27341
3.26739
3.26093
3.25416
3.24707
3.23965
3.23195
3.224
3.21593
3.20792
3.20028
3.19337
3.18769
3.18387
3.18266
3.18496
3.19182
3.2044
3.22399
3.2518
3.28912
3.33738
3.39795
3.47226
3.56179
3.6681
3.79281
3.9376
4.1041
4.2939
4.50848
4.7491
5.01673
5.31196
5.63488
5.98497
6.36101
6.76102
7.18219
7.62094
8.07303
8.53372
8.99807
9.4612
9.91853
10.366
10.7998
11.2166
11.6128
11.9845
12.3268
12.6341
12.9001
13.1188
13.2857
13.3995
13.4634
13.4867
13.485
13.479
13.4926
13.5486
13.6649
13.8508
14.1039
14.4096
14.7423
15.0683
15.349
15.546
15.6253
15.5617
15.3418
14.9664
14.45
13.8187
13.1059
12.3472
11.5757
10.8183
10.0933
9.41082
8.77338
8.17845
7.62051
7.09315
6.59115
6.1116
5.65523
5.23071
4.85551
4.55518
4.37562
4.36812
4.53652
4.82456
5.16603
5.50826
5.84701
6.18273
3.0417
3.033
3.02403
3.01481
3.00541
2.99578
2.98591
2.97578
2.96542
2.95486
2.94416
2.93343
2.92284
2.91257
2.90285
2.89397
2.88629
2.88025
2.87636
2.87517
2.87723
2.88318
2.89369
2.90945
2.93118
2.95961
2.9955
3.03961
3.0927
3.1555
3.22872
3.31302
3.40901
3.51718
3.63792
3.77151
3.91804
4.07739
4.24921
4.43292
4.62767
4.8324
5.0459
5.2668
5.49371
5.72519
5.95975
6.19574
6.43124
6.66384
6.89057
7.10781
7.31147
7.49743
7.66213
7.80355
7.92206
8.02129
8.10845
8.19403
8.29068
8.41128
8.56652
8.76245
8.99865
9.26733
9.55368
9.83722
10.094
10.2991
10.4297
10.4679
10.4028
10.2323
9.96341
9.61096
9.19536
8.73937
8.26491
7.79044
7.32942
6.88991
6.47513
6.0847
5.716
5.36562
5.03071
4.70987
4.40419
4.12066
3.87408
3.68464
3.5839
3.61358
3.79127
4.08338
4.43346
4.7875
5.13539
5.47828
2.90222
2.89104
2.87974
2.86829
2.85674
2.84507
2.83327
2.82132
2.80921
2.79695
2.78455
2.77201
2.75939
2.74672
2.73407
2.72155
2.70927
2.69738
2.68608
2.67558
2.6661
2.65792
2.65136
2.64675
2.64442
2.64477
2.64816
2.65499
2.66565
2.68052
2.69996
2.72431
2.75388
2.78896
2.82977
2.87662
2.92964
2.98894
3.05455
3.12642
3.20445
3.28848
3.37828
3.47361
3.57418
3.67971
3.78985
3.90415
4.02199
4.14249
4.26439
4.38606
4.50552
4.62062
4.72936
4.8303
4.92313
5.0091
5.09135
5.17489
5.26617
5.37214
5.49898
5.65059
5.82739
6.02551
6.23678
6.44929
6.64859
6.81919
6.94634
7.01774
7.02517
6.96554
6.84136
6.66026
6.43373
6.1753
5.89857
5.61548
5.33524
5.06385
4.80431
4.55724
4.32171
4.0961
3.87903
3.67004
3.47021
3.28469
3.12536
3.00881
2.95686
3.00035
3.16248
3.42982
3.76143
4.10746
4.45238
4.79567
2.81926
2.80597
2.79263
2.77925
2.76581
2.75234
2.73881
2.72522
2.71155
2.6978
2.68395
2.67001
2.65598
2.64188
2.62774
2.61357
2.59942
2.58531
2.57132
2.55752
2.544
2.53085
2.51821
2.50622
2.49504
2.48486
2.47587
2.46828
2.46229
2.4581
2.45591
2.45591
2.45828
2.46318
2.47077
2.48119
2.49455
2.511
2.53064
2.5535
2.57961
2.60897
2.64158
2.67742
2.71647
2.75873
2.80418
2.85276
2.90435
2.95872
3.01546
3.07398
3.13347
3.193
3.25163
3.30861
3.36366
3.41719
3.47058
3.52618
3.58723
3.65746
3.74042
3.83866
3.95295
4.08166
4.22059
4.36314
4.50091
4.6246
4.72498
4.79398
4.82569
4.81708
4.76842
4.68311
4.56711
4.4279
4.27343
4.11101
3.94655
3.78425
3.62651
3.47428
3.32747
3.18545
3.04762
2.914
2.78555
2.6658
2.56339
2.49178
2.46711
2.51084
2.64543
2.87163
3.16516
3.48496
3.81312
4.14782
2.77197
2.75697
2.74199
2.727
2.71201
2.69701
2.68202
2.66701
2.65198
2.63692
2.62182
2.60668
2.5915
2.57628
2.56101
2.54571
2.53039
2.51506
2.49973
2.48443
2.46919
2.45404
2.43902
2.4242
2.40964
2.39542
2.38163
2.36835
2.35569
2.34376
2.33265
2.32248
2.31334
2.30535
2.29859
2.29314
2.28913
2.28663
2.28572
2.28644
2.28885
2.29298
2.29885
2.3065
2.31597
2.32728
2.34047
2.35559
2.37265
2.39162
2.41241
2.43484
2.45865
2.48348
2.50894
2.5347
2.5606
2.5868
2.61386
2.6429
2.67552
2.71369
2.75944
2.81445
2.87955
2.95432
3.03683
3.12366
3.21017
3.29094
3.36039
3.41337
3.44584
3.45528
3.44103
3.40428
3.34781
3.27553
3.19179
3.10083
3.00631
2.91096
2.81656
2.72401
2.63357
2.54508
2.45838
2.3736
2.29155
2.21453
2.14822
2.1027
2.09058
2.127
2.23059
2.40969
2.65401
2.93361
3.23167
3.54718
2.74594
2.7297
2.71349
2.6973
2.68113
2.66497
2.64883
2.6327
2.61658
2.60045
2.58433
2.56819
2.55204
2.53588
2.51971
2.50354
2.48735
2.47117
2.45497
2.43878
2.42259
2.40642
2.39027
2.37417
2.35814
2.34222
2.32643
2.31081
2.29542
2.28029
2.26549
2.25107
2.23708
2.22359
2.21065
2.19832
2.18665
2.17569
2.16549
2.15611
2.14757
2.13991
2.13317
2.12737
2.12254
2.11873
2.11597
2.11429
2.11373
2.11433
2.11607
2.11895
2.12288
2.12777
2.13348
2.13988
2.14692
2.15464
2.1633
2.17339
2.18567
2.20115
2.22095
2.24614
2.27745
2.315
2.35811
2.40519
2.45385
2.5011
2.54365
2.57835
2.60249
2.61418
2.61249
2.5976
2.57061
2.53338
2.48818
2.43736
2.38303
2.32691
2.27023
2.21372
2.15769
2.10222
2.04732
1.99317
1.94031
1.89022
1.84631
1.81531
1.80682
1.83215
1.90584
2.03886
2.23059
2.4619
2.71941
3.00521
2.73263
2.71556
2.69851
2.68149
2.66448
2.6475
2.63052
2.61357
2.59663
2.57971
2.56279
2.54588
2.52897
2.51207
2.49517
2.47828
2.46139
2.44451
2.42763
2.41077
2.39391
2.37706
2.36022
2.34339
2.32659
2.30982
2.2931
2.27643
2.25984
2.24334
2.22696
2.21073
2.19469
2.17885
2.16326
2.14793
2.13291
2.11822
2.10389
2.08994
2.07641
2.06332
2.0507
2.03856
2.02693
2.01583
2.00529
1.99534
1.986
1.9773
1.96926
1.9619
1.95522
1.9492
1.94382
1.93904
1.93485
1.93127
1.92842
1.92651
1.92586
1.92696
1.9304
1.93679
1.94667
1.96032
1.97766
1.99813
2.02062
2.04362
2.06534
2.0839
2.09758
2.10503
2.10541
2.09844
2.08443
2.06415
2.03868
2.00922
1.97695
1.9429
1.90783
1.87227
1.83652
1.80073
1.76498
1.72941
1.69438
1.66077
1.63049
1.6075
1.59838
1.61168
1.65871
1.75039
1.89173
2.07244
2.28344
2.53108
2.72601
2.70844
2.69088
2.67333
2.65579
2.63826
2.62074
2.60324
2.58575
2.56827
2.5508
2.53334
2.51589
2.49845
2.48102
2.46361
2.44622
2.42883
2.41147
2.39411
2.37677
2.35944
2.34212
2.32481
2.30751
2.29024
2.27298
2.25576
2.23856
2.22141
2.20431
2.18728
2.17032
2.15346
2.1367
2.12007
2.10358
2.08725
2.07109
2.05513
2.03936
2.02382
2.00852
1.99346
1.97867
1.96416
1.94994
1.93604
1.92246
1.90922
1.89635
1.88386
1.87177
1.86009
1.84881
1.83796
1.82753
1.81754
1.80804
1.79911
1.79089
1.78358
1.77745
1.77282
1.77002
1.7693
1.77079
1.77438
1.7797
1.7861
1.79271
1.79852
1.80251
1.80381
1.80175
1.79595
1.78637
1.77322
1.75695
1.73809
1.71726
1.695
1.67177
1.64791
1.62367
1.59917
1.57451
1.54983
1.52532
1.50148
1.47931
1.46084
1.44995
1.45258
1.47738
1.53411
1.6305
1.76272
1.92585
2.13032
2.72303
2.70517
2.68732
2.66947
2.65162
2.63377
2.61592
2.59808
2.58024
2.56241
2.54459
2.52677
2.50896
2.49116
2.47336
2.45557
2.4378
2.42004
2.4023
2.38457
2.36686
2.34917
2.33149
2.31383
2.29619
2.27856
2.26097
2.24339
2.22584
2.20832
2.19084
2.17339
2.15599
2.13865
2.12136
2.10415
2.08701
2.06995
2.05299
2.03614
2.01939
2.00277
1.98627
1.96992
1.95371
1.93765
1.92175
1.90602
1.89048
1.87512
1.85996
1.84503
1.83031
1.81585
1.80163
1.78768
1.77401
1.76063
1.74755
1.73482
1.72247
1.71058
1.69926
1.68864
1.67889
1.67017
1.66261
1.65626
1.65108
1.64686
1.64326
1.63984
1.63607
1.63146
1.62556
1.61805
1.60877
1.5977
1.58495
1.57072
1.55525
1.53882
1.52165
1.50395
1.48588
1.46753
1.449
1.43038
1.4118
1.39351
1.37599
1.36014
1.34788
1.3427
1.35063
1.37958
1.4381
1.52678
1.6443
1.80407
2.72161
2.70361
2.6856
2.66759
2.64957
2.63154
2.61351
2.59548
2.57745
2.55941
2.54138
2.52335
2.50532
2.48729
2.46927
2.45125
2.43326
2.41527
2.3973
2.37934
2.3614
2.34347
2.32556
2.30767
2.2898
2.27195
2.25411
2.23631
2.21853
2.20077
2.18305
2.16536
2.14771
2.1301
2.11254
2.09503
2.07757
2.06017
2.04284
2.02557
2.00838
1.99127
1.97425
1.95731
1.94046
1.92371
1.90706
1.89052
1.87409
1.85777
1.84158
1.82551
1.80959
1.79382
1.77821
1.76278
1.74752
1.73246
1.71759
1.70292
1.68847
1.67425
1.66029
1.64665
1.63338
1.62056
1.60827
1.59659
1.58555
1.57514
1.56528
1.55583
1.54659
1.53732
1.52778
1.51779
1.50717
1.49584
1.48378
1.47101
1.4576
1.44364
1.42922
1.41444
1.39939
1.38414
1.36874
1.35327
1.33781
1.32247
1.30745
1.29308
1.28015
1.27032
1.26713
1.27607
1.30489
1.35676
1.43338
1.54964
2.72098
2.70292
2.68484
2.66674
2.64864
2.63053
2.6124
2.59427
2.57613
2.55799
2.53984
2.52169
2.50354
2.48539
2.46724
2.44909
2.43094
2.4128
2.39467
2.37655
2.35844
2.34036
2.32229
2.30424
2.28621
2.26821
2.25022
2.23227
2.21433
2.19643
2.17856
2.16072
2.14292
2.12515
2.10743
2.08976
2.07213
2.05456
2.03704
2.01957
2.00217
1.98484
1.96757
1.95037
1.93324
1.91618
1.8992
1.88229
1.86547
1.84873
1.83208
1.81552
1.79906
1.7827
1.76646
1.75034
1.73435
1.71849
1.70277
1.68717
1.6717
1.65636
1.64114
1.62605
1.61111
1.59635
1.5818
1.56751
1.55353
1.53989
1.5266
1.51367
1.50104
1.48864
1.4764
1.4642
1.45195
1.43959
1.42704
1.41427
1.40126
1.38803
1.37458
1.36094
1.34715
1.33325
1.31927
1.30526
1.29127
1.27734
1.26353
1.24992
1.23675
1.22465
1.21538
1.21194
1.22004
1.24338
1.28577
1.36165
2.72061
2.70251
2.6844
2.66627
2.64812
2.62996
2.61179
2.59361
2.57542
2.55722
2.53902
2.5208
2.50259
2.48437
2.46615
2.44792
2.4297
2.41149
2.39328
2.37509
2.35691
2.33873
2.32058
2.30244
2.28432
2.26622
2.24814
2.23009
2.21206
2.19406
2.1761
2.15816
2.14026
2.1224
2.10458
2.08681
2.06908
2.0514
2.03377
2.0162
1.99869
1.98123
1.96384
1.9465
1.92923
1.91203
1.89489
1.87782
1.86082
1.84389
1.82703
1.81025
1.79355
1.77694
1.76042
1.744
1.72767
1.71145
1.69533
1.6793
1.66336
1.6475
1.6317
1.61595
1.60026
1.58463
1.56908
1.55362
1.53829
1.52313
1.50817
1.49346
1.479
1.4648
1.45085
1.43713
1.42359
1.41019
1.39689
1.38362
1.37036
1.35708
1.34375
1.33038
1.31696
1.3035
1.29004
1.27659
1.26317
1.24981
1.23649
1.2232
1.20994
1.19689
1.18486
1.17514
1.17109
1.17524
1.19205
1.23276
2.72039
2.70228
2.68415
2.666
2.64783
2.62965
2.61146
2.59326
2.57504
2.55682
2.53858
2.52034
2.50209
2.48384
2.46558
2.44732
2.42906
2.4108
2.39254
2.37429
2.35606
2.33783
2.31962
2.30143
2.28326
2.26511
2.24697
2.22886
2.21078
2.19272
2.1747
2.1567
2.13875
2.12083
2.10295
2.08511
2.06732
2.04958
2.03189
2.01426
1.99668
1.97916
1.96169
1.94429
1.92695
1.90967
1.89246
1.8753
1.85822
1.8412
1.82425
1.80737
1.79057
1.77384
1.7572
1.74064
1.72417
1.70779
1.69149
1.67526
1.65911
1.64301
1.62695
1.61092
1.59491
1.57892
1.56294
1.547
1.53111
1.5153
1.49961
1.48408
1.46875
1.45364
1.43878
1.42417
1.4098
1.39567
1.38173
1.36795
1.3543
1.34073
1.32723
1.31376
1.30033
1.28692
1.27356
1.26024
1.24698
1.23377
1.22059
1.20737
1.19405
1.18064
1.16754
1.15519
1.14541
1.13895
1.13983
1.15313
2.72021
2.70209
2.68395
2.66579
2.64761
2.62942
2.61121
2.59299
2.57477
2.55653
2.53828
2.52002
2.50175
2.48348
2.46521
2.44693
2.42865
2.41037
2.3921
2.37383
2.35557
2.33733
2.3191
2.30088
2.28268
2.26449
2.24633
2.22819
2.21008
2.19199
2.17393
2.1559
2.13791
2.11995
2.10203
2.08416
2.06633
2.04855
2.03082
2.01315
1.99553
1.97796
1.96046
1.94301
1.92563
1.9083
1.89104
1.87385
1.85672
1.83965
1.82266
1.80573
1.78888
1.7721
1.7554
1.73878
1.72225
1.70579
1.68941
1.6731
1.65685
1.64065
1.62448
1.60834
1.5922
1.57607
1.55994
1.54382
1.52772
1.51167
1.49571
1.47985
1.46415
1.44864
1.43334
1.41829
1.40347
1.3889
1.37455
1.36041
1.34643
1.3326
1.31888
1.30525
1.29169
1.27821
1.26479
1.25145
1.23818
1.22497
1.21179
1.19855
1.18519
1.17165
1.15818
1.14488
1.13285
1.12169
1.11485
1.1102
2.72007
2.70194
2.68379
2.66562
2.64744
2.62924
2.61102
2.5928
2.57456
2.55632
2.53806
2.51979
2.50152
2.48324
2.46496
2.44667
2.42838
2.41009
2.3918
2.37352
2.35524
2.33698
2.31874
2.30051
2.28229
2.26409
2.24591
2.22776
2.20962
2.19152
2.17344
2.15539
2.13738
2.1194
2.10147
2.08357
2.06572
2.04792
2.03017
2.01246
1.99482
1.97723
1.95969
1.94222
1.92481
1.90746
1.89018
1.87296
1.8558
1.83871
1.8217
1.80475
1.78787
1.77107
1.75435
1.7377
1.72114
1.70465
1.68824
1.67189
1.6556
1.63936
1.62316
1.60698
1.5908
1.57464
1.55847
1.54231
1.52616
1.51005
1.49401
1.47806
1.46224
1.44658
1.43111
1.41586
1.40083
1.38604
1.37147
1.35711
1.34293
1.32892
1.31504
1.30128
1.28762
1.27406
1.26058
1.24719
1.23388
1.22064
1.20742
1.19416
1.18078
1.16723
1.15366
1.14008
1.12728
1.11433
1.10466
1.09054
2.71995
2.70181
2.68366
2.66548
2.64729
2.62909
2.61087
2.59264
2.5744
2.55614
2.53788
2.51961
2.50133
2.48304
2.46476
2.44646
2.42817
2.40987
2.39157
2.37328
2.355
2.33674
2.31848
2.30024
2.28202
2.26381
2.24562
2.22746
2.20932
2.1912
2.17311
2.15506
2.13703
2.11905
2.1011
2.08319
2.06533
2.04751
2.02974
2.01202
1.99436
1.97675
1.9592
1.94171
1.92429
1.90692
1.88962
1.87238
1.85522
1.83812
1.82109
1.80413
1.78724
1.77043
1.7537
1.73705
1.72047
1.70398
1.68755
1.6712
1.65491
1.63866
1.62245
1.60627
1.59011
1.57395
1.55781
1.54167
1.52554
1.50946
1.49343
1.47749
1.46166
1.44598
1.43047
1.41516
1.40006
1.38518
1.37052
1.35606
1.34178
1.32767
1.31372
1.29989
1.28618
1.27257
1.25907
1.24567
1.23235
1.2191
1.20587
1.19262
1.17926
1.16576
1.15223
1.13863
1.12561
1.11206
1.10155
1.08339
2.71984
2.7017
2.68353
2.66535
2.64716
2.62895
2.61073
2.59249
2.57424
2.55598
2.53772
2.51944
2.50116
2.48287
2.46458
2.44628
2.42798
2.40968
2.39139
2.3731
2.35482
2.33655
2.31829
2.30005
2.28182
2.26361
2.24541
2.22724
2.2091
2.19098
2.17288
2.15482
2.13679
2.11879
2.10084
2.08292
2.06505
2.04722
2.02944
2.01172
1.99405
1.97643
1.95887
1.94137
1.92393
1.90656
1.88925
1.87201
1.85483
1.83773
1.8207
1.80374
1.78685
1.77005
1.75332
1.73667
1.7201
1.70361
1.6872
1.67085
1.65457
1.63834
1.62215
1.606
1.58987
1.57375
1.55765
1.54157
1.52551
1.50948
1.49352
1.47763
1.46186
1.44622
1.43074
1.41545
1.40036
1.38547
1.37079
1.35631
1.34201
1.32789
1.31392
1.30008
1.28638
1.27279
1.25931
1.24594
1.23266
1.21944
1.20627
1.19306
1.17979
1.16639
1.15297
1.13945
1.12645
1.11275
1.10206
1.08247
2.71977
2.70162
2.68346
2.66528
2.64708
2.62886
2.61064
2.5924
2.57415
2.55589
2.53761
2.51934
2.50105
2.48276
2.46446
2.44616
2.42786
2.40955
2.39125
2.37295
2.35466
2.33638
2.31812
2.29987
2.28163
2.26342
2.24523
2.22705
2.2089
2.19078
2.17268
2.15462
2.13658
2.11859
2.10063
2.08271
2.06483
2.047
2.02922
2.01149
1.99381
1.97619
1.95863
1.94113
1.92369
1.90632
1.88901
1.87177
1.8546
1.8375
1.82047
1.80352
1.78665
1.76986
1.75314
1.73651
1.71996
1.70349
1.6871
1.67078
1.65453
1.63833
1.62219
1.60608
1.59001
1.57395
1.55793
1.54192
1.52594
1.51001
1.49414
1.47835
1.46266
1.44711
1.43171
1.41648
1.40145
1.38661
1.37197
1.35753
1.34327
1.32919
1.31526
1.30148
1.28784
1.27432
1.26092
1.24763
1.23444
1.22131
1.20823
1.19514
1.18199
1.16874
1.15548
1.14213
1.12925
1.1156
1.10494
1.085
2.71969
2.70154
2.68337
2.66518
2.64698
2.62876
2.61053
2.59229
2.57403
2.55577
2.53749
2.51921
2.50092
2.48262
2.46432
2.44602
2.42772
2.40942
2.39112
2.37284
2.35455
2.33628
2.31802
2.29977
2.28154
2.26332
2.24512
2.22695
2.2088
2.19067
2.17257
2.15451
2.13647
2.11848
2.10052
2.0826
2.06472
2.04689
2.02911
2.01138
1.99371
1.97609
1.95853
1.94103
1.9236
1.90623
1.88893
1.8717
1.85455
1.83746
1.82046
1.80353
1.78668
1.76991
1.75323
1.73663
1.72011
1.70368
1.68733
1.67106
1.65485
1.63872
1.62263
1.60659
1.5906
1.57463
1.5587
1.5428
1.52693
1.51112
1.49537
1.4797
1.46414
1.4487
1.43342
1.4183
1.40337
1.38863
1.37409
1.35974
1.34557
1.33158
1.31776
1.30408
1.29056
1.27716
1.26389
1.25074
1.23769
1.22471
1.21178
1.19885
1.18588
1.17283
1.15979
1.14665
1.13396
1.12047
1.10994
1.09007
2.71968
2.70153
2.68336
2.66518
2.64697
2.62875
2.61052
2.59228
2.57402
2.55575
2.53747
2.51919
2.5009
2.4826
2.4643
2.44599
2.42768
2.40938
2.39107
2.37277
2.35447
2.33619
2.31792
2.29966
2.28143
2.26321
2.24501
2.22684
2.20869
2.19057
2.17247
2.15441
2.13638
2.11839
2.10044
2.08253
2.06466
2.04684
2.02907
2.01136
1.99369
1.97609
1.95855
1.94107
1.92366
1.90631
1.88904
1.87184
1.85471
1.83766
1.82069
1.80381
1.787
1.77028
1.75365
1.73711
1.72066
1.70429
1.68801
1.67182
1.65569
1.63964
1.62365
1.60772
1.59183
1.57599
1.56018
1.54442
1.5287
1.51304
1.49745
1.48194
1.46654
1.45127
1.43615
1.42119
1.40641
1.39182
1.37742
1.36322
1.3492
1.33536
1.3217
1.30819
1.29483
1.28162
1.26854
1.25558
1.24273
1.22996
1.21723
1.20452
1.19178
1.17898
1.16619
1.15331
1.14086
1.1276
1.11728
1.09768
2.71962
2.70147
2.6833
2.66511
2.6469
2.62868
2.61044
2.59219
2.57394
2.55567
2.53739
2.5191
2.50081
2.48251
2.46421
2.44591
2.42762
2.40932
2.39104
2.37275
2.35448
2.33621
2.31795
2.29971
2.28148
2.26327
2.24509
2.22692
2.20878
2.19067
2.17258
2.15453
2.13652
2.11854
2.1006
2.08271
2.06486
2.04707
2.02932
2.01163
1.99399
1.97642
1.95891
1.94147
1.9241
1.90679
1.88957
1.87242
1.85535
1.83836
1.82145
1.80464
1.78791
1.77127
1.75473
1.73828
1.72192
1.70566
1.68949
1.67341
1.65741
1.64148
1.62563
1.60985
1.59412
1.57844
1.56281
1.54723
1.53171
1.51625
1.50087
1.48557
1.47039
1.45533
1.44042
1.42568
1.41111
1.39673
1.38254
1.36855
1.35475
1.34113
1.32768
1.3144
1.30129
1.28832
1.27548
1.26278
1.25018
1.23766
1.2252
1.21275
1.20028
1.18776
1.17527
1.16269
1.15054
1.13756
1.12752
1.10839
2.71972
2.70157
2.6834
2.66522
2.64701
2.62879
2.61056
2.59232
2.57406
2.55579
2.53752
2.51924
2.50095
2.48265
2.46436
2.44606
2.42776
2.40946
2.39117
2.37288
2.35459
2.33632
2.31806
2.29982
2.28161
2.26341
2.24525
2.2271
2.20899
2.1909
2.17285
2.15484
2.13686
2.11892
2.10103
2.08318
2.06538
2.04763
2.02994
2.01231
1.99474
1.97723
1.95979
1.94243
1.92513
1.90792
1.89078
1.87373
1.85676
1.83988
1.82309
1.8064
1.7898
1.7733
1.7569
1.7406
1.7244
1.70831
1.69231
1.67641
1.6606
1.64487
1.62923
1.61365
1.59815
1.58271
1.56732
1.552
1.53674
1.52155
1.50644
1.49143
1.47653
1.46176
1.44713
1.43267
1.41839
1.4043
1.3904
1.37669
1.36317
1.34984
1.33669
1.32371
1.31089
1.29822
1.28569
1.27328
1.26098
1.24876
1.23659
1.22443
1.21227
1.20007
1.18791
1.17568
1.16391
1.15133
1.1417
1.12339
2.7197
2.70156
2.68339
2.66521
2.64701
2.62881
2.61058
2.59235
2.57411
2.55586
2.5376
2.51933
2.50107
2.4828
2.46454
2.44628
2.42802
2.40977
2.39153
2.37329
2.35507
2.33685
2.31865
2.30047
2.28231
2.26417
2.24606
2.22797
2.20992
2.1919
2.17392
2.15597
2.13807
2.12021
2.1024
2.08464
2.06694
2.04929
2.0317
2.01418
1.99673
1.97934
1.96203
1.9448
1.92765
1.91058
1.8936
1.87671
1.85991
1.84321
1.82661
1.81012
1.79372
1.77744
1.76126
1.74519
1.72923
1.71339
1.69765
1.68201
1.66647
1.65103
1.63568
1.62041
1.60522
1.5901
1.57505
1.56007
1.54515
1.53032
1.51557
1.50093
1.48639
1.47199
1.45774
1.44365
1.42974
1.41601
1.40247
1.38912
1.37596
1.36299
1.35019
1.33755
1.32507
1.31273
1.30053
1.28843
1.27643
1.2645
1.25262
1.24076
1.22892
1.21709
1.20535
1.19362
1.18245
1.1706
1.16172
1.14516
2.72012
2.702
2.68387
2.66572
2.64755
2.62938
2.6112
2.593
2.5748
2.5566
2.53839
2.52018
2.50196
2.48375
2.46554
2.44734
2.42914
2.41094
2.39276
2.37459
2.35643
2.33828
2.32017
2.30208
2.28402
2.266
2.24801
2.23005
2.21214
2.19426
2.17643
2.15864
2.1409
2.12321
2.10557
2.088
2.07048
2.05303
2.03565
2.01833
2.0011
1.98394
1.96686
1.94987
1.93297
1.91616
1.89945
1.88284
1.86633
1.84992
1.83363
1.81745
1.80138
1.78543
1.7696
1.75388
1.73829
1.72281
1.70746
1.69221
1.67707
1.66204
1.6471
1.63226
1.61749
1.60281
1.5882
1.57367
1.55921
1.54483
1.53054
1.51636
1.50229
1.48834
1.47454
1.4609
1.44742
1.43412
1.421
1.40805
1.39528
1.38267
1.37022
1.3579
1.34572
1.33366
1.3217
1.30984
1.29808
1.28639
1.2748
1.2633
1.25194
1.24073
1.22982
1.21916
1.20935
1.19924
1.19221
1.17979
2.7208
2.70277
2.68473
2.66668
2.64863
2.63057
2.6125
2.59444
2.57637
2.55831
2.54025
2.5222
2.50416
2.48614
2.46812
2.45012
2.43213
2.41417
2.39622
2.37828
2.36038
2.34249
2.32463
2.30681
2.28901
2.27125
2.25353
2.23585
2.21822
2.20063
2.18309
2.1656
2.14817
2.13079
2.11348
2.09623
2.07905
2.06194
2.04491
2.02796
2.01109
1.9943
1.97761
1.96101
1.9445
1.9281
1.91181
1.89562
1.87954
1.86358
1.84774
1.83202
1.81643
1.80096
1.78561
1.7704
1.75531
1.74034
1.7255
1.71078
1.69617
1.68167
1.66727
1.65296
1.63874
1.62459
1.61052
1.59652
1.5826
1.56875
1.55498
1.5413
1.52773
1.51427
1.50093
1.48773
1.47466
1.46174
1.44897
1.43632
1.4238
1.4114
1.39909
1.38688
1.37476
1.36274
1.35083
1.33906
1.32749
1.31618
1.30519
1.29463
1.28461
1.27524
1.26676
1.25915
1.25311
1.24763
1.24539
1.24291
2.72421
2.70644
2.68867
2.67091
2.65315
2.63541
2.61767
2.59994
2.58223
2.56453
2.54684
2.52917
2.51152
2.49389
2.47627
2.45868
2.44111
2.42356
2.40603
2.38853
2.37106
2.35363
2.33625
2.3189
2.30161
2.28435
2.26715
2.24999
2.23288
2.21583
2.19883
2.18189
2.165
2.14818
2.13143
2.11474
2.09813
2.08159
2.06513
2.04876
2.03247
2.01627
2.00017
1.98417
1.96827
1.95248
1.9368
1.92123
1.90578
1.89045
1.87524
1.86016
1.84521
1.83038
1.81569
1.80112
1.78668
1.77237
1.75817
1.74409
1.73011
1.71623
1.70244
1.68873
1.67509
1.66151
1.64798
1.6345
1.62107
1.60768
1.59434
1.58105
1.56782
1.55466
1.54156
1.52853
1.51556
1.50266
1.4898
1.47699
1.46421
1.45147
1.43879
1.42621
1.4138
1.40167
1.38995
1.37882
1.36847
1.35913
1.35103
1.3444
1.33947
1.33645
1.33564
1.33709
1.34153
1.34822
1.35819
1.37912
2.73483
2.7178
2.7008
2.68382
2.66687
2.64995
2.63305
2.61617
2.59932
2.5825
2.56571
2.54894
2.53221
2.51551
2.49883
2.48218
2.46556
2.44897
2.4324
2.41586
2.39936
2.38288
2.36644
2.35003
2.33365
2.31732
2.30102
2.28476
2.26855
2.25238
2.23626
2.22018
2.20416
2.1882
2.17229
2.15644
2.14066
2.12495
2.10931
2.09374
2.07826
2.06286
2.04755
2.03233
2.01721
2.00219
1.98727
1.97246
1.95775
1.94316
1.92868
1.91431
1.90006
1.88592
1.87189
1.85796
1.84414
1.83041
1.81677
1.80321
1.78971
1.77626
1.76286
1.74948
1.73611
1.72275
1.70938
1.69599
1.68257
1.66912
1.65565
1.64213
1.62858
1.61498
1.60133
1.58763
1.57387
1.56006
1.54621
1.53238
1.51865
1.50515
1.49208
1.47971
1.46838
1.4585
1.45052
1.44492
1.44219
1.44278
1.44711
1.45551
1.46826
1.48557
1.50773
1.5348
1.56753
1.60585
1.64681
1.7253
2.77197
2.75675
2.74155
2.72639
2.71126
2.69615
2.68107
2.666
2.65095
2.63591
2.62089
2.60587
2.59086
2.57585
2.56084
2.54583
2.53082
2.5158
2.50079
2.4858
2.47082
2.45584
2.44088
2.42592
2.41097
2.39603
2.3811
2.36617
2.35126
2.33636
2.32147
2.3066
2.29174
2.27691
2.26211
2.24733
2.23258
2.21787
2.20319
2.18856
2.17398
2.15944
2.14496
2.13054
2.11617
2.10186
2.08761
2.07343
2.0593
2.04524
2.03123
2.01728
2.00338
1.98952
1.97571
1.96192
1.94816
1.93441
1.92067
1.90691
1.89314
1.87934
1.8655
1.85162
1.83768
1.82369
1.80964
1.79552
1.78136
1.76713
1.75286
1.73855
1.72422
1.70988
1.69558
1.68138
1.6674
1.65381
1.64086
1.6289
1.61841
1.61001
1.60445
1.60261
1.60545
1.61399
1.62924
1.65213
1.68346
1.72386
1.77379
1.83352
1.90321
1.98294
2.07303
2.17365
2.28592
2.41187
2.53745
2.77313
2.88881
2.87738
2.86592
2.85442
2.84288
2.83129
2.81966
2.80797
2.79623
2.78442
2.77255
2.76061
2.74859
2.7365
2.72432
2.71207
2.69973
2.6873
2.67479
2.66218
2.64949
2.6367
2.62383
2.61087
2.59782
2.58469
2.57147
2.55816
2.54478
2.53131
2.51777
2.50415
2.49045
2.47669
2.46285
2.44895
2.43499
2.42097
2.40689
2.39275
2.37856
2.36431
2.35001
2.33566
2.32126
2.30682
2.29232
2.27778
2.2632
2.24858
2.23392
2.21923
2.20453
2.18982
2.17513
2.16047
2.14587
2.13137
2.11701
2.10283
2.08888
2.07522
2.06193
2.04908
2.03676
2.02505
2.01407
2.00393
1.99475
1.9867
1.97995
1.97473
1.9713
1.97001
1.9713
1.97574
1.98402
1.99701
2.01577
2.04157
2.07587
2.12033
2.17676
2.24709
2.33327
2.43718
2.56052
2.70466
2.87063
3.059
3.26985
3.50292
3.75769
4.03363
4.33118
4.65007
4.99263
5.36182
5.72059
6.3615
3.25729
3.25292
3.24828
3.24338
3.23819
3.23273
3.227
3.221
3.21473
3.20818
3.20136
3.19426
3.18687
3.17921
3.17126
3.16302
3.1545
3.1457
3.13662
3.12727
3.11763
3.10772
3.09755
3.0871
3.0764
3.06543
3.05422
3.04276
3.03105
3.01912
3.00696
2.99458
2.982
2.96922
2.95625
2.94312
2.92984
2.91643
2.90291
2.88931
2.87566
2.86202
2.84841
2.83489
2.82154
2.80841
2.79561
2.78321
2.77137
2.76021
2.74992
2.74067
2.73267
2.72615
2.72136
2.71858
2.71812
2.72032
2.72553
2.73417
2.74667
2.76351
2.78519
2.8123
2.84546
2.88538
2.93286
2.98883
3.05435
3.13067
3.21927
3.32185
3.4404
3.57719
3.73479
3.91599
4.12381
4.36136
4.63173
4.93784
5.28228
5.66712
6.09377
6.56284
7.07408
7.62631
8.21755
8.84473
9.50398
10.1905
10.8988
11.6228
12.3597
13.1068
13.8615
14.6133
15.3666
16.0901
16.7861
17.7992
4.59191
4.60591
4.6193
4.63208
4.64427
4.65589
4.66694
4.67744
4.68742
4.69688
4.70585
4.71435
4.72241
4.73005
4.7373
4.74419
4.75076
4.75704
4.76307
4.76889
4.77454
4.78008
4.78555
4.79102
4.79654
4.80219
4.80805
4.81418
4.8207
4.82769
4.83529
4.8436
4.85278
4.86299
4.8744
4.88722
4.90167
4.918
4.93649
4.95744
4.98119
5.00812
5.03864
5.0732
5.1123
5.15648
5.20628
5.26259
5.32641
5.39858
5.47992
5.57135
5.67383
5.78844
5.91631
6.05869
6.21695
6.39255
6.58711
6.80238
7.04033
7.30314
7.59326
7.91349
8.26705
8.65767
9.08971
9.56822
10.0991
10.6892
11.3463
12.0793
12.898
13.8129
14.8351
15.9758
17.2454
18.6529
20.2043
21.9015
23.7402
25.7086
27.7858
29.9406
32.132
34.3104
36.4206
38.4063
40.2059
41.765
43.0496
44.0315
44.7607
45.2646
45.5352
45.5441
45.3434
44.7877
44.3406
42.9913
13.0831
13.2553
13.428
13.6013
13.7752
13.9497
14.1249
14.3007
14.4773
14.6545
14.8326
15.0114
15.1911
15.3716
15.5532
15.7357
15.9194
16.1042
16.2904
16.478
16.6672
16.8582
17.051
17.2461
17.4435
17.6435
17.8466
18.0529
18.2628
18.4769
18.6954
18.9189
19.1478
19.3829
19.6245
19.8734
20.1302
20.3956
20.6703
20.9552
21.2509
21.5585
21.8787
22.2126
22.561
22.9252
23.3062
23.7053
24.1239
24.5634
25.0255
25.5119
26.0248
26.5663
27.139
27.7457
28.3897
29.0748
29.8053
30.5859
31.4226
32.322
33.2918
34.341
35.4801
36.7212
38.0784
39.5679
41.2081
43.0202
45.0279
47.2578
49.7394
52.5043
55.586
59.0187
62.835
67.063
71.7222
76.8176
82.3328
88.2219
94.4014
100.744
107.077
113.184
118.809
123.715
127.555
130.062
131.095
130.638
128.713
125.462
121.161
116.054
110.548
104.441
99.2634
90.5514
89.6439
90.9146
92.16
93.3782
94.5671
95.725
96.8499
97.9402
98.9939
100.009
100.985
101.919
102.809
103.655
104.455
105.207
105.91
106.563
107.164
107.713
108.208
108.647
109.031
109.359
109.628
109.839
109.991
110.083
110.113
110.083
109.99
109.834
109.615
109.331
108.983
108.568
108.088
107.54
106.925
106.241
105.487
104.663
103.769
102.802
101.763
100.65
99.4634
98.2021
96.8656
95.4537
93.9661
92.403
90.7647
89.0519
87.2657
85.4074
83.4792
81.4834
79.4233
77.3026
75.1257
72.8981
70.6256
68.3154
65.9751
63.6137
61.2412
58.8686
56.5085
54.1751
51.8844
49.6547
47.5068
45.4644
43.5545
41.8074
40.2569
38.9398
37.8948
37.1613
36.7768
36.7734
37.1736
37.9854
39.1972
40.7747
42.6599
44.7903
47.581
50.7828
54.0266
57.0093
59.4988
61.361
62.5699
63.1353
63.2234
62.7196
62.5811
62.2333
0.915798
0.825584
1.0848
1.25819
1.36183
1.4124
1.41435
1.38169
1.37843
1.39439
1.43345
1.49934
1.5932
1.71258
1.8521
2.00509
2.16498
2.32565
2.48117
2.62665
2.75974
2.88287
3.00998
3.18741
3.44157
3.7943
4.30053
5.02586
6.02697
7.33311
8.93534
10.79
12.8357
15.0139
17.2837
19.6245
22.0271
24.4654
26.9034
29.302
31.6245
33.8437
35.9502
37.9295
39.76
41.4068
42.9478
44.4551
45.9533
47.4431
48.925
50.3986
51.8657
53.3286
54.7903
56.2531
57.7176
59.1817
60.639
62.0767
63.4731
64.7941
65.9977
67.0683
68.1883
69.251
69.7594
69.6314
68.9169
67.7144
66.2116
64.8091
63.6129
62.7512
62.4295
62.7751
63.7859
65.3408
67.2907
69.4362
71.269
73.1088
75.0054
76.2965
76.7769
76.4352
75.2344
73.1064
70.1046
66.6829
63.7711
62.3429
62.5261
63.0616
62.1712
58.8934
54.1874
50.4193
50.3689
62.7568
2.17628
1.29937
1.09693
1.06764
1.07444
1.09521
1.14273
1.23731
1.37984
1.56744
1.78823
2.03044
2.27941
2.52103
2.74384
2.93957
3.10633
3.25131
3.38952
3.54034
3.72574
3.97041
4.30052
4.73964
5.30144
5.98312
6.76021
7.58571
8.40049
9.15526
9.83604
10.4792
11.1668
12.0044
13.0835
14.3484
15.5425
16.6744
17.7847
18.919
20.141
21.4909
22.8639
24.2336
25.5887
26.9071
28.1882
29.4551
30.699
31.9157
33.1027
34.2606
35.3911
36.4947
37.5706
38.617
39.632
40.6151
41.5672
42.4902
43.3875
44.2636
45.1315
46.0145
46.8799
47.5427
47.9021
47.9324
47.6562
47.1465
46.5542
46.1558
45.9575
45.9299
46.0743
46.3782
46.8182
47.3552
47.9284
48.4649
48.9327
49.3718
49.7428
49.9239
49.8234
49.3694
48.5491
47.3714
45.8516
44.0588
42.1676
40.423
39.0157
37.944
36.9573
35.7358
34.2775
33.735
34.266
39.6263
3.81446
1.86661
1.54883
1.4859
1.49418
1.54222
1.62224
1.73532
1.8827
2.06529
2.27778
2.51088
2.75243
2.99246
3.2266
3.45668
3.68908
3.9326
4.19706
4.4926
4.82992
5.22053
5.67581
6.20347
6.80177
7.45284
8.11941
8.75185
9.30979
9.79291
10.2634
10.8412
11.6658
12.8407
14.3823
16.2001
18.1434
20.079
21.9103
23.5961
25.1478
26.6044
28.014
29.4326
30.911
32.4794
34.1235
35.7995
37.4653
39.1012
40.7049
42.2829
43.8409
45.3809
46.9026
48.4051
49.8886
51.3564
52.8138
54.2664
55.7162
57.1543
58.5538
59.8629
61.0069
61.901
62.4776
62.701
62.5823
62.1788
61.5784
60.8847
60.1923
59.598
59.185
59.0197
59.1422
59.5554
60.2047
60.9757
61.7342
62.381
62.8539
63.0753
62.9522
62.4087
61.4279
59.988
58.0398
55.6203
52.9995
50.6453
48.9907
48.0897
47.4339
46.1481
44.5669
43.9137
44.667
45.7167
5.6665
2.47806
2.03286
1.93164
1.92075
1.95919
2.02867
2.12727
2.25485
2.41205
2.59733
2.80807
3.04161
3.29692
3.57503
3.87844
4.21009
4.57289
4.96969
5.4035
5.87735
6.39352
6.95195
7.54785
8.16916
8.79569
9.4027
9.97207
10.5111
11.0722
11.759
12.7068
14.0389
15.8125
17.9836
20.4194
22.9569
25.4644
27.8689
30.1535
32.3432
34.4898
36.6573
38.9072
41.2739
43.7338
46.2153
48.6498
51.0025
53.2711
55.4727
57.63
59.7581
61.8599
63.933
65.9751
67.9889
69.9836
71.9743
73.9759
75.9964
78.0212
80.0037
81.8656
83.5057
84.8157
85.698
86.085
85.9656
85.3843
84.4276
83.215
81.8895
80.6048
79.5094
78.7351
78.3727
78.4501
78.9141
79.6272
80.4009
81.0631
81.4854
81.5665
81.2225
80.3934
79.0519
77.1484
74.62
71.561
68.3999
65.7754
64.1183
63.2128
62.2878
60.6357
58.8345
56.2901
52.4356
46.0982
7.06912
2.97055
2.40771
2.26654
2.2348
2.26215
2.32439
2.41754
2.54096
2.69692
2.88778
3.11628
3.38523
3.6969
4.05256
4.45241
4.89599
5.38292
5.91315
6.48671
7.10274
7.75834
8.44727
9.15894
9.87845
10.5892
11.2795
11.9547
12.6523
13.4528
14.4781
15.8665
17.7276
20.0864
22.8523
25.8499
28.9039
31.9116
34.8529
37.7584
40.6766
43.6568
46.7392
49.9391
53.2228
56.5105
59.7164
62.7984
65.7672
68.652
71.4805
74.2716
77.0276
79.7386
82.3946
84.9921
87.5385
90.0529
92.563
95.0952
97.6621
100.242
102.766
105.123
107.173
108.768
109.781
110.129
109.797
108.841
107.372
105.543
103.538
101.558
99.7972
98.4262
97.5609
97.2331
97.3728
97.8108
98.3197
98.6852
98.7489
98.4022
97.5749
96.2279
94.3379
91.8548
88.7472
85.1942
81.7119
78.9058
76.9489
75.2757
73.0912
69.845
65.2155
58.0352
49.7788
40.5742
8.17636
3.34395
2.68658
2.51743
2.47877
2.51224
2.58984
2.70666
2.86148
3.05743
3.29896
3.5918
3.94053
4.34855
4.81761
5.3484
5.94119
6.5962
7.31317
8.09018
8.92255
9.80202
10.7164
11.6502
12.586
13.5094
14.4165
15.325
16.2874
17.3974
18.7843
20.5878
22.9114
25.769
29.0619
32.615
36.2608
39.9045
43.5304
47.1716
50.8794
54.7043
58.6772
62.7871
66.9685
71.1144
75.1362
79.0042
82.7324
86.3484
89.8797
93.3326
96.6882
99.9305
103.054
106.063
108.98
111.842
114.693
117.574
120.499
123.437
126.298
128.94
131.19
132.873
133.842
134.006
133.349
131.933
129.887
127.389
124.656
121.919
119.405
117.309
115.757
114.779
114.291
114.109
113.992
113.714
113.107
112.072
110.562
108.559
106.044
102.969
99.3245
95.3261
91.4711
88.1803
85.2727
81.9236
77.3348
70.7566
61.8733
51.4022
42.0688
33.5998
8.85198
3.58491
2.88671
2.71921
2.70552
2.78109
2.91599
3.10421
3.34363
3.6373
3.98961
4.40758
4.89846
5.4681
6.12186
6.86456
7.70037
8.63236
9.66082
10.7817
11.9853
13.2566
14.5752
15.9171
17.2582
18.5794
19.876
21.1699
22.5208
24.0297
25.8312
28.0673
30.8417
34.1703
37.9696
42.0862
46.3654
50.7092
55.0881
59.5211
64.0497
68.7131
73.5241
78.4541
83.427
88.3401
93.1075
97.6874
102.071
106.271
110.306
114.181
117.878
121.384
124.703
127.85
130.861
133.786
136.682
139.598
142.551
145.504
148.353
150.938
153.069
154.558
155.253
155.065
153.981
152.064
149.446
146.311
142.884
139.407
136.115
133.208
130.811
128.947
127.529
126.38
125.284
124.04
122.507
120.608
118.317
115.622
112.497
108.89
104.799
100.427
96.164
92.1545
87.8535
82.2519
74.5513
64.3957
52.9368
42.1648
34.0159
27.4823
9.21644
3.75369
3.05217
2.92515
2.98397
3.15987
3.42167
3.76229
4.17825
4.6721
5.24755
5.91038
6.67026
7.54017
8.53262
9.65912
10.9294
12.3502
13.9224
15.6383
17.481
19.4252
21.4384
23.483
25.5216
27.5213
29.4674
31.3777
33.3144
35.3833
37.7177
40.4592
43.7156
47.5179
51.8043
56.4453
61.3007
66.2689
71.3041
76.4061
81.5967
86.8942
92.3022
97.7934
103.303
108.741
114.019
119.076
123.884
128.435
132.732
136.769
140.529
144.004
147.198
150.135
152.862
155.442
157.945
160.431
162.923
165.392
167.739
169.812
171.43
172.412
172.615
171.948
170.39
167.989
164.857
161.158
157.1
152.912
148.819
145.013
141.611
138.642
136.035
133.653
131.332
128.927
126.339
123.517
120.442
117.094
113.426
109.365
104.892
100.16
95.4123
90.5189
84.6626
76.7683
66.3711
54.3106
42.843
33.6055
27.2956
22.7101
9.3471
3.88183
3.22937
3.20769
3.42521
3.81173
4.33481
4.98683
5.76396
6.66991
7.70853
8.88394
10.2002
11.6739
13.3312
15.1869
17.2555
19.5509
22.0726
24.8046
27.7167
30.767
33.9044
37.0705
40.208
43.2664
46.2104
49.0415
51.8109
54.6205
57.6088
60.9217
64.6752
68.9175
73.6113
78.6535
83.9213
89.3155
94.7763
100.278
105.818
111.403
117.033
122.684
128.302
133.81
139.126
144.185
148.943
153.374
157.461
161.187
164.529
167.476
170.034
172.232
174.126
175.791
177.312
178.766
180.196
181.597
182.902
183.992
184.718
184.923
184.472
183.267
181.261
178.462
174.935
170.799
166.219
161.39
156.512
151.762
147.262
143.061
139.137
135.418
131.813
128.242
124.646
120.989
117.242
113.361
109.269
104.869
100.111
95.0747
89.8415
84.0606
76.7898
67.1627
55.5184
43.7088
33.8515
26.6739
22.1366
19.1791
9.25574
4.02745
3.50786
3.73087
4.30368
5.15369
6.24529
7.57228
9.134
10.9397
12.9946
15.2969
17.8346
20.5922
23.5876
26.8316
30.3496
34.1646
38.2704
42.634
47.2014
51.9069
56.6756
61.4259
66.07
70.531
74.7488
78.7029
82.4294
86.0229
89.6207
93.3732
97.4073
101.794
106.528
111.537
116.723
121.991
127.277
132.548
137.795
143.018
148.215
153.368
158.431
163.34
168.019
172.401
176.43
180.065
183.277
186.038
188.325
190.125
191.442
192.308
192.781
192.947
192.907
192.762
192.592
192.435
192.278
192.056
191.661
190.962
189.825
188.127
185.777
182.721
178.959
174.541
169.574
164.205
158.608
152.952
147.376
141.976
136.797
131.846
127.108
122.555
118.155
113.87
109.648
105.411
101.053
96.4543
91.539
86.313
80.7213
74.2834
66.1222
55.8599
44.6198
34.4211
26.6482
21.4093
18.3766
16.6642
9.12251
4.22972
4.12794
4.99041
6.45929
8.44292
10.8942
13.8112
17.1921
21.0445
25.3534
30.0891
35.2015
40.6217
46.2362
51.9443
57.8754
64.0651
70.501
77.1189
83.8315
90.5495
97.1796
103.622
109.773
115.533
120.824
125.607
129.908
133.817
137.474
141.037
144.648
148.405
152.336
156.409
160.559
164.722
168.849
172.913
176.903
180.814
184.64
188.361
191.944
195.335
198.471
201.292
203.745
205.785
207.377
208.488
209.09
209.163
208.706
207.747
206.342
204.585
202.595
200.505
198.443
196.505
194.737
193.13
191.614
190.071
188.353
186.3
183.761
180.612
176.776
172.231
167.021
161.25
155.067
148.65
142.172
135.786
129.612
123.729
118.178
112.964
108.061
103.416
98.9503
94.5574
90.1072
85.4701
80.5491
75.2921
69.5563
62.8567
54.5712
44.8592
35.1353
26.9913
21.1944
17.5888
15.7428
14.9055
8.82191
4.95571
6.08662
9.00105
13.1444
18.3289
24.4385
31.4288
39.2067
47.696
56.7633
66.2897
76.139
86.2002
96.2317
105.779
114.94
123.889
132.67
141.241
149.528
157.459
164.965
171.968
178.38
184.11
189.086
193.284
196.743
199.563
201.889
203.885
205.705
207.466
209.233
211.026
212.829
214.609
216.337
217.993
219.561
221.034
222.402
223.648
224.747
225.661
226.345
226.753
226.845
226.582
225.932
224.862
223.337
221.33
218.829
215.844
212.427
208.671
204.711
200.712
196.846
193.264
190.064
187.278
184.856
182.681
180.578
178.344
175.769
172.664
168.882
164.34
159.029
153.022
146.461
139.539
132.472
125.468
118.705
112.31
106.354
100.852
95.7718
91.0411
86.5595
82.2014
77.8292
73.3136
68.5491
63.447
57.8391
51.3539
43.7035
35.3572
27.5461
21.3614
17.2379
14.916
13.9296
13.6552
9.42296
8.48416
15.6585
26.3881
39.4519
54.1331
69.9461
86.6131
103.738
120.973
137.962
154.45
170.281
185.379
199.526
212.401
223.521
233.2
241.727
249.247
255.85
261.605
266.559
270.723
274.074
276.577
278.212
279.002
279.014
278.356
277.165
275.595
273.79
271.872
269.927
268.002
266.109
264.242
262.383
260.515
258.624
256.697
254.723
252.691
250.585
248.385
246.066
243.602
240.967
238.133
235.069
231.735
228.088
224.083
219.687
214.893
209.736
204.305
198.744
193.243
188.005
183.218
179.015
175.444
172.463
169.938
167.67
165.415
162.92
159.948
156.305
151.868
146.599
140.556
133.885
126.799
119.546
112.37
105.477
99.0121
93.0532
87.6106
82.6397
78.0558
73.7474
69.5846
65.4358
61.1831
56.724
51.9597
46.7548
40.9166
34.4229
27.7549
21.7823
17.2615
14.4626
13.0766
12.6578
12.7148
13.0372
36.4168
73.0721
111.817
150.253
187.507
222.359
254.131
282.504
307.369
328.759
347.015
362.583
375.488
386.035
394.418
400.014
403.055
404.021
403.37
401.472
398.612
395.002
390.779
386.013
380.741
374.993
368.815
362.271
355.446
348.437
341.347
334.275
327.305
320.499
313.892
307.494
301.301
295.295
289.456
283.764
278.203
272.759
267.422
262.182
257.03
251.955
246.94
241.965
237.002
232.01
226.936
221.714
216.279
210.574
204.572
198.296
191.83
185.324
178.979
173.016
167.637
162.982
159.099
155.935
153.344
151.104
148.952
146.612
143.827
140.387
136.154
131.084
125.234
118.759
111.882
104.861
97.9432
91.3359
85.179
79.5407
74.4221
69.7715
65.5008
61.5001
57.649
53.832
49.9501
45.9145
41.6398
37.0594
32.1533
27.0213
21.9746
17.567
14.369
12.5509
11.7954
11.7169
11.95
59.667
409.107
507.516
581.042
636.696
679.158
710.137
729.75
739.053
739.753
733.641
722.265
707.043
689.484
670.74
651.398
631.691
611.512
591.002
570.447
550.153
530.38
511.318
493.079
475.698
459.152
443.385
428.337
413.955
400.199
387.044
374.474
362.479
351.051
340.176
329.835
319.997
310.627
301.683
293.124
284.912
277.015
269.406
262.066
254.982
248.142
241.532
235.137
228.931
222.877
216.925
211.009
205.054
198.98
192.726
186.258
179.598
172.832
166.112
159.637
153.627
148.271
143.695
139.935
136.923
134.5
132.441
130.484
128.355
125.807
122.638
118.72
114.019
108.598
102.609
96.2689
89.821
83.4947
77.475
71.8838
66.776
62.1462
57.9429
54.0843
50.4728
47.0056
43.5891
40.1472
36.6106
32.9215
29.088
25.2081
21.3838
17.7208
14.5613
12.3607
11.2237
10.8615
10.965
11.2776
)
;

boundaryField
{
    outlet
    {
        type            zeroGradient;
    }
    inlet
    {
        type            fixedValue;
        value           uniform 3.54;
    }
    lowerWall
    {
        Cmu             0.09;
        kappa           0.41;
        E               9.8;
        type            epsilonWallFunction;
        value           nonuniform List<scalar> 
148
(
115.949
152.042
190.662
230.214
269.214
306.366
340.626
371.273
397.908
420.413
438.886
453.577
464.832
473.046
478.626
481.966
483.437
483.371
482.062
479.768
476.706
473.061
468.988
464.614
460.044
455.364
450.643
445.936
441.285
436.728
432.283
428.053
425.333
0.915798
2.17628
3.81446
5.6665
7.06912
8.17636
8.85198
9.21644
9.3471
9.25574
9.12251
8.82191
9.42296
13.0372
59.667
0.915798
0.825584
1.0848
1.25819
1.36183
1.4124
1.41435
1.38169
1.37843
1.39439
1.43345
1.49934
1.5932
1.71258
1.8521
2.00509
2.16498
2.32565
2.48117
2.62665
2.75974
2.88287
3.00998
3.18741
3.44157
3.7943
4.30053
5.02586
6.02697
7.33311
8.93534
10.79
12.8357
15.0139
17.2837
19.6245
22.0271
24.4654
26.9034
29.302
31.6245
33.8437
35.9502
37.9295
39.76
41.4068
42.9478
44.4551
45.9533
47.4431
48.925
50.3986
51.8657
53.3286
54.7903
56.2531
57.7176
59.1817
60.639
62.0767
63.4731
64.7941
65.9977
67.0683
68.1883
69.251
69.7594
69.6314
68.9169
67.7144
66.2116
64.8091
63.6129
62.7512
62.4295
62.7751
63.7859
65.3408
67.2907
69.4362
71.269
73.1088
75.0054
76.2965
76.7769
76.4352
75.2344
73.1064
70.1046
66.6829
63.7711
62.3429
62.5261
63.0616
62.1712
58.8934
54.1874
50.4193
50.3689
62.7568
)
;
    }
    upperWall
    {
        Cmu             0.09;
        kappa           0.41;
        E               9.8;
        type            epsilonWallFunction;
        value           nonuniform List<scalar> 
133
(
31.176
33.6247
36.0474
38.4444
40.8146
43.156
45.4658
47.7405
49.9769
52.1719
54.3225
56.4263
58.4809
60.4845
62.4354
64.3325
66.1748
67.9617
69.6928
71.368
72.9875
74.5517
76.061
77.5162
78.9181
80.2676
81.5659
82.8141
84.0134
85.1652
86.2706
87.3317
88.3571
89.6439
90.9146
92.16
93.3782
94.5671
95.725
96.8499
97.9402
98.9939
100.009
100.985
101.919
102.809
103.655
104.455
105.207
105.91
106.563
107.164
107.713
108.208
108.647
109.031
109.359
109.628
109.839
109.991
110.083
110.113
110.083
109.99
109.834
109.615
109.331
108.983
108.568
108.088
107.54
106.925
106.241
105.487
104.663
103.769
102.802
101.763
100.65
99.4634
98.2021
96.8656
95.4537
93.9661
92.403
90.7647
89.0519
87.2657
85.4074
83.4792
81.4834
79.4233
77.3026
75.1257
72.8981
70.6256
68.3154
65.9751
63.6137
61.2412
58.8686
56.5085
54.1751
51.8844
49.6547
47.5068
45.4644
43.5545
41.8074
40.2569
38.9398
37.8948
37.1613
36.7768
36.7734
37.1736
37.9854
39.1972
40.7747
42.6599
44.7903
47.581
50.7828
54.0266
57.0093
59.4988
61.361
62.5699
63.1353
63.2234
62.7196
62.5811
62.2333
)
;
    }
    frontAndBack
    {
        type            empty;
    }
}


// ************************************************************************* //
