/*--------------------------------*- C++ -*----------------------------------*\
| =========                 |                                                 |
| \\      /  F ield         | OpenFOAM: The Open Source CFD Toolbox           |
|  \\    /   O peration     | Version:  4.1                                   |
|   \\  /    A nd           | Web:      www.OpenFOAM.org                      |
|    \\/     M anipulation  |                                                 |
\*---------------------------------------------------------------------------*/
FoamFile
{
    version     2.0;
    format      ascii;
    class       volScalarField;
    location    "500";
    object      k;
}
// * * * * * * * * * * * * * * * * * * * * * * * * * * * * * * * * * * * * * //

dimensions      [0 2 -2 0 0 0 0];

internalField   nonuniform List<scalar> 
6820
(
0.241787
0.289665
0.336844
0.381951
0.423954
0.462112
0.495951
0.52527
0.5501
0.570651
0.587247
0.60028
0.61017
0.617337
0.622182
0.625074
0.626344
0.626287
0.625156
0.623171
0.620517
0.61735
0.613801
0.609978
0.605972
0.601855
0.597688
0.593519
0.589385
0.58532
0.581342
0.577543
0.575093
0.202474
0.204679
0.206995
0.209467
0.212041
0.21468
0.217361
0.220054
0.22273
0.225366
0.227948
0.230471
0.232933
0.235338
0.237693
0.240008
0.242293
0.244557
0.24681
0.249058
0.251308
0.253567
0.255838
0.258124
0.260426
0.262743
0.265076
0.267423
0.26978
0.272144
0.274515
0.276884
0.279759
0.199741
0.199215
0.198471
0.197595
0.196619
0.195572
0.194482
0.193365
0.192234
0.191098
0.189968
0.188852
0.187757
0.18669
0.185657
0.184661
0.183709
0.182803
0.181948
0.181147
0.180401
0.17971
0.179074
0.178492
0.177963
0.177486
0.17706
0.176685
0.176358
0.176079
0.175843
0.175658
0.175552
0.199153
0.198176
0.197113
0.195992
0.194809
0.19357
0.192296
0.191001
0.189694
0.188383
0.187077
0.185781
0.184499
0.183236
0.181994
0.180778
0.179588
0.178427
0.177297
0.176199
0.175134
0.174103
0.173107
0.172144
0.171216
0.170321
0.16946
0.168632
0.167836
0.167072
0.166339
0.165636
0.164964
0.198981
0.1979
0.196807
0.195699
0.194559
0.193388
0.192197
0.190994
0.189784
0.188573
0.187366
0.186166
0.184977
0.183801
0.182642
0.181501
0.18038
0.179281
0.178204
0.17715
0.176121
0.175117
0.174139
0.173185
0.172258
0.171355
0.170479
0.169627
0.1688
0.167997
0.167218
0.166462
0.165721
0.198926
0.197795
0.196678
0.195576
0.194473
0.193363
0.192249
0.191133
0.190019
0.188909
0.187805
0.186711
0.185628
0.184558
0.183503
0.182464
0.181443
0.18044
0.179455
0.178491
0.177546
0.176621
0.175717
0.174834
0.173971
0.173129
0.172308
0.171507
0.170726
0.169965
0.169223
0.168499
0.167785
0.198906
0.197755
0.196631
0.195537
0.194463
0.193399
0.192342
0.191294
0.190253
0.189222
0.188201
0.187191
0.186194
0.18521
0.18424
0.183286
0.182347
0.181425
0.18052
0.179631
0.178761
0.177908
0.177073
0.176256
0.175457
0.174675
0.173912
0.173166
0.172437
0.171726
0.171031
0.170352
0.169679
0.1989
0.19774
0.196611
0.195517
0.194452
0.193408
0.192382
0.191373
0.19038
0.189401
0.188437
0.187487
0.186551
0.185631
0.184726
0.183837
0.182963
0.182106
0.181265
0.18044
0.179632
0.17884
0.178064
0.177305
0.176563
0.175836
0.175126
0.174431
0.173752
0.173088
0.17244
0.171805
0.171175
0.198897
0.197734
0.196603
0.195508
0.194448
0.193415
0.192408
0.191424
0.19046
0.189516
0.188591
0.187683
0.186792
0.185918
0.185061
0.18422
0.183396
0.182588
0.181795
0.181019
0.180259
0.179515
0.178786
0.178073
0.177375
0.176692
0.176025
0.175372
0.174733
0.174109
0.173499
0.172901
0.172307
0.198896
0.197732
0.1966
0.195505
0.194445
0.193417
0.192417
0.191444
0.190496
0.189571
0.188667
0.187785
0.186922
0.186079
0.185254
0.184446
0.183656
0.182883
0.182127
0.181387
0.180664
0.179956
0.179263
0.178586
0.177924
0.177277
0.176644
0.176025
0.17542
0.174829
0.174251
0.173685
0.173122
0.198896
0.197731
0.196599
0.195504
0.194444
0.193417
0.192421
0.191454
0.190514
0.1896
0.18871
0.187844
0.186999
0.186175
0.185371
0.184586
0.18382
0.183072
0.182342
0.181628
0.180931
0.18025
0.179584
0.178934
0.178299
0.177678
0.177072
0.176479
0.1759
0.175335
0.174782
0.174241
0.173702
0.198896
0.19773
0.196599
0.195504
0.194444
0.193418
0.192423
0.191458
0.190521
0.189612
0.188729
0.18787
0.187035
0.186222
0.18543
0.184659
0.183908
0.183175
0.182461
0.181765
0.181086
0.180423
0.179776
0.179145
0.178529
0.177928
0.177341
0.176769
0.176209
0.175664
0.17513
0.174608
0.174089
0.198896
0.19773
0.196599
0.195504
0.194444
0.193418
0.192424
0.19146
0.190525
0.189618
0.188738
0.187884
0.187054
0.186247
0.185463
0.1847
0.183958
0.183235
0.182532
0.181846
0.181179
0.180529
0.179895
0.179277
0.178674
0.178087
0.177514
0.176955
0.17641
0.175878
0.175359
0.174851
0.174347
0.198896
0.19773
0.196599
0.195504
0.194445
0.193419
0.192425
0.191461
0.190527
0.189621
0.188743
0.18789
0.187062
0.186259
0.185478
0.184719
0.183981
0.183264
0.182566
0.181888
0.181227
0.180584
0.179958
0.179348
0.178754
0.178176
0.177612
0.177063
0.176527
0.176005
0.175496
0.174998
0.174503
0.198896
0.19773
0.196599
0.195505
0.194445
0.193419
0.192425
0.191462
0.190528
0.189623
0.188745
0.187893
0.187067
0.186265
0.185486
0.184729
0.183994
0.18328
0.182586
0.181911
0.181254
0.180616
0.179994
0.17939
0.178801
0.178228
0.17767
0.177127
0.176598
0.176082
0.175579
0.175088
0.174601
0.198896
0.19773
0.196599
0.195505
0.194446
0.19342
0.192426
0.191463
0.190529
0.189624
0.188746
0.187895
0.187069
0.186268
0.18549
0.184734
0.184
0.183287
0.182595
0.181922
0.181267
0.180631
0.180012
0.17941
0.178825
0.178255
0.1777
0.17716
0.176635
0.176123
0.175624
0.175137
0.174654
0.198896
0.19773
0.1966
0.195505
0.194446
0.19342
0.192426
0.191463
0.19053
0.189625
0.188748
0.187896
0.187071
0.18627
0.185492
0.184737
0.184004
0.183292
0.1826
0.181928
0.181275
0.18064
0.180022
0.179422
0.178838
0.17827
0.177718
0.17718
0.176656
0.176147
0.175651
0.175166
0.174686
0.198896
0.19773
0.1966
0.195505
0.194446
0.19342
0.192427
0.191464
0.19053
0.189626
0.188748
0.187897
0.187072
0.186271
0.185493
0.184739
0.184006
0.183294
0.182603
0.181931
0.181279
0.180644
0.180028
0.179428
0.178845
0.178278
0.177726
0.17719
0.176667
0.176159
0.175664
0.175181
0.174702
0.198896
0.197729
0.1966
0.195506
0.194446
0.193421
0.192427
0.191464
0.190531
0.189626
0.188749
0.187898
0.187073
0.186272
0.185494
0.18474
0.184007
0.183296
0.182605
0.181933
0.181281
0.180647
0.180031
0.179432
0.178849
0.178283
0.177732
0.177195
0.176674
0.176166
0.175672
0.175189
0.174712
0.198896
0.197729
0.1966
0.195506
0.194446
0.193421
0.192427
0.191464
0.190531
0.189627
0.188749
0.187899
0.187073
0.186272
0.185495
0.184741
0.184008
0.183297
0.182606
0.181935
0.181283
0.180649
0.180033
0.179434
0.178852
0.178285
0.177734
0.177199
0.176677
0.17617
0.175676
0.175194
0.174717
0.198896
0.197729
0.1966
0.195506
0.194447
0.193421
0.192427
0.191465
0.190532
0.189627
0.18875
0.187899
0.187074
0.186273
0.185496
0.184742
0.184009
0.183298
0.182607
0.181936
0.181284
0.18065
0.180034
0.179435
0.178853
0.178287
0.177737
0.177201
0.17668
0.176173
0.175679
0.175197
0.17472
0.198896
0.197729
0.1966
0.195506
0.194447
0.193421
0.192428
0.191465
0.190532
0.189627
0.18875
0.1879
0.187074
0.186274
0.185497
0.184742
0.18401
0.183299
0.182608
0.181937
0.181285
0.180651
0.180035
0.179437
0.178855
0.178289
0.177738
0.177202
0.176681
0.176175
0.175681
0.175199
0.174722
0.198896
0.197729
0.1966
0.195506
0.194447
0.193421
0.192428
0.191465
0.190532
0.189628
0.188751
0.1879
0.187075
0.186274
0.185497
0.184743
0.18401
0.183299
0.182608
0.181937
0.181285
0.180652
0.180036
0.179437
0.178855
0.178289
0.177739
0.177204
0.176683
0.176176
0.175682
0.175201
0.174723
0.198896
0.19773
0.1966
0.195506
0.194447
0.193421
0.192428
0.191465
0.190532
0.189628
0.188751
0.1879
0.187075
0.186274
0.185497
0.184743
0.184011
0.1833
0.182609
0.181938
0.181286
0.180652
0.180037
0.179438
0.178856
0.17829
0.17774
0.177204
0.176683
0.176177
0.175683
0.175201
0.174724
0.198896
0.197729
0.1966
0.195506
0.194447
0.193421
0.192428
0.191465
0.190532
0.189628
0.188751
0.1879
0.187075
0.186274
0.185497
0.184743
0.184011
0.1833
0.182609
0.181938
0.181286
0.180653
0.180037
0.179438
0.178856
0.17829
0.17774
0.177204
0.176683
0.176176
0.175683
0.175201
0.174724
0.198896
0.197729
0.1966
0.195506
0.194447
0.193421
0.192428
0.191465
0.190532
0.189628
0.188751
0.1879
0.187075
0.186274
0.185497
0.184743
0.184011
0.1833
0.182609
0.181938
0.181286
0.180653
0.180037
0.179438
0.178856
0.17829
0.17774
0.177204
0.176683
0.176177
0.175683
0.175202
0.174724
0.198896
0.197729
0.1966
0.195506
0.194447
0.193421
0.192428
0.191465
0.190532
0.189628
0.188751
0.1879
0.187075
0.186274
0.185497
0.184743
0.18401
0.183299
0.182608
0.181937
0.181285
0.180652
0.180036
0.179437
0.178855
0.178289
0.177738
0.177203
0.176682
0.176175
0.175681
0.1752
0.174722
0.198896
0.197729
0.1966
0.195506
0.194447
0.193421
0.192428
0.191465
0.190532
0.189628
0.188751
0.1879
0.187075
0.186274
0.185497
0.184743
0.18401
0.183299
0.182608
0.181937
0.181285
0.180652
0.180036
0.179437
0.178855
0.178289
0.177738
0.177203
0.176682
0.176175
0.175681
0.175199
0.174722
0.198896
0.197729
0.1966
0.195506
0.194447
0.193421
0.192428
0.191465
0.190532
0.189627
0.18875
0.187899
0.187074
0.186273
0.185496
0.184741
0.184009
0.183297
0.182606
0.181935
0.181283
0.180649
0.180033
0.179434
0.178852
0.178285
0.177735
0.177199
0.176678
0.176171
0.175677
0.175195
0.174718
0.198896
0.197729
0.1966
0.195506
0.194447
0.193421
0.192427
0.191465
0.190532
0.189627
0.18875
0.187899
0.187074
0.186273
0.185496
0.184742
0.184009
0.183298
0.182607
0.181936
0.181283
0.18065
0.180034
0.179435
0.178852
0.178286
0.177735
0.1772
0.176678
0.176171
0.175677
0.175195
0.174718
0.198896
0.197729
0.1966
0.195506
0.194447
0.193421
0.192427
0.191464
0.190531
0.189626
0.188749
0.187898
0.187072
0.186271
0.185493
0.184738
0.184005
0.183294
0.182602
0.181931
0.181278
0.180644
0.180028
0.179428
0.178846
0.178279
0.177728
0.177192
0.17667
0.176162
0.175668
0.175186
0.174708
0.198896
0.197729
0.1966
0.195506
0.194446
0.193421
0.192427
0.191464
0.190531
0.189627
0.18875
0.187899
0.187074
0.186273
0.185496
0.184741
0.184008
0.183297
0.182605
0.181934
0.181281
0.180647
0.18003
0.17943
0.178847
0.17828
0.177728
0.177192
0.176669
0.176161
0.175666
0.175183
0.174704
0.198896
0.19773
0.1966
0.195505
0.194446
0.19342
0.192426
0.191462
0.190528
0.189623
0.188745
0.187893
0.187067
0.186266
0.185487
0.184732
0.183998
0.183286
0.182594
0.181921
0.181268
0.180632
0.180014
0.179414
0.178829
0.178261
0.177708
0.17717
0.176646
0.176136
0.17564
0.175155
0.174674
0.198896
0.19773
0.1966
0.195506
0.194447
0.193422
0.192429
0.191467
0.190534
0.18963
0.188753
0.187901
0.187076
0.186274
0.185495
0.184739
0.184005
0.183291
0.182597
0.181923
0.181267
0.180629
0.180009
0.179406
0.178818
0.178247
0.177691
0.177149
0.176622
0.176108
0.175608
0.175119
0.174634
0.198896
0.19773
0.1966
0.195504
0.194443
0.193416
0.192421
0.191457
0.190523
0.189617
0.188738
0.187885
0.187057
0.186253
0.185472
0.184713
0.183975
0.183258
0.18256
0.181882
0.181221
0.180578
0.179953
0.179344
0.17875
0.178173
0.17761
0.177062
0.176528
0.176008
0.175501
0.175005
0.174513
0.198897
0.197733
0.196606
0.195516
0.194462
0.193441
0.19245
0.191489
0.190556
0.18965
0.18877
0.187915
0.187083
0.186274
0.185486
0.18472
0.183975
0.183249
0.182542
0.181853
0.181182
0.180528
0.179892
0.179271
0.178666
0.178076
0.177502
0.176941
0.176395
0.175863
0.175343
0.174835
0.174331
0.1989
0.197735
0.196605
0.195515
0.194465
0.193449
0.192464
0.191508
0.190579
0.189676
0.188796
0.187939
0.187104
0.186291
0.185498
0.184725
0.183971
0.183236
0.182519
0.181821
0.181139
0.180475
0.179827
0.179195
0.17858
0.177979
0.177394
0.176823
0.176266
0.175723
0.175194
0.174677
0.174164
0.198944
0.197852
0.196795
0.195774
0.194787
0.193828
0.192894
0.191986
0.191101
0.190239
0.189398
0.188578
0.187779
0.186999
0.186238
0.185497
0.184773
0.184068
0.183381
0.182711
0.182058
0.181421
0.180801
0.180198
0.179609
0.179036
0.178478
0.177935
0.177406
0.176891
0.17639
0.175902
0.17542
0.199227
0.198572
0.198048
0.197613
0.197233
0.196892
0.196584
0.196306
0.196053
0.195822
0.195611
0.195419
0.195245
0.195087
0.194945
0.194818
0.194704
0.194604
0.194516
0.19444
0.194375
0.19432
0.194275
0.19424
0.194213
0.194195
0.194184
0.194181
0.194185
0.194195
0.194212
0.194234
0.194266
0.209515
0.220347
0.230808
0.24093
0.250733
0.260233
0.269437
0.278351
0.286977
0.295319
0.303381
0.311164
0.318672
0.32591
0.332881
0.33959
0.346043
0.352244
0.358201
0.363918
0.369403
0.374662
0.379702
0.384529
0.389152
0.393576
0.397808
0.401856
0.405727
0.409426
0.412962
0.416341
0.419593
0.642033
0.794616
0.964177
1.13926
1.29664
1.42555
1.52471
1.59758
1.6498
1.68704
1.71366
1.73253
1.7454
1.75364
1.75834
1.76042
1.76029
1.75874
1.75584
1.75199
1.7477
1.74346
1.7397
1.73674
1.73478
1.73385
1.73387
1.73469
1.7361
1.73791
1.73995
1.74212
1.74432
1.74652
1.7487
1.75082
1.75286
1.75475
1.75645
1.75788
1.75902
1.75983
1.76034
1.76056
1.76055
1.76029
1.75977
1.75884
1.75733
1.75492
1.75126
1.74597
1.73871
1.7293
1.71781
1.70465
1.69061
1.67682
1.66458
1.65512
1.64932
1.64742
1.64891
1.65259
1.65674
1.65943
1.65871
1.65289
1.64067
1.62123
1.59429
1.56016
1.51969
1.4742
1.42531
1.37467
1.32375
1.27361
1.2248
1.17736
1.13093
1.08492
1.03865
0.991457
0.942807
0.892341
0.839983
0.786041
0.731411
0.678413
0.63235
0.601613
0.593619
0.608707
0.638714
0.672452
0.702446
0.725716
0.742968
0.752799
0.287498
0.306346
0.338908
0.389185
0.456469
0.537508
0.627193
0.719529
0.809613
0.893905
0.97028
1.0378
1.09641
1.14672
1.18971
1.22646
1.25781
1.28449
1.30757
1.32768
1.34539
1.36125
1.37579
1.38946
1.40262
1.41551
1.42822
1.44077
1.45308
1.46505
1.47657
1.48752
1.49783
1.50743
1.51629
1.52437
1.53166
1.53812
1.54375
1.54854
1.55249
1.55565
1.55806
1.55983
1.56104
1.56175
1.56198
1.56168
1.56069
1.55877
1.55562
1.5509
1.54433
1.5358
1.5254
1.51358
1.50113
1.48913
1.47882
1.47134
1.46749
1.46743
1.47061
1.47582
1.48137
1.48535
1.48593
1.48151
1.47092
1.45347
1.42899
1.39787
1.36097
1.31957
1.27516
1.22923
1.18307
1.13758
1.09321
1.04997
1.00752
0.965332
0.922826
0.879472
0.834874
0.788828
0.741432
0.693194
0.645255
0.600235
0.56395
0.545464
0.551692
0.579971
0.618625
0.655775
0.685757
0.707639
0.723299
0.732071
0.175822
0.177258
0.180414
0.186388
0.196252
0.210862
0.231182
0.258149
0.291863
0.331724
0.376745
0.425653
0.477041
0.529538
0.581939
0.63324
0.682607
0.729215
0.773018
0.814039
0.852411
0.888354
0.922143
0.95407
0.9844
1.01335
1.04106
1.06761
1.09302
1.11726
1.1403
1.16206
1.18249
1.20153
1.21915
1.23534
1.25007
1.26336
1.27521
1.28566
1.29477
1.3026
1.30927
1.3149
1.31963
1.32358
1.32681
1.32931
1.33099
1.33167
1.3311
1.329
1.32515
1.31945
1.31204
1.30334
1.29408
1.28528
1.27809
1.27355
1.27239
1.27476
1.28016
1.28743
1.29498
1.30101
1.3038
1.30185
1.29409
1.2799
1.25919
1.23233
1.20018
1.16389
1.12483
1.08434
1.04356
1.0033
0.96394
0.925501
0.887691
0.850057
0.81211
0.773427
0.733722
0.692905
0.651181
0.609208
0.568309
0.531145
0.503358
0.494086
0.510338
0.548138
0.593523
0.633818
0.66441
0.685752
0.700596
0.708618
0.16415
0.16346
0.16299
0.16294
0.163544
0.16505
0.167754
0.171994
0.178095
0.186504
0.197549
0.211476
0.228459
0.248574
0.271788
0.29793
0.32667
0.357496
0.389808
0.423187
0.457237
0.491621
0.526067
0.560365
0.594355
0.627911
0.660921
0.693281
0.724884
0.755616
0.785359
0.813991
0.841393
0.867457
0.892088
0.91521
0.936764
0.956713
0.975039
0.991752
1.00689
1.02052
1.03274
1.04368
1.05346
1.06222
1.07003
1.07691
1.08282
1.08762
1.09112
1.09311
1.0934
1.09193
1.08884
1.08451
1.0796
1.07502
1.07179
1.07087
1.07291
1.07809
1.08595
1.09548
1.10524
1.1136
1.11897
1.12002
1.11574
1.10558
1.08944
1.06767
1.04102
1.01052
0.97738
0.942794
0.907788
0.8731
0.83911
0.805859
0.773121
0.740524
0.707659
0.674188
0.639908
0.604798
0.56911
0.533547
0.499561
0.469867
0.449636
0.447291
0.469742
0.513118
0.562966
0.606099
0.638082
0.65995
0.674941
0.682864
0.164786
0.163862
0.16298
0.162184
0.161525
0.161062
0.160875
0.161062
0.161724
0.162986
0.164999
0.16791
0.171865
0.177015
0.183505
0.191474
0.201036
0.212257
0.225121
0.239644
0.255814
0.273593
0.292921
0.313716
0.335865
0.359236
0.383668
0.408983
0.434988
0.461476
0.488231
0.515034
0.541664
0.567911
0.593572
0.618466
0.642431
0.66533
0.687052
0.70752
0.726691
0.744558
0.761151
0.77653
0.790772
0.803954
0.816135
0.827328
0.837492
0.846522
0.854266
0.860556
0.865254
0.868319
0.869871
0.870243
0.870001
0.869918
0.870877
0.873717
0.879031
0.88699
0.897232
0.908882
0.920687
0.93122
0.939083
0.943083
0.942335
0.936333
0.92497
0.908528
0.887633
0.863173
0.836178
0.807694
0.778636
0.749684
0.721219
0.693324
0.665845
0.638488
0.610921
0.58287
0.554183
0.52489
0.495252
0.465926
0.438343
0.415256
0.401517
0.404542
0.430532
0.476155
0.527982
0.573102
0.606803
0.629979
0.645916
0.654393
0.166882
0.165968
0.165056
0.164159
0.163292
0.162473
0.161728
0.16109
0.160598
0.160295
0.160234
0.160475
0.161078
0.16211
0.163638
0.165732
0.168461
0.171888
0.176061
0.181035
0.186867
0.193618
0.201351
0.210125
0.219992
0.230995
0.243157
0.256486
0.270963
0.286545
0.30316
0.320707
0.339057
0.358057
0.377537
0.397313
0.417198
0.437009
0.456572
0.475735
0.494371
0.512381
0.529702
0.546299
0.562159
0.577281
0.591657
0.605256
0.618011
0.629817
0.640534
0.650014
0.65814
0.664869
0.670289
0.674662
0.67844
0.682248
0.686813
0.692839
0.700842
0.710993
0.723018
0.736197
0.749472
0.761624
0.771452
0.777922
0.780263
0.778025
0.771094
0.759682
0.744294
0.725658
0.704636
0.682116
0.658896
0.635594
0.612582
0.58998
0.567699
0.545519
0.523174
0.500443
0.477207
0.453509
0.429613
0.406117
0.384308
0.366812
0.358239
0.365184
0.392899
0.438473
0.490187
0.536166
0.571411
0.596236
0.613582
0.62302
0.16883
0.167963
0.167092
0.166221
0.165356
0.164504
0.163671
0.16287
0.162114
0.16142
0.16081
0.160307
0.159941
0.159742
0.159744
0.159981
0.160488
0.1613
0.162448
0.16396
0.165868
0.168207
0.171014
0.174329
0.178195
0.182657
0.187759
0.193545
0.200054
0.207322
0.215377
0.224233
0.233891
0.244334
0.255528
0.267416
0.279923
0.292959
0.306421
0.320199
0.334185
0.348274
0.362376
0.376409
0.390307
0.404007
0.417446
0.430547
0.443212
0.45532
0.46673
0.477298
0.486906
0.495497
0.503111
0.509927
0.516272
0.522614
0.529513
0.537522
0.547069
0.558313
0.571061
0.584747
0.598516
0.61136
0.622272
0.630374
0.635007
0.63577
0.632542
0.625473
0.614948
0.601548
0.585971
0.568949
0.551159
0.533141
0.515246
0.497616
0.480214
0.462881
0.445412
0.427628
0.409432
0.390862
0.372157
0.353857
0.337097
0.324239
0.31954
0.328929
0.356877
0.400834
0.450907
0.496659
0.532994
0.559469
0.578404
0.588967
0.17038
0.169567
0.168747
0.167923
0.167098
0.166271
0.165447
0.16463
0.163826
0.163041
0.162284
0.161567
0.160902
0.160304
0.159789
0.159375
0.159083
0.15893
0.158937
0.159122
0.159503
0.160099
0.16093
0.162017
0.163382
0.16505
0.167044
0.16939
0.172116
0.17525
0.178818
0.182849
0.187367
0.192391
0.197939
0.204017
0.210625
0.217756
0.225389
0.233497
0.242046
0.250995
0.260301
0.269918
0.279797
0.289885
0.30012
0.310427
0.320712
0.330863
0.340753
0.350254
0.359251
0.367676
0.375529
0.382909
0.39003
0.397212
0.404853
0.413362
0.423065
0.434101
0.446342
0.459365
0.472505
0.484959
0.495907
0.504624
0.51055
0.513334
0.51285
0.509186
0.502626
0.493612
0.482688
0.470438
0.457414
0.444071
0.430721
0.41751
0.404438
0.391399
0.378235
0.364806
0.35103
0.336937
0.322724
0.308855
0.296319
0.287181
0.285233
0.295756
0.322658
0.363844
0.41116
0.455715
0.492541
0.520442
0.540949
0.552657
0.171559
0.170793
0.17002
0.169242
0.168458
0.167672
0.166882
0.166092
0.165304
0.164521
0.163744
0.162981
0.162235
0.161514
0.160825
0.160179
0.159585
0.159054
0.158598
0.15823
0.15796
0.1578
0.157764
0.157865
0.158114
0.158527
0.159117
0.159898
0.160886
0.162097
0.163547
0.165253
0.167233
0.169504
0.172081
0.174981
0.178217
0.1818
0.185739
0.190039
0.194704
0.199732
0.205121
0.210862
0.216945
0.223351
0.23005
0.237002
0.244151
0.251421
0.258726
0.265971
0.273071
0.279964
0.286632
0.293125
0.299567
0.306164
0.313183
0.320907
0.329573
0.339297
0.349998
0.361379
0.372945
0.384079
0.394134
0.402523
0.408782
0.412606
0.413865
0.412598
0.408999
0.403389
0.396176
0.387807
0.378712
0.369258
0.359706
0.350195
0.340746
0.331293
0.321721
0.31192
0.301823
0.291448
0.28095
0.270713
0.261563
0.255259
0.255085
0.265678
0.290533
0.328105
0.371835
0.414325
0.450929
0.479842
0.501744
0.514535
0.172414
0.171688
0.170955
0.170217
0.169474
0.168726
0.167973
0.167217
0.166458
0.165698
0.164937
0.164179
0.163424
0.162677
0.161942
0.161222
0.160523
0.159852
0.159213
0.158616
0.158066
0.157572
0.157141
0.156782
0.156504
0.156315
0.156224
0.156241
0.156375
0.156637
0.157037
0.157584
0.158291
0.159168
0.160225
0.161476
0.16293
0.164598
0.166492
0.168621
0.170996
0.173626
0.17652
0.179685
0.183126
0.186845
0.190836
0.195086
0.19957
0.204252
0.209085
0.214015
0.218987
0.223961
0.228921
0.233891
0.238945
0.24421
0.249859
0.256081
0.263048
0.270851
0.279454
0.288658
0.298116
0.307373
0.315933
0.323336
0.329203
0.333272
0.335414
0.335632
0.334047
0.33088
0.326423
0.321002
0.31494
0.308519
0.301946
0.295345
0.288747
0.282115
0.27537
0.268429
0.261237
0.253802
0.246242
0.238859
0.232319
0.228059
0.228838
0.23867
0.260762
0.294176
0.333752
0.373433
0.40904
0.438375
0.461322
0.475052
0.173026
0.172332
0.171633
0.170928
0.170217
0.169502
0.168782
0.168058
0.16733
0.166598
0.165864
0.165127
0.164389
0.163651
0.162916
0.162185
0.16146
0.160745
0.160043
0.159359
0.158695
0.158057
0.157451
0.15688
0.156351
0.155869
0.15544
0.155072
0.154769
0.15454
0.154391
0.154329
0.154361
0.154495
0.154738
0.155099
0.155585
0.156204
0.156964
0.157873
0.158942
0.160178
0.16159
0.163189
0.164982
0.166977
0.169178
0.171584
0.174188
0.176977
0.17993
0.18302
0.186219
0.189505
0.192868
0.196322
0.199911
0.203713
0.207838
0.212415
0.217563
0.22336
0.229799
0.236764
0.244025
0.251263
0.258113
0.264221
0.269285
0.273085
0.275498
0.276498
0.276153
0.274606
0.272056
0.268731
0.264864
0.260663
0.256288
0.25184
0.247356
0.24282
0.238181
0.233379
0.22837
0.223157
0.217821
0.212592
0.207983
0.205119
0.20622
0.214687
0.233533
0.262475
0.297572
0.333886
0.367753
0.396807
0.420286
0.434709
0.173438
0.17277
0.172097
0.171418
0.170735
0.170047
0.169355
0.168658
0.167957
0.167252
0.166542
0.165829
0.165113
0.164395
0.163674
0.162953
0.162233
0.161514
0.160799
0.160089
0.159388
0.158697
0.158019
0.157358
0.156717
0.1561
0.15551
0.154951
0.154428
0.153946
0.153509
0.153123
0.152791
0.15252
0.152315
0.152181
0.152124
0.15215
0.152263
0.152471
0.15278
0.153197
0.153729
0.154384
0.155169
0.156091
0.157156
0.158369
0.15973
0.161237
0.162883
0.164656
0.166545
0.16854
0.170635
0.172841
0.175183
0.177708
0.180485
0.1836
0.187136
0.191158
0.19568
0.200647
0.205918
0.211284
0.216489
0.221269
0.225387
0.22866
0.230975
0.232287
0.232625
0.232072
0.230758
0.228837
0.22647
0.223807
0.220967
0.218031
0.215035
0.21198
0.208834
0.205559
0.202122
0.198519
0.194805
0.191143
0.187913
0.185951
0.186958
0.193709
0.209026
0.233321
0.263775
0.296358
0.32787
0.355935
0.379331
0.394095
0.173714
0.173065
0.172412
0.171754
0.171092
0.170425
0.169754
0.169079
0.1684
0.167717
0.167029
0.166338
0.165643
0.164945
0.164243
0.163539
0.162833
0.162125
0.161416
0.160708
0.160001
0.159297
0.158597
0.157904
0.157219
0.156544
0.155882
0.155236
0.154607
0.154
0.153417
0.152862
0.152338
0.151848
0.151397
0.150988
0.150626
0.150313
0.150055
0.149856
0.149719
0.149651
0.149656
0.14974
0.149907
0.150165
0.150518
0.150971
0.151527
0.152189
0.152956
0.153825
0.154792
0.155855
0.157012
0.15827
0.159643
0.161161
0.162864
0.164807
0.167048
0.169637
0.172601
0.175921
0.179526
0.18329
0.187043
0.1906
0.193779
0.196432
0.198454
0.199792
0.200443
0.200449
0.199888
0.19886
0.197471
0.195827
0.194014
0.192097
0.190109
0.188059
0.185933
0.183707
0.181359
0.178884
0.176316
0.173762
0.171488
0.170083
0.170777
0.175716
0.187443
0.20701
0.232716
0.261339
0.290041
0.3165
0.339194
0.353886
0.173884
0.173249
0.17261
0.171968
0.171321
0.17067
0.170016
0.169357
0.168695
0.168029
0.16736
0.166686
0.166009
0.165328
0.164644
0.163956
0.163265
0.162571
0.161875
0.161177
0.160478
0.159778
0.159078
0.158379
0.157682
0.156989
0.1563
0.155618
0.154945
0.154281
0.153629
0.152992
0.152371
0.151769
0.151188
0.150632
0.150102
0.149602
0.149134
0.148701
0.148308
0.147955
0.147648
0.14739
0.147185
0.147037
0.146949
0.146927
0.146972
0.14709
0.14728
0.147545
0.147884
0.148299
0.148789
0.14936
0.150021
0.150787
0.151684
0.152744
0.154004
0.155503
0.157266
0.159298
0.161572
0.164022
0.166549
0.169029
0.171334
0.173347
0.174976
0.176164
0.176888
0.177159
0.177019
0.176525
0.175746
0.174752
0.173605
0.172354
0.171028
0.169642
0.168192
0.166667
0.165052
0.163344
0.161562
0.159773
0.158149
0.15708
0.157401
0.160659
0.16899
0.183881
0.204741
0.229207
0.254761
0.27913
0.300587
0.314805
0.17399
0.173365
0.172736
0.172104
0.171468
0.170829
0.170186
0.16954
0.168891
0.168237
0.167581
0.166921
0.166257
0.16559
0.16492
0.164247
0.16357
0.16289
0.162206
0.16152
0.160832
0.160141
0.159449
0.158755
0.15806
0.157366
0.156672
0.15598
0.155291
0.154605
0.153925
0.153251
0.152585
0.151929
0.151284
0.150652
0.150035
0.149435
0.148853
0.148291
0.147753
0.147239
0.146752
0.146295
0.14587
0.14548
0.145127
0.144815
0.144546
0.144323
0.144148
0.144023
0.14395
0.143931
0.143968
0.144063
0.144223
0.144457
0.144778
0.145205
0.14576
0.14647
0.147355
0.148428
0.149686
0.151102
0.152626
0.154187
0.155703
0.15709
0.158273
0.159198
0.159832
0.160167
0.160216
0.160007
0.159581
0.158981
0.158249
0.157419
0.156517
0.155558
0.154545
0.153475
0.15234
0.151139
0.149882
0.148608
0.147421
0.14656
0.146553
0.148427
0.153807
0.1643
0.180268
0.200344
0.222439
0.244331
0.264134
0.277548
0.174049
0.17343
0.172808
0.172183
0.171555
0.170923
0.170288
0.169651
0.16901
0.168366
0.167719
0.167068
0.166415
0.165759
0.165099
0.164436
0.16377
0.163101
0.162429
0.161754
0.161076
0.160395
0.159712
0.159026
0.158339
0.15765
0.156959
0.156269
0.155578
0.154888
0.154199
0.153512
0.152829
0.15215
0.151477
0.15081
0.15015
0.149499
0.148859
0.14823
0.147614
0.147012
0.146425
0.145857
0.145307
0.144777
0.14427
0.143788
0.143331
0.142903
0.142506
0.14214
0.141808
0.141512
0.141254
0.141036
0.140862
0.140737
0.140668
0.140664
0.14074
0.14091
0.141188
0.141587
0.142113
0.14276
0.143508
0.144324
0.145161
0.145968
0.146692
0.147288
0.147724
0.147981
0.148055
0.147955
0.147699
0.147312
0.146817
0.146239
0.145595
0.1449
0.144159
0.143374
0.142543
0.141665
0.140746
0.139808
0.138909
0.138185
0.137941
0.138804
0.141873
0.148551
0.15979
0.175251
0.193519
0.212555
0.230368
0.242733
0.174084
0.173469
0.172852
0.172231
0.171607
0.170981
0.170351
0.169719
0.169084
0.168446
0.167805
0.167162
0.166515
0.165866
0.165214
0.164559
0.163901
0.16324
0.162576
0.16191
0.16124
0.160568
0.159893
0.159215
0.158536
0.157854
0.15717
0.156484
0.155797
0.155109
0.154421
0.153733
0.153045
0.152359
0.151675
0.150994
0.150316
0.149642
0.148974
0.148311
0.147656
0.147008
0.14637
0.145741
0.145122
0.144516
0.143923
0.143344
0.14278
0.142233
0.141705
0.141196
0.140709
0.140244
0.139803
0.139389
0.139003
0.138648
0.138328
0.138047
0.137813
0.137633
0.137516
0.137471
0.137505
0.137619
0.13781
0.138065
0.138363
0.138676
0.138975
0.139229
0.139411
0.139503
0.139493
0.139378
0.139163
0.138857
0.138473
0.138024
0.137522
0.136976
0.136392
0.135774
0.135123
0.134439
0.133727
0.132998
0.132282
0.13165
0.131264
0.13147
0.132931
0.136656
0.143713
0.154545
0.168609
0.184339
0.199807
0.210918
0.174102
0.17349
0.172874
0.172256
0.171635
0.171012
0.170386
0.169757
0.169125
0.168491
0.167854
0.167215
0.166573
0.165929
0.165282
0.164632
0.163979
0.163324
0.162667
0.162006
0.161343
0.160677
0.160009
0.159338
0.158664
0.157989
0.157311
0.156631
0.155949
0.155266
0.154581
0.153896
0.15321
0.152524
0.151838
0.151153
0.150469
0.149787
0.149107
0.14843
0.147756
0.147087
0.146422
0.145763
0.145109
0.144462
0.143823
0.143191
0.142569
0.141956
0.141354
0.140764
0.140187
0.139623
0.139075
0.138543
0.138029
0.137533
0.137059
0.136608
0.136183
0.135788
0.135427
0.135107
0.134831
0.134602
0.134423
0.134291
0.134199
0.134135
0.134085
0.134033
0.13396
0.133854
0.133703
0.1335
0.133241
0.13293
0.132568
0.132162
0.131717
0.131239
0.130732
0.130199
0.129643
0.129065
0.128468
0.127858
0.127249
0.126675
0.126215
0.126042
0.126511
0.128237
0.132063
0.138728
0.148446
0.16041
0.173089
0.182696
0.174113
0.173502
0.172888
0.172272
0.171652
0.171031
0.170406
0.16978
0.16915
0.168518
0.167884
0.167247
0.166608
0.165967
0.165323
0.164676
0.164027
0.163376
0.162722
0.162066
0.161407
0.160746
0.160082
0.159416
0.158747
0.158076
0.157403
0.156728
0.156051
0.155373
0.154692
0.154011
0.153328
0.152644
0.15196
0.151275
0.15059
0.149906
0.149223
0.148541
0.14786
0.147181
0.146505
0.145831
0.145161
0.144494
0.143831
0.143172
0.142519
0.141871
0.141229
0.140594
0.139967
0.139348
0.138739
0.138139
0.13755
0.136973
0.136408
0.135856
0.135318
0.134797
0.134293
0.133809
0.133348
0.132913
0.132506
0.132128
0.131778
0.131454
0.131149
0.130858
0.130571
0.13028
0.129978
0.129658
0.129315
0.128947
0.128554
0.128135
0.127692
0.127228
0.126744
0.126242
0.125724
0.125192
0.124648
0.124095
0.12354
0.122997
0.1225
0.122127
0.122051
0.122596
0.124288
0.12776
0.133557
0.141585
0.151031
0.158786
0.174119
0.173508
0.172895
0.172279
0.171661
0.17104
0.170417
0.169791
0.169163
0.168533
0.1679
0.167265
0.166627
0.165987
0.165345
0.1647
0.164054
0.163405
0.162753
0.162099
0.161443
0.160785
0.160124
0.159461
0.158796
0.158129
0.157459
0.156788
0.156114
0.155439
0.154762
0.154084
0.153404
0.152724
0.152042
0.151359
0.150676
0.149993
0.149309
0.148626
0.147944
0.147262
0.146581
0.145902
0.145224
0.144547
0.143873
0.143202
0.142533
0.141867
0.141205
0.140547
0.139893
0.139245
0.138602
0.137965
0.137335
0.136711
0.136095
0.135486
0.134884
0.13429
0.133704
0.133128
0.132563
0.132009
0.13147
0.130946
0.130439
0.12995
0.129477
0.129019
0.128574
0.128137
0.127705
0.127274
0.126839
0.126399
0.125949
0.125489
0.125018
0.124535
0.12404
0.123536
0.123022
0.122499
0.12197
0.121436
0.120899
0.120365
0.119846
0.119374
0.119024
0.118949
0.11943
0.120861
0.123732
0.128283
0.134386
0.139958
0.174123
0.173513
0.1729
0.172284
0.171667
0.171046
0.170424
0.169799
0.169171
0.168541
0.167909
0.167275
0.166638
0.165999
0.165358
0.164714
0.164069
0.163421
0.162771
0.162119
0.161464
0.160807
0.160148
0.159488
0.158824
0.158159
0.157492
0.156823
0.156152
0.15548
0.154806
0.15413
0.153453
0.152774
0.152095
0.151414
0.150733
0.150051
0.149369
0.148686
0.148004
0.147322
0.14664
0.145958
0.145278
0.144598
0.143919
0.143242
0.142566
0.141892
0.14122
0.14055
0.139883
0.139219
0.138559
0.137902
0.13725
0.136601
0.135956
0.135316
0.134679
0.134045
0.133415
0.132788
0.132165
0.131547
0.130934
0.130329
0.129732
0.129146
0.128571
0.128008
0.127457
0.126919
0.12639
0.12587
0.125357
0.124847
0.124339
0.12383
0.123319
0.122803
0.122283
0.121759
0.12123
0.120697
0.120162
0.119624
0.119085
0.118547
0.118011
0.117488
0.117008
0.116637
0.116511
0.116831
0.11791
0.119984
0.123262
0.126628
0.174125
0.173515
0.172902
0.172287
0.17167
0.17105
0.170427
0.169802
0.169175
0.168546
0.167914
0.16728
0.166644
0.166005
0.165364
0.164721
0.164076
0.163429
0.162779
0.162128
0.161474
0.160819
0.160161
0.159501
0.158839
0.158175
0.15751
0.156842
0.156173
0.155502
0.154829
0.154155
0.15348
0.152803
0.152125
0.151446
0.150767
0.150086
0.149405
0.148724
0.148042
0.14736
0.146679
0.145997
0.145316
0.144635
0.143954
0.143275
0.142596
0.141918
0.141242
0.140567
0.139894
0.139223
0.138554
0.137887
0.137223
0.136561
0.135902
0.135245
0.134589
0.133934
0.133281
0.132627
0.131974
0.131322
0.13067
0.130021
0.129376
0.128736
0.128103
0.127479
0.126864
0.12626
0.125667
0.125085
0.124513
0.123948
0.12339
0.122837
0.122287
0.121737
0.121188
0.120639
0.120088
0.119537
0.118987
0.118436
0.117886
0.117335
0.116783
0.116232
0.115691
0.115188
0.114784
0.114573
0.11472
0.115358
0.116737
0.118332
0.174126
0.173516
0.172904
0.172289
0.171672
0.171052
0.170429
0.169805
0.169178
0.168548
0.167917
0.167283
0.166646
0.166008
0.165367
0.164725
0.16408
0.163433
0.162783
0.162132
0.161479
0.160824
0.160166
0.159507
0.158846
0.158183
0.157518
0.156851
0.156183
0.155513
0.154841
0.154168
0.153494
0.152818
0.152142
0.151464
0.150785
0.150106
0.149426
0.148745
0.148064
0.147383
0.146702
0.14602
0.145339
0.144658
0.143977
0.143297
0.142617
0.141938
0.14126
0.140583
0.139907
0.139233
0.138559
0.137888
0.137218
0.13655
0.135883
0.135218
0.134552
0.133887
0.133221
0.132555
0.131886
0.131217
0.130547
0.129876
0.129206
0.128538
0.127874
0.127216
0.126565
0.125922
0.12529
0.124667
0.124054
0.123451
0.122856
0.122269
0.121686
0.121108
0.120532
0.119959
0.119388
0.118818
0.11825
0.117685
0.117121
0.116557
0.115991
0.115423
0.114853
0.114294
0.113773
0.11333
0.11305
0.112979
0.113316
0.113785
0.174127
0.173518
0.172905
0.17229
0.171673
0.171053
0.170431
0.169806
0.169179
0.16855
0.167918
0.167284
0.166648
0.166009
0.165369
0.164726
0.164081
0.163434
0.162785
0.162134
0.161481
0.160826
0.160169
0.15951
0.158849
0.158186
0.157521
0.156855
0.156187
0.155517
0.154846
0.154174
0.1535
0.152825
0.152149
0.151472
0.150794
0.150115
0.149435
0.148755
0.148075
0.147394
0.146713
0.146032
0.145351
0.14467
0.143989
0.143309
0.142629
0.141949
0.141271
0.140593
0.139916
0.13924
0.138565
0.137891
0.137219
0.136548
0.135877
0.135207
0.134537
0.133867
0.133195
0.132522
0.131847
0.131169
0.13049
0.129809
0.129127
0.128446
0.127767
0.127091
0.12642
0.125756
0.125101
0.124454
0.123816
0.123187
0.122567
0.121955
0.121349
0.120748
0.120152
0.11956
0.118972
0.118387
0.117805
0.117227
0.116651
0.116077
0.115501
0.114923
0.114342
0.113761
0.113196
0.112662
0.112206
0.111826
0.111674
0.111556
0.174127
0.173517
0.172905
0.17229
0.171672
0.171052
0.17043
0.169805
0.169178
0.168549
0.167917
0.167283
0.166647
0.166009
0.165368
0.164725
0.16408
0.163433
0.162784
0.162133
0.16148
0.160824
0.160167
0.159508
0.158847
0.158185
0.15752
0.156854
0.156186
0.155517
0.154846
0.154174
0.1535
0.152825
0.152149
0.151472
0.150795
0.150116
0.149437
0.148757
0.148077
0.147396
0.146715
0.146034
0.145354
0.144673
0.143992
0.143312
0.142631
0.141952
0.141273
0.140594
0.139917
0.13924
0.138565
0.13789
0.137216
0.136543
0.135871
0.135199
0.134527
0.133854
0.133179
0.132503
0.131825
0.131144
0.130461
0.129776
0.129089
0.128402
0.127715
0.127031
0.126351
0.125676
0.125007
0.124346
0.123693
0.123049
0.122412
0.121783
0.121162
0.120546
0.119936
0.119331
0.11873
0.118135
0.117544
0.116957
0.116375
0.115795
0.115217
0.114636
0.114054
0.11347
0.112895
0.112335
0.111819
0.111323
0.110975
0.110599
0.174127
0.173518
0.172905
0.17229
0.171673
0.171053
0.17043
0.169805
0.169178
0.168549
0.167917
0.167283
0.166647
0.166008
0.165367
0.164724
0.164079
0.163432
0.162783
0.162132
0.161478
0.160823
0.160166
0.159507
0.158846
0.158183
0.157518
0.156852
0.156184
0.155515
0.154844
0.154171
0.153498
0.152823
0.152147
0.15147
0.150792
0.150113
0.149434
0.148754
0.148074
0.147393
0.146712
0.146031
0.14535
0.144669
0.143988
0.143307
0.142627
0.141947
0.141267
0.140588
0.13991
0.139233
0.138557
0.137881
0.137207
0.136533
0.135859
0.135186
0.134512
0.133838
0.133162
0.132484
0.131804
0.131122
0.130437
0.129751
0.129062
0.128372
0.127683
0.126995
0.12631
0.125629
0.124954
0.124285
0.123624
0.12297
0.122324
0.121685
0.121053
0.120428
0.11981
0.119197
0.118591
0.11799
0.117396
0.116808
0.116226
0.115648
0.115073
0.1145
0.113927
0.113355
0.112791
0.112237
0.111716
0.111197
0.110793
0.110331
0.174125
0.173515
0.172903
0.172288
0.17167
0.17105
0.170427
0.169802
0.169175
0.168546
0.167914
0.167279
0.166643
0.166004
0.165363
0.16472
0.164075
0.163428
0.162778
0.162127
0.161473
0.160818
0.16016
0.159501
0.15884
0.158177
0.157512
0.156846
0.156177
0.155508
0.154837
0.154164
0.15349
0.152815
0.152139
0.151461
0.150783
0.150104
0.149424
0.148744
0.148063
0.147382
0.146701
0.146019
0.145337
0.144656
0.143974
0.143293
0.142612
0.141931
0.141251
0.140572
0.139893
0.139215
0.138538
0.137861
0.137185
0.13651
0.135835
0.135161
0.134486
0.13381
0.133133
0.132454
0.131774
0.131091
0.130405
0.129718
0.129028
0.128338
0.127648
0.126958
0.126271
0.125588
0.12491
0.124237
0.123571
0.122912
0.122261
0.121617
0.120981
0.120352
0.119731
0.119117
0.118511
0.117912
0.117322
0.116741
0.116167
0.115601
0.11504
0.114485
0.113934
0.113389
0.112854
0.112331
0.11184
0.111346
0.11096
0.110502
0.174125
0.173515
0.172902
0.172287
0.171669
0.171049
0.170427
0.169802
0.169174
0.168544
0.167912
0.167278
0.166641
0.166002
0.165361
0.164718
0.164072
0.163425
0.162775
0.162123
0.161469
0.160813
0.160155
0.159496
0.158834
0.158171
0.157505
0.156838
0.15617
0.1555
0.154828
0.154155
0.15348
0.152804
0.152127
0.151449
0.15077
0.15009
0.14941
0.148728
0.148046
0.147364
0.146682
0.145999
0.145316
0.144633
0.14395
0.143268
0.142585
0.141903
0.141222
0.140541
0.139861
0.139181
0.138503
0.137825
0.137147
0.13647
0.135794
0.135117
0.134441
0.133763
0.133085
0.132405
0.131723
0.131039
0.130353
0.129665
0.128976
0.128285
0.127595
0.126906
0.126218
0.125534
0.124855
0.124181
0.123514
0.122854
0.122202
0.121558
0.120923
0.120296
0.119678
0.11907
0.118472
0.117885
0.117309
0.116744
0.116192
0.11565
0.11512
0.114599
0.114089
0.11359
0.113107
0.112641
0.112211
0.111781
0.111462
0.111063
0.17412
0.17351
0.172897
0.172282
0.171664
0.171043
0.17042
0.169795
0.169167
0.168537
0.167905
0.16727
0.166633
0.165994
0.165352
0.164708
0.164062
0.163414
0.162764
0.162112
0.161457
0.160801
0.160142
0.159482
0.158819
0.158155
0.157489
0.156821
0.156152
0.15548
0.154808
0.154133
0.153458
0.152781
0.152102
0.151423
0.150743
0.150061
0.149379
0.148696
0.148013
0.147329
0.146644
0.14596
0.145275
0.14459
0.143905
0.143221
0.142536
0.141852
0.141169
0.140486
0.139803
0.139121
0.13844
0.13776
0.13708
0.136401
0.135722
0.135043
0.134365
0.133685
0.133005
0.132323
0.13164
0.130956
0.130269
0.129581
0.128892
0.128203
0.127513
0.126825
0.126139
0.125457
0.12478
0.124108
0.123444
0.122788
0.12214
0.121502
0.120875
0.120258
0.119654
0.119062
0.118484
0.117921
0.117374
0.116843
0.11633
0.115835
0.115357
0.114897
0.114454
0.114031
0.113632
0.113258
0.112929
0.112607
0.112404
0.112112
0.17412
0.173509
0.172896
0.17228
0.171662
0.171041
0.170418
0.169792
0.169164
0.168533
0.1679
0.167265
0.166627
0.165987
0.165345
0.1647
0.164053
0.163404
0.162752
0.162099
0.161443
0.160785
0.160125
0.159464
0.1588
0.158134
0.157466
0.156796
0.156125
0.155452
0.154777
0.154101
0.153423
0.152743
0.152063
0.151381
0.150698
0.150014
0.149329
0.148643
0.147957
0.14727
0.146582
0.145895
0.145207
0.144519
0.14383
0.143142
0.142455
0.141767
0.14108
0.140394
0.139708
0.139023
0.138338
0.137655
0.136972
0.136289
0.135608
0.134926
0.134245
0.133563
0.132881
0.132198
0.131514
0.130829
0.130143
0.129456
0.128769
0.128081
0.127395
0.126711
0.12603
0.125354
0.124683
0.12402
0.123365
0.12272
0.122086
0.121465
0.120857
0.120264
0.119688
0.119129
0.118591
0.118074
0.117581
0.117112
0.116669
0.116252
0.115863
0.115502
0.115169
0.114866
0.114599
0.114368
0.114192
0.114034
0.114007
0.113877
0.17411
0.173499
0.172885
0.172268
0.171649
0.171028
0.170404
0.169777
0.169148
0.168516
0.167882
0.167245
0.166606
0.165964
0.16532
0.164674
0.164025
0.163374
0.162721
0.162065
0.161407
0.160747
0.160085
0.15942
0.158754
0.158085
0.157415
0.156742
0.156067
0.155391
0.154713
0.154033
0.153351
0.152668
0.151984
0.151298
0.150611
0.149922
0.149233
0.148543
0.147852
0.147161
0.146469
0.145777
0.145084
0.144391
0.143699
0.143006
0.142314
0.141622
0.14093
0.14024
0.13955
0.138861
0.138172
0.137485
0.136799
0.136113
0.135429
0.134745
0.134062
0.133379
0.132697
0.132014
0.131331
0.130649
0.129966
0.129283
0.128602
0.127922
0.127244
0.12657
0.125901
0.125239
0.124585
0.123941
0.123308
0.122689
0.122085
0.121498
0.120931
0.120385
0.119864
0.119369
0.118904
0.118471
0.118072
0.11771
0.117387
0.117103
0.11686
0.116657
0.116497
0.11638
0.116312
0.116293
0.116342
0.116419
0.116642
0.116733
0.174105
0.173492
0.172877
0.172259
0.171638
0.171015
0.170389
0.16976
0.169129
0.168495
0.167858
0.167218
0.166576
0.165932
0.165285
0.164635
0.163983
0.163328
0.162671
0.162011
0.161349
0.160684
0.160017
0.159348
0.158677
0.158003
0.157327
0.156649
0.155969
0.155287
0.154603
0.153917
0.153229
0.15254
0.151849
0.151157
0.150464
0.149769
0.149073
0.148377
0.147679
0.146981
0.146283
0.145584
0.144885
0.144186
0.143487
0.142789
0.142091
0.141394
0.140697
0.140002
0.139307
0.138614
0.137923
0.137232
0.136544
0.135857
0.135172
0.134488
0.133806
0.133126
0.132447
0.131769
0.131093
0.130419
0.129746
0.129076
0.128409
0.127747
0.127089
0.126439
0.125796
0.125165
0.124545
0.123941
0.123353
0.122786
0.122242
0.121724
0.121235
0.120779
0.12036
0.119981
0.119647
0.119361
0.119126
0.118944
0.118818
0.118748
0.118735
0.118777
0.118876
0.119031
0.119248
0.119525
0.119884
0.12028
0.120836
0.121211
0.174073
0.173458
0.17284
0.172219
0.171595
0.170968
0.170338
0.169706
0.16907
0.168431
0.16779
0.167146
0.166498
0.165848
0.165196
0.16454
0.163882
0.163221
0.162557
0.16189
0.161221
0.160549
0.159875
0.159198
0.158519
0.157837
0.157153
0.156467
0.155778
0.155088
0.154395
0.153701
0.153005
0.152307
0.151607
0.150906
0.150204
0.149501
0.148797
0.148092
0.147387
0.146681
0.145975
0.145269
0.144564
0.143858
0.143154
0.14245
0.141747
0.141046
0.140346
0.139648
0.138952
0.138258
0.137567
0.136879
0.136193
0.135511
0.134832
0.134157
0.133485
0.132816
0.132152
0.131492
0.130836
0.130184
0.129539
0.128899
0.128266
0.127643
0.127029
0.126428
0.125841
0.125272
0.124723
0.124198
0.1237
0.123233
0.122803
0.122414
0.12207
0.121778
0.121542
0.121368
0.12126
0.121222
0.121257
0.121367
0.121552
0.121809
0.122138
0.122536
0.123001
0.123532
0.124135
0.124808
0.125575
0.126393
0.127392
0.128137
0.174027
0.173406
0.172782
0.172155
0.171524
0.17089
0.170253
0.169612
0.168968
0.168321
0.167671
0.167018
0.166361
0.165702
0.165039
0.164373
0.163705
0.163033
0.162358
0.161681
0.161
0.160317
0.159631
0.158943
0.158252
0.157558
0.156863
0.156165
0.155464
0.154762
0.154058
0.153352
0.152645
0.151936
0.151226
0.150515
0.149803
0.14909
0.148377
0.147663
0.14695
0.146237
0.145524
0.144813
0.144102
0.143393
0.142686
0.141981
0.141278
0.140578
0.139882
0.139189
0.1385
0.137815
0.137135
0.13646
0.135791
0.135128
0.134472
0.133822
0.133179
0.132544
0.131917
0.131299
0.130689
0.13009
0.129502
0.128927
0.128366
0.127821
0.127295
0.12679
0.126311
0.125861
0.125444
0.125066
0.124733
0.12445
0.124225
0.124065
0.123976
0.123966
0.124042
0.124209
0.124472
0.124832
0.125291
0.125846
0.126494
0.12723
0.128049
0.128947
0.129922
0.130976
0.132118
0.133354
0.134718
0.136167
0.137857
0.139207
0.173897
0.173266
0.172631
0.171993
0.171351
0.170705
0.170056
0.169403
0.168746
0.168086
0.167423
0.166756
0.166085
0.165412
0.164735
0.164055
0.163371
0.162685
0.161996
0.161304
0.160609
0.159911
0.159211
0.158508
0.157803
0.157096
0.156387
0.155676
0.154963
0.154249
0.153533
0.152816
0.152098
0.15138
0.150661
0.149942
0.149224
0.148505
0.147788
0.147072
0.146357
0.145644
0.144934
0.144227
0.143522
0.142822
0.142126
0.141434
0.140748
0.140068
0.139395
0.138729
0.13807
0.13742
0.136779
0.136148
0.135528
0.134919
0.134321
0.133737
0.133165
0.132608
0.132066
0.131539
0.13103
0.130539
0.130069
0.129621
0.129198
0.128803
0.128441
0.128115
0.127832
0.127597
0.127418
0.127303
0.127261
0.127301
0.127435
0.127672
0.128022
0.128495
0.129097
0.129835
0.13071
0.131721
0.132866
0.134139
0.135532
0.137039
0.138655
0.14038
0.142222
0.144194
0.146319
0.148618
0.151144
0.15386
0.15698
0.15968
0.173699
0.173053
0.172402
0.171747
0.171089
0.170426
0.16976
0.16909
0.168416
0.167739
0.167058
0.166374
0.165687
0.164997
0.164303
0.163607
0.162907
0.162206
0.161501
0.160794
0.160085
0.159374
0.158662
0.157947
0.157231
0.156514
0.155796
0.155077
0.154358
0.153639
0.15292
0.152201
0.151483
0.150767
0.150052
0.14934
0.14863
0.147923
0.14722
0.146521
0.145827
0.145138
0.144455
0.14378
0.143111
0.142452
0.141801
0.14116
0.14053
0.139911
0.139306
0.138713
0.138136
0.137573
0.137027
0.136498
0.135988
0.135496
0.135025
0.134575
0.134148
0.133744
0.133365
0.133013
0.132689
0.132397
0.13214
0.131921
0.131745
0.131619
0.131551
0.131548
0.131621
0.131782
0.132045
0.132425
0.132938
0.133603
0.134436
0.135455
0.136678
0.138117
0.139783
0.141682
0.143816
0.146184
0.148779
0.151595
0.154625
0.157866
0.161321
0.165004
0.168943
0.173172
0.177735
0.182658
0.188015
0.193721
0.20015
0.206072
0.173519
0.17286
0.172197
0.17153
0.170859
0.170186
0.169509
0.168829
0.168145
0.167459
0.166771
0.166079
0.165386
0.16469
0.163993
0.163294
0.162593
0.161891
0.161188
0.160485
0.159781
0.159077
0.158373
0.15767
0.156968
0.156267
0.155569
0.154872
0.154178
0.153487
0.1528
0.152117
0.15144
0.150768
0.150102
0.149444
0.148793
0.148151
0.147519
0.146898
0.146288
0.14569
0.145106
0.144537
0.143984
0.143448
0.14293
0.142431
0.141954
0.141498
0.141066
0.140659
0.140278
0.139924
0.139599
0.139304
0.139042
0.138814
0.138622
0.138468
0.138356
0.138288
0.138269
0.138304
0.138398
0.138559
0.138797
0.139124
0.139552
0.140098
0.140782
0.141627
0.142659
0.143909
0.14541
0.147198
0.149312
0.151792
0.154679
0.158009
0.161816
0.166126
0.170958
0.17632
0.182212
0.188624
0.195539
0.202935
0.210777
0.219036
0.227689
0.236732
0.246188
0.256048
0.266268
0.276742
0.287433
0.29802
0.309201
0.319279
0.174812
0.174195
0.173575
0.172954
0.172332
0.171709
0.171085
0.17046
0.169836
0.169211
0.168587
0.167964
0.167343
0.166722
0.166104
0.165489
0.164876
0.164267
0.163661
0.16306
0.162465
0.161874
0.16129
0.160714
0.160144
0.159584
0.159032
0.158491
0.157961
0.157444
0.156939
0.15645
0.155976
0.155519
0.155081
0.154663
0.154266
0.153893
0.153545
0.153224
0.152931
0.15267
0.152442
0.152249
0.152094
0.151979
0.151908
0.151882
0.151905
0.151979
0.152109
0.152298
0.15255
0.152869
0.153262
0.153734
0.154292
0.154944
0.155699
0.15657
0.157567
0.158707
0.160008
0.161491
0.163181
0.165109
0.167311
0.169827
0.172706
0.176004
0.179786
0.184124
0.189097
0.194795
0.20131
0.208741
0.217185
0.226734
0.237472
0.24946
0.262735
0.277294
0.293087
0.310011
0.327905
0.346551
0.365679
0.384949
0.40392
0.422173
0.439349
0.455174
0.469835
0.483088
0.494506
0.503739
0.510866
0.515261
0.519615
0.520356
0.194317
0.194377
0.194449
0.194532
0.194627
0.194734
0.194853
0.194986
0.195133
0.195294
0.195469
0.19566
0.195868
0.196091
0.196333
0.196593
0.196872
0.197172
0.197493
0.197836
0.198203
0.198595
0.199014
0.19946
0.199937
0.200445
0.200987
0.201564
0.20218
0.202837
0.203537
0.204284
0.205081
0.205931
0.206838
0.207806
0.20884
0.209943
0.211121
0.212379
0.213723
0.215159
0.216692
0.218331
0.220083
0.221956
0.22396
0.226103
0.228398
0.230855
0.233488
0.236312
0.239342
0.242596
0.246093
0.249856
0.253909
0.25828
0.262999
0.2681
0.273624
0.279614
0.286121
0.293201
0.30092
0.309349
0.318572
0.328681
0.339782
0.35199
0.365434
0.380257
0.396612
0.414662
0.434575
0.456517
0.480641
0.50707
0.535877
0.567056
0.600488
0.635907
0.672869
0.710729
0.748638
0.785571
0.820352
0.851734
0.877563
0.896685
0.90866
0.913434
0.910924
0.901924
0.887762
0.869579
0.848777
0.82527
0.80301
0.778859
0.423657
0.427652
0.431548
0.435343
0.43903
0.442606
0.446067
0.449409
0.452626
0.455716
0.458675
0.461498
0.464183
0.466725
0.469123
0.471372
0.473469
0.475412
0.477199
0.478825
0.48029
0.481591
0.482724
0.483689
0.484483
0.485104
0.48555
0.485819
0.485908
0.485817
0.485542
0.485082
0.484434
0.483597
0.482566
0.48134
0.479916
0.47829
0.47646
0.474421
0.47217
0.469704
0.467017
0.464105
0.460964
0.45759
0.453977
0.450121
0.446017
0.441661
0.437048
0.432175
0.427037
0.421633
0.415961
0.410019
0.403809
0.397331
0.39059
0.383591
0.376342
0.368853
0.361138
0.353213
0.345098
0.336818
0.328402
0.319883
0.311304
0.302713
0.294169
0.28574
0.27751
0.269577
0.262057
0.255085
0.248816
0.24342
0.239082
0.235988
0.234316
0.23421
0.235766
0.239001
0.243842
0.250111
0.257537
0.265824
0.276344
0.288338
0.300379
0.311365
0.32051
0.327382
0.33192
0.334175
0.334731
0.333175
0.332866
0.331759
0.0153247
0.0232507
0.0278804
0.0307819
0.0324652
0.0332933
0.0333718
0.0328956
0.0328289
0.0330767
0.0336838
0.0346905
0.0360916
0.0378249
0.0397878
0.0418683
0.0439686
0.0460094
0.0479235
0.0496581
0.0511938
0.0525703
0.053959
0.0559462
0.0590087
0.0632554
0.0691794
0.0772487
0.0876621
0.100245
0.114506
0.129807
0.14556
0.16135
0.176967
0.192356
0.207506
0.222297
0.236575
0.250185
0.263002
0.274968
0.286102
0.296378
0.30573
0.314004
0.321696
0.329147
0.33647
0.343672
0.350756
0.357727
0.364597
0.371382
0.378103
0.384778
0.391418
0.398022
0.404571
0.411021
0.417292
0.42326
0.428776
0.433836
0.439392
0.44483
0.447851
0.448088
0.445709
0.441042
0.434633
0.427617
0.421598
0.41659
0.413564
0.413339
0.41622
0.421838
0.429359
0.437931
0.446335
0.454667
0.463328
0.469708
0.473142
0.473233
0.469826
0.462593
0.451306
0.436999
0.422864
0.413469
0.411499
0.414035
0.41393
0.404987
0.387683
0.36832
0.356437
0.395907
0.0272976
0.0427724
0.0547632
0.0626769
0.0689861
0.0749443
0.0811994
0.0881059
0.0956352
0.104021
0.113197
0.122822
0.132532
0.141947
0.150694
0.158436
0.164972
0.170349
0.174859
0.178942
0.183102
0.187853
0.193654
0.200774
0.209118
0.218231
0.227477
0.236264
0.244349
0.252071
0.260371
0.270589
0.284123
0.302116
0.325244
0.353558
0.386324
0.42209
0.45937
0.49697
0.534056
0.570106
0.604798
0.637845
0.6689
0.697372
0.724034
0.749543
0.774015
0.797484
0.819926
0.84133
0.861718
0.881125
0.8996
0.917202
0.934004
0.950094
0.965572
0.98053
0.99503
1.00906
1.02248
1.03506
1.04633
1.05567
1.06267
1.06738
1.07012
1.07152
1.07225
1.07277
1.07338
1.07434
1.07576
1.07767
1.08006
1.08273
1.08511
1.08654
1.08667
1.08586
1.08376
1.07932
1.07097
1.05776
1.03961
1.01666
0.989109
0.957882
0.925316
0.894592
0.867807
0.843847
0.81872
0.789229
0.757751
0.735729
0.713778
0.768701
0.0396818
0.0656152
0.0817757
0.0932491
0.102723
0.111331
0.119625
0.127867
0.13623
0.145043
0.154415
0.164294
0.174475
0.184719
0.194847
0.204784
0.214536
0.224171
0.233793
0.243525
0.253501
0.26386
0.274719
0.286122
0.297961
0.309969
0.321796
0.333225
0.344463
0.356387
0.37058
0.389079
0.413891
0.446386
0.486697
0.533377
0.583677
0.634494
0.683315
0.728692
0.770245
0.808357
0.843802
0.877535
0.910585
0.943918
0.977546
1.01098
1.04369
1.07531
1.10568
1.13481
1.16272
1.18946
1.21508
1.23963
1.26318
1.28585
1.30777
1.3291
1.34994
1.37025
1.38983
1.40827
1.425
1.43931
1.45058
1.45841
1.46284
1.46427
1.46337
1.46093
1.45772
1.4545
1.45186
1.4503
1.45006
1.45103
1.45252
1.45337
1.45238
1.44878
1.4421
1.43152
1.416
1.39479
1.36781
1.33502
1.29643
1.25311
1.2081
1.16528
1.12692
1.09173
1.05555
1.01436
0.975499
0.951495
0.947303
0.969701
0.0515723
0.0845445
0.103782
0.117384
0.12823
0.137746
0.146257
0.154271
0.162299
0.170728
0.179775
0.189537
0.200027
0.211218
0.223068
0.235527
0.248539
0.262043
0.275989
0.290343
0.305085
0.320196
0.335637
0.351321
0.367102
0.382805
0.398317
0.413757
0.429691
0.4473
0.468379
0.495058
0.529219
0.571716
0.621746
0.67693
0.734205
0.790888
0.845226
0.896439
0.944546
0.990151
1.03422
1.07787
1.12201
1.16623
1.20985
1.25218
1.29278
1.33149
1.36837
1.40363
1.4374
1.46977
1.50075
1.53038
1.55872
1.58595
1.61228
1.63798
1.66329
1.68815
1.71227
1.73512
1.75591
1.77378
1.78791
1.79757
1.80265
1.80344
1.80048
1.79456
1.78664
1.77779
1.76904
1.7613
1.75519
1.75077
1.74745
1.74404
1.73906
1.73127
1.71974
1.7036
1.68203
1.65444
1.62053
1.58005
1.53295
1.48065
1.42684
1.37575
1.32907
1.28413
1.23614
1.18282
1.13296
1.08848
1.05451
1.03565
0.0597214
0.0982311
0.119714
0.134425
0.145745
0.155346
0.163921
0.172101
0.18035
0.189074
0.198575
0.209071
0.220694
0.233494
0.247442
0.262448
0.27839
0.295151
0.312631
0.330755
0.34945
0.36863
0.38818
0.407951
0.42777
0.447495
0.46711
0.486892
0.507595
0.530576
0.557758
0.591279
0.632783
0.682504
0.738802
0.798727
0.859356
0.918812
0.976381
1.0321
1.08638
1.13979
1.19293
1.24625
1.29924
1.35111
1.40119
1.44907
1.49479
1.53855
1.58055
1.62092
1.65974
1.69695
1.73251
1.76641
1.79873
1.82971
1.85966
1.88898
1.918
1.94643
1.97397
1.99992
2.02329
2.04301
2.05805
2.0677
2.07171
2.07031
2.06409
2.05396
2.04105
2.02664
2.01204
1.9984
1.98651
1.97652
1.96784
1.9592
1.94901
1.93582
1.91855
1.8963
1.86834
1.83413
1.7933
1.74555
1.69105
1.63163
1.57096
1.5122
1.45485
1.39414
1.32595
1.25121
1.17768
1.10696
1.05451
1.01985
0.0657652
0.107436
0.130161
0.145439
0.157165
0.167288
0.176518
0.185514
0.194733
0.204579
0.215376
0.227394
0.240789
0.255623
0.271873
0.289457
0.308274
0.328222
0.349206
0.371117
0.393825
0.417164
0.440939
0.464929
0.488921
0.512765
0.53648
0.560407
0.585376
0.612794
0.644564
0.682713
0.728651
0.782267
0.8418
0.904525
0.967942
1.03057
1.09196
1.15228
1.212
1.27167
1.3317
1.39197
1.4514
1.50919
1.56469
1.61768
1.66829
1.71683
1.76336
1.80795
1.85053
1.89104
1.92943
1.96577
2.00023
2.03315
2.06496
2.09611
2.12686
2.15711
2.18641
2.21388
2.23838
2.25863
2.27352
2.28221
2.28438
2.28019
2.27023
2.2555
2.23726
2.21693
2.19599
2.17577
2.15715
2.14039
2.12497
2.10967
2.09293
2.07324
2.0494
2.02051
1.98591
1.94508
1.89761
1.84313
1.78191
1.71571
1.64742
1.57823
1.50512
1.4225
1.329
1.22982
1.13611
1.05641
1.00716
0.975603
0.0693073
0.112759
0.136448
0.152566
0.165269
0.176542
0.187122
0.197661
0.208595
0.220324
0.233148
0.247329
0.263045
0.280374
0.299337
0.319912
0.342053
0.365692
0.390728
0.41701
0.444335
0.472451
0.501066
0.529873
0.558588
0.586994
0.615076
0.643185
0.672197
0.70345
0.738741
0.780013
0.828477
0.883648
0.944232
1.00809
1.07319
1.13824
1.20276
1.26686
1.3309
1.39529
1.46009
1.52437
1.58749
1.64873
1.70752
1.76359
1.81697
1.8678
1.91624
1.96237
2.00611
2.04741
2.08628
2.12283
2.15731
2.19015
2.22183
2.25285
2.2835
2.31373
2.343
2.37031
2.39438
2.41383
2.42742
2.43427
2.43397
2.42663
2.41283
2.39354
2.37005
2.34386
2.3165
2.28938
2.26348
2.23914
2.21596
2.19289
2.16852
2.14147
2.11057
2.07493
2.03391
1.98693
1.93347
1.87312
1.80607
1.73368
1.65757
1.57669
1.48609
1.38135
1.26607
1.15189
1.05566
0.986767
0.952905
0.931738
0.07117
0.115702
0.140511
0.157928
0.172258
0.185449
0.198223
0.211195
0.224765
0.239307
0.255097
0.272347
0.291235
0.311906
0.33445
0.358927
0.38534
0.413641
0.443707
0.475326
0.508221
0.54205
0.576432
0.61097
0.645319
0.67908
0.712163
0.744942
0.778422
0.813482
0.851764
0.894958
0.944091
0.999121
1.05907
1.12232
1.18725
1.25276
1.31835
1.38399
1.44984
1.51596
1.58164
1.64649
1.71009
1.77187
1.83127
1.88795
1.94181
1.99288
2.04124
2.08691
2.12979
2.16984
2.20706
2.24163
2.27388
2.30428
2.33346
2.36198
2.39023
2.41819
2.44531
2.47059
2.49266
2.51006
2.52148
2.52593
2.52289
2.51238
2.49483
2.47116
2.44258
2.41057
2.37669
2.34239
2.30874
2.27622
2.24464
2.2132
2.18075
2.14608
2.10812
2.06603
2.0191
1.96667
1.90806
1.84272
1.77063
1.69259
1.6089
1.51685
1.41116
1.29062
1.1651
1.0527
0.971129
0.923221
0.906873
0.896954
0.0718176
0.117283
0.143753
0.163309
0.180267
0.196492
0.212651
0.229323
0.24687
0.265649
0.285907
0.307807
0.331435
0.356962
0.384611
0.414475
0.446586
0.480962
0.517401
0.555605
0.595227
0.635847
0.677
0.718243
0.759263
0.799101
0.837771
0.875554
0.91314
0.951547
0.992201
1.03653
1.08549
1.13928
1.19729
1.25839
1.32136
1.38531
1.4497
1.51437
1.57881
1.64253
1.70549
1.76751
1.82825
1.88721
1.94391
1.99801
2.04932
2.09775
2.14326
2.18574
2.22507
2.26115
2.294
2.32384
2.35106
2.37627
2.40022
2.42362
2.44697
2.47036
2.49331
2.51483
2.53354
2.54791
2.55656
2.55835
2.55262
2.53917
2.51826
2.49061
2.45733
2.4198
2.37958
2.33816
2.29676
2.25605
2.21613
2.17651
2.13633
2.09458
2.05031
2.00263
1.95077
1.89392
1.83126
1.76211
1.68621
1.60371
1.51388
1.41332
1.29824
1.17222
1.05128
0.955985
0.898303
0.872869
0.871642
0.871383
0.0713286
0.118383
0.148055
0.171295
0.192564
0.213651
0.23517
0.257672
0.2815
0.30701
0.334437
0.363822
0.395058
0.428078
0.463139
0.500425
0.540048
0.582192
0.626336
0.672158
0.719301
0.767263
0.81549
0.863422
0.910464
0.956034
0.999929
1.04223
1.08343
1.1244
1.16635
1.2105
1.25778
1.30861
1.36275
1.41944
1.47791
1.53736
1.59692
1.65589
1.7142
1.77176
1.82852
1.88431
1.93886
1.99174
2.04254
2.0909
2.13654
2.17927
2.21893
2.25533
2.28828
2.31767
2.34353
2.36609
2.38584
2.4035
2.41999
2.43618
2.45276
2.46993
2.48735
2.50405
2.51867
2.52961
2.53536
2.53464
2.52654
2.51062
2.4869
2.45587
2.41846
2.37599
2.32998
2.28204
2.23354
2.18543
2.13809
2.09136
2.04465
1.9971
1.94782
1.8959
1.84044
1.78051
1.71516
1.64365
1.56553
1.48049
1.38731
1.28305
1.16677
1.04709
0.943657
0.873935
0.841532
0.835527
0.845793
0.852649
0.070622
0.121361
0.156774
0.186573
0.215195
0.244428
0.274835
0.306939
0.341
0.377345
0.416183
0.457223
0.500063
0.544448
0.589967
0.636528
0.684835
0.734985
0.786788
0.839884
0.893756
0.947838
1.00155
1.0543
1.10553
1.15478
1.20173
1.24631
1.28884
1.33
1.3708
1.41229
1.4554
1.5008
1.54838
1.59753
1.64747
1.6975
1.74735
1.79673
1.84552
1.89359
1.94086
1.98717
2.0323
2.07591
2.11765
2.15718
2.19421
2.22847
2.25969
2.28763
2.31202
2.33271
2.34972
2.36332
2.37407
2.38284
2.39069
2.39871
2.40775
2.41818
2.42972
2.44148
2.45205
2.45977
2.46296
2.46015
2.4502
2.4324
2.40651
2.37281
2.33208
2.28555
2.23479
2.18151
2.12729
2.07333
2.02031
1.96829
1.91687
1.86532
1.81273
1.75816
1.7006
1.63905
1.57255
1.50034
1.42188
1.33669
1.24372
1.14161
1.03291
0.930022
0.852038
0.80979
0.799739
0.808633
0.826532
0.837664
0.069051
0.128676
0.177698
0.220514
0.263093
0.307447
0.353824
0.40246
0.453164
0.505988
0.560678
0.61694
0.674353
0.73252
0.790548
0.847158
0.90308
0.959179
1.01569
1.07232
1.12857
1.18398
1.23808
1.29046
1.3407
1.38849
1.4335
1.47553
1.51483
1.55197
1.58771
1.62292
1.65834
1.69424
1.73079
1.76803
1.8057
1.84345
1.88104
1.91824
1.95489
1.99089
2.02612
2.06045
2.09373
2.12569
2.15608
2.1846
2.21096
2.23485
2.25598
2.27403
2.28871
2.29983
2.30739
2.31169
2.31336
2.31337
2.31292
2.31327
2.31539
2.31975
2.32616
2.3337
2.34091
2.34604
2.34726
2.34291
2.33163
2.31249
2.28506
2.24944
2.20633
2.15693
2.10287
2.04599
1.98804
1.93043
1.87398
1.81894
1.76498
1.71142
1.65734
1.60176
1.54364
1.48199
1.41589
1.34469
1.2679
1.18519
1.09635
1.00228
0.908784
0.82957
0.779597
0.762463
0.769998
0.788866
0.810677
0.823611
0.0721416
0.163344
0.238845
0.308205
0.377637
0.448776
0.520954
0.59385
0.6667
0.739131
0.810687
0.881164
0.950408
1.01814
1.08353
1.14559
1.20345
1.25865
1.31225
1.36393
1.41362
1.46126
1.5068
1.55009
1.59092
1.62898
1.66412
1.69646
1.72621
1.7537
1.77945
1.80405
1.82806
1.85188
1.87579
1.89991
1.92418
1.94845
1.97255
1.99632
2.01962
2.04235
2.06442
2.08576
2.10626
2.12578
2.14412
2.16107
2.17636
2.18969
2.20074
2.20914
2.21457
2.21681
2.21585
2.212
2.20594
2.1987
2.19159
2.18594
2.18279
2.18268
2.18537
2.18993
2.19482
2.19817
2.19804
2.19263
2.18045
2.16043
2.13204
2.09531
2.05091
2.00008
1.94452
1.88616
1.82683
1.76803
1.71063
1.6549
1.60055
1.5469
1.49303
1.43796
1.3807
1.32034
1.25612
1.18754
1.11435
1.03668
0.955622
0.874558
0.801501
0.748804
0.725447
0.728899
0.748623
0.772811
0.795507
0.808547
0.0895448
0.264687
0.409426
0.531837
0.645823
0.755399
0.858286
0.953652
1.04165
1.12287
1.19802
1.26835
1.33468
1.39635
1.45354
1.5061
1.55265
1.59387
1.63041
1.66359
1.69416
1.72261
1.74924
1.7742
1.79751
1.8191
1.83891
1.85694
1.87325
1.88798
1.90138
1.91379
1.92555
1.93696
1.94827
1.9596
1.97098
1.98234
1.9936
2.00465
2.0154
2.02577
2.03575
2.04528
2.05434
2.06287
2.07075
2.07781
2.08382
2.08846
2.09139
2.09219
2.09051
2.08609
2.07891
2.06929
2.05794
2.04593
2.03463
2.02537
2.01921
2.01664
2.01736
2.02036
2.02402
2.0264
2.02549
2.01944
2.00673
1.98627
1.95755
1.92062
1.8762
1.82559
1.77053
1.71294
1.65464
1.59704
1.54098
1.48667
1.43378
1.38164
1.32939
1.2761
1.2209
1.16303
1.10194
1.03739
0.969458
0.898986
0.82861
0.763926
0.713757
0.687133
0.686659
0.705249
0.731983
0.757787
0.779367
0.791591
0.246697
0.866973
1.02988
1.19002
1.32065
1.43017
1.5213
1.5952
1.65441
1.70178
1.73977
1.76999
1.79384
1.81338
1.82987
1.84369
1.85492
1.86339
1.86942
1.87367
1.87679
1.87931
1.88162
1.884
1.88655
1.88927
1.89206
1.89481
1.8974
1.89977
1.90191
1.90387
1.90575
1.90765
1.90968
1.91188
1.91426
1.91677
1.91933
1.92186
1.92431
1.92661
1.92877
1.93077
1.93261
1.93427
1.93567
1.93665
1.93699
1.93637
1.93439
1.93065
1.92476
1.91648
1.90584
1.89317
1.87923
1.86513
1.85223
1.84183
1.83492
1.83187
1.8323
1.83507
1.83851
1.84065
1.83949
1.83324
1.82043
1.80011
1.77183
1.73578
1.69275
1.64406
1.59143
1.53668
1.48148
1.42708
1.37416
1.32286
1.27282
1.22341
1.17384
1.1233
1.0711
1.01668
0.959723
0.90028
0.838857
0.777098
0.719136
0.672252
0.644846
0.641567
0.659078
0.68745
0.717061
0.742078
0.761525
0.772566
)
;

boundaryField
{
    outlet
    {
        type            calculated;
        value           nonuniform List<scalar> 
55
(
0.752799
0.732071
0.708618
0.682864
0.654393
0.62302
0.588967
0.552657
0.514535
0.475052
0.434709
0.394095
0.353886
0.314805
0.277548
0.242733
0.210918
0.182696
0.158786
0.139958
0.126628
0.118332
0.113785
0.111556
0.110599
0.110331
0.110502
0.111063
0.112112
0.113877
0.116733
0.121211
0.128137
0.139207
0.15968
0.206072
0.319279
0.520356
0.778859
0.331759
0.395907
0.768701
0.969701
1.03565
1.01985
0.975603
0.931738
0.896954
0.871383
0.852649
0.837664
0.823611
0.808547
0.791591
0.772566
)
;
    }
    inlet
    {
        type            calculated;
        value           uniform 0.199999;
    }
    lowerWall
    {
        type            calculated;
        value           nonuniform List<scalar> 
148
(
0.241787
0.289665
0.336844
0.381951
0.423954
0.462112
0.495951
0.52527
0.5501
0.570651
0.587247
0.60028
0.61017
0.617337
0.622182
0.625074
0.626344
0.626287
0.625156
0.623171
0.620517
0.61735
0.613801
0.609978
0.605972
0.601855
0.597688
0.593519
0.589385
0.58532
0.581342
0.577543
0.575093
0.0153247
0.0272976
0.0396818
0.0515723
0.0597214
0.0657652
0.0693073
0.07117
0.0718176
0.0713286
0.070622
0.069051
0.0721416
0.0895448
0.246697
0.0153247
0.0232507
0.0278804
0.0307819
0.0324652
0.0332933
0.0333718
0.0328956
0.0328289
0.0330767
0.0336838
0.0346905
0.0360916
0.0378249
0.0397878
0.0418683
0.0439686
0.0460094
0.0479235
0.0496581
0.0511938
0.0525703
0.053959
0.0559462
0.0590087
0.0632554
0.0691794
0.0772487
0.0876621
0.100245
0.114506
0.129807
0.14556
0.16135
0.176967
0.192356
0.207506
0.222297
0.236575
0.250185
0.263002
0.274968
0.286102
0.296378
0.30573
0.314004
0.321696
0.329147
0.33647
0.343672
0.350756
0.357727
0.364597
0.371382
0.378103
0.384778
0.391418
0.398022
0.404571
0.411021
0.417292
0.42326
0.428776
0.433836
0.439392
0.44483
0.447851
0.448088
0.445709
0.441042
0.434633
0.427617
0.421598
0.41659
0.413564
0.413339
0.41622
0.421838
0.429359
0.437931
0.446335
0.454667
0.463328
0.469708
0.473142
0.473233
0.469826
0.462593
0.451306
0.436999
0.422864
0.413469
0.411499
0.414035
0.41393
0.404987
0.387683
0.36832
0.356437
0.395907
)
;
    }
    upperWall
    {
        type            calculated;
        value           nonuniform List<scalar> 
133
(
0.209515
0.220347
0.230808
0.24093
0.250733
0.260233
0.269437
0.278351
0.286977
0.295319
0.303381
0.311164
0.318672
0.32591
0.332881
0.33959
0.346043
0.352244
0.358201
0.363918
0.369403
0.374662
0.379702
0.384529
0.389152
0.393576
0.397808
0.401856
0.405727
0.409426
0.412962
0.416341
0.419593
0.423657
0.427652
0.431548
0.435343
0.43903
0.442606
0.446067
0.449409
0.452626
0.455716
0.458675
0.461498
0.464183
0.466725
0.469123
0.471372
0.473469
0.475412
0.477199
0.478825
0.48029
0.481591
0.482724
0.483689
0.484483
0.485104
0.48555
0.485819
0.485908
0.485817
0.485542
0.485082
0.484434
0.483597
0.482566
0.48134
0.479916
0.47829
0.47646
0.474421
0.47217
0.469704
0.467017
0.464105
0.460964
0.45759
0.453977
0.450121
0.446017
0.441661
0.437048
0.432175
0.427037
0.421633
0.415961
0.410019
0.403809
0.397331
0.39059
0.383591
0.376342
0.368853
0.361138
0.353213
0.345098
0.336818
0.328402
0.319883
0.311304
0.302713
0.294169
0.28574
0.27751
0.269577
0.262057
0.255085
0.248816
0.24342
0.239082
0.235988
0.234316
0.23421
0.235766
0.239001
0.243842
0.250111
0.257537
0.265824
0.276344
0.288338
0.300379
0.311365
0.32051
0.327382
0.33192
0.334175
0.334731
0.333175
0.332866
0.331759
)
;
    }
    frontAndBack
    {
        type            empty;
    }
}


// ************************************************************************* //
