/*--------------------------------*- C++ -*----------------------------------*\
| =========                 |                                                 |
| \\      /  F ield         | OpenFOAM: The Open Source CFD Toolbox           |
|  \\    /   O peration     | Version:  4.1                                   |
|   \\  /    A nd           | Web:      www.OpenFOAM.org                      |
|    \\/     M anipulation  |                                                 |
\*---------------------------------------------------------------------------*/
FoamFile
{
    version     2.0;
    format      ascii;
    class       volScalarField;
    location    "500";
    object      p;
}
// * * * * * * * * * * * * * * * * * * * * * * * * * * * * * * * * * * * * * //

dimensions      [0 2 -2 0 0 0 0];

internalField   nonuniform List<scalar> 
6820
(
-8.22069
-8.47826
-8.57591
-8.59668
-8.62999
-8.67539
-8.71712
-8.75341
-8.78726
-8.81953
-8.84977
-8.87785
-8.90403
-8.92857
-8.95165
-8.97344
-8.9941
-9.01377
-9.03261
-9.05072
-9.06821
-9.08517
-9.10169
-9.11784
-9.13369
-9.1493
-9.16473
-9.18002
-9.19526
-9.21032
-9.22612
-9.2403
-9.27036
-8.33347
-8.49954
-8.57829
-8.59924
-8.62624
-8.66159
-8.69331
-8.72035
-8.74579
-8.77068
-8.79472
-8.81779
-8.84005
-8.86165
-8.88263
-8.90305
-8.92294
-8.94236
-8.96135
-8.97996
-8.99821
-9.01614
-9.0338
-9.05122
-9.06843
-9.08546
-9.10235
-9.11913
-9.13586
-9.15251
-9.1693
-9.18618
-9.20315
-8.38973
-8.49445
-8.57251
-8.60447
-8.63275
-8.66604
-8.69659
-8.72303
-8.74779
-8.77186
-8.79503
-8.81719
-8.83846
-8.85898
-8.87883
-8.89806
-8.91672
-8.93487
-8.95257
-8.96987
-8.98681
-9.00344
-9.0198
-9.03593
-9.05187
-9.06765
-9.08331
-9.09887
-9.11441
-9.12988
-9.14548
-9.16078
-9.17666
-8.4395
-8.51451
-8.5872
-8.62241
-8.64996
-8.68161
-8.71174
-8.73819
-8.76272
-8.78628
-8.80881
-8.83023
-8.8507
-8.87039
-8.88939
-8.90777
-8.9256
-8.94295
-8.95989
-8.97645
-8.99269
-9.00865
-9.02437
-9.03989
-9.05525
-9.07047
-9.08558
-9.10063
-9.11565
-9.13066
-9.1457
-9.16073
-9.1758
-8.48099
-8.53223
-8.59248
-8.62739
-8.6547
-8.68504
-8.71437
-8.74051
-8.76478
-8.78813
-8.81056
-8.832
-8.85259
-8.87246
-8.89168
-8.9103
-8.92839
-8.94599
-8.96317
-8.97996
-8.9964
-9.01254
-9.02841
-9.04405
-9.0595
-9.07478
-9.08993
-9.10499
-9.11998
-9.13495
-9.14992
-9.16494
-9.18004
-8.51577
-8.55163
-8.60251
-8.63784
-8.66557
-8.6947
-8.72314
-8.74897
-8.77305
-8.79618
-8.81841
-8.83966
-8.86006
-8.8797
-8.89868
-8.91704
-8.93485
-8.95217
-8.96906
-8.98555
-9.0017
-9.01754
-9.03312
-9.04847
-9.06363
-9.07863
-9.09349
-9.10827
-9.12298
-9.13766
-9.15236
-9.16714
-9.18206
-8.5456
-8.57117
-8.61309
-8.64632
-8.67286
-8.70003
-8.72702
-8.75206
-8.77555
-8.79815
-8.81992
-8.84084
-8.86097
-8.88043
-8.89927
-8.91756
-8.93534
-8.95266
-8.96957
-8.9861
-9.0023
-9.01821
-9.03385
-9.04925
-9.06445
-9.07949
-9.09437
-9.10915
-9.12385
-9.1385
-9.15314
-9.16783
-9.18263
-8.57152
-8.59011
-8.62456
-8.65545
-8.68124
-8.70719
-8.73319
-8.75769
-8.78082
-8.8031
-8.82461
-8.84533
-8.86531
-8.88462
-8.90334
-8.9215
-8.93915
-8.95634
-8.9731
-8.98949
-9.00553
-9.02126
-9.03672
-9.05193
-9.06693
-9.08174
-9.0964
-9.11094
-9.12537
-9.13974
-9.15408
-9.16842
-9.1828
-8.59435
-8.6082
-8.63652
-8.66467
-8.68919
-8.71356
-8.73811
-8.76163
-8.78402
-8.80564
-8.8266
-8.84685
-8.86644
-8.88543
-8.90386
-8.92178
-8.93923
-8.95624
-8.97286
-8.98912
-9.00505
-9.02068
-9.03605
-9.05118
-9.06609
-9.08081
-9.09537
-9.1098
-9.1241
-9.13832
-9.15248
-9.1666
-9.18071
-8.6147
-8.62525
-8.64864
-8.67399
-8.69713
-8.72013
-8.74347
-8.76617
-8.78799
-8.80915
-8.82972
-8.84967
-8.86902
-8.88781
-8.90607
-8.92385
-8.94117
-8.95807
-8.97457
-8.99071
-9.00652
-9.02203
-9.03726
-9.05223
-9.06698
-9.08152
-9.09588
-9.11008
-9.12414
-9.13808
-9.15191
-9.16565
-9.1793
-8.63301
-8.64123
-8.66067
-8.68335
-8.705
-8.72663
-8.74868
-8.77039
-8.79144
-8.81193
-8.83192
-8.85138
-8.8703
-8.88872
-8.90665
-8.92413
-8.94119
-8.95784
-8.97412
-8.99005
-9.00566
-9.02098
-9.03602
-9.05081
-9.06538
-9.07973
-9.09389
-9.10788
-9.12171
-9.13539
-9.14894
-9.16236
-9.17566
-8.6496
-8.65612
-8.67243
-8.69264
-8.71277
-8.73308
-8.7539
-8.77466
-8.79498
-8.81488
-8.83437
-8.85341
-8.87199
-8.89012
-8.90781
-8.92508
-8.94194
-8.95843
-8.97455
-8.99034
-9.00581
-9.02098
-9.03587
-9.0505
-9.06489
-9.07906
-9.09302
-9.10678
-9.12035
-9.13375
-9.14698
-9.16003
-9.17288
-8.6647
-8.66996
-8.68378
-8.70179
-8.72041
-8.73945
-8.75909
-8.77888
-8.79842
-8.81765
-8.83656
-8.8551
-8.87325
-8.89098
-8.90832
-8.92528
-8.94185
-8.95806
-8.97393
-8.98947
-9.0047
-9.01964
-9.03429
-9.04869
-9.06284
-9.07676
-9.09046
-9.10394
-9.11722
-9.1303
-9.14318
-9.15587
-9.16833
-8.67849
-8.6828
-8.69463
-8.71069
-8.72787
-8.74569
-8.76421
-8.78305
-8.80182
-8.82039
-8.83874
-8.8568
-8.87453
-8.89191
-8.90893
-8.92561
-8.94193
-8.95792
-8.97357
-8.98891
-9.00395
-9.01869
-9.03316
-9.04736
-9.0613
-9.075
-9.08847
-9.1017
-9.11471
-9.1275
-9.14005
-9.15237
-9.16443
-8.69111
-8.69468
-8.70491
-8.71928
-8.73511
-8.75178
-8.76924
-8.78715
-8.80514
-8.82306
-8.84082
-8.85837
-8.87565
-8.89263
-8.9093
-8.92564
-8.94166
-8.95736
-8.97274
-8.98781
-9.00259
-9.01707
-9.03128
-9.04522
-9.05889
-9.07231
-9.08549
-9.09841
-9.1111
-9.12354
-9.13573
-9.14767
-9.15934
-8.70265
-8.70564
-8.71456
-8.72748
-8.74207
-8.75765
-8.77412
-8.79114
-8.80838
-8.82564
-8.84283
-8.85988
-8.87672
-8.8933
-8.90961
-8.92563
-8.94135
-8.95677
-8.9719
-8.98672
-9.00126
-9.01551
-9.02948
-9.04318
-9.05661
-9.06978
-9.08269
-9.09534
-9.10774
-9.11987
-9.13173
-9.14331
-9.1546
-8.71319
-8.7157
-8.72357
-8.73524
-8.7487
-8.76328
-8.77882
-8.795
-8.81151
-8.82813
-8.84475
-8.8613
-8.87768
-8.89386
-8.9098
-8.92548
-8.94088
-8.956
-8.97083
-8.98538
-8.99964
-9.01362
-9.02732
-9.04074
-9.05388
-9.06676
-9.07936
-9.09169
-9.10376
-9.11554
-9.12704
-9.13826
-9.14916
-8.72277
-8.7249
-8.73189
-8.74251
-8.75496
-8.76862
-8.78329
-8.79869
-8.81449
-8.8305
-8.84657
-8.86261
-8.87855
-8.89432
-8.90989
-8.92523
-8.94031
-8.95513
-8.96968
-8.98395
-8.99794
-9.01165
-9.02508
-9.03823
-9.05111
-9.0637
-9.07602
-9.08806
-9.09981
-9.11128
-9.12245
-9.13332
-9.14386
-8.73143
-8.73325
-8.73952
-8.74923
-8.76079
-8.77361
-8.7875
-8.80216
-8.81731
-8.83271
-8.84825
-8.86381
-8.87931
-8.89468
-8.90988
-8.92487
-8.93963
-8.95414
-8.96839
-8.98237
-8.99607
-9.0095
-9.02265
-9.03551
-9.04809
-9.06038
-9.07239
-9.08411
-9.09554
-9.10667
-9.1175
-9.12801
-9.1382
-8.7392
-8.74076
-8.74644
-8.75537
-8.76615
-8.77822
-8.79139
-8.80538
-8.81991
-8.83476
-8.84979
-8.86488
-8.87995
-8.89493
-8.90976
-8.92441
-8.93884
-8.95304
-8.96699
-8.98068
-8.9941
-9.00724
-9.02011
-9.03268
-9.04498
-9.05698
-9.06869
-9.0801
-9.09122
-9.10203
-9.11253
-9.12271
-9.13256
-8.74608
-8.74742
-8.75261
-8.7609
-8.771
-8.78241
-8.79493
-8.80831
-8.82227
-8.8366
-8.85114
-8.86579
-8.88045
-8.89505
-8.90952
-8.92383
-8.93794
-8.95183
-8.96548
-8.97888
-8.99201
-9.00486
-9.01743
-9.02972
-9.04172
-9.05342
-9.06483
-9.07593
-9.08673
-9.09722
-9.10739
-9.11725
-9.12677
-8.75207
-8.75324
-8.75802
-8.76578
-8.7753
-8.78612
-8.79808
-8.81091
-8.82435
-8.8382
-8.85229
-8.86653
-8.88079
-8.89502
-8.90915
-8.92313
-8.93693
-8.95051
-8.96386
-8.97696
-8.9898
-9.00237
-9.01465
-9.02665
-9.03836
-9.04976
-9.06087
-9.07167
-9.08216
-9.09234
-9.1022
-9.11174
-9.12094
-8.75715
-8.75819
-8.76264
-8.76996
-8.779
-8.78933
-8.80079
-8.81314
-8.82612
-8.83953
-8.85322
-8.86706
-8.88096
-8.89484
-8.90863
-8.9223
-8.93578
-8.94907
-8.96213
-8.97494
-8.98749
-8.99977
-9.01177
-9.02349
-9.0349
-9.04602
-9.05683
-9.06733
-9.07752
-9.0874
-9.09695
-9.10618
-9.11508
-8.76131
-8.76224
-8.76644
-8.7734
-8.78205
-8.79198
-8.80302
-8.81496
-8.82754
-8.84056
-8.85387
-8.86736
-8.88092
-8.89447
-8.90795
-8.92131
-8.9345
-8.9475
-8.96027
-8.9728
-8.98506
-8.99706
-9.00878
-9.0202
-9.03133
-9.04216
-9.05268
-9.06288
-9.07277
-9.08235
-9.0916
-9.10053
-9.10913
-8.76451
-8.76536
-8.76937
-8.77607
-8.78442
-8.79401
-8.80472
-8.81631
-8.82855
-8.84124
-8.85423
-8.8674
-8.88065
-8.8939
-8.90709
-8.92016
-8.93306
-8.94578
-8.95828
-8.97053
-8.98253
-8.99425
-9.0057
-9.01685
-9.0277
-9.03825
-9.04849
-9.05842
-9.06803
-9.07732
-9.08629
-9.09494
-9.10326
-8.76669
-8.76749
-8.77137
-8.77788
-8.78602
-8.79538
-8.80582
-8.81714
-8.82911
-8.84151
-8.85422
-8.86711
-8.88009
-8.89307
-8.90598
-8.91878
-8.93142
-8.94386
-8.95609
-8.96807
-8.9798
-8.99125
-9.00242
-9.01329
-9.02387
-9.03413
-9.04409
-9.05373
-9.06306
-9.07206
-9.08075
-9.08912
-9.09716
-8.76777
-8.76855
-8.77236
-8.77878
-8.78678
-8.79599
-8.80626
-8.81739
-8.82914
-8.84133
-8.85381
-8.86646
-8.8792
-8.89194
-8.90461
-8.91717
-8.92956
-8.94176
-8.95374
-8.96548
-8.97696
-8.98816
-8.99908
-9.00971
-9.02003
-9.03004
-9.03975
-9.04913
-9.0582
-9.06696
-9.07539
-9.0835
-9.09128
-8.7677
-8.76849
-8.7723
-8.77871
-8.78669
-8.79584
-8.80602
-8.81703
-8.82865
-8.84068
-8.85299
-8.86545
-8.87799
-8.89051
-8.90296
-8.91528
-8.92743
-8.93939
-8.95112
-8.96261
-8.97383
-8.98477
-8.99542
-9.00578
-9.01583
-9.02558
-9.03501
-9.04412
-9.05292
-9.0614
-9.06956
-9.07741
-9.08495
-8.76636
-8.76721
-8.77111
-8.77762
-8.78569
-8.79489
-8.80508
-8.81608
-8.82764
-8.83959
-8.85178
-8.86412
-8.87651
-8.88887
-8.90115
-8.91329
-8.92526
-8.93702
-8.94855
-8.95983
-8.97085
-8.98158
-8.99202
-9.00216
-9.01199
-9.02152
-9.03072
-9.03962
-9.04819
-9.05645
-9.06439
-9.072
-9.07928
-8.76364
-8.76459
-8.76868
-8.77543
-8.78372
-8.7931
-8.80342
-8.81449
-8.82608
-8.83801
-8.85014
-8.86237
-8.87463
-8.88683
-8.89893
-8.91088
-8.92263
-8.93418
-8.94548
-8.95652
-8.96729
-8.97778
-8.98797
-8.99785
-9.00743
-9.01669
-9.02565
-9.03428
-9.0426
-9.0506
-9.05829
-9.06568
-9.07276
-8.75936
-8.76047
-8.76489
-8.77205
-8.78073
-8.79043
-8.801
-8.81227
-8.82401
-8.83603
-8.84821
-8.86046
-8.87269
-8.88484
-8.89686
-8.90871
-8.92035
-8.93176
-8.94293
-8.95382
-8.96443
-8.97474
-8.98476
-8.99447
-9.00386
-9.01294
-9.0217
-9.03015
-9.03827
-9.04608
-9.05356
-9.06073
-9.06755
-8.75328
-8.75464
-8.75959
-8.76738
-8.77665
-8.78682
-8.79776
-8.80931
-8.82122
-8.83334
-8.84554
-8.85775
-8.86991
-8.88195
-8.89383
-8.90551
-8.91698
-8.9282
-8.93915
-8.94983
-8.96022
-8.97031
-8.9801
-8.98957
-8.99873
-9.00758
-9.01611
-9.02432
-9.03221
-9.0398
-9.04707
-9.05405
-9.06074
-8.74508
-8.74682
-8.75257
-8.76132
-8.77143
-8.7823
-8.79387
-8.80595
-8.8183
-8.83075
-8.84319
-8.85558
-8.86784
-8.87993
-8.89182
-8.90348
-8.91489
-8.92603
-8.93689
-8.94746
-8.95772
-8.96767
-8.97731
-8.98664
-8.99564
-9.00432
-9.01268
-9.02071
-9.02843
-9.03583
-9.0429
-9.04965
-9.05606
-8.7343
-8.73664
-8.74365
-8.75377
-8.76491
-8.77649
-8.7886
-8.80111
-8.81375
-8.82637
-8.83891
-8.85134
-8.86359
-8.87563
-8.88744
-8.89899
-8.91026
-8.92125
-8.93195
-8.94234
-8.95242
-8.96219
-8.97164
-8.98077
-8.98957
-8.99806
-9.00622
-9.01407
-9.0216
-9.02883
-9.03575
-9.04238
-9.04873
-8.72022
-8.72353
-8.73258
-8.74488
-8.75776
-8.77076
-8.78408
-8.79754
-8.81088
-8.82398
-8.83687
-8.84952
-8.86191
-8.87401
-8.88583
-8.89735
-8.90856
-8.91947
-8.93005
-8.94032
-8.95027
-8.95989
-8.96918
-8.97814
-8.98678
-8.99509
-9.00307
-9.01073
-9.01806
-9.02508
-9.03177
-9.03814
-9.04417
-8.70177
-8.70684
-8.71891
-8.73337
-8.74727
-8.76107
-8.77528
-8.7895
-8.80336
-8.81684
-8.83001
-8.84285
-8.85535
-8.86751
-8.87932
-8.8908
-8.90194
-8.91275
-8.92322
-8.93336
-8.94318
-8.95266
-8.96181
-8.97063
-8.97913
-8.9873
-8.99515
-9.00269
-9.0099
-9.01681
-9.02342
-9.02974
-9.03577
-8.67679
-8.68592
-8.70529
-8.72499
-8.74137
-8.7567
-8.77214
-8.78716
-8.80143
-8.81511
-8.82836
-8.84121
-8.85366
-8.86572
-8.8774
-8.88873
-8.89971
-8.91034
-8.92062
-8.93056
-8.94016
-8.94942
-8.95834
-8.96693
-8.97519
-8.98312
-8.99073
-8.99802
-9.00499
-9.01164
-9.01798
-9.02402
-9.02973
-8.6418
-8.65545
-8.68104
-8.70426
-8.72315
-8.7411
-8.75865
-8.775
-8.7901
-8.80435
-8.81797
-8.83102
-8.84353
-8.85556
-8.86719
-8.87842
-8.88929
-8.8998
-8.90997
-8.9198
-8.92931
-8.93848
-8.94734
-8.95586
-8.96407
-8.97196
-8.97954
-8.9868
-8.99374
-9.00037
-9.00668
-9.01266
-9.01829
-8.59438
-8.64203
-8.68139
-8.70161
-8.71783
-8.7361
-8.75398
-8.76983
-8.78427
-8.79806
-8.81136
-8.82409
-8.83628
-8.84803
-8.85937
-8.87034
-8.88094
-8.89119
-8.90111
-8.9107
-8.91996
-8.92891
-8.93755
-8.94587
-8.95389
-8.96161
-8.96903
-8.97617
-8.98302
-8.98962
-8.99598
-9.00216
-9.00818
-8.46001
-8.58218
-8.6568
-8.68097
-8.69723
-8.71817
-8.73856
-8.75565
-8.77086
-8.78554
-8.79991
-8.81385
-8.82739
-8.8406
-8.85353
-8.86618
-8.87852
-8.89057
-8.9023
-8.91371
-8.92479
-8.93554
-8.94594
-8.95598
-8.96568
-8.97501
-8.98398
-8.99259
-9.00084
-9.00871
-9.01622
-9.02333
-9.03017
-9.3148
-9.46144
-9.67658
-9.78188
-9.89222
-10.0001
-10.0845
-10.1506
-10.2028
-10.2423
-10.2711
-10.2921
-10.3071
-10.3178
-10.3251
-10.3297
-10.33
-10.3219
-10.3101
-10.2981
-10.2873
-10.2786
-10.2724
-10.2697
-10.2712
-10.2781
-10.2915
-10.3118
-10.3391
-10.3721
-10.4092
-10.4478
-10.4851
-10.5191
-10.5478
-10.5706
-10.5869
-10.5966
-10.5992
-10.5942
-10.5804
-10.5568
-10.5225
-10.4766
-10.4186
-10.3486
-10.2669
-10.1741
-10.0709
-9.95821
-9.8368
-9.70741
-9.57054
-9.42622
-9.27374
-9.11148
-8.93698
-8.74726
-8.53944
-8.31172
-8.06421
-7.79944
-7.52235
-7.23944
-6.95774
-6.6838
-6.42292
-6.17884
-5.95363
-5.74766
-5.55956
-5.38625
-5.22292
-5.06344
-4.90093
-4.72883
-4.54203
-4.33785
-4.11636
-3.88007
-3.633
-3.37965
-3.12417
-2.86968
-2.61851
-2.37213
-2.1304
-1.89293
-1.65779
-1.41885
-1.17176
-0.910863
-0.621178
-0.336275
-0.15297
-0.131961
-0.143985
-0.222815
-0.0593042
-0.262198
-9.23354
-9.28368
-9.37627
-9.425
-9.48043
-9.55066
-9.61999
-9.68592
-9.74884
-9.8067
-9.85835
-9.90403
-9.94423
-9.97941
-10.0098
-10.0358
-10.0576
-10.0701
-10.0763
-10.0796
-10.082
-10.0849
-10.089
-10.0953
-10.1048
-10.1188
-10.1383
-10.1638
-10.1952
-10.2317
-10.2716
-10.3126
-10.3522
-10.3882
-10.4192
-10.444
-10.4622
-10.4736
-10.4777
-10.4737
-10.4609
-10.4381
-10.4045
-10.3593
-10.3021
-10.2328
-10.1519
-10.06
-9.95774
-9.84606
-9.72576
-9.59757
-9.46195
-9.31885
-9.16749
-9.0062
-8.83253
-8.64358
-8.43663
-8.21005
-7.96413
-7.70153
-7.42721
-7.14768
-6.86994
-6.60046
-6.34445
-6.10555
-5.88569
-5.68507
-5.50213
-5.33358
-5.17445
-5.0185
-4.85882
-4.68892
-4.50381
-4.30093
-4.08051
-3.84516
-3.599
-3.34666
-3.09238
-2.83936
-2.58997
-2.34563
-2.10607
-1.87082
-1.63801
-1.40138
-1.15639
-0.898226
-0.616487
-0.347601
-0.178631
-0.157516
-0.15625
-0.218756
-0.0471868
-0.232779
-9.19541
-9.21622
-9.26186
-9.2929
-9.32022
-9.35706
-9.39687
-9.43602
-9.47512
-9.51377
-9.55137
-9.58797
-9.62365
-9.65825
-9.69149
-9.72316
-9.75272
-9.77784
-9.79767
-9.81429
-9.82947
-9.84427
-9.85953
-9.87617
-9.8952
-9.91769
-9.94459
-9.97645
-10.0132
-10.0541
-10.0977
-10.1418
-10.1844
-10.2234
-10.2572
-10.2849
-10.3059
-10.3198
-10.3262
-10.3244
-10.3135
-10.2925
-10.2607
-10.2174
-10.1621
-10.0948
-10.016
-9.92621
-9.82618
-9.71674
-9.59872
-9.47277
-9.3393
-9.19818
-9.04858
-8.88886
-8.71664
-8.52919
-8.32403
-8.09977
-7.85685
-7.598
-7.32809
-7.05347
-6.78095
-6.5168
-6.26612
-6.03241
-5.8175
-5.62148
-5.44271
-5.27781
-5.12183
-4.96853
-4.81115
-4.64334
-4.46026
-4.25946
-4.04117
-3.80799
-3.56401
-3.31383
-3.0617
-2.81088
-2.56374
-2.32165
-2.08424
-1.85093
-1.61985
-1.38484
-1.14152
-0.885568
-0.611185
-0.35974
-0.207875
-0.188163
-0.175038
-0.222088
-0.043171
-0.213182
-9.19361
-9.21702
-9.25481
-9.28631
-9.3094
-9.33456
-9.36009
-9.38278
-9.40341
-9.42294
-9.44156
-9.45974
-9.47804
-9.49676
-9.51599
-9.53567
-9.55552
-9.57466
-9.59139
-9.60667
-9.62183
-9.63767
-9.6548
-9.67388
-9.69571
-9.72109
-9.75073
-9.78502
-9.82382
-9.86637
-9.91131
-9.9568
-10.0008
-10.0415
-10.0773
-10.1072
-10.1306
-10.1469
-10.1557
-10.1562
-10.1476
-10.129
-10.0996
-10.0588
-10.0062
-9.94176
-9.86588
-9.7791
-9.68215
-9.57582
-9.46088
-9.33795
-9.20734
-9.06887
-8.92167
-8.76411
-8.59392
-8.40858
-8.20584
-7.98456
-7.74537
-7.49103
-7.22633
-6.95742
-6.69086
-6.43273
-6.18793
-5.95983
-5.75011
-5.55876
-5.38404
-5.22252
-5.06925
-4.91811
-4.76254
-4.59644
-4.41519
-4.21649
-4.00062
-3.77011
-3.52895
-3.28167
-3.03244
-2.7845
-2.54019
-2.30082
-2.06595
-1.83491
-1.60574
-1.37246
-1.13139
-0.878742
-0.611539
-0.375062
-0.236572
-0.215338
-0.190016
-0.221906
-0.0367538
-0.194065
-9.1983
-9.22119
-9.25054
-9.2771
-9.29774
-9.31886
-9.3407
-9.36063
-9.37845
-9.39467
-9.40929
-9.42245
-9.43457
-9.44597
-9.45689
-9.46749
-9.47779
-9.48745
-9.49584
-9.50355
-9.51167
-9.52097
-9.53209
-9.54567
-9.56245
-9.58313
-9.60829
-9.63822
-9.67276
-9.71119
-9.75226
-9.79433
-9.83554
-9.87412
-9.9086
-9.93786
-9.96113
-9.97779
-9.98722
-9.98867
-9.9813
-9.96423
-9.93667
-9.89801
-9.84786
-9.78618
-9.71324
-9.62957
-9.53583
-9.43276
-9.32105
-9.20125
-9.07362
-8.9379
-8.79323
-8.63803
-8.47019
-8.28739
-8.08765
-7.87005
-7.63534
-7.38627
-7.12745
-6.86476
-6.60449
-6.35246
-6.11338
-5.89049
-5.68542
-5.49806
-5.32667
-5.16783
-5.01666
-4.86724
-4.71321
-4.54875
-4.36947
-4.17319
-3.96019
-3.73288
-3.49511
-3.25124
-3.00534
-2.76058
-2.51927
-2.28262
-2.05016
-1.8211
-1.59348
-1.36152
-1.1225
-0.873982
-0.61543
-0.394487
-0.268581
-0.245269
-0.208704
-0.226115
-0.0351279
-0.181215
-9.19995
-9.2216
-9.24691
-9.272
-9.29368
-9.31471
-9.33566
-9.35475
-9.37146
-9.38613
-9.39891
-9.40996
-9.4196
-9.42817
-9.43587
-9.44282
-9.44907
-9.45446
-9.45884
-9.46246
-9.46619
-9.4708
-9.47692
-9.48523
-9.49642
-9.51117
-9.53001
-9.55323
-9.5807
-9.61186
-9.64565
-9.68066
-9.7153
-9.74799
-9.77735
-9.80229
-9.82199
-9.83576
-9.8429
-9.84263
-9.83411
-9.81646
-9.78889
-9.75077
-9.7017
-9.64158
-9.57059
-9.48919
-9.39793
-9.29748
-9.18844
-9.07128
-8.94617
-8.81281
-8.67033
-8.51725
-8.35161
-8.1713
-7.97461
-7.76084
-7.53082
-7.28727
-7.03458
-6.77833
-6.52448
-6.27856
-6.04507
-5.82713
-5.62625
-5.44232
-5.27358
-5.11667
-4.96689
-4.81853
-4.66553
-4.50237
-4.32492
-4.1311
-3.92117
-3.69739
-3.46339
-3.22334
-2.98113
-2.73986
-2.50172
-2.26791
-2.0379
-1.81081
-1.58463
-1.3539
-1.1167
-0.871827
-0.620865
-0.413171
-0.297451
-0.271448
-0.225149
-0.229528
-0.034079
-0.171066
-9.20018
-9.22117
-9.24422
-9.26733
-9.28811
-9.30762
-9.32664
-9.34422
-9.35986
-9.37377
-9.38606
-9.39682
-9.40622
-9.41447
-9.4217
-9.428
-9.43338
-9.43779
-9.44121
-9.44382
-9.44631
-9.44936
-9.45356
-9.4595
-9.4678
-9.47904
-9.49368
-9.51195
-9.53377
-9.55864
-9.5857
-9.61375
-9.64142
-9.66737
-9.69035
-9.70937
-9.72364
-9.73245
-9.73514
-9.73095
-9.71908
-9.69869
-9.66903
-9.62948
-9.57964
-9.51936
-9.44875
-9.36815
-9.27805
-9.179
-9.0715
-8.95594
-8.8324
-8.70055
-8.55953
-8.40796
-8.24403
-8.06588
-7.87202
-7.66191
-7.43647
-7.1983
-6.95157
-6.70152
-6.45377
-6.21355
-5.98515
-5.77154
-5.57418
-5.39293
-5.22608
-5.07039
-4.92134
-4.77348
-4.62108
-4.45893
-4.28314
-4.09174
-3.88492
-3.66478
-3.4347
-3.19859
-2.96016
-2.72239
-2.48738
-2.25624
-2.02848
-1.80316
-1.57823
-1.34878
-1.11375
-0.873176
-0.630044
-0.433718
-0.325662
-0.296348
-0.241694
-0.234317
-0.0354338
-0.164698
-9.19968
-9.2197
-9.24094
-9.26222
-9.28215
-9.30101
-9.31927
-9.33638
-9.35184
-9.36564
-9.37785
-9.38851
-9.39774
-9.40572
-9.41257
-9.41839
-9.42323
-9.42711
-9.43007
-9.43236
-9.43447
-9.437
-9.44045
-9.44536
-9.45226
-9.46163
-9.47384
-9.48906
-9.50718
-9.52776
-9.55001
-9.57291
-9.59525
-9.61583
-9.63353
-9.64743
-9.65675
-9.66082
-9.65899
-9.65056
-9.63479
-9.61092
-9.57828
-9.53629
-9.48456
-9.42294
-9.3515
-9.27051
-9.18037
-9.08154
-8.97445
-8.85938
-8.73638
-8.60507
-8.46464
-8.3138
-8.15093
-7.97436
-7.78283
-7.57596
-7.35471
-7.12156
-6.88042
-6.63619
-6.39413
-6.15915
-5.93531
-5.72544
-5.53092
-5.35162
-5.18591
-5.03068
-4.88165
-4.73367
-4.58136
-4.41984
-4.24543
-4.05628
-3.85248
-3.63594
-3.40977
-3.17761
-2.94295
-2.70863
-2.47665
-2.24805
-2.02237
-1.79867
-1.57486
-1.34654
-1.1134
-0.876825
-0.641174
-0.454166
-0.351162
-0.317948
-0.256423
-0.238791
-0.0377961
-0.160762
-9.19722
-9.21645
-9.23643
-9.25641
-9.27552
-9.29366
-9.311
-9.32724
-9.34202
-9.35527
-9.36707
-9.37746
-9.38655
-9.39445
-9.40128
-9.40712
-9.412
-9.41599
-9.41913
-9.42169
-9.42402
-9.42665
-9.43004
-9.43463
-9.44087
-9.44919
-9.45987
-9.47303
-9.48854
-9.50599
-9.52471
-9.54375
-9.56207
-9.57857
-9.59223
-9.60217
-9.60763
-9.60794
-9.60245
-9.59051
-9.57141
-9.54449
-9.5091
-9.46475
-9.41106
-9.34789
-9.27528
-9.19344
-9.10274
-9.00354
-8.89621
-8.78099
-8.65784
-8.52642
-8.38596
-8.23528
-8.07294
-7.89749
-7.70787
-7.50383
-7.28635
-7.05778
-6.82177
-6.58287
-6.34598
-6.11571
-5.89588
-5.68916
-5.49687
-5.3189
-5.15368
-4.9983
-4.8487
-4.70007
-4.54739
-4.38609
-4.21273
-4.02553
-3.82452
-3.61138
-3.38895
-3.16057
-2.92951
-2.69844
-2.46929
-2.24301
-2.0192
-1.79695
-1.57425
-1.34723
-1.11615
-0.883475
-0.654933
-0.475344
-0.374909
-0.337062
-0.269852
-0.243297
-0.0415023
-0.159035
-9.19507
-9.21343
-9.23225
-9.25105
-9.26917
-9.28648
-9.30301
-9.31858
-9.33292
-9.34594
-9.35764
-9.36803
-9.37717
-9.38515
-9.39204
-9.39792
-9.40285
-9.40691
-9.41017
-9.41288
-9.41536
-9.41804
-9.42135
-9.42565
-9.43134
-9.43875
-9.44812
-9.45953
-9.47284
-9.48768
-9.50343
-9.51926
-9.53423
-9.54736
-9.55769
-9.5644
-9.56672
-9.564
-9.5556
-9.54087
-9.51916
-9.48982
-9.45229
-9.40608
-9.35086
-9.28646
-9.21292
-9.13039
-9.03918
-8.93961
-8.83197
-8.71645
-8.593
-8.46128
-8.32058
-8.16985
-8.00784
-7.83331
-7.64537
-7.44393
-7.22995
-7.00567
-6.77446
-6.54055
-6.30848
-6.08253
-5.86629
-5.66228
-5.47176
-5.29461
-5.12938
-4.97333
-4.82269
-4.67297
-4.5195
-4.35804
-4.18539
-3.99983
-3.80131
-3.59129
-3.37233
-3.14749
-2.91981
-2.69178
-2.46524
-2.24106
-2.01894
-1.79799
-1.57631
-1.35064
-1.12161
-0.892577
-0.670595
-0.496672
-0.396583
-0.353355
-0.281423
-0.247145
-0.0460705
-0.158498
-9.19104
-9.20868
-9.22658
-9.24442
-9.26171
-9.27829
-9.29417
-9.30914
-9.32301
-9.33566
-9.34708
-9.35728
-9.3663
-9.37421
-9.38108
-9.38699
-9.392
-9.3962
-9.39968
-9.40265
-9.40542
-9.4083
-9.41167
-9.41586
-9.42118
-9.42791
-9.43623
-9.4462
-9.45766
-9.47027
-9.48347
-9.49653
-9.5086
-9.51879
-9.52624
-9.53014
-9.52976
-9.52446
-9.51359
-9.49653
-9.47266
-9.44138
-9.40214
-9.35449
-9.29812
-9.23285
-9.15868
-9.07574
-8.98426
-8.88451
-8.77673
-8.66105
-8.53741
-8.40549
-8.26465
-8.11397
-7.95237
-7.7788
-7.59258
-7.3937
-7.18315
-6.963
-6.73641
-6.50726
-6.27976
-6.05787
-5.84496
-5.64338
-5.45432
-5.27768
-5.11212
-4.9551
-4.8031
-4.65197
-4.49741
-4.33549
-4.16322
-3.97897
-3.78261
-3.57539
-3.35961
-3.13804
-2.91347
-2.68824
-2.46407
-2.24181
-2.02122
-1.8015
-1.58088
-1.35672
-1.12991
-0.904345
-0.688314
-0.518523
-0.41682
-0.367376
-0.29135
-0.250253
-0.0515348
-0.158172
-9.18758
-9.20447
-9.22152
-9.23845
-9.25496
-9.27081
-9.28598
-9.30034
-9.31371
-9.32599
-9.33716
-9.3472
-9.35616
-9.36407
-9.37099
-9.37698
-9.3821
-9.38644
-9.39011
-9.39328
-9.39623
-9.39921
-9.40256
-9.40655
-9.41143
-9.41743
-9.4247
-9.43326
-9.44296
-9.45347
-9.4643
-9.47478
-9.48417
-9.49165
-9.49642
-9.49772
-9.49486
-9.48719
-9.47409
-9.45495
-9.42919
-9.39622
-9.35554
-9.30672
-9.24945
-9.18354
-9.10898
-9.02584
-8.93429
-8.83456
-8.72683
-8.61119
-8.48756
-8.35565
-8.21488
-8.06446
-7.90347
-7.73106
-7.54669
-7.35047
-7.14336
-6.92734
-6.70529
-6.48081
-6.25774
-6.03978
-5.83004
-5.63072
-5.44295
-5.26665
-5.10059
-4.94241
-4.78888
-4.63617
-4.48033
-4.31773
-4.1456
-3.96239
-3.76789
-3.56319
-3.3503
-3.13173
-2.91004
-2.68739
-2.46542
-2.24492
-2.02574
-1.80718
-1.58767
-1.36515
-1.14071
-0.918525
-0.707795
-0.540871
-0.435963
-0.379433
-0.299642
-0.252359
-0.0577499
-0.15695
-9.18263
-9.19887
-9.21517
-9.23133
-9.24712
-9.26234
-9.27687
-9.29067
-9.3036
-9.31553
-9.32643
-9.3363
-9.34513
-9.35297
-9.35986
-9.36586
-9.37103
-9.37546
-9.37925
-9.38258
-9.38564
-9.38872
-9.39205
-9.39584
-9.40032
-9.40566
-9.41198
-9.41926
-9.42737
-9.43599
-9.44467
-9.45283
-9.45977
-9.46478
-9.46709
-9.46601
-9.46086
-9.45102
-9.43589
-9.41487
-9.38741
-9.35295
-9.31101
-9.26119
-9.20317
-9.13679
-9.06197
-8.97876
-8.88729
-8.78772
-8.68018
-8.56474
-8.44131
-8.3096
-8.16912
-8.01919
-7.85904
-7.68798
-7.50564
-7.3122
-7.10861
-6.89671
-6.67918
-6.45929
-6.24058
-6.02644
-5.81976
-5.6226
-5.43602
-5.25998
-5.09334
-4.93394
-4.77882
-4.62446
-4.46725
-4.30384
-4.13169
-3.94931
-3.75645
-3.55401
-3.34377
-3.12798
-2.90896
-2.68873
-2.46881
-2.24997
-2.03214
-1.81475
-1.59646
-1.37572
-1.15384
-0.935035
-0.728963
-0.563855
-0.454588
-0.390125
-0.306563
-0.253406
-0.0645918
-0.153857
-9.17814
-9.19374
-9.20934
-9.22478
-9.23987
-9.25444
-9.26836
-9.28158
-9.29402
-9.30559
-9.31621
-9.32586
-9.33456
-9.34231
-9.34917
-9.35517
-9.36039
-9.36489
-9.36878
-9.37221
-9.37534
-9.37843
-9.38165
-9.38518
-9.38919
-9.39383
-9.39917
-9.40519
-9.41174
-9.41854
-9.42517
-9.4311
-9.43572
-9.43835
-9.43832
-9.43495
-9.42761
-9.41569
-9.39862
-9.37581
-9.34674
-9.31089
-9.26779
-9.21706
-9.15839
-9.0916
-9.0166
-8.9334
-8.84209
-8.74276
-8.63553
-8.52042
-8.39732
-8.26599
-8.126
-7.97676
-7.81766
-7.64815
-7.46799
-7.27743
-7.07742
-6.86966
-6.65661
-6.44125
-6.22682
-6.01642
-5.81272
-5.61765
-5.4322
-5.25636
-5.08911
-4.92849
-4.77177
-4.61577
-4.45716
-4.29291
-4.12063
-3.93895
-3.74755
-3.54719
-3.33941
-3.12622
-2.90974
-2.6918
-2.47383
-2.2566
-2.0401
-1.82391
-1.60694
-1.38814
-1.16894
-0.953588
-0.75162
-0.587443
-0.473089
-0.400026
-0.312425
-0.253442
-0.0718583
-0.148387
-9.17262
-9.18763
-9.20259
-9.21737
-9.23182
-9.2458
-9.25918
-9.27189
-9.28386
-9.29504
-9.30538
-9.31481
-9.32334
-9.33098
-9.33777
-9.34375
-9.34895
-9.35347
-9.3574
-9.36085
-9.36399
-9.36701
-9.37005
-9.37327
-9.37678
-9.38072
-9.38512
-9.38994
-9.39503
-9.40013
-9.40485
-9.40872
-9.41117
-9.4116
-9.40937
-9.40386
-9.39446
-9.38059
-9.36169
-9.33722
-9.30666
-9.26952
-9.22536
-9.17379
-9.11455
-9.04741
-8.97228
-8.88914
-8.79803
-8.69902
-8.59217
-8.47747
-8.35484
-8.22403
-8.08469
-7.93633
-7.77845
-7.61065
-7.4328
-7.2452
-7.04879
-6.84515
-6.63652
-6.42562
-6.21539
-6.00865
-5.80787
-5.61481
-5.43045
-5.25479
-5.08693
-4.9251
-4.76684
-4.60923
-4.44926
-4.28415
-4.11172
-3.93064
-3.74059
-3.54216
-3.3367
-3.126
-2.91193
-2.69621
-2.48015
-2.26449
-2.04934
-1.8344
-1.61887
-1.40213
-1.18575
-0.973884
-0.775594
-0.611659
-0.491818
-0.409744
-0.317651
-0.25264
-0.0792345
-0.140477
-9.16737
-9.18182
-9.19619
-9.21035
-9.2242
-9.23761
-9.25047
-9.2627
-9.27422
-9.28499
-9.29499
-9.30418
-9.31252
-9.32001
-9.32669
-9.3326
-9.33776
-9.34226
-9.34616
-9.3496
-9.35268
-9.35555
-9.35835
-9.3612
-9.36418
-9.36738
-9.37083
-9.37446
-9.37813
-9.38158
-9.38447
-9.38636
-9.38673
-9.38504
-9.38069
-9.3731
-9.3617
-9.34594
-9.32528
-9.29919
-9.26718
-9.22879
-9.1836
-9.13124
-9.07143
-9.00396
-8.92871
-8.84564
-8.75475
-8.65608
-8.54965
-8.43544
-8.31336
-8.18319
-8.04463
-7.89729
-7.74078
-7.57482
-7.39936
-7.21477
-7.02194
-6.82237
-6.61809
-6.41156
-6.20543
-6.00228
-5.80436
-5.61329
-5.43
-5.25454
-5.08611
-4.92312
-4.76338
-4.60423
-4.44296
-4.27702
-4.10442
-3.9239
-3.73511
-3.53852
-3.33527
-3.12694
-2.91522
-2.70166
-2.48748
-2.27341
-2.05964
-1.84602
-1.63203
-1.41744
-1.20392
-0.99553
-0.800597
-0.636481
-0.511051
-0.419865
-0.322776
-0.251377
-0.0864401
-0.130647
-9.16152
-9.17542
-9.18922
-9.20281
-9.21608
-9.22895
-9.24131
-9.25308
-9.26419
-9.27458
-9.28423
-9.29313
-9.30126
-9.30858
-9.31514
-9.32093
-9.32602
-9.33044
-9.33428
-9.33763
-9.34057
-9.34322
-9.34572
-9.34814
-9.35056
-9.35302
-9.35552
-9.358
-9.36031
-9.3622
-9.36335
-9.36337
-9.36179
-9.35809
-9.35173
-9.34218
-9.32889
-9.31132
-9.28898
-9.26136
-9.22798
-9.18841
-9.14224
-9.08913
-9.02879
-8.96101
-8.88566
-8.80267
-8.71202
-8.6137
-8.50773
-8.39406
-8.27259
-8.14316
-8.00549
-7.85929
-7.70426
-7.54022
-7.3672
-7.18562
-6.99635
-6.80076
-6.60071
-6.39842
-6.19629
-5.99666
-5.80154
-5.61246
-5.43026
-5.25504
-5.08611
-4.92207
-4.76093
-4.60036
-4.43786
-4.27115
-4.09839
-3.91841
-3.73082
-3.53598
-3.33486
-3.12883
-2.91939
-2.70795
-2.49564
-2.28317
-2.07084
-1.85861
-1.64622
-1.43382
-1.22315
-1.01814
-0.826284
-0.66183
-0.53101
-0.430915
-0.328401
-0.250208
-0.0932903
-0.119709
-9.15577
-9.16916
-9.18243
-9.19548
-9.20823
-9.22059
-9.23247
-9.2438
-9.2545
-9.26454
-9.27385
-9.28244
-9.29031
-9.29744
-9.30383
-9.30949
-9.31444
-9.31874
-9.32245
-9.32564
-9.32837
-9.33076
-9.3329
-9.33487
-9.33669
-9.33839
-9.33996
-9.3413
-9.34228
-9.34266
-9.34215
-9.34038
-9.33691
-9.33129
-9.323
-9.31155
-9.29642
-9.27711
-9.25313
-9.22401
-9.18929
-9.14857
-9.10144
-9.04758
-8.9867
-8.9186
-8.84313
-8.76021
-8.66977
-8.57181
-8.4663
-8.35319
-8.23239
-8.10376
-7.96707
-7.82209
-7.66862
-7.50655
-7.336
-7.15741
-6.97161
-6.77988
-6.58392
-6.38573
-6.18747
-5.99125
-5.79889
-5.61178
-5.43073
-5.25583
-5.08652
-4.92155
-4.75918
-4.5973
-4.4337
-4.2663
-4.09342
-3.91397
-3.72754
-3.53438
-3.33531
-3.13151
-2.9243
-2.71495
-2.5045
-2.29367
-2.0828
-1.87202
-1.6613
-1.45107
-1.24316
-1.04133
-0.85225
-0.687469
-0.551773
-0.44333
-0.335137
-0.249842
-0.0998424
-0.108678
-9.1497
-9.1626
-9.17536
-9.18789
-9.20013
-9.21199
-9.22341
-9.2343
-9.24461
-9.25428
-9.26328
-9.27156
-9.27914
-9.28602
-9.2922
-9.29769
-9.30248
-9.30662
-9.31015
-9.31312
-9.31561
-9.3177
-9.31946
-9.32093
-9.32213
-9.32306
-9.32369
-9.32392
-9.32361
-9.32255
-9.32045
-9.31697
-9.31172
-9.30426
-9.29414
-9.28087
-9.26398
-9.243
-9.21746
-9.1869
-9.15091
-9.10907
-9.06102
-9.00644
-8.94504
-8.87663
-8.80104
-8.71817
-8.62795
-8.53034
-8.4253
-8.31278
-8.19269
-8.0649
-7.92925
-7.78556
-7.63369
-7.47363
-7.30554
-7.12988
-6.94745
-6.75945
-6.56742
-6.37316
-6.17862
-5.98569
-5.79603
-5.61089
-5.43103
-5.25656
-5.087
-4.92128
-4.75784
-4.59483
-4.43026
-4.26228
-4.08934
-3.91044
-3.72513
-3.5336
-3.33651
-3.13487
-2.92984
-2.72255
-2.51398
-2.3048
-2.09545
-1.88615
-1.67712
-1.46901
-1.2637
-1.06478
-0.878124
-0.713046
-0.573132
-0.457241
-0.343465
-0.250994
-0.106286
-0.0985724
-9.14366
-9.15609
-9.16837
-9.18042
-9.19218
-9.20358
-9.21455
-9.22502
-9.23494
-9.24426
-9.25294
-9.26093
-9.26822
-9.27482
-9.28074
-9.28599
-9.29056
-9.29449
-9.2978
-9.30054
-9.30277
-9.30453
-9.30587
-9.30682
-9.30737
-9.30752
-9.30722
-9.30636
-9.3048
-9.30234
-9.29871
-9.2936
-9.28663
-9.27742
-9.26553
-9.25052
-9.23193
-9.20933
-9.18227
-9.15033
-9.11308
-9.07016
-9.0212
-8.96589
-8.90397
-8.83523
-8.7595
-8.67665
-8.58662
-8.48935
-8.38477
-8.27284
-8.15348
-8.02657
-7.89199
-7.74962
-7.5994
-7.44135
-7.27569
-7.10289
-6.92372
-6.73929
-6.551
-6.36049
-6.16951
-5.97975
-5.7927
-5.60952
-5.43088
-5.25694
-5.08728
-4.92098
-4.75668
-4.59273
-4.42737
-4.25892
-4.08601
-3.90768
-3.7235
-3.53355
-3.33838
-3.13885
-2.93595
-2.7307
-2.52399
-2.31649
-2.10867
-1.90089
-1.69354
-1.48746
-1.28456
-1.08823
-0.903599
-0.738207
-0.594699
-0.47237
-0.353429
-0.254163
-0.112981
-0.0902988
-9.13748
-9.14946
-9.16128
-9.17286
-9.18415
-9.1951
-9.20563
-9.2157
-9.22523
-9.2342
-9.24255
-9.25024
-9.25726
-9.26359
-9.26923
-9.2742
-9.27851
-9.28217
-9.28522
-9.2877
-9.28963
-9.29103
-9.29192
-9.29232
-9.29222
-9.29158
-9.29035
-9.28842
-9.28565
-9.28184
-9.27674
-9.27006
-9.26146
-9.25057
-9.237
-9.22031
-9.20011
-9.17595
-9.14743
-9.11414
-9.07569
-9.03172
-8.98187
-8.92587
-8.86343
-8.79436
-8.71847
-8.63565
-8.5458
-8.44884
-8.34473
-8.23339
-8.11477
-7.98876
-7.85529
-7.71427
-7.56569
-7.40964
-7.24637
-7.07634
-6.9003
-6.71928
-6.53456
-6.34761
-6.16001
-5.97327
-5.78875
-5.60749
-5.43012
-5.2568
-5.08719
-4.92049
-4.75552
-4.59082
-4.42484
-4.25608
-4.08329
-3.90559
-3.72253
-3.53415
-3.34086
-3.14337
-2.94256
-2.73933
-2.53447
-2.32866
-2.1224
-1.91616
-1.71046
-1.5063
-1.30558
-1.11147
-0.928471
-0.762677
-0.616054
-0.488224
-0.364653
-0.259255
-0.120095
-0.084311
-9.13128
-9.14283
-9.15421
-9.16535
-9.17621
-9.18672
-9.19684
-9.20651
-9.21567
-9.22428
-9.2323
-9.2397
-9.24644
-9.25251
-9.2579
-9.26261
-9.26665
-9.27004
-9.27281
-9.27498
-9.27655
-9.27753
-9.27793
-9.27774
-9.27695
-9.27551
-9.27336
-9.27038
-9.26642
-9.26131
-9.2548
-9.24663
-9.23646
-9.22397
-9.20877
-9.19049
-9.16872
-9.14307
-9.11314
-9.07855
-9.03893
-8.99393
-8.94322
-8.88651
-8.82355
-8.75414
-8.67808
-8.59526
-8.50556
-8.40891
-8.30524
-8.19449
-8.07661
-7.95151
-7.81915
-7.6795
-7.53256
-7.37848
-7.21753
-7.05018
-6.87714
-6.69936
-6.51802
-6.33444
-6.15004
-5.96618
-5.7841
-5.60472
-5.42864
-5.25602
-5.08659
-4.91967
-4.75422
-4.58898
-4.42256
-4.25364
-4.08108
-3.90406
-3.72215
-3.53531
-3.34387
-3.14839
-2.94964
-2.74839
-2.54539
-2.34127
-2.13658
-1.93186
-1.72776
-1.52539
-1.32661
-1.13437
-0.952615
-0.786289
-0.636877
-0.504276
-0.376563
-0.265789
-0.127418
-0.0805773
-9.12506
-9.1362
-9.14716
-9.15787
-9.16831
-9.17841
-9.18812
-9.1974
-9.20619
-9.21445
-9.22214
-9.22923
-9.23568
-9.24148
-9.2466
-9.25105
-9.25483
-9.25794
-9.26041
-9.26222
-9.2634
-9.26392
-9.2638
-9.26302
-9.26153
-9.25929
-9.25622
-9.25221
-9.2471
-9.24073
-9.23287
-9.22326
-9.2116
-9.19757
-9.18083
-9.16101
-9.13774
-9.11066
-9.07938
-9.04354
-9.00278
-8.95678
-8.90523
-8.84784
-8.78436
-8.7146
-8.63836
-8.55552
-8.46596
-8.3696
-8.26636
-8.1562
-8.03905
-7.91487
-7.78363
-7.64532
-7.50001
-7.34786
-7.18916
-7.02439
-6.85421
-6.6795
-6.50135
-6.32095
-6.13958
-5.95847
-5.77871
-5.60118
-5.4264
-5.25455
-5.08542
-4.91844
-4.7527
-4.5871
-4.42043
-4.2515
-4.07928
-3.90303
-3.72229
-3.537
-3.34737
-3.15388
-2.95715
-2.75787
-2.5567
-2.35427
-2.15114
-1.94792
-1.74536
-1.54463
-1.34755
-1.15685
-0.975962
-0.808959
-0.656973
-0.520147
-0.388628
-0.27312
-0.13455
-0.0787455
-9.11877
-9.12952
-9.14007
-9.15038
-9.16041
-9.17011
-9.17943
-9.18832
-9.19675
-9.20466
-9.21202
-9.21879
-9.22494
-9.23045
-9.23529
-9.23947
-9.24296
-9.24577
-9.24791
-9.24936
-9.25013
-9.25019
-9.24954
-9.24815
-9.24596
-9.24293
-9.23896
-9.23394
-9.22773
-9.22015
-9.21099
-9.20001
-9.18692
-9.17143
-9.15322
-9.13193
-9.10724
-9.07878
-9.0462
-9.00915
-8.96731
-8.92034
-8.86797
-8.8099
-8.74592
-8.6758
-8.59937
-8.51649
-8.42705
-8.33096
-8.22815
-8.11855
-8.00213
-7.87886
-7.74872
-7.61175
-7.46804
-7.31776
-7.16124
-6.99892
-6.83146
-6.65967
-6.48453
-6.30713
-6.12861
-5.9501
-5.77258
-5.59683
-5.42336
-5.25236
-5.08365
-4.91675
-4.7509
-4.58513
-4.41837
-4.24958
-4.07783
-3.90241
-3.7229
-3.53916
-3.35134
-3.15981
-2.96508
-2.76774
-2.56839
-2.36764
-2.16606
-1.9643
-1.76319
-1.56394
-1.36831
-1.17882
-0.998479
-0.830651
-0.676232
-0.535586
-0.400491
-0.280725
-0.141161
-0.0782277
-9.11256
-9.12293
-9.1331
-9.14302
-9.15266
-9.16197
-9.17092
-9.17944
-9.18751
-9.19507
-9.20209
-9.20854
-9.21438
-9.21959
-9.22414
-9.22802
-9.23121
-9.23371
-9.2355
-9.23657
-9.23692
-9.2365
-9.23531
-9.2333
-9.23042
-9.2266
-9.22175
-9.21575
-9.20847
-9.19973
-9.18933
-9.17703
-9.16258
-9.1457
-9.12608
-9.1034
-9.07734
-9.04756
-9.01373
-8.97553
-8.93263
-8.88473
-8.83155
-8.77283
-8.70833
-8.63785
-8.56122
-8.47829
-8.38895
-8.29311
-8.1907
-8.08165
-7.96595
-7.84356
-7.71451
-7.57884
-7.43668
-7.28822
-7.13378
-6.97381
-6.80892
-6.63988
-6.46756
-6.29298
-6.11716
-5.94111
-5.76572
-5.59171
-5.41955
-5.24944
-5.08125
-4.91458
-4.74878
-4.58301
-4.41634
-4.24784
-4.07667
-3.90218
-3.72394
-3.54177
-3.35576
-3.16617
-2.97342
-2.778
-2.58047
-2.38137
-2.18131
-1.98096
-1.7812
-1.58325
-1.38884
-1.20026
-1.02015
-0.851358
-0.694599
-0.550435
-0.411923
-0.288249
-0.147098
-0.0784909
-9.10616
-9.11616
-9.12595
-9.1355
-9.14476
-9.1537
-9.16227
-9.17043
-9.17814
-9.18536
-9.19205
-9.19817
-9.2037
-9.2086
-9.21284
-9.21642
-9.21929
-9.22146
-9.22289
-9.22358
-9.22349
-9.22259
-9.22086
-9.21824
-9.21467
-9.21009
-9.20438
-9.19745
-9.18914
-9.17929
-9.1677
-9.15417
-9.13843
-9.12023
-9.09928
-9.07527
-9.04792
-9.01689
-8.98187
-8.94256
-8.89865
-8.84985
-8.7959
-8.73654
-8.67154
-8.60071
-8.52387
-8.44088
-8.35163
-8.25602
-8.15398
-8.04548
-7.93046
-7.80895
-7.68096
-7.54656
-7.4059
-7.25919
-7.10674
-6.949
-6.78654
-6.62008
-6.45042
-6.27848
-6.10519
-5.93146
-5.75811
-5.58579
-5.41495
-5.24578
-5.0782
-4.91189
-4.7463
-4.5807
-4.41428
-4.24622
-4.07576
-3.90228
-3.72537
-3.54482
-3.36063
-3.17297
-2.98219
-2.78868
-2.59294
-2.39547
-2.19688
-1.99788
-1.79935
-1.60254
-1.40909
-1.22112
-1.04098
-0.871084
-0.71204
-0.56459
-0.422783
-0.295461
-0.152312
-0.0791335
-9.09995
-9.10961
-9.11905
-9.12825
-9.13715
-9.14574
-9.15396
-9.16177
-9.16914
-9.17602
-9.18238
-9.18819
-9.1934
-9.19799
-9.20192
-9.20517
-9.20772
-9.20954
-9.2106
-9.21088
-9.21035
-9.20896
-9.20668
-9.20345
-9.1992
-9.19386
-9.18732
-9.17947
-9.17017
-9.15926
-9.14654
-9.13182
-9.11485
-9.09539
-9.07317
-9.04791
-9.01932
-8.98709
-8.95094
-8.91056
-8.86568
-8.81601
-8.7613
-8.7013
-8.63581
-8.56461
-8.48755
-8.40449
-8.3153
-8.2199
-8.11821
-8.01021
-7.89586
-7.77518
-7.6482
-7.51503
-7.3758
-7.23075
-7.08019
-6.92455
-6.76437
-6.60032
-6.43315
-6.26368
-6.09276
-5.92122
-5.74981
-5.57912
-5.40958
-5.24139
-5.07451
-4.90868
-4.74344
-4.57817
-4.41217
-4.24469
-4.07506
-3.9027
-3.72719
-3.54829
-3.36594
-3.18023
-2.99141
-2.7998
-2.60582
-2.40996
-2.2128
-2.01504
-1.81762
-1.62176
-1.42903
-1.24141
-1.06098
-0.889841
-0.728542
-0.577979
-0.432975
-0.302205
-0.156806
-0.0798729
-9.09337
-9.10269
-9.1118
-9.12064
-9.12921
-9.13745
-9.14533
-9.1528
-9.15984
-9.1664
-9.17244
-9.17792
-9.18282
-9.18709
-9.19071
-9.19364
-9.19586
-9.19733
-9.19801
-9.19789
-9.19691
-9.19503
-9.19221
-9.18838
-9.18347
-9.1774
-9.17007
-9.16135
-9.15111
-9.13919
-9.12541
-9.10957
-9.09144
-9.07081
-9.04739
-9.02095
-8.99118
-8.95783
-8.9206
-8.87922
-8.83341
-8.78292
-8.72749
-8.66689
-8.60091
-8.52936
-8.45208
-8.36893
-8.27979
-8.18458
-8.08324
-7.97571
-7.862
-7.74212
-7.61613
-7.48412
-7.34627
-7.20279
-7.05402
-6.90036
-6.74232
-6.58053
-6.41567
-6.24851
-6.07981
-5.91034
-5.74077
-5.57167
-5.40342
-5.23625
-5.07015
-4.90491
-4.74017
-4.57538
-4.40994
-4.2432
-4.07453
-3.90339
-3.72937
-3.55218
-3.3717
-3.18796
-3.00111
-2.81139
-2.61916
-2.42486
-2.22906
-2.03247
-1.83602
-1.64091
-1.44866
-1.26112
-1.08016
-0.907646
-0.744096
-0.590551
-0.442431
-0.308374
-0.160592
-0.0805326
-9.08738
-9.09638
-9.10517
-9.11369
-9.12193
-9.12984
-9.13739
-9.14455
-9.15126
-9.15749
-9.16321
-9.16838
-9.17295
-9.17691
-9.1802
-9.1828
-9.18466
-9.18577
-9.18606
-9.18552
-9.18409
-9.18171
-9.17835
-9.17392
-9.16836
-9.16157
-9.15345
-9.14389
-9.13274
-9.11985
-9.10505
-9.08814
-9.06891
-9.04715
-9.0226
-8.99502
-8.96414
-8.92971
-8.89145
-8.8491
-8.8024
-8.7511
-8.69496
-8.63376
-8.5673
-8.49539
-8.41787
-8.33461
-8.24549
-8.15044
-8.04939
-7.9423
-7.82918
-7.71005
-7.58497
-7.45406
-7.31749
-7.17549
-7.02838
-6.87655
-6.7205
-6.5608
-6.39808
-6.23305
-6.06643
-5.89889
-5.73106
-5.56347
-5.39651
-5.23038
-5.06512
-4.90058
-4.73646
-4.5723
-4.40758
-4.24172
-4.07415
-3.90434
-3.73189
-3.55649
-3.37794
-3.1962
-3.01133
-2.8235
-2.63301
-2.44024
-2.24573
-2.0502
-1.85456
-1.66
-1.468
-1.28027
-1.09854
-0.92452
-0.7587
-0.602258
-0.451083
-0.313858
-0.163624
-0.0809611
-9.08067
-9.08939
-9.09786
-9.10608
-9.11401
-9.12161
-9.12885
-9.1357
-9.1421
-9.14803
-9.15344
-9.1583
-9.16257
-9.16622
-9.16919
-9.17146
-9.17299
-9.17374
-9.17366
-9.17271
-9.17083
-9.16798
-9.16409
-9.1591
-9.15291
-9.14544
-9.13658
-9.12622
-9.11422
-9.10042
-9.08467
-9.06676
-9.04651
-9.0237
-8.99809
-8.96946
-8.93755
-8.90211
-8.86288
-8.81962
-8.77208
-8.72003
-8.66322
-8.60145
-8.53452
-8.46226
-8.38451
-8.30114
-8.21204
-8.11713
-8.01635
-7.90968
-7.79711
-7.67869
-7.55448
-7.42461
-7.28924
-7.14863
-7.00307
-6.85295
-6.69874
-6.54097
-6.38025
-6.2172
-6.0525
-5.88677
-5.7206
-5.55448
-5.38878
-5.22372
-5.05937
-4.89563
-4.73225
-4.56887
-4.40503
-4.2402
-4.07386
-3.90553
-3.73476
-3.56123
-3.38468
-3.20499
-3.02214
-2.83622
-2.64744
-2.45616
-2.26288
-2.06829
-1.8733
-1.6791
-1.4871
-1.29893
-1.11622
-0.940561
-0.772444
-0.613172
-0.458994
-0.3187
-0.16596
-0.0811826
-9.07511
-9.08352
-9.09171
-9.09963
-9.10725
-9.11455
-9.12148
-9.12801
-9.1341
-9.13972
-9.14481
-9.14936
-9.15331
-9.15663
-9.15928
-9.16121
-9.16238
-9.16275
-9.16228
-9.1609
-9.15858
-9.15524
-9.15082
-9.14525
-9.13844
-9.1303
-9.12072
-9.10959
-9.09676
-9.08209
-9.06542
-9.04656
-9.02533
-9.00151
-8.97489
-8.94525
-8.91235
-8.87594
-8.83579
-8.79165
-8.7433
-8.6905
-8.63303
-8.57069
-8.5033
-8.43067
-8.35266
-8.26915
-8.18003
-8.08521
-7.98466
-7.87834
-7.76626
-7.64846
-7.52504
-7.3961
-7.26184
-7.12248
-6.97834
-6.82978
-6.67724
-6.52123
-6.36231
-6.20108
-6.03814
-5.87408
-5.70945
-5.54473
-5.38026
-5.21628
-5.05289
-4.89003
-4.72751
-4.56504
-4.40221
-4.23857
-4.07362
-3.90689
-3.73794
-3.56639
-3.39194
-3.21437
-3.03359
-2.84959
-2.66254
-2.4727
-2.28056
-2.08679
-1.89229
-1.69821
-1.50595
-1.31708
-1.13315
-0.955691
-0.785214
-0.623134
-0.465973
-0.322663
-0.16733
-0.080906
-9.06821
-9.07639
-9.08431
-9.09196
-9.09932
-9.10634
-9.113
-9.11926
-9.12507
-9.13041
-9.13523
-9.13949
-9.14315
-9.14618
-9.14852
-9.15013
-9.15098
-9.15101
-9.15016
-9.1484
-9.14565
-9.14186
-9.13695
-9.13085
-9.12346
-9.1147
-9.10446
-9.0926
-9.07902
-9.06354
-9.04603
-9.0263
-9.00416
-8.97943
-8.95188
-8.92132
-8.8875
-8.8502
-8.80919
-8.76425
-8.71514
-8.66165
-8.60357
-8.5407
-8.47286
-8.39989
-8.32164
-8.23799
-8.14883
-8.0541
-7.95375
-7.84775
-7.73613
-7.61892
-7.49622
-7.36816
-7.23492
-7.09673
-6.95389
-6.80676
-6.65576
-6.50137
-6.34411
-6.18454
-6.02324
-5.86074
-5.69758
-5.53419
-5.37094
-5.20807
-5.0457
-4.88381
-4.72229
-4.56087
-4.39922
-4.23693
-4.07354
-3.90859
-3.74161
-3.57218
-3.39995
-3.22461
-3.04597
-2.86397
-2.67865
-2.49025
-2.2992
-2.10614
-1.91198
-1.71784
-1.5251
-1.33531
-1.14997
-0.97058
-0.7977
-0.632838
-0.472707
-0.326399
-0.168344
-0.0804524
-9.06312
-9.07101
-9.07866
-9.08603
-9.09309
-9.09983
-9.10619
-9.11215
-9.11767
-9.1227
-9.12722
-9.13117
-9.13452
-9.13722
-9.13924
-9.14051
-9.14101
-9.14067
-9.13944
-9.13726
-9.13408
-9.12982
-9.12441
-9.11777
-9.10981
-9.10044
-9.08954
-9.07699
-9.06266
-9.04642
-9.02809
-9.00752
-8.98453
-8.95892
-8.93049
-8.89903
-8.86434
-8.82619
-8.78436
-8.73863
-8.68879
-8.63463
-8.57594
-8.51253
-8.44424
-8.3709
-8.29237
-8.20853
-8.1193
-8.02459
-7.92437
-7.81862
-7.70736
-7.59065
-7.46856
-7.34125
-7.20888
-7.0717
-6.93
-6.78413
-6.63448
-6.48151
-6.32572
-6.16763
-6.00778
-5.84669
-5.68486
-5.52272
-5.36062
-5.19883
-5.0375
-4.87665
-4.7162
-4.55596
-4.39564
-4.23487
-4.07321
-3.9102
-3.74536
-3.57823
-3.40836
-3.23537
-3.05899
-2.87902
-2.69545
-2.50844
-2.31837
-2.12587
-1.93182
-1.73735
-1.54383
-1.35281
-1.16581
-0.984329
-0.808982
-0.641361
-0.478294
-0.32899
-0.168151
-0.0786748
-9.05582
-9.06352
-9.07095
-9.07809
-9.08494
-9.09144
-9.09757
-9.10329
-9.10857
-9.11336
-9.11762
-9.12132
-9.12441
-9.12684
-9.12858
-9.12957
-9.12976
-9.1291
-9.12753
-9.125
-9.12143
-9.11676
-9.11091
-9.10379
-9.09533
-9.08541
-9.07392
-9.06075
-9.04577
-9.02883
-9.00978
-8.98847
-8.9647
-8.93831
-8.90909
-8.87684
-8.84137
-8.80245
-8.75988
-8.71345
-8.66295
-8.60817
-8.54893
-8.48504
-8.41634
-8.34266
-8.26388
-8.17989
-8.09058
-7.99591
-7.89582
-7.7903
-7.67938
-7.56312
-7.44162
-7.315
-7.18345
-7.04722
-6.90657
-6.76185
-6.61345
-6.46179
-6.30736
-6.15065
-5.99217
-5.83242
-5.67188
-5.51097
-5.35006
-5.18941
-5.02921
-4.86953
-4.71033
-4.55146
-4.39269
-4.23367
-4.074
-3.91321
-3.75078
-3.5862
-3.41895
-3.24856
-3.07463
-2.89689
-2.71521
-2.52967
-2.34062
-2.14864
-1.9546
-1.75963
-1.5651
-1.37261
-1.18371
-0.999963
-0.822036
-0.651616
-0.485565
-0.333157
-0.169189
-0.077561
-9.0508
-9.05821
-9.0654
-9.07228
-9.07886
-9.08509
-9.09095
-9.09639
-9.10138
-9.10589
-9.10986
-9.11327
-9.11606
-9.11819
-9.11961
-9.12028
-9.12014
-9.11914
-9.11721
-9.1143
-9.11033
-9.10524
-9.09894
-9.09135
-9.08238
-9.07192
-9.05986
-9.0461
-9.03048
-9.01289
-8.99315
-8.97113
-8.94663
-8.9195
-8.88953
-8.85653
-8.82032
-8.78067
-8.73739
-8.69028
-8.63913
-8.58376
-8.52396
-8.45958
-8.39043
-8.31639
-8.23731
-8.15309
-8.06365
-7.96891
-7.86884
-7.76344
-7.65274
-7.53679
-7.4157
-7.2896
-7.15868
-7.02317
-6.88335
-6.73955
-6.59215
-6.44155
-6.28822
-6.13263
-5.97528
-5.81664
-5.65719
-5.49734
-5.33747
-5.17788
-5.01876
-4.86024
-4.70232
-4.54491
-4.38781
-4.2307
-4.07319
-3.91481
-3.755
-3.59317
-3.42873
-3.26109
-3.08973
-2.91427
-2.73448
-2.55037
-2.3622
-2.17058
-1.97637
-1.78072
-1.58504
-1.39098
-1.20018
-1.01427
-0.833984
-0.661077
-0.492318
-0.336987
-0.168972
-0.0764253
-9.0425
-9.04976
-9.05673
-9.06342
-9.06979
-9.07584
-9.0815
-9.08675
-9.09154
-9.09584
-9.09961
-9.10281
-9.10538
-9.10729
-9.10848
-9.10891
-9.10851
-9.10724
-9.10503
-9.10182
-9.09753
-9.0921
-9.08543
-9.07746
-9.06807
-9.05717
-9.04464
-9.03037
-9.01424
-8.99609
-8.97578
-8.95316
-8.92806
-8.90031
-8.86971
-8.83609
-8.79926
-8.759
-8.71514
-8.66747
-8.61579
-8.55993
-8.49969
-8.43491
-8.36544
-8.29113
-8.21185
-8.1275
-8.03799
-7.94328
-7.84333
-7.73813
-7.62772
-7.51216
-7.39155
-7.26604
-7.13581
-7.0011
-6.86217
-6.71934
-6.573
-6.42352
-6.27137
-6.11699
-5.96087
-5.80348
-5.64527
-5.48669
-5.3281
-5.16983
-5.01213
-4.85513
-4.69891
-4.5434
-4.38845
-4.23378
-4.07899
-3.9236
-3.767
-3.60853
-3.4475
-3.2832
-3.11497
-2.94228
-2.76479
-2.58239
-2.39529
-2.20404
-2.00953
-1.8129
-1.61565
-1.41958
-1.22648
-1.03815
-0.85547
-0.680271
-0.509061
-0.351182
-0.176665
-0.0849295
-9.03604
-9.04315
-9.04999
-9.05645
-9.06258
-9.06838
-9.0738
-9.0788
-9.08334
-9.08739
-9.09091
-9.09386
-9.09618
-9.09783
-9.09877
-9.09893
-9.09827
-9.09672
-9.09423
-9.09072
-9.08612
-9.08036
-9.07336
-9.06502
-9.05525
-9.04394
-9.031
-9.01628
-8.99967
-8.98104
-8.96022
-8.93708
-8.91143
-8.88312
-8.85197
-8.81778
-8.78038
-8.73957
-8.69516
-8.64696
-8.59478
-8.53843
-8.47774
-8.41255
-8.34269
-8.26804
-8.18847
-8.10388
-8.01419
-7.91935
-7.81932
-7.71412
-7.60376
-7.48833
-7.36792
-7.24268
-7.1128
-6.9785
-6.84006
-6.6978
-6.55206
-6.40326
-6.25181
-6.09817
-5.94281
-5.78619
-5.6288
-5.47105
-5.31336
-5.15607
-4.99947
-4.84377
-4.68907
-4.53537
-4.38256
-4.2304
-4.07852
-3.92639
-3.7734
-3.61882
-3.46182
-3.30161
-3.13738
-2.96848
-2.79442
-2.61501
-2.4304
-2.24112
-2.04802
-1.85221
-1.65516
-1.45878
-1.26497
-1.07562
-0.891763
-0.715365
-0.542636
-0.38288
-0.199836
-0.1058
-9.02443
-9.03135
-9.03803
-9.04442
-9.05048
-9.0562
-9.06154
-9.06645
-9.07091
-9.07488
-9.07831
-9.08117
-9.0834
-9.08496
-9.08579
-9.08585
-9.08508
-9.08342
-9.0808
-9.07716
-9.07242
-9.06651
-9.05934
-9.05082
-9.04086
-9.02936
-9.01619
-9.00125
-8.9844
-8.96551
-8.94443
-8.92101
-8.8951
-8.86651
-8.83509
-8.80064
-8.76299
-8.72194
-8.67732
-8.62893
-8.57659
-8.52013
-8.45936
-8.39414
-8.32432
-8.24975
-8.17033
-8.08595
-7.99654
-7.90205
-7.80245
-7.69776
-7.588
-7.47326
-7.35363
-7.22927
-7.10036
-6.96714
-6.82987
-6.68888
-6.54452
-6.39717
-6.24728
-6.09529
-5.94167
-5.7869
-5.63145
-5.4758
-5.32037
-5.16556
-5.0117
-4.85906
-4.70782
-4.55804
-4.40966
-4.26249
-4.11614
-3.9701
-3.82364
-3.67591
-3.52592
-3.37263
-3.21498
-3.05205
-2.88308
-2.70765
-2.52577
-2.33792
-2.14498
-1.9481
-1.74892
-1.54972
-1.35269
-1.15977
-0.972029
-0.791553
-0.614542
-0.450161
-0.258535
-0.143728
-9.01521
-9.02211
-9.0286
-9.03496
-9.04111
-9.04695
-9.05242
-9.05749
-9.06214
-9.06631
-9.06996
-9.07306
-9.07554
-9.07736
-9.07848
-9.07882
-9.07835
-9.07698
-9.07467
-9.07134
-9.06691
-9.06131
-9.05444
-9.04623
-9.03657
-9.02535
-9.01247
-8.9978
-8.98122
-8.96258
-8.94174
-8.91856
-8.89287
-8.8645
-8.83328
-8.79904
-8.76158
-8.72073
-8.6763
-8.6281
-8.57596
-8.5197
-8.45915
-8.39416
-8.32457
-8.25025
-8.1711
-8.08703
-7.99794
-7.90382
-7.80462
-7.70038
-7.59112
-7.47694
-7.35794
-7.23428
-7.10616
-6.97381
-6.83752
-6.69761
-6.55443
-6.40838
-6.25989
-6.10943
-5.95747
-5.8045
-5.65104
-5.49758
-5.34461
-5.19258
-5.04192
-4.89299
-4.74604
-4.60124
-4.45859
-4.31793
-4.17888
-4.04084
-3.90297
-3.7642
-3.62331
-3.47894
-3.32971
-3.17433
-3.01173
-2.84118
-2.66245
-2.47578
-2.28155
-2.08081
-1.87554
-1.66817
-1.46139
-1.25799
-1.05965
-0.868841
-0.682876
-0.509536
-0.321809
-0.16438
-9.03776
-9.04647
-9.05472
-9.06252
-9.06998
-9.0771
-9.08382
-9.09007
-9.09584
-9.10108
-9.10574
-9.10978
-9.11316
-9.11581
-9.11769
-9.11874
-9.11891
-9.11812
-9.11631
-9.11341
-9.10935
-9.10403
-9.09739
-9.08931
-9.07972
-9.06849
-9.05551
-9.04067
-9.02383
-9.00486
-8.98362
-8.95995
-8.93369
-8.90468
-8.87275
-8.83773
-8.79942
-8.75765
-8.71225
-8.66301
-8.60978
-8.55236
-8.49061
-8.42435
-8.35345
-8.27778
-8.19722
-8.11167
-8.02108
-7.92538
-7.82457
-7.71864
-7.60765
-7.49167
-7.3708
-7.2452
-7.11507
-6.98061
-6.84212
-6.69989
-6.55429
-6.40568
-6.25449
-6.10118
-5.9462
-5.79006
-5.63326
-5.47629
-5.31965
-5.16379
-5.00915
-4.85607
-4.70481
-4.55552
-4.40818
-4.26259
-4.11832
-3.97475
-3.83098
-3.68594
-3.53839
-3.38698
-3.2304
-3.06745
-2.89719
-2.71902
-2.53286
-2.33953
-2.14013
-1.93564
-1.7278
-1.51906
-1.31203
-1.10947
-0.913021
-0.724971
-0.543502
-0.374126
-0.210418
-0.0482954
-9.48505
-9.49805
-9.51747
-9.53603
-9.5538
-9.57002
-9.58235
-9.58865
-9.5901
-9.5898
-9.58949
-9.58996
-9.5918
-9.59522
-9.60003
-9.60585
-9.61224
-9.61868
-9.62465
-9.62956
-9.63282
-9.63401
-9.6334
-9.63178
-9.62983
-9.62824
-9.62803
-9.63062
-9.63794
-9.65232
-9.67611
-9.71079
-9.75596
-9.80883
-9.86476
-9.91861
-9.96604
-10.004
-10.0309
-10.0459
-10.0486
-10.0388
-10.0165
-9.98127
-9.9322
-9.86726
-9.78776
-9.69687
-9.59595
-9.48573
-9.36648
-9.23831
-9.10122
-8.95506
-8.7995
-8.63386
-8.4571
-8.26776
-8.06418
-7.84478
-7.60857
-7.35579
-7.08829
-6.80966
-6.52421
-6.23648
-5.95202
-5.67673
-5.4151
-5.16995
-4.94251
-4.73247
-4.53832
-4.35757
-4.18646
-4.01979
-3.85127
-3.67414
-3.48211
-3.27158
-3.04549
-2.80922
-2.56468
-2.3135
-2.06128
-1.81279
-1.57305
-1.34573
-1.13352
-0.938501
-0.762296
-0.604506
-0.461801
-0.333688
-0.228929
-0.151596
-0.10171
-0.030644
-0.0515745
0.152444
-9.4947
-9.51551
-9.53632
-9.55593
-9.57434
-9.59001
-9.60309
-9.61337
-9.61839
-9.6176
-9.61417
-9.61042
-9.60816
-9.60834
-9.61122
-9.61673
-9.62415
-9.63225
-9.63987
-9.64614
-9.6504
-9.65235
-9.65259
-9.65242
-9.6524
-9.6527
-9.65408
-9.65819
-9.66795
-9.68757
-9.72152
-9.77231
-9.838
-9.9117
-9.98413
-10.0477
-10.0985
-10.136
-10.1605
-10.1729
-10.173
-10.1604
-10.1338
-10.0916
-10.0331
-9.96305
-9.88491
-9.7974
-9.70086
-9.59531
-9.48068
-9.35706
-9.22448
-9.08292
-8.93218
-8.77176
-8.60071
-8.41765
-8.22085
-8.00861
-7.77963
-7.53374
-7.27234
-6.99865
-6.71746
-6.43388
-6.15232
-5.87748
-5.61398
-5.36504
-5.13244
-4.91647
-4.71597
-4.52883
-4.3519
-4.18066
-4.00932
-3.83175
-3.64191
-3.43526
-3.21223
-2.97733
-2.73592
-2.49182
-2.24419
-1.99893
-1.76111
-1.53447
-1.32163
-1.12379
-0.941056
-0.773396
-0.621938
-0.491418
-0.389868
-0.315069
-0.263658
-0.200389
-0.238128
0.040848
-9.48944
-9.51535
-9.53858
-9.55734
-9.57553
-9.59197
-9.60547
-9.61491
-9.62119
-9.62449
-9.62603
-9.62686
-9.62813
-9.63039
-9.63375
-9.63817
-9.64352
-9.64945
-9.65542
-9.66085
-9.66528
-9.66847
-9.67068
-9.67255
-9.67486
-9.67865
-9.68572
-9.69895
-9.72212
-9.7589
-9.81074
-9.87465
-9.94279
-10.0056
-10.0569
-10.0961
-10.1267
-10.1514
-10.1709
-10.1842
-10.1897
-10.1853
-10.1694
-10.1403
-10.0968
-10.0392
-9.9691
-9.88828
-9.79777
-9.69778
-9.58844
-9.46987
-9.3423
-9.20587
-9.0605
-8.90571
-8.74051
-8.56331
-8.37213
-8.16487
-7.9398
-7.69642
-7.43601
-7.16177
-6.87851
-6.59168
-6.30666
-6.02916
-5.76427
-5.51554
-5.28475
-5.0719
-4.87532
-4.69232
-4.51921
-4.35093
-4.18132
-4.00425
-3.81434
-3.60838
-3.3868
-3.15352
-2.91118
-2.66405
-2.41404
-2.1663
-1.92527
-1.69513
-1.47935
-1.279
-1.09327
-0.921607
-0.763746
-0.622545
-0.507312
-0.42706
-0.373395
-0.321984
-0.331801
-0.0333201
-9.47326
-9.50351
-9.53312
-9.55348
-9.57315
-9.58995
-9.60496
-9.61642
-9.62478
-9.63053
-9.63451
-9.6376
-9.64065
-9.64418
-9.64843
-9.65336
-9.65878
-9.66442
-9.67
-9.67523
-9.67985
-9.68378
-9.68724
-9.69085
-9.69565
-9.70336
-9.71652
-9.73848
-9.77274
-9.82154
-9.88384
-9.95416
-10.0239
-10.0855
-10.1361
-10.1776
-10.2132
-10.2436
-10.2678
-10.284
-10.2908
-10.2868
-10.2702
-10.2394
-10.1938
-10.1345
-10.0643
-9.9848
-9.8963
-9.79891
-9.69225
-9.57616
-9.45114
-9.31758
-9.1756
-9.02486
-8.86431
-8.69214
-8.50589
-8.30296
-8.08097
-7.83906
-7.57846
-7.30248
-7.01617
-6.72551
-6.43643
-6.15496
-5.88672
-5.63571
-5.40427
-5.19273
-4.99953
-4.82159
-4.65453
-4.49233
-4.32759
-4.15335
-3.96406
-3.75688
-3.533
-3.29689
-3.05201
-2.80207
-2.54988
-2.30012
-2.05688
-1.82433
-1.60622
-1.40385
-1.21599
-1.04005
-0.872654
-0.718772
-0.594647
-0.514851
-0.45628
-0.404824
-0.356267
-0.102716
-9.45804
-9.49387
-9.5287
-9.54996
-9.57046
-9.58729
-9.60294
-9.61604
-9.6271
-9.63579
-9.64275
-9.64856
-9.65384
-9.65902
-9.66438
-9.67002
-9.67591
-9.68189
-9.68775
-9.69331
-9.69849
-9.70337
-9.70828
-9.71397
-9.72168
-9.73332
-9.75154
-9.7795
-9.82004
-9.87424
-9.93986
-10.0108
-10.0786
-10.1365
-10.1822
-10.2183
-10.2491
-10.2768
-10.3013
-10.3211
-10.3335
-10.3359
-10.326
-10.3018
-10.2628
-10.2104
-10.1463
-10.072
-9.9881
-9.89464
-9.79131
-9.6782
-9.556
-9.42541
-9.28671
-9.1396
-8.98297
-8.81472
-8.632
-8.43173
-8.21138
-7.96963
-7.7076
-7.42887
-7.13896
-6.84452
-6.55223
-6.26856
-5.99931
-5.74854
-5.51853
-5.30964
-5.12024
-4.94688
-4.78441
-4.62601
-4.46379
-4.29041
-4.10031
-3.891
-3.66388
-3.42331
-3.17362
-2.91933
-2.6641
-2.41215
-2.16732
-1.93354
-1.71404
-1.50945
-1.31713
-1.13221
-0.952897
-0.79166
-0.665063
-0.578755
-0.496989
-0.427147
-0.300966
-0.16908
-9.44968
-9.49026
-9.52798
-9.55019
-9.57171
-9.58915
-9.60577
-9.6198
-9.63227
-9.64275
-9.65164
-9.65928
-9.6662
-9.67275
-9.67922
-9.6858
-9.6925
-9.69926
-9.70593
-9.71244
-9.7188
-9.72518
-9.73202
-9.74013
-9.75078
-9.76589
-9.78798
-9.8198
-9.8636
-9.91985
-9.98624
-10.0573
-10.126
-10.1864
-10.2367
-10.2789
-10.3162
-10.3498
-10.3789
-10.4016
-10.4158
-10.4194
-10.4106
-10.3876
-10.3494
-10.2974
-10.234
-10.1607
-10.078
-9.98588
-9.88402
-9.77225
-9.65148
-9.52258
-9.38596
-9.24137
-9.08756
-8.92218
-8.74196
-8.54329
-8.32326
-8.08034
-7.81567
-7.5331
-7.23874
-6.93991
-6.64411
-6.35831
-6.08844
-5.83858
-5.61092
-5.40561
-5.22072
-5.05226
-4.89423
-4.739
-4.57808
-4.40375
-4.2107
-3.99715
-3.76523
-3.51984
-3.26592
-3.00813
-2.75038
-2.49658
-2.25035
-2.0154
-1.79454
-1.58722
-1.38816
-1.19143
-1.00018
-0.83192
-0.696204
-0.591891
-0.482377
-0.400345
-0.215682
-0.225586
-9.44853
-9.49297
-9.53131
-9.55431
-9.57664
-9.59494
-9.61266
-9.62804
-9.64197
-9.65402
-9.66456
-9.67371
-9.68206
-9.68994
-9.69768
-9.70543
-9.71327
-9.72112
-9.72892
-9.73667
-9.74449
-9.75265
-9.76162
-9.77226
-9.78579
-9.80399
-9.82915
-9.86362
-9.90916
-9.96587
-10.0316
-10.1017
-10.1702
-10.2318
-10.2841
-10.3282
-10.3663
-10.3998
-10.4286
-10.4515
-10.4667
-10.472
-10.4651
-10.4448
-10.4106
-10.3634
-10.3048
-10.2353
-10.1553
-10.065
-9.96436
-9.85346
-9.73345
-9.60542
-9.4699
-9.32669
-9.17445
-9.01055
-8.83134
-8.6328
-8.41161
-8.16629
-7.89825
-7.61185
-7.31386
-7.0122
-6.71481
-6.42886
-6.16017
-5.91267
-5.68827
-5.4868
-5.30592
-5.14112
-4.98574
-4.83154
-4.66965
-4.4924
-4.29492
-4.07616
-3.8389
-3.58843
-3.33022
-3.06921
-2.80942
-2.55451
-2.30763
-2.07183
-1.84919
-1.63783
-1.43084
-1.22424
-1.02539
-0.847876
-0.692505
-0.563291
-0.431809
-0.352325
-0.138556
-0.265525
-9.45393
-9.50042
-9.53859
-9.56239
-9.5854
-9.60457
-9.62324
-9.63974
-9.65491
-9.6682
-9.68008
-9.69057
-9.7002
-9.70947
-9.71847
-9.72769
-9.73709
-9.74654
-9.75595
-9.76543
-9.77522
-9.78562
-9.79715
-9.81065
-9.82728
-9.84855
-9.87656
-9.91334
-9.96028
-10.0173
-10.0824
-10.1517
-10.2198
-10.2821
-10.3364
-10.3832
-10.4243
-10.4607
-10.4922
-10.5175
-10.5345
-10.5414
-10.5361
-10.5171
-10.484
-10.4374
-10.3785
-10.3083
-10.2273
-10.1358
-10.0339
-9.9221
-9.80147
-9.67308
-9.53748
-9.39437
-9.2422
-9.07805
-8.89792
-8.69748
-8.47331
-8.22412
-7.95174
-7.66121
-7.3599
-7.05627
-6.75856
-6.47392
-6.20788
-5.96401
-5.74377
-5.54655
-5.36949
-5.20751
-5.05339
-4.89844
-4.73371
-4.55182
-4.34862
-4.12396
-3.88129
-3.6263
-3.36472
-3.10144
-2.84038
-2.58492
-2.33774
-2.10115
-1.87617
-1.65918
-1.44285
-1.227
-1.0197
-0.826537
-0.647035
-0.499614
-0.363204
-0.303031
-0.085053
-0.287583
-9.46187
-9.50946
-9.5473
-9.57246
-9.59671
-9.61764
-9.63823
-9.65688
-9.67429
-9.68985
-9.70387
-9.71648
-9.72797
-9.73895
-9.74997
-9.76105
-9.77236
-9.78376
-9.79515
-9.80671
-9.81876
-9.83166
-9.84591
-9.86237
-9.88212
-9.90639
-9.93708
-9.97603
-10.0244
-10.082
-10.1466
-10.2146
-10.2814
-10.3432
-10.398
-10.4457
-10.4874
-10.5237
-10.5542
-10.5778
-10.5931
-10.598
-10.591
-10.5711
-10.5377
-10.4913
-10.4328
-10.3627
-10.2814
-10.189
-10.0862
-9.97332
-9.85167
-9.7223
-9.58573
-9.44155
-9.28801
-9.12196
-8.93915
-8.73514
-8.50664
-8.25276
-7.97596
-7.68191
-7.37852
-7.07453
-6.77818
-6.49637
-6.23421
-5.99475
-5.779
-5.58581
-5.41185
-5.25151
-5.09716
-4.9399
-4.77095
-4.58353
-4.37434
-4.14408
-3.89681
-3.6384
-3.37466
-3.11028
-2.84891
-2.59349
-2.34619
-2.10869
-1.88113
-1.65857
-1.43432
-1.21096
-0.992215
-0.777081
-0.573817
-0.419709
-0.294778
-0.264135
-0.0556601
-0.298403
-9.4696
-9.52
-9.55773
-9.58452
-9.60987
-9.63268
-9.65542
-9.67666
-9.69697
-9.71569
-9.73311
-9.74911
-9.76407
-9.77795
-9.79093
-9.80457
-9.81867
-9.83281
-9.84673
-9.86073
-9.87533
-9.89092
-9.90796
-9.92719
-9.94972
-9.97688
-10.0102
-10.0513
-10.101
-10.1587
-10.2224
-10.2888
-10.3539
-10.4145
-10.4685
-10.5155
-10.5562
-10.5913
-10.6204
-10.6424
-10.6558
-10.659
-10.6505
-10.6291
-10.5942
-10.546
-10.4851
-10.4122
-10.3276
-10.2319
-10.1258
-10.01
-9.88556
-9.75357
-9.6144
-9.46745
-9.31075
-9.14091
-8.9536
-8.74446
-8.51053
-8.25153
-7.97058
-7.67394
-7.36985
-7.06709
-6.77366
-6.49603
-6.23874
-6.0043
-5.79316
-5.60368
-5.43206
-5.27228
-5.11647
-4.95577
-4.78185
-4.58868
-4.37387
-4.13887
-3.88813
-3.62755
-3.36273
-3.09812
-2.83706
-2.58209
-2.3348
-2.09618
-1.86565
-1.6376
-1.40674
-1.17625
-0.942942
-0.703925
-0.483453
-0.336733
-0.235723
-0.237926
-0.0435563
-0.302425
-9.47067
-9.52464
-9.56509
-9.59687
-9.6263
-9.65398
-9.68195
-9.7088
-9.73481
-9.75929
-9.78264
-9.80466
-9.82536
-9.84474
-9.86196
-9.8782
-9.89421
-9.91014
-9.92583
-9.94154
-9.95784
-9.97517
-9.99399
-10.015
-10.0391
-10.0676
-10.1021
-10.1437
-10.1931
-10.2496
-10.3112
-10.3748
-10.4369
-10.4943
-10.5454
-10.5897
-10.6275
-10.6589
-10.6839
-10.7014
-10.7102
-10.7088
-10.6957
-10.6699
-10.631
-10.5789
-10.5143
-10.4377
-10.3495
-10.2504
-10.1409
-10.0219
-9.89459
-9.75975
-9.6176
-9.46729
-9.30665
-9.13215
-8.93952
-8.72472
-8.48531
-8.22172
-7.9377
-7.63994
-7.3368
-7.03685
-6.74767
-6.47519
-6.22337
-5.99415
-5.7875
-5.60132
-5.43137
-5.27138
-5.1134
-4.94883
-4.76997
-4.57165
-4.35229
-4.11394
-3.86123
-3.59989
-3.33521
-3.07128
-2.81112
-2.55699
-2.30994
-2.07047
-1.83743
-1.60496
-1.3687
-1.13032
-0.880115
-0.618686
-0.389792
-0.261837
-0.190601
-0.223425
-0.0426592
-0.303545
-9.46885
-9.53728
-9.58205
-9.61772
-9.65173
-9.68547
-9.72019
-9.75412
-9.78737
-9.81901
-9.84934
-9.8784
-9.90635
-9.93271
-9.95611
-9.97488
-9.99306
-10.01
-10.0264
-10.0425
-10.0591
-10.0766
-10.0954
-10.1161
-10.1397
-10.1676
-10.201
-10.2413
-10.2886
-10.3423
-10.4003
-10.4598
-10.5174
-10.5703
-10.6166
-10.6561
-10.6889
-10.7152
-10.7348
-10.7468
-10.7502
-10.7435
-10.7255
-10.6949
-10.6514
-10.5947
-10.5255
-10.4441
-10.3512
-10.2475
-10.1337
-10.0108
-9.87978
-9.74132
-9.59541
-9.441
-9.27572
-9.09605
-8.89789
-8.67763
-8.43348
-8.16651
-7.881
-7.58386
-7.28332
-6.9876
-6.70372
-6.43701
-6.19088
-5.96677
-5.7642
-5.5807
-5.41177
-5.251
-5.09058
-4.92233
-4.73925
-4.53697
-4.31458
-4.07447
-3.82127
-3.56042
-3.29686
-3.03433
-2.77559
-2.52258
-2.27597
-2.03591
-1.80092
-1.56494
-1.32397
-1.07738
-0.811008
-0.532209
-0.30366
-0.200883
-0.159212
-0.21668
-0.0464356
-0.30147
-9.4475
-9.52959
-9.60038
-9.65537
-9.70519
-9.75387
-9.80261
-9.84935
-9.89359
-9.93443
-9.97218
-10.0074
-10.0408
-10.0719
-10.0999
-10.1213
-10.1379
-10.1514
-10.1634
-10.1748
-10.1866
-10.1993
-10.2133
-10.2293
-10.2482
-10.2712
-10.2998
-10.3349
-10.3768
-10.4247
-10.4767
-10.5297
-10.5809
-10.6275
-10.6678
-10.7014
-10.7283
-10.7486
-10.7621
-10.768
-10.7651
-10.7523
-10.7281
-10.6917
-10.6425
-10.5803
-10.5058
-10.4194
-10.3218
-10.2137
-10.0961
-9.96977
-9.83562
-9.69416
-9.54515
-9.38728
-9.21805
-9.034
-8.8313
-8.60685
-8.35945
-8.09077
-7.80545
-7.51045
-7.21376
-6.9231
-6.64496
-6.38412
-6.14351
-5.92419
-5.72534
-5.54423
-5.3762
-5.21482
-5.05247
-4.88147
-4.69545
-4.49071
-4.26684
-4.02639
-3.77386
-3.51438
-3.25255
-2.99184
-2.73479
-2.48315
-2.23727
-1.99708
-1.76087
-1.52246
-1.27803
-1.02491
-0.746038
-0.456208
-0.234258
-0.158175
-0.14212
-0.216982
-0.053769
-0.298281
-9.45377
-9.60276
-9.69591
-9.75453
-9.81929
-9.8824
-9.94046
-9.9943
-10.0438
-10.088
-10.1271
-10.162
-10.1939
-10.2237
-10.2501
-10.2717
-10.2835
-10.2902
-10.294
-10.2969
-10.3001
-10.3043
-10.3102
-10.3183
-10.3297
-10.3456
-10.3672
-10.3956
-10.4308
-10.4718
-10.5168
-10.563
-10.6074
-10.6477
-10.682
-10.7097
-10.7309
-10.7454
-10.753
-10.753
-10.7443
-10.7257
-10.696
-10.6543
-10.6001
-10.5334
-10.4546
-10.3642
-10.263
-10.1518
-10.0314
-9.90271
-9.76639
-9.62278
-9.47141
-9.3108
-9.13841
-8.9509
-8.74477
-8.51745
-8.26835
-7.99957
-7.71601
-7.42452
-7.13274
-6.84789
-6.57595
-6.32121
-6.0862
-5.87164
-5.67645
-5.49769
-5.3306
-5.16881
-5.00502
-4.83205
-4.64418
-4.43823
-4.21413
-3.97447
-3.72354
-3.46615
-3.20661
-2.94817
-2.69322
-2.44334
-2.19867
-1.95899
-1.72244
-1.48291
-1.23655
-0.978617
-0.690234
-0.393625
-0.18075
-0.128462
-0.131162
-0.215683
-0.0565655
-0.288987
-9.41673
-9.63569
-9.86245
-9.94811
-10.0399
-10.1284
-10.1957
-10.2478
-10.2889
-10.3201
-10.3436
-10.362
-10.377
-10.3892
-10.3986
-10.4055
-10.4041
-10.3963
-10.3861
-10.3759
-10.3669
-10.3598
-10.355
-10.3534
-10.3558
-10.3635
-10.3776
-10.3988
-10.4271
-10.4615
-10.5
-10.54
-10.5787
-10.6136
-10.6431
-10.6664
-10.6832
-10.6935
-10.6969
-10.6927
-10.6799
-10.6573
-10.6238
-10.5787
-10.5214
-10.4519
-10.3705
-10.2779
-10.1749
-10.0621
-9.94049
-9.81077
-9.67355
-9.52896
-9.37637
-9.21422
-9.04001
-8.85061
-8.64292
-8.41484
-8.16622
-7.89943
-7.61936
-7.33262
-7.04642
-6.7675
-6.5014
-6.25206
-6.02174
-5.81098
-5.61858
-5.44156
-5.27521
-5.11338
-4.94909
-4.77562
-4.58766
-4.38235
-4.15967
-3.92211
-3.67367
-3.41889
-3.16188
-2.90574
-2.65282
-2.40461
-2.16114
-1.92212
-1.68564
-1.44563
-1.19787
-0.936254
-0.642847
-0.347526
-0.149805
-0.11994
-0.135456
-0.223071
-0.0650532
-0.282869
)
;

boundaryField
{
    outlet
    {
        type            fixedValue;
        value           uniform 0;
    }
    inlet
    {
        type            zeroGradient;
    }
    lowerWall
    {
        type            zeroGradient;
    }
    upperWall
    {
        type            zeroGradient;
    }
    frontAndBack
    {
        type            empty;
    }
}


// ************************************************************************* //
