/*--------------------------------*- C++ -*----------------------------------*\
| =========                 |                                                 |
| \\      /  F ield         | OpenFOAM: The Open Source CFD Toolbox           |
|  \\    /   O peration     | Version:  4.1                                   |
|   \\  /    A nd           | Web:      www.OpenFOAM.org                      |
|    \\/     M anipulation  |                                                 |
\*---------------------------------------------------------------------------*/
FoamFile
{
    version     2.0;
    format      ascii;
    class       volScalarField;
    location    "2000";
    object      p;
}
// * * * * * * * * * * * * * * * * * * * * * * * * * * * * * * * * * * * * * //

dimensions      [0 2 -2 0 0 0 0];

internalField   nonuniform List<scalar> 
6820
(
-7.89273
-8.69247
-9.15297
-9.29781
-9.37637
-9.45068
-9.51052
-9.55611
-9.59483
-9.63031
-9.66311
-9.69345
-9.72178
-9.74854
-9.77397
-9.79826
-9.82159
-9.84411
-9.866
-9.8874
-9.90847
-9.92933
-9.95016
-9.97109
-9.9923
-10.014
-10.0363
-10.0596
-10.0839
-10.1102
-10.1369
-10.1707
-10.1859
-9.56644
-9.73222
-9.71782
-9.63825
-9.596
-9.59276
-9.60281
-9.61638
-9.63368
-9.65448
-9.67717
-9.70056
-9.72412
-9.74762
-9.77086
-9.7937
-9.81609
-9.83805
-9.85962
-9.88087
-9.90189
-9.92277
-9.94365
-9.96463
-9.98588
-10.0075
-10.0298
-10.053
-10.0771
-10.103
-10.1307
-10.164
-10.2054
-9.54487
-9.3568
-9.3382
-9.37267
-9.41448
-9.46275
-9.50926
-9.54976
-9.58627
-9.62064
-9.65306
-9.68346
-9.71207
-9.73918
-9.76499
-9.78964
-9.81329
-9.8361
-9.85823
-9.87983
-9.90103
-9.92197
-9.94281
-9.96368
-9.98474
-10.0061
-10.0281
-10.0508
-10.0744
-10.0995
-10.1263
-10.1571
-10.1888
-9.46273
-9.36035
-9.40979
-9.47043
-9.50386
-9.53437
-9.56591
-9.59474
-9.62154
-9.64779
-9.67361
-9.69871
-9.72306
-9.74675
-9.76983
-9.79231
-9.81425
-9.83571
-9.85677
-9.87753
-9.89806
-9.91847
-9.93886
-9.95934
-9.98003
-10.0011
-10.0226
-10.0447
-10.0677
-10.0917
-10.1169
-10.1439
-10.1705
-9.45521
-9.41531
-9.44749
-9.48523
-9.50743
-9.53231
-9.56148
-9.58982
-9.61674
-9.64327
-9.66942
-9.69491
-9.71964
-9.74366
-9.76702
-9.78972
-9.81184
-9.83343
-9.85457
-9.87536
-9.89588
-9.91623
-9.93651
-9.95682
-9.97727
-9.99796
-10.019
-10.0406
-10.0627
-10.0855
-10.109
-10.1331
-10.1565
-9.46439
-9.44429
-9.46022
-9.48999
-9.51391
-9.53931
-9.56763
-9.5953
-9.62166
-9.64748
-9.67288
-9.69764
-9.72168
-9.74506
-9.76781
-9.78997
-9.81158
-9.83271
-9.85343
-9.87383
-9.89397
-9.91396
-9.93386
-9.95378
-9.97379
-9.99398
-10.0144
-10.0352
-10.0564
-10.0779
-10.0996
-10.1214
-10.1423
-9.47382
-9.46266
-9.47377
-9.50007
-9.52404
-9.54797
-9.5741
-9.60027
-9.62558
-9.65044
-9.67496
-9.69895
-9.72235
-9.74516
-9.76741
-9.78913
-9.81036
-9.83115
-9.85155
-9.87165
-9.8915
-9.91119
-9.93077
-9.95032
-9.96991
-9.9896
-10.0094
-10.0295
-10.0496
-10.0699
-10.0901
-10.11
-10.1288
-9.48392
-9.47884
-9.48849
-9.51095
-9.53336
-9.55572
-9.58003
-9.60487
-9.62921
-9.6532
-9.67691
-9.7002
-9.72297
-9.74523
-9.767
-9.78827
-9.8091
-9.82951
-9.84957
-9.86932
-9.88883
-9.90816
-9.92736
-9.94648
-9.96559
-9.98472
-10.0039
-10.0231
-10.0423
-10.0614
-10.0802
-10.0984
-10.1156
-9.49481
-9.49346
-9.50225
-9.52136
-9.54211
-9.56324
-9.58602
-9.60955
-9.63289
-9.65598
-9.67886
-9.70142
-9.72355
-9.74523
-9.76647
-9.78728
-9.80767
-9.82768
-9.84735
-9.86673
-9.88586
-9.90479
-9.92357
-9.94224
-9.96083
-9.97936
-9.99783
-10.0162
-10.0345
-10.0525
-10.07
-10.0869
-10.1028
-9.50597
-9.50668
-9.51494
-9.53154
-9.5507
-9.57063
-9.592
-9.61425
-9.63656
-9.65875
-9.6808
-9.70262
-9.72409
-9.74518
-9.76588
-9.78619
-9.80612
-9.8257
-9.84496
-9.86393
-9.88265
-9.90116
-9.91948
-9.93766
-9.9557
-9.97361
-9.99137
-10.009
-10.0263
-10.0433
-10.0597
-10.0754
-10.0902
-9.51707
-9.51883
-9.52675
-9.54144
-9.55906
-9.57782
-9.5979
-9.61892
-9.64021
-9.6615
-9.68274
-9.70381
-9.72461
-9.74509
-9.76523
-9.78503
-9.80448
-9.8236
-9.84242
-9.86096
-9.87924
-9.89729
-9.91513
-9.93278
-9.95025
-9.96752
-9.98458
-10.0014
-10.0178
-10.0339
-10.0493
-10.064
-10.0778
-9.52787
-9.53016
-9.53776
-9.55097
-9.56716
-9.58477
-9.60366
-9.62353
-9.64381
-9.66422
-9.68464
-9.70497
-9.72509
-9.74496
-9.76453
-9.7838
-9.80275
-9.8214
-9.83975
-9.85783
-9.87564
-9.89321
-9.91054
-9.92765
-9.94453
-9.96116
-9.97751
-9.99354
-10.0092
-10.0243
-10.0389
-10.0527
-10.0657
-9.53828
-9.54077
-9.54803
-9.56005
-9.57496
-9.59146
-9.60925
-9.62804
-9.64735
-9.66688
-9.6865
-9.70609
-9.72554
-9.74478
-9.76377
-9.7825
-9.80093
-9.81909
-9.83695
-9.85455
-9.87187
-9.88894
-9.90575
-9.9223
-9.93858
-9.95457
-9.97024
-9.98553
-10.0004
-10.0147
-10.0285
-10.0415
-10.0538
-9.54819
-9.55072
-9.55762
-9.56866
-9.58243
-9.59788
-9.61464
-9.6324
-9.65078
-9.66946
-9.68829
-9.70714
-9.72592
-9.74453
-9.76294
-9.78111
-9.79902
-9.81666
-9.83403
-9.85113
-9.86795
-9.88449
-9.90076
-9.91675
-9.93243
-9.94779
-9.96278
-9.97737
-9.9915
-10.0051
-10.0181
-10.0304
-10.042
-9.55756
-9.56004
-9.56656
-9.57677
-9.58952
-9.604
-9.61979
-9.6366
-9.65407
-9.67192
-9.68998
-9.70811
-9.72622
-9.74421
-9.76203
-9.77964
-9.79701
-9.81413
-9.83098
-9.84757
-9.86387
-9.87989
-9.89561
-9.91102
-9.92611
-9.94084
-9.95519
-9.9691
-9.98254
-9.99544
-10.0078
-10.0194
-10.0304
-9.56636
-9.56874
-9.57488
-9.58436
-9.59622
-9.60978
-9.62467
-9.64058
-9.65719
-9.67424
-9.69155
-9.70898
-9.72642
-9.74378
-9.76101
-9.77806
-9.79489
-9.81148
-9.82781
-9.84387
-9.85965
-9.87513
-9.8903
-9.90515
-9.91964
-9.93377
-9.94748
-9.96075
-9.97354
-9.98579
-9.99747
-10.0085
-10.0189
-9.57457
-9.57682
-9.58259
-9.59143
-9.60248
-9.6152
-9.62925
-9.64432
-9.66011
-9.67639
-9.69297
-9.70971
-9.7265
-9.74324
-9.75988
-9.77636
-9.79265
-9.8087
-9.82451
-9.84004
-9.85529
-9.87023
-9.88485
-9.89913
-9.91305
-9.92658
-9.93968
-9.95234
-9.96451
-9.97615
-9.98724
-9.99775
-10.0076
-9.58216
-9.58428
-9.5897
-9.59796
-9.60829
-9.62024
-9.6335
-9.64778
-9.66281
-9.67834
-9.69422
-9.71029
-9.72644
-9.74257
-9.75863
-9.77455
-9.79028
-9.8058
-9.82108
-9.83608
-9.8508
-9.8652
-9.87927
-9.893
-9.90635
-9.9193
-9.93182
-9.94389
-9.95547
-9.96654
-9.97708
-9.98705
-9.99645
-9.58911
-9.59112
-9.5962
-9.60394
-9.61362
-9.62486
-9.63739
-9.65094
-9.66524
-9.68007
-9.69527
-9.71069
-9.72621
-9.74176
-9.75724
-9.7726
-9.78779
-9.80277
-9.81752
-9.83199
-9.84618
-9.86005
-9.87358
-9.88676
-9.89955
-9.91194
-9.9239
-9.93541
-9.94644
-9.95697
-9.96698
-9.97646
-9.98539
-9.59543
-9.59732
-9.60209
-9.60935
-9.61845
-9.62905
-9.6409
-9.65376
-9.66737
-9.68154
-9.69609
-9.71089
-9.72581
-9.74077
-9.75569
-9.7705
-9.78516
-9.79961
-9.81383
-9.82778
-9.84145
-9.85479
-9.86779
-9.88043
-9.89269
-9.90454
-9.91595
-9.92692
-9.93743
-9.94744
-9.95696
-9.96596
-9.97445
-9.60109
-9.60287
-9.60736
-9.61418
-9.62276
-9.63276
-9.64399
-9.65621
-9.66919
-9.68273
-9.69667
-9.71087
-9.72521
-9.73961
-9.75398
-9.76825
-9.78238
-9.79632
-9.81002
-9.82346
-9.8366
-9.84943
-9.86191
-9.87403
-9.88576
-9.89709
-9.90799
-9.91845
-9.92844
-9.93797
-9.94701
-9.95557
-9.96363
-9.60608
-9.60775
-9.61198
-9.61842
-9.62651
-9.63598
-9.64664
-9.65827
-9.67066
-9.68361
-9.69697
-9.7106
-9.72439
-9.73825
-9.75209
-9.76584
-9.77946
-9.79288
-9.80608
-9.81902
-9.83166
-9.84398
-9.85596
-9.86757
-9.8788
-9.88962
-9.90002
-9.90999
-9.9195
-9.92856
-9.93715
-9.94528
-9.95293
-9.61037
-9.61196
-9.61595
-9.62203
-9.62969
-9.63868
-9.64882
-9.65991
-9.67175
-9.68415
-9.69697
-9.71007
-9.72334
-9.73668
-9.75001
-9.76326
-9.77638
-9.78931
-9.80202
-9.81447
-9.82662
-9.83846
-9.84995
-9.86107
-9.87181
-9.88215
-9.89207
-9.90157
-9.91063
-9.91924
-9.9274
-9.9351
-9.94236
-9.61397
-9.61547
-9.61924
-9.625
-9.63227
-9.64082
-9.65049
-9.66109
-9.67243
-9.68434
-9.69665
-9.70925
-9.72203
-9.73488
-9.74773
-9.7605
-9.77315
-9.78561
-9.79784
-9.80982
-9.8215
-9.83286
-9.84388
-9.85454
-9.86481
-9.87469
-9.88416
-9.8932
-9.90182
-9.91
-9.91775
-9.92506
-9.93194
-9.61683
-9.61826
-9.62183
-9.6273
-9.63422
-9.64237
-9.65163
-9.66179
-9.67268
-9.68413
-9.69599
-9.70813
-9.72045
-9.73285
-9.74524
-9.75756
-9.76975
-9.78176
-9.79355
-9.80507
-9.8163
-9.82721
-9.83778
-9.84799
-9.85782
-9.86726
-9.87629
-9.8849
-9.8931
-9.90088
-9.90823
-9.91516
-9.92167
-9.61895
-9.6203
-9.62369
-9.62889
-9.6355
-9.64331
-9.6522
-9.66198
-9.67247
-9.68351
-9.69495
-9.70668
-9.71858
-9.73056
-9.74253
-9.75443
-9.7662
-9.77778
-9.78914
-9.80024
-9.81104
-9.82152
-9.83166
-9.84145
-9.85085
-9.85987
-9.86848
-9.87669
-9.88449
-9.89188
-9.89885
-9.90541
-9.91156
-9.62029
-9.62157
-9.62479
-9.62975
-9.63608
-9.6436
-9.65216
-9.66161
-9.67175
-9.68244
-9.69353
-9.70489
-9.71641
-9.72801
-9.7396
-9.75111
-9.76249
-9.77367
-9.78463
-9.79533
-9.80573
-9.81581
-9.82555
-9.83493
-9.84393
-9.85255
-9.86078
-9.8686
-9.87602
-9.88304
-9.88965
-9.89586
-9.90167
-9.62082
-9.62204
-9.6251
-9.62983
-9.63592
-9.64318
-9.65149
-9.66066
-9.67052
-9.68091
-9.69169
-9.70273
-9.71393
-9.72519
-9.73644
-9.7476
-9.75861
-9.76943
-9.78002
-9.79035
-9.80037
-9.81007
-9.81943
-9.82843
-9.83705
-9.8453
-9.85315
-9.86061
-9.86767
-9.87434
-9.8806
-9.88648
-9.89197
-9.62054
-9.62169
-9.62457
-9.62909
-9.63495
-9.64202
-9.65012
-9.65908
-9.66872
-9.67888
-9.68941
-9.7002
-9.71113
-9.7221
-9.73305
-9.74391
-9.75461
-9.76511
-9.77537
-9.78535
-9.79503
-9.80439
-9.8134
-9.82205
-9.83033
-9.83823
-9.84574
-9.85286
-9.85959
-9.86592
-9.87187
-9.87742
-9.8826
-9.6194
-9.62047
-9.62316
-9.62744
-9.63312
-9.64005
-9.64802
-9.65684
-9.66633
-9.67633
-9.68668
-9.69726
-9.70797
-9.7187
-9.72939
-9.73997
-9.75038
-9.76058
-9.77053
-9.7802
-9.78956
-9.79859
-9.80728
-9.8156
-9.82355
-9.83112
-9.83831
-9.84511
-9.85152
-9.85755
-9.86319
-9.86845
-9.87334
-9.61741
-9.61836
-9.62079
-9.62481
-9.63035
-9.6372
-9.64511
-9.65387
-9.66331
-9.67324
-9.68352
-9.69401
-9.70459
-9.71518
-9.7257
-9.73609
-9.74629
-9.75626
-9.76597
-9.77538
-9.78447
-9.79323
-9.80163
-9.80967
-9.81733
-9.82461
-9.8315
-9.83801
-9.84413
-9.84986
-9.85521
-9.86018
-9.86477
-9.61458
-9.61534
-9.61737
-9.62106
-9.62651
-9.6334
-9.64136
-9.65014
-9.65956
-9.66945
-9.67963
-9.68999
-9.70042
-9.71083
-9.72116
-9.73134
-9.74132
-9.75106
-9.76052
-9.76969
-9.77854
-9.78704
-9.79519
-9.80296
-9.81037
-9.81739
-9.82403
-9.83028
-9.83615
-9.84164
-9.84675
-9.8515
-9.85589
-9.611
-9.61142
-9.61277
-9.616
-9.6214
-9.62846
-9.63668
-9.64581
-9.65562
-9.66586
-9.67633
-9.6869
-9.69746
-9.70794
-9.71826
-9.72838
-9.73826
-9.74786
-9.75715
-9.76612
-9.77474
-9.783
-9.7909
-9.79841
-9.80554
-9.81229
-9.81865
-9.82462
-9.83021
-9.83541
-9.84023
-9.84467
-9.84872
-9.60691
-9.60655
-9.6067
-9.60953
-9.61513
-9.62218
-9.6301
-9.63889
-9.64846
-9.65852
-9.66884
-9.6793
-9.68978
-9.7002
-9.71048
-9.72056
-9.7304
-9.73996
-9.74921
-9.75812
-9.76669
-9.77489
-9.78271
-9.79015
-9.79721
-9.80387
-9.81014
-9.81601
-9.8215
-9.82661
-9.83135
-9.83573
-9.83977
-9.60298
-9.60079
-9.598
-9.6004
-9.60797
-9.6176
-9.62785
-9.63856
-9.64959
-9.66066
-9.67163
-9.68245
-9.69307
-9.70345
-9.71356
-9.72338
-9.73288
-9.74205
-9.75089
-9.75936
-9.76748
-9.77522
-9.78258
-9.78957
-9.79617
-9.80238
-9.80821
-9.81365
-9.81872
-9.8234
-9.8277
-9.83161
-9.83512
-9.60043
-9.59533
-9.58784
-9.58562
-9.58831
-9.59397
-9.60217
-9.61236
-9.6236
-9.63526
-9.64709
-9.65893
-9.67066
-9.68215
-9.69334
-9.70418
-9.71465
-9.72472
-9.73439
-9.74363
-9.75244
-9.76083
-9.76878
-9.77629
-9.78337
-9.79003
-9.79626
-9.80207
-9.80748
-9.81248
-9.8171
-9.82136
-9.82529
-9.60087
-9.58097
-9.58381
-9.60364
-9.62043
-9.63138
-9.64126
-9.65171
-9.66204
-9.67188
-9.6814
-9.69075
-9.69993
-9.7089
-9.71765
-9.72618
-9.73447
-9.7425
-9.75025
-9.75771
-9.76486
-9.77169
-9.7782
-9.78437
-9.7902
-9.79569
-9.80082
-9.80561
-9.81004
-9.81412
-9.81784
-9.82119
-9.82415
-9.63833
-9.51509
-9.452
-9.45567
-9.47806
-9.49981
-9.52114
-9.5429
-9.56405
-9.58393
-9.60254
-9.62
-9.63637
-9.65171
-9.66611
-9.67965
-9.69238
-9.70436
-9.71564
-9.72624
-9.7362
-9.74556
-9.75433
-9.76254
-9.7702
-9.77734
-9.78398
-9.79012
-9.79579
-9.80101
-9.80578
-9.81014
-9.8141
-9.79823
-9.81139
-9.77008
-9.72792
-9.70395
-9.69343
-9.68893
-9.68699
-9.68712
-9.68932
-9.69315
-9.69805
-9.70367
-9.70979
-9.71627
-9.72295
-9.72973
-9.73652
-9.74324
-9.74985
-9.75629
-9.76252
-9.76852
-9.77426
-9.77973
-9.7849
-9.78977
-9.79433
-9.79857
-9.80249
-9.80609
-9.80937
-9.81232
-8.63398
-8.93431
-9.19934
-9.32528
-9.39026
-9.44636
-9.49589
-9.53424
-9.56393
-9.58883
-9.61067
-9.62995
-9.64711
-9.6626
-9.67679
-9.68988
-9.70201
-9.7133
-9.72383
-9.73368
-9.74289
-9.7515
-9.75954
-9.76705
-9.77403
-9.78052
-9.78653
-9.79208
-9.79718
-9.80183
-9.80607
-9.80989
-9.81332
-10.2739
-10.1758
-10.2256
-10.2801
-10.3047
-10.32
-10.3311
-10.3358
-10.335
-10.3311
-10.3262
-10.3222
-10.321
-10.3238
-10.3319
-10.3459
-10.3661
-10.3924
-10.424
-10.4602
-10.4999
-10.5418
-10.5848
-10.6275
-10.6688
-10.7075
-10.7427
-10.7733
-10.7985
-10.8173
-10.8289
-10.8324
-10.8272
-10.8124
-10.7874
-10.7513
-10.7036
-10.6436
-10.5708
-10.4847
-10.385
-10.2714
-10.1436
-10.0016
-9.84535
-9.67489
-9.49044
-9.29231
-9.08091
-8.8568
-8.62065
-8.37327
-8.11557
-7.84858
-7.57344
-7.29136
-7.00363
-6.7116
-6.41664
-6.12013
-5.82348
-5.52804
-5.23513
-4.94601
-4.66185
-4.38375
-4.11267
-3.8495
-3.59498
-3.34974
-3.11427
-2.88895
-2.67405
-2.46972
-2.27603
-2.09293
-1.92033
-1.75804
-1.60579
-1.46327
-1.33013
-1.20596
-1.09034
-0.982845
-0.883013
-0.790402
-0.704568
-0.625076
-0.551501
-0.483436
-0.420471
-0.362238
-0.308285
-0.258371
-0.211658
-0.168718
-0.126312
-0.0906511
-0.0435115
-0.0296331
-10.2706
-10.2651
-10.2933
-10.3129
-10.3087
-10.2989
-10.2912
-10.2843
-10.2777
-10.2726
-10.2695
-10.2694
-10.2729
-10.2809
-10.2938
-10.3121
-10.3356
-10.3641
-10.397
-10.4336
-10.473
-10.5141
-10.5559
-10.5973
-10.6373
-10.6746
-10.7085
-10.7378
-10.7617
-10.7793
-10.7897
-10.7921
-10.7858
-10.7701
-10.7441
-10.7072
-10.6589
-10.5984
-10.5253
-10.4391
-10.3395
-10.2262
-10.0989
-9.95759
-9.80225
-9.63296
-9.4499
-9.25339
-9.04383
-8.82179
-8.58791
-8.34298
-8.08792
-7.82371
-7.55147
-7.27238
-6.98771
-6.69877
-6.40689
-6.11343
-5.81976
-5.52719
-5.23703
-4.95049
-4.66874
-4.39284
-4.12376
-3.86236
-3.60938
-3.36543
-3.13104
-2.90657
-2.6923
-2.4884
-2.29495
-2.11192
-1.93922
-1.77667
-1.62405
-1.48105
-1.34732
-1.22249
-1.10614
-0.997859
-0.897204
-0.80374
-0.717031
-0.63665
-0.562176
-0.493204
-0.429328
-0.370179
-0.315301
-0.264458
-0.21678
-0.172925
-0.129381
-0.0931848
-0.0435692
-0.0330928
-10.2289
-10.235
-10.2402
-10.253
-10.2604
-10.2645
-10.2686
-10.271
-10.2707
-10.2684
-10.2656
-10.2636
-10.2639
-10.2678
-10.2764
-10.2904
-10.3101
-10.3353
-10.3657
-10.4006
-10.4387
-10.4791
-10.5205
-10.5614
-10.6009
-10.6376
-10.6706
-10.6988
-10.7216
-10.7379
-10.7471
-10.7484
-10.741
-10.7242
-10.6974
-10.6598
-10.6108
-10.55
-10.4767
-10.3905
-10.291
-10.1781
-10.0515
-9.91103
-9.75681
-9.58887
-9.40741
-9.21273
-9.00524
-8.78549
-8.55411
-8.31188
-8.05967
-7.79847
-7.52936
-7.25348
-6.97207
-6.6864
-6.39778
-6.10752
-5.81697
-5.5274
-5.24009
-4.95623
-4.67697
-4.40334
-4.13631
-3.87672
-3.6253
-3.38268
-3.14937
-2.92576
-2.71212
-2.50864
-2.3154
-2.1324
-1.95957
-1.79674
-1.64369
-1.50014
-1.36577
-1.24021
-1.12307
-1.01394
-0.912395
-0.818008
-0.730355
-0.649014
-0.573572
-0.503626
-0.438771
-0.37864
-0.322773
-0.270935
-0.222238
-0.177396
-0.132697
-0.0958103
-0.0439215
-0.0362165
-10.2019
-10.2187
-10.2299
-10.2471
-10.2595
-10.2646
-10.2661
-10.2656
-10.2632
-10.26
-10.2575
-10.2568
-10.2588
-10.2644
-10.2742
-10.2884
-10.3072
-10.3304
-10.3577
-10.3886
-10.4221
-10.4576
-10.4941
-10.5305
-10.5659
-10.5991
-10.6293
-10.6553
-10.6762
-10.6912
-10.6992
-10.6994
-10.6912
-10.6737
-10.6462
-10.608
-10.5587
-10.4976
-10.4243
-10.3382
-10.2392
-10.1268
-10.001
-9.86167
-9.70876
-9.54238
-9.36273
-9.1701
-8.9649
-8.74764
-8.51898
-8.27964
-8.03049
-7.77248
-7.50667
-7.23416
-6.95617
-6.67392
-6.38868
-6.10176
-5.81443
-5.52798
-5.24362
-4.96254
-4.68585
-4.41458
-4.14968
-3.89197
-3.64219
-3.40096
-3.16879
-2.94608
-2.73311
-2.53008
-2.33708
-2.15412
-1.98115
-1.81803
-1.66454
-1.52042
-1.38538
-1.25905
-1.14107
-1.03104
-0.928548
-0.833181
-0.744522
-0.66216
-0.585686
-0.514702
-0.448804
-0.387626
-0.330707
-0.277812
-0.22804
-0.182139
-0.136263
-0.0985451
-0.0445797
-0.0389651
-10.1824
-10.2017
-10.2141
-10.2274
-10.2372
-10.2417
-10.2439
-10.2452
-10.2456
-10.2454
-10.2456
-10.247
-10.2505
-10.2567
-10.2664
-10.2801
-10.2978
-10.3196
-10.3452
-10.3741
-10.4055
-10.4387
-10.4725
-10.5062
-10.5385
-10.5686
-10.5954
-10.6181
-10.6358
-10.6477
-10.6529
-10.6507
-10.6404
-10.6211
-10.5923
-10.5531
-10.5031
-10.4416
-10.3681
-10.2822
-10.1836
-10.072
-9.94714
-9.809
-9.65755
-9.49289
-9.31521
-9.12478
-8.92202
-8.70742
-8.48161
-8.24532
-7.99937
-7.7447
-7.48231
-7.21331
-6.93886
-6.66015
-6.37844
-6.09497
-5.81101
-5.52779
-5.24652
-4.96835
-4.69437
-4.42559
-4.16294
-3.90725
-3.65923
-3.41951
-3.1886
-2.96689
-2.75468
-2.55218
-2.3595
-2.17665
-2.0036
-1.84021
-1.68631
-1.54165
-1.40593
-1.27884
-1.16
-1.04904
-0.945572
-0.849186
-0.759478
-0.676045
-0.598486
-0.526409
-0.459412
-0.397129
-0.339099
-0.285087
-0.234185
-0.18716
-0.140085
-0.101393
-0.0455791
-0.0412674
-10.1647
-10.1841
-10.1977
-10.2102
-10.2205
-10.2272
-10.2313
-10.2341
-10.2357
-10.2365
-10.2375
-10.2395
-10.2434
-10.2498
-10.2593
-10.2724
-10.2891
-10.3093
-10.3329
-10.3594
-10.388
-10.4181
-10.4487
-10.4791
-10.5082
-10.5351
-10.5589
-10.5788
-10.5939
-10.6033
-10.6063
-10.6019
-10.5896
-10.5686
-10.5382
-10.4977
-10.4466
-10.3843
-10.3104
-10.2243
-10.1259
-10.0147
-9.89061
-9.75355
-9.60348
-9.44049
-9.26475
-9.07655
-8.87625
-8.66436
-8.44148
-8.2083
-7.96564
-7.71439
-7.45554
-7.19016
-6.91937
-6.64434
-6.36628
-6.0864
-5.80594
-5.52611
-5.24807
-4.97295
-4.70183
-4.43569
-4.17544
-3.9219
-3.67579
-3.43771
-3.20818
-2.9876
-2.77627
-2.57441
-2.38214
-2.1995
-2.02645
-1.86289
-1.70864
-1.56348
-1.42714
-1.2993
-1.17963
-1.06776
-0.963307
-0.865889
-0.775112
-0.690581
-0.611903
-0.538692
-0.470551
-0.407114
-0.347925
-0.292741
-0.240662
-0.192448
-0.144156
-0.104354
-0.0469457
-0.0430622
-10.1489
-10.1677
-10.1819
-10.1942
-10.2045
-10.2118
-10.2167
-10.2202
-10.2227
-10.2247
-10.2268
-10.2299
-10.2345
-10.2414
-10.2509
-10.2635
-10.2792
-10.298
-10.3197
-10.3439
-10.3699
-10.3972
-10.4248
-10.4521
-10.478
-10.5018
-10.5225
-10.5394
-10.5515
-10.5581
-10.5585
-10.5518
-10.5373
-10.5143
-10.4822
-10.4404
-10.3882
-10.3251
-10.2507
-10.1644
-10.0661
-9.95531
-9.83196
-9.69593
-9.5472
-9.38584
-9.21203
-9.02602
-8.8282
-8.61903
-8.39909
-8.16908
-7.92976
-7.682
-7.42678
-7.1651
-6.89807
-6.62682
-6.35252
-6.07636
-5.79952
-5.52319
-5.2485
-4.97656
-4.7084
-4.44501
-4.18727
-3.93598
-3.69186
-3.45551
-3.22744
-3.00807
-2.7977
-2.59656
-2.40477
-2.2224
-2.04942
-1.88574
-1.73121
-1.58561
-1.44869
-1.32016
-1.1997
-1.08694
-0.981536
-0.883104
-0.791263
-0.705631
-0.625822
-0.551457
-0.482145
-0.417523
-0.357135
-0.300738
-0.247439
-0.197985
-0.14846
-0.107422
-0.0486853
-0.0443148
-10.134
-10.1519
-10.1663
-10.1785
-10.1888
-10.1967
-10.2024
-10.2068
-10.2103
-10.2132
-10.2163
-10.2202
-10.2254
-10.2324
-10.2418
-10.2538
-10.2685
-10.2859
-10.3058
-10.3277
-10.3513
-10.3758
-10.4006
-10.4248
-10.4477
-10.4684
-10.4861
-10.5
-10.5092
-10.5131
-10.5109
-10.5018
-10.4851
-10.4602
-10.4263
-10.383
-10.3296
-10.2656
-10.1905
-10.104
-10.0056
-9.89516
-9.77247
-9.63741
-9.48997
-9.33022
-9.15831
-8.9745
-8.77916
-8.57273
-8.35577
-8.12896
-7.89303
-7.64883
-7.39728
-7.13938
-6.87617
-6.60877
-6.3383
-6.06591
-5.79276
-5.51999
-5.24871
-4.97999
-4.71485
-4.45424
-4.19905
-3.95004
-3.70794
-3.47335
-3.24677
-3.02863
-2.81923
-2.61882
-2.42753
-2.24545
-2.07255
-1.90877
-1.75396
-1.60794
-1.47047
-1.34127
-1.22003
-1.10641
-1.00007
-0.900644
-0.807756
-0.721033
-0.640098
-0.564578
-0.494086
-0.428263
-0.366656
-0.309018
-0.254471
-0.203733
-0.152965
-0.110586
-0.0507787
-0.0450261
-10.1198
-10.1368
-10.1511
-10.1632
-10.1735
-10.1818
-10.1882
-10.1933
-10.1976
-10.2014
-10.2052
-10.2097
-10.2153
-10.2225
-10.2317
-10.243
-10.2567
-10.2728
-10.2909
-10.3107
-10.3319
-10.3538
-10.3758
-10.3971
-10.417
-10.4348
-10.4495
-10.4605
-10.467
-10.4683
-10.4635
-10.4521
-10.4333
-10.4064
-10.3709
-10.3261
-10.2715
-10.2065
-10.1308
-10.044
-9.94562
-9.8355
-9.71344
-9.57935
-9.43318
-9.27501
-9.105
-8.92339
-8.73051
-8.52682
-8.31285
-8.08924
-7.8567
-7.61606
-7.36819
-7.11406
-6.85469
-6.59114
-6.3245
-6.05588
-5.78641
-5.51719
-5.24931
-4.98381
-4.72168
-4.46385
-4.21118
-3.96446
-3.72438
-3.49153
-3.26644
-3.04951
-2.84109
-2.6414
-2.45061
-2.2688
-2.09598
-1.93209
-1.777
-1.63055
-1.49252
-1.36264
-1.24062
-1.12613
-1.01885
-0.918427
-0.824489
-0.736675
-0.654614
-0.577937
-0.506263
-0.439231
-0.376395
-0.317502
-0.26169
-0.209642
-0.157625
-0.113824
-0.0531763
-0.0452382
-10.106
-10.1223
-10.1363
-10.1482
-10.1585
-10.1671
-10.174
-10.1798
-10.1847
-10.1892
-10.1937
-10.1986
-10.2045
-10.2117
-10.2206
-10.2314
-10.2441
-10.2587
-10.2751
-10.293
-10.3119
-10.3312
-10.3505
-10.3691
-10.3861
-10.4009
-10.4128
-10.4211
-10.4249
-10.4235
-10.4163
-10.4026
-10.3817
-10.353
-10.3158
-10.2696
-10.2139
-10.1481
-10.0718
-9.98466
-9.88633
-9.77655
-9.65516
-9.52203
-9.37716
-9.22059
-9.05247
-8.87305
-8.68264
-8.48168
-8.27068
-8.05024
-7.82108
-7.58396
-7.33975
-7.08937
-6.83379
-6.57405
-6.31121
-6.04633
-5.78051
-5.51482
-5.25031
-4.988
-4.72885
-4.47379
-4.22364
-3.97919
-3.74111
-3.51002
-3.2864
-3.0707
-2.86325
-2.66429
-2.474
-2.29247
-2.11972
-1.95572
-1.80036
-1.65348
-1.51488
-1.38431
-1.26149
-1.14613
-1.0379
-0.936459
-0.841456
-0.752536
-0.669334
-0.591486
-0.518615
-0.450363
-0.386284
-0.326122
-0.269031
-0.215655
-0.162389
-0.117103
-0.0557976
-0.0450352
-10.0927
-10.1082
-10.1218
-10.1336
-10.1438
-10.1526
-10.1599
-10.1661
-10.1716
-10.1766
-10.1816
-10.187
-10.193
-10.2002
-10.2087
-10.2188
-10.2305
-10.2438
-10.2586
-10.2745
-10.2911
-10.3081
-10.3248
-10.3406
-10.3549
-10.3669
-10.3761
-10.3816
-10.3827
-10.3789
-10.3693
-10.3534
-10.3304
-10.2999
-10.2611
-10.2136
-10.1567
-10.0901
-10.0133
-9.92593
-9.82765
-9.71824
-9.59752
-9.46539
-9.32181
-9.16684
-9.00062
-8.82338
-8.63543
-8.43718
-8.22912
-8.01184
-7.78602
-7.5524
-7.3118
-7.06512
-6.81331
-6.55735
-6.29826
-6.03709
-5.77488
-5.51269
-5.25152
-4.99237
-4.7362
-4.48388
-4.23624
-3.99405
-3.75798
-3.52863
-3.30651
-3.09204
-2.88556
-2.68734
-2.49756
-2.31632
-2.14367
-1.97957
-1.82394
-1.67664
-1.53747
-1.40622
-1.28262
-1.16638
-1.05719
-0.954732
-0.858655
-0.768615
-0.684257
-0.605222
-0.531136
-0.461643
-0.396304
-0.334852
-0.276467
-0.22174
-0.167222
-0.120402
-0.0585506
-0.0445395
-10.0797
-10.0945
-10.1076
-10.1192
-10.1294
-10.1383
-10.1459
-10.1525
-10.1583
-10.1638
-10.1691
-10.1747
-10.1809
-10.1879
-10.196
-10.2054
-10.2161
-10.2281
-10.2412
-10.2552
-10.2698
-10.2844
-10.2986
-10.3118
-10.3234
-10.3328
-10.3392
-10.3421
-10.3407
-10.3344
-10.3225
-10.3044
-10.2795
-10.2472
-10.2068
-10.158
-10.1001
-10.0327
-9.95535
-9.86774
-9.76954
-9.66051
-9.54048
-9.40933
-9.26705
-9.11367
-8.94934
-8.77427
-8.58875
-8.39319
-8.18805
-7.9739
-7.75138
-7.52121
-7.28419
-7.04118
-6.79309
-6.54086
-6.28549
-6.02799
-5.76937
-5.51064
-5.25279
-4.99679
-4.74356
-4.49398
-4.24885
-4.00891
-3.77485
-3.54725
-3.32662
-3.11338
-2.9079
-2.71043
-2.52117
-2.34025
-2.1677
-2.00352
-1.84763
-1.69992
-1.56021
-1.42829
-1.30391
-1.1868
-1.07666
-0.973185
-0.876035
-0.784874
-0.699355
-0.619124
-0.543813
-0.473067
-0.406451
-0.343693
-0.283997
-0.227898
-0.17212
-0.123725
-0.0613627
-0.0439008
-10.067
-10.0811
-10.0938
-10.1051
-10.1152
-10.1241
-10.1319
-10.1387
-10.1449
-10.1506
-10.1562
-10.1619
-10.1681
-10.1749
-10.1826
-10.1912
-10.2009
-10.2116
-10.2232
-10.2354
-10.2478
-10.2602
-10.272
-10.2827
-10.2917
-10.2985
-10.3023
-10.3026
-10.2987
-10.29
-10.2759
-10.2557
-10.2289
-10.1948
-10.153
-10.1029
-10.0439
-9.97575
-9.89793
-9.81011
-9.712
-9.60335
-9.484
-9.35384
-9.21284
-9.06105
-8.89859
-8.72566
-8.54256
-8.34965
-8.14739
-7.93633
-7.71708
-7.49033
-7.25685
-7.01746
-6.77304
-6.52451
-6.27283
-6.01896
-5.76388
-5.50859
-5.25404
-5.00117
-4.75087
-4.50401
-4.26137
-4.02369
-3.79163
-3.56578
-3.34665
-3.13467
-2.93019
-2.73348
-2.54476
-2.36416
-2.19173
-2.02748
-1.87135
-1.72325
-1.583
-1.45042
-1.32528
-1.20731
-1.09623
-0.991746
-0.893528
-0.80125
-0.714571
-0.633144
-0.556604
-0.484599
-0.416701
-0.352628
-0.291611
-0.234128
-0.177082
-0.127085
-0.0641857
-0.043264
-10.0546
-10.068
-10.0802
-10.0913
-10.1012
-10.11
-10.1179
-10.1249
-10.1313
-10.1372
-10.1429
-10.1487
-10.1547
-10.1613
-10.1684
-10.1763
-10.185
-10.1945
-10.2045
-10.2149
-10.2254
-10.2356
-10.2451
-10.2534
-10.2599
-10.2641
-10.2654
-10.2632
-10.257
-10.2459
-10.2296
-10.2074
-10.1787
-10.143
-10.0996
-10.0482
-9.98831
-9.91939
-9.84109
-9.75307
-9.65505
-9.54679
-9.42812
-9.29894
-9.15921
-9.00898
-8.84837
-8.67756
-8.49683
-8.30654
-8.10714
-7.89912
-7.68309
-7.45972
-7.22973
-6.99392
-6.75314
-6.50826
-6.26022
-6.00994
-5.75839
-5.5065
-5.25522
-5.00545
-4.75807
-4.51391
-4.27376
-4.03834
-3.80828
-3.58419
-3.36656
-3.15584
-2.95237
-2.75644
-2.56827
-2.388
-2.21571
-2.05141
-1.89506
-1.74657
-1.6058
-1.47258
-1.34668
-1.22786
-1.11585
-1.01036
-0.911078
-0.817686
-0.72985
-0.647228
-0.56946
-0.496196
-0.427012
-0.361621
-0.299281
-0.240408
-0.182091
-0.130482
-0.0669791
-0.0427318
-10.0424
-10.0551
-10.0669
-10.0776
-10.0873
-10.0961
-10.104
-10.111
-10.1175
-10.1235
-10.1293
-10.135
-10.1408
-10.147
-10.1536
-10.1608
-10.1685
-10.1766
-10.1852
-10.1939
-10.2025
-10.2106
-10.2179
-10.2238
-10.2279
-10.2297
-10.2286
-10.224
-10.2154
-10.2021
-10.1837
-10.1595
-10.1289
-10.0915
-10.0468
-9.99419
-9.93327
-9.86362
-9.78486
-9.69666
-9.59873
-9.49085
-9.37286
-9.24464
-9.10617
-8.95748
-8.79869
-8.62997
-8.45159
-8.26389
-8.06728
-7.86227
-7.64942
-7.42937
-7.20283
-6.97056
-6.73336
-6.49209
-6.24765
-6.00093
-5.75285
-5.50434
-5.25629
-5.0096
-4.76512
-4.52367
-4.28599
-4.05281
-3.82476
-3.60243
-3.38631
-3.17685
-2.9744
-2.77927
-2.59166
-2.41174
-2.2396
-2.07526
-1.9187
-1.76985
-1.62857
-1.49471
-1.36807
-1.24841
-1.13547
-1.02899
-0.928646
-0.834144
-0.745152
-0.661336
-0.582341
-0.507816
-0.437347
-0.370637
-0.306971
-0.246708
-0.187115
-0.133898
-0.0697031
-0.0423545
-10.0303
-10.0425
-10.0538
-10.0642
-10.0737
-10.0823
-10.0901
-10.0971
-10.1036
-10.1096
-10.1153
-10.1209
-10.1265
-10.1322
-10.1383
-10.1446
-10.1513
-10.1582
-10.1653
-10.1724
-10.1791
-10.1852
-10.1904
-10.1941
-10.1959
-10.1953
-10.1918
-10.1849
-10.174
-10.1586
-10.1381
-10.1119
-10.0796
-10.0407
-9.99451
-9.94073
-9.87886
-9.80851
-9.7293
-9.64092
-9.54309
-9.43559
-9.31826
-9.191
-9.05377
-8.9066
-8.74959
-8.58293
-8.40686
-8.2217
-8.02786
-7.8258
-7.61608
-7.39931
-7.17616
-6.94737
-6.71371
-6.476
-6.23511
-5.9919
-5.74727
-5.50209
-5.25726
-5.01362
-4.77202
-4.53324
-4.29803
-4.06708
-3.84104
-3.62046
-3.40586
-3.19767
-2.99626
-2.80193
-2.6149
-2.43534
-2.26336
-2.099
-1.94225
-1.79304
-1.65127
-1.51679
-1.38941
-1.26892
-1.15507
-1.04759
-0.946202
-0.850594
-0.76045
-0.675442
-0.595219
-0.519434
-0.447678
-0.379649
-0.314657
-0.253004
-0.192128
-0.137317
-0.0723286
-0.0421447
-10.0185
-10.0301
-10.0409
-10.0509
-10.0601
-10.0685
-10.0762
-10.0831
-10.0895
-10.0954
-10.101
-10.1064
-10.1117
-10.117
-10.1224
-10.1279
-10.1336
-10.1393
-10.145
-10.1504
-10.1554
-10.1596
-10.1626
-10.1642
-10.1638
-10.161
-10.1552
-10.1461
-10.133
-10.1155
-10.0929
-10.0649
-10.0309
-9.99037
-9.94286
-9.88793
-9.82514
-9.7541
-9.67446
-9.58591
-9.48818
-9.38106
-9.26438
-9.13806
-9.00204
-8.85637
-8.70112
-8.53648
-8.36267
-8.18001
-7.98888
-7.78974
-7.58309
-7.36955
-7.14973
-6.92437
-6.69419
-6.46
-6.22261
-5.98286
-5.74163
-5.49975
-5.25809
-5.01748
-4.77873
-4.54261
-4.30985
-4.08113
-3.85708
-3.63827
-3.42518
-3.21827
-3.0179
-2.82438
-2.63794
-2.45877
-2.28696
-2.12259
-1.96566
-1.81612
-1.67387
-1.53878
-1.41068
-1.28937
-1.17461
-1.06616
-0.963719
-0.86701
-0.775719
-0.689521
-0.608073
-0.531029
-0.457986
-0.388638
-0.322319
-0.259279
-0.197111
-0.140725
-0.0748437
-0.0420952
-10.0067
-10.0178
-10.0282
-10.0378
-10.0467
-10.0549
-10.0623
-10.0691
-10.0754
-10.0811
-10.0865
-10.0916
-10.0965
-10.1013
-10.106
-10.1107
-10.1154
-10.1199
-10.1242
-10.1281
-10.1314
-10.1337
-10.1348
-10.1342
-10.1317
-10.1267
-10.1188
-10.1075
-10.0923
-10.0727
-10.0483
-10.0184
-9.98274
-9.94071
-9.89189
-9.83584
-9.77216
-9.70046
-9.6204
-9.53169
-9.43406
-9.32731
-9.21128
-9.08588
-8.95106
-8.80684
-8.65333
-8.49066
-8.31908
-8.13887
-7.95041
-7.75411
-7.55049
-7.34011
-7.12358
-6.90158
-6.67483
-6.44409
-6.21015
-5.97382
-5.73593
-5.49732
-5.2588
-5.02118
-4.78525
-4.55176
-4.32144
-4.09493
-3.87287
-3.65581
-3.44425
-3.23862
-3.0393
-2.8466
-2.66076
-2.48198
-2.31037
-2.14601
-1.98891
-1.83904
-1.69633
-1.56065
-1.43185
-1.30973
-1.19407
-1.08464
-0.981171
-0.883369
-0.790936
-0.703553
-0.620883
-0.542583
-0.468256
-0.397591
-0.329945
-0.265522
-0.202052
-0.144114
-0.07725
-0.0421894
-9.99518
-10.0057
-10.0156
-10.0249
-10.0334
-10.0413
-10.0485
-10.0551
-10.0611
-10.0666
-10.0717
-10.0765
-10.0809
-10.0852
-10.0892
-10.0931
-10.0968
-10.1001
-10.1031
-10.1055
-10.1071
-10.1076
-10.1068
-10.1043
-10.0997
-10.0926
-10.0826
-10.0692
-10.052
-10.0304
-10.0041
-9.97254
-9.93524
-9.89176
-9.84167
-9.78454
-9.71999
-9.64765
-9.56719
-9.47833
-9.3808
-9.27442
-9.15902
-9.03452
-8.90087
-8.75808
-8.60626
-8.44554
-8.27613
-8.09832
-7.91247
-7.71897
-7.51831
-7.31103
-7.09772
-6.87903
-6.65564
-6.4283
-6.19775
-5.96478
-5.7302
-5.49479
-5.25936
-5.0247
-4.79156
-4.56069
-4.33277
-4.10847
-3.88839
-3.67307
-3.46303
-3.25868
-3.06042
-2.86855
-2.68332
-2.50494
-2.33354
-2.1692
-2.01195
-1.86178
-1.71862
-1.58236
-1.45286
-1.32995
-1.21342
-1.10303
-0.998528
-0.899642
-0.806075
-0.717514
-0.633628
-0.554078
-0.47847
-0.406492
-0.337523
-0.271722
-0.206945
-0.147479
-0.0795568
-0.042405
-9.98375
-9.9938
-10.0032
-10.0121
-10.0203
-10.0278
-10.0347
-10.041
-10.0468
-10.052
-10.0568
-10.0611
-10.0651
-10.0688
-10.0721
-10.0751
-10.0778
-10.08
-10.0817
-10.0826
-10.0826
-10.0814
-10.0788
-10.0744
-10.0678
-10.0587
-10.0467
-10.0313
-10.0121
-9.98871
-9.96059
-9.92732
-9.88846
-9.84358
-9.79226
-9.73409
-9.6687
-9.59575
-9.5149
-9.42589
-9.32847
-9.22245
-9.10767
-8.98405
-8.85154
-8.71016
-8.55998
-8.40116
-8.23388
-8.05842
-7.87512
-7.68435
-7.48659
-7.28235
-7.07219
-6.85674
-6.63666
-6.41264
-6.18542
-5.95576
-5.72442
-5.49217
-5.25979
-5.02805
-4.79767
-4.56937
-4.34384
-4.12172
-3.9036
-3.69002
-3.48149
-3.27843
-3.08122
-2.89018
-2.70558
-2.52761
-2.35643
-2.19213
-2.03475
-1.88429
-1.74069
-1.60387
-1.4737
-1.35001
-1.23261
-1.12127
-1.01576
-0.9158
-0.821109
-0.73138
-0.646286
-0.565492
-0.488611
-0.415327
-0.345038
-0.277869
-0.211781
-0.150813
-0.0817752
-0.042717
-9.97247
-9.98202
-9.991
-9.9994
-10.0072
-10.0144
-10.021
-10.027
-10.0324
-10.0373
-10.0417
-10.0456
-10.0491
-10.0521
-10.0547
-10.0569
-10.0585
-10.0596
-10.06
-10.0595
-10.058
-10.0552
-10.0508
-10.0445
-10.0361
-10.0251
-10.0111
-9.99386
-9.9728
-9.94757
-9.91772
-9.88283
-9.84248
-9.79625
-9.74374
-9.68457
-9.61838
-9.54482
-9.46361
-9.37446
-9.27715
-9.17148
-9.05731
-8.93454
-8.80315
-8.66313
-8.51457
-8.35759
-8.19239
-8.01923
-7.83841
-7.65032
-7.45539
-7.25412
-7.04704
-6.83476
-6.6179
-6.39715
-6.1732
-5.94677
-5.71861
-5.48947
-5.26009
-5.03121
-4.80355
-4.5778
-4.35463
-4.13466
-3.91848
-3.70664
-3.49961
-3.29783
-3.10168
-2.91148
-2.7275
-2.54996
-2.37901
-2.21476
-2.05726
-1.90653
-1.76251
-1.62515
-1.49432
-1.36986
-1.25161
-1.13934
-1.03283
-0.931812
-0.836009
-0.745123
-0.658831
-0.576803
-0.498658
-0.424077
-0.352478
-0.28395
-0.216551
-0.154109
-0.0839147
-0.0431004
-9.96132
-9.97038
-9.97891
-9.98688
-9.99429
-10.0011
-10.0074
-10.013
-10.0181
-10.0226
-10.0265
-10.0299
-10.0329
-10.0353
-10.0371
-10.0384
-10.0391
-10.0391
-10.0382
-10.0364
-10.0334
-10.029
-10.0229
-10.0149
-10.0047
-9.99183
-9.97604
-9.95692
-9.93407
-9.9071
-9.87559
-9.83914
-9.79735
-9.74983
-9.69618
-9.63605
-9.56908
-9.49496
-9.41339
-9.32411
-9.2269
-9.12158
-9.008
-8.88608
-8.75576
-8.61708
-8.47008
-8.31491
-8.15173
-7.9808
-7.80241
-7.61692
-7.42475
-7.22637
-7.02231
-6.81312
-6.59942
-6.38185
-6.16109
-5.93784
-5.7128
-5.4867
-5.26027
-5.0342
-4.80921
-4.58596
-4.36512
-4.14728
-3.93303
-3.72289
-3.51735
-3.31684
-3.12175
-2.93239
-2.74905
-2.57194
-2.40123
-2.23705
-2.07944
-1.92845
-1.78404
-1.64615
-1.51467
-1.38947
-1.27038
-1.1572
-1.04971
-0.947643
-0.850743
-0.758713
-0.671238
-0.587988
-0.508591
-0.432725
-0.359825
-0.289952
-0.221247
-0.157358
-0.0859823
-0.0435315
-9.95031
-9.9589
-9.96697
-9.97451
-9.98151
-9.98794
-9.99379
-9.99905
-10.0037
-10.0078
-10.0113
-10.0142
-10.0165
-10.0183
-10.0194
-10.0198
-10.0196
-10.0184
-10.0164
-10.0132
-10.0088
-10.0029
-9.9952
-9.98554
-9.97358
-9.95899
-9.94144
-9.92057
-9.89601
-9.86738
-9.83428
-9.79635
-9.75318
-9.70441
-9.64968
-9.58862
-9.52091
-9.44624
-9.36434
-9.27494
-9.17783
-9.07285
-8.95984
-8.83873
-8.70947
-8.57208
-8.42661
-8.27318
-8.11197
-7.9432
-7.76717
-7.58421
-7.39473
-7.19917
-6.99803
-6.79186
-6.58123
-6.36677
-6.14913
-5.92897
-5.70699
-5.48387
-5.26032
-5.03701
-4.81464
-4.59386
-4.3753
-4.15956
-3.9472
-3.73875
-3.53469
-3.33545
-3.1414
-2.95289
-2.77018
-2.59351
-2.42306
-2.25894
-2.10125
-1.95001
-1.80522
-1.66682
-1.53472
-1.40879
-1.28889
-1.17481
-1.06635
-0.963259
-0.865279
-0.772121
-0.683477
-0.599022
-0.518386
-0.44125
-0.367062
-0.295861
-0.225857
-0.160549
-0.0879816
-0.0439899
-9.93946
-9.94758
-9.9552
-9.96231
-9.96888
-9.9749
-9.98035
-9.98519
-9.98944
-9.99307
-9.99608
-9.99846
-10.0002
-10.0013
-10.0016
-10.0012
-9.99996
-9.99779
-9.99456
-9.99014
-9.98433
-9.97696
-9.96777
-9.95651
-9.94291
-9.92666
-9.90744
-9.8849
-9.85871
-9.82849
-9.79388
-9.75452
-9.71004
-9.66009
-9.60431
-9.54237
-9.47395
-9.39876
-9.31653
-9.22702
-9.13002
-9.02536
-8.91292
-8.7926
-8.66436
-8.52821
-8.38422
-8.23248
-8.07317
-7.90651
-7.73276
-7.55226
-7.36539
-7.17256
-6.97427
-6.77103
-6.56339
-6.35196
-6.13735
-5.92021
-5.70121
-5.481
-5.26026
-5.03966
-4.81985
-4.60148
-4.38516
-4.17148
-3.96099
-3.75421
-3.55161
-3.35361
-3.16061
-2.97293
-2.79086
-2.61463
-2.44444
-2.28041
-2.12264
-1.97117
-1.82601
-1.68712
-1.55441
-1.42778
-1.30708
-1.19212
-1.08272
-0.978621
-0.879579
-0.785314
-0.695519
-0.609876
-0.52802
-0.449631
-0.374171
-0.30166
-0.23037
-0.163673
-0.0899132
-0.0444582
-9.92878
-9.93644
-9.94362
-9.95029
-9.95643
-9.96203
-9.96705
-9.97147
-9.97527
-9.97843
-9.98093
-9.98276
-9.98388
-9.98426
-9.98386
-9.9826
-9.98043
-9.97722
-9.97287
-9.96722
-9.96011
-9.95134
-9.94069
-9.92792
-9.91276
-9.89493
-9.87411
-9.84999
-9.82224
-9.79052
-9.75447
-9.71376
-9.66803
-9.61694
-9.56017
-9.49739
-9.42829
-9.35261
-9.27007
-9.18046
-9.08356
-8.97922
-8.86732
-8.74776
-8.62051
-8.48557
-8.343
-8.1929
-8.03543
-7.8708
-7.69926
-7.52114
-7.33678
-7.14661
-6.95107
-6.75067
-6.54594
-6.33745
-6.12579
-5.91158
-5.69547
-5.47809
-5.2601
-5.04213
-4.82483
-4.60882
-4.3947
-4.18304
-3.97438
-3.76923
-3.56807
-3.3713
-3.17933
-2.99248
-2.81104
-2.63526
-2.46533
-2.30139
-2.14356
-1.99188
-1.84637
-1.707
-1.57371
-1.44639
-1.32491
-1.2091
-1.09877
-0.99369
-0.893609
-0.798257
-0.707333
-0.620522
-0.537466
-0.457846
-0.381133
-0.307334
-0.234772
-0.166717
-0.0917745
-0.0449233
-9.91828
-9.9255
-9.93224
-9.93847
-9.94419
-9.94936
-9.95394
-9.95792
-9.96125
-9.96393
-9.96591
-9.96717
-9.96767
-9.96737
-9.96621
-9.96413
-9.96103
-9.95682
-9.95138
-9.94456
-9.9362
-9.92611
-9.91407
-9.89987
-9.88323
-9.86389
-9.84156
-9.81595
-9.78672
-9.75357
-9.71616
-9.67416
-9.62724
-9.57508
-9.51736
-9.45377
-9.38404
-9.30788
-9.22506
-9.13535
-9.03855
-8.93453
-8.82314
-8.70432
-8.57801
-8.44424
-8.30304
-8.15452
-7.99882
-7.83615
-7.66674
-7.49091
-7.30899
-7.12137
-6.9285
-6.73084
-6.52892
-6.32327
-6.11447
-5.90311
-5.68981
-5.47518
-5.25985
-5.04445
-4.82959
-4.61588
-4.4039
-4.19421
-3.98735
-3.7838
-3.58404
-3.38849
-3.19753
-3.0115
-2.83069
-2.65535
-2.48568
-2.32185
-2.16396
-2.01208
-1.86623
-1.72641
-1.59255
-1.46457
-1.34234
-1.2257
-1.11447
-1.00843
-0.90733
-0.810915
-0.718886
-0.630932
-0.5467
-0.465872
-0.387929
-0.312865
-0.239051
-0.16967
-0.0935595
-0.0453756
-9.908
-9.91479
-9.92109
-9.9269
-9.93219
-9.93692
-9.94107
-9.94459
-9.94745
-9.94963
-9.95108
-9.95177
-9.95165
-9.95067
-9.94877
-9.94587
-9.94188
-9.93671
-9.93022
-9.92228
-9.91272
-9.90137
-9.88802
-9.87245
-9.85441
-9.83365
-9.8099
-9.78286
-9.75225
-9.71774
-9.67904
-9.63582
-9.58778
-9.5346
-9.47598
-9.41164
-9.3413
-9.26469
-9.1816
-9.09179
-8.9951
-8.89137
-8.78049
-8.66237
-8.53698
-8.40431
-8.26443
-8.11742
-7.96343
-7.80263
-7.63528
-7.46165
-7.28207
-7.09692
-6.90661
-6.7116
-6.51238
-6.30948
-6.10344
-5.89483
-5.68425
-5.47228
-5.25954
-5.04663
-4.83414
-4.62266
-4.41277
-4.205
-3.99987
-3.79789
-3.59951
-3.40514
-3.21517
-3.02995
-2.84976
-2.67486
-2.50546
-2.34173
-2.1838
-2.03173
-1.88557
-1.7453
-1.6109
-1.48228
-1.35932
-1.24187
-1.12976
-1.02279
-0.920703
-0.823251
-0.730145
-0.641075
-0.555694
-0.473684
-0.394537
-0.318236
-0.243192
-0.172519
-0.0952587
-0.0458105
-9.89793
-9.9043
-9.91019
-9.91557
-9.92044
-9.92475
-9.92845
-9.93152
-9.93392
-9.93559
-9.93651
-9.93663
-9.93589
-9.93424
-9.93161
-9.92792
-9.92307
-9.91697
-9.90948
-9.90047
-9.88978
-9.87723
-9.86264
-9.84577
-9.82642
-9.80432
-9.77922
-9.75085
-9.71892
-9.68314
-9.64322
-9.59886
-9.54975
-9.49561
-9.43615
-9.37109
-9.30017
-9.22315
-9.1398
-9.04991
-8.95332
-8.84987
-8.73946
-8.62202
-8.49749
-8.3659
-8.22727
-8.08171
-7.92934
-7.77035
-7.60495
-7.43343
-7.2561
-7.07331
-6.88547
-6.693
-6.49639
-6.29612
-6.09274
-5.88678
-5.67882
-5.46942
-5.25918
-5.04867
-4.83848
-4.62917
-4.42129
-4.21538
-4.01196
-3.8115
-3.61445
-3.42124
-3.23224
-3.0478
-2.86821
-2.69375
-2.52462
-2.361
-2.20302
-2.05078
-1.90431
-1.76363
-1.6287
-1.49946
-1.37579
-1.25757
-1.14461
-1.03673
-0.933687
-0.83523
-0.741075
-0.65092
-0.56442
-0.481259
-0.400938
-0.32343
-0.247181
-0.175253
-0.096858
-0.046229
-9.8882
-9.89416
-9.89964
-9.90461
-9.90905
-9.91293
-9.9162
-9.91882
-9.92074
-9.92192
-9.92231
-9.92186
-9.92051
-9.9182
-9.91486
-9.9104
-9.90472
-9.89773
-9.88928
-9.87926
-9.86749
-9.85382
-9.83805
-9.81997
-9.79938
-9.77602
-9.74966
-9.72003
-9.68687
-9.6499
-9.60883
-9.56339
-9.51328
-9.45824
-9.39799
-9.33225
-9.26079
-9.18337
-9.09978
-9.00981
-8.91331
-8.81014
-8.70019
-8.58338
-8.45968
-8.3291
-8.19167
-8.04748
-7.89666
-7.73938
-7.57586
-7.40635
-7.23116
-7.05063
-6.86514
-6.67511
-6.48099
-6.28326
-6.08243
-5.87901
-5.67357
-5.46665
-5.25881
-5.05062
-4.84263
-4.63541
-4.42948
-4.22538
-4.02359
-3.8246
-3.62885
-3.43675
-3.24869
-3.06501
-2.88602
-2.71198
-2.54311
-2.3796
-2.22159
-2.06917
-1.92242
-1.78133
-1.6459
-1.51606
-1.39172
-1.27274
-1.15897
-1.05021
-0.946241
-0.846811
-0.751642
-0.660436
-0.572851
-0.488574
-0.407111
-0.328431
-0.251002
-0.17786
-0.0983381
-0.0466405
-9.87863
-9.88422
-9.88932
-9.8939
-9.89795
-9.90142
-9.90427
-9.90645
-9.90791
-9.90861
-9.90849
-9.90749
-9.90556
-9.90262
-9.89859
-9.89339
-9.88693
-9.87909
-9.86974
-9.85875
-9.84598
-9.83125
-9.81437
-9.79516
-9.77341
-9.74888
-9.72134
-9.69054
-9.65622
-9.61813
-9.576
-9.52955
-9.47851
-9.42262
-9.36162
-9.29525
-9.22329
-9.14549
-9.06167
-8.97164
-8.87522
-8.77231
-8.66278
-8.54658
-8.42366
-8.29403
-8.15774
-8.01485
-7.8655
-7.70985
-7.5481
-7.38051
-7.20736
-7.02897
-6.84573
-6.65802
-6.46627
-6.27096
-6.07256
-5.87158
-5.66855
-5.46399
-5.25846
-5.05249
-4.84663
-4.64142
-4.43736
-4.23499
-4.03478
-3.8372
-3.6427
-3.45168
-3.26452
-3.08158
-2.90315
-2.72951
-2.5609
-2.39749
-2.23945
-2.08687
-1.93984
-1.79836
-1.66245
-1.53204
-1.40704
-1.28734
-1.17279
-1.06319
-0.958325
-0.857958
-0.761812
-0.669593
-0.580961
-0.495606
-0.413037
-0.333223
-0.254642
-0.180331
-0.0996738
-0.0470669
-9.86969
-9.87489
-9.87961
-9.8838
-9.88744
-9.8905
-9.89293
-9.89467
-9.89567
-9.89588
-9.89525
-9.89372
-9.89121
-9.88765
-9.88297
-9.87706
-9.86984
-9.8612
-9.851
-9.83911
-9.82538
-9.80966
-9.79176
-9.77149
-9.74865
-9.72303
-9.69439
-9.6625
-9.62712
-9.58799
-9.54485
-9.49746
-9.44556
-9.38888
-9.32718
-9.26023
-9.18779
-9.10965
-9.02561
-8.93551
-8.83918
-8.73651
-8.62738
-8.51174
-8.38956
-8.26083
-8.1256
-7.98394
-7.83598
-7.68186
-7.52179
-7.356
-7.18478
-7.00843
-6.82731
-6.6418
-6.45232
-6.2593
-6.06322
-5.86456
-5.66383
-5.46153
-5.2582
-5.05435
-4.85052
-4.64722
-4.44496
-4.24424
-4.04553
-3.84931
-3.656
-3.46601
-3.27971
-3.09747
-2.91958
-2.74633
-2.57795
-2.41464
-2.25656
-2.10383
-1.95652
-1.81468
-1.6783
-1.54734
-1.42172
-1.30133
-1.18602
-1.07561
-0.969899
-0.868635
-0.771553
-0.678361
-0.588725
-0.502335
-0.418703
-0.337796
-0.258093
-0.182661
-0.100834
-0.0475501
-9.86062
-9.86552
-9.86992
-9.87379
-9.8771
-9.87981
-9.88187
-9.88322
-9.88381
-9.88359
-9.8825
-9.88047
-9.87743
-9.8733
-9.86801
-9.86145
-9.85354
-9.84414
-9.83315
-9.82043
-9.80583
-9.78919
-9.77034
-9.74909
-9.72526
-9.69862
-9.66897
-9.63608
-9.59971
-9.55962
-9.51557
-9.46731
-9.4146
-9.35719
-9.29485
-9.22735
-9.15447
-9.07601
-8.99177
-8.90161
-8.80535
-8.7029
-8.59415
-8.47904
-8.35754
-8.22965
-8.09542
-7.95491
-7.80824
-7.65556
-7.49707
-7.33298
-7.16357
-6.98914
-6.81002
-6.62659
-6.43924
-6.2484
-6.05451
-5.85804
-5.65949
-5.45933
-5.25809
-5.05626
-4.85435
-4.65287
-4.45231
-4.25316
-4.05589
-3.86095
-3.66876
-3.47974
-3.29426
-3.11267
-2.93529
-2.76239
-2.59422
-2.431
-2.27288
-2.11999
-1.97243
-1.83023
-1.6934
-1.56192
-1.4357
-1.31465
-1.19863
-1.08746
-0.98093
-0.878812
-0.780839
-0.686722
-0.596128
-0.508752
-0.424104
-0.342154
-0.261357
-0.18486
-0.101786
-0.0481649
-9.85299
-9.8575
-9.86151
-9.86499
-9.8679
-9.87021
-9.87185
-9.87278
-9.87293
-9.87225
-9.87068
-9.86815
-9.86458
-9.85989
-9.854
-9.84682
-9.83823
-9.82813
-9.8164
-9.8029
-9.78748
-9.76999
-9.75026
-9.72811
-9.70336
-9.6758
-9.64522
-9.61141
-9.57413
-9.53316
-9.48827
-9.43922
-9.38577
-9.32769
-9.26476
-9.19676
-9.12348
-9.04472
-8.96031
-8.87008
-8.7739
-8.67166
-8.56326
-8.44864
-8.32777
-8.20067
-8.06736
-7.92792
-7.78246
-7.63113
-7.4741
-7.3116
-7.14389
-6.97125
-6.79401
-6.61253
-6.42718
-6.23838
-6.04655
-5.85215
-5.65565
-5.45751
-5.25823
-5.05829
-4.8582
-4.65844
-4.45948
-4.2618
-4.06587
-3.87213
-3.681
-3.49288
-3.30815
-3.12717
-2.95025
-2.77768
-2.60971
-2.44655
-2.28838
-2.13534
-1.98752
-1.84497
-1.70772
-1.57574
-1.44896
-1.32729
-1.2106
-1.0987
-0.991405
-0.888481
-0.789668
-0.694679
-0.603181
-0.514871
-0.429261
-0.346324
-0.264467
-0.186965
-0.102509
-0.0490449
-9.84413
-9.84852
-9.85236
-9.85564
-9.85834
-9.86041
-9.8618
-9.86244
-9.86228
-9.86127
-9.85933
-9.8564
-9.8524
-9.84725
-9.84086
-9.83314
-9.82398
-9.81326
-9.80087
-9.78668
-9.77054
-9.75229
-9.73178
-9.70883
-9.68325
-9.65486
-9.62344
-9.5888
-9.5507
-9.50894
-9.46329
-9.41351
-9.3594
-9.30071
-9.23725
-9.16879
-9.09514
-9.01611
-8.93153
-8.84125
-8.74514
-8.64308
-8.535
-8.42083
-8.30055
-8.17416
-8.04171
-7.90325
-7.7589
-7.60881
-7.45314
-7.29211
-7.12597
-6.95499
-6.77949
-6.59982
-6.41633
-6.22942
-6.03951
-5.84704
-5.65244
-5.45619
-5.25873
-5.06057
-4.86217
-4.664
-4.46653
-4.27022
-4.07554
-3.88291
-3.69275
-3.50546
-3.32142
-3.141
-2.96449
-2.7922
-2.62439
-2.46129
-2.30306
-2.14986
-2.0018
-1.85892
-1.72127
-1.58883
-1.46152
-1.33927
-1.22194
-1.10937
-1.00136
-0.897689
-0.798092
-0.702289
-0.609949
-0.520768
-0.434254
-0.350392
-0.267519
-0.189077
-0.103028
-0.0504222
-9.83873
-9.8426
-9.846
-9.84883
-9.85108
-9.85271
-9.85366
-9.85386
-9.85326
-9.8518
-9.84941
-9.846
-9.84152
-9.83586
-9.82895
-9.82067
-9.81094
-9.79963
-9.78661
-9.77177
-9.75496
-9.73602
-9.71479
-9.69111
-9.6648
-9.63566
-9.6035
-9.56812
-9.5293
-9.48684
-9.44051
-9.39011
-9.3354
-9.27619
-9.21226
-9.14341
-9.06944
-8.99019
-8.90547
-8.81516
-8.71912
-8.61725
-8.50947
-8.39571
-8.27597
-8.15024
-8.01857
-7.88102
-7.73769
-7.58872
-7.43429
-7.27461
-7.1099
-6.94045
-6.76655
-6.58853
-6.40675
-6.22159
-6.03345
-5.84274
-5.64991
-5.45539
-5.25963
-5.06311
-4.86627
-4.66959
-4.4735
-4.27847
-4.08495
-3.89335
-3.7041
-3.51759
-3.3342
-3.15429
-2.97818
-2.80616
-2.63851
-2.47545
-2.31717
-2.16383
-2.01554
-1.87236
-1.73434
-1.60145
-1.47365
-1.35085
-1.23293
-1.11972
-1.01104
-0.906652
-0.806307
-0.709724
-0.616582
-0.526579
-0.439206
-0.354456
-0.270598
-0.191268
-0.103328
-0.0524673
-9.82954
-9.83362
-9.8371
-9.84
-9.84229
-9.84392
-9.84483
-9.84496
-9.84425
-9.84263
-9.84005
-9.83643
-9.83169
-9.82574
-9.81849
-9.80985
-9.79971
-9.78796
-9.77448
-9.75913
-9.74178
-9.72227
-9.70046
-9.67617
-9.64923
-9.61946
-9.58666
-9.55064
-9.51119
-9.46812
-9.42121
-9.37024
-9.31502
-9.25533
-9.19098
-9.12177
-9.04751
-8.96804
-8.8832
-8.79284
-8.69685
-8.59513
-8.48759
-8.3742
-8.25492
-8.12976
-7.99877
-7.86201
-7.71958
-7.57163
-7.41831
-7.25983
-7.09641
-6.92833
-6.75588
-6.57938
-6.39917
-6.21561
-6.02909
-5.84004
-5.64884
-5.45593
-5.26176
-5.06677
-4.8714
-4.67609
-4.48129
-4.28745
-4.095
-3.90435
-3.71591
-3.5301
-3.34728
-3.1678
-2.99199
-2.82017
-2.65261
-2.48953
-2.33113
-2.17759
-2.02902
-1.8855
-1.74706
-1.61371
-1.48539
-1.36203
-1.24349
-1.12964
-1.02027
-0.915177
-0.814097
-0.716738
-0.622795
-0.531988
-0.443798
-0.358191
-0.273374
-0.193196
-0.103187
-0.0545439
-9.82715
-9.83047
-9.83332
-9.83559
-9.83726
-9.83831
-9.83867
-9.83827
-9.83706
-9.83496
-9.83191
-9.82783
-9.82263
-9.81623
-9.80853
-9.79943
-9.78883
-9.77662
-9.76266
-9.74683
-9.72898
-9.70898
-9.68666
-9.66186
-9.63441
-9.60412
-9.57081
-9.53429
-9.49436
-9.45082
-9.40346
-9.35208
-9.29647
-9.23644
-9.1718
-9.10234
-9.0279
-8.94832
-8.86343
-8.7731
-8.67721
-8.57568
-8.46843
-8.35541
-8.2366
-8.11201
-7.98169
-7.84569
-7.70413
-7.55714
-7.40488
-7.24756
-7.08539
-6.91863
-6.74758
-6.57255
-6.39385
-6.21183
-6.02691
-5.83946
-5.64986
-5.45851
-5.26587
-5.07238
-4.87844
-4.68444
-4.49083
-4.2981
-4.10666
-3.91684
-3.72906
-3.54378
-3.36139
-3.18219
-3.00647
-2.83462
-2.66694
-2.50364
-2.34489
-2.19091
-2.04185
-1.89778
-1.75874
-1.62473
-1.49573
-1.37168
-1.25245
-1.13788
-1.02778
-0.921968
-0.820189
-0.722132
-0.627465
-0.535944
-0.447091
-0.360831
-0.275314
-0.194417
-0.103243
-0.0550042
-9.81829
-9.82234
-9.82574
-9.82852
-9.83066
-9.83211
-9.83279
-9.83266
-9.83165
-9.8297
-9.82674
-9.82269
-9.81749
-9.81103
-9.80324
-9.794
-9.78323
-9.77079
-9.75658
-9.74046
-9.72229
-9.70194
-9.67925
-9.65406
-9.6262
-9.59549
-9.56175
-9.5248
-9.48444
-9.44048
-9.39271
-9.34095
-9.28499
-9.22464
-9.15971
-9.09002
-9.01539
-8.93567
-8.85071
-8.76038
-8.66456
-8.56317
-8.45614
-8.34341
-8.22498
-8.10085
-7.97106
-7.83569
-7.69482
-7.54859
-7.39717
-7.24074
-7.07953
-6.91376
-6.74375
-6.56979
-6.39218
-6.21126
-6.0274
-5.84102
-5.65247
-5.46212
-5.27038
-5.07773
-4.88459
-4.69132
-4.4983
-4.30603
-4.115
-3.92554
-3.73799
-3.55278
-3.37042
-3.19125
-3.01548
-2.84347
-2.67559
-2.51212
-2.3532
-2.19898
-2.04965
-1.90535
-1.76608
-1.63182
-1.50256
-1.37823
-1.25872
-1.14386
-1.03345
-0.927274
-0.82512
-0.72669
-0.631625
-0.539643
-0.450314
-0.363595
-0.277743
-0.196181
-0.105877
-0.0531491
-9.81546
-9.81865
-9.8213
-9.82339
-9.82491
-9.8258
-9.82598
-9.8254
-9.82399
-9.82168
-9.81839
-9.81404
-9.80855
-9.80184
-9.79379
-9.78432
-9.7733
-9.76064
-9.74619
-9.72984
-9.71145
-9.69086
-9.66793
-9.64248
-9.61436
-9.58339
-9.54939
-9.51217
-9.47153
-9.42729
-9.37925
-9.32722
-9.27099
-9.21038
-9.14521
-9.07529
-9.00045
-8.92055
-8.83543
-8.74498
-8.64908
-8.54764
-8.44062
-8.32795
-8.20964
-8.08571
-7.95618
-7.82114
-7.68069
-7.53497
-7.38414
-7.2284
-7.06796
-6.90309
-6.73404
-6.56111
-6.38462
-6.20493
-6.02235
-5.83724
-5.64999
-5.46102
-5.27067
-5.0793
-4.88735
-4.69528
-4.50345
-4.31219
-4.12196
-3.93323
-3.74639
-3.56174
-3.37968
-3.20069
-3.0251
-2.85317
-2.6852
-2.52153
-2.36239
-2.20793
-2.05829
-1.9136
-1.77392
-1.63926
-1.50957
-1.38478
-1.2648
-1.14948
-1.03861
-0.931981
-0.829359
-0.730478
-0.634994
-0.542596
-0.452858
-0.365731
-0.279748
-0.197607
-0.109533
-0.0493731
-9.81683
-9.82036
-9.82332
-9.82564
-9.82731
-9.82829
-9.82851
-9.82792
-9.82644
-9.82403
-9.82059
-9.81606
-9.81035
-9.80338
-9.79506
-9.78527
-9.77392
-9.7609
-9.74607
-9.72932
-9.71051
-9.68949
-9.66612
-9.64023
-9.61166
-9.58025
-9.54581
-9.50816
-9.46712
-9.42249
-9.3741
-9.32174
-9.26524
-9.2044
-9.13904
-9.069
-8.9941
-8.9142
-8.82916
-8.73886
-8.64318
-8.54206
-8.43543
-8.32324
-8.20549
-8.08219
-7.95339
-7.81915
-7.67958
-7.5348
-7.38498
-7.2303
-7.07097
-6.90723
-6.73936
-6.56761
-6.3923
-6.21376
-6.03232
-5.8483
-5.66208
-5.47404
-5.28455
-5.09394
-4.90262
-4.71104
-4.51957
-4.32854
-4.13837
-3.94955
-3.76248
-3.57747
-3.39492
-3.21531
-3.03901
-2.86629
-2.69748
-2.53291
-2.37287
-2.2175
-2.06696
-1.92141
-1.78091
-1.64548
-1.51508
-1.38964
-1.26906
-1.1532
-1.04184
-0.934772
-0.83175
-0.732509
-0.6367
-0.544006
-0.454002
-0.366665
-0.280586
-0.198435
-0.111823
-0.0455716
-10.5082
-10.508
-10.51
-10.5138
-10.518
-10.5218
-10.5247
-10.5268
-10.5285
-10.5301
-10.5318
-10.5337
-10.536
-10.5391
-10.5433
-10.5493
-10.5585
-10.5722
-10.5918
-10.6183
-10.6524
-10.6936
-10.7412
-10.7933
-10.8478
-10.9026
-10.9553
-11.0039
-11.0466
-11.0818
-11.1084
-11.1251
-11.1312
-11.1258
-11.1082
-11.0775
-11.0333
-10.9749
-10.9017
-10.8133
-10.7097
-10.5911
-10.4574
-10.3062
-10.1371
-9.95125
-9.74902
-9.53091
-9.29742
-9.04916
-8.78688
-8.51151
-8.22409
-7.92584
-7.61809
-7.30229
-6.97999
-6.65284
-6.32251
-5.99074
-5.65925
-5.32975
-5.00391
-4.68333
-4.3695
-4.06381
-3.76752
-3.48174
-3.2074
-2.94527
-2.69605
-2.46018
-2.23692
-2.02589
-1.82813
-1.64409
-1.47348
-1.31581
-1.17053
-1.03704
-0.914687
-0.802826
-0.700787
-0.607906
-0.523531
-0.447031
-0.377802
-0.315277
-0.258931
-0.208286
-0.162917
-0.122461
-0.0866298
-0.0551963
-0.0281619
-0.00531005
0.0117838
0.0260566
0.0207179
0.0436879
-10.5115
-10.5127
-10.5154
-10.5189
-10.5225
-10.5253
-10.5272
-10.5279
-10.5276
-10.5269
-10.5261
-10.5258
-10.5264
-10.5282
-10.5314
-10.5365
-10.5449
-10.5588
-10.58
-10.6098
-10.6484
-10.6952
-10.7482
-10.8052
-10.8635
-10.9207
-10.9745
-11.0233
-11.0655
-11.0999
-11.1257
-11.1421
-11.1482
-11.1434
-11.127
-11.0982
-11.0564
-11.0008
-10.9308
-10.8457
-10.7449
-10.6273
-10.4924
-10.3415
-10.1757
-9.99424
-9.79702
-9.58416
-9.35602
-9.11312
-8.85615
-8.58596
-8.30357
-8.01013
-7.70692
-7.39535
-7.07693
-6.75326
-6.42597
-6.09676
-5.76732
-5.43935
-5.11449
-4.79431
-4.48028
-4.1738
-3.87615
-3.58844
-3.31159
-3.04634
-2.7933
-2.55291
-2.32681
-2.11554
-1.91755
-1.73248
-1.56028
-1.40059
-1.25294
-1.11683
-0.991685
-0.876902
-0.771865
-0.675951
-0.58854
-0.509032
-0.436846
-0.371436
-0.312293
-0.258952
-0.211
-0.168081
-0.129914
-0.0962677
-0.0671405
-0.0422555
-0.0231215
-0.0061111
-0.0075293
0.029666
-10.5107
-10.5138
-10.5169
-10.5198
-10.5221
-10.5235
-10.524
-10.5238
-10.5229
-10.5218
-10.5208
-10.5203
-10.521
-10.5239
-10.5303
-10.5413
-10.5581
-10.5814
-10.612
-10.6496
-10.6934
-10.7421
-10.7939
-10.8471
-10.8999
-10.9505
-10.9978
-11.0403
-11.0771
-11.107
-11.1294
-11.1432
-11.1476
-11.1419
-11.1252
-11.0966
-11.0555
-11.0011
-10.9328
-10.8498
-10.7518
-10.638
-10.5079
-10.3616
-10.1996
-10.0218
-9.82813
-9.61888
-9.39439
-9.15517
-8.90189
-8.63538
-8.35663
-8.06676
-7.76704
-7.45885
-7.14368
-6.82309
-6.4987
-6.17218
-5.84523
-5.51952
-5.1967
-4.87839
-4.56611
-4.26119
-3.96487
-3.67825
-3.40228
-3.13779
-2.88543
-2.64561
-2.41879
-2.20494
-2.00374
-1.81536
-1.63979
-1.47674
-1.32578
-1.1864
-1.05805
-0.940142
-0.832054
-0.733172
-0.642882
-0.560588
-0.485715
-0.41772
-0.356096
-0.30038
-0.250158
-0.205069
-0.164825
-0.129172
-0.0980806
-0.0711289
-0.0497643
-0.0292035
-0.0265033
0.0248442
-10.5028
-10.5077
-10.5119
-10.5149
-10.5169
-10.518
-10.5184
-10.5182
-10.5177
-10.5173
-10.5175
-10.5188
-10.5221
-10.5285
-10.5391
-10.555
-10.5768
-10.6048
-10.6391
-10.6791
-10.7238
-10.7719
-10.8222
-10.8732
-10.9235
-10.9718
-11.0168
-11.0575
-11.0929
-11.1219
-11.1436
-11.1571
-11.1616
-11.156
-11.1397
-11.1117
-11.0712
-11.0174
-10.9496
-10.8672
-10.7696
-10.6564
-10.5274
-10.3824
-10.2216
-10.0449
-9.85236
-9.6442
-9.42079
-9.18263
-8.9304
-8.66492
-8.38718
-8.0983
-7.79956
-7.49232
-7.17807
-6.85839
-6.53492
-6.20932
-5.88325
-5.5584
-5.23638
-4.91873
-4.60693
-4.30239
-4.00637
-3.71999
-3.44421
-3.17984
-2.92751
-2.68764
-2.46046
-2.24599
-2.04423
-1.85527
-1.67904
-1.51522
-1.3634
-1.22309
-1.09374
-0.97477
-0.865577
-0.765553
-0.674092
-0.590605
-0.514524
-0.445313
-0.382471
-0.325537
-0.274098
-0.227791
-0.186314
-0.149391
-0.116944
-0.0884264
-0.0651538
-0.0416432
-0.0351948
0.024814
-10.4897
-10.4968
-10.5033
-10.5072
-10.5095
-10.5109
-10.5118
-10.5122
-10.5126
-10.5132
-10.5147
-10.5178
-10.5232
-10.5321
-10.5454
-10.5639
-10.5883
-10.6186
-10.6547
-10.6959
-10.7412
-10.7896
-10.8397
-10.8902
-10.9398
-10.9873
-11.0316
-11.0717
-11.1066
-11.1352
-11.1567
-11.1701
-11.1745
-11.1689
-11.1526
-11.1247
-11.0842
-11.0304
-10.9627
-10.8803
-10.7828
-10.6698
-10.541
-10.3964
-10.2359
-10.0594
-9.86704
-9.65909
-9.43588
-9.19794
-8.94595
-8.68077
-8.40335
-8.11484
-7.81648
-7.50967
-7.19588
-6.87668
-6.55367
-6.22854
-5.90296
-5.57861
-5.2571
-4.93999
-4.62877
-4.32481
-4.02937
-3.74353
-3.46825
-3.20432
-2.95235
-2.71276
-2.48582
-2.27161
-2.07012
-1.88136
-1.7052
-1.54131
-1.38931
-1.2487
-1.11895
-0.9995
-0.889741
-0.789078
-0.696918
-0.612677
-0.535796
-0.465747
-0.402032
-0.344195
-0.291823
-0.244546
-0.202053
-0.16404
-0.130383
-0.100436
-0.0754053
-0.0494146
-0.0398949
0.0243463
-10.4761
-10.4855
-10.4947
-10.4998
-10.5027
-10.5046
-10.5061
-10.5073
-10.5084
-10.5099
-10.5123
-10.5163
-10.5229
-10.533
-10.5476
-10.5675
-10.5932
-10.6247
-10.6618
-10.7037
-10.7494
-10.798
-10.8481
-10.8985
-10.948
-10.9954
-11.0396
-11.0796
-11.1144
-11.1429
-11.1643
-11.1776
-11.1819
-11.1762
-11.1596
-11.1314
-11.0906
-11.0365
-10.9684
-10.8857
-10.7879
-10.6746
-10.5457
-10.4009
-10.2402
-10.0635
-9.87108
-9.66305
-9.43982
-9.20192
-8.95003
-8.68498
-8.40778
-8.11956
-7.82157
-7.51521
-7.20195
-6.88335
-6.56104
-6.23669
-5.91195
-5.58849
-5.26793
-4.95181
-4.64161
-4.33868
-4.04426
-3.75941
-3.48508
-3.22204
-2.97087
-2.73201
-2.5057
-2.29206
-2.09109
-1.90273
-1.72682
-1.56306
-1.41106
-1.27034
-1.14037
-1.02058
-0.910403
-0.809237
-0.716499
-0.631617
-0.554039
-0.483242
-0.418736
-0.360066
-0.306819
-0.258623
-0.215149
-0.176075
-0.141228
-0.109905
-0.0831917
-0.0551417
-0.0428623
0.02242
-10.4657
-10.477
-10.4887
-10.4947
-10.4981
-10.5006
-10.5026
-10.5042
-10.5057
-10.5075
-10.5101
-10.5143
-10.521
-10.5312
-10.546
-10.5661
-10.592
-10.6237
-10.6608
-10.7028
-10.7486
-10.7973
-10.8474
-10.8979
-10.9475
-10.995
-11.0393
-11.0794
-11.1141
-11.1426
-11.1638
-11.1768
-11.1807
-11.1746
-11.1575
-11.1287
-11.0873
-11.0326
-10.964
-10.8807
-10.7824
-10.6687
-10.5393
-10.3941
-10.2331
-10.0562
-9.86355
-9.6554
-9.43215
-9.19432
-8.94262
-8.67788
-8.4011
-8.11342
-7.8161
-7.51051
-7.19815
-6.88056
-6.55936
-6.23621
-5.91276
-5.59066
-5.27151
-4.95685
-4.64812
-4.34666
-4.05368
-3.77024
-3.49726
-3.23548
-2.98548
-2.74767
-2.52231
-2.30949
-2.10923
-1.92144
-1.74596
-1.58248
-1.43062
-1.28989
-1.15979
-1.03977
-0.929238
-0.82763
-0.734368
-0.648888
-0.570648
-0.499132
-0.433855
-0.374368
-0.320257
-0.271144
-0.226689
-0.186554
-0.150517
-0.117864
-0.0895063
-0.0597917
-0.0447107
0.0191138
-10.4598
-10.4734
-10.4867
-10.4929
-10.4966
-10.4993
-10.5015
-10.5031
-10.5045
-10.5058
-10.5077
-10.511
-10.5168
-10.526
-10.5398
-10.559
-10.584
-10.6149
-10.6515
-10.693
-10.7386
-10.7871
-10.8373
-10.8878
-10.9375
-10.985
-11.0293
-11.0692
-11.1037
-11.1318
-11.1525
-11.165
-11.1683
-11.1615
-11.1437
-11.1142
-11.0721
-11.0168
-10.9475
-10.8636
-10.7648
-10.6506
-10.5208
-10.3753
-10.2141
-10.037
-9.84438
-9.63633
-9.4133
-9.17584
-8.92464
-8.66055
-8.38456
-8.09782
-7.80158
-7.49721
-7.1862
-6.87009
-6.55049
-6.22903
-5.90736
-5.58711
-5.26985
-4.9571
-4.65029
-4.35073
-4.0596
-3.77795
-3.50666
-3.24646
-2.99791
-2.76141
-2.53721
-2.32541
-2.12601
-1.93893
-1.76398
-1.60086
-1.44919
-1.30852
-1.17833
-1.05808
-0.947225
-0.845184
-0.751398
-0.665315
-0.586404
-0.514157
-0.448095
-0.387774
-0.332779
-0.28273
-0.237274
-0.196066
-0.158827
-0.124889
-0.0948934
-0.0638665
-0.0457412
0.0146596
-10.4597
-10.4756
-10.4891
-10.4948
-10.4982
-10.5008
-10.5027
-10.5038
-10.5042
-10.5041
-10.5041
-10.5053
-10.5087
-10.5156
-10.5272
-10.5444
-10.5677
-10.5973
-10.6329
-10.6738
-10.7189
-10.7671
-10.817
-10.8673
-10.9167
-10.9639
-11.0078
-11.0473
-11.0813
-11.1088
-11.129
-11.1408
-11.1433
-11.1358
-11.1174
-11.0872
-11.0445
-10.9886
-10.9187
-10.8344
-10.7351
-10.6207
-10.4907
-10.3452
-10.184
-10.0071
-9.81469
-9.60707
-9.38462
-9.14789
-8.89759
-8.63457
-8.35982
-8.07447
-7.77978
-7.47713
-7.16797
-6.85384
-6.53634
-6.21707
-5.89767
-5.57973
-5.26483
-4.95443
-4.64994
-4.35265
-4.06372
-3.78416
-3.51484
-3.25646
-3.00956
-2.77455
-2.55165
-2.34098
-2.14252
-1.9562
-1.78181
-1.61908
-1.46761
-1.32698
-1.19668
-1.07619
-0.96497
-0.86246
-0.768113
-0.68139
-0.601769
-0.528752
-0.461869
-0.400677
-0.344764
-0.293749
-0.247263
-0.204965
-0.166509
-0.131325
-0.0996836
-0.0676422
-0.046157
0.00934275
-10.4664
-10.4836
-10.4958
-10.5002
-10.5029
-10.505
-10.506
-10.5055
-10.5036
-10.5006
-10.4974
-10.4952
-10.4952
-10.499
-10.5079
-10.5229
-10.5444
-10.5725
-10.607
-10.6469
-10.6912
-10.7387
-10.788
-10.8376
-10.8864
-10.9329
-10.9761
-11.0148
-11.0481
-11.0749
-11.0942
-11.1053
-11.1072
-11.099
-11.08
-11.0492
-11.006
-10.9495
-10.8793
-10.7947
-10.6953
-10.5807
-10.4509
-10.3055
-10.1446
-9.96816
-9.77639
-9.56955
-9.34804
-9.11244
-8.86345
-8.60191
-8.32883
-8.04534
-7.75267
-7.4522
-7.14536
-6.83368
-6.51873
-6.20211
-5.88542
-5.57022
-5.25805
-4.95037
-4.64854
-4.35383
-4.06735
-3.79011
-3.52295
-3.26654
-3.02143
-2.788
-2.56647
-2.35695
-2.15945
-1.97388
-1.80003
-1.63764
-1.48633
-1.34569
-1.21522
-1.09443
-0.982787
-0.879748
-0.78478
-0.69736
-0.616975
-0.543139
-0.475387
-0.413282
-0.356412
-0.304397
-0.256854
-0.213451
-0.173767
-0.137372
-0.104077
-0.071257
-0.0461183
0.00346624
-10.4805
-10.4971
-10.5062
-10.5086
-10.5103
-10.5109
-10.5096
-10.5064
-10.5012
-10.4947
-10.4878
-10.482
-10.4787
-10.4796
-10.4859
-10.4986
-10.5182
-10.5448
-10.5778
-10.6165
-10.6596
-10.7059
-10.754
-10.8026
-10.8502
-10.8956
-10.9377
-10.9754
-11.0077
-11.0335
-11.052
-11.0622
-11.0632
-11.0543
-11.0346
-11.0032
-10.9594
-10.9026
-10.832
-10.7472
-10.6478
-10.5334
-10.4037
-10.2588
-10.0984
-9.92271
-9.73183
-9.52606
-9.30583
-9.0717
-8.82437
-8.56471
-8.29369
-8.01244
-7.7222
-7.42431
-7.1202
-6.81138
-6.49938
-6.18577
-5.87213
-5.56
-5.25088
-4.94618
-4.64725
-4.35531
-4.07147
-3.79669
-3.53178
-3.27743
-3.03415
-2.80231
-2.58214
-2.37377
-2.17718
-1.99228
-1.81891
-1.65679
-1.50556
-1.36483
-1.23412
-1.11294
-1.0008
-0.897157
-0.801502
-0.713321
-0.632115
-0.557407
-0.488738
-0.425679
-0.367816
-0.314773
-0.266151
-0.221631
-0.180716
-0.143142
-0.108197
-0.0747709
-0.0457694
-0.00267988
-10.5017
-10.5154
-10.5187
-10.5181
-10.5179
-10.5164
-10.5127
-10.5062
-10.4972
-10.4867
-10.4759
-10.4664
-10.46
-10.4582
-10.4622
-10.4731
-10.4912
-10.5164
-10.5481
-10.5855
-10.6273
-10.6723
-10.719
-10.7661
-10.8124
-10.8564
-10.8972
-10.9335
-10.9645
-10.989
-11.0063
-11.0154
-11.0154
-11.0055
-10.9849
-10.9527
-10.9083
-10.851
-10.7801
-10.6951
-10.5957
-10.4814
-10.3521
-10.2077
-10.048
-9.87321
-9.68342
-9.47896
-9.26025
-9.02786
-8.7825
-8.525
-8.25636
-7.97768
-7.69019
-7.39521
-7.09415
-6.78848
-6.47972
-6.16941
-5.85908
-5.55024
-5.24436
-4.94282
-4.64693
-4.35788
-4.07675
-3.80448
-3.54186
-3.28955
-3.04807
-2.81778
-2.59892
-2.3916
-2.19584
-2.01154
-1.83854
-1.67659
-1.52534
-1.38442
-1.25337
-1.13173
-1.019
-0.914687
-0.818276
-0.729273
-0.647192
-0.571564
-0.501938
-0.437889
-0.379006
-0.324912
-0.275196
-0.229557
-0.187416
-0.148695
-0.112121
-0.0781999
-0.0452463
-0.00883519
-10.5335
-10.5351
-10.5288
-10.5275
-10.526
-10.5206
-10.5113
-10.4989
-10.4843
-10.4688
-10.4541
-10.4419
-10.4336
-10.4307
-10.4342
-10.4447
-10.4623
-10.4871
-10.5182
-10.5547
-10.5955
-10.6393
-10.6848
-10.7306
-10.7754
-10.8179
-10.8572
-10.892
-10.9214
-10.9445
-10.9603
-10.9679
-10.9666
-10.9555
-10.9338
-10.9007
-10.8556
-10.7976
-10.7263
-10.641
-10.5415
-10.4274
-10.2985
-10.1546
-9.9957
-9.82189
-9.63334
-9.43034
-9.21334
-8.98288
-8.73969
-8.48459
-8.21856
-7.94268
-7.65818
-7.36634
-7.06854
-6.76624
-6.46092
-6.15408
-5.84721
-5.5418
-5.23926
-4.94096
-4.64816
-4.36202
-4.08359
-3.8138
-3.55342
-3.3031
-3.06334
-2.8345
-2.61684
-2.41047
-2.21541
-2.03159
-1.85885
-1.69696
-1.54559
-1.40438
-1.2729
-1.15071
-1.03732
-0.932262
-0.835035
-0.745158
-0.662156
-0.585568
-0.514954
-0.449891
-0.389968
-0.334812
-0.284
-0.237246
-0.193896
-0.154057
-0.115898
-0.0815363
-0.0446737
-0.0147773
-10.5538
-10.5575
-10.5432
-10.5362
-10.5221
-10.5033
-10.483
-10.463
-10.4446
-10.4282
-10.4142
-10.4036
-10.3972
-10.396
-10.4009
-10.4125
-10.431
-10.456
-10.4871
-10.5234
-10.5636
-10.6066
-10.6511
-10.6957
-10.7392
-10.7803
-10.8181
-10.8513
-10.8792
-10.9007
-10.915
-10.9211
-10.9184
-10.906
-10.8831
-10.849
-10.8029
-10.7442
-10.6723
-10.5868
-10.4872
-10.3732
-10.2446
-10.1013
-9.94324
-9.77051
-9.58328
-9.38186
-9.16668
-8.93831
-8.69743
-8.44488
-8.18162
-7.90871
-7.62733
-7.33878
-7.04439
-6.74557
-6.44378
-6.14049
-5.83715
-5.53519
-5.23602
-4.94093
-4.65118
-4.3679
-4.09211
-3.82471
-3.56646
-3.31801
-3.07985
-2.85235
-2.63576
-2.4302
-2.23572
-2.05226
-1.87966
-1.71771
-1.56612
-1.42453
-1.29254
-1.16972
-1.05562
-0.949758
-0.851668
-0.760876
-0.67692
-0.599349
-0.527727
-0.461637
-0.400669
-0.344451
-0.292549
-0.244694
-0.200162
-0.159235
-0.119554
-0.0847615
-0.0441547
-0.0203299
-10.6145
-10.5021
-10.4909
-10.4857
-10.4647
-10.4439
-10.4266
-10.4108
-10.3959
-10.3821
-10.3704
-10.3618
-10.3573
-10.3581
-10.3647
-10.3778
-10.3973
-10.4231
-10.4545
-10.4908
-10.5307
-10.5732
-10.6169
-10.6605
-10.7029
-10.7428
-10.7792
-10.811
-10.8374
-10.8575
-10.8703
-10.8751
-10.871
-10.8573
-10.8332
-10.798
-10.751
-10.6916
-10.6193
-10.5334
-10.4337
-10.3199
-10.1917
-10.049
-9.89182
-9.72023
-9.5344
-9.33464
-9.12138
-8.89518
-8.65671
-8.40681
-8.14639
-7.87653
-7.59837
-7.31316
-7.02221
-6.72692
-6.42868
-6.12893
-5.82908
-5.53054
-5.23466
-4.94272
-4.65593
-4.37539
-4.10211
-3.83697
-3.58072
-3.334
-3.0973
-2.87099
-2.65533
-2.45047
-2.25645
-2.07322
-1.90067
-1.73858
-1.58668
-1.44463
-1.31207
-1.18857
-1.0737
-0.967004
-0.868021
-0.776294
-0.69137
-0.612806
-0.540172
-0.473057
-0.41105
-0.353782
-0.30081
-0.251877
-0.2062
-0.164217
-0.123091
-0.0878591
-0.0437478
-0.0253863
)
;

boundaryField
{
    outlet
    {
        type            fixedValue;
        value           uniform 0;
    }
    inlet
    {
        type            zeroGradient;
    }
    lowerWall
    {
        type            zeroGradient;
    }
    upperWall
    {
        type            zeroGradient;
    }
    frontAndBack
    {
        type            empty;
    }
}


// ************************************************************************* //
