/*--------------------------------*- C++ -*----------------------------------*\
| =========                 |                                                 |
| \\      /  F ield         | OpenFOAM: The Open Source CFD Toolbox           |
|  \\    /   O peration     | Version:  4.1                                   |
|   \\  /    A nd           | Web:      www.OpenFOAM.org                      |
|    \\/     M anipulation  |                                                 |
\*---------------------------------------------------------------------------*/
FoamFile
{
    version     2.0;
    format      ascii;
    class       volScalarField;
    location    "2000";
    object      k;
}
// * * * * * * * * * * * * * * * * * * * * * * * * * * * * * * * * * * * * * //

dimensions      [0 2 -2 0 0 0 0];

internalField   nonuniform List<scalar> 
6820
(
0.257082
0.434211
0.59852
0.709382
0.778145
0.818049
0.838547
0.845896
0.844371
0.836963
0.825767
0.812247
0.797426
0.782015
0.766498
0.751201
0.736336
0.722036
0.708378
0.6954
0.683115
0.671515
0.660583
0.650294
0.640616
0.631518
0.622963
0.614924
0.607339
0.600295
0.593189
0.588695
0.574467
0.811277
1.44613
1.51874
1.38792
1.22323
1.07762
0.95922
0.864569
0.788642
0.727157
0.676842
0.635256
0.600578
0.571431
0.546763
0.525758
0.507776
0.49231
0.478954
0.467377
0.45731
0.448532
0.440859
0.434138
0.428241
0.423059
0.418502
0.414494
0.410968
0.407891
0.405164
0.402958
0.400711
0.368869
0.66416
0.797428
0.829397
0.816589
0.786286
0.750411
0.713991
0.679045
0.646311
0.616001
0.588103
0.562514
0.539088
0.517663
0.498078
0.480173
0.4638
0.44882
0.435107
0.422543
0.411025
0.400456
0.390751
0.381831
0.373626
0.366073
0.359115
0.352701
0.346788
0.341329
0.336304
0.331654
0.240027
0.336287
0.412169
0.460222
0.487105
0.500012
0.504037
0.502508
0.497533
0.490424
0.482012
0.472847
0.463295
0.453611
0.443967
0.434484
0.425242
0.416295
0.407676
0.399404
0.39149
0.383933
0.376731
0.369875
0.363356
0.357161
0.351278
0.345693
0.340393
0.335363
0.330591
0.326066
0.321766
0.214145
0.250649
0.284542
0.31208
0.332947
0.348027
0.358469
0.365345
0.369529
0.371681
0.372296
0.371745
0.370308
0.368203
0.365595
0.362617
0.359369
0.355934
0.352375
0.348743
0.345078
0.341412
0.33777
0.334171
0.33063
0.327158
0.323765
0.320457
0.317237
0.31411
0.311077
0.30814
0.305299
0.20564
0.221937
0.238617
0.25366
0.26644
0.276904
0.285273
0.29185
0.296935
0.300784
0.303614
0.305602
0.306896
0.307616
0.307861
0.307715
0.307247
0.306514
0.305564
0.304439
0.303172
0.301793
0.300325
0.29879
0.297204
0.295583
0.293939
0.292283
0.290623
0.288967
0.287321
0.285691
0.284083
0.202357
0.210378
0.219404
0.228106
0.235957
0.242783
0.248605
0.253515
0.257621
0.261027
0.263824
0.266097
0.267914
0.269339
0.270426
0.271218
0.271758
0.272079
0.272212
0.272183
0.272013
0.271725
0.271334
0.270855
0.270304
0.26969
0.269024
0.268315
0.267572
0.2668
0.266007
0.265198
0.264378
0.201008
0.2051
0.210232
0.215526
0.22054
0.225078
0.229098
0.232622
0.235689
0.238346
0.240635
0.242597
0.244268
0.245681
0.246866
0.247847
0.248648
0.249289
0.249788
0.250162
0.250425
0.25059
0.250668
0.250669
0.250602
0.250476
0.250298
0.250075
0.249812
0.249514
0.249188
0.248837
0.248465
0.200424
0.202508
0.205459
0.208754
0.21204
0.21513
0.217953
0.220495
0.222768
0.224789
0.226579
0.228159
0.229548
0.230765
0.231826
0.232746
0.23354
0.23422
0.234797
0.235281
0.235681
0.236006
0.236263
0.236459
0.2366
0.236691
0.236739
0.236747
0.236719
0.236661
0.236574
0.236463
0.236332
0.200163
0.201193
0.202864
0.204904
0.207067
0.20919
0.211193
0.213044
0.214736
0.216272
0.217659
0.218908
0.220029
0.221031
0.221926
0.222722
0.223428
0.224051
0.224599
0.225079
0.225496
0.225856
0.226165
0.226425
0.226643
0.226822
0.226965
0.227076
0.227158
0.227213
0.227245
0.227255
0.227247
0.200044
0.20052
0.201431
0.202661
0.20406
0.205505
0.206921
0.208268
0.209528
0.210694
0.211766
0.212747
0.213641
0.214454
0.215192
0.215859
0.21646
0.217002
0.217488
0.217924
0.218312
0.218657
0.218963
0.219232
0.219467
0.219672
0.219848
0.219999
0.220126
0.220232
0.220318
0.220387
0.22044
0.199989
0.200177
0.20064
0.201347
0.20222
0.203178
0.204159
0.205125
0.206054
0.206932
0.207754
0.208519
0.209227
0.209879
0.210478
0.211028
0.21153
0.211989
0.212406
0.212786
0.21313
0.213441
0.213722
0.213975
0.214201
0.214404
0.214584
0.214744
0.214885
0.215009
0.215117
0.21521
0.215291
0.199965
0.200004
0.200209
0.200585
0.201099
0.201706
0.202361
0.203034
0.203702
0.204351
0.204971
0.205559
0.206111
0.206627
0.207107
0.207553
0.207966
0.208347
0.208698
0.209021
0.209317
0.209589
0.209837
0.210063
0.21027
0.210457
0.210627
0.210781
0.21092
0.211046
0.211158
0.211259
0.211349
0.199954
0.199918
0.199979
0.20015
0.200426
0.200784
0.201198
0.201645
0.202107
0.20257
0.203025
0.203465
0.203886
0.204286
0.204664
0.205019
0.205352
0.205662
0.205951
0.20622
0.206469
0.2067
0.206913
0.20711
0.207291
0.207458
0.207612
0.207752
0.207881
0.207999
0.208108
0.208206
0.208296
0.199949
0.199877
0.199858
0.199908
0.20003
0.200217
0.200456
0.200733
0.201034
0.201348
0.201667
0.201984
0.202294
0.202594
0.202883
0.203158
0.203419
0.203665
0.203898
0.204116
0.204321
0.204512
0.20469
0.204857
0.205011
0.205155
0.205289
0.205413
0.205528
0.205634
0.205733
0.205824
0.205909
0.199947
0.199857
0.199796
0.199776
0.199803
0.199877
0.199994
0.200145
0.200323
0.20052
0.200729
0.200944
0.20116
0.201375
0.201586
0.201791
0.201988
0.202178
0.202358
0.20253
0.202693
0.202846
0.202991
0.203127
0.203256
0.203376
0.203489
0.203594
0.203693
0.203785
0.203872
0.203953
0.204029
0.199947
0.199847
0.199764
0.199706
0.199676
0.199679
0.199713
0.199776
0.199863
0.19997
0.200092
0.200224
0.200363
0.200506
0.200651
0.200794
0.200936
0.201074
0.201208
0.201337
0.201461
0.201579
0.201692
0.2018
0.201902
0.201999
0.202091
0.202177
0.202259
0.202337
0.20241
0.202479
0.202545
0.199946
0.199843
0.199749
0.199669
0.199608
0.199567
0.199548
0.19955
0.199573
0.199614
0.199669
0.199737
0.199814
0.199898
0.199986
0.200078
0.20017
0.200264
0.200356
0.200447
0.200536
0.200622
0.200705
0.200786
0.200864
0.200938
0.201009
0.201077
0.201142
0.201205
0.201264
0.201321
0.201375
0.199946
0.199841
0.199742
0.199651
0.199571
0.199505
0.199453
0.199417
0.199396
0.199389
0.199396
0.199415
0.199444
0.19948
0.199523
0.199572
0.199624
0.199678
0.199735
0.199792
0.199849
0.199907
0.199964
0.20002
0.200074
0.200128
0.20018
0.20023
0.200279
0.200326
0.200372
0.200417
0.200459
0.199946
0.19984
0.199739
0.199642
0.199553
0.199471
0.1994
0.19934
0.19929
0.199252
0.199225
0.199209
0.199201
0.199202
0.199209
0.199223
0.199242
0.199265
0.199291
0.19932
0.199351
0.199383
0.199416
0.19945
0.199485
0.199519
0.199554
0.199588
0.199622
0.199655
0.199688
0.199721
0.199753
0.199946
0.19984
0.199737
0.199638
0.199543
0.199454
0.199372
0.199297
0.19923
0.199172
0.199122
0.199081
0.199048
0.199022
0.199003
0.198991
0.198984
0.198982
0.198984
0.198989
0.198998
0.19901
0.199023
0.199039
0.199056
0.199074
0.199093
0.199113
0.199134
0.199156
0.199177
0.199199
0.199221
0.199946
0.19984
0.199736
0.199635
0.199538
0.199445
0.199356
0.199273
0.199196
0.199125
0.199061
0.199004
0.198954
0.198911
0.198873
0.198842
0.198817
0.198796
0.19878
0.198768
0.19876
0.198755
0.198753
0.198754
0.198757
0.198763
0.19877
0.198778
0.198788
0.198799
0.198812
0.198825
0.198839
0.199946
0.19984
0.199736
0.199634
0.199536
0.19944
0.199349
0.199261
0.199178
0.1991
0.199028
0.198962
0.198901
0.198846
0.198798
0.198754
0.198716
0.198683
0.198655
0.198631
0.198611
0.198595
0.198583
0.198573
0.198567
0.198562
0.198561
0.198561
0.198563
0.198567
0.198572
0.198578
0.198586
0.199946
0.19984
0.199735
0.199634
0.199534
0.199438
0.199345
0.199255
0.19917
0.199089
0.199013
0.198942
0.198876
0.198816
0.198761
0.198711
0.198667
0.198628
0.198593
0.198563
0.198537
0.198514
0.198496
0.198481
0.198468
0.198459
0.198452
0.198447
0.198445
0.198444
0.198446
0.198448
0.198453
0.199946
0.19984
0.199735
0.199633
0.199534
0.199437
0.199344
0.199254
0.199168
0.199087
0.19901
0.198939
0.198873
0.198812
0.198756
0.198706
0.198661
0.198621
0.198586
0.198554
0.198528
0.198505
0.198485
0.198469
0.198456
0.198446
0.198438
0.198433
0.198429
0.198428
0.198428
0.19843
0.198433
0.199946
0.19984
0.199735
0.199634
0.199534
0.199438
0.199346
0.199257
0.199174
0.199095
0.199022
0.198954
0.198892
0.198836
0.198785
0.19874
0.1987
0.198665
0.198635
0.198609
0.198587
0.198569
0.198554
0.198542
0.198533
0.198527
0.198523
0.198521
0.19852
0.198522
0.198524
0.198529
0.198534
0.199946
0.19984
0.199736
0.199635
0.199537
0.199442
0.199353
0.199269
0.19919
0.199118
0.199053
0.198995
0.198943
0.198898
0.198858
0.198825
0.198797
0.198774
0.198756
0.198741
0.19873
0.198723
0.198718
0.198716
0.198716
0.198718
0.198722
0.198728
0.198734
0.198742
0.19875
0.19876
0.19877
0.199946
0.19984
0.199737
0.199637
0.199542
0.199453
0.19937
0.199295
0.199228
0.19917
0.199121
0.199079
0.199046
0.19902
0.199001
0.198988
0.19898
0.198977
0.198978
0.198982
0.198989
0.198998
0.19901
0.199023
0.199037
0.199052
0.199068
0.199085
0.199102
0.199119
0.199136
0.199153
0.199171
0.199946
0.199841
0.19974
0.199645
0.199557
0.199478
0.19941
0.199354
0.199309
0.199277
0.199255
0.199244
0.199241
0.199247
0.199259
0.199277
0.199299
0.199325
0.199353
0.199384
0.199416
0.199448
0.199481
0.199514
0.199547
0.199579
0.199611
0.199642
0.199672
0.199701
0.199729
0.199756
0.199782
0.199947
0.199844
0.199749
0.199664
0.199592
0.199537
0.199499
0.19948
0.199477
0.199489
0.199515
0.199553
0.199599
0.199652
0.19971
0.199772
0.199836
0.199901
0.199965
0.20003
0.200092
0.200154
0.200213
0.20027
0.200324
0.200376
0.200426
0.200473
0.200518
0.20056
0.200599
0.200637
0.200672
0.199948
0.199852
0.19977
0.199711
0.199677
0.199673
0.199697
0.199746
0.199818
0.199907
0.20001
0.200122
0.200239
0.20036
0.20048
0.2006
0.200717
0.20083
0.200939
0.201043
0.201141
0.201234
0.201322
0.201405
0.201482
0.201554
0.201622
0.201685
0.201743
0.201797
0.201847
0.201894
0.201937
0.199951
0.199872
0.199828
0.199831
0.199884
0.199985
0.200128
0.200302
0.200499
0.20071
0.200928
0.201146
0.201361
0.201569
0.201768
0.201958
0.202136
0.202304
0.20246
0.202605
0.20274
0.202865
0.20298
0.203087
0.203184
0.203274
0.203356
0.203431
0.2035
0.203562
0.203619
0.203671
0.203718
0.19996
0.199932
0.199988
0.200141
0.200383
0.200695
0.201055
0.20144
0.201833
0.202222
0.202597
0.202954
0.203288
0.203598
0.203885
0.204149
0.20439
0.204611
0.204811
0.204994
0.205159
0.205309
0.205444
0.205567
0.205677
0.205777
0.205866
0.205946
0.206017
0.20608
0.206137
0.206186
0.20623
0.19999
0.200113
0.200438
0.200945
0.201582
0.202288
0.203012
0.20372
0.20439
0.205011
0.205578
0.206091
0.206552
0.206965
0.207333
0.207661
0.207953
0.208212
0.208442
0.208646
0.208826
0.208985
0.209126
0.209249
0.209357
0.209451
0.209533
0.209603
0.209664
0.209715
0.209757
0.209792
0.20982
0.200097
0.200698
0.201729
0.20303
0.20443
0.205804
0.207078
0.208222
0.209229
0.210107
0.210866
0.211521
0.212084
0.212568
0.212984
0.213341
0.213647
0.21391
0.214135
0.214327
0.21449
0.214628
0.214743
0.214839
0.214917
0.214979
0.215028
0.215064
0.215089
0.215104
0.215111
0.215109
0.2151
0.200521
0.202675
0.205525
0.20847
0.211189
0.21355
0.215527
0.217152
0.218476
0.219552
0.220424
0.221131
0.221704
0.222168
0.222543
0.222845
0.223086
0.223277
0.223425
0.223537
0.223617
0.223671
0.223702
0.223713
0.223707
0.223684
0.223649
0.223601
0.223542
0.223474
0.223398
0.223315
0.223225
0.202177
0.209422
0.217079
0.223316
0.228003
0.231437
0.233925
0.235719
0.23701
0.237936
0.238593
0.239054
0.239367
0.239569
0.239685
0.239733
0.239727
0.239676
0.239588
0.239469
0.239324
0.239157
0.238971
0.238767
0.23855
0.23832
0.23808
0.23783
0.237573
0.237308
0.237038
0.236764
0.236486
0.208503
0.227596
0.245316
0.25869
0.267554
0.272837
0.275658
0.27695
0.277338
0.277195
0.276744
0.276116
0.275385
0.274596
0.273774
0.272932
0.27208
0.271221
0.270359
0.269495
0.268631
0.267768
0.266908
0.266051
0.265198
0.264351
0.263511
0.262677
0.261853
0.261037
0.260232
0.259437
0.258653
0.248308
0.315061
0.34816
0.362157
0.367118
0.367958
0.366701
0.364185
0.360865
0.357053
0.352965
0.348753
0.344525
0.340356
0.336297
0.332383
0.328633
0.32506
0.321669
0.318461
0.315432
0.312577
0.309891
0.307366
0.304994
0.302768
0.30068
0.298722
0.296886
0.295167
0.293555
0.292046
0.290632
0.205354
0.221127
0.238043
0.254121
0.268995
0.282971
0.296258
0.308938
0.321054
0.332632
0.343696
0.354264
0.36435
0.373971
0.38314
0.391874
0.400187
0.408094
0.415611
0.422753
0.429535
0.435971
0.442078
0.447869
0.453358
0.45856
0.463488
0.468156
0.472575
0.476758
0.480717
0.484461
0.488009
0.618298
0.69443
0.816662
0.96613
1.1313
1.29982
1.46295
1.61359
1.74591
1.85587
1.94197
2.00523
2.04867
2.07631
2.09224
2.10005
2.10241
2.10117
2.09745
2.09186
2.08479
2.07646
2.0671
2.05687
2.04593
2.03437
2.02225
2.00956
1.99622
1.98214
1.96718
1.95119
1.93402
1.91551
1.89549
1.87383
1.85039
1.82507
1.79778
1.76847
1.73711
1.70372
1.66834
1.63105
1.592
1.55135
1.50931
1.46613
1.42209
1.37751
1.3327
1.28803
1.24384
1.20048
1.15831
1.11764
1.07878
1.042
1.00753
0.975575
0.94628
0.919756
0.896068
0.875243
0.857268
0.8421
0.829667
0.819871
0.812598
0.807718
0.805088
0.804555
0.805959
0.809134
0.813908
0.820104
0.827541
0.836037
0.845407
0.855466
0.866033
0.876928
0.887976
0.899009
0.909869
0.920408
0.930488
0.939984
0.948787
0.956796
0.963928
0.970111
0.975286
0.9794
0.982433
0.98432
0.98516
0.984698
0.983745
0.980487
0.399207
0.404199
0.417507
0.441622
0.477222
0.524783
0.584201
0.654778
0.735204
0.823618
0.917636
1.01443
1.11088
1.20387
1.29055
1.36866
1.43671
1.49407
1.54088
1.57791
1.60625
1.62715
1.64182
1.65131
1.65647
1.658
1.65642
1.65212
1.6454
1.6365
1.62556
1.6127
1.59799
1.58147
1.56317
1.54308
1.52122
1.4976
1.47222
1.44514
1.4164
1.38607
1.35426
1.32109
1.28673
1.25135
1.21518
1.17844
1.14141
1.10434
1.06753
1.03125
0.995794
0.961431
0.928417
0.896988
0.867356
0.839703
0.81418
0.790904
0.76996
0.751397
0.735237
0.721472
0.710069
0.700974
0.694116
0.689412
0.686766
0.686073
0.687224
0.690102
0.694586
0.700551
0.707866
0.716396
0.725999
0.736533
0.747846
0.759789
0.772205
0.784942
0.797844
0.81076
0.823543
0.836053
0.848156
0.859729
0.870658
0.880842
0.890189
0.89862
0.906069
0.912474
0.917805
0.92199
0.925112
0.92694
0.928105
0.927893
0.326708
0.321613
0.317088
0.313616
0.31192
0.312761
0.316667
0.324284
0.336493
0.354172
0.378147
0.409095
0.447422
0.49312
0.54566
0.603944
0.666345
0.730848
0.795271
0.857509
0.915762
0.968679
1.01542
1.05563
1.08934
1.11686
1.13864
1.15522
1.16713
1.17484
1.1788
1.17935
1.17683
1.17149
1.16355
1.15322
1.14065
1.126
1.10942
1.09104
1.07103
1.04951
1.02667
1.00265
0.977665
0.951897
0.925563
0.898884
0.87209
0.845413
0.819084
0.79333
0.768367
0.744399
0.721612
0.70017
0.680219
0.661877
0.645241
0.630382
0.617345
0.606156
0.596818
0.589317
0.583624
0.579697
0.577486
0.576932
0.57797
0.580532
0.584544
0.589932
0.596615
0.60451
0.613526
0.623571
0.634543
0.646335
0.658836
0.671924
0.685476
0.699362
0.713451
0.727608
0.7417
0.755595
0.769168
0.782295
0.794864
0.806768
0.81791
0.828204
0.837576
0.845952
0.853294
0.859524
0.864702
0.868621
0.871734
0.874364
0.317034
0.311838
0.306763
0.301844
0.297174
0.292876
0.289096
0.285976
0.283653
0.282369
0.282429
0.284203
0.288113
0.294623
0.304205
0.317291
0.334216
0.355151
0.380045
0.408586
0.440197
0.474069
0.509227
0.544629
0.579258
0.612212
0.642758
0.670361
0.694683
0.715555
0.732948
0.746932
0.757643
0.765255
0.769961
0.771962
0.771456
0.76864
0.763704
0.756837
0.748224
0.73805
0.726502
0.713769
0.700042
0.685517
0.670392
0.654864
0.639131
0.623384
0.607811
0.592589
0.577884
0.563848
0.550618
0.538314
0.527041
0.516883
0.507908
0.500169
0.4937
0.488523
0.484646
0.482064
0.480767
0.480736
0.481945
0.484367
0.487969
0.492717
0.498574
0.505501
0.513455
0.522389
0.532252
0.542985
0.554525
0.566799
0.579728
0.593223
0.60719
0.621523
0.636115
0.650849
0.665609
0.680274
0.694724
0.708843
0.722517
0.735638
0.748105
0.759824
0.770712
0.780688
0.789702
0.797667
0.804624
0.810386
0.815232
0.820437
0.302101
0.298521
0.294967
0.291428
0.287905
0.284416
0.280994
0.277677
0.274506
0.271525
0.268797
0.2664
0.26443
0.263008
0.262279
0.262414
0.263601
0.266042
0.269937
0.275465
0.28276
0.291895
0.302854
0.315524
0.329696
0.345068
0.361269
0.377882
0.394482
0.410658
0.426038
0.440311
0.45323
0.464617
0.474357
0.482392
0.488713
0.493347
0.496355
0.497818
0.49784
0.496535
0.494032
0.490465
0.485977
0.480714
0.474827
0.468464
0.461774
0.454902
0.447987
0.44116
0.434546
0.428256
0.422394
0.417051
0.412305
0.408224
0.404866
0.402275
0.400487
0.399527
0.399415
0.400161
0.401772
0.404248
0.407589
0.411789
0.416844
0.422744
0.429481
0.437043
0.445416
0.454583
0.46452
0.475201
0.48659
0.498646
0.511318
0.524546
0.538262
0.552387
0.566836
0.581512
0.596315
0.611139
0.625875
0.640412
0.65464
0.668451
0.681742
0.694413
0.706375
0.717538
0.72784
0.737189
0.745602
0.752913
0.759235
0.766689
0.282232
0.280117
0.277974
0.275797
0.273576
0.271314
0.269021
0.26671
0.264397
0.262099
0.259835
0.257625
0.255493
0.253469
0.251589
0.249897
0.248444
0.247292
0.246513
0.246184
0.246386
0.247202
0.248704
0.250953
0.253988
0.257821
0.262429
0.267757
0.273715
0.280181
0.28701
0.294043
0.301113
0.308057
0.314722
0.320976
0.326704
0.33182
0.336261
0.339989
0.34299
0.345271
0.346859
0.347794
0.348133
0.347942
0.347295
0.346274
0.344963
0.343448
0.341814
0.340146
0.338523
0.337021
0.335712
0.334661
0.333926
0.333559
0.333606
0.334106
0.335095
0.336598
0.338639
0.341238
0.344411
0.348169
0.352526
0.35749
0.363072
0.369278
0.376117
0.383595
0.391716
0.400483
0.409894
0.419942
0.430617
0.441901
0.453766
0.466178
0.479093
0.492457
0.506205
0.520264
0.534551
0.548977
0.563445
0.577853
0.5921
0.606081
0.619691
0.632832
0.645406
0.65732
0.6685
0.678849
0.688361
0.69689
0.7044
0.713725
0.26341
0.262273
0.261093
0.259865
0.258582
0.257242
0.255849
0.254408
0.252928
0.251417
0.249884
0.248337
0.246785
0.245239
0.243708
0.242205
0.240745
0.239346
0.23803
0.236823
0.235754
0.234856
0.234164
0.233713
0.23354
0.233676
0.234145
0.234966
0.236144
0.237674
0.239538
0.241705
0.244133
0.24677
0.249558
0.252435
0.255336
0.258203
0.260979
0.263617
0.266077
0.268331
0.27036
0.272156
0.273722
0.27507
0.27622
0.277199
0.27804
0.278781
0.279462
0.280126
0.280816
0.281575
0.282444
0.283464
0.284674
0.286108
0.287798
0.289775
0.292064
0.294688
0.297669
0.301026
0.304774
0.30893
0.313509
0.318527
0.323997
0.329935
0.336356
0.343276
0.350708
0.358665
0.367161
0.376202
0.385794
0.395935
0.40662
0.417834
0.429553
0.441745
0.454367
0.467368
0.480684
0.494244
0.507967
0.521766
0.535548
0.549215
0.56267
0.575812
0.588546
0.600773
0.612412
0.623363
0.633599
0.642992
0.651374
0.662154
0.248007
0.247449
0.246849
0.246204
0.245509
0.244761
0.243961
0.243112
0.242218
0.241282
0.240312
0.23931
0.238283
0.237235
0.23617
0.235093
0.234008
0.232923
0.231844
0.230779
0.22974
0.228739
0.227789
0.226908
0.226113
0.22542
0.22485
0.224419
0.224141
0.22403
0.224093
0.224335
0.224755
0.225346
0.226099
0.226998
0.228024
0.229157
0.230374
0.231653
0.232974
0.234316
0.235664
0.237006
0.238334
0.239644
0.240937
0.242219
0.243499
0.244789
0.246105
0.247466
0.24889
0.2504
0.252016
0.253761
0.255655
0.257721
0.259976
0.262441
0.26513
0.268061
0.271249
0.274705
0.278446
0.282482
0.286828
0.291498
0.296507
0.30187
0.307603
0.313726
0.320255
0.327209
0.334607
0.342465
0.350798
0.359617
0.36893
0.378737
0.389034
0.399806
0.41103
0.422675
0.434698
0.447045
0.459656
0.472458
0.485372
0.498314
0.511193
0.523915
0.536387
0.548512
0.560205
0.571365
0.581948
0.591842
0.600771
0.612564
0.236153
0.235917
0.235646
0.235338
0.234989
0.234597
0.234161
0.233682
0.233162
0.232604
0.232011
0.231386
0.230732
0.230053
0.22935
0.228627
0.227884
0.227126
0.226354
0.225573
0.224785
0.223996
0.223212
0.22244
0.221688
0.220964
0.22028
0.219645
0.21907
0.218566
0.218142
0.217807
0.217569
0.217433
0.217403
0.217481
0.217665
0.217954
0.218344
0.21883
0.219406
0.220066
0.220804
0.221616
0.222498
0.223446
0.224462
0.225544
0.226697
0.227925
0.229234
0.230631
0.232127
0.23373
0.235451
0.237302
0.239293
0.241435
0.243738
0.246213
0.248867
0.251711
0.254752
0.257999
0.26146
0.265144
0.26906
0.273219
0.277633
0.282316
0.287282
0.292547
0.298131
0.304053
0.310332
0.316989
0.324045
0.331518
0.339423
0.347774
0.356577
0.365835
0.375539
0.385677
0.396224
0.407146
0.418401
0.429934
0.441684
0.45358
0.465544
0.477493
0.489341
0.500995
0.512373
0.523374
0.533944
0.543986
0.55314
0.565498
0.227215
0.227153
0.227063
0.226944
0.226793
0.226608
0.226389
0.226134
0.225845
0.225525
0.225174
0.224794
0.224389
0.223961
0.22351
0.223039
0.222549
0.222042
0.221519
0.220981
0.22043
0.219869
0.219301
0.218727
0.218152
0.217582
0.21702
0.216473
0.215948
0.215451
0.214989
0.21457
0.214202
0.213891
0.213643
0.213464
0.213359
0.213332
0.213387
0.213526
0.21375
0.214062
0.214461
0.21495
0.215529
0.216198
0.21696
0.217816
0.218769
0.219821
0.220978
0.222242
0.22362
0.225115
0.226733
0.22848
0.23036
0.23238
0.234542
0.236852
0.239313
0.241928
0.244702
0.247637
0.250738
0.254008
0.257454
0.261082
0.264901
0.26892
0.273152
0.27761
0.282311
0.287273
0.292515
0.298058
0.303924
0.310134
0.316709
0.323669
0.331029
0.3388
0.34699
0.355598
0.364616
0.374028
0.383808
0.393921
0.404322
0.414957
0.425765
0.436675
0.447612
0.458494
0.469242
0.479763
0.489997
0.499859
0.508935
0.521427
0.220483
0.220511
0.220518
0.220503
0.220463
0.220398
0.220305
0.220184
0.220037
0.219863
0.219665
0.219444
0.219201
0.218938
0.218656
0.218358
0.218044
0.217715
0.217373
0.217017
0.21665
0.216272
0.215885
0.215491
0.21509
0.214687
0.214284
0.213884
0.213491
0.21311
0.212745
0.212402
0.212086
0.211804
0.21156
0.211361
0.211213
0.211121
0.21109
0.211126
0.211233
0.211416
0.211678
0.212024
0.212457
0.21298
0.213597
0.214311
0.215126
0.216044
0.21707
0.218206
0.219456
0.220822
0.222309
0.223918
0.225651
0.22751
0.229496
0.23161
0.233852
0.236221
0.238718
0.241342
0.244094
0.246975
0.249987
0.253133
0.256418
0.259849
0.263435
0.267186
0.271116
0.275239
0.279574
0.28414
0.288958
0.294049
0.299436
0.305141
0.311185
0.317585
0.324357
0.331511
0.33905
0.346973
0.355269
0.363919
0.372896
0.382161
0.391671
0.40137
0.411198
0.421084
0.430959
0.44074
0.450366
0.459767
0.468498
0.480726
0.215369
0.215443
0.2155
0.215541
0.215562
0.215564
0.215545
0.215504
0.215442
0.21536
0.215257
0.215137
0.214999
0.214845
0.214676
0.214495
0.214301
0.214096
0.21388
0.213655
0.213422
0.21318
0.212932
0.212678
0.212419
0.212157
0.211894
0.211632
0.211373
0.211121
0.210879
0.21065
0.210438
0.210249
0.210086
0.209956
0.209862
0.209811
0.209808
0.209858
0.209966
0.210138
0.210379
0.210693
0.211086
0.211562
0.212125
0.212779
0.213528
0.214376
0.215326
0.216381
0.217543
0.218816
0.220199
0.221695
0.223303
0.225024
0.226856
0.228797
0.230845
0.232998
0.235253
0.237607
0.240059
0.242606
0.245248
0.247985
0.250819
0.253755
0.256798
0.259955
0.263237
0.266657
0.270228
0.273969
0.277897
0.282034
0.2864
0.291019
0.295912
0.301102
0.306606
0.312442
0.318623
0.325155
0.332041
0.339274
0.346843
0.354724
0.362888
0.371297
0.379905
0.388656
0.397493
0.406346
0.415155
0.423868
0.432033
0.443656
0.211442
0.211535
0.211616
0.211685
0.211738
0.211777
0.2118
0.211806
0.211795
0.211769
0.211727
0.21167
0.211601
0.211519
0.211426
0.211323
0.211211
0.211091
0.210964
0.210832
0.210694
0.210551
0.210405
0.210256
0.210105
0.209954
0.209803
0.209654
0.20951
0.209371
0.209242
0.209124
0.20902
0.208934
0.208871
0.208833
0.208826
0.208854
0.208922
0.209035
0.209197
0.209415
0.209693
0.210036
0.210449
0.210937
0.211504
0.212154
0.212892
0.21372
0.214643
0.215662
0.21678
0.217998
0.219317
0.220737
0.222256
0.223874
0.225588
0.227394
0.229288
0.231268
0.233327
0.235461
0.237667
0.239941
0.24228
0.244683
0.247149
0.249679
0.252277
0.254948
0.257699
0.260541
0.263484
0.266544
0.269736
0.273078
0.276591
0.280296
0.284214
0.288368
0.292778
0.297464
0.302443
0.307729
0.313333
0.319257
0.325501
0.332055
0.338904
0.346024
0.353382
0.360939
0.36865
0.376458
0.384313
0.392175
0.399607
0.410352
0.208391
0.20849
0.20858
0.208659
0.208728
0.208786
0.208831
0.208864
0.208884
0.208891
0.208887
0.208872
0.208846
0.208812
0.208769
0.208719
0.208663
0.208603
0.208538
0.20847
0.2084
0.208329
0.208257
0.208186
0.208116
0.208048
0.207983
0.207924
0.20787
0.207825
0.20779
0.207767
0.207759
0.207768
0.207798
0.207853
0.207936
0.20805
0.208201
0.208392
0.208628
0.208914
0.209255
0.209654
0.210117
0.210648
0.211251
0.211931
0.21269
0.213532
0.21446
0.215477
0.216582
0.217778
0.219065
0.22044
0.221904
0.223452
0.225082
0.226788
0.228567
0.230412
0.232318
0.23428
0.236291
0.238347
0.240443
0.242577
0.244745
0.246949
0.249188
0.251466
0.253787
0.256161
0.258594
0.2611
0.263692
0.266385
0.269197
0.272148
0.275257
0.278544
0.282032
0.28574
0.289688
0.293893
0.298369
0.303128
0.308175
0.313511
0.319131
0.325022
0.331167
0.337539
0.344105
0.350823
0.357652
0.364564
0.371155
0.380826
0.205999
0.206095
0.206184
0.206266
0.20634
0.206405
0.206461
0.206508
0.206545
0.206573
0.206592
0.206602
0.206605
0.206601
0.206592
0.206578
0.206561
0.206541
0.20652
0.206498
0.206477
0.206456
0.206439
0.206424
0.206414
0.206408
0.20641
0.206418
0.206436
0.206464
0.206505
0.20656
0.206631
0.206721
0.206833
0.206969
0.207134
0.207329
0.20756
0.207829
0.208141
0.208499
0.208909
0.209374
0.209898
0.210486
0.21114
0.211865
0.212663
0.213538
0.214491
0.215524
0.216638
0.217834
0.21911
0.220465
0.221896
0.2234
0.224973
0.226609
0.228302
0.230046
0.231835
0.233661
0.23552
0.237403
0.239306
0.241225
0.243156
0.245097
0.247048
0.24901
0.250986
0.252982
0.255005
0.257064
0.259171
0.261339
0.263582
0.265918
0.268364
0.27094
0.273665
0.276558
0.27964
0.282928
0.28644
0.290189
0.294187
0.298441
0.302953
0.307721
0.312736
0.317982
0.323441
0.32908
0.334871
0.340796
0.346493
0.354971
0.204111
0.204199
0.204283
0.204361
0.204433
0.2045
0.204559
0.204612
0.204658
0.204696
0.204729
0.204755
0.204776
0.204792
0.204805
0.204816
0.204824
0.204833
0.204841
0.204852
0.204865
0.204882
0.204903
0.20493
0.204963
0.205005
0.205055
0.205116
0.205188
0.205273
0.205373
0.20549
0.205625
0.205781
0.205961
0.206166
0.206401
0.206667
0.206968
0.207308
0.207689
0.208117
0.208593
0.209123
0.209709
0.210355
0.211064
0.211839
0.212683
0.213598
0.214585
0.215645
0.216779
0.217987
0.219266
0.220615
0.22203
0.223508
0.225042
0.226627
0.228258
0.229925
0.231624
0.233345
0.235083
0.236829
0.238579
0.240326
0.242066
0.243797
0.245516
0.247224
0.248923
0.250616
0.25231
0.25401
0.255727
0.257471
0.259255
0.261094
0.263004
0.265
0.267102
0.269326
0.271693
0.274218
0.27692
0.279815
0.282916
0.286233
0.289775
0.293546
0.297543
0.301761
0.306189
0.310807
0.315595
0.320544
0.325343
0.332582
0.202616
0.202694
0.202769
0.20284
0.202907
0.20297
0.203028
0.203082
0.203131
0.203174
0.203214
0.203249
0.203281
0.20331
0.203337
0.203363
0.20339
0.203417
0.203447
0.20348
0.203517
0.20356
0.20361
0.203666
0.203732
0.203808
0.203895
0.203994
0.204108
0.204237
0.204383
0.204548
0.204734
0.204942
0.205176
0.205438
0.20573
0.206054
0.206415
0.206815
0.207258
0.207745
0.208282
0.20887
0.209512
0.210213
0.210974
0.211798
0.212687
0.213642
0.214665
0.215756
0.216914
0.218139
0.219428
0.220778
0.222186
0.223647
0.225154
0.226703
0.228286
0.229894
0.231522
0.23316
0.2348
0.236437
0.238063
0.239671
0.241258
0.242818
0.244351
0.245855
0.24733
0.24878
0.250207
0.251619
0.253023
0.254427
0.255843
0.257282
0.258759
0.260288
0.261885
0.263566
0.265348
0.267248
0.269281
0.271464
0.273812
0.276337
0.279049
0.281955
0.285061
0.288366
0.291866
0.29555
0.299405
0.30343
0.307364
0.313379
0.201435
0.201501
0.201565
0.201627
0.201687
0.201744
0.201798
0.201849
0.201897
0.201942
0.201984
0.202023
0.202061
0.202098
0.202134
0.20217
0.202208
0.202249
0.202293
0.202341
0.202395
0.202456
0.202526
0.202604
0.202693
0.202794
0.202907
0.203035
0.20318
0.203341
0.203522
0.203723
0.203948
0.204197
0.204474
0.20478
0.205117
0.20549
0.205899
0.206348
0.206841
0.207379
0.207965
0.208603
0.209294
0.210042
0.210849
0.211716
0.212645
0.213637
0.214692
0.215811
0.216992
0.218233
0.219533
0.220887
0.222291
0.22374
0.225227
0.226747
0.228291
0.229851
0.23142
0.23299
0.234551
0.236098
0.237621
0.239116
0.240577
0.241999
0.243379
0.244717
0.246011
0.247263
0.248477
0.249656
0.250808
0.251939
0.253059
0.254178
0.255308
0.256462
0.257652
0.258895
0.260204
0.261594
0.263082
0.264681
0.266406
0.26827
0.270285
0.27246
0.274802
0.277315
0.28
0.282854
0.285868
0.289046
0.292178
0.297029
0.200507
0.200561
0.200614
0.200666
0.200717
0.200767
0.200815
0.200861
0.200906
0.20095
0.200992
0.201032
0.201073
0.201113
0.201154
0.201197
0.201242
0.20129
0.201344
0.201402
0.201468
0.201542
0.201624
0.201718
0.201823
0.201941
0.202073
0.202222
0.202388
0.202573
0.202779
0.203008
0.203261
0.203541
0.20385
0.204189
0.204562
0.204971
0.205418
0.205906
0.206437
0.207015
0.207641
0.208318
0.209049
0.209835
0.210678
0.21158
0.212542
0.213564
0.214645
0.215787
0.216986
0.21824
0.219547
0.220903
0.222302
0.22374
0.225209
0.226702
0.228212
0.22973
0.231248
0.232759
0.234252
0.235722
0.237159
0.238558
0.239913
0.24122
0.242475
0.243675
0.244821
0.245912
0.246952
0.247943
0.248892
0.249803
0.250685
0.251547
0.252399
0.253252
0.254117
0.255008
0.255937
0.256917
0.257963
0.259088
0.260305
0.261626
0.263064
0.264628
0.266328
0.268168
0.270155
0.272287
0.274562
0.276985
0.279395
0.283177
0.199789
0.199831
0.199873
0.199915
0.199957
0.199998
0.20004
0.200081
0.200121
0.200162
0.200201
0.200242
0.200282
0.200324
0.200367
0.200413
0.200462
0.200515
0.200574
0.200639
0.200712
0.200794
0.200885
0.200988
0.201104
0.201233
0.201378
0.201541
0.201722
0.201923
0.202146
0.202394
0.202667
0.202968
0.2033
0.203663
0.204061
0.204496
0.204971
0.205487
0.206047
0.206654
0.20731
0.208016
0.208776
0.20959
0.21046
0.211388
0.212373
0.213415
0.214515
0.215671
0.216881
0.218142
0.219451
0.220803
0.222194
0.223617
0.225065
0.226531
0.228007
0.229485
0.230956
0.232412
0.233844
0.235245
0.236607
0.237923
0.239188
0.240396
0.241544
0.24263
0.243652
0.24461
0.245507
0.246345
0.247128
0.247862
0.248553
0.249208
0.249837
0.25045
0.251055
0.251664
0.252289
0.252941
0.253632
0.254374
0.25518
0.256061
0.257027
0.258089
0.259256
0.260536
0.261934
0.263452
0.265092
0.266858
0.268634
0.271459
0.199247
0.199278
0.199309
0.199342
0.199375
0.199409
0.199444
0.199479
0.199514
0.199551
0.199588
0.199626
0.199665
0.199706
0.19975
0.199797
0.199848
0.199904
0.199965
0.200034
0.20011
0.200196
0.200293
0.200401
0.200522
0.200659
0.200811
0.200981
0.201171
0.201382
0.201616
0.201875
0.202161
0.202476
0.202821
0.2032
0.203615
0.204067
0.204559
0.205093
0.205672
0.206298
0.206973
0.207698
0.208476
0.209308
0.210195
0.211137
0.212135
0.213189
0.214297
0.215458
0.21667
0.217929
0.219232
0.220574
0.221949
0.223352
0.224774
0.226209
0.227649
0.229086
0.230509
0.231912
0.233286
0.234623
0.235915
0.237156
0.23834
0.239461
0.240517
0.241504
0.242421
0.243268
0.244046
0.244757
0.245405
0.245993
0.246529
0.247019
0.247469
0.247888
0.248286
0.248671
0.249053
0.249443
0.249851
0.250287
0.250763
0.251289
0.251874
0.252528
0.253261
0.254078
0.254987
0.255992
0.257097
0.258302
0.259534
0.261523
0.198856
0.198877
0.198899
0.198924
0.198949
0.198976
0.199005
0.199034
0.199065
0.199097
0.199131
0.199166
0.199204
0.199244
0.199287
0.199333
0.199384
0.19944
0.199503
0.199572
0.19965
0.199738
0.199836
0.199946
0.20007
0.200209
0.200364
0.200537
0.200731
0.200946
0.201185
0.201449
0.20174
0.202061
0.202414
0.2028
0.203222
0.203683
0.204183
0.204727
0.205315
0.20595
0.206634
0.207367
0.208153
0.208992
0.209884
0.210831
0.211831
0.212885
0.21399
0.215146
0.21635
0.217597
0.218884
0.220207
0.221558
0.222933
0.224323
0.225721
0.22712
0.22851
0.229884
0.231232
0.232548
0.233821
0.235046
0.236216
0.237325
0.238367
0.23934
0.240239
0.241065
0.241816
0.242492
0.243097
0.243631
0.244101
0.24451
0.244864
0.24517
0.245435
0.245666
0.245872
0.246061
0.246243
0.246425
0.246619
0.246832
0.247074
0.247354
0.24768
0.24806
0.248502
0.249012
0.249594
0.250254
0.250991
0.251764
0.253037
0.198597
0.198611
0.198626
0.198644
0.198664
0.198685
0.198709
0.198734
0.19876
0.198789
0.19882
0.198852
0.198888
0.198926
0.198967
0.199012
0.199062
0.199117
0.199179
0.199248
0.199325
0.199411
0.199508
0.199618
0.19974
0.199878
0.200033
0.200205
0.200397
0.200612
0.20085
0.201113
0.201404
0.201725
0.202077
0.202463
0.202885
0.203346
0.203847
0.20439
0.204978
0.205613
0.206295
0.207027
0.20781
0.208645
0.209531
0.210471
0.211462
0.212504
0.213596
0.214736
0.215919
0.217144
0.218405
0.219698
0.221016
0.222353
0.223702
0.225056
0.226406
0.227744
0.229062
0.230352
0.231605
0.232814
0.233972
0.235071
0.236107
0.237074
0.237969
0.238789
0.239532
0.240197
0.240785
0.241297
0.241736
0.242106
0.242409
0.242652
0.24284
0.24298
0.243077
0.24314
0.243176
0.243191
0.243196
0.243196
0.243201
0.243218
0.243255
0.243319
0.243418
0.243558
0.243745
0.243984
0.24428
0.24463
0.245023
0.245695
0.198459
0.198468
0.19848
0.198494
0.198509
0.198527
0.198547
0.198569
0.198593
0.198619
0.198647
0.198677
0.19871
0.198746
0.198786
0.198829
0.198877
0.19893
0.19899
0.199056
0.19913
0.199214
0.199308
0.199414
0.199533
0.199666
0.199816
0.199984
0.200171
0.20038
0.200612
0.200869
0.201154
0.201468
0.201814
0.202193
0.202608
0.203061
0.203554
0.204089
0.204667
0.205291
0.205963
0.206682
0.207452
0.208271
0.209142
0.210062
0.211033
0.212052
0.213118
0.214229
0.215381
0.216571
0.217794
0.219045
0.220319
0.221608
0.222906
0.224205
0.225497
0.226776
0.228031
0.229255
0.230441
0.231581
0.232668
0.233696
0.234658
0.235551
0.236371
0.237114
0.237779
0.238366
0.238873
0.239304
0.239659
0.239942
0.240156
0.240305
0.240396
0.240432
0.240421
0.240368
0.24028
0.240164
0.240026
0.239874
0.239713
0.239552
0.239397
0.239254
0.239129
0.239028
0.238958
0.23892
0.238923
0.238959
0.239044
0.239216
0.198439
0.198447
0.198457
0.198469
0.198484
0.1985
0.198519
0.198539
0.198561
0.198585
0.198612
0.198641
0.198672
0.198706
0.198743
0.198784
0.19883
0.19888
0.198936
0.198999
0.199069
0.199148
0.199237
0.199337
0.199449
0.199576
0.199718
0.199877
0.200055
0.200254
0.200476
0.200722
0.200996
0.201297
0.20163
0.201996
0.202396
0.202834
0.20331
0.203828
0.204388
0.204993
0.205643
0.20634
0.207085
0.207879
0.208721
0.209611
0.210549
0.211532
0.21256
0.213629
0.214737
0.21588
0.217052
0.218249
0.219466
0.220695
0.22193
0.223164
0.224389
0.225596
0.22678
0.227931
0.229042
0.230107
0.231117
0.232068
0.232954
0.23377
0.234513
0.235181
0.23577
0.236281
0.236713
0.237067
0.237346
0.237551
0.237686
0.237755
0.237762
0.237713
0.237611
0.237463
0.237275
0.237052
0.2368
0.236526
0.236234
0.235932
0.235624
0.235317
0.235016
0.234725
0.234449
0.234192
0.233961
0.233745
0.233583
0.233347
0.198541
0.198551
0.198563
0.198577
0.198593
0.19861
0.198629
0.198649
0.198672
0.198695
0.198721
0.198749
0.198779
0.198811
0.198846
0.198884
0.198927
0.198973
0.199025
0.199082
0.199147
0.199219
0.199301
0.199393
0.199496
0.199613
0.199744
0.199891
0.200057
0.200242
0.200449
0.20068
0.200936
0.20122
0.201534
0.201879
0.202258
0.202673
0.203125
0.203617
0.20415
0.204725
0.205345
0.206009
0.206719
0.207475
0.208277
0.209125
0.210017
0.210952
0.211928
0.212943
0.213993
0.215074
0.216183
0.217313
0.218459
0.219615
0.220774
0.22193
0.223074
0.224201
0.225301
0.226369
0.227396
0.228376
0.229303
0.23017
0.230973
0.231708
0.232371
0.23296
0.233471
0.233906
0.234263
0.234544
0.234749
0.234882
0.234945
0.23494
0.234874
0.234748
0.234569
0.234341
0.234069
0.233758
0.233413
0.233039
0.232643
0.232228
0.231799
0.231362
0.230921
0.230479
0.230042
0.229612
0.229195
0.228779
0.228423
0.227857
0.198782
0.198798
0.198814
0.198832
0.198851
0.198871
0.198892
0.198915
0.198938
0.198962
0.198988
0.199015
0.199044
0.199074
0.199107
0.199142
0.19918
0.199222
0.199268
0.199319
0.199376
0.19944
0.199513
0.199594
0.199686
0.19979
0.199907
0.200039
0.200188
0.200356
0.200544
0.200754
0.200988
0.201248
0.201537
0.201855
0.202206
0.20259
0.20301
0.203468
0.203964
0.204501
0.20508
0.2057
0.206364
0.207071
0.20782
0.208613
0.209446
0.21032
0.211231
0.212177
0.213155
0.214161
0.21519
0.216238
0.217299
0.218368
0.219437
0.220501
0.221552
0.222584
0.223589
0.224561
0.225492
0.226377
0.227209
0.227984
0.228696
0.229342
0.229918
0.230422
0.230851
0.231206
0.231486
0.231691
0.231823
0.231883
0.231875
0.231801
0.231665
0.23147
0.231221
0.230921
0.230575
0.230189
0.229765
0.229309
0.228826
0.228318
0.227792
0.227251
0.226698
0.226137
0.225573
0.225006
0.224444
0.22387
0.223362
0.222533
0.199191
0.199214
0.199237
0.199261
0.199286
0.19931
0.199335
0.19936
0.199385
0.19941
0.199436
0.199463
0.19949
0.199518
0.199547
0.199578
0.199611
0.199647
0.199686
0.199729
0.199776
0.19983
0.19989
0.199959
0.200036
0.200124
0.200224
0.200337
0.200466
0.200612
0.200776
0.20096
0.201167
0.201398
0.201655
0.20194
0.202255
0.202601
0.202981
0.203395
0.203846
0.204334
0.204861
0.205427
0.206032
0.206678
0.207363
0.208086
0.208848
0.209645
0.210476
0.211339
0.21223
0.213145
0.21408
0.21503
0.215991
0.216956
0.21792
0.218877
0.219819
0.220741
0.221636
0.222498
0.22332
0.224096
0.224822
0.225492
0.226102
0.226648
0.227127
0.227537
0.227877
0.228144
0.22834
0.228464
0.228517
0.228503
0.228421
0.228276
0.22807
0.227807
0.227489
0.227122
0.226709
0.226253
0.225759
0.225231
0.224673
0.224088
0.22348
0.222852
0.222209
0.221553
0.220887
0.220211
0.219535
0.218838
0.218215
0.217177
0.199811
0.199844
0.199876
0.199907
0.199937
0.199966
0.199995
0.200022
0.200049
0.200075
0.2001
0.200125
0.20015
0.200174
0.200199
0.200224
0.20025
0.200277
0.200307
0.200339
0.200375
0.200415
0.200461
0.200513
0.200573
0.200641
0.20072
0.200811
0.200915
0.201033
0.201169
0.201322
0.201496
0.201691
0.20191
0.202154
0.202426
0.202726
0.203056
0.203418
0.203813
0.204242
0.204706
0.205205
0.205741
0.206312
0.206918
0.207559
0.208234
0.20894
0.209676
0.210439
0.211226
0.212034
0.212858
0.213694
0.214537
0.215382
0.216223
0.217055
0.217871
0.218667
0.219435
0.22017
0.220867
0.221519
0.222123
0.222673
0.223167
0.223599
0.223968
0.224272
0.224509
0.224678
0.224779
0.224813
0.224779
0.224681
0.22452
0.224297
0.224017
0.223681
0.223294
0.222857
0.222376
0.221853
0.221292
0.220696
0.220069
0.219415
0.218736
0.218035
0.217316
0.216581
0.215832
0.215071
0.214306
0.213512
0.212803
0.211603
0.200711
0.200752
0.200792
0.200829
0.200864
0.200898
0.200929
0.200958
0.200985
0.201009
0.201032
0.201053
0.201073
0.201091
0.201109
0.201125
0.201141
0.201157
0.201174
0.201193
0.201213
0.201237
0.201264
0.201295
0.201333
0.201378
0.201431
0.201494
0.201567
0.201654
0.201754
0.20187
0.202004
0.202157
0.20233
0.202525
0.202744
0.202989
0.20326
0.203559
0.203888
0.204246
0.204635
0.205055
0.205506
0.205989
0.206502
0.207046
0.207617
0.208216
0.20884
0.209486
0.210152
0.210834
0.211529
0.212231
0.212938
0.213643
0.214342
0.21503
0.215701
0.216351
0.216973
0.217562
0.218114
0.218624
0.219087
0.219499
0.219858
0.220159
0.220402
0.220582
0.220701
0.220756
0.220748
0.220676
0.220543
0.220349
0.220096
0.219786
0.219421
0.219005
0.218539
0.218028
0.217474
0.21688
0.21625
0.215587
0.214893
0.214173
0.213428
0.212662
0.211877
0.211075
0.21026
0.20943
0.208596
0.207729
0.20696
0.20564
0.201983
0.202031
0.202076
0.202117
0.202155
0.202189
0.20222
0.202247
0.20227
0.20229
0.202307
0.202321
0.202332
0.20234
0.202345
0.202349
0.20235
0.202351
0.202351
0.20235
0.20235
0.202351
0.202354
0.20236
0.20237
0.202385
0.202406
0.202434
0.202471
0.202518
0.202576
0.202647
0.202732
0.202833
0.202951
0.203088
0.203245
0.203423
0.203624
0.203849
0.204097
0.204372
0.204671
0.204998
0.20535
0.205728
0.206132
0.20656
0.207011
0.207484
0.207977
0.208487
0.209011
0.209547
0.210091
0.210639
0.211187
0.211731
0.212266
0.212788
0.213291
0.213772
0.214225
0.214646
0.215031
0.215375
0.215675
0.215927
0.216129
0.216277
0.216371
0.216408
0.216387
0.216307
0.21617
0.215975
0.215723
0.215416
0.215054
0.214641
0.214178
0.213667
0.213113
0.212516
0.211881
0.21121
0.210505
0.209771
0.20901
0.208225
0.207418
0.206592
0.20575
0.204893
0.204025
0.203145
0.202262
0.201347
0.200542
0.19915
0.203767
0.203817
0.203862
0.203902
0.203936
0.203965
0.203989
0.204008
0.204022
0.204032
0.204036
0.204036
0.204031
0.204023
0.20401
0.203994
0.203974
0.203951
0.203927
0.2039
0.203871
0.203843
0.203814
0.203786
0.203759
0.203735
0.203715
0.2037
0.20369
0.203688
0.203693
0.203709
0.203734
0.203772
0.203824
0.203889
0.203971
0.204069
0.204185
0.204319
0.204473
0.204646
0.20484
0.205055
0.205289
0.205544
0.205818
0.20611
0.20642
0.206746
0.207085
0.207435
0.207795
0.208161
0.20853
0.208898
0.209263
0.209619
0.209964
0.210293
0.210602
0.210888
0.211145
0.21137
0.21156
0.211711
0.211821
0.211885
0.211903
0.211871
0.211789
0.211655
0.211469
0.211231
0.21094
0.210597
0.210204
0.209761
0.209271
0.208735
0.208156
0.207537
0.206879
0.206185
0.205459
0.204703
0.20392
0.203113
0.202285
0.201439
0.200577
0.199702
0.198817
0.197923
0.197023
0.196117
0.195216
0.194288
0.193481
0.192086
0.206273
0.206316
0.206352
0.20638
0.206402
0.206416
0.206424
0.206426
0.20642
0.206408
0.20639
0.206366
0.206335
0.206299
0.206258
0.206211
0.206158
0.206102
0.206041
0.205976
0.205907
0.205836
0.205763
0.205688
0.205613
0.205537
0.205462
0.205389
0.205318
0.205252
0.20519
0.205133
0.205083
0.205042
0.205008
0.204985
0.204972
0.204971
0.204982
0.205007
0.205044
0.205095
0.205161
0.20524
0.205333
0.20544
0.205559
0.20569
0.205831
0.205981
0.206139
0.206301
0.206467
0.206633
0.206796
0.206954
0.207104
0.207242
0.207364
0.207468
0.20755
0.207607
0.207635
0.207632
0.207594
0.207519
0.207405
0.207249
0.20705
0.206807
0.206518
0.206183
0.205802
0.205375
0.204904
0.204388
0.20383
0.20323
0.202592
0.201917
0.201207
0.200466
0.199697
0.198901
0.198083
0.197244
0.196389
0.195521
0.194642
0.193755
0.192863
0.19197
0.191077
0.190187
0.189303
0.188426
0.187565
0.186691
0.185946
0.184675
0.209845
0.209864
0.209875
0.209876
0.209869
0.209853
0.209828
0.209795
0.209753
0.209704
0.209646
0.20958
0.209506
0.209424
0.209335
0.209239
0.209136
0.209025
0.208909
0.208786
0.208658
0.208524
0.208385
0.208242
0.208096
0.207946
0.207794
0.20764
0.207485
0.20733
0.207175
0.207022
0.206871
0.206723
0.206579
0.206439
0.206304
0.206175
0.206052
0.205935
0.205826
0.205723
0.205627
0.205539
0.205456
0.20538
0.205309
0.205242
0.205178
0.205116
0.205054
0.20499
0.204923
0.20485
0.204768
0.204676
0.20457
0.204449
0.204309
0.204147
0.203962
0.203751
0.203511
0.20324
0.202936
0.202598
0.202223
0.201812
0.201363
0.200876
0.200351
0.199788
0.199188
0.198552
0.197881
0.197178
0.196443
0.195681
0.194893
0.194083
0.193252
0.192406
0.191546
0.190677
0.189801
0.188923
0.188047
0.187174
0.18631
0.185457
0.184618
0.183798
0.182998
0.182221
0.181471
0.180749
0.180064
0.179395
0.178845
0.177967
0.215081
0.215049
0.215006
0.214952
0.214886
0.21481
0.214723
0.214626
0.214518
0.214399
0.21427
0.21413
0.21398
0.21382
0.213651
0.213471
0.213281
0.213083
0.212875
0.212657
0.212432
0.212198
0.211956
0.211706
0.211449
0.211185
0.210915
0.21064
0.210359
0.210073
0.209783
0.20949
0.209194
0.208895
0.208594
0.208291
0.207987
0.207683
0.207378
0.207072
0.206766
0.206459
0.206152
0.205844
0.205535
0.205224
0.204911
0.204594
0.204272
0.203945
0.203611
0.203268
0.202915
0.202551
0.202173
0.201781
0.201371
0.200943
0.200494
0.200024
0.19953
0.199011
0.198467
0.197895
0.197297
0.196671
0.196017
0.195336
0.194629
0.193896
0.193139
0.19236
0.191562
0.190745
0.189914
0.189072
0.188221
0.187366
0.186511
0.185659
0.184814
0.183981
0.183164
0.182367
0.181595
0.180851
0.180139
0.179464
0.178829
0.178238
0.177693
0.177198
0.176756
0.176369
0.176041
0.175772
0.175567
0.175428
0.175352
0.175394
0.223112
0.222971
0.222817
0.222648
0.222466
0.222269
0.222059
0.221834
0.221596
0.221344
0.221078
0.220799
0.220506
0.2202
0.21988
0.219547
0.219201
0.218842
0.21847
0.218085
0.217688
0.21728
0.216859
0.216426
0.215983
0.215528
0.215063
0.214587
0.214102
0.213607
0.213103
0.21259
0.212068
0.211539
0.211001
0.210456
0.209903
0.209343
0.208777
0.208203
0.207622
0.207034
0.206439
0.205836
0.205226
0.204609
0.203982
0.203348
0.202704
0.20205
0.201387
0.200713
0.200027
0.19933
0.198621
0.1979
0.197166
0.19642
0.195662
0.194891
0.194109
0.193317
0.192516
0.191707
0.190891
0.190072
0.189252
0.188433
0.187619
0.186812
0.186018
0.185239
0.184481
0.183747
0.183042
0.182371
0.181738
0.181149
0.180609
0.180121
0.17969
0.17932
0.179016
0.178781
0.178618
0.17853
0.178519
0.178587
0.178736
0.178965
0.179276
0.179668
0.180141
0.180693
0.181323
0.182031
0.182808
0.183692
0.184497
0.18612
0.236156
0.235767
0.235358
0.234931
0.234485
0.23402
0.233537
0.233035
0.232515
0.231977
0.231421
0.230847
0.230256
0.229647
0.229021
0.228379
0.22772
0.227045
0.226354
0.225648
0.224926
0.22419
0.223439
0.222675
0.221897
0.221106
0.220302
0.219487
0.218659
0.217821
0.216972
0.216114
0.215246
0.214369
0.213485
0.212593
0.211695
0.210791
0.209881
0.208968
0.208052
0.207133
0.206214
0.205294
0.204376
0.203461
0.20255
0.201645
0.200748
0.199861
0.198985
0.198124
0.19728
0.196455
0.195653
0.194877
0.194129
0.193415
0.192737
0.192099
0.191506
0.190963
0.190472
0.19004
0.189669
0.189366
0.189133
0.188976
0.188899
0.188904
0.188996
0.189179
0.189453
0.189823
0.19029
0.190855
0.191519
0.192283
0.193144
0.194104
0.195159
0.196306
0.197543
0.198865
0.200267
0.201742
0.203283
0.204884
0.206536
0.208229
0.209955
0.211704
0.213467
0.215233
0.216995
0.218744
0.220465
0.222199
0.223684
0.22622
0.257752
0.256717
0.255663
0.254592
0.253504
0.252399
0.25128
0.250147
0.249
0.247842
0.246673
0.245494
0.244308
0.243114
0.241914
0.24071
0.239502
0.238293
0.237083
0.235875
0.234669
0.233468
0.232273
0.231086
0.229909
0.228743
0.227591
0.226455
0.225337
0.22424
0.223167
0.222119
0.221101
0.220115
0.219164
0.218252
0.217382
0.216559
0.215787
0.215069
0.214411
0.213817
0.213293
0.212843
0.212473
0.212189
0.211996
0.211901
0.211909
0.212026
0.212259
0.212614
0.213096
0.213711
0.214464
0.21536
0.216403
0.217596
0.218943
0.220445
0.222103
0.223916
0.225883
0.228
0.230263
0.232666
0.235202
0.237861
0.240634
0.243507
0.24647
0.249507
0.252603
0.255742
0.258908
0.262084
0.265251
0.268393
0.271491
0.274528
0.277487
0.28035
0.283101
0.285724
0.288204
0.290527
0.292678
0.294648
0.296426
0.298002
0.29937
0.300526
0.301467
0.302192
0.302704
0.303003
0.30311
0.302976
0.302782
0.301956
0.289097
0.287442
0.285868
0.284377
0.28297
0.281647
0.280409
0.279256
0.278189
0.277208
0.276314
0.275507
0.274788
0.274157
0.273616
0.273166
0.272807
0.27254
0.272366
0.272288
0.272306
0.272423
0.272638
0.272955
0.273376
0.273902
0.274536
0.275279
0.276134
0.277104
0.27819
0.279396
0.280725
0.282177
0.283757
0.285467
0.287309
0.289286
0.291401
0.293656
0.296052
0.298594
0.301282
0.304118
0.307104
0.310241
0.31353
0.316972
0.320566
0.324312
0.328208
0.332252
0.336442
0.340774
0.345242
0.349841
0.354562
0.359398
0.364336
0.369365
0.37447
0.379634
0.384839
0.390062
0.395281
0.400468
0.405596
0.410632
0.415544
0.420297
0.424852
0.429171
0.433216
0.436947
0.440326
0.443314
0.445878
0.447985
0.449607
0.450722
0.451312
0.451365
0.450877
0.44985
0.448292
0.44622
0.443654
0.440622
0.437157
0.433295
0.429078
0.424546
0.419746
0.41472
0.409517
0.404164
0.398773
0.393095
0.38832
0.379643
0.491899
0.496149
0.500247
0.504188
0.507968
0.511584
0.515033
0.518311
0.521417
0.524347
0.5271
0.529674
0.532065
0.534274
0.536298
0.538136
0.539786
0.541247
0.542518
0.543598
0.544485
0.545178
0.545677
0.545979
0.546085
0.545991
0.545698
0.545203
0.544505
0.543602
0.542492
0.541173
0.539643
0.5379
0.535942
0.533766
0.531371
0.528753
0.525912
0.522844
0.519549
0.516025
0.51227
0.508285
0.50407
0.499624
0.494951
0.490052
0.48493
0.479591
0.474041
0.468287
0.462338
0.456205
0.4499
0.443438
0.436835
0.43011
0.423281
0.416372
0.409406
0.402408
0.395405
0.388424
0.381494
0.374644
0.367904
0.3613
0.354862
0.348615
0.342582
0.336786
0.331246
0.325976
0.320989
0.316292
0.31189
0.307783
0.303966
0.300433
0.297173
0.294172
0.291414
0.288879
0.286549
0.284401
0.282414
0.280567
0.278837
0.277205
0.275649
0.274152
0.272695
0.27126
0.269836
0.268397
0.266963
0.265407
0.264139
0.261546
0.000276792
0.00118544
0.00232495
0.00312135
0.00340537
0.00330662
0.00303864
0.00267714
0.00232752
0.00197127
0.00173968
0.00408993
0.0056687
0.00245509
0.0260264
0.048345
0.0695679
0.0895589
0.108466
0.126426
0.143527
0.159798
0.175247
0.189879
0.203724
0.216834
0.229288
0.241177
0.252596
0.263634
0.274369
0.284865
0.295171
0.305324
0.315353
0.325282
0.335142
0.344973
0.354832
0.364766
0.374623
0.384414
0.394146
0.403799
0.413346
0.422755
0.431989
0.441006
0.449763
0.458213
0.466307
0.473993
0.481216
0.487921
0.494051
0.49955
0.504362
0.508433
0.511714
0.514157
0.515725
0.516384
0.51611
0.514887
0.512715
0.509606
0.505586
0.500683
0.494971
0.48868
0.482726
0.479858
0.47879
0.477388
0.475343
0.472675
0.469462
0.465778
0.461687
0.457244
0.4525
0.447502
0.442297
0.436924
0.431425
0.425835
0.420188
0.414515
0.408843
0.4032
0.39761
0.392096
0.386681
0.381389
0.376251
0.371299
0.3666
0.362246
0.358439
0.355169
0.00324638
0.00632226
0.00946994
0.0103279
0.00959906
0.00825771
0.00665912
0.00488423
0.00125466
0.00617771
0.0256048
0.0413761
0.0569255
0.0742246
0.0960144
0.119987
0.146652
0.176818
0.210894
0.248728
0.289647
0.332624
0.376515
0.420277
0.463111
0.504521
0.544299
0.582462
0.619174
0.654678
0.689228
0.72306
0.756363
0.789268
0.821849
0.854129
0.886085
0.917666
0.948822
0.979628
1.01048
1.0415
1.07265
1.10391
1.13521
1.16647
1.19759
1.22848
1.25902
1.2891
1.31858
1.34731
1.37516
1.40197
1.42756
1.45177
1.47442
1.49534
1.51436
1.53132
1.54607
1.55846
1.56838
1.57572
1.58041
1.58242
1.58173
1.57836
1.57236
1.56388
1.55326
1.54102
1.52693
1.51063
1.49227
1.47214
1.45052
1.42764
1.40372
1.37896
1.35354
1.3276
1.3013
1.27478
1.24815
1.22152
1.195
1.16867
1.14259
1.11685
1.0915
1.06658
1.04214
1.01822
0.99488
0.972066
0.950074
0.92807
0.90923
0.879244
0.0075827
0.0162749
0.0189611
0.016351
0.0130431
0.00996815
0.00876154
0.0140003
0.0270135
0.0462493
0.0656407
0.0832547
0.102789
0.126802
0.156488
0.193822
0.239416
0.292938
0.352879
0.416983
0.482753
0.54793
0.610809
0.670359
0.726179
0.778356
0.82728
0.873495
0.917575
0.960055
1.0014
1.042
1.08216
1.12212
1.16208
1.20219
1.24256
1.28328
1.32441
1.36591
1.40773
1.44979
1.49201
1.53427
1.57647
1.61848
1.66017
1.70139
1.74198
1.7818
1.82064
1.85834
1.89468
1.92946
1.96247
1.99349
2.02229
2.04865
2.07236
2.09322
2.11103
2.12564
2.13691
2.14473
2.14903
2.14977
2.14699
2.1407
2.13099
2.11795
2.10171
2.08255
2.06082
2.03671
2.01035
1.98191
1.95164
1.91981
1.88666
1.85246
1.81743
1.78178
1.7457
1.70937
1.67295
1.63657
1.60037
1.56444
1.52889
1.49379
1.45922
1.42522
1.39186
1.35916
1.32717
1.29585
1.26538
1.23504
1.20778
1.16583
0.0115785
0.0272367
0.0249773
0.0196066
0.0171838
0.0192051
0.0266016
0.0402095
0.057828
0.0759353
0.0933626
0.113479
0.139681
0.174226
0.218245
0.271842
0.333398
0.400493
0.470599
0.541585
0.611872
0.680392
0.746498
0.809879
0.870482
0.928447
0.984045
1.03762
1.08956
1.14025
1.19004
1.23927
1.2882
1.33707
1.38607
1.43533
1.48493
1.53489
1.58514
1.63558
1.68619
1.73688
1.78758
1.83816
1.88847
1.93836
1.98765
2.03617
2.08372
2.13007
2.17503
2.21834
2.25977
2.29907
2.33599
2.37028
2.40169
2.42998
2.45491
2.47628
2.49391
2.50763
2.51732
2.52293
2.5244
2.52174
2.51502
2.50432
2.48977
2.47154
2.4498
2.4248
2.39689
2.36637
2.33348
2.29846
2.2616
2.22316
2.18342
2.14266
2.10111
2.059
2.01655
1.97393
1.93132
1.88886
1.84668
1.80488
1.76358
1.72284
1.68273
1.64332
1.60463
1.56671
1.52958
1.49319
1.45766
1.42237
1.39001
1.34177
0.0155876
0.0367809
0.0338509
0.0296821
0.0305958
0.037013
0.0480667
0.0622522
0.0778248
0.0945285
0.114693
0.14182
0.178056
0.223967
0.278545
0.339685
0.405005
0.47262
0.541376
0.610652
0.680077
0.749323
0.81804
0.885865
0.952485
1.01768
1.08137
1.14359
1.20446
1.26421
1.32307
1.38131
1.43916
1.49684
1.5545
1.61227
1.6702
1.72827
1.78638
1.84445
1.90241
1.96018
2.01766
2.07471
2.13114
2.18678
2.24141
2.2948
2.34672
2.3969
2.44508
2.491
2.53437
2.57492
2.61238
2.64648
2.67697
2.70362
2.72621
2.74459
2.75859
2.76813
2.77314
2.77362
2.7696
2.76118
2.7485
2.73171
2.71104
2.68672
2.659
2.62818
2.5946
2.55857
2.52038
2.48032
2.43865
2.39565
2.35159
2.30671
2.26126
2.21543
2.16942
2.12341
2.07753
2.03193
1.98672
1.942
1.89785
1.85434
1.81153
1.76946
1.72817
1.68767
1.64798
1.60905
1.57096
1.53316
1.49822
1.44711
0.0193738
0.0479686
0.0449477
0.0421263
0.0451393
0.0528014
0.0635457
0.0765278
0.092121
0.112169
0.139241
0.175077
0.219682
0.271639
0.328803
0.38921
0.451646
0.515676
0.581358
0.648864
0.718227
0.789233
0.861446
0.934298
1.00721
1.07967
1.1513
1.22191
1.2914
1.35984
1.42734
1.49406
1.5602
1.62592
1.69134
1.75659
1.82167
1.88654
1.95111
2.01526
2.07889
2.1419
2.20414
2.26544
2.32561
2.3844
2.44158
2.49688
2.55002
2.60071
2.64865
2.69355
2.73511
2.77306
2.80713
2.83706
2.86265
2.88371
2.9001
2.91172
2.91853
2.92051
2.91774
2.91031
2.89839
2.88217
2.86188
2.83781
2.81025
2.7795
2.74587
2.70971
2.67135
2.6311
2.58924
2.54603
2.50173
2.45656
2.41075
2.36448
2.31795
2.27131
2.22471
2.17829
2.13214
2.08638
2.04108
1.99632
1.95215
1.90863
1.8658
1.82368
1.7823
1.74167
1.70179
1.6626
1.62419
1.58603
1.55065
1.4994
0.0231874
0.0590067
0.0554059
0.0528312
0.0561843
0.0637994
0.0747956
0.0896838
0.109872
0.136995
0.172
0.214517
0.263076
0.315832
0.371268
0.428595
0.487743
0.549096
0.613169
0.680342
0.750704
0.824018
0.899774
0.977292
1.05584
1.13474
1.21342
1.29148
1.36865
1.44483
1.51999
1.59418
1.66751
1.74006
1.81195
1.88319
1.95379
2.02367
2.09274
2.16085
2.22787
2.29362
2.35794
2.42062
2.48143
2.5401
2.59636
2.64991
2.70045
2.74768
2.79128
2.83098
2.86648
2.89755
2.92395
2.94551
2.96209
2.9736
2.98003
2.98138
2.97776
2.96932
2.95625
2.93881
2.91729
2.89203
2.86337
2.83167
2.79731
2.76064
2.72201
2.68175
2.64018
2.59758
2.55419
2.5102
2.4658
2.42114
2.37636
2.33158
2.28689
2.24239
2.19816
2.15425
2.11072
2.06764
2.02502
1.98292
1.94137
1.90038
1.85998
1.82018
1.78099
1.74241
1.70444
1.66701
1.63022
1.59357
1.55956
1.51042
0.0274991
0.0689936
0.063705
0.0605187
0.064427
0.0743837
0.0902279
0.112542
0.141773
0.177811
0.219816
0.26642
0.316202
0.368117
0.4217
0.477044
0.534639
0.595124
0.659089
0.72692
0.798699
0.874189
0.95288
1.03408
1.11699
1.20087
1.28502
1.36888
1.45205
1.53426
1.61533
1.6952
1.77385
1.8513
1.92752
2.00251
2.07621
2.14853
2.21933
2.28845
2.35571
2.4209
2.48381
2.54421
2.60183
2.65639
2.7076
2.75517
2.79879
2.83817
2.87303
2.90314
2.92826
2.94822
2.96289
2.97222
2.97618
2.97484
2.96832
2.95682
2.94059
2.91996
2.89528
2.86697
2.83544
2.80116
2.76455
2.72605
2.68606
2.64496
2.60309
2.56074
2.51817
2.47558
2.43313
2.39094
2.34909
2.30762
2.26657
2.22596
2.18579
2.14607
2.10678
2.06793
2.0295
1.99149
1.95389
1.91671
1.87993
1.84356
1.8076
1.77205
1.7369
1.70214
1.66777
1.63374
1.60014
1.56649
1.53524
1.48998
0.0322943
0.0769848
0.0697963
0.0683537
0.0791019
0.100818
0.131492
0.169038
0.211465
0.257155
0.30492
0.354003
0.404057
0.455124
0.50757
0.561971
0.619009
0.679347
0.743526
0.811871
0.88444
0.96101
1.04111
1.12407
1.20914
1.29554
1.38251
1.46943
1.55577
1.64111
1.72515
1.8077
1.8886
1.96773
2.045
2.12033
2.1936
2.26469
2.33342
2.3996
2.46303
2.52348
2.5807
2.63443
2.68442
2.73039
2.77205
2.80915
2.84142
2.86862
2.89055
2.90706
2.91803
2.9234
2.9232
2.91749
2.90646
2.89031
2.86937
2.84399
2.81461
2.7817
2.74578
2.70737
2.667
2.62519
2.58242
2.53915
2.49576
2.45261
2.40996
2.36804
2.32701
2.28698
2.248
2.21007
2.17315
2.1372
2.10213
2.06786
2.03431
2.00137
1.96898
1.93704
1.9055
1.87429
1.84336
1.81268
1.78221
1.75192
1.7218
1.69184
1.66202
1.63233
1.60276
1.57327
1.54396
1.51437
1.48684
1.4467
0.0363114
0.0822797
0.0777572
0.0907743
0.12706
0.178918
0.238036
0.298361
0.356562
0.411538
0.463533
0.51351
0.562594
0.611895
0.662428
0.715076
0.770588
0.829564
0.892431
0.959413
1.03051
1.1055
1.18395
1.26527
1.34875
1.43366
1.51927
1.60489
1.68994
1.77388
1.85629
1.93684
2.01526
2.09134
2.16491
2.2358
2.30385
2.36888
2.4307
2.48909
2.54382
2.59468
2.6414
2.68375
2.72148
2.75436
2.78216
2.80466
2.82171
2.83316
2.83893
2.83898
2.83335
2.82215
2.80555
2.78382
2.75728
2.72634
2.69148
2.65321
2.6121
2.56875
2.52376
2.47771
2.43118
2.38469
2.33871
2.29364
2.24981
2.20749
2.16686
2.12803
2.09105
2.05591
2.02255
1.99087
1.96073
1.93196
1.90441
1.87789
1.85224
1.82729
1.80289
1.77891
1.75523
1.73174
1.70836
1.68501
1.66165
1.63823
1.6147
1.59106
1.56727
1.54333
1.51923
1.49492
1.47053
1.44563
1.42237
1.38808
0.0390555
0.0865806
0.101263
0.158275
0.24769
0.347899
0.444961
0.531681
0.606087
0.669479
0.724481
0.774019
0.82071
0.866647
0.913388
0.962047
1.0134
1.06795
1.12602
1.18773
1.25306
1.32178
1.39354
1.46784
1.54408
1.62165
1.69984
1.77795
1.85534
1.93144
2.0058
2.07799
2.14767
2.21456
2.2784
2.33897
2.39606
2.44944
2.49891
2.54425
2.58524
2.62166
2.65329
2.67994
2.70141
2.71753
2.72817
2.73321
2.73261
2.72635
2.71449
2.69716
2.67456
2.64694
2.61466
2.57813
2.53784
2.49432
2.44818
2.40003
2.35051
2.30025
2.24987
2.19996
2.15103
2.10355
2.05791
2.01441
1.97329
1.93469
1.89867
1.86525
1.83435
1.80586
1.77962
1.75544
1.7331
1.71237
1.69301
1.67477
1.65745
1.64081
1.62468
1.60886
1.59322
1.5776
1.5619
1.54603
1.52991
1.51348
1.49669
1.47952
1.46194
1.44393
1.42549
1.40657
1.38731
1.3673
1.3485
1.32033
0.0395851
0.0982082
0.176491
0.324203
0.492776
0.650696
0.785328
0.893769
0.978696
1.04532
1.09921
1.14516
1.18687
1.22694
1.26708
1.30838
1.35152
1.39691
1.44484
1.49544
1.54874
1.60461
1.66285
1.72315
1.785
1.84777
1.91089
1.97378
2.03587
2.09664
2.15559
2.21228
2.26634
2.31742
2.36523
2.4095
2.44997
2.48642
2.51862
2.54638
2.56949
2.58777
2.60105
2.6092
2.6121
2.60968
2.60189
2.58876
2.57035
2.5468
2.51831
2.48515
2.44766
2.40623
2.36136
2.31356
2.2634
2.21151
2.15851
2.10503
2.05172
1.99915
1.94789
1.89842
1.85118
1.8065
1.76465
1.72582
1.69011
1.65755
1.62809
1.60164
1.57805
1.55713
1.53864
1.52235
1.50799
1.49528
1.48395
1.47373
1.46437
1.45563
1.44729
1.43916
1.43105
1.42283
1.41435
1.40551
1.39622
1.38641
1.37603
1.36503
1.35339
1.34108
1.32811
1.31442
1.30016
1.28495
1.27052
1.24836
0.0452082
0.144333
0.407052
0.702196
0.959889
1.16001
1.30643
1.40978
1.48209
1.53413
1.57409
1.6075
1.63771
1.66656
1.69501
1.72357
1.75259
1.78239
1.81338
1.84587
1.87999
1.91581
1.95321
1.99196
2.0318
2.07237
2.11323
2.1539
2.19391
2.23278
2.27006
2.30532
2.33818
2.36828
2.39531
2.41897
2.43902
2.4552
2.46731
2.47518
2.47862
2.4775
2.47173
2.46123
2.44596
2.42596
2.40127
2.37204
2.33845
2.30074
2.25924
2.2143
2.16637
2.11593
2.06351
2.00967
1.95501
1.90012
1.8456
1.79201
1.73989
1.68973
1.64195
1.59692
1.55493
1.51617
1.48079
1.44884
1.42031
1.39515
1.37323
1.35438
1.3384
1.32506
1.31412
1.30529
1.29831
1.2929
1.28877
1.28566
1.28332
1.2815
1.27998
1.27856
1.27705
1.27529
1.27316
1.27052
1.26729
1.26338
1.25873
1.25329
1.24703
1.23991
1.23195
1.22309
1.21346
1.20273
1.19237
1.17587
0.035648
0.459199
1.06288
1.51405
1.79121
1.94421
2.02209
2.05669
2.07012
2.07594
2.08098
2.08767
2.09607
2.1053
2.11446
2.12305
2.131
2.13863
2.14633
2.15456
2.16377
2.17421
2.18597
2.19896
2.213
2.22782
2.24308
2.25844
2.27348
2.28783
2.30108
2.31284
2.32277
2.33052
2.33578
2.33827
2.33774
2.33397
2.32677
2.31597
2.30147
2.28316
2.26099
2.23497
2.20513
2.17156
2.13443
2.09392
2.0503
2.0039
1.95508
1.90425
1.85189
1.79847
1.74451
1.69055
1.63709
1.58466
1.53374
1.48478
1.43818
1.39428
1.35337
1.31567
1.28131
1.25039
1.22293
1.19889
1.1782
1.16073
1.14631
1.13476
1.12586
1.11938
1.11508
1.1127
1.11198
1.11266
1.11449
1.11721
1.1206
1.12441
1.12844
1.13249
1.13638
1.13996
1.14307
1.1456
1.14745
1.14852
1.14876
1.14809
1.14648
1.1439
1.14034
1.13574
1.13023
1.12351
1.11682
1.10543
0.279791
1.77127
2.61654
2.88689
2.89451
2.79562
2.67376
2.56691
2.48689
2.43292
2.39916
2.37861
2.36514
2.35438
2.34384
2.3325
2.3203
2.30768
2.29517
2.28323
2.27217
2.26217
2.25324
2.24532
2.23829
2.23197
2.22613
2.22052
2.21487
2.20887
2.20223
2.19463
2.18577
2.17538
2.16319
2.14896
2.13247
2.11355
2.09204
2.06782
2.04081
2.01097
1.9783
1.94284
1.9047
1.86401
1.82096
1.77581
1.72885
1.68039
1.63083
1.58054
1.52997
1.47954
1.42969
1.38086
1.33345
1.28785
1.24443
1.20347
1.16525
1.12997
1.09779
1.06879
1.04304
1.02051
1.00117
0.984929
0.971676
0.961266
0.953534
0.948298
0.945365
0.944528
0.945574
0.948284
0.952437
0.957809
0.964179
0.971328
0.979044
0.987122
0.995368
1.0036
1.01164
1.01935
1.02657
1.03318
1.03908
1.04418
1.04839
1.05164
1.05391
1.05512
1.05528
1.05433
1.05237
1.04914
1.04563
1.03874
)
;

boundaryField
{
    outlet
    {
        type            zeroGradient;
    }
    inlet
    {
        type            fixedValue;
        value           uniform 0.2;
    }
    lowerWall
    {
        type            kqRWallFunction;
        value           nonuniform List<scalar> 
148
(
0.257082
0.434211
0.59852
0.709382
0.778145
0.818049
0.838547
0.845896
0.844371
0.836963
0.825767
0.812247
0.797426
0.782015
0.766498
0.751201
0.736336
0.722036
0.708378
0.6954
0.683115
0.671515
0.660583
0.650294
0.640616
0.631518
0.622963
0.614924
0.607339
0.600295
0.593189
0.588695
0.574467
0.000276792
0.00324638
0.0075827
0.0115785
0.0155876
0.0193738
0.0231874
0.0274991
0.0322943
0.0363114
0.0390555
0.0395851
0.0452082
0.035648
1e-15
0.000276792
0.00118544
0.00232495
0.00312135
0.00340537
0.00330662
0.00303864
0.00267714
0.00232752
0.00197127
0.00173968
1e-15
1e-15
0.00245509
0.0260264
0.048345
0.0695679
0.0895589
0.108466
0.126426
0.143527
0.159798
0.175247
0.189879
0.203724
0.216834
0.229288
0.241177
0.252596
0.263634
0.274369
0.284865
0.295171
0.305324
0.315353
0.325282
0.335142
0.344973
0.354832
0.364766
0.374623
0.384414
0.394146
0.403799
0.413346
0.422755
0.431989
0.441006
0.449763
0.458213
0.466307
0.473993
0.481216
0.487921
0.494051
0.49955
0.504362
0.508433
0.511714
0.514157
0.515725
0.516384
0.51611
0.514887
0.512715
0.509606
0.505586
0.500683
0.494971
0.48868
0.482726
0.479858
0.47879
0.477388
0.475343
0.472675
0.469462
0.465778
0.461687
0.457244
0.4525
0.447502
0.442297
0.436924
0.431425
0.425835
0.420188
0.414515
0.408843
0.4032
0.39761
0.392096
0.386681
0.381389
0.376251
0.371299
0.3666
0.362246
0.358439
0.355169
)
;
    }
    upperWall
    {
        type            kqRWallFunction;
        value           nonuniform List<scalar> 
133
(
0.205354
0.221127
0.238043
0.254121
0.268995
0.282971
0.296258
0.308938
0.321054
0.332632
0.343696
0.354264
0.36435
0.373971
0.38314
0.391874
0.400187
0.408094
0.415611
0.422753
0.429535
0.435971
0.442078
0.447869
0.453358
0.45856
0.463488
0.468156
0.472575
0.476758
0.480717
0.484461
0.488009
0.491899
0.496149
0.500247
0.504188
0.507968
0.511584
0.515033
0.518311
0.521417
0.524347
0.5271
0.529674
0.532065
0.534274
0.536298
0.538136
0.539786
0.541247
0.542518
0.543598
0.544485
0.545178
0.545677
0.545979
0.546085
0.545991
0.545698
0.545203
0.544505
0.543602
0.542492
0.541173
0.539643
0.5379
0.535942
0.533766
0.531371
0.528753
0.525912
0.522844
0.519549
0.516025
0.51227
0.508285
0.50407
0.499624
0.494951
0.490052
0.48493
0.479591
0.474041
0.468287
0.462338
0.456205
0.4499
0.443438
0.436835
0.43011
0.423281
0.416372
0.409406
0.402408
0.395405
0.388424
0.381494
0.374644
0.367904
0.3613
0.354862
0.348615
0.342582
0.336786
0.331246
0.325976
0.320989
0.316292
0.31189
0.307783
0.303966
0.300433
0.297173
0.294172
0.291414
0.288879
0.286549
0.284401
0.282414
0.280567
0.278837
0.277205
0.275649
0.274152
0.272695
0.27126
0.269836
0.268397
0.266963
0.265407
0.264139
0.261546
)
;
    }
    frontAndBack
    {
        type            empty;
    }
}


// ************************************************************************* //
