/*--------------------------------*- C++ -*----------------------------------*\
| =========                 |                                                 |
| \\      /  F ield         | OpenFOAM: The Open Source CFD Toolbox           |
|  \\    /   O peration     | Version:  4.1                                   |
|   \\  /    A nd           | Web:      www.OpenFOAM.org                      |
|    \\/     M anipulation  |                                                 |
\*---------------------------------------------------------------------------*/
FoamFile
{
    version     2.0;
    format      ascii;
    class       volScalarField;
    location    "2000";
    object      p;
}
// * * * * * * * * * * * * * * * * * * * * * * * * * * * * * * * * * * * * * //

dimensions      [0 2 -2 0 0 0 0];

internalField   nonuniform List<scalar> 
6820
(
6.15788
-4.54103
-8.06766
-8.81289
-9.20549
-9.53674
-9.7251
-9.81843
-9.88132
-9.934
-9.97706
-10.0121
-10.0423
-10.0694
-10.0943
-10.1172
-10.1386
-10.1588
-10.1779
-10.1963
-10.2139
-10.2308
-10.2473
-10.2632
-10.2787
-10.2937
-10.3083
-10.3222
-10.3353
-10.3475
-10.3577
-10.3676
-10.3638
-15.5614
-12.0141
-11.2123
-10.4079
-10.0248
-9.9426
-9.92867
-9.9238
-9.93581
-9.96089
-9.98899
-10.016
-10.0419
-10.0668
-10.0905
-10.1129
-10.1342
-10.1544
-10.1737
-10.1922
-10.21
-10.2272
-10.2439
-10.2601
-10.2758
-10.291
-10.3058
-10.3202
-10.3338
-10.347
-10.3588
-10.3712
-10.3765
-13.3709
-9.86295
-9.60086
-9.59061
-9.57793
-9.66846
-9.76165
-9.82388
-9.87451
-9.92167
-9.96314
-9.99858
-10.0298
-10.058
-10.0838
-10.1075
-10.1296
-10.1504
-10.1701
-10.1888
-10.2068
-10.2241
-10.2409
-10.2572
-10.273
-10.2884
-10.3033
-10.3179
-10.332
-10.3458
-10.3588
-10.3725
-10.3834
-10.944
-9.4731
-9.62357
-9.73389
-9.714
-9.76311
-9.82723
-9.87082
-9.90704
-9.94308
-9.97675
-10.0069
-10.0345
-10.0602
-10.0842
-10.1068
-10.1281
-10.1483
-10.1676
-10.1861
-10.204
-10.2212
-10.238
-10.2543
-10.2702
-10.2857
-10.3009
-10.3158
-10.3304
-10.3449
-10.3591
-10.374
-10.3883
-10.4917
-9.77716
-9.81581
-9.82671
-9.7772
-9.79911
-9.84559
-9.88182
-9.91419
-9.94737
-9.97915
-10.0083
-10.0352
-10.0603
-10.084
-10.1062
-10.1273
-10.1473
-10.1665
-10.1849
-10.2026
-10.2198
-10.2365
-10.2528
-10.2687
-10.2843
-10.2996
-10.3148
-10.3297
-10.3447
-10.3598
-10.3756
-10.3919
-10.411
-9.93132
-9.88328
-9.85728
-9.81342
-9.82671
-9.8632
-9.89524
-9.92517
-9.95583
-9.98548
-10.013
-10.0388
-10.063
-10.0858
-10.1074
-10.128
-10.1476
-10.1664
-10.1845
-10.2021
-10.2191
-10.2357
-10.2519
-10.2677
-10.2834
-10.2988
-10.3141
-10.3294
-10.3448
-10.3605
-10.3769
-10.3944
-10.2881
-9.96168
-9.90739
-9.88193
-9.84871
-9.85672
-9.88456
-9.91183
-9.93858
-9.96624
-9.99341
-10.0191
-10.0435
-10.0665
-10.0885
-10.1094
-10.1294
-10.1485
-10.167
-10.1848
-10.2021
-10.2189
-10.2353
-10.2514
-10.2672
-10.2828
-10.2983
-10.3137
-10.3292
-10.3449
-10.361
-10.3779
-10.3959
-10.1791
-9.97364
-9.92894
-9.9067
-9.88081
-9.88506
-9.906
-9.92883
-9.95244
-9.97727
-10.0021
-10.026
-10.0489
-10.0709
-10.0919
-10.1121
-10.1314
-10.1501
-10.1681
-10.1856
-10.2026
-10.2192
-10.2354
-10.2514
-10.2671
-10.2826
-10.2981
-10.3136
-10.3292
-10.345
-10.3613
-10.3783
-10.3965
-10.1081
-9.98442
-9.94689
-9.92698
-9.90713
-9.90958
-9.92573
-9.94504
-9.96598
-9.98834
-10.011
-10.0332
-10.0548
-10.0757
-10.0958
-10.1152
-10.1339
-10.1521
-10.1696
-10.1867
-10.2034
-10.2198
-10.2358
-10.2516
-10.2672
-10.2826
-10.298
-10.3135
-10.3291
-10.345
-10.3613
-10.3783
-10.3962
-10.0638
-9.99104
-9.95989
-9.94286
-9.92834
-9.93031
-9.94331
-9.95998
-9.97871
-9.99898
-10.0198
-10.0405
-10.0608
-10.0806
-10.0998
-10.1185
-10.1366
-10.1542
-10.1714
-10.1881
-10.2045
-10.2205
-10.2363
-10.2519
-10.2673
-10.2827
-10.298
-10.3133
-10.3289
-10.3446
-10.3608
-10.3776
-10.3951
-10.036
-9.99439
-9.96969
-9.95583
-9.94567
-9.94776
-9.95871
-9.97341
-9.99035
-10.0089
-10.0281
-10.0474
-10.0666
-10.0854
-10.1038
-10.1218
-10.1393
-10.1564
-10.1731
-10.1894
-10.2055
-10.2213
-10.2368
-10.2522
-10.2674
-10.2826
-10.2977
-10.313
-10.3283
-10.3439
-10.3599
-10.3763
-10.3933
-10.0195
-9.99647
-9.97776
-9.96689
-9.96008
-9.9625
-9.97209
-9.9853
-10.0008
-10.0178
-10.0357
-10.0538
-10.0719
-10.0899
-10.1075
-10.1248
-10.1418
-10.1584
-10.1747
-10.1906
-10.2064
-10.2218
-10.2371
-10.2523
-10.2673
-10.2823
-10.2972
-10.3123
-10.3274
-10.3427
-10.3583
-10.3743
-10.3907
-10.0107
-9.99843
-9.9848
-9.97659
-9.97232
-9.97511
-9.98376
-9.99579
-10.0101
-10.0258
-10.0425
-10.0596
-10.0768
-10.0939
-10.1108
-10.1275
-10.1439
-10.1601
-10.1759
-10.1916
-10.2069
-10.2221
-10.2372
-10.2521
-10.2668
-10.2816
-10.2963
-10.3111
-10.326
-10.341
-10.3562
-10.3716
-10.3873
-10.0069
-10.0008
-9.99121
-9.9853
-9.98295
-9.98609
-9.99404
-10.0051
-10.0183
-10.033
-10.0486
-10.0647
-10.081
-10.0974
-10.1137
-10.1298
-10.1457
-10.1614
-10.1768
-10.1921
-10.2072
-10.2221
-10.2368
-10.2514
-10.266
-10.2804
-10.2949
-10.3094
-10.3239
-10.3385
-10.3533
-10.3682
-10.3832
-10.0065
-10.0037
-9.99724
-9.99325
-9.99236
-9.99578
-10.0032
-10.0134
-10.0257
-10.0394
-10.054
-10.0693
-10.0848
-10.1004
-10.116
-10.1316
-10.147
-10.1623
-10.1773
-10.1922
-10.207
-10.2216
-10.236
-10.2503
-10.2646
-10.2788
-10.2929
-10.3071
-10.3212
-10.3354
-10.3497
-10.364
-10.3784
-10.0083
-10.0071
-10.003
-10.0006
-10.0008
-10.0045
-10.0114
-10.0209
-10.0323
-10.0451
-10.0589
-10.0732
-10.088
-10.103
-10.118
-10.133
-10.1479
-10.1627
-10.1774
-10.1919
-10.2063
-10.2206
-10.2347
-10.2487
-10.2627
-10.2766
-10.2904
-10.3042
-10.3179
-10.3317
-10.3454
-10.3592
-10.3729
-10.0114
-10.0111
-10.0087
-10.0075
-10.0085
-10.0123
-10.0189
-10.0277
-10.0383
-10.0502
-10.0632
-10.0768
-10.0908
-10.1051
-10.1195
-10.1339
-10.1484
-10.1627
-10.177
-10.1912
-10.2052
-10.2191
-10.2329
-10.2467
-10.2603
-10.2738
-10.2873
-10.3006
-10.314
-10.3273
-10.3405
-10.3536
-10.3667
-10.0154
-10.0155
-10.0142
-10.014
-10.0155
-10.0194
-10.0256
-10.0339
-10.0437
-10.0549
-10.067
-10.0798
-10.0932
-10.1068
-10.1206
-10.1345
-10.1485
-10.1624
-10.1762
-10.19
-10.2037
-10.2172
-10.2307
-10.2441
-10.2573
-10.2705
-10.2836
-10.2965
-10.3094
-10.3222
-10.3349
-10.3475
-10.3599
-10.0199
-10.0201
-10.0197
-10.0201
-10.022
-10.0259
-10.0318
-10.0394
-10.0486
-10.0591
-10.0704
-10.0825
-10.0951
-10.1081
-10.1214
-10.1347
-10.1482
-10.1616
-10.1751
-10.1884
-10.2017
-10.2149
-10.228
-10.241
-10.2539
-10.2667
-10.2794
-10.2919
-10.3043
-10.3166
-10.3288
-10.3408
-10.3526
-10.0247
-10.025
-10.025
-10.0258
-10.028
-10.0318
-10.0374
-10.0445
-10.053
-10.0628
-10.0734
-10.0848
-10.0968
-10.1091
-10.1218
-10.1346
-10.1476
-10.1606
-10.1736
-10.1865
-10.1994
-10.2122
-10.225
-10.2376
-10.2501
-10.2624
-10.2747
-10.2868
-10.2987
-10.3105
-10.3222
-10.3336
-10.3448
-10.0297
-10.0299
-10.0303
-10.0313
-10.0335
-10.0372
-10.0424
-10.049
-10.057
-10.066
-10.076
-10.0867
-10.098
-10.1098
-10.1219
-10.1342
-10.1466
-10.1592
-10.1717
-10.1843
-10.1968
-10.2092
-10.2215
-10.2337
-10.2458
-10.2578
-10.2696
-10.2813
-10.2927
-10.304
-10.3151
-10.326
-10.3366
-10.0347
-10.0349
-10.0354
-10.0365
-10.0387
-10.0421
-10.0469
-10.053
-10.0604
-10.0688
-10.0781
-10.0882
-10.0989
-10.1101
-10.1216
-10.1334
-10.1454
-10.1575
-10.1696
-10.1817
-10.1938
-10.2058
-10.2177
-10.2296
-10.2412
-10.2528
-10.2642
-10.2753
-10.2864
-10.2972
-10.3077
-10.3181
-10.3282
-10.0397
-10.0399
-10.0404
-10.0414
-10.0434
-10.0465
-10.0509
-10.0565
-10.0632
-10.071
-10.0798
-10.0893
-10.0994
-10.11
-10.121
-10.1323
-10.1438
-10.1554
-10.1671
-10.1788
-10.1905
-10.2021
-10.2137
-10.2251
-10.2363
-10.2475
-10.2584
-10.2691
-10.2797
-10.29
-10.3
-10.3099
-10.3194
-10.0447
-10.0448
-10.0452
-10.0461
-10.0478
-10.0505
-10.0544
-10.0594
-10.0656
-10.0728
-10.0809
-10.0898
-10.0994
-10.1095
-10.12
-10.1309
-10.1419
-10.1531
-10.1644
-10.1757
-10.187
-10.1982
-10.2093
-10.2203
-10.2312
-10.2419
-10.2524
-10.2626
-10.2727
-10.2825
-10.2921
-10.3014
-10.3104
-10.0497
-10.0498
-10.05
-10.0506
-10.0518
-10.054
-10.0573
-10.0617
-10.0673
-10.0739
-10.0815
-10.0899
-10.0989
-10.1085
-10.1186
-10.129
-10.1396
-10.1504
-10.1613
-10.1722
-10.1831
-10.1939
-10.2047
-10.2153
-10.2257
-10.236
-10.2461
-10.2559
-10.2655
-10.2749
-10.284
-10.2928
-10.3013
-10.0548
-10.0549
-10.0548
-10.0548
-10.0554
-10.057
-10.0597
-10.0635
-10.0684
-10.0745
-10.0815
-10.0893
-10.0979
-10.1071
-10.1167
-10.1267
-10.1369
-10.1473
-10.1578
-10.1684
-10.1789
-10.1894
-10.1997
-10.21
-10.22
-10.2299
-10.2396
-10.249
-10.2582
-10.2671
-10.2757
-10.2841
-10.2921
-10.06
-10.0601
-10.0595
-10.0589
-10.0587
-10.0595
-10.0614
-10.0645
-10.0688
-10.0743
-10.0808
-10.0882
-10.0963
-10.105
-10.1143
-10.1239
-10.1338
-10.1438
-10.154
-10.1642
-10.1744
-10.1845
-10.1945
-10.2044
-10.2141
-10.2236
-10.2329
-10.2419
-10.2506
-10.2591
-10.2673
-10.2752
-10.2827
-10.0656
-10.0657
-10.0644
-10.0628
-10.0616
-10.0614
-10.0624
-10.0648
-10.0685
-10.0733
-10.0793
-10.0863
-10.094
-10.1024
-10.1113
-10.1206
-10.1301
-10.1399
-10.1498
-10.1597
-10.1696
-10.1794
-10.189
-10.1986
-10.2079
-10.2171
-10.226
-10.2346
-10.2429
-10.251
-10.2588
-10.2662
-10.2733
-10.0719
-10.0719
-10.0696
-10.0666
-10.0641
-10.0627
-10.0627
-10.0642
-10.0671
-10.0715
-10.077
-10.0835
-10.0909
-10.099
-10.1076
-10.1166
-10.1259
-10.1354
-10.1451
-10.1547
-10.1643
-10.1738
-10.1832
-10.1924
-10.2015
-10.2103
-10.2188
-10.2271
-10.2351
-10.2427
-10.2501
-10.2571
-10.2639
-10.0792
-10.0791
-10.0753
-10.0703
-10.066
-10.0632
-10.0619
-10.0625
-10.0647
-10.0685
-10.0736
-10.0798
-10.0869
-10.0948
-10.1032
-10.112
-10.1211
-10.1304
-10.1398
-10.1492
-10.1586
-10.1679
-10.177
-10.1859
-10.1947
-10.2031
-10.2114
-10.2193
-10.2269
-10.2343
-10.2413
-10.2479
-10.2543
-10.0884
-10.088
-10.0818
-10.0739
-10.0673
-10.0626
-10.06
-10.0595
-10.061
-10.0643
-10.069
-10.075
-10.0819
-10.0896
-10.0979
-10.1065
-10.1155
-10.1247
-10.1339
-10.1431
-10.1523
-10.1614
-10.1703
-10.179
-10.1874
-10.1957
-10.2036
-10.2112
-10.2186
-10.2256
-10.2322
-10.2386
-10.2446
-10.1008
-10.0996
-10.0894
-10.0774
-10.0677
-10.0606
-10.0564
-10.0548
-10.0557
-10.0585
-10.063
-10.0688
-10.0756
-10.0832
-10.0914
-10.1
-10.1089
-10.118
-10.1271
-10.1362
-10.1453
-10.1542
-10.1629
-10.1714
-10.1797
-10.1876
-10.1953
-10.2027
-10.2098
-10.2165
-10.2229
-10.229
-10.2347
-10.1191
-10.1153
-10.0982
-10.0802
-10.0665
-10.0567
-10.0506
-10.048
-10.0482
-10.0507
-10.055
-10.0608
-10.0676
-10.0752
-10.0835
-10.0921
-10.101
-10.1101
-10.1192
-10.1283
-10.1372
-10.1461
-10.1547
-10.1631
-10.1712
-10.179
-10.1865
-10.1937
-10.2006
-10.2071
-10.2133
-10.2191
-10.2245
-10.1495
-10.1382
-10.1077
-10.0809
-10.0624
-10.0494
-10.0415
-10.038
-10.0379
-10.0402
-10.0445
-10.0504
-10.0573
-10.0651
-10.0735
-10.0823
-10.0913
-10.1005
-10.1096
-10.1188
-10.1278
-10.1366
-10.1452
-10.1535
-10.1616
-10.1693
-10.1768
-10.1839
-10.1906
-10.197
-10.2031
-10.2088
-10.2141
-10.2044
-10.1761
-10.121
-10.0802
-10.054
-10.0363
-10.0264
-10.0224
-10.0224
-10.0251
-10.0301
-10.0366
-10.0443
-10.0528
-10.0617
-10.071
-10.0804
-10.0899
-10.0994
-10.1087
-10.1179
-10.1268
-10.1354
-10.1438
-10.1519
-10.1596
-10.167
-10.174
-10.1807
-10.1869
-10.1928
-10.1984
-10.2035
-10.2875
-10.2244
-10.1398
-10.0863
-10.0476
-10.0195
-10.0044
-9.99785
-9.99609
-9.998
-10.0029
-10.01
-10.0185
-10.0279
-10.038
-10.0484
-10.059
-10.0696
-10.0802
-10.0905
-10.1006
-10.1104
-10.1199
-10.129
-10.1377
-10.1461
-10.154
-10.1615
-10.1686
-10.1753
-10.1816
-10.1874
-10.1927
-10.4377
-10.2042
-10.0748
-10.0615
-10.0467
-10.0292
-10.0233
-10.0228
-10.0231
-10.0246
-10.0278
-10.0325
-10.0381
-10.0445
-10.0516
-10.0593
-10.0673
-10.0755
-10.0838
-10.0922
-10.1006
-10.1088
-10.1169
-10.1248
-10.1324
-10.1398
-10.1468
-10.1536
-10.16
-10.166
-10.1718
-10.1772
-10.1823
-11.394
-10.1707
-9.58045
-9.50117
-9.51431
-9.55192
-9.60743
-9.66336
-9.71403
-9.76072
-9.80371
-9.84253
-9.87726
-9.90842
-9.93647
-9.9618
-9.98474
-10.0056
-10.0246
-10.042
-10.058
-10.0727
-10.0863
-10.0989
-10.1105
-10.1212
-10.1312
-10.1404
-10.1489
-10.1567
-10.1639
-10.1704
-10.1763
-15.163
-12.9602
-11.929
-11.2927
-10.8655
-10.6148
-10.4529
-10.3298
-10.2375
-10.1732
-10.1296
-10.1001
-10.0807
-10.069
-10.063
-10.0611
-10.0622
-10.0655
-10.0704
-10.0764
-10.0831
-10.0903
-10.0977
-10.1053
-10.1128
-10.1202
-10.1274
-10.1344
-10.1412
-10.1476
-10.1537
-10.1596
-10.1651
-1.24937
-5.34203
-7.46584
-8.23836
-8.67719
-9.0409
-9.30707
-9.48332
-9.6074
-9.70329
-9.7788
-9.83778
-9.88451
-9.92269
-9.95462
-9.98176
-10.0051
-10.0256
-10.0437
-10.06
-10.0747
-10.088
-10.1002
-10.1115
-10.1218
-10.1314
-10.1402
-10.1484
-10.1559
-10.1628
-10.1692
-10.175
-10.1803
-10.3476
-10.1316
-10.4212
-10.6907
-10.7948
-10.8269
-10.8379
-10.8351
-10.8249
-10.8169
-10.8179
-10.831
-10.8575
-10.8967
-10.9469
-11.0055
-11.0697
-11.1364
-11.2029
-11.2668
-11.3259
-11.3787
-11.4237
-11.46
-11.4871
-11.5044
-11.5119
-11.5094
-11.4969
-11.4746
-11.4424
-11.4004
-11.3485
-11.2867
-11.215
-11.1331
-11.0409
-10.9383
-10.8249
-10.7007
-10.5653
-10.4186
-10.2603
-10.0903
-9.90842
-9.7146
-9.50887
-9.29135
-9.06226
-8.82193
-8.57083
-8.30953
-8.03875
-7.75933
-7.47224
-7.17857
-6.87953
-6.5764
-6.27057
-5.96347
-5.65655
-5.35128
-5.04911
-4.75144
-4.45958
-4.17476
-3.89809
-3.63055
-3.37296
-3.12601
-2.89021
-2.66595
-2.45346
-2.25285
-2.06409
-1.88707
-1.72153
-1.56717
-1.42357
-1.29028
-1.16681
-1.05261
-0.947143
-0.849865
-0.76023
-0.677707
-0.601782
-0.531973
-0.467803
-0.408865
-0.354677
-0.305003
-0.259111
-0.21741
-0.177763
-0.143562
-0.106025
-0.0824327
-0.0340991
-0.0420666
-10.3944
-10.3937
-10.588
-10.7329
-10.7647
-10.7586
-10.7507
-10.741
-10.7318
-10.7299
-10.7394
-10.7615
-10.7957
-10.841
-10.8955
-10.9567
-11.0222
-11.0894
-11.1559
-11.2194
-11.2782
-11.3305
-11.3751
-11.4111
-11.4379
-11.4551
-11.4625
-11.46
-11.4476
-11.4254
-11.3933
-11.3514
-11.2996
-11.238
-11.1664
-11.0847
-10.9928
-10.8904
-10.7774
-10.6536
-10.5187
-10.3725
-10.2149
-10.0457
-9.86477
-9.67207
-9.46763
-9.25159
-9.02416
-8.78568
-8.53662
-8.27754
-8.00915
-7.73228
-7.44787
-7.15699
-6.86082
-6.56061
-6.25771
-5.95352
-5.64945
-5.34694
-5.04741
-4.75222
-4.46267
-4.17996
-3.90518
-3.6393
-3.38315
-3.1374
-2.90259
-2.67909
-2.46717
-2.26692
-2.07836
-1.90137
-1.73572
-1.58112
-1.43718
-1.30346
-1.17947
-1.06471
-0.958635
-0.860715
-0.770413
-0.687209
-0.610596
-0.540094
-0.47523
-0.415601
-0.36072
-0.310362
-0.263766
-0.221406
-0.180989
-0.146292
-0.107636
-0.0845567
-0.0330356
-0.0472257
-10.4072
-10.422
-10.5092
-10.6105
-10.6672
-10.6958
-10.7148
-10.7249
-10.7281
-10.7311
-10.7394
-10.7559
-10.782
-10.8183
-10.864
-10.9177
-10.9773
-11.0401
-11.1036
-11.1653
-11.2229
-11.2746
-11.3189
-11.3548
-11.3817
-11.3991
-11.4067
-11.4045
-11.3924
-11.3705
-11.3388
-11.2972
-11.2458
-11.1845
-11.1133
-11.032
-10.9404
-10.8385
-10.726
-10.6028
-10.4685
-10.3232
-10.1664
-9.99823
-9.81845
-9.62708
-9.42415
-9.20978
-8.98423
-8.74781
-8.50098
-8.24431
-7.9785
-7.70434
-7.42278
-7.13484
-6.84167
-6.54451
-6.24466
-5.94348
-5.64237
-5.34271
-5.0459
-4.75328
-4.4661
-4.18557
-3.91275
-3.6486
-3.39394
-3.14945
-2.91567
-2.69298
-2.48165
-2.2818
-2.09345
-1.9165
-1.75074
-1.5959
-1.4516
-1.31742
-1.1929
-1.07754
-0.970825
-0.872223
-0.781214
-0.697286
-0.619938
-0.548699
-0.483096
-0.42273
-0.367113
-0.316025
-0.268686
-0.225619
-0.184408
-0.149153
-0.109402
-0.0866961
-0.03219
-0.0521443
-10.4111
-10.4357
-10.5038
-10.5975
-10.6609
-10.6907
-10.7051
-10.7119
-10.7142
-10.7175
-10.7266
-10.744
-10.7704
-10.8058
-10.8493
-10.8994
-10.954
-11.0112
-11.0687
-11.1245
-11.1768
-11.2241
-11.265
-11.2985
-11.3237
-11.3401
-11.3472
-11.3449
-11.3329
-11.3113
-11.2799
-11.2387
-11.1877
-11.1269
-11.0562
-10.9754
-10.8844
-10.7831
-10.6713
-10.5487
-10.4153
-10.2709
-10.1152
-9.94818
-9.76974
-9.57986
-9.37859
-9.16608
-8.94255
-8.70834
-8.4639
-8.20979
-7.94669
-7.67538
-7.39677
-7.11188
-6.82183
-6.52782
-6.23111
-5.93305
-5.63498
-5.33828
-5.04428
-4.75431
-4.46961
-4.19134
-3.92056
-3.65823
-3.40515
-3.16199
-2.92931
-2.70749
-2.4968
-2.29739
-2.10928
-1.9324
-1.76655
-1.61146
-1.46681
-1.33217
-1.2071
-1.09112
-0.983723
-0.884404
-0.792651
-0.707958
-0.629835
-0.557813
-0.491427
-0.430279
-0.373879
-0.322017
-0.273892
-0.230075
-0.188036
-0.152171
-0.111324
-0.0888901
-0.0315274
-0.0568692
-10.4153
-10.4464
-10.5028
-10.5752
-10.6281
-10.6563
-10.6733
-10.6855
-10.6946
-10.7037
-10.7166
-10.7355
-10.7615
-10.7947
-10.8348
-10.8805
-10.9305
-10.9829
-11.0357
-11.0872
-11.1355
-11.1792
-11.2168
-11.2473
-11.2701
-11.2844
-11.2899
-11.2863
-11.2735
-11.2513
-11.2196
-11.1784
-11.1275
-11.067
-10.9966
-10.9162
-10.8257
-10.725
-10.6139
-10.4921
-10.3596
-10.2161
-10.0616
-9.89581
-9.7188
-9.53051
-9.33101
-9.12045
-8.89905
-8.66715
-8.4252
-8.17373
-7.91343
-7.64505
-7.3695
-7.08776
-6.80091
-6.51014
-6.21668
-5.92182
-5.6269
-5.33325
-5.04217
-4.75497
-4.47285
-4.19696
-3.92834
-3.66793
-3.41652
-3.1748
-2.94331
-2.72244
-2.51247
-2.31356
-2.12575
-1.94897
-1.78306
-1.62776
-1.48275
-1.34765
-1.22202
-1.10541
-0.997318
-0.897257
-0.804726
-0.719234
-0.640295
-0.56745
-0.500237
-0.438263
-0.381037
-0.328355
-0.279403
-0.234788
-0.19189
-0.15536
-0.113419
-0.0911412
-0.0310718
-0.061351
-10.4183
-10.4507
-10.4978
-10.5553
-10.6026
-10.6332
-10.654
-10.6696
-10.6818
-10.6933
-10.7075
-10.7265
-10.7514
-10.7825
-10.8196
-10.8616
-10.9074
-10.9553
-11.0036
-11.0506
-11.0947
-11.1346
-11.1688
-11.1966
-11.2169
-11.2292
-11.2332
-11.2283
-11.2145
-11.1915
-11.1593
-11.1177
-11.0666
-11.006
-10.9356
-10.8555
-10.7653
-10.665
-10.5544
-10.4334
-10.3017
-10.1592
-10.0057
-9.84123
-9.66565
-9.47898
-9.28128
-9.0727
-8.85348
-8.62394
-8.38453
-8.13578
-7.87834
-7.61297
-7.34055
-7.06203
-6.77848
-6.49105
-6.20094
-5.90941
-5.61775
-5.32727
-5.03925
-4.75494
-4.47554
-4.20216
-3.93583
-3.67746
-3.42786
-3.18769
-2.95748
-2.73766
-2.5285
-2.33017
-2.14273
-1.96611
-1.80018
-1.6447
-1.49937
-1.36382
-1.23764
-1.12039
-1.01159
-0.910765
-0.817432
-0.731109
-0.65132
-0.577614
-0.509535
-0.446692
-0.388598
-0.335052
-0.285232
-0.239774
-0.195983
-0.15873
-0.115702
-0.0934462
-0.0308553
-0.0655277
-10.4196
-10.4512
-10.4922
-10.54
-10.5823
-10.6128
-10.6349
-10.6523
-10.6668
-10.6806
-10.6964
-10.7159
-10.7403
-10.7698
-10.8043
-10.843
-10.8848
-10.9284
-10.9723
-11.015
-11.0549
-11.0909
-11.1217
-11.1463
-11.164
-11.1742
-11.1762
-11.1699
-11.1549
-11.1309
-11.098
-11.0559
-11.0045
-10.9436
-10.8732
-10.7931
-10.7032
-10.6032
-10.4931
-10.3726
-10.2417
-10.1
-9.94765
-9.7844
-9.61023
-9.42516
-9.22926
-9.02267
-8.80564
-8.5785
-8.34166
-8.09567
-7.84116
-7.57888
-7.30966
-7.03446
-6.75431
-6.47032
-6.18368
-5.89559
-5.60733
-5.32016
-5.03532
-4.75405
-4.4775
-4.20676
-3.94286
-3.68667
-3.43899
-3.20049
-2.9717
-2.75303
-2.54478
-2.34711
-2.16011
-1.98373
-1.81783
-1.66222
-1.51659
-1.38062
-1.2539
-1.13601
-1.0265
-0.924903
-0.83075
-0.743572
-0.662905
-0.588305
-0.519323
-0.455573
-0.396571
-0.342119
-0.29139
-0.245042
-0.200328
-0.162291
-0.118187
-0.0958043
-0.0309032
-0.0693467
-10.4196
-10.4498
-10.4862
-10.527
-10.5646
-10.5941
-10.617
-10.6358
-10.6521
-10.6677
-10.6847
-10.7046
-10.7283
-10.7562
-10.7883
-10.8239
-10.8621
-10.9017
-10.9415
-10.98
-11.016
-11.0482
-11.0755
-11.0971
-11.112
-11.1197
-11.1197
-11.1117
-11.0952
-11.0701
-11.0362
-10.9934
-10.9414
-10.8802
-10.8096
-10.7294
-10.6395
-10.5398
-10.43
-10.31
-10.1797
-10.0389
-9.88754
-9.72547
-9.55268
-9.36919
-9.17507
-8.97048
-8.75566
-8.53092
-8.2967
-8.05352
-7.802
-7.54286
-7.27693
-7.00513
-6.72847
-6.44803
-6.16495
-5.88043
-5.59568
-5.31193
-5.0304
-4.75229
-4.47872
-4.21076
-3.9494
-3.69551
-3.44988
-3.21316
-2.98588
-2.76847
-2.56121
-2.3643
-2.17781
-2.00173
-1.83593
-1.68023
-1.53435
-1.39798
-1.27074
-1.15223
-1.04201
-0.939638
-0.844654
-0.756604
-0.675036
-0.599515
-0.529598
-0.464906
-0.404958
-0.349561
-0.297884
-0.250603
-0.204936
-0.166052
-0.120886
-0.0982153
-0.0312356
-0.0727638
-10.4186
-10.4471
-10.4799
-10.5155
-10.5491
-10.5773
-10.6004
-10.62
-10.6376
-10.6544
-10.6722
-10.6921
-10.7152
-10.7416
-10.7714
-10.8041
-10.8389
-10.8748
-10.9107
-10.9453
-10.9774
-11.006
-11.03
-11.0484
-11.0606
-11.0659
-11.0638
-11.0539
-11.0359
-11.0095
-10.9745
-10.9308
-10.8781
-10.8163
-10.7453
-10.6649
-10.575
-10.4753
-10.3658
-10.2462
-10.1165
-9.97644
-9.82598
-9.66504
-9.49358
-9.31163
-9.11928
-8.91667
-8.70405
-8.48174
-8.25015
-8.0098
-7.76129
-7.50535
-7.24276
-6.97442
-6.70132
-6.4245
-6.14507
-5.86418
-5.58303
-5.30281
-5.02468
-4.74982
-4.47933
-4.21425
-3.95553
-3.70405
-3.46056
-3.22571
-3.00004
-2.78397
-2.57779
-2.3817
-2.1958
-2.02007
-1.85442
-1.69868
-1.55259
-1.41586
-1.28812
-1.16901
-1.05809
-0.954937
-0.859115
-0.770182
-0.687694
-0.611229
-0.540351
-0.474687
-0.41376
-0.357379
-0.30472
-0.256461
-0.209812
-0.17002
-0.123806
-0.100679
-0.0318669
-0.0757422
-10.4166
-10.4434
-10.4732
-10.5048
-10.5352
-10.5619
-10.5847
-10.6048
-10.623
-10.6407
-10.6588
-10.6787
-10.701
-10.726
-10.7536
-10.7836
-10.8152
-10.8476
-10.8798
-10.9107
-10.9391
-10.9642
-10.9849
-11.0003
-11.0097
-11.0126
-11.0083
-10.9966
-10.9769
-10.9491
-10.913
-10.8683
-10.8148
-10.7524
-10.681
-10.6003
-10.5101
-10.4105
-10.3011
-10.1819
-10.0526
-9.91325
-9.76367
-9.6038
-9.43363
-9.25319
-9.06257
-8.86192
-8.65148
-8.43158
-8.20263
-7.96511
-7.71964
-7.4669
-7.20768
-6.94284
-6.67333
-6.40017
-6.12443
-5.84724
-5.56974
-5.29309
-5.01844
-4.7469
-4.47955
-4.21741
-3.96141
-3.71239
-3.47112
-3.23822
-3.01422
-2.79956
-2.59452
-2.39932
-2.21406
-2.03875
-1.87329
-1.71755
-1.57128
-1.43421
-1.30601
-1.1863
-1.07469
-0.970768
-0.874107
-0.784281
-0.70086
-0.623432
-0.551569
-0.484905
-0.422969
-0.365572
-0.311898
-0.262621
-0.214963
-0.174199
-0.126954
-0.103197
-0.0328061
-0.0782542
-10.4138
-10.439
-10.4663
-10.4948
-10.5224
-10.5475
-10.5698
-10.5899
-10.6085
-10.6265
-10.6448
-10.6644
-10.6858
-10.7094
-10.735
-10.7623
-10.791
-10.82
-10.8487
-10.876
-10.901
-10.9226
-10.94
-10.9525
-10.9592
-10.9596
-10.9532
-10.9395
-10.9182
-10.889
-10.8516
-10.8059
-10.7516
-10.6885
-10.6165
-10.5355
-10.4452
-10.3455
-10.2362
-10.1173
-9.9885
-9.84979
-9.70105
-9.54224
-9.37333
-9.19437
-9.00546
-8.80675
-8.59849
-8.38099
-8.15466
-7.91998
-7.67755
-7.42802
-7.17216
-6.91082
-6.64492
-6.37543
-6.10341
-5.82994
-5.55612
-5.28308
-5.01193
-4.74375
-4.47959
-4.22043
-3.96719
-3.7207
-3.48169
-3.25078
-3.02852
-2.81531
-2.61146
-2.4172
-2.23262
-2.05776
-1.89254
-1.73683
-1.59041
-1.45303
-1.32437
-1.20409
-1.0918
-0.987105
-0.889603
-0.798878
-0.714513
-0.636106
-0.563239
-0.495551
-0.43258
-0.374136
-0.319415
-0.269082
-0.220389
-0.178592
-0.130332
-0.105766
-0.0340559
-0.080282
-10.4103
-10.4339
-10.4591
-10.485
-10.5103
-10.5339
-10.5555
-10.5753
-10.5939
-10.6119
-10.6302
-10.6493
-10.6698
-10.6918
-10.7154
-10.7404
-10.7661
-10.792
-10.8174
-10.8413
-10.8628
-10.8811
-10.8954
-10.9049
-10.9089
-10.9069
-10.8983
-10.8827
-10.8597
-10.829
-10.7904
-10.7436
-10.6884
-10.6247
-10.5522
-10.4707
-10.3802
-10.2805
-10.1713
-10.0527
-9.92435
-9.78628
-9.63838
-9.48061
-9.31297
-9.13549
-8.94829
-8.75152
-8.54543
-8.33033
-8.10661
-7.87477
-7.63536
-7.38904
-7.13655
-6.87871
-6.61642
-6.35061
-6.08231
-5.81256
-5.54244
-5.27302
-5.00538
-4.74059
-4.47963
-4.22349
-3.97304
-3.7291
-3.49238
-3.26351
-3.04301
-2.83129
-2.62867
-2.43537
-2.25151
-2.07713
-1.91217
-1.75652
-1.60998
-1.47231
-1.34321
-1.22236
-1.10939
-1.00393
-0.905584
-0.813954
-0.728635
-0.649234
-0.575345
-0.506612
-0.442581
-0.383062
-0.327267
-0.275842
-0.22609
-0.1832
-0.133942
-0.108389
-0.0356123
-0.0818185
-10.406
-10.4282
-10.4515
-10.4753
-10.4987
-10.5208
-10.5415
-10.5608
-10.5792
-10.597
-10.6149
-10.6334
-10.6528
-10.6734
-10.695
-10.7176
-10.7407
-10.7636
-10.7858
-10.8064
-10.8247
-10.8398
-10.851
-10.8576
-10.859
-10.8545
-10.8437
-10.8262
-10.8015
-10.7693
-10.7294
-10.6815
-10.6254
-10.561
-10.4879
-10.4061
-10.3154
-10.2156
-10.1065
-9.98814
-9.86029
-9.72288
-9.57583
-9.41911
-9.25274
-9.07675
-8.89126
-8.69644
-8.49252
-8.27982
-8.05872
-7.8297
-7.59332
-7.35021
-7.10109
-6.84675
-6.58805
-6.32593
-6.06135
-5.79532
-5.52889
-5.26309
-4.99898
-4.73757
-4.47984
-4.22672
-3.97908
-3.7377
-3.5033
-3.27649
-3.05777
-2.84756
-2.6462
-2.45389
-2.27077
-2.09689
-1.93222
-1.77664
-1.62999
-1.49203
-1.36251
-1.2411
-1.12746
-1.02123
-0.922037
-0.829494
-0.743211
-0.662803
-0.587875
-0.518076
-0.452963
-0.392343
-0.335448
-0.282896
-0.232063
-0.188022
-0.137781
-0.111064
-0.0374657
-0.0828672
-10.4009
-10.4218
-10.4435
-10.4655
-10.4872
-10.508
-10.5277
-10.5464
-10.5643
-10.5817
-10.599
-10.6167
-10.635
-10.6541
-10.6739
-10.6942
-10.7146
-10.7347
-10.7539
-10.7714
-10.7865
-10.7986
-10.8068
-10.8106
-10.8094
-10.8025
-10.7895
-10.77
-10.7436
-10.7099
-10.6687
-10.6197
-10.5627
-10.4975
-10.4239
-10.3417
-10.2507
-10.1509
-10.042
-9.92386
-9.79648
-9.65973
-9.51355
-9.3579
-9.19281
-9.01832
-8.83456
-8.64169
-8.43995
-8.22965
-8.01118
-7.785
-7.55164
-7.31173
-7.06597
-6.81512
-6.56002
-6.30156
-6.04069
-5.77837
-5.51562
-5.25345
-4.99286
-4.73483
-4.48032
-4.23023
-3.9854
-3.74661
-3.51453
-3.28978
-3.07287
-2.8642
-2.66409
-2.47279
-2.29043
-2.11707
-1.95269
-1.7972
-1.65045
-1.51223
-1.38228
-1.26031
-1.146
-1.039
-0.938954
-0.84549
-0.75823
-0.676802
-0.600818
-0.529935
-0.463718
-0.401971
-0.343952
-0.290241
-0.238304
-0.193056
-0.141844
-0.113791
-0.0396002
-0.0834423
-10.3952
-10.4149
-10.4351
-10.4555
-10.4757
-10.4953
-10.514
-10.5319
-10.5491
-10.5659
-10.5826
-10.5994
-10.6165
-10.634
-10.652
-10.6701
-10.6881
-10.7055
-10.7217
-10.7363
-10.7484
-10.7575
-10.7629
-10.764
-10.7602
-10.7509
-10.7358
-10.7144
-10.6862
-10.651
-10.6085
-10.5584
-10.5005
-10.4345
-10.3603
-10.2777
-10.1865
-10.0866
-9.97778
-9.85999
-9.7331
-9.59703
-9.45172
-9.29716
-9.13336
-8.96039
-8.77836
-8.58745
-8.3879
-8.18002
-7.96417
-7.74082
-7.51048
-7.27377
-7.03136
-6.78399
-6.53247
-6.27767
-6.02049
-5.76187
-5.50279
-5.24422
-4.98713
-4.73248
-4.48119
-4.23412
-3.9921
-3.75589
-3.52615
-3.30347
-3.08836
-2.88123
-2.6824
-2.49212
-2.31053
-2.13769
-1.97362
-1.81822
-1.67138
-1.53289
-1.40251
-1.27999
-1.165
-1.05723
-0.956326
-0.861933
-0.773685
-0.691221
-0.614164
-0.542178
-0.474837
-0.411941
-0.352773
-0.297872
-0.24481
-0.198298
-0.146126
-0.116571
-0.0419955
-0.0835679
-10.3888
-10.4073
-10.4262
-10.4453
-10.4641
-10.4825
-10.5002
-10.5173
-10.5338
-10.5498
-10.5656
-10.5814
-10.5973
-10.6133
-10.6294
-10.6454
-10.661
-10.6759
-10.6894
-10.7011
-10.7104
-10.7166
-10.7193
-10.7177
-10.7114
-10.6999
-10.6826
-10.6593
-10.6294
-10.5927
-10.5489
-10.4976
-10.4388
-10.372
-10.2973
-10.2143
-10.1228
-10.0229
-9.9142
-9.79672
-9.67033
-9.53494
-9.39053
-9.23706
-9.07457
-8.90313
-8.72285
-8.53392
-8.33657
-8.13109
-7.91787
-7.69734
-7.47003
-7.2365
-6.99743
-6.75352
-6.50557
-6.2544
-6.00089
-5.74595
-5.49052
-5.23554
-4.98193
-4.73064
-4.48254
-4.23849
-3.99927
-3.76563
-3.53821
-3.3176
-3.1043
-2.89871
-2.70116
-2.5119
-2.33108
-2.15878
-1.99501
-1.83972
-1.69278
-1.55402
-1.42322
-1.30014
-1.18448
-1.07592
-0.974149
-0.878814
-0.789566
-0.706052
-0.627906
-0.554797
-0.486312
-0.422243
-0.361903
-0.305783
-0.251573
-0.203747
-0.150619
-0.119406
-0.0446266
-0.0832767
-10.3818
-10.3993
-10.417
-10.4348
-10.4524
-10.4696
-10.4864
-10.5025
-10.5181
-10.5333
-10.5482
-10.5629
-10.5775
-10.592
-10.6063
-10.6203
-10.6336
-10.646
-10.6569
-10.6659
-10.6725
-10.676
-10.676
-10.6719
-10.6633
-10.6495
-10.6301
-10.6049
-10.5733
-10.5351
-10.49
-10.4376
-10.3778
-10.3104
-10.235
-10.1516
-10.06
-9.95996
-9.85143
-9.73427
-9.60838
-9.4737
-9.33019
-9.17784
-9.01667
-8.84677
-8.66825
-8.4813
-8.28614
-8.08308
-7.87248
-7.65477
-7.43046
-7.20011
-6.96435
-6.72389
-6.47947
-6.23191
-5.98205
-5.73076
-5.47895
-5.22752
-4.97737
-4.72941
-4.48448
-4.24342
-4.00698
-3.77589
-3.55079
-3.33224
-3.12073
-2.91668
-2.72041
-2.53216
-2.35211
-2.18034
-2.01688
-1.86168
-1.71465
-1.57562
-1.4444
-1.32075
-1.20441
-1.09506
-0.992412
-0.896126
-0.805863
-0.721285
-0.642033
-0.567783
-0.498134
-0.43287
-0.371336
-0.313968
-0.258588
-0.209399
-0.155314
-0.122298
-0.0474653
-0.0826085
-10.3742
-10.3907
-10.4073
-10.424
-10.4405
-10.4566
-10.4723
-10.4875
-10.5022
-10.5164
-10.5303
-10.5439
-10.5572
-10.5702
-10.5827
-10.5947
-10.6059
-10.6159
-10.6244
-10.6309
-10.6348
-10.6358
-10.6333
-10.6268
-10.6157
-10.5998
-10.5785
-10.5514
-10.5182
-10.4785
-10.432
-10.3786
-10.3179
-10.2497
-10.1737
-10.09
-9.9981
-9.89806
-9.78967
-9.67285
-9.54749
-9.41353
-9.27094
-9.11971
-8.95988
-8.79152
-8.61477
-8.4298
-8.23684
-8.03619
-7.8282
-7.6133
-7.39198
-7.16478
-6.93232
-6.69527
-6.45436
-6.21038
-5.96412
-5.71644
-5.46821
-5.22029
-4.97357
-4.7289
-4.48712
-4.24901
-4.01533
-3.78677
-3.56395
-3.34744
-3.13772
-2.93519
-2.74018
-2.55294
-2.37364
-2.2024
-2.03924
-1.88414
-1.737
-1.5977
-1.46605
-1.34183
-1.22479
-1.11465
-1.01111
-0.913855
-0.822565
-0.736907
-0.656533
-0.581125
-0.510291
-0.443813
-0.381062
-0.322419
-0.265847
-0.215247
-0.160199
-0.125248
-0.0504805
-0.0816084
-10.3662
-10.3817
-10.3973
-10.4129
-10.4283
-10.4434
-10.4581
-10.4723
-10.4861
-10.4993
-10.5121
-10.5245
-10.5365
-10.5479
-10.5588
-10.5689
-10.578
-10.5858
-10.592
-10.596
-10.5975
-10.596
-10.5911
-10.5823
-10.569
-10.551
-10.5277
-10.4988
-10.464
-10.4229
-10.3752
-10.3207
-10.2591
-10.1901
-10.1137
-10.0295
-9.93746
-9.83739
-9.72918
-9.6127
-9.48788
-9.35466
-9.213
-9.06291
-8.90442
-8.73763
-8.56265
-8.37966
-8.1889
-7.99065
-7.78526
-7.57316
-7.3548
-7.13072
-6.90152
-6.66785
-6.43042
-6.18996
-5.94727
-5.70315
-5.45845
-5.21401
-4.97066
-4.72924
-4.49055
-4.25536
-4.0244
-3.79833
-3.57777
-3.36327
-3.1553
-2.95427
-2.7605
-2.57425
-2.39571
-2.22497
-2.0621
-1.90708
-1.75983
-1.62025
-1.48815
-1.36335
-1.24561
-1.13466
-1.03022
-0.931988
-0.839656
-0.752903
-0.671391
-0.594807
-0.522771
-0.455057
-0.391069
-0.331125
-0.273338
-0.221285
-0.16526
-0.128259
-0.0536389
-0.0803243
-10.3577
-10.3723
-10.387
-10.4015
-10.4159
-10.43
-10.4437
-10.457
-10.4697
-10.4819
-10.4937
-10.5048
-10.5155
-10.5254
-10.5347
-10.543
-10.5501
-10.5558
-10.5597
-10.5614
-10.5606
-10.5568
-10.5496
-10.5386
-10.5232
-10.5032
-10.478
-10.4475
-10.4111
-10.3686
-10.3197
-10.2641
-10.2016
-10.132
-10.055
-9.97047
-9.87825
-9.7782
-9.67017
-9.55407
-9.42981
-9.29733
-9.15663
-9.00768
-8.85056
-8.68532
-8.51212
-8.33111
-8.14254
-7.94668
-7.74389
-7.53455
-7.31912
-7.09814
-6.87217
-6.64184
-6.40782
-6.17085
-5.93167
-5.69106
-5.44984
-5.20881
-4.96878
-4.73055
-4.4949
-4.26258
-4.03428
-3.81066
-3.59232
-3.37979
-3.17355
-2.97398
-2.78143
-2.59614
-2.41832
-2.24808
-2.08548
-1.93052
-1.78315
-1.64326
-1.51071
-1.38532
-1.26686
-1.15508
-1.04973
-0.950506
-0.857118
-0.769255
-0.686589
-0.608812
-0.535556
-0.466587
-0.401341
-0.340074
-0.281047
-0.227504
-0.170481
-0.131332
-0.0569054
-0.0788051
-10.3488
-10.3626
-10.3763
-10.39
-10.4034
-10.4165
-10.4292
-10.4415
-10.4532
-10.4644
-10.475
-10.485
-10.4943
-10.5028
-10.5104
-10.5169
-10.5222
-10.5259
-10.5277
-10.5273
-10.5243
-10.5183
-10.5089
-10.4958
-10.4784
-10.4565
-10.4296
-10.3973
-10.3595
-10.3156
-10.2656
-10.209
-10.1457
-10.0754
-9.9979
-9.91307
-9.82071
-9.72069
-9.61287
-9.49717
-9.37349
-9.24179
-9.10205
-8.95428
-8.79852
-8.63486
-8.46343
-8.2844
-8.09801
-7.90453
-7.7043
-7.4977
-7.28519
-7.06726
-6.84447
-6.61742
-6.38677
-6.15322
-5.91749
-5.68033
-5.44252
-5.20483
-4.96806
-4.73296
-4.50029
-4.27076
-4.04507
-3.82385
-3.60767
-3.39707
-3.1925
-2.99436
-2.80299
-2.61863
-2.4415
-2.27172
-2.10937
-1.95445
-1.80694
-1.66674
-1.53372
-1.40771
-1.28851
-1.1759
-1.06962
-0.969388
-0.874929
-0.78594
-0.702104
-0.623118
-0.548625
-0.478383
-0.41186
-0.349248
-0.288956
-0.23389
-0.175842
-0.134466
-0.0602441
-0.0770989
-10.3396
-10.3526
-10.3655
-10.3782
-10.3907
-10.4029
-10.4146
-10.4259
-10.4366
-10.4467
-10.4562
-10.465
-10.473
-10.4801
-10.4861
-10.491
-10.4944
-10.4962
-10.4961
-10.4936
-10.4886
-10.4805
-10.4691
-10.454
-10.4347
-10.411
-10.3824
-10.3486
-10.3093
-10.2643
-10.2131
-10.1556
-10.0915
-10.0205
-9.94261
-9.8575
-9.76504
-9.66508
-9.55751
-9.44223
-9.31916
-9.18826
-9.04951
-8.90292
-8.74854
-8.58647
-8.41681
-8.23977
-8.05555
-7.86443
-7.66674
-7.46285
-7.2532
-7.03828
-6.81862
-6.5948
-6.36746
-6.13727
-5.90491
-5.67112
-5.43664
-5.20223
-4.96863
-4.73658
-4.50681
-4.28002
-4.05687
-3.83797
-3.6239
-3.41516
-3.21221
-3.01546
-2.82521
-2.64175
-2.46528
-2.29593
-2.13379
-1.97889
-1.8312
-1.69066
-1.55715
-1.43051
-1.31056
-1.19709
-1.08986
-0.98861
-0.893063
-0.802932
-0.71791
-0.637699
-0.561953
-0.490422
-0.422603
-0.358626
-0.297046
-0.240428
-0.181322
-0.137658
-0.063619
-0.075251
-10.3302
-10.3424
-10.3545
-10.3663
-10.3779
-10.3892
-10.4
-10.4103
-10.42
-10.4291
-10.4374
-10.445
-10.4517
-10.4574
-10.462
-10.4652
-10.467
-10.467
-10.465
-10.4606
-10.4536
-10.4436
-10.4303
-10.4133
-10.3923
-10.3668
-10.3367
-10.3014
-10.2608
-10.2145
-10.1623
-10.1039
-10.0391
-9.96763
-9.8893
-9.80396
-9.71143
-9.61159
-9.5043
-9.38948
-9.26706
-9.13698
-8.99924
-8.85386
-8.70087
-8.54038
-8.37251
-8.19744
-8.01537
-7.8266
-7.63142
-7.43021
-7.22338
-7.01142
-6.79483
-6.57418
-6.35007
-6.12316
-5.8941
-5.6636
-5.43237
-5.20113
-4.97062
-4.74154
-4.51459
-4.29045
-4.06975
-3.8531
-3.64106
-3.43412
-3.23274
-3.0373
-2.84814
-2.66552
-2.48965
-2.32069
-2.15873
-2.00382
-1.85593
-1.71502
-1.58098
-1.45369
-1.33297
-1.21863
-1.11043
-1.00814
-0.911489
-0.8202
-0.733977
-0.652526
-0.575511
-0.502675
-0.433543
-0.368185
-0.305293
-0.2471
-0.186896
-0.140905
-0.0669948
-0.0733037
-10.3206
-10.3321
-10.3433
-10.3544
-10.3651
-10.3754
-10.3853
-10.3947
-10.4034
-10.4114
-10.4187
-10.4251
-10.4305
-10.4349
-10.438
-10.4398
-10.4399
-10.4382
-10.4344
-10.4283
-10.4195
-10.4077
-10.3926
-10.3739
-10.3512
-10.3242
-10.2925
-10.2559
-10.2141
-10.1667
-10.1135
-10.0543
-9.9888
-9.91682
-9.83816
-9.75263
-9.66009
-9.5604
-9.45344
-9.33912
-9.21737
-9.08816
-8.95146
-8.80729
-8.65572
-8.49682
-8.33074
-8.15763
-7.97771
-7.79125
-7.59855
-7.39997
-7.19593
-6.98686
-6.77328
-6.55572
-6.33477
-6.11105
-5.8852
-5.6579
-5.42982
-5.20167
-4.97414
-4.74793
-4.5237
-4.30212
-4.08379
-3.86931
-3.65921
-3.454
-3.2541
-3.05992
-2.87177
-2.68994
-2.51463
-2.34602
-2.18419
-2.02922
-1.8811
-1.73978
-1.6052
-1.47723
-1.35572
-1.24047
-1.13129
-1.02794
-0.930172
-0.83771
-0.75027
-0.667565
-0.589267
-0.515113
-0.444652
-0.377897
-0.31367
-0.253885
-0.192539
-0.144199
-0.0703378
-0.0712953
-10.3109
-10.3216
-10.3321
-10.3424
-10.3523
-10.3617
-10.3707
-10.3791
-10.3869
-10.3939
-10.4001
-10.4054
-10.4096
-10.4127
-10.4144
-10.4147
-10.4133
-10.41
-10.4046
-10.3968
-10.3864
-10.3729
-10.3561
-10.3358
-10.3115
-10.283
-10.25
-10.2121
-10.1692
-10.1208
-10.0667
-10.0068
-9.9407
-9.86828
-9.78934
-9.7037
-9.61121
-9.51172
-9.40514
-9.29136
-9.17033
-9.042
-8.90637
-8.76345
-8.6133
-8.45601
-8.2917
-8.12054
-7.94275
-7.75858
-7.56832
-7.37234
-7.17101
-6.96478
-6.75414
-6.53959
-6.32171
-6.10109
-5.87835
-5.65414
-5.42911
-5.20394
-4.97929
-4.75584
-4.53423
-4.3151
-4.09904
-3.88662
-3.67839
-3.47481
-3.27632
-3.08331
-2.89612
-2.71501
-2.5402
-2.37188
-2.21014
-2.05507
-1.90667
-1.76493
-1.62977
-1.50109
-1.37875
-1.26259
-1.1524
-1.04798
-0.949069
-0.855418
-0.766748
-0.682776
-0.603183
-0.527699
-0.455895
-0.387732
-0.322148
-0.260759
-0.198226
-0.147532
-0.073617
-0.0692607
-10.3011
-10.3111
-10.3209
-10.3304
-10.3395
-10.3481
-10.3562
-10.3637
-10.3705
-10.3766
-10.3817
-10.3859
-10.3889
-10.3908
-10.3912
-10.3901
-10.3873
-10.3826
-10.3756
-10.3663
-10.3543
-10.3392
-10.321
-10.2991
-10.2734
-10.2436
-10.2093
-10.1703
-10.1263
-10.077
-10.0221
-9.96153
-9.89495
-9.82218
-9.74303
-9.65734
-9.56495
-9.46573
-9.35957
-9.24638
-9.12611
-8.9987
-8.86416
-8.72251
-8.5738
-8.41811
-8.25558
-8.08637
-7.91068
-7.72876
-7.54091
-7.34746
-7.14879
-6.94533
-6.73754
-6.52592
-6.31101
-6.09339
-5.87365
-5.65242
-5.43032
-5.20801
-4.98613
-4.76532
-4.54621
-4.32941
-4.11551
-3.90506
-3.69858
-3.49655
-3.29938
-3.10747
-2.92115
-2.74069
-2.56633
-2.39823
-2.23654
-2.08132
-1.93261
-1.79039
-1.65462
-1.5252
-1.40202
-1.28492
-1.17371
-1.06819
-0.968127
-0.873276
-0.783364
-0.698114
-0.617215
-0.540392
-0.467235
-0.397655
-0.330697
-0.267698
-0.20393
-0.150894
-0.0768043
-0.0672319
-10.2912
-10.3006
-10.3097
-10.3184
-10.3267
-10.3346
-10.3419
-10.3485
-10.3544
-10.3594
-10.3636
-10.3667
-10.3687
-10.3693
-10.3686
-10.3662
-10.362
-10.3559
-10.3476
-10.3368
-10.3233
-10.3069
-10.2872
-10.264
-10.237
-10.206
-10.1705
-10.1305
-10.0855
-10.0354
-9.97987
-9.91872
-9.85172
-9.77867
-9.69939
-9.61372
-9.52149
-9.4226
-9.31692
-9.20437
-9.08489
-8.95844
-8.82503
-8.68466
-8.53739
-8.38331
-8.22254
-8.05525
-7.88164
-7.70194
-7.51644
-7.32546
-7.12938
-6.9286
-6.72357
-6.51478
-6.30274
-6.088
-5.87115
-5.65277
-5.43348
-5.2139
-4.99466
-4.77636
-4.55963
-4.34505
-4.1332
-3.9246
-3.71977
-3.51918
-3.32324
-3.13234
-2.94681
-2.76693
-2.59294
-2.42502
-2.26331
-2.1079
-1.95883
-1.81611
-1.67969
-1.54951
-1.42546
-1.30739
-1.19514
-1.08851
-0.987286
-0.891222
-0.80006
-0.713525
-0.631314
-0.553148
-0.478631
-0.40763
-0.339282
-0.274673
-0.209625
-0.154275
-0.079875
-0.0652391
-10.2813
-10.29
-10.2984
-10.3065
-10.3141
-10.3212
-10.3277
-10.3335
-10.3385
-10.3426
-10.3458
-10.3479
-10.3489
-10.3484
-10.3465
-10.343
-10.3376
-10.3302
-10.3205
-10.3084
-10.2937
-10.2759
-10.255
-10.2306
-10.2024
-10.1702
-10.1338
-10.0928
-10.047
-9.99621
-9.9401
-9.87849
-9.81116
-9.73792
-9.65859
-9.573
-9.48101
-9.3825
-9.27735
-9.16548
-9.04684
-8.92138
-8.7891
-8.65003
-8.50421
-8.35173
-8.19272
-8.02732
-7.85574
-7.67821
-7.495
-7.30642
-7.11285
-6.91466
-6.71229
-6.50621
-6.29692
-6.08495
-5.87085
-5.6552
-5.43858
-5.2216
-5.00485
-4.78894
-4.57445
-4.36196
-4.15202
-3.94516
-3.74187
-3.54262
-3.34781
-3.15783
-2.97301
-2.79364
-2.61995
-2.45215
-2.29036
-2.13471
-1.98524
-1.84198
-1.70489
-1.57392
-1.44897
-1.32993
-1.21662
-1.10887
-1.00647
-0.909186
-0.816768
-0.728946
-0.645422
-0.565911
-0.490032
-0.417613
-0.347865
-0.281654
-0.215284
-0.15766
-0.0828075
-0.0633121
-10.2713
-10.2795
-10.2873
-10.2947
-10.3016
-10.3079
-10.3137
-10.3187
-10.3229
-10.3262
-10.3285
-10.3297
-10.3296
-10.3282
-10.3252
-10.3205
-10.314
-10.3055
-10.2947
-10.2814
-10.2654
-10.2465
-10.2244
-10.1989
-10.1697
-10.1366
-10.0993
-10.0575
-10.011
-9.95957
-9.90298
-9.84101
-9.77344
-9.70009
-9.62078
-9.53535
-9.44366
-9.34558
-9.24101
-9.12987
-9.01209
-8.88764
-8.75652
-8.61875
-8.47437
-8.32348
-8.16619
-8.00264
-7.83304
-7.65761
-7.47662
-7.29037
-7.0992
-6.9035
-6.70368
-6.5002
-6.29352
-6.08418
-5.87269
-5.65962
-5.44553
-5.231
-5.01661
-4.80293
-4.59055
-4.38002
-4.17187
-3.96662
-3.76476
-3.56673
-3.37295
-3.1838
-2.99961
-2.82067
-2.64722
-2.47947
-2.31756
-2.16162
-2.01172
-1.86788
-1.73009
-1.59831
-1.47245
-1.35241
-1.23804
-1.12916
-1.02558
-0.927081
-0.833409
-0.744303
-0.65947
-0.578621
-0.501385
-0.427555
-0.356406
-0.288607
-0.22088
-0.161037
-0.0855832
-0.0614831
-10.2613
-10.2689
-10.2761
-10.2829
-10.2892
-10.2949
-10.2999
-10.3042
-10.3077
-10.3102
-10.3117
-10.312
-10.311
-10.3086
-10.3047
-10.2991
-10.2915
-10.2819
-10.2701
-10.2557
-10.2387
-10.2188
-10.1957
-10.1693
-10.1392
-10.1052
-10.0671
-10.0246
-9.97755
-9.92564
-9.86867
-9.80643
-9.73871
-9.66533
-9.58612
-9.50092
-9.40958
-9.31199
-9.20804
-9.09765
-8.98075
-8.85733
-8.72737
-8.59088
-8.44793
-8.29859
-8.14297
-7.98123
-7.81355
-7.64015
-7.46128
-7.27725
-7.08838
-6.89505
-6.69765
-6.49662
-6.29243
-6.08556
-5.87654
-5.66589
-5.45418
-5.24194
-5.02975
-4.81817
-4.60775
-4.39903
-4.19254
-3.98878
-3.78822
-3.59132
-3.39847
-3.21006
-3.02642
-2.84783
-2.67456
-2.5068
-2.34473
-2.18847
-2.03809
-1.89364
-1.75514
-1.62253
-1.49575
-1.37471
-1.25927
-1.14927
-1.04452
-0.944803
-0.849887
-0.759508
-0.673378
-0.591205
-0.512625
-0.437401
-0.364858
-0.295496
-0.226386
-0.16439
-0.0881853
-0.0597892
-10.2511
-10.2583
-10.265
-10.2712
-10.2769
-10.282
-10.2864
-10.2901
-10.2928
-10.2946
-10.2954
-10.2949
-10.2932
-10.2899
-10.2852
-10.2786
-10.2702
-10.2597
-10.2469
-10.2317
-10.2138
-10.1929
-10.169
-10.1417
-10.1109
-10.0762
-10.0374
-9.9944
-9.94685
-9.89456
-9.83731
-9.77489
-9.70711
-9.63378
-9.55473
-9.46981
-9.37888
-9.28181
-9.17851
-9.06888
-8.95289
-8.83049
-8.70167
-8.56645
-8.42488
-8.27704
-8.12304
-7.96303
-7.79718
-7.62571
-7.44887
-7.26694
-7.08025
-6.88914
-6.69402
-6.4953
-6.29343
-6.08888
-5.88216
-5.67378
-5.46427
-5.25417
-5.04403
-4.83438
-4.62578
-4.41874
-4.21377
-4.01137
-3.81201
-3.61612
-3.42412
-3.23636
-3.05318
-2.87489
-2.70173
-2.53393
-2.37165
-2.21503
-2.06415
-1.91909
-1.77985
-1.6464
-1.51871
-1.39667
-1.28017
-1.16905
-1.06314
-0.962232
-0.866089
-0.774458
-0.687053
-0.60358
-0.523679
-0.447087
-0.373168
-0.302277
-0.231772
-0.167702
-0.0905981
-0.0582767
-10.2409
-10.2476
-10.2539
-10.2596
-10.2648
-10.2694
-10.2733
-10.2763
-10.2785
-10.2797
-10.2797
-10.2786
-10.2762
-10.2722
-10.2667
-10.2594
-10.2502
-10.2389
-10.2253
-10.2093
-10.1906
-10.1691
-10.1444
-10.1164
-10.0849
-10.0497
-10.0104
-9.96695
-9.91904
-9.86647
-9.80903
-9.74652
-9.67875
-9.60553
-9.5267
-9.44211
-9.35161
-9.25509
-9.15244
-9.0436
-8.92849
-8.80708
-8.67937
-8.54537
-8.40513
-8.25873
-8.10627
-7.94789
-7.78377
-7.61412
-7.43917
-7.25921
-7.07454
-6.88552
-6.69252
-6.49594
-6.29622
-6.09383
-5.88924
-5.68295
-5.47548
-5.26735
-5.0591
-4.85123
-4.64429
-4.43879
-4.23522
-4.03407
-3.83579
-3.64082
-3.44956
-3.26238
-3.07961
-2.90155
-2.72846
-2.56057
-2.39805
-2.24105
-2.08967
-1.94398
-1.804
-1.66973
-1.54113
-1.4181
-1.30056
-1.18835
-1.08131
-0.979227
-0.881887
-0.789036
-0.700389
-0.61565
-0.534462
-0.456541
-0.381276
-0.308904
-0.237005
-0.170955
-0.0928059
-0.0570049
-10.2305
-10.2368
-10.2427
-10.2481
-10.2529
-10.257
-10.2604
-10.263
-10.2647
-10.2653
-10.2649
-10.2632
-10.2601
-10.2556
-10.2494
-10.2415
-10.2317
-10.2197
-10.2055
-10.1888
-10.1695
-10.1473
-10.1221
-10.0936
-10.0616
-10.0259
-9.9862
-9.94239
-9.89422
-9.84146
-9.78391
-9.72138
-9.65368
-9.58062
-9.50205
-9.41781
-9.32776
-9.23179
-9.1298
-9.0217
-8.90745
-8.787
-8.66034
-8.52749
-8.3885
-8.24344
-8.09241
-7.93556
-7.77304
-7.60507
-7.43187
-7.25373
-7.07093
-6.88382
-6.69277
-6.49816
-6.30042
-6.1
-5.89736
-5.69299
-5.48739
-5.28106
-5.07453
-4.8683
-4.66288
-4.45879
-4.25649
-4.05647
-3.85918
-3.66504
-3.47445
-3.28777
-3.10535
-2.92748
-2.75443
-2.58642
-2.42365
-2.26626
-2.11437
-1.96806
-1.82736
-1.69228
-1.56278
-1.4388
-1.32025
-1.20698
-1.09884
-0.995628
-0.897134
-0.803105
-0.713261
-0.627304
-0.544876
-0.465676
-0.38911
-0.315318
-0.242046
-0.174125
-0.09479
-0.0560479
-10.2198
-10.226
-10.2316
-10.2367
-10.2412
-10.245
-10.2481
-10.2503
-10.2515
-10.2518
-10.2509
-10.2487
-10.2452
-10.2402
-10.2336
-10.2251
-10.2148
-10.2023
-10.1876
-10.1704
-10.1506
-10.1279
-10.1022
-10.0733
-10.0409
-10.0048
-9.96483
-9.92078
-9.87242
-9.81955
-9.76196
-9.69947
-9.63187
-9.55901
-9.48071
-9.39682
-9.30722
-9.21179
-9.11042
-9.00303
-8.88957
-8.77001
-8.64432
-8.51254
-8.37469
-8.23086
-8.08114
-7.92567
-7.76461
-7.59817
-7.42656
-7.25006
-7.06896
-6.88359
-6.6943
-6.50147
-6.30553
-6.10689
-5.90603
-5.7034
-5.4995
-5.29482
-5.08985
-4.88511
-4.68109
-4.47827
-4.27714
-4.07815
-3.88175
-3.68837
-3.49838
-3.31216
-3.13005
-2.95234
-2.7793
-2.61117
-2.44813
-2.29036
-2.13797
-1.99105
-1.84965
-1.71379
-1.58344
-1.45854
-1.33901
-1.22473
-1.11554
-1.01125
-0.911657
-0.816506
-0.725522
-0.638404
-0.554797
-0.474381
-0.396575
-0.321437
-0.246836
-0.177168
-0.0965182
-0.0554729
-10.2091
-10.2151
-10.2206
-10.2255
-10.2298
-10.2333
-10.2361
-10.2381
-10.2391
-10.239
-10.2378
-10.2354
-10.2315
-10.2261
-10.2191
-10.2103
-10.1995
-10.1867
-10.1716
-10.154
-10.1338
-10.1108
-10.0847
-10.0555
-10.0228
-9.98644
-9.94627
-9.90206
-9.85359
-9.80066
-9.74307
-9.68064
-9.61318
-9.54051
-9.46248
-9.37895
-9.28976
-9.19482
-9.09402
-8.98728
-8.87454
-8.75577
-8.63096
-8.50012
-8.3633
-8.22056
-8.07201
-7.91778
-7.75802
-7.59294
-7.42275
-7.24772
-7.06814
-6.88431
-6.6966
-6.50538
-6.31105
-6.11403
-5.91476
-5.71372
-5.51135
-5.30816
-5.10463
-4.90124
-4.69849
-4.49684
-4.29677
-4.09873
-3.90315
-3.71045
-3.52102
-3.33521
-3.15337
-2.97579
-2.80275
-2.63448
-2.47119
-2.31304
-2.16017
-2.01266
-1.87059
-1.73398
-1.60281
-1.47704
-1.35659
-1.24134
-1.13115
-1.02585
-0.925213
-0.829004
-0.736946
-0.648737
-0.56402
-0.482464
-0.403493
-0.327102
-0.25124
-0.17997
-0.0979132
-0.0552421
-10.1985
-10.2046
-10.2101
-10.215
-10.2193
-10.2228
-10.2256
-10.2274
-10.2282
-10.228
-10.2266
-10.2239
-10.2198
-10.2142
-10.2069
-10.1978
-10.1868
-10.1736
-10.1582
-10.1403
-10.1198
-10.0965
-10.0701
-10.0406
-10.0077
-9.97116
-9.93082
-9.88647
-9.8379
-9.78493
-9.72734
-9.66497
-9.59762
-9.52512
-9.44733
-9.36408
-9.27525
-9.18073
-9.08041
-8.97423
-8.86211
-8.74403
-8.61997
-8.48995
-8.35402
-8.21223
-8.0647
-7.91155
-7.75293
-7.58904
-7.42011
-7.24637
-7.06813
-6.88569
-6.69938
-6.50959
-6.3167
-6.12112
-5.92329
-5.72366
-5.52268
-5.32084
-5.11859
-4.91643
-4.71481
-4.51422
-4.3151
-4.11791
-3.92306
-3.73096
-3.542
-3.35654
-3.17492
-2.99742
-2.82434
-2.65591
-2.49234
-2.3338
-2.18044
-2.03237
-1.88964
-1.7523
-1.62035
-1.49375
-1.37242
-1.25628
-1.14516
-1.03891
-0.937307
-0.840121
-0.747075
-0.657864
-0.572132
-0.489535
-0.409503
-0.331979
-0.254978
-0.182282
-0.0988767
-0.0549986
-10.1879
-10.1939
-10.1993
-10.204
-10.2081
-10.2116
-10.2142
-10.2159
-10.2167
-10.2164
-10.2148
-10.212
-10.2078
-10.2021
-10.1947
-10.1854
-10.1742
-10.1609
-10.1453
-10.1273
-10.1067
-10.0832
-10.0567
-10.0271
-9.99404
-9.95742
-9.91701
-9.87262
-9.82405
-9.7711
-9.71357
-9.65129
-9.58408
-9.51177
-9.43421
-9.35124
-9.26274
-9.16859
-9.0687
-8.963
-8.85141
-8.73392
-8.61051
-8.48119
-8.34602
-8.20504
-8.05838
-7.90614
-7.7485
-7.58564
-7.41777
-7.24515
-7.06806
-6.8868
-6.70171
-6.51316
-6.32151
-6.12719
-5.93061
-5.73221
-5.53245
-5.33177
-5.13066
-4.92956
-4.72895
-4.52928
-4.33099
-4.13453
-3.94031
-3.74874
-3.56018
-3.37501
-3.19355
-3.01611
-2.84297
-2.67436
-2.51052
-2.35161
-2.19779
-2.04918
-1.90585
-1.76784
-1.63518
-1.50783
-1.38572
-1.26876
-1.15683
-1.04973
-0.94729
-0.849253
-0.755351
-0.665278
-0.578673
-0.495188
-0.414256
-0.335779
-0.257854
-0.183966
-0.0997227
-0.0540286
-10.1824
-10.189
-10.195
-10.2001
-10.2046
-10.2082
-10.211
-10.2128
-10.2135
-10.2131
-10.2115
-10.2085
-10.2041
-10.1981
-10.1904
-10.1809
-10.1694
-10.1558
-10.1398
-10.1215
-10.1005
-10.0767
-10.0499
-10.0199
-9.9866
-9.94971
-9.90905
-9.86443
-9.81566
-9.76255
-9.7049
-9.64254
-9.57528
-9.50298
-9.42546
-9.34258
-9.25423
-9.16028
-9.06063
-8.95522
-8.84399
-8.72689
-8.60393
-8.47511
-8.34048
-8.2001
-8.05407
-7.90252
-7.74561
-7.58351
-7.41645
-7.24466
-7.06843
-6.88806
-6.70388
-6.51624
-6.32553
-6.13213
-5.93647
-5.73898
-5.5401
-5.34028
-5.13998
-4.93966
-4.73976
-4.54074
-4.34304
-4.1471
-3.95331
-3.76208
-3.57379
-3.3888
-3.20743
-3.02999
-2.85677
-2.68801
-2.52393
-2.36473
-2.21056
-2.06154
-1.91775
-1.77926
-1.64608
-1.51818
-1.39551
-1.27798
-1.16545
-1.05776
-0.954717
-0.856071
-0.761551
-0.670852
-0.58361
-0.49947
-0.417873
-0.338682
-0.260141
-0.185296
-0.10143
-0.0516626
-10.1715
-10.1778
-10.1833
-10.1883
-10.1926
-10.1963
-10.199
-10.2009
-10.2017
-10.2014
-10.1999
-10.1971
-10.1928
-10.187
-10.1794
-10.17
-10.1586
-10.145
-10.1292
-10.1109
-10.0899
-10.0662
-10.0394
-10.0094
-9.97609
-9.93918
-9.8985
-9.85385
-9.80505
-9.7519
-9.69422
-9.63182
-9.56454
-9.49221
-9.41467
-9.33179
-9.24345
-9.14952
-9.04992
-8.94458
-8.83343
-8.71646
-8.59365
-8.46503
-8.33063
-8.19053
-8.04483
-7.89366
-7.73717
-7.57557
-7.40906
-7.23789
-7.06234
-6.88271
-6.69934
-6.51256
-6.32277
-6.13034
-5.93569
-5.73924
-5.54143
-5.34269
-5.14346
-4.9442
-4.74533
-4.54731
-4.35054
-4.15545
-3.96244
-3.77191
-3.5842
-3.39969
-3.21869
-3.04152
-2.86844
-2.69973
-2.5356
-2.37625
-2.22185
-2.07253
-1.92838
-1.78948
-1.65583
-1.52744
-1.40425
-1.28619
-1.17311
-1.06487
-0.961267
-0.862065
-0.766992
-0.675742
-0.587953
-0.503264
-0.421134
-0.341382
-0.262471
-0.186837
-0.104564
-0.0484149
-10.1857
-10.1916
-10.1969
-10.2014
-10.2052
-10.2082
-10.2103
-10.2115
-10.2116
-10.2106
-10.2083
-10.2047
-10.1997
-10.193
-10.1847
-10.1745
-10.1624
-10.1481
-10.1315
-10.1125
-10.0909
-10.0665
-10.0391
-10.0085
-9.97462
-9.93718
-9.89602
-9.85094
-9.80174
-9.74825
-9.69028
-9.62765
-9.5602
-9.48775
-9.41015
-9.32728
-9.239
-9.1452
-9.0458
-8.94071
-8.82988
-8.71329
-8.59092
-8.46279
-8.32894
-8.18945
-8.04441
-7.89394
-7.73821
-7.57739
-7.4117
-7.24139
-7.06671
-6.88797
-6.70549
-6.5196
-6.33069
-6.13913
-5.94532
-5.74967
-5.55261
-5.35457
-5.15599
-4.95729
-4.75892
-4.5613
-4.36485
-4.16999
-3.97711
-3.78661
-3.59884
-3.41417
-3.23293
-3.05542
-2.88193
-2.71273
-2.54804
-2.38808
-2.23302
-2.083
-1.93813
-1.79848
-1.66409
-1.53495
-1.41102
-1.29224
-1.17846
-1.06956
-0.965314
-0.86551
-0.76987
-0.678086
-0.589797
-0.504642
-0.422077
-0.341938
-0.262733
-0.186905
-0.105785
-0.0443993
-11.1109
-11.1105
-11.1141
-11.122
-11.129
-11.1314
-11.1301
-11.1274
-11.1246
-11.1229
-11.1234
-11.1234
-11.1214
-11.1193
-11.1211
-11.1324
-11.1564
-11.1971
-11.2548
-11.3263
-11.406
-11.4873
-11.564
-11.6312
-11.6856
-11.7253
-11.75
-11.7597
-11.7554
-11.7378
-11.7078
-11.6662
-11.6134
-11.5498
-11.4757
-11.3909
-11.2958
-11.1904
-11.0747
-10.9473
-10.8073
-10.6547
-10.4897
-10.3119
-10.1211
-9.91717
-9.7
-9.46953
-9.22586
-8.96919
-8.69987
-8.41842
-8.12549
-7.82192
-7.50872
-7.18707
-6.85832
-6.52397
-6.18566
-5.84515
-5.50429
-5.16496
-4.82906
-4.49847
-4.175
-3.86035
-3.55606
-3.26351
-2.98392
-2.71838
-2.46716
-2.22915
-2.00487
-1.79602
-1.60275
-1.42467
-1.26119
-1.11164
-0.975281
-0.851313
-0.738921
-0.637282
-0.545582
-0.463029
-0.388861
-0.322361
-0.262859
-0.209742
-0.162456
-0.120514
-0.0834961
-0.05106
-0.0229618
0.000968942
0.0206118
0.0361018
0.0453662
0.0517901
0.0352789
0.0535521
-11.1203
-11.1264
-11.1368
-11.1458
-11.1507
-11.1501
-11.144
-11.134
-11.1233
-11.1163
-11.1139
-11.1142
-11.116
-11.1201
-11.1275
-11.1458
-11.1832
-11.2428
-11.3218
-11.4124
-11.5056
-11.5928
-11.6681
-11.7281
-11.7717
-11.7992
-11.8117
-11.8106
-11.7972
-11.7726
-11.7375
-11.6926
-11.638
-11.5738
-11.4999
-11.416
-11.3218
-11.2166
-11.0996
-10.9715
-10.8328
-10.6829
-10.521
-10.3469
-10.16
-9.96021
-9.74734
-9.52133
-9.28226
-9.03028
-8.76574
-8.48908
-8.20094
-7.90211
-7.59353
-7.27634
-6.95183
-6.62143
-6.28673
-5.94942
-5.61129
-5.27415
-4.93984
-4.61022
-4.28706
-3.97203
-3.66659
-3.372
-3.08943
-2.81977
-2.56433
-2.32563
-2.10286
-1.89425
-1.70024
-1.5207
-1.35518
-1.20314
-1.06395
-0.936893
-0.821241
-0.716229
-0.621095
-0.53509
-0.457491
-0.387611
-0.324805
-0.26848
-0.218098
-0.173185
-0.133329
-0.0981918
-0.0675302
-0.041166
-0.0191967
-0.00141629
0.0102527
0.0198415
0.00798314
0.0407412
-11.131
-11.1433
-11.1537
-11.1608
-11.1629
-11.1596
-11.1512
-11.1393
-11.1278
-11.1227
-11.1219
-11.1243
-11.1354
-11.1595
-11.1981
-11.2512
-11.3175
-11.3929
-11.472
-11.5493
-11.6203
-11.682
-11.7325
-11.771
-11.7975
-11.8125
-11.8163
-11.8096
-11.793
-11.7667
-11.7311
-11.6864
-11.6326
-11.5696
-11.4972
-11.4152
-11.3233
-11.221
-11.1078
-10.9835
-10.848
-10.701
-10.5421
-10.371
-10.1874
-9.99096
-9.78159
-9.5592
-9.32383
-9.07567
-8.815
-8.54227
-8.25809
-7.96322
-7.65859
-7.3453
-7.0246
-6.69791
-6.3668
-6.03294
-5.6981
-5.36416
-5.03297
-4.7063
-4.38589
-4.07337
-3.77026
-3.47794
-3.19758
-2.93009
-2.67625
-2.43667
-2.21111
-1.99947
-1.80227
-1.6194
-1.45046
-1.29494
-1.15222
-1.02163
-0.902434
-0.793892
-0.69526
-0.605803
-0.524814
-0.45162
-0.385588
-0.326136
-0.272734
-0.224911
-0.182257
-0.144433
-0.11118
-0.0822934
-0.0578177
-0.0373785
-0.0227322
-0.00860364
-0.0146926
0.0342556
-11.126
-11.139
-11.1481
-11.1546
-11.1575
-11.1559
-11.1505
-11.1432
-11.1367
-11.1344
-11.1375
-11.1492
-11.1738
-11.2129
-11.2655
-11.3282
-11.3971
-11.4684
-11.5387
-11.605
-11.665
-11.7168
-11.7593
-11.7917
-11.8136
-11.8252
-11.8268
-11.8187
-11.8012
-11.7747
-11.7392
-11.6949
-11.6417
-11.5794
-11.5078
-11.4267
-11.3356
-11.2342
-11.1222
-10.9995
-10.8656
-10.7203
-10.5631
-10.3937
-10.2117
-10.017
-9.8093
-9.58856
-9.35482
-9.10824
-8.8491
-8.57786
-8.2951
-8.00159
-7.69827
-7.38625
-7.06682
-6.7414
-6.41153
-6.07889
-5.74525
-5.4124
-5.08216
-4.75638
-4.43683
-4.12518
-3.82292
-3.53141
-3.2518
-2.98501
-2.73168
-2.49213
-2.26645
-2.05485
-1.85755
-1.67439
-1.50498
-1.3488
-1.20526
-1.07369
-0.953368
-0.843577
-0.743585
-0.652678
-0.570164
-0.495385
-0.427726
-0.366616
-0.311537
-0.262027
-0.21768
-0.178154
-0.143177
-0.112515
-0.086136
-0.0635244
-0.0461811
-0.0280492
-0.0286846
0.0317782
-11.0989
-11.1135
-11.1252
-11.134
-11.1394
-11.1409
-11.1392
-11.1356
-11.1324
-11.1328
-11.1408
-11.1598
-11.1918
-11.2363
-11.2916
-11.355
-11.4231
-11.4928
-11.561
-11.625
-11.6824
-11.7316
-11.7716
-11.8017
-11.8219
-11.8322
-11.833
-11.8245
-11.807
-11.7807
-11.7457
-11.7019
-11.6493
-11.5877
-11.5168
-11.4363
-11.346
-11.2454
-11.1344
-11.0126
-10.8796
-10.7351
-10.5787
-10.41
-10.2288
-10.0347
-9.82751
-9.60728
-9.37399
-9.12781
-8.86902
-8.59806
-8.31554
-8.02223
-7.71906
-7.40715
-7.08778
-6.76239
-6.43257
-6.10001
-5.76651
-5.4339
-5.10403
-4.77873
-4.45977
-4.14878
-3.84728
-3.55657
-3.27778
-3.0118
-2.75928
-2.52057
-2.29585
-2.08522
-1.88875
-1.70625
-1.53732
-1.38145
-1.23804
-1.10644
-0.985938
-0.875819
-0.775368
-0.683882
-0.600683
-0.525126
-0.456607
-0.394569
-0.338501
-0.287947
-0.242504
-0.201828
-0.165624
-0.133637
-0.10575
-0.0813554
-0.0617012
-0.0403692
-0.0364998
0.0298456
-11.0594
-11.0791
-11.0953
-11.1072
-11.1159
-11.1206
-11.1209
-11.1184
-11.116
-11.1176
-11.1275
-11.149
-11.1834
-11.2302
-11.2876
-11.3528
-11.4223
-11.4929
-11.5614
-11.6252
-11.6822
-11.7311
-11.7707
-11.8009
-11.8213
-11.8321
-11.8335
-11.8257
-11.809
-11.7835
-11.7493
-11.7062
-11.6542
-11.5932
-11.5228
-11.4428
-11.3529
-11.2528
-11.1422
-11.0208
-10.8881
-10.7439
-10.5877
-10.4191
-10.2379
-10.0438
-9.83664
-9.61631
-9.38287
-9.13647
-8.87742
-8.60618
-8.32335
-8.02973
-7.72627
-7.41411
-7.09456
-6.76907
-6.43924
-6.10681
-5.77356
-5.44136
-5.11205
-4.78747
-4.46937
-4.15936
-3.85894
-3.56938
-3.29179
-3.02701
-2.77567
-2.53814
-2.31459
-2.10509
-1.90961
-1.72795
-1.5597
-1.40436
-1.26132
-1.12993
-1.0095
-0.899316
-0.798674
-0.706881
-0.623272
-0.547212
-0.478108
-0.415411
-0.358617
-0.307276
-0.260981
-0.219387
-0.182176
-0.149077
-0.119887
-0.0939727
-0.0723038
-0.0485459
-0.0408983
0.0267878
-11.0242
-11.0483
-11.0699
-11.085
-11.0968
-11.1029
-11.1026
-11.098
-11.093
-11.0927
-11.1016
-11.1231
-11.1584
-11.2068
-11.266
-11.3328
-11.4038
-11.4756
-11.5452
-11.6101
-11.6683
-11.7183
-11.7594
-11.791
-11.8129
-11.8253
-11.8281
-11.8217
-11.8062
-11.7817
-11.7483
-11.7059
-11.6545
-11.5939
-11.5238
-11.444
-11.3542
-11.2542
-11.1436
-11.0221
-10.8894
-10.7449
-10.5885
-10.4196
-10.2381
-10.0436
-9.83599
-9.61522
-9.38131
-9.13445
-8.87495
-8.60328
-8.32008
-8.02614
-7.72246
-7.41018
-7.09063
-6.76529
-6.43578
-6.10383
-5.77125
-5.43989
-5.11159
-4.78818
-4.47138
-4.1628
-3.86387
-3.57586
-3.29981
-3.03656
-2.78668
-2.55054
-2.3283
-2.12
-1.92559
-1.74483
-1.57731
-1.42253
-1.2799
-1.14876
-1.02844
-0.918232
-0.817449
-0.725408
-0.641455
-0.564965
-0.495355
-0.432084
-0.374652
-0.322614
-0.27556
-0.233143
-0.195017
-0.160918
-0.130532
-0.1033
-0.0798132
-0.0543329
-0.0432011
0.0223027
-11.0027
-11.0323
-11.0593
-11.0769
-11.0898
-11.094
-11.0891
-11.0788
-11.0684
-11.064
-11.0706
-11.0913
-11.1266
-11.1755
-11.2353
-11.3028
-11.3747
-11.4476
-11.5186
-11.585
-11.6449
-11.6969
-11.74
-11.7737
-11.7976
-11.8118
-11.8164
-11.8114
-11.7972
-11.7737
-11.741
-11.6992
-11.6481
-11.5877
-11.5177
-11.4378
-11.3479
-11.2477
-11.1368
-11.015
-10.8818
-10.7369
-10.58
-10.4106
-10.2285
-10.0334
-9.82524
-9.60391
-9.36949
-9.12215
-8.86225
-8.59026
-8.30684
-8.01282
-7.70921
-7.39717
-7.07804
-6.75333
-6.42465
-6.09373
-5.76239
-5.43245
-5.10574
-4.78406
-4.4691
-4.16242
-3.86543
-3.57934
-3.30516
-3.04369
-2.79547
-2.56086
-2.34002
-2.13298
-1.93964
-1.75975
-1.59292
-1.43865
-1.29636
-1.16541
-1.04513
-0.934843
-0.833868
-0.741537
-0.657206
-0.580264
-0.510134
-0.446284
-0.388218
-0.335495
-0.2877
-0.244487
-0.20548
-0.170435
-0.138914
-0.110524
-0.0853346
-0.0587531
-0.0440999
0.0165228
-10.9999
-11.039
-11.0698
-11.0878
-11.0984
-11.0963
-11.083
-11.0642
-11.0471
-11.0381
-11.042
-11.061
-11.0951
-11.1429
-11.2019
-11.269
-11.3408
-11.4141
-11.4858
-11.5535
-11.615
-11.6688
-11.7139
-11.7495
-11.7754
-11.7913
-11.7975
-11.7938
-11.7806
-11.758
-11.7259
-11.6845
-11.6337
-11.5733
-11.5032
-11.4231
-11.3329
-11.2323
-11.121
-10.9986
-10.8649
-10.7194
-10.5618
-10.3918
-10.2091
-10.0134
-9.80467
-9.58285
-9.34801
-9.10036
-8.84026
-8.56822
-8.28493
-7.99123
-7.68813
-7.37684
-7.0587
-6.7352
-6.40797
-6.07873
-5.74925
-5.42136
-5.09685
-4.77747
-4.46486
-4.16054
-3.86587
-3.58202
-3.30996
-3.05045
-2.80403
-2.57102
-2.3516
-2.14577
-1.95343
-1.77432
-1.60808
-1.4542
-1.31213
-1.18125
-1.0609
-0.950429
-0.849162
-0.756451
-0.671665
-0.594203
-0.523497
-0.459023
-0.400288
-0.346855
-0.298301
-0.254288
-0.214403
-0.178444
-0.145818
-0.116404
-0.0895684
-0.06242
-0.0440225
0.00972336
-11.0226
-11.0699
-11.1019
-11.1162
-11.1189
-11.1053
-11.0808
-11.0533
-11.0302
-11.0172
-11.0181
-11.0344
-11.0661
-11.1117
-11.1687
-11.2343
-11.3051
-11.3779
-11.4498
-11.518
-11.5806
-11.6357
-11.6821
-11.7193
-11.7466
-11.7639
-11.7712
-11.7686
-11.7563
-11.7343
-11.7026
-11.6615
-11.6107
-11.5502
-11.4799
-11.3996
-11.309
-11.2079
-11.096
-10.9731
-10.8387
-10.6926
-10.5344
-10.3638
-10.1805
-9.98436
-9.77522
-9.55308
-9.31805
-9.07037
-8.81042
-8.53873
-8.256
-7.96311
-7.66108
-7.35111
-7.03455
-6.71289
-6.38775
-6.0608
-5.73381
-5.40855
-5.08676
-4.77015
-4.46031
-4.1587
-3.86663
-3.58524
-3.31546
-3.05801
-2.81341
-2.58201
-2.36394
-2.15923
-1.96778
-1.78934
-1.62354
-1.46992
-1.32793
-1.19697
-1.07642
-0.965639
-0.863969
-0.770776
-0.685443
-0.607382
-0.536033
-0.470876
-0.411425
-0.357245
-0.307906
-0.263079
-0.222309
-0.185455
-0.151743
-0.12142
-0.0929595
-0.0656891
-0.043261
0.00222565
-11.0696
-11.122
-11.1484
-11.1509
-11.1375
-11.109
-11.0739
-11.0396
-11.0123
-10.9964
-10.9948
-11.0087
-11.0379
-11.081
-11.1357
-11.1993
-11.2686
-11.3405
-11.4119
-11.4801
-11.543
-11.5987
-11.6459
-11.6839
-11.7121
-11.7303
-11.7384
-11.7365
-11.7246
-11.703
-11.6716
-11.6305
-11.5796
-11.519
-11.4484
-11.3677
-11.2767
-11.1751
-11.0627
-10.9392
-10.8043
-10.6576
-10.4989
-10.3278
-10.1441
-9.94767
-9.73834
-9.51616
-9.28127
-9.03392
-8.77452
-8.50364
-8.22197
-7.93042
-7.63
-7.32193
-7.00754
-6.6883
-6.3658
-6.04169
-5.71769
-5.39551
-5.07686
-4.76336
-4.45657
-4.15789
-3.8686
-3.58976
-3.32229
-3.0669
-2.8241
-2.59421
-2.3774
-2.17369
-1.98298
-1.80506
-1.63956
-1.48604
-1.34399
-1.21283
-1.09196
-0.980744
-0.878564
-0.784795
-0.698833
-0.620099
-0.548043
-0.482152
-0.421941
-0.36698
-0.31683
-0.271175
-0.229514
-0.191784
-0.157001
-0.125866
-0.0957912
-0.0687517
-0.0420343
-0.00565202
-11.1303
-11.1838
-11.193
-11.17
-11.1357
-11.0949
-11.0532
-11.0156
-10.9867
-10.97
-10.9675
-10.9802
-11.0078
-11.049
-11.1019
-11.1637
-11.2316
-11.3023
-11.3729
-11.4406
-11.5033
-11.559
-11.6064
-11.6447
-11.6733
-11.6918
-11.7002
-11.6985
-11.6868
-11.6652
-11.6338
-11.5926
-11.5416
-11.4806
-11.4097
-11.3286
-11.2372
-11.1352
-11.0223
-10.8984
-10.763
-10.6159
-10.4568
-10.2854
-10.1016
-9.90504
-9.69583
-9.47395
-9.23956
-8.99295
-8.73455
-8.46493
-8.18482
-7.8951
-7.59681
-7.29114
-6.97942
-6.66307
-6.34366
-6.0228
-5.70214
-5.38335
-5.06807
-4.75789
-4.45429
-4.15862
-3.87212
-3.59583
-3.33064
-3.07723
-2.83611
-2.60762
-2.39193
-2.18908
-1.99898
-1.82142
-1.65608
-1.50254
-1.36031
-1.22883
-1.10752
-0.995792
-0.893017
-0.798596
-0.711937
-0.632473
-0.559662
-0.492996
-0.431993
-0.376226
-0.325249
-0.278758
-0.236207
-0.197621
-0.161787
-0.129921
-0.0982463
-0.0716976
-0.0405195
-0.0136201
-11.1812
-11.2294
-11.2036
-11.1462
-11.099
-11.0544
-11.0129
-10.9778
-10.9517
-10.937
-10.9355
-10.9482
-10.975
-11.0151
-11.0665
-11.1269
-11.1935
-11.2631
-11.3327
-11.3998
-11.4619
-11.5172
-11.5644
-11.6025
-11.6309
-11.6494
-11.6577
-11.6559
-11.6441
-11.6224
-11.5907
-11.5492
-11.4979
-11.4366
-11.3654
-11.2839
-11.1921
-11.0897
-10.9765
-10.8521
-10.7165
-10.5691
-10.4099
-10.2384
-10.0546
-9.85838
-9.64961
-9.42838
-9.19488
-8.94942
-8.69243
-8.42451
-8.14638
-7.85893
-7.56319
-7.26032
-6.95162
-6.63851
-6.32248
-6.0051
-5.68797
-5.37272
-5.06092
-4.75409
-4.45367
-4.16099
-3.87721
-3.60338
-3.34034
-3.08879
-2.84922
-2.62199
-2.40728
-2.20514
-2.01552
-1.83821
-1.67291
-1.51924
-1.37673
-1.24485
-1.12304
-1.01071
-0.907283
-0.812157
-0.724758
-0.644526
-0.570927
-0.503462
-0.441648
-0.385064
-0.333253
-0.28593
-0.242497
-0.203077
-0.16622
-0.133689
-0.100445
-0.0745548
-0.0388663
-0.0214293
-11.1695
-11.2078
-11.121
-11.0589
-11.0211
-10.9861
-10.9553
-10.93
-10.9109
-10.9002
-10.9006
-10.9136
-10.9398
-10.9788
-11.0291
-11.0884
-11.1539
-11.2225
-11.2912
-11.3573
-11.4186
-11.4733
-11.5199
-11.5574
-11.5854
-11.6035
-11.6115
-11.6094
-11.5973
-11.5753
-11.5433
-11.5016
-11.4499
-11.3883
-11.3167
-11.235
-11.1428
-11.0402
-10.9267
-10.8022
-10.6664
-10.519
-10.3599
-10.1886
-10.0052
-9.80954
-9.60153
-9.3813
-9.14905
-8.90509
-8.64988
-8.384
-8.1082
-7.82334
-7.53043
-7.23062
-6.92517
-6.61546
-6.30294
-5.98913
-5.67559
-5.36386
-5.05549
-4.75195
-4.45462
-4.16479
-3.8836
-3.61207
-3.35105
-3.10119
-2.86304
-2.63693
-2.42307
-2.22153
-2.03227
-1.85511
-1.68978
-1.5359
-1.39304
-1.2607
-1.13833
-1.02538
-0.921262
-0.825404
-0.737241
-0.656224
-0.581826
-0.513552
-0.450924
-0.393523
-0.340885
-0.29274
-0.248444
-0.208216
-0.170371
-0.137227
-0.102464
-0.0773204
-0.0371932
-0.0288873
-11.0592
-10.8586
-10.841
-10.9191
-10.9465
-10.9402
-10.9255
-10.9068
-10.8878
-10.8744
-10.8711
-10.8806
-10.904
-10.9409
-10.9897
-11.0478
-11.1122
-11.1798
-11.2474
-11.3125
-11.3727
-11.4264
-11.4722
-11.5091
-11.5365
-11.5541
-11.5617
-11.5594
-11.547
-11.5247
-11.4925
-11.4505
-11.3986
-11.3368
-11.265
-11.1831
-11.0908
-10.9881
-10.8746
-10.7501
-10.6144
-10.4672
-10.3084
-10.1377
-9.95494
-9.76009
-9.55315
-9.33421
-9.10349
-8.86132
-8.60815
-8.34457
-8.07131
-7.78923
-7.49931
-7.20267
-6.90055
-6.59428
-6.28527
-5.97499
-5.66495
-5.35665
-5.05157
-4.75115
-4.45675
-4.1696
-3.89083
-3.62144
-3.36227
-3.11398
-2.87709
-2.65199
-2.43887
-2.23785
-2.04887
-1.8718
-1.70637
-1.55225
-1.40902
-1.27619
-1.15325
-1.03965
-0.934836
-0.838241
-0.749312
-0.667511
-0.592318
-0.523244
-0.459811
-0.401607
-0.348159
-0.299212
-0.254079
-0.213075
-0.17428
-0.140571
-0.104347
-0.079996
-0.035557
-0.0359079
)
;

boundaryField
{
    outlet
    {
        type            fixedValue;
        value           uniform 0;
    }
    inlet
    {
        type            zeroGradient;
    }
    lowerWall
    {
        type            zeroGradient;
    }
    upperWall
    {
        type            zeroGradient;
    }
    frontAndBack
    {
        type            empty;
    }
}


// ************************************************************************* //
