/*--------------------------------*- C++ -*----------------------------------*\
| =========                 |                                                 |
| \\      /  F ield         | OpenFOAM: The Open Source CFD Toolbox           |
|  \\    /   O peration     | Version:  4.1                                   |
|   \\  /    A nd           | Web:      www.OpenFOAM.org                      |
|    \\/     M anipulation  |                                                 |
\*---------------------------------------------------------------------------*/
FoamFile
{
    version     2.0;
    format      ascii;
    class       volScalarField;
    location    "1600";
    object      k;
}
// * * * * * * * * * * * * * * * * * * * * * * * * * * * * * * * * * * * * * //

dimensions      [0 2 -2 0 0 0 0];

internalField   nonuniform List<scalar> 
6820
(
0.241787
0.289665
0.336844
0.381951
0.423953
0.46211
0.495948
0.525265
0.550093
0.57064
0.587232
0.60026
0.610145
0.617305
0.622142
0.625026
0.626287
0.62622
0.625078
0.623081
0.620414
0.617234
0.613671
0.609833
0.605811
0.601678
0.597494
0.593307
0.589155
0.585071
0.581074
0.577259
0.574892
0.202474
0.204679
0.206995
0.209467
0.212041
0.214681
0.217362
0.220056
0.222733
0.22537
0.227954
0.230479
0.232942
0.235349
0.237707
0.240025
0.242313
0.244581
0.246837
0.249089
0.251344
0.253607
0.255883
0.258175
0.260482
0.262807
0.265146
0.2675
0.269864
0.272236
0.274614
0.276992
0.279891
0.199741
0.199215
0.198471
0.197596
0.196619
0.195573
0.194483
0.193366
0.192235
0.191099
0.18997
0.188855
0.187761
0.186695
0.185662
0.184667
0.183716
0.182812
0.181958
0.181158
0.180414
0.179725
0.179091
0.17851
0.177983
0.177509
0.177086
0.176713
0.176389
0.176112
0.175879
0.175696
0.175595
0.199153
0.198176
0.197113
0.195992
0.194809
0.193571
0.192297
0.191001
0.189694
0.188384
0.187078
0.185782
0.184501
0.183238
0.181997
0.180781
0.179591
0.178431
0.177301
0.176204
0.17514
0.17411
0.173114
0.172153
0.171225
0.170332
0.169471
0.168644
0.16785
0.167087
0.166355
0.165653
0.164982
0.198981
0.1979
0.196807
0.195699
0.194559
0.193388
0.192197
0.190994
0.189785
0.188574
0.187366
0.186167
0.184978
0.183802
0.182643
0.181503
0.180382
0.179283
0.178206
0.177153
0.176124
0.175121
0.174143
0.17319
0.172263
0.171361
0.170485
0.169633
0.168807
0.168005
0.167226
0.166471
0.165731
0.198926
0.197795
0.196678
0.195576
0.194473
0.193363
0.192249
0.191134
0.190019
0.188909
0.187806
0.186711
0.185628
0.184558
0.183504
0.182465
0.181444
0.180441
0.179457
0.178492
0.177548
0.176624
0.17572
0.174837
0.173974
0.173133
0.172312
0.171511
0.17073
0.169969
0.169228
0.168505
0.167791
0.198906
0.197755
0.196631
0.195537
0.194463
0.193399
0.192342
0.191294
0.190254
0.189222
0.188201
0.187192
0.186194
0.18521
0.184241
0.183286
0.182348
0.181426
0.180521
0.179633
0.178762
0.177909
0.177075
0.176258
0.175459
0.174677
0.173914
0.173168
0.17244
0.171729
0.171035
0.170356
0.169684
0.1989
0.19774
0.196611
0.195517
0.194452
0.193408
0.192382
0.191373
0.19038
0.189401
0.188437
0.187487
0.186552
0.185631
0.184727
0.183837
0.182964
0.182107
0.181266
0.180441
0.179633
0.178841
0.178066
0.177307
0.176564
0.175838
0.175127
0.174433
0.173754
0.173091
0.172443
0.171808
0.171178
0.198897
0.197734
0.196603
0.195508
0.194448
0.193415
0.192408
0.191424
0.19046
0.189517
0.188591
0.187683
0.186792
0.185919
0.185061
0.184221
0.183396
0.182588
0.181796
0.18102
0.18026
0.179516
0.178787
0.178074
0.177376
0.176694
0.176026
0.175373
0.174735
0.174111
0.173501
0.172904
0.17231
0.198896
0.197732
0.1966
0.195505
0.194445
0.193417
0.192417
0.191444
0.190496
0.189571
0.188668
0.187785
0.186923
0.186079
0.185254
0.184446
0.183657
0.182884
0.182128
0.181388
0.180664
0.179956
0.179264
0.178587
0.177925
0.177278
0.176645
0.176026
0.175422
0.174831
0.174253
0.173687
0.173124
0.198896
0.197731
0.196599
0.195504
0.194444
0.193417
0.192421
0.191454
0.190514
0.1896
0.18871
0.187844
0.186999
0.186175
0.185371
0.184587
0.183821
0.183073
0.182342
0.181629
0.180931
0.18025
0.179585
0.178935
0.1783
0.177679
0.177073
0.17648
0.175902
0.175336
0.174784
0.174242
0.173704
0.198896
0.19773
0.196599
0.195504
0.194444
0.193418
0.192423
0.191458
0.190521
0.189612
0.188729
0.18787
0.187035
0.186222
0.18543
0.184659
0.183908
0.183176
0.182462
0.181765
0.181086
0.180423
0.179777
0.179146
0.17853
0.177929
0.177342
0.176769
0.17621
0.175664
0.175131
0.174609
0.174091
0.198896
0.19773
0.196599
0.195504
0.194444
0.193418
0.192424
0.19146
0.190525
0.189618
0.188738
0.187884
0.187054
0.186247
0.185463
0.1847
0.183958
0.183235
0.182532
0.181847
0.181179
0.180529
0.179895
0.179277
0.178675
0.178088
0.177515
0.176956
0.176411
0.175879
0.17536
0.174852
0.174348
0.198896
0.19773
0.196599
0.195504
0.194445
0.193419
0.192425
0.191461
0.190527
0.189621
0.188743
0.18789
0.187062
0.186259
0.185478
0.184719
0.183981
0.183264
0.182567
0.181888
0.181227
0.180584
0.179958
0.179349
0.178755
0.178176
0.177612
0.177063
0.176528
0.176006
0.175496
0.174998
0.174504
0.198896
0.19773
0.196599
0.195505
0.194445
0.193419
0.192425
0.191462
0.190528
0.189623
0.188745
0.187893
0.187067
0.186265
0.185486
0.184729
0.183994
0.18328
0.182586
0.181911
0.181254
0.180616
0.179995
0.17939
0.178802
0.178229
0.177671
0.177127
0.176598
0.176082
0.17558
0.175088
0.174601
0.198896
0.19773
0.196599
0.195505
0.194446
0.19342
0.192426
0.191463
0.190529
0.189624
0.188747
0.187895
0.187069
0.186268
0.18549
0.184734
0.184
0.183288
0.182595
0.181922
0.181267
0.180631
0.180012
0.179411
0.178825
0.178255
0.177701
0.177161
0.176635
0.176123
0.175625
0.175137
0.174654
0.198896
0.19773
0.1966
0.195505
0.194446
0.19342
0.192426
0.191463
0.19053
0.189625
0.188748
0.187896
0.187071
0.18627
0.185492
0.184737
0.184004
0.183292
0.1826
0.181928
0.181275
0.18064
0.180023
0.179422
0.178838
0.17827
0.177718
0.17718
0.176657
0.176147
0.175651
0.175166
0.174686
0.198896
0.19773
0.1966
0.195505
0.194446
0.19342
0.192427
0.191464
0.19053
0.189626
0.188748
0.187897
0.187072
0.186271
0.185493
0.184739
0.184006
0.183294
0.182603
0.181931
0.181279
0.180644
0.180028
0.179428
0.178845
0.178278
0.177726
0.17719
0.176667
0.176159
0.175664
0.175181
0.174702
0.198896
0.197729
0.1966
0.195506
0.194446
0.193421
0.192427
0.191464
0.190531
0.189626
0.188749
0.187898
0.187073
0.186272
0.185494
0.18474
0.184007
0.183296
0.182605
0.181933
0.181281
0.180647
0.180031
0.179432
0.178849
0.178283
0.177732
0.177195
0.176674
0.176166
0.175672
0.17519
0.174712
0.198896
0.197729
0.1966
0.195506
0.194446
0.193421
0.192427
0.191464
0.190531
0.189627
0.188749
0.187899
0.187073
0.186272
0.185495
0.184741
0.184008
0.183297
0.182606
0.181935
0.181283
0.180649
0.180033
0.179434
0.178852
0.178285
0.177734
0.177199
0.176677
0.17617
0.175676
0.175194
0.174717
0.198896
0.197729
0.1966
0.195506
0.194447
0.193421
0.192427
0.191465
0.190532
0.189627
0.18875
0.187899
0.187074
0.186273
0.185496
0.184742
0.184009
0.183298
0.182607
0.181936
0.181284
0.18065
0.180034
0.179435
0.178853
0.178287
0.177737
0.177201
0.17668
0.176173
0.175679
0.175197
0.17472
0.198896
0.197729
0.1966
0.195506
0.194447
0.193421
0.192428
0.191465
0.190532
0.189627
0.18875
0.1879
0.187074
0.186274
0.185497
0.184742
0.18401
0.183299
0.182608
0.181937
0.181285
0.180651
0.180035
0.179437
0.178855
0.178288
0.177738
0.177202
0.176681
0.176174
0.175681
0.175199
0.174722
0.198896
0.197729
0.1966
0.195506
0.194447
0.193421
0.192428
0.191465
0.190532
0.189628
0.188751
0.1879
0.187075
0.186274
0.185497
0.184743
0.18401
0.183299
0.182608
0.181937
0.181285
0.180652
0.180036
0.179437
0.178855
0.178289
0.177739
0.177203
0.176683
0.176176
0.175682
0.1752
0.174723
0.198896
0.19773
0.1966
0.195506
0.194447
0.193421
0.192428
0.191465
0.190532
0.189628
0.188751
0.1879
0.187075
0.186274
0.185497
0.184743
0.184011
0.1833
0.182609
0.181938
0.181286
0.180652
0.180037
0.179438
0.178856
0.17829
0.17774
0.177204
0.176683
0.176176
0.175683
0.175201
0.174724
0.198896
0.197729
0.1966
0.195506
0.194447
0.193421
0.192428
0.191465
0.190532
0.189628
0.188751
0.1879
0.187075
0.186274
0.185497
0.184743
0.184011
0.1833
0.182609
0.181938
0.181286
0.180653
0.180037
0.179438
0.178856
0.17829
0.17774
0.177204
0.176683
0.176176
0.175683
0.175201
0.174724
0.198896
0.197729
0.1966
0.195506
0.194447
0.193421
0.192428
0.191465
0.190532
0.189628
0.188751
0.1879
0.187075
0.186274
0.185497
0.184743
0.184011
0.1833
0.182609
0.181938
0.181286
0.180653
0.180037
0.179438
0.178856
0.17829
0.17774
0.177204
0.176683
0.176177
0.175683
0.175201
0.174724
0.198896
0.197729
0.1966
0.195506
0.194447
0.193421
0.192428
0.191465
0.190532
0.189628
0.188751
0.1879
0.187075
0.186274
0.185497
0.184743
0.18401
0.183299
0.182608
0.181937
0.181285
0.180652
0.180036
0.179437
0.178855
0.178289
0.177738
0.177203
0.176682
0.176175
0.175681
0.175199
0.174722
0.198896
0.197729
0.1966
0.195506
0.194447
0.193421
0.192428
0.191465
0.190532
0.189628
0.188751
0.1879
0.187075
0.186274
0.185497
0.184743
0.18401
0.183299
0.182608
0.181937
0.181285
0.180652
0.180036
0.179437
0.178855
0.178289
0.177738
0.177203
0.176682
0.176175
0.175681
0.175199
0.174722
0.198896
0.197729
0.1966
0.195506
0.194447
0.193421
0.192428
0.191465
0.190532
0.189627
0.18875
0.187899
0.187074
0.186273
0.185496
0.184741
0.184009
0.183297
0.182606
0.181935
0.181283
0.180649
0.180033
0.179434
0.178852
0.178285
0.177735
0.177199
0.176678
0.176171
0.175677
0.175195
0.174718
0.198896
0.197729
0.1966
0.195506
0.194447
0.193421
0.192427
0.191465
0.190532
0.189627
0.18875
0.187899
0.187074
0.186273
0.185496
0.184742
0.184009
0.183298
0.182607
0.181936
0.181283
0.18065
0.180034
0.179435
0.178852
0.178286
0.177735
0.177199
0.176678
0.176171
0.175677
0.175195
0.174717
0.198896
0.197729
0.1966
0.195506
0.194447
0.193421
0.192427
0.191464
0.190531
0.189626
0.188749
0.187898
0.187072
0.186271
0.185493
0.184738
0.184005
0.183294
0.182602
0.181931
0.181278
0.180644
0.180028
0.179428
0.178846
0.178279
0.177728
0.177192
0.17667
0.176162
0.175668
0.175185
0.174708
0.198896
0.197729
0.1966
0.195506
0.194446
0.193421
0.192427
0.191464
0.190531
0.189627
0.18875
0.187899
0.187074
0.186273
0.185496
0.184741
0.184008
0.183297
0.182605
0.181934
0.181281
0.180646
0.18003
0.17943
0.178847
0.17828
0.177728
0.177191
0.176669
0.176161
0.175666
0.175182
0.174704
0.198896
0.19773
0.1966
0.195505
0.194446
0.19342
0.192426
0.191462
0.190528
0.189623
0.188745
0.187893
0.187067
0.186265
0.185487
0.184732
0.183998
0.183286
0.182594
0.181921
0.181267
0.180632
0.180014
0.179413
0.178829
0.178261
0.177708
0.17717
0.176646
0.176136
0.175639
0.175154
0.174674
0.198896
0.19773
0.1966
0.195506
0.194447
0.193422
0.192429
0.191467
0.190534
0.18963
0.188753
0.187901
0.187075
0.186274
0.185495
0.184739
0.184004
0.183291
0.182597
0.181923
0.181267
0.180629
0.180009
0.179405
0.178818
0.178247
0.17769
0.177149
0.176621
0.176108
0.175607
0.175118
0.174633
0.198896
0.19773
0.1966
0.195504
0.194443
0.193416
0.192421
0.191457
0.190522
0.189617
0.188738
0.187885
0.187057
0.186253
0.185472
0.184713
0.183975
0.183258
0.18256
0.181881
0.181221
0.180578
0.179952
0.179343
0.17875
0.178172
0.177609
0.177061
0.176527
0.176007
0.175499
0.175004
0.174512
0.198897
0.197733
0.196606
0.195516
0.194462
0.193441
0.19245
0.191489
0.190556
0.18965
0.18877
0.187914
0.187082
0.186273
0.185486
0.18472
0.183974
0.183248
0.182541
0.181852
0.181181
0.180527
0.17989
0.17927
0.178665
0.178075
0.1775
0.17694
0.176393
0.17586
0.175341
0.174832
0.174328
0.1989
0.197735
0.196605
0.195515
0.194465
0.193449
0.192464
0.191508
0.190579
0.189676
0.188796
0.187939
0.187104
0.186291
0.185497
0.184724
0.18397
0.183235
0.182518
0.181819
0.181138
0.180473
0.179825
0.179193
0.178577
0.177976
0.177391
0.176819
0.176262
0.175719
0.175189
0.174672
0.174158
0.198944
0.197852
0.196795
0.195774
0.194787
0.193827
0.192894
0.191986
0.191101
0.190238
0.189397
0.188577
0.187778
0.186998
0.186237
0.185495
0.184771
0.184066
0.183378
0.182708
0.182054
0.181417
0.180797
0.180192
0.179603
0.179029
0.178471
0.177927
0.177397
0.176881
0.176379
0.175889
0.175406
0.199227
0.198572
0.198048
0.197613
0.197233
0.196892
0.196584
0.196305
0.196052
0.195821
0.19561
0.195418
0.195243
0.195084
0.194942
0.194813
0.194699
0.194597
0.194508
0.194431
0.194364
0.194308
0.194261
0.194224
0.194195
0.194174
0.194162
0.194156
0.194157
0.194164
0.194178
0.194197
0.194225
0.209515
0.220347
0.230808
0.24093
0.250733
0.260233
0.269438
0.278351
0.286978
0.295321
0.303382
0.311166
0.318675
0.325913
0.332885
0.339595
0.346049
0.352252
0.35821
0.363929
0.369416
0.374677
0.379719
0.38455
0.389175
0.393602
0.397838
0.401889
0.405764
0.409467
0.413007
0.416391
0.419648
0.644257
0.805083
0.984484
1.16996
1.33645
1.47314
1.57917
1.65843
1.71684
1.76018
1.79285
1.81763
1.83657
1.85103
1.86176
1.86911
1.87288
1.87351
1.87074
1.86487
1.85632
1.84557
1.83315
1.81963
1.80555
1.79141
1.77761
1.76446
1.75222
1.74108
1.7312
1.72267
1.71555
1.70985
1.70554
1.70254
1.70074
1.69999
1.70014
1.70097
1.7023
1.70392
1.7056
1.70714
1.70833
1.70896
1.70883
1.70777
1.70561
1.7022
1.69741
1.69112
1.68326
1.67375
1.66255
1.64963
1.63498
1.61864
1.60064
1.58104
1.55993
1.5374
1.51357
1.48858
1.46257
1.4357
1.40815
1.38008
1.35168
1.32313
1.29461
1.26631
1.23839
1.21102
1.18435
1.15853
1.13368
1.10988
1.08721
1.06571
1.04541
1.0263
1.00837
0.991592
0.97593
0.961325
0.947706
0.934994
0.923099
0.911925
0.901371
0.891333
0.881717
0.872427
0.863436
0.854708
0.846522
0.839048
0.833707
0.8306
0.287841
0.307521
0.342161
0.39611
0.46865
0.556221
0.652979
0.75262
0.849886
0.941059
1.02401
1.09791
1.16295
1.21993
1.26981
1.31347
1.35139
1.38395
1.41192
1.43561
1.45529
1.47126
1.48384
1.49343
1.50045
1.50533
1.5085
1.51032
1.51116
1.51131
1.51106
1.51063
1.51022
1.50998
1.51001
1.51038
1.51111
1.51217
1.51351
1.51504
1.51667
1.51826
1.51967
1.52076
1.52137
1.52136
1.52057
1.51887
1.51612
1.51221
1.50704
1.50053
1.49261
1.48322
1.47236
1.45999
1.44613
1.43082
1.41409
1.39601
1.37666
1.35614
1.33457
1.31206
1.28876
1.26482
1.24039
1.21563
1.1907
1.16577
1.141
1.11654
1.09254
1.06914
1.04647
1.02464
1.00375
0.983886
0.965089
0.947393
0.930809
0.915332
0.900943
0.88761
0.875289
0.863921
0.853441
0.84377
0.834825
0.826513
0.81874
0.811408
0.804429
0.797712
0.791231
0.784954
0.779123
0.773885
0.770448
0.768765
0.175883
0.177379
0.180713
0.187102
0.197761
0.213715
0.23628
0.26632
0.303956
0.348541
0.399019
0.45403
0.512084
0.571728
0.631658
0.690738
0.747959
0.80228
0.853513
0.90144
0.945898
0.986774
1.02402
1.05767
1.08781
1.11461
1.13828
1.15908
1.17728
1.19317
1.20702
1.21912
1.22973
1.23909
1.24742
1.25488
1.26163
1.26777
1.27336
1.27846
1.28305
1.28713
1.29065
1.29355
1.29577
1.29723
1.29783
1.29749
1.29612
1.29366
1.29003
1.28517
1.27903
1.27158
1.26281
1.25271
1.2413
1.22861
1.21469
1.19961
1.18343
1.16626
1.1482
1.12937
1.1099
1.08993
1.06959
1.04903
1.02839
1.00781
0.987422
0.967369
0.947773
0.928749
0.910406
0.892838
0.876124
0.860326
0.845488
0.831633
0.818767
0.806882
0.795957
0.785963
0.776855
0.768583
0.761084
0.754287
0.748116
0.742487
0.737313
0.732506
0.727984
0.723665
0.719524
0.715529
0.711893
0.708732
0.707058
0.706665
0.164172
0.163488
0.163038
0.16304
0.163751
0.165459
0.168527
0.173355
0.180334
0.189997
0.202772
0.218999
0.238946
0.262768
0.290476
0.321904
0.35667
0.394153
0.433596
0.474404
0.515938
0.557557
0.59865
0.638672
0.677168
0.71378
0.748254
0.780432
0.810239
0.837674
0.862792
0.885695
0.906515
0.925406
0.942534
0.958062
0.972145
0.984923
0.996517
1.00702
1.01652
1.02505
1.03266
1.03934
1.0451
1.04992
1.05375
1.05657
1.05833
1.05898
1.0585
1.05684
1.05397
1.04989
1.04458
1.03807
1.03036
1.02149
1.01152
1.0005
0.988519
0.975658
0.962016
0.947702
0.93283
0.917519
0.901893
0.886074
0.870187
0.85435
0.838682
0.823294
0.808291
0.793773
0.779827
0.766534
0.753961
0.74216
0.731169
0.721007
0.711683
0.703188
0.695508
0.688615
0.682473
0.677039
0.672258
0.668071
0.664409
0.661199
0.658366
0.655829
0.653516
0.651355
0.649321
0.647384
0.645728
0.644437
0.64434
0.64508
0.164797
0.163875
0.162998
0.162212
0.161573
0.161149
0.161034
0.161341
0.162195
0.163749
0.166181
0.169687
0.174467
0.180726
0.188679
0.198533
0.210471
0.224618
0.240986
0.259611
0.280448
0.303371
0.328166
0.354542
0.382142
0.41057
0.439415
0.468277
0.496789
0.524632
0.551545
0.577328
0.60184
0.624995
0.646753
0.667111
0.686093
0.703741
0.720106
0.735243
0.749205
0.762038
0.77378
0.784457
0.794087
0.802677
0.810222
0.816715
0.822138
0.826475
0.829709
0.831824
0.83281
0.832664
0.83139
0.829004
0.82553
0.821004
0.815473
0.808994
0.801636
0.793475
0.784598
0.775097
0.765071
0.754621
0.743853
0.73287
0.721777
0.710674
0.699661
0.688832
0.678276
0.668076
0.658308
0.649041
0.640332
0.63223
0.624768
0.617968
0.611841
0.606385
0.60159
0.597437
0.5939
0.590944
0.588526
0.586596
0.585098
0.583971
0.583149
0.582564
0.582153
0.581851
0.581637
0.581483
0.581543
0.58187
0.583126
0.584819
0.166889
0.165976
0.165066
0.164173
0.163312
0.162504
0.161777
0.16117
0.160729
0.160505
0.160562
0.160974
0.16182
0.163187
0.165168
0.167861
0.171369
0.175792
0.181214
0.187721
0.195405
0.204343
0.214596
0.2262
0.239157
0.253428
0.268932
0.285548
0.303113
0.321437
0.340311
0.359517
0.378843
0.39809
0.417079
0.43566
0.453708
0.471125
0.487836
0.503789
0.518944
0.533275
0.546764
0.559397
0.571161
0.582045
0.592035
0.601115
0.609271
0.616485
0.622743
0.62803
0.632338
0.635662
0.638005
0.639378
0.639797
0.63929
0.637893
0.63565
0.632615
0.62885
0.624422
0.619406
0.613881
0.60793
0.601637
0.595088
0.588368
0.581561
0.574749
0.56801
0.56142
0.555049
0.548963
0.543221
0.537877
0.532973
0.528544
0.524614
0.521197
0.5183
0.51592
0.514046
0.512662
0.511744
0.511259
0.51117
0.511432
0.511995
0.512806
0.513806
0.514942
0.516159
0.517438
0.51875
0.520225
0.521886
0.524241
0.526688
0.168835
0.167969
0.1671
0.16623
0.165369
0.16452
0.163693
0.162901
0.16216
0.161491
0.160917
0.160469
0.160182
0.160095
0.160251
0.160697
0.161481
0.162654
0.164261
0.166347
0.168961
0.17215
0.175962
0.180443
0.185634
0.191569
0.198276
0.205767
0.214041
0.22308
0.232848
0.243291
0.254337
0.265902
0.277889
0.290196
0.302718
0.315351
0.327994
0.340555
0.352948
0.365097
0.376933
0.388395
0.399428
0.409983
0.420015
0.429484
0.438351
0.44658
0.454141
0.461005
0.467148
0.472554
0.477209
0.481109
0.484254
0.486656
0.48833
0.489303
0.489607
0.489283
0.488377
0.486942
0.485035
0.482716
0.480051
0.477104
0.473941
0.47063
0.467235
0.463819
0.460446
0.457175
0.45406
0.451155
0.448506
0.446153
0.444132
0.442469
0.441181
0.44028
0.439772
0.439655
0.43992
0.440554
0.441534
0.442833
0.444419
0.446252
0.448289
0.450482
0.452788
0.455159
0.457577
0.460018
0.462583
0.465272
0.468456
0.471449
0.170384
0.169571
0.168753
0.16793
0.167106
0.166281
0.16546
0.164646
0.163847
0.16307
0.162326
0.161627
0.160989
0.16043
0.15997
0.159633
0.159443
0.159428
0.159616
0.160031
0.160701
0.161651
0.162908
0.164497
0.166443
0.168768
0.171493
0.174638
0.178218
0.182246
0.186728
0.191666
0.197055
0.202884
0.209134
0.215779
0.222786
0.230117
0.237727
0.245569
0.253591
0.26174
0.269963
0.278205
0.286413
0.294534
0.302518
0.310313
0.317873
0.325151
0.332104
0.338692
0.344876
0.350626
0.355913
0.360715
0.365016
0.368807
0.372083
0.37485
0.377118
0.378905
0.380233
0.381133
0.381638
0.381788
0.381625
0.381194
0.380542
0.379716
0.378767
0.377742
0.376691
0.375662
0.374699
0.373847
0.373147
0.372636
0.372345
0.372303
0.372529
0.373039
0.373845
0.37495
0.376354
0.37805
0.380025
0.382263
0.384738
0.387422
0.390282
0.393278
0.396376
0.399535
0.402741
0.405968
0.409297
0.412703
0.416446
0.419776
0.171562
0.170796
0.170024
0.169247
0.168465
0.167679
0.166891
0.166103
0.165316
0.164535
0.163764
0.163006
0.162269
0.161561
0.160892
0.160272
0.159716
0.159237
0.158851
0.158576
0.158426
0.158419
0.158571
0.158899
0.159418
0.160143
0.161088
0.162264
0.163684
0.165356
0.167289
0.16949
0.171962
0.174709
0.177731
0.181026
0.184589
0.188412
0.192485
0.196793
0.201321
0.206048
0.210953
0.216009
0.221191
0.226469
0.23181
0.237183
0.242553
0.247885
0.253143
0.258292
0.263298
0.268126
0.272747
0.277132
0.281257
0.2851
0.288646
0.291885
0.29481
0.297421
0.299722
0.301724
0.303442
0.304894
0.306104
0.307098
0.307904
0.308554
0.309082
0.309522
0.30991
0.31028
0.310669
0.311111
0.311641
0.31229
0.313086
0.314055
0.315219
0.316594
0.318195
0.320029
0.322101
0.324411
0.326952
0.329715
0.332683
0.335834
0.339145
0.342584
0.346124
0.349731
0.353392
0.357082
0.360863
0.364692
0.368737
0.372212
0.172416
0.17169
0.170959
0.170221
0.169479
0.168731
0.16798
0.167224
0.166466
0.165707
0.164948
0.164191
0.16344
0.162697
0.161967
0.161255
0.160569
0.159915
0.159302
0.158739
0.158237
0.157806
0.157456
0.157199
0.157046
0.157007
0.157092
0.157312
0.157673
0.158184
0.158852
0.159681
0.160677
0.161842
0.163181
0.164694
0.166382
0.168244
0.17028
0.172487
0.174861
0.177396
0.180087
0.182923
0.185897
0.188996
0.192206
0.195513
0.198899
0.202346
0.205833
0.209339
0.212842
0.216318
0.219745
0.223099
0.22636
0.229506
0.232521
0.235389
0.238098
0.240638
0.243005
0.245197
0.247215
0.249066
0.250759
0.252305
0.25372
0.255022
0.256231
0.25737
0.25846
0.259529
0.260601
0.261702
0.26286
0.264099
0.265443
0.266915
0.268535
0.270319
0.272282
0.274434
0.276783
0.279333
0.282082
0.285024
0.288151
0.291447
0.294895
0.29847
0.302151
0.30591
0.309736
0.313606
0.317564
0.321554
0.325673
0.329128
0.173028
0.172334
0.171635
0.170931
0.170221
0.169507
0.168787
0.168063
0.167336
0.166604
0.16587
0.165134
0.164396
0.163659
0.162925
0.162195
0.161473
0.160763
0.160068
0.159394
0.158747
0.158133
0.157558
0.15703
0.156556
0.156143
0.1558
0.155533
0.155349
0.155254
0.155254
0.155354
0.155558
0.15587
0.156294
0.156831
0.157483
0.158252
0.159138
0.160141
0.161261
0.162497
0.163847
0.165309
0.16688
0.168556
0.170332
0.172202
0.17416
0.176197
0.178304
0.18047
0.182683
0.184932
0.187202
0.189479
0.191749
0.193999
0.196214
0.198381
0.20049
0.20253
0.204494
0.206376
0.208171
0.20988
0.211505
0.213048
0.214516
0.215919
0.217266
0.218572
0.219851
0.221119
0.222395
0.223696
0.225042
0.226453
0.227949
0.229547
0.231265
0.233119
0.235122
0.237286
0.239619
0.242127
0.244812
0.247673
0.250705
0.253898
0.257238
0.26071
0.264295
0.267972
0.27173
0.275548
0.279455
0.28339
0.287399
0.290701
0.173439
0.172772
0.172099
0.171421
0.170738
0.170051
0.169359
0.168662
0.167961
0.167256
0.166547
0.165834
0.165117
0.164398
0.163677
0.162955
0.162234
0.161514
0.160799
0.160091
0.159393
0.158709
0.158042
0.157396
0.156777
0.156189
0.155638
0.155127
0.154663
0.154251
0.153894
0.153598
0.153366
0.153202
0.15311
0.153091
0.153148
0.153283
0.153497
0.153792
0.154167
0.154624
0.155162
0.155781
0.15648
0.157258
0.158115
0.159047
0.160052
0.161127
0.162269
0.163472
0.164731
0.166041
0.167394
0.168783
0.1702
0.171636
0.173084
0.174535
0.17598
0.177413
0.178827
0.180216
0.181575
0.182902
0.184196
0.185457
0.186687
0.187889
0.18907
0.190237
0.191398
0.192564
0.193747
0.19496
0.196217
0.197532
0.198922
0.2004
0.201982
0.203681
0.205509
0.207478
0.209598
0.211874
0.214312
0.216913
0.219674
0.22259
0.225653
0.22885
0.232169
0.235591
0.239108
0.242701
0.246387
0.250103
0.253862
0.256919
0.173715
0.173067
0.172414
0.171756
0.171094
0.170428
0.169757
0.169082
0.168403
0.16772
0.167032
0.166341
0.165645
0.164946
0.164243
0.163537
0.162829
0.162119
0.161408
0.160698
0.15999
0.159286
0.158588
0.157899
0.15722
0.156556
0.15591
0.155285
0.154683
0.15411
0.153568
0.153061
0.152591
0.152163
0.151779
0.151441
0.151152
0.150914
0.150729
0.150597
0.150521
0.150501
0.150538
0.150632
0.150783
0.150992
0.151259
0.151582
0.151962
0.152396
0.152884
0.153425
0.154015
0.154652
0.155333
0.156055
0.156813
0.157604
0.158422
0.159263
0.160123
0.160995
0.161877
0.162764
0.163652
0.16454
0.165424
0.166305
0.167183
0.16806
0.168937
0.16982
0.170714
0.171625
0.172561
0.173532
0.174548
0.175619
0.176758
0.177976
0.179286
0.180699
0.182226
0.183879
0.185667
0.187597
0.189675
0.191904
0.194285
0.196816
0.199492
0.202305
0.205244
0.208298
0.211457
0.214704
0.218052
0.221433
0.224849
0.227603
0.173885
0.17325
0.172612
0.171969
0.171323
0.170672
0.170018
0.16936
0.168698
0.168031
0.167362
0.166688
0.16601
0.165328
0.164642
0.163953
0.16326
0.162564
0.161865
0.161165
0.160462
0.15976
0.159058
0.158358
0.157662
0.156972
0.156288
0.155614
0.154952
0.154303
0.153671
0.153058
0.152465
0.151897
0.151353
0.150838
0.150353
0.1499
0.14948
0.149095
0.148747
0.148436
0.148164
0.14793
0.147737
0.147585
0.147473
0.147403
0.147373
0.147384
0.147436
0.147528
0.147659
0.147829
0.148036
0.148279
0.148555
0.148863
0.149202
0.149567
0.149957
0.15037
0.150802
0.151252
0.151717
0.152196
0.152687
0.153189
0.153703
0.154229
0.154769
0.155326
0.155902
0.156503
0.157133
0.157799
0.158509
0.159271
0.160093
0.160986
0.16196
0.163024
0.16419
0.165466
0.166862
0.168386
0.170045
0.171844
0.173785
0.17587
0.178095
0.180458
0.182951
0.185564
0.188292
0.191118
0.194051
0.197025
0.200038
0.20246
0.173991
0.173366
0.172737
0.172105
0.17147
0.170831
0.170188
0.169542
0.168892
0.168239
0.167582
0.166922
0.166257
0.16559
0.164918
0.164243
0.163564
0.162882
0.162196
0.161508
0.160816
0.160123
0.159428
0.158731
0.158035
0.15734
0.156647
0.155957
0.155272
0.154592
0.153921
0.153258
0.152607
0.151968
0.151343
0.150733
0.150142
0.149569
0.149016
0.148485
0.147977
0.147493
0.147034
0.146601
0.146195
0.145817
0.145466
0.145144
0.144851
0.144587
0.144352
0.144147
0.143971
0.143824
0.143705
0.143614
0.143551
0.143515
0.143505
0.143519
0.143557
0.143617
0.143698
0.143799
0.143919
0.144057
0.144213
0.144385
0.144574
0.144781
0.145006
0.145251
0.145519
0.145813
0.146135
0.146492
0.146889
0.147331
0.147826
0.148381
0.149005
0.149707
0.150494
0.151377
0.152365
0.153464
0.154684
0.156029
0.157506
0.159116
0.160862
0.16274
0.16475
0.166883
0.169136
0.171495
0.173966
0.176488
0.179065
0.18114
0.17405
0.173431
0.172809
0.172184
0.171556
0.170924
0.170289
0.169652
0.169011
0.168366
0.167719
0.167068
0.166415
0.165757
0.165097
0.164432
0.163765
0.163094
0.16242
0.161742
0.161061
0.160378
0.159692
0.159004
0.158314
0.157623
0.156932
0.156241
0.155551
0.154863
0.154177
0.153496
0.15282
0.152149
0.151486
0.150831
0.150185
0.14955
0.148926
0.148315
0.147718
0.147136
0.146569
0.146018
0.145485
0.14497
0.144473
0.143995
0.143537
0.143099
0.142681
0.142283
0.141906
0.141551
0.141216
0.140901
0.140608
0.140334
0.140081
0.139848
0.139634
0.139439
0.139262
0.139103
0.138962
0.138837
0.138729
0.138638
0.138564
0.138506
0.138467
0.138447
0.138448
0.138472
0.138522
0.138601
0.138712
0.138862
0.139054
0.139296
0.139593
0.139952
0.140382
0.14089
0.141485
0.142174
0.142965
0.143865
0.144881
0.146018
0.147278
0.148664
0.150175
0.15181
0.153565
0.155431
0.157413
0.159457
0.161575
0.163294
0.174085
0.17347
0.172852
0.172231
0.171608
0.170981
0.170352
0.16972
0.169084
0.168446
0.167805
0.167161
0.166514
0.165864
0.165211
0.164555
0.163896
0.163233
0.162568
0.161899
0.161227
0.160553
0.159875
0.159196
0.158513
0.157829
0.157144
0.156457
0.15577
0.155082
0.154395
0.153709
0.153025
0.152343
0.151664
0.150989
0.150318
0.149653
0.148994
0.148342
0.147698
0.147062
0.146435
0.145819
0.145212
0.144618
0.144034
0.143463
0.142905
0.14236
0.141829
0.141312
0.140809
0.14032
0.139846
0.139386
0.138942
0.138512
0.138097
0.137697
0.137311
0.13694
0.136583
0.136241
0.135912
0.135598
0.135297
0.13501
0.134737
0.134479
0.134236
0.134008
0.133798
0.133606
0.133434
0.133285
0.133161
0.133066
0.133004
0.132979
0.132996
0.13306
0.133178
0.133357
0.133603
0.133924
0.134326
0.134818
0.135405
0.136095
0.136893
0.137802
0.138826
0.139965
0.141221
0.142586
0.144067
0.145617
0.147264
0.148615
0.174103
0.17349
0.172875
0.172257
0.171636
0.171012
0.170386
0.169757
0.169125
0.168491
0.167854
0.167214
0.166572
0.165927
0.165279
0.164628
0.163974
0.163318
0.162659
0.161996
0.161331
0.160663
0.159993
0.15932
0.158645
0.157967
0.157288
0.156607
0.155924
0.155241
0.154556
0.153872
0.153187
0.152503
0.15182
0.151138
0.150458
0.14978
0.149106
0.148435
0.147767
0.147105
0.146448
0.145796
0.14515
0.144512
0.14388
0.143256
0.14264
0.142032
0.141434
0.140844
0.140264
0.139694
0.139133
0.138583
0.138043
0.137514
0.136995
0.136486
0.135988
0.135501
0.135025
0.134559
0.134103
0.133659
0.133224
0.132801
0.132388
0.131986
0.131595
0.131216
0.13085
0.130498
0.13016
0.129839
0.129535
0.129252
0.128992
0.128759
0.128555
0.128384
0.128252
0.128164
0.128124
0.12814
0.128216
0.12836
0.128578
0.128877
0.129262
0.12974
0.130315
0.13099
0.131769
0.132648
0.133638
0.134699
0.13587
0.136845
0.174113
0.173502
0.172888
0.172272
0.171652
0.171031
0.170406
0.169779
0.16915
0.168518
0.167883
0.167246
0.166607
0.165964
0.16532
0.164672
0.164022
0.16337
0.162715
0.162057
0.161396
0.160733
0.160068
0.1594
0.15873
0.158057
0.157383
0.156707
0.156029
0.15535
0.15467
0.153988
0.153306
0.152623
0.151941
0.151258
0.150576
0.149894
0.149214
0.148535
0.147858
0.147183
0.146511
0.145842
0.145177
0.144515
0.143857
0.143204
0.142556
0.141913
0.141276
0.140645
0.14002
0.139401
0.138789
0.138184
0.137586
0.136996
0.136412
0.135836
0.135268
0.134707
0.134154
0.133609
0.133071
0.132541
0.132018
0.131504
0.130997
0.130497
0.130006
0.129524
0.12905
0.128585
0.128131
0.127688
0.127256
0.126838
0.126436
0.12605
0.125684
0.125341
0.125023
0.124734
0.124478
0.12426
0.124084
0.123955
0.123879
0.123862
0.123908
0.124025
0.124216
0.124488
0.124844
0.125285
0.125822
0.126423
0.127139
0.127736
0.174119
0.173508
0.172895
0.172279
0.171661
0.17104
0.170417
0.169791
0.169163
0.168532
0.167899
0.167263
0.166625
0.165985
0.165342
0.164697
0.164049
0.163399
0.162746
0.162091
0.161433
0.160773
0.160111
0.159447
0.15878
0.158112
0.157441
0.156769
0.156095
0.155419
0.154742
0.154064
0.153385
0.152705
0.152024
0.151343
0.150661
0.149979
0.149298
0.148617
0.147937
0.147257
0.146579
0.145902
0.145228
0.144555
0.143885
0.143217
0.142552
0.141891
0.141233
0.140578
0.139928
0.139282
0.138641
0.138004
0.137372
0.136745
0.136123
0.135506
0.134895
0.134289
0.133689
0.133094
0.132505
0.131921
0.131343
0.13077
0.130202
0.12964
0.129084
0.128533
0.127988
0.12745
0.126917
0.126392
0.125874
0.125365
0.124865
0.124376
0.123899
0.123435
0.122988
0.122559
0.12215
0.121766
0.121408
0.121082
0.12079
0.120537
0.120327
0.120166
0.120058
0.120007
0.12002
0.120096
0.120249
0.12045
0.120761
0.121005
0.174123
0.173512
0.1729
0.172284
0.171666
0.171046
0.170423
0.169798
0.16917
0.16854
0.167908
0.167273
0.166636
0.165997
0.165355
0.164711
0.164064
0.163415
0.162764
0.162111
0.161455
0.160797
0.160137
0.159475
0.15881
0.158144
0.157476
0.156806
0.156135
0.155462
0.154788
0.154112
0.153435
0.152757
0.152078
0.151399
0.150719
0.150038
0.149357
0.148676
0.147996
0.147315
0.146635
0.145955
0.145277
0.144599
0.143923
0.143248
0.142575
0.141904
0.141236
0.140569
0.139906
0.139245
0.138587
0.137933
0.137281
0.136634
0.13599
0.13535
0.134713
0.134081
0.133453
0.132828
0.132208
0.131591
0.130979
0.13037
0.129765
0.129164
0.128567
0.127973
0.127383
0.126797
0.126215
0.125638
0.125064
0.124496
0.123933
0.123376
0.122826
0.122284
0.121751
0.121229
0.120719
0.120223
0.119744
0.119283
0.118843
0.118428
0.118039
0.117681
0.117357
0.117071
0.116827
0.116626
0.11648
0.116364
0.116347
0.116288
0.174125
0.173515
0.172902
0.172287
0.171669
0.171049
0.170427
0.169802
0.169175
0.168545
0.167913
0.167278
0.166642
0.166003
0.165361
0.164718
0.164072
0.163424
0.162773
0.162121
0.161466
0.160809
0.16015
0.159489
0.158827
0.158162
0.157495
0.156827
0.156157
0.155486
0.154813
0.154139
0.153464
0.152788
0.152111
0.151433
0.150754
0.150075
0.149395
0.148715
0.148034
0.147354
0.146673
0.145993
0.145313
0.144634
0.143955
0.143278
0.142601
0.141926
0.141252
0.14058
0.13991
0.139241
0.138575
0.137911
0.13725
0.136591
0.135935
0.135281
0.134631
0.133984
0.133339
0.132698
0.132059
0.131423
0.130791
0.130161
0.129533
0.128909
0.128287
0.127667
0.12705
0.126435
0.125822
0.125211
0.124603
0.123998
0.123395
0.122796
0.122201
0.121609
0.121023
0.120442
0.119868
0.119302
0.118745
0.118198
0.117663
0.117142
0.116636
0.116148
0.11568
0.115233
0.114814
0.114419
0.114062
0.113716
0.113456
0.113163
0.174126
0.173516
0.172904
0.172289
0.171671
0.171051
0.170429
0.169804
0.169177
0.168547
0.167915
0.167281
0.166645
0.166006
0.165365
0.164721
0.164076
0.163428
0.162778
0.162126
0.161472
0.160815
0.160157
0.159497
0.158835
0.158171
0.157505
0.156838
0.156169
0.155499
0.154827
0.154154
0.15348
0.152805
0.152129
0.151452
0.150774
0.150095
0.149416
0.148737
0.148057
0.147377
0.146696
0.146016
0.145336
0.144657
0.143977
0.143299
0.142621
0.141944
0.141267
0.140593
0.139919
0.139247
0.138577
0.137908
0.137241
0.136577
0.135914
0.135254
0.134596
0.13394
0.133287
0.132636
0.131987
0.131341
0.130696
0.130054
0.129414
0.128776
0.128139
0.127504
0.12687
0.126238
0.125606
0.124977
0.124348
0.12372
0.123094
0.122469
0.121846
0.121225
0.120606
0.11999
0.119377
0.118769
0.118164
0.117565
0.116973
0.116386
0.115808
0.115239
0.114681
0.114134
0.113601
0.113081
0.112586
0.112087
0.111663
0.111206
0.174127
0.173517
0.172905
0.17229
0.171672
0.171052
0.17043
0.169805
0.169178
0.168549
0.167917
0.167283
0.166646
0.166007
0.165366
0.164723
0.164078
0.16343
0.16278
0.162128
0.161474
0.160818
0.16016
0.1595
0.158839
0.158175
0.15751
0.156843
0.156175
0.155505
0.154834
0.154161
0.153488
0.152813
0.152137
0.151461
0.150783
0.150105
0.149427
0.148747
0.148068
0.147388
0.146708
0.146028
0.145348
0.144668
0.143989
0.14331
0.142631
0.141954
0.141277
0.140601
0.139926
0.139252
0.13858
0.137909
0.13724
0.136572
0.135906
0.135242
0.13458
0.13392
0.133262
0.132606
0.131952
0.131299
0.130649
0.13
0.129352
0.128706
0.128061
0.127416
0.126773
0.126131
0.125489
0.124848
0.124207
0.123566
0.122926
0.122286
0.121647
0.121009
0.120371
0.119735
0.1191
0.118467
0.117836
0.117208
0.116582
0.115959
0.115339
0.114723
0.114112
0.113506
0.112907
0.112312
0.111732
0.11114
0.110615
0.110052
0.174127
0.173517
0.172905
0.17229
0.171672
0.171052
0.17043
0.169805
0.169178
0.168548
0.167916
0.167282
0.166645
0.166007
0.165365
0.164722
0.164077
0.163429
0.162779
0.162127
0.161474
0.160818
0.16016
0.1595
0.158838
0.158175
0.15751
0.156843
0.156175
0.155506
0.154835
0.154162
0.153489
0.152814
0.152139
0.151462
0.150785
0.150107
0.149429
0.14875
0.14807
0.147391
0.146711
0.146031
0.145351
0.144671
0.143991
0.143312
0.142633
0.141955
0.141278
0.140601
0.139926
0.139251
0.138578
0.137906
0.137235
0.136566
0.135899
0.135233
0.134569
0.133907
0.133246
0.132587
0.13193
0.131274
0.13062
0.129967
0.129315
0.128664
0.128014
0.127365
0.126716
0.126068
0.12542
0.124772
0.124124
0.123476
0.122828
0.12218
0.121533
0.120885
0.120238
0.119591
0.118945
0.1183
0.117655
0.117011
0.116369
0.115727
0.115086
0.114447
0.113808
0.113171
0.112536
0.111901
0.111276
0.110633
0.110052
0.109429
0.174127
0.173517
0.172905
0.17229
0.171672
0.171052
0.17043
0.169805
0.169178
0.168548
0.167916
0.167282
0.166645
0.166006
0.165365
0.164722
0.164076
0.163428
0.162779
0.162127
0.161473
0.160817
0.160159
0.159499
0.158837
0.158174
0.157509
0.156842
0.156174
0.155504
0.154833
0.154161
0.153487
0.152813
0.152137
0.15146
0.150783
0.150105
0.149426
0.148747
0.148067
0.147387
0.146707
0.146027
0.145347
0.144666
0.143987
0.143307
0.142628
0.141949
0.141271
0.140594
0.139918
0.139243
0.138569
0.137896
0.137225
0.136555
0.135886
0.135219
0.134554
0.13389
0.133228
0.132567
0.131908
0.13125
0.130593
0.129938
0.129284
0.12863
0.127977
0.127325
0.126673
0.126021
0.12537
0.124718
0.124066
0.123415
0.122763
0.122111
0.121459
0.120808
0.120157
0.119506
0.118856
0.118206
0.117557
0.116909
0.116261
0.115613
0.114965
0.114317
0.113669
0.11302
0.112371
0.111719
0.111076
0.110409
0.109805
0.109153
0.174125
0.173515
0.172902
0.172287
0.17167
0.171049
0.170427
0.169802
0.169174
0.168545
0.167913
0.167278
0.166641
0.166002
0.165361
0.164718
0.164072
0.163424
0.162774
0.162122
0.161468
0.160812
0.160154
0.159494
0.158832
0.158168
0.157503
0.156836
0.156168
0.155498
0.154827
0.154154
0.15348
0.152805
0.152129
0.151452
0.150774
0.150096
0.149417
0.148737
0.148057
0.147376
0.146696
0.146015
0.145334
0.144653
0.143972
0.143292
0.142612
0.141933
0.141254
0.140576
0.139899
0.139223
0.138548
0.137875
0.137202
0.136531
0.135862
0.135194
0.134527
0.133862
0.133198
0.132536
0.131875
0.131216
0.130557
0.1299
0.129244
0.128589
0.127934
0.12728
0.126626
0.125972
0.125319
0.124666
0.124012
0.123359
0.122707
0.122054
0.121402
0.120751
0.120101
0.119451
0.118803
0.118156
0.117509
0.116864
0.116219
0.115575
0.114931
0.114286
0.113641
0.112995
0.112349
0.111698
0.111055
0.110387
0.109783
0.109125
0.174125
0.173515
0.172902
0.172287
0.171669
0.171049
0.170426
0.169801
0.169173
0.168543
0.167911
0.167277
0.16664
0.166
0.165359
0.164715
0.164069
0.163421
0.162771
0.162118
0.161464
0.160807
0.160149
0.159489
0.158827
0.158162
0.157497
0.156829
0.15616
0.15549
0.154818
0.154145
0.15347
0.152794
0.152117
0.15144
0.150761
0.150082
0.149401
0.148721
0.148039
0.147358
0.146676
0.145994
0.145312
0.14463
0.143948
0.143266
0.142585
0.141904
0.141224
0.140545
0.139866
0.139189
0.138512
0.137837
0.137163
0.13649
0.135819
0.135149
0.134481
0.133814
0.133149
0.132485
0.131823
0.131162
0.130502
0.129843
0.129186
0.128529
0.127873
0.127218
0.126563
0.125909
0.125255
0.124602
0.12395
0.123298
0.122648
0.121998
0.12135
0.120703
0.120058
0.119416
0.118775
0.118137
0.117501
0.116867
0.116234
0.115603
0.114973
0.114344
0.113714
0.113084
0.112454
0.11182
0.111194
0.110543
0.109957
0.109313
0.17412
0.17351
0.172897
0.172281
0.171663
0.171043
0.17042
0.169794
0.169167
0.168536
0.167904
0.167269
0.166631
0.165992
0.16535
0.164706
0.164059
0.163411
0.16276
0.162107
0.161452
0.160795
0.160136
0.159475
0.158812
0.158147
0.15748
0.156812
0.156142
0.155471
0.154798
0.154123
0.153447
0.15277
0.152092
0.151413
0.150733
0.150052
0.14937
0.148688
0.148005
0.147321
0.146638
0.145954
0.14527
0.144585
0.143901
0.143218
0.142534
0.141852
0.141169
0.140488
0.139807
0.139127
0.138449
0.137771
0.137095
0.13642
0.135747
0.135075
0.134404
0.133736
0.133068
0.132403
0.131739
0.131076
0.130415
0.129756
0.129097
0.12844
0.127784
0.12713
0.126476
0.125824
0.125172
0.124523
0.123875
0.123228
0.122584
0.121942
0.121303
0.120668
0.120036
0.119407
0.118783
0.118163
0.117547
0.116935
0.116326
0.115721
0.115118
0.114517
0.113917
0.113318
0.11272
0.11212
0.111528
0.110912
0.110364
0.109752
0.17412
0.173509
0.172896
0.17228
0.171662
0.171041
0.170417
0.169791
0.169163
0.168532
0.167899
0.167263
0.166625
0.165985
0.165342
0.164697
0.164049
0.1634
0.162748
0.162094
0.161438
0.160779
0.160119
0.159456
0.158792
0.158125
0.157457
0.156787
0.156115
0.155442
0.154766
0.15409
0.153412
0.152732
0.152052
0.15137
0.150687
0.150003
0.149319
0.148633
0.147948
0.147261
0.146574
0.145887
0.1452
0.144512
0.143825
0.143138
0.142451
0.141765
0.141079
0.140394
0.13971
0.139027
0.138345
0.137664
0.136985
0.136307
0.135631
0.134957
0.134284
0.133613
0.132944
0.132277
0.131612
0.130949
0.130288
0.129628
0.128971
0.128316
0.127663
0.127012
0.126363
0.125717
0.125073
0.124432
0.123794
0.123161
0.122531
0.121906
0.121286
0.120672
0.120064
0.119462
0.118867
0.11828
0.117699
0.117124
0.116556
0.115993
0.115435
0.114881
0.114331
0.113782
0.113237
0.112691
0.112155
0.111595
0.111107
0.110547
0.174109
0.173498
0.172884
0.172268
0.171649
0.171027
0.170403
0.169776
0.169146
0.168514
0.16788
0.167243
0.166603
0.165962
0.165317
0.16467
0.164021
0.16337
0.162716
0.16206
0.161401
0.16074
0.160078
0.159412
0.158745
0.158076
0.157405
0.156732
0.156056
0.15538
0.154701
0.154021
0.153339
0.152656
0.151971
0.151285
0.150598
0.14991
0.149221
0.148532
0.147841
0.14715
0.146458
0.145767
0.145074
0.144382
0.14369
0.142999
0.142307
0.141616
0.140926
0.140237
0.139549
0.138862
0.138176
0.137492
0.13681
0.13613
0.135451
0.134775
0.134101
0.133429
0.13276
0.132094
0.13143
0.130769
0.130112
0.129457
0.128806
0.128158
0.127514
0.126874
0.126238
0.125606
0.12498
0.124359
0.123744
0.123136
0.122535
0.121942
0.121358
0.120784
0.12022
0.119666
0.119124
0.118591
0.11807
0.117559
0.117057
0.116563
0.116078
0.115598
0.115124
0.114654
0.114188
0.113724
0.113271
0.112796
0.112395
0.111913
0.174104
0.173492
0.172876
0.172258
0.171638
0.171014
0.170388
0.169759
0.169127
0.168493
0.167856
0.167216
0.166574
0.165929
0.165281
0.164631
0.163978
0.163323
0.162665
0.162005
0.161342
0.160677
0.160009
0.159339
0.158667
0.157992
0.157316
0.156637
0.155956
0.155274
0.154589
0.153903
0.153215
0.152526
0.151835
0.151142
0.150449
0.149754
0.149059
0.148362
0.147665
0.146967
0.146269
0.145571
0.144872
0.144174
0.143476
0.142778
0.142081
0.141385
0.14069
0.139996
0.139303
0.138612
0.137924
0.137237
0.136553
0.135871
0.135192
0.134517
0.133845
0.133177
0.132512
0.131852
0.131196
0.130545
0.129899
0.129258
0.128623
0.127995
0.127372
0.126757
0.12615
0.12555
0.12496
0.12438
0.12381
0.123251
0.122706
0.122174
0.121656
0.121153
0.120666
0.120195
0.11974
0.119301
0.118877
0.118467
0.11807
0.117684
0.117308
0.11694
0.116579
0.116223
0.115872
0.115524
0.115189
0.114834
0.114558
0.114184
0.174072
0.173457
0.172839
0.172218
0.171594
0.170967
0.170337
0.169704
0.169068
0.168429
0.167787
0.167143
0.166495
0.165845
0.165191
0.164535
0.163876
0.163214
0.16255
0.161883
0.161213
0.16054
0.159865
0.159187
0.158507
0.157825
0.15714
0.156453
0.155764
0.155072
0.154379
0.153684
0.152987
0.152289
0.151589
0.150888
0.150186
0.149482
0.148778
0.148073
0.147368
0.146662
0.145956
0.145251
0.144545
0.14384
0.143136
0.142433
0.141731
0.141031
0.140332
0.139636
0.138942
0.138251
0.137563
0.136879
0.136199
0.135523
0.134852
0.134186
0.133525
0.132871
0.132223
0.131583
0.13095
0.130325
0.129709
0.129102
0.128506
0.12792
0.127345
0.126784
0.126235
0.125701
0.125182
0.124681
0.124197
0.123732
0.123287
0.122864
0.122463
0.122085
0.12173
0.121398
0.121089
0.1208
0.120531
0.12028
0.120043
0.11982
0.119606
0.1194
0.1192
0.119005
0.118816
0.11863
0.118462
0.118275
0.118179
0.11796
0.174026
0.173405
0.172781
0.172153
0.171522
0.170888
0.17025
0.169609
0.168965
0.168318
0.167667
0.167013
0.166356
0.165696
0.165033
0.164366
0.163697
0.163024
0.162349
0.16167
0.160989
0.160305
0.159618
0.158929
0.158237
0.157542
0.156845
0.156146
0.155445
0.154742
0.154037
0.15333
0.152622
0.151912
0.151201
0.15049
0.149777
0.149064
0.14835
0.147636
0.146923
0.146209
0.145497
0.144785
0.144075
0.143366
0.142659
0.141955
0.141253
0.140554
0.139859
0.139168
0.138482
0.137801
0.137125
0.136456
0.135794
0.135139
0.134493
0.133855
0.133228
0.132611
0.132005
0.131411
0.130831
0.130265
0.129713
0.129178
0.12866
0.128161
0.127681
0.127222
0.126786
0.126374
0.125987
0.125626
0.125295
0.124993
0.124723
0.124485
0.12428
0.124108
0.123968
0.123859
0.123778
0.123723
0.12369
0.123676
0.123676
0.123688
0.123708
0.123735
0.123767
0.123806
0.123856
0.123917
0.124009
0.124095
0.1243
0.124351
0.173895
0.173264
0.172629
0.17199
0.171348
0.170702
0.170052
0.169399
0.168742
0.168081
0.167417
0.166749
0.166078
0.165404
0.164726
0.164045
0.16336
0.162673
0.161983
0.161289
0.160593
0.159894
0.159192
0.158488
0.157782
0.157073
0.156362
0.15565
0.154935
0.154219
0.153502
0.152784
0.152064
0.151345
0.150625
0.149904
0.149184
0.148465
0.147747
0.147029
0.146314
0.145601
0.14489
0.144182
0.143478
0.142777
0.142082
0.141391
0.140707
0.140029
0.139358
0.138695
0.138041
0.137397
0.136763
0.13614
0.13553
0.134934
0.134352
0.133786
0.133236
0.132705
0.132193
0.131701
0.131231
0.130785
0.130363
0.129967
0.129599
0.129261
0.128955
0.128682
0.128445
0.128246
0.128087
0.127971
0.127901
0.127877
0.127902
0.127977
0.128101
0.128273
0.128491
0.128751
0.129049
0.129379
0.129735
0.130112
0.130504
0.130908
0.131324
0.131753
0.1322
0.132672
0.13318
0.133731
0.134356
0.135017
0.135874
0.136541
0.173696
0.173049
0.172398
0.171742
0.171083
0.17042
0.169753
0.169082
0.168408
0.16773
0.167048
0.166363
0.165674
0.164983
0.164288
0.16359
0.162889
0.162185
0.161479
0.16077
0.160059
0.159346
0.15863
0.157914
0.157195
0.156475
0.155755
0.155033
0.154312
0.15359
0.152868
0.152147
0.151426
0.150708
0.14999
0.149276
0.148564
0.147855
0.14715
0.14645
0.145755
0.145065
0.144382
0.143706
0.143039
0.14238
0.141731
0.141092
0.140465
0.139851
0.139251
0.138665
0.138096
0.137544
0.13701
0.136496
0.136004
0.135534
0.135088
0.134667
0.134273
0.133909
0.133575
0.133273
0.133006
0.132776
0.132585
0.132437
0.132334
0.132281
0.13228
0.132337
0.132457
0.132644
0.132905
0.133244
0.133666
0.134176
0.134777
0.13547
0.136254
0.137126
0.13808
0.139111
0.140209
0.141366
0.142572
0.143823
0.145113
0.146444
0.147823
0.149264
0.150786
0.152405
0.154144
0.156014
0.158056
0.160216
0.162744
0.165068
0.173513
0.172852
0.172188
0.171521
0.170849
0.170174
0.169496
0.168814
0.16813
0.167442
0.166751
0.166058
0.165362
0.164664
0.163964
0.163262
0.162558
0.161853
0.161147
0.160439
0.159732
0.159024
0.158316
0.157608
0.156902
0.156196
0.155493
0.154791
0.154092
0.153397
0.152706
0.152019
0.151337
0.150661
0.149992
0.14933
0.148677
0.148033
0.147399
0.146776
0.146165
0.145568
0.144985
0.144418
0.143867
0.143335
0.142822
0.14233
0.141861
0.141415
0.140994
0.140601
0.140236
0.139902
0.1396
0.139333
0.139102
0.138911
0.138761
0.138657
0.138602
0.138599
0.138654
0.138771
0.138957
0.139219
0.139566
0.140005
0.140549
0.141208
0.141997
0.142929
0.14402
0.145285
0.146741
0.148402
0.150281
0.152388
0.154729
0.157306
0.160114
0.163144
0.166381
0.169806
0.173401
0.177146
0.181024
0.185019
0.189124
0.193342
0.197704
0.202249
0.206989
0.211916
0.217009
0.22222
0.227543
0.232815
0.238463
0.243797
0.174797
0.174178
0.173556
0.172933
0.172308
0.171682
0.171055
0.170428
0.1698
0.169171
0.168543
0.167915
0.167289
0.166663
0.166039
0.165417
0.164798
0.164182
0.163569
0.162961
0.162357
0.161759
0.161166
0.160581
0.160003
0.159434
0.158874
0.158325
0.157787
0.157261
0.15675
0.156254
0.155774
0.155312
0.154869
0.154447
0.154048
0.153673
0.153325
0.153004
0.152714
0.152456
0.152232
0.152045
0.151898
0.151793
0.151733
0.151722
0.151761
0.151856
0.15201
0.152228
0.152513
0.152873
0.153314
0.153843
0.154468
0.1552
0.15605
0.15703
0.158157
0.159447
0.160922
0.162603
0.164517
0.166694
0.169169
0.171977
0.175161
0.178766
0.182839
0.18743
0.19259
0.198368
0.204808
0.211948
0.219816
0.228424
0.237764
0.247806
0.258496
0.269752
0.281467
0.293511
0.305739
0.317994
0.330102
0.341843
0.353028
0.363519
0.373476
0.383057
0.391902
0.399712
0.40628
0.411432
0.415237
0.417326
0.419376
0.419375
0.194271
0.194326
0.194392
0.194469
0.194556
0.194656
0.194767
0.194891
0.195027
0.195177
0.195341
0.19552
0.195714
0.195924
0.19615
0.196394
0.196656
0.196938
0.197241
0.197565
0.197913
0.198285
0.198683
0.199109
0.199565
0.200053
0.200575
0.201133
0.20173
0.202368
0.203051
0.203782
0.204564
0.205401
0.206295
0.207253
0.208277
0.209373
0.210546
0.211801
0.213144
0.214581
0.216119
0.217766
0.21953
0.22142
0.223445
0.225617
0.227946
0.230448
0.233136
0.236026
0.239137
0.242489
0.246104
0.250008
0.254228
0.258797
0.263749
0.269124
0.274966
0.281324
0.288254
0.295817
0.304082
0.313125
0.32303
0.333888
0.345799
0.358869
0.37321
0.388936
0.406158
0.424984
0.445502
0.467778
0.491835
0.517646
0.545112
0.574045
0.604157
0.635049
0.666209
0.69702
0.726785
0.754742
0.780116
0.801332
0.817729
0.828963
0.834627
0.834592
0.829529
0.820204
0.807439
0.791926
0.77455
0.755214
0.736791
0.717316
0.423719
0.427721
0.431626
0.43543
0.439128
0.442717
0.446191
0.449547
0.452781
0.455889
0.458867
0.461713
0.464421
0.466991
0.469417
0.471698
0.47383
0.475811
0.477639
0.47931
0.480822
0.482174
0.483363
0.484387
0.485243
0.485931
0.486447
0.486789
0.486955
0.486944
0.486752
0.486377
0.485816
0.485066
0.484125
0.482988
0.481653
0.480115
0.47837
0.476415
0.474243
0.471851
0.469232
0.466383
0.463296
0.459967
0.456389
0.452556
0.448462
0.444101
0.439467
0.434555
0.429359
0.423875
0.418098
0.412026
0.405657
0.39899
0.392028
0.384773
0.377232
0.369415
0.361336
0.353013
0.344471
0.335739
0.326856
0.317869
0.308835
0.299821
0.290909
0.282192
0.273776
0.265783
0.258347
0.251608
0.245717
0.240821
0.237057
0.234546
0.233373
0.233582
0.235163
0.238045
0.242099
0.247138
0.252971
0.260892
0.270161
0.279808
0.289015
0.297138
0.30379
0.308801
0.312187
0.314001
0.314623
0.313755
0.31377
0.313228
0.0119538
0.0189963
0.0232353
0.0257936
0.0272827
0.0280746
0.0284202
0.0284891
0.0283217
0.0279792
0.0277831
0.0277485
0.0277058
0.0277035
0.0278105
0.0281071
0.0286776
0.029599
0.0309021
0.0326365
0.0349941
0.038716
0.0462268
0.0572382
0.070835
0.0857914
0.10106
0.116009
0.130369
0.144085
0.157201
0.169795
0.181937
0.193631
0.20486
0.215615
0.225905
0.235775
0.245243
0.254315
0.262989
0.271249
0.279071
0.286411
0.293213
0.299694
0.306089
0.312441
0.31876
0.32502
0.331188
0.337245
0.343176
0.348972
0.354628
0.360141
0.365511
0.370737
0.375821
0.380768
0.385581
0.390265
0.394824
0.399261
0.403581
0.407789
0.411896
0.415927
0.41995
0.42416
0.42929
0.436032
0.442463
0.448372
0.453932
0.459256
0.464289
0.468439
0.470097
0.468448
0.470529
0.47361
0.475507
0.476911
0.477674
0.477722
0.477077
0.475786
0.473901
0.47148
0.468585
0.465278
0.461619
0.4577
0.453588
0.449531
0.445569
0.443044
0.440739
0.450575
0.0214349
0.0348399
0.0448679
0.0511104
0.0555428
0.0589675
0.0617652
0.0641846
0.0663366
0.0683839
0.0705584
0.0731713
0.0764934
0.0807739
0.0862843
0.0933242
0.102212
0.113276
0.126268
0.140819
0.156054
0.170073
0.180322
0.186544
0.191534
0.197974
0.207317
0.220006
0.236088
0.255439
0.277804
0.302817
0.329912
0.358326
0.387374
0.41654
0.445498
0.474082
0.502172
0.529689
0.556564
0.582709
0.60801
0.632316
0.655417
0.677256
0.698268
0.718834
0.739151
0.759261
0.779113
0.798685
0.817949
0.836876
0.855436
0.873597
0.891326
0.90859
0.925353
0.941581
0.957237
0.972287
0.986695
1.00042
1.01344
1.02572
1.03725
1.04801
1.05802
1.06732
1.07585
1.08329
1.08932
1.09398
1.09734
1.09936
1.09985
1.09834
1.09436
1.08858
1.08351
1.07935
1.07515
1.06989
1.06319
1.0551
1.04573
1.03523
1.0237
1.01128
0.998073
0.984168
0.969638
0.954578
0.938937
0.922978
0.906085
0.890123
0.871174
0.863665
0.0297254
0.0506058
0.063746
0.0723026
0.0787804
0.0840561
0.0886531
0.0929577
0.0971396
0.101415
0.105825
0.110634
0.116213
0.122987
0.13139
0.141807
0.154426
0.169001
0.184586
0.199583
0.212314
0.221835
0.228606
0.234725
0.243044
0.255893
0.274627
0.299676
0.33068
0.36655
0.40576
0.446578
0.487296
0.526683
0.564127
0.599537
0.63313
0.665235
0.696191
0.726292
0.755764
0.784772
0.813432
0.841853
0.870173
0.898547
0.927081
0.955821
0.98452
1.01301
1.04122
1.06907
1.09649
1.12343
1.14982
1.1756
1.20073
1.22514
1.24878
1.2716
1.29355
1.31455
1.33455
1.35348
1.37127
1.38787
1.40326
1.41739
1.43024
1.44175
1.45182
1.46032
1.46704
1.47192
1.47495
1.47618
1.47558
1.47298
1.46788
1.4603
1.45136
1.44205
1.4321
1.42092
1.40824
1.39405
1.37846
1.36158
1.34354
1.32445
1.30444
1.28359
1.26198
1.23967
1.21664
1.19294
1.1683
1.14383
1.11845
1.10464
0.0392011
0.0660442
0.0817087
0.0924306
0.100779
0.107877
0.114172
0.120127
0.125946
0.131682
0.137572
0.143951
0.151215
0.159746
0.169816
0.181468
0.194369
0.207738
0.220478
0.231582
0.240686
0.248441
0.256496
0.267106
0.282537
0.304533
0.333855
0.370012
0.411589
0.456689
0.503344
0.549917
0.595455
0.639651
0.682589
0.724484
0.765519
0.805805
0.845399
0.884349
0.922724
0.960625
0.998177
1.03552
1.07277
1.10999
1.14705
1.1836
1.21955
1.25493
1.28971
1.32387
1.35735
1.39011
1.42206
1.45316
1.48332
1.51248
1.54057
1.56752
1.59324
1.61768
1.64069
1.66218
1.68208
1.70032
1.71683
1.73158
1.74451
1.75551
1.76451
1.77146
1.77627
1.77888
1.77935
1.77778
1.77419
1.76843
1.76012
1.74907
1.73586
1.72139
1.70581
1.68889
1.67046
1.65053
1.62916
1.60645
1.58254
1.55753
1.53154
1.50467
1.477
1.44856
1.41938
1.38942
1.35872
1.3281
1.2986
1.28039
0.0480813
0.0803051
0.0988041
0.111629
0.121715
0.130463
0.138314
0.145611
0.152618
0.15967
0.167032
0.17495
0.183666
0.19334
0.203969
0.21532
0.22691
0.238103
0.248347
0.257492
0.266048
0.275254
0.286902
0.303009
0.3254
0.355096
0.391904
0.434589
0.481388
0.530479
0.580473
0.630614
0.680641
0.730511
0.780182
0.829531
0.878375
0.926544
0.973931
1.02052
1.06638
1.11163
1.15639
1.20077
1.24485
1.28846
1.33137
1.37357
1.41507
1.45583
1.49585
1.53502
1.57325
1.61048
1.64662
1.68159
1.71532
1.74771
1.77868
1.80815
1.83605
1.86228
1.88657
1.90888
1.92914
1.94728
1.96323
1.97691
1.98827
1.99724
2.00382
2.008
2.00976
2.00909
2.00605
2.00074
1.99318
1.98328
1.97075
1.95545
1.93774
1.91831
1.89746
1.87518
1.85143
1.82624
1.79969
1.77189
1.74296
1.71301
1.68217
1.65054
1.61818
1.58514
1.55145
1.51708
1.48233
1.4479
1.41626
1.39534
0.0557597
0.0932718
0.114629
0.129518
0.14129
0.151553
0.160812
0.169574
0.178153
0.186828
0.195814
0.205305
0.215407
0.226128
0.237331
0.248726
0.259917
0.270545
0.280479
0.290024
0.300042
0.311927
0.327421
0.348291
0.375855
0.410496
0.451528
0.497534
0.54693
0.598449
0.651336
0.705245
0.75998
0.815285
0.870847
0.926329
0.981439
1.03598
1.08986
1.14308
1.19572
1.24784
1.29944
1.35046
1.40051
1.44945
1.49727
1.54402
1.58972
1.63438
1.67804
1.7204
1.76146
1.80118
1.83948
1.87627
1.91145
1.94493
1.97661
2.00637
2.03413
2.05975
2.08308
2.10406
2.12259
2.13859
2.15198
2.16269
2.17069
2.17595
2.1785
2.17835
2.17555
2.17012
2.16217
2.1518
2.13909
2.124
2.10638
2.08618
2.06365
2.03928
2.01339
1.98611
1.95751
1.92766
1.89668
1.86466
1.83174
1.79804
1.76365
1.72867
1.69316
1.65715
1.62071
1.5838
1.54692
1.51068
1.47843
1.45618
0.0629598
0.10474
0.128417
0.145177
0.158759
0.170977
0.182361
0.193392
0.204333
0.215416
0.226767
0.23849
0.250635
0.263132
0.275806
0.288378
0.300545
0.312126
0.323221
0.334363
0.346577
0.361337
0.380339
0.405115
0.436597
0.474738
0.518554
0.566725
0.618078
0.671831
0.72757
0.785042
0.843951
0.903728
0.964015
1.02444
1.08469
1.14457
1.20395
1.26278
1.32102
1.37857
1.43503
1.49006
1.54362
1.59573
1.6464
1.69567
1.74357
1.79008
1.83513
1.87864
1.92054
1.96073
1.99913
2.03564
2.07016
2.10258
2.13279
2.16069
2.18617
2.2091
2.2294
2.24696
2.2617
2.27356
2.28247
2.28839
2.29131
2.29124
2.28824
2.28238
2.27374
2.26242
2.24856
2.23229
2.21373
2.19292
2.16985
2.14452
2.11715
2.08812
2.05774
2.02619
1.9936
1.9601
1.9258
1.89082
1.85526
1.81924
1.78284
1.74612
1.70915
1.67192
1.63452
1.59692
1.55973
1.52348
1.49196
1.46965
0.0687322
0.113941
0.140025
0.159138
0.175305
0.190416
0.205012
0.219546
0.234203
0.249123
0.264329
0.279775
0.295389
0.311069
0.326597
0.341677
0.356049
0.369652
0.38277
0.396117
0.410859
0.428588
0.450961
0.479276
0.514227
0.555357
0.601327
0.651181
0.704132
0.759708
0.817633
0.877632
0.939314
1.00219
1.06581
1.12974
1.19364
1.25726
1.32044
1.38302
1.44466
1.50482
1.56334
1.62017
1.67529
1.72867
1.78033
1.83023
1.87837
1.9247
1.96917
2.0117
2.05224
2.09068
2.12694
2.16092
2.19252
2.22164
2.24817
2.272
2.29305
2.3112
2.32639
2.33853
2.34758
2.35348
2.3562
2.35576
2.35218
2.34551
2.33586
2.32333
2.30808
2.29024
2.26999
2.24752
2.223
2.19654
2.16821
2.13811
2.10642
2.07347
2.03952
2.00479
1.96943
1.93359
1.89736
1.86087
1.8242
1.78743
1.75062
1.7138
1.67701
1.64023
1.60353
1.56689
1.53097
1.49622
1.46652
1.44522
0.0730627
0.121382
0.150346
0.172711
0.192659
0.212139
0.231686
0.251714
0.27229
0.293405
0.314904
0.336561
0.358052
0.379106
0.399504
0.418844
0.436849
0.453622
0.469683
0.48594
0.503679
0.524727
0.550566
0.582021
0.619479
0.662383
0.709731
0.760659
0.814559
0.871108
0.930105
0.99129
1.05427
1.11859
1.18375
1.24929
1.31484
1.38008
1.44462
1.50785
1.56943
1.62923
1.68719
1.74324
1.79732
1.84939
1.89941
1.94734
1.99316
2.03681
2.07824
2.11739
2.1542
2.18856
2.2204
2.24961
2.2761
2.29977
2.32054
2.3383
2.35299
2.36453
2.37287
2.37799
2.37985
2.37847
2.37385
2.36606
2.35516
2.34127
2.32452
2.30507
2.28311
2.25884
2.23247
2.20424
2.17435
2.14298
2.11027
2.07636
2.04144
2.00577
1.96959
1.93312
1.89649
1.85984
1.82326
1.78683
1.75062
1.71466
1.67898
1.64357
1.60845
1.57356
1.53896
1.50464
1.47124
1.43916
1.41213
1.39264
0.0758089
0.127657
0.161055
0.188358
0.214124
0.240371
0.267633
0.296262
0.326129
0.357021
0.388537
0.420183
0.451324
0.481222
0.509551
0.535698
0.559404
0.581014
0.601377
0.621512
0.642609
0.666532
0.694731
0.728054
0.766664
0.810037
0.857336
0.907808
0.960949
1.01651
1.07434
1.1342
1.19573
1.25857
1.3222
1.3862
1.44998
1.51281
1.57418
1.63396
1.692
1.74819
1.80243
1.85464
1.90474
1.95264
1.99829
2.04162
2.08259
2.12113
2.15718
2.19067
2.22153
2.24968
2.27503
2.29748
2.31697
2.33341
2.34673
2.35688
2.3638
2.36748
2.36791
2.36508
2.35905
2.34984
2.33754
2.32223
2.30405
2.28313
2.25966
2.23384
2.20589
2.17605
2.14457
2.11171
2.07771
2.04279
2.00712
1.97087
1.93423
1.8974
1.86059
1.82397
1.78767
1.75178
1.71637
1.68149
1.64715
1.61337
1.58011
1.54736
1.51508
1.4832
1.45176
1.42074
1.39073
1.3621
1.33829
1.32114
0.0778889
0.135185
0.175656
0.211129
0.246225
0.283132
0.322367
0.36414
0.407901
0.453182
0.49935
0.545678
0.591195
0.634648
0.675034
0.710896
0.742636
0.770924
0.796668
0.820959
0.845224
0.871127
0.900077
0.932952
0.969975
1.01081
1.05483
1.10144
1.15025
1.20109
1.25388
1.30837
1.36428
1.42146
1.47903
1.53622
1.59255
1.64782
1.70178
1.75428
1.80516
1.85428
1.90151
1.94673
1.98984
2.03072
2.0693
2.10549
2.1392
2.17037
2.1989
2.22474
2.2478
2.268
2.28527
2.29954
2.31075
2.31885
2.32381
2.32561
2.32424
2.31972
2.31208
2.30137
2.28766
2.27104
2.25163
2.22955
2.20496
2.17806
2.14904
2.11815
2.08563
2.05175
2.01677
1.98097
1.94461
1.9079
1.87104
1.83419
1.79751
1.76118
1.72534
1.69013
1.65563
1.6219
1.58897
1.55685
1.52552
1.49494
1.46508
1.43586
1.40722
1.37908
1.35146
1.32432
1.29821
1.27345
1.25313
1.2386
0.0774291
0.146706
0.202701
0.253253
0.304755
0.359688
0.418215
0.48003
0.543476
0.608086
0.673005
0.737463
0.800183
0.859816
0.914397
0.961554
1.00199
1.03708
1.06776
1.09513
1.12058
1.14567
1.1718
1.19998
1.23067
1.26387
1.29929
1.3366
1.37559
1.41631
1.45871
1.50235
1.5469
1.59168
1.6366
1.68139
1.72576
1.76949
1.81233
1.85408
1.89456
1.93358
1.97099
2.00663
2.04034
2.07199
2.10145
2.12861
2.15335
2.17559
2.19523
2.2122
2.22642
2.23783
2.24637
2.25201
2.2547
2.25444
2.25121
2.24502
2.23591
2.22391
2.20908
2.19151
2.17129
2.14854
2.12342
2.09607
2.0667
2.03551
2.00274
1.96863
1.93345
1.89747
1.86096
1.82418
1.78737
1.75075
1.7145
1.67875
1.64365
1.6093
1.57583
1.54331
1.51179
1.48128
1.45179
1.42327
1.3957
1.36899
1.34308
1.31789
1.29331
1.26927
1.24576
1.22274
1.2007
1.17992
1.16312
1.15126
0.0816715
0.185913
0.271719
0.351823
0.432859
0.516833
0.602586
0.689309
0.775365
0.859946
0.942224
1.02176
1.09752
1.16829
1.23226
1.28761
1.33302
1.37032
1.4009
1.42609
1.44733
1.46609
1.48377
1.50153
1.5201
1.53981
1.56077
1.58297
1.60639
1.63089
1.65632
1.68286
1.71046
1.73889
1.768
1.79756
1.82732
1.85702
1.88643
1.91529
1.94338
1.97048
1.99638
2.02089
2.04383
2.06502
2.08431
2.10157
2.11668
2.12952
2.14002
2.14808
2.15366
2.15669
2.15712
2.15494
2.1501
2.14261
2.13247
2.1197
2.10435
2.08646
2.06613
2.04346
2.01856
1.9916
1.96272
1.93214
1.90004
1.86667
1.83224
1.79703
1.76128
1.72524
1.68916
1.65329
1.61784
1.58299
1.54891
1.51569
1.48345
1.45225
1.42217
1.39324
1.36547
1.33885
1.31335
1.2889
1.26544
1.24289
1.22115
1.20012
1.17971
1.15981
1.14041
1.12147
1.10341
1.08649
1.07304
1.06375
0.099526
0.291071
0.451589
0.586441
0.712336
0.834094
0.948896
1.0558
1.15471
1.24616
1.331
1.41074
1.48375
1.54931
1.60709
1.6562
1.6948
1.7237
1.74446
1.75856
1.76738
1.77235
1.77484
1.77604
1.77691
1.77813
1.78017
1.78331
1.78772
1.79349
1.80067
1.80934
1.81948
1.831
1.84375
1.85754
1.87215
1.88732
1.90281
1.91837
1.93375
1.94871
1.96303
1.9765
1.9889
2.00007
2.00982
2.018
2.02448
2.02914
2.03186
2.03255
2.03113
2.02753
2.0217
2.01359
2.00317
1.99044
1.97541
1.95811
1.93859
1.91694
1.89325
1.86764
1.84027
1.8113
1.78091
1.7493
1.71667
1.68325
1.64927
1.61495
1.58054
1.54625
1.5123
1.47891
1.44625
1.41447
1.3837
1.35403
1.32551
1.29819
1.2721
1.24725
1.22361
1.20116
1.17984
1.15957
1.14027
1.12185
1.10421
1.08723
1.07081
1.05486
1.03935
1.02425
1.00991
0.996567
0.986209
0.979271
0.259445
0.904094
1.07715
1.24795
1.3873
1.50539
1.60464
1.68607
1.75234
1.80655
1.85107
1.88692
1.91666
1.94152
1.9619
1.97737
1.9874
1.99154
1.99014
1.98398
1.97399
1.96113
1.94639
1.93068
1.91483
1.8995
1.88515
1.87215
1.86072
1.85101
1.84311
1.83708
1.83292
1.83055
1.82988
1.83074
1.83295
1.83629
1.84052
1.84541
1.85071
1.85618
1.86158
1.86669
1.87127
1.87513
1.87807
1.8799
1.88045
1.87957
1.87712
1.87299
1.86707
1.85929
1.84957
1.83788
1.82419
1.80852
1.79088
1.77133
1.74993
1.72679
1.70202
1.67575
1.64814
1.61936
1.58958
1.559
1.52781
1.49621
1.46442
1.43263
1.40105
1.36988
1.3393
1.30948
1.28057
1.25268
1.22592
1.20034
1.17597
1.15285
1.13097
1.11032
1.09086
1.07254
1.05529
1.03904
1.0237
1.00917
0.99534
0.982107
0.969372
0.957033
0.945065
0.933429
0.922446
0.912306
0.904693
0.899844
)
;

boundaryField
{
    outlet
    {
        type            calculated;
        value           nonuniform List<scalar> 
55
(
0.8306
0.768765
0.706665
0.64508
0.584819
0.526688
0.471449
0.419776
0.372212
0.329128
0.290701
0.256919
0.227603
0.20246
0.18114
0.163294
0.148615
0.136845
0.127736
0.121005
0.116288
0.113163
0.111206
0.110052
0.109429
0.109153
0.109125
0.109313
0.109752
0.110547
0.111913
0.114184
0.11796
0.124351
0.136541
0.165068
0.243797
0.419375
0.717316
0.313228
0.450575
0.863665
1.10464
1.28039
1.39534
1.45618
1.46965
1.44522
1.39264
1.32114
1.2386
1.15126
1.06375
0.979271
0.899844
)
;
    }
    inlet
    {
        type            calculated;
        value           uniform 0.199999;
    }
    lowerWall
    {
        type            calculated;
        value           nonuniform List<scalar> 
148
(
0.241787
0.289665
0.336844
0.381951
0.423953
0.46211
0.495948
0.525265
0.550093
0.57064
0.587232
0.60026
0.610145
0.617305
0.622142
0.625026
0.626287
0.62622
0.625078
0.623081
0.620414
0.617234
0.613671
0.609833
0.605811
0.601678
0.597494
0.593307
0.589155
0.585071
0.581074
0.577259
0.574892
0.0119538
0.0214349
0.0297254
0.0392011
0.0480813
0.0557597
0.0629598
0.0687322
0.0730627
0.0758089
0.0778889
0.0774291
0.0816715
0.099526
0.259445
0.0119538
0.0189963
0.0232353
0.0257936
0.0272827
0.0280746
0.0284202
0.0284891
0.0283217
0.0279792
0.0277831
0.0277485
0.0277058
0.0277035
0.0278105
0.0281071
0.0286776
0.029599
0.0309021
0.0326365
0.0349941
0.038716
0.0462268
0.0572382
0.070835
0.0857914
0.10106
0.116009
0.130369
0.144085
0.157201
0.169795
0.181937
0.193631
0.20486
0.215615
0.225905
0.235775
0.245243
0.254315
0.262989
0.271249
0.279071
0.286411
0.293213
0.299694
0.306089
0.312441
0.31876
0.32502
0.331188
0.337245
0.343176
0.348972
0.354628
0.360141
0.365511
0.370737
0.375821
0.380768
0.385581
0.390265
0.394824
0.399261
0.403581
0.407789
0.411896
0.415927
0.41995
0.42416
0.42929
0.436032
0.442463
0.448372
0.453932
0.459256
0.464289
0.468439
0.470097
0.468448
0.470529
0.47361
0.475507
0.476911
0.477674
0.477722
0.477077
0.475786
0.473901
0.47148
0.468585
0.465278
0.461619
0.4577
0.453588
0.449531
0.445569
0.443044
0.440739
0.450575
)
;
    }
    upperWall
    {
        type            calculated;
        value           nonuniform List<scalar> 
133
(
0.209515
0.220347
0.230808
0.24093
0.250733
0.260233
0.269438
0.278351
0.286978
0.295321
0.303382
0.311166
0.318675
0.325913
0.332885
0.339595
0.346049
0.352252
0.35821
0.363929
0.369416
0.374677
0.379719
0.38455
0.389175
0.393602
0.397838
0.401889
0.405764
0.409467
0.413007
0.416391
0.419648
0.423719
0.427721
0.431626
0.43543
0.439128
0.442717
0.446191
0.449547
0.452781
0.455889
0.458867
0.461713
0.464421
0.466991
0.469417
0.471698
0.47383
0.475811
0.477639
0.47931
0.480822
0.482174
0.483363
0.484387
0.485243
0.485931
0.486447
0.486789
0.486955
0.486944
0.486752
0.486377
0.485816
0.485066
0.484125
0.482988
0.481653
0.480115
0.47837
0.476415
0.474243
0.471851
0.469232
0.466383
0.463296
0.459967
0.456389
0.452556
0.448462
0.444101
0.439467
0.434555
0.429359
0.423875
0.418098
0.412026
0.405657
0.39899
0.392028
0.384773
0.377232
0.369415
0.361336
0.353013
0.344471
0.335739
0.326856
0.317869
0.308835
0.299821
0.290909
0.282192
0.273776
0.265783
0.258347
0.251608
0.245717
0.240821
0.237057
0.234546
0.233373
0.233582
0.235163
0.238045
0.242099
0.247138
0.252971
0.260892
0.270161
0.279808
0.289015
0.297138
0.30379
0.308801
0.312187
0.314001
0.314623
0.313755
0.31377
0.313228
)
;
    }
    frontAndBack
    {
        type            empty;
    }
}


// ************************************************************************* //
