/*--------------------------------*- C++ -*----------------------------------*\
| =========                 |                                                 |
| \\      /  F ield         | OpenFOAM: The Open Source CFD Toolbox           |
|  \\    /   O peration     | Version:  4.1                                   |
|   \\  /    A nd           | Web:      www.OpenFOAM.org                      |
|    \\/     M anipulation  |                                                 |
\*---------------------------------------------------------------------------*/
FoamFile
{
    version     2.0;
    format      ascii;
    class       volScalarField;
    location    "1500";
    object      p;
}
// * * * * * * * * * * * * * * * * * * * * * * * * * * * * * * * * * * * * * //

dimensions      [0 2 -2 0 0 0 0];

internalField   nonuniform List<scalar> 
6820
(
-8.2431
-8.50066
-8.59828
-8.619
-8.65224
-8.69757
-8.7392
-8.77538
-8.80912
-8.84125
-8.87134
-8.89925
-8.92525
-8.94959
-8.97246
-8.99401
-9.01441
-9.03382
-9.05237
-9.07017
-9.08733
-9.10395
-9.12011
-9.13588
-9.15134
-9.16654
-9.18155
-9.19641
-9.21122
-9.22586
-9.24124
-9.25511
-9.28523
-8.35589
-8.52194
-8.60066
-8.62156
-8.6485
-8.68377
-8.7154
-8.74234
-8.76766
-8.79242
-8.81631
-8.83922
-8.86129
-8.88269
-8.90347
-8.92365
-8.9433
-8.96245
-8.98116
-8.99946
-9.01739
-9.03499
-9.05229
-9.06933
-9.08615
-9.10278
-9.11926
-9.13561
-9.15191
-9.16814
-9.18453
-9.20104
-9.21775
-8.41214
-8.51685
-8.59488
-8.6268
-8.65501
-8.68822
-8.71869
-8.74502
-8.76966
-8.7936
-8.81663
-8.83862
-8.85971
-8.88004
-8.89968
-8.91867
-8.93708
-8.95497
-8.97239
-8.98938
-9.006
-9.0223
-9.0383
-9.05406
-9.0696
-9.08497
-9.10021
-9.11535
-9.13044
-9.14548
-9.16066
-9.17555
-9.19108
-8.46193
-8.53692
-8.60958
-8.64475
-8.67223
-8.70381
-8.73385
-8.7602
-8.7846
-8.80804
-8.83042
-8.85168
-8.87197
-8.89147
-8.91026
-8.92841
-8.94599
-8.96308
-8.97973
-8.99599
-9.01191
-9.02754
-9.0429
-9.05805
-9.07301
-9.08782
-9.10251
-9.11713
-9.1317
-9.14625
-9.16084
-9.17542
-9.19008
-8.50342
-8.55465
-8.61486
-8.64973
-8.67698
-8.70724
-8.73649
-8.76253
-8.78668
-8.8099
-8.83218
-8.85346
-8.87388
-8.89355
-8.91256
-8.93096
-8.94881
-8.96615
-8.98305
-8.99954
-9.01566
-9.03146
-9.04698
-9.06225
-9.0773
-9.09217
-9.1069
-9.12151
-9.13605
-9.15054
-9.16503
-9.17955
-9.19415
-8.53821
-8.57406
-8.62491
-8.6602
-8.68786
-8.71692
-8.74528
-8.771
-8.79497
-8.81797
-8.84005
-8.86115
-8.88137
-8.90083
-8.91959
-8.93773
-8.95531
-8.97237
-8.98898
-9.00518
-9.02101
-9.03652
-9.05175
-9.06672
-9.08149
-9.09607
-9.11051
-9.12483
-9.13907
-9.15326
-9.16745
-9.18167
-9.19601
-8.56805
-8.59361
-8.63551
-8.66868
-8.69517
-8.72227
-8.74918
-8.77411
-8.79749
-8.81996
-8.8416
-8.86236
-8.88232
-8.90159
-8.92023
-8.9383
-8.95584
-8.97291
-8.98954
-9.00579
-9.02168
-9.03725
-9.05254
-9.06757
-9.08238
-9.097
-9.11146
-9.12578
-9.13999
-9.15413
-9.16822
-9.18232
-9.19648
-8.59399
-8.61257
-8.64699
-8.67784
-8.70357
-8.72945
-8.75536
-8.77977
-8.80279
-8.82494
-8.84632
-8.86688
-8.88669
-8.90583
-8.92434
-8.94229
-8.95971
-8.97664
-8.99314
-9.00924
-9.02497
-9.04038
-9.05549
-9.07033
-9.08494
-9.09934
-9.11357
-9.12764
-9.14158
-9.15542
-9.16919
-9.18291
-9.19661
-8.61684
-8.63068
-8.65898
-8.68708
-8.71154
-8.73585
-8.76032
-8.78374
-8.80602
-8.82752
-8.84834
-8.86845
-8.88787
-8.90668
-8.92492
-8.94263
-8.95985
-8.97662
-8.99297
-9.00895
-9.02458
-9.03989
-9.05492
-9.06968
-9.08421
-9.09852
-9.11264
-9.1266
-9.14041
-9.15409
-9.16766
-9.18114
-9.19454
-8.63722
-8.64776
-8.67111
-8.69642
-8.71951
-8.74245
-8.7657
-8.78831
-8.81003
-8.83107
-8.85151
-8.87131
-8.8905
-8.90911
-8.92719
-8.94476
-8.96186
-8.97852
-8.99477
-9.01063
-9.02615
-9.04134
-9.05623
-9.07085
-9.08522
-9.09935
-9.11328
-9.12701
-9.14057
-9.15396
-9.16721
-9.1803
-9.19323
-8.65555
-8.66375
-8.68317
-8.70581
-8.72741
-8.74898
-8.77094
-8.79257
-8.81352
-8.83389
-8.85376
-8.87308
-8.89184
-8.91009
-8.92784
-8.94512
-8.96196
-8.97838
-8.99441
-9.01007
-9.0254
-9.04041
-9.05513
-9.06957
-9.08376
-9.09771
-9.11144
-9.12497
-9.1383
-9.15144
-9.1644
-9.17718
-9.18977
-8.67217
-8.67868
-8.69496
-8.71514
-8.73521
-8.75546
-8.77621
-8.79688
-8.81711
-8.83689
-8.85626
-8.87517
-8.8936
-8.91156
-8.92908
-8.94615
-8.96281
-8.97907
-8.99496
-9.01048
-9.02567
-9.04055
-9.05512
-9.06941
-9.08344
-9.09721
-9.11075
-9.12406
-9.13715
-9.15001
-9.16266
-9.17508
-9.18724
-8.6873
-8.69256
-8.70635
-8.72432
-8.74289
-8.76187
-8.78144
-8.80115
-8.8206
-8.83972
-8.85851
-8.87693
-8.89493
-8.91251
-8.92968
-8.94645
-8.96282
-8.97882
-8.99446
-9.00975
-9.02471
-9.03936
-9.05371
-9.06778
-9.08158
-9.09512
-9.10841
-9.12145
-9.13426
-9.14683
-9.15915
-9.17123
-9.18303
-8.70113
-8.70543
-8.71724
-8.73326
-8.7504
-8.76816
-8.78662
-8.80537
-8.82405
-8.84252
-8.86076
-8.8787
-8.89629
-8.91352
-8.93038
-8.94688
-8.96302
-8.9788
-8.99423
-9.00934
-9.02412
-9.03859
-9.05276
-9.06665
-9.08025
-9.09359
-9.10667
-9.11948
-9.13204
-9.14433
-9.15636
-9.1681
-9.17953
-8.71379
-8.71735
-8.72755
-8.7419
-8.75768
-8.77429
-8.79169
-8.80953
-8.82744
-8.84526
-8.86292
-8.88035
-8.89751
-8.91435
-8.93086
-8.94704
-8.96287
-8.97838
-8.99355
-9.0084
-9.02294
-9.03716
-9.05109
-9.06473
-9.07809
-9.09117
-9.10397
-9.1165
-9.12876
-9.14074
-9.15243
-9.16384
-9.17492
-8.72538
-8.72835
-8.73726
-8.75015
-8.76469
-8.78023
-8.79663
-8.81359
-8.83075
-8.84792
-8.86501
-8.88195
-8.89867
-8.91512
-8.93129
-8.94715
-8.96271
-8.97795
-8.99288
-9.0075
-9.02181
-9.03582
-9.04953
-9.06295
-9.07608
-9.08893
-9.10149
-9.11378
-9.12577
-9.13748
-9.14888
-9.15997
-9.17073
-8.73596
-8.73847
-8.74631
-8.75796
-8.77138
-8.78591
-8.8014
-8.81752
-8.83395
-8.85049
-8.86702
-8.88346
-8.89974
-8.9158
-8.9316
-8.94714
-8.96239
-8.97734
-8.992
-9.00635
-9.0204
-9.03416
-9.04761
-9.06078
-9.07365
-9.08623
-9.09852
-9.11051
-9.12221
-9.13361
-9.1447
-9.15547
-9.1659
-8.74559
-8.74772
-8.75469
-8.76528
-8.7777
-8.79131
-8.80594
-8.82128
-8.83702
-8.85295
-8.86893
-8.88489
-8.90073
-8.91639
-8.93184
-8.94705
-8.96199
-8.97666
-8.99104
-9.00514
-9.01894
-9.03245
-9.04566
-9.05858
-9.0712
-9.08353
-9.09556
-9.1073
-9.11873
-9.12985
-9.14066
-9.15114
-9.16127
-8.75431
-8.75612
-8.76238
-8.77206
-8.78359
-8.79638
-8.81022
-8.82483
-8.83992
-8.85526
-8.87072
-8.8862
-8.90161
-8.91689
-8.93198
-8.94685
-8.96149
-8.97586
-8.98997
-9.00379
-9.01733
-9.03057
-9.04352
-9.05618
-9.06854
-9.0806
-9.09236
-9.10381
-9.11496
-9.12579
-9.1363
-9.14649
-9.15633
-8.76214
-8.76369
-8.76936
-8.77828
-8.78903
-8.80106
-8.81419
-8.82814
-8.84262
-8.85741
-8.87237
-8.88739
-8.90239
-8.91728
-8.93202
-8.94657
-8.96089
-8.97497
-8.9888
-9.00235
-9.01562
-9.02861
-9.04131
-9.05371
-9.06581
-9.07761
-9.08911
-9.1003
-9.11118
-9.12174
-9.13198
-9.14189
-9.15146
-8.76908
-8.77043
-8.7756
-8.78387
-8.79395
-8.80533
-8.81782
-8.83116
-8.84508
-8.85936
-8.87385
-8.88844
-8.90303
-8.91755
-8.93195
-8.94617
-8.9602
-8.97399
-8.98753
-9.00081
-9.01382
-9.02654
-9.03898
-9.05112
-9.06296
-9.0745
-9.08573
-9.09665
-9.10726
-9.11755
-9.12752
-9.13716
-9.14646
-8.77514
-8.77631
-8.78108
-8.78882
-8.79833
-8.80913
-8.82106
-8.83386
-8.84727
-8.86107
-8.87513
-8.88931
-8.90353
-8.9177
-8.93176
-8.94567
-8.9594
-8.9729
-8.98617
-8.99918
-9.01192
-9.02439
-9.03657
-9.04845
-9.06003
-9.07131
-9.08229
-9.09295
-9.1033
-9.11333
-9.12304
-9.13242
-9.14147
-8.7803
-8.78133
-8.78578
-8.79308
-8.80211
-8.81242
-8.82386
-8.83619
-8.84915
-8.86253
-8.87618
-8.88999
-8.90385
-8.91769
-8.93144
-8.94505
-8.95848
-8.97171
-8.98471
-8.99746
-9.00994
-9.02215
-9.03407
-9.0457
-9.05703
-9.06806
-9.07878
-9.08919
-9.09929
-9.10907
-9.11852
-9.12766
-9.13647
-8.78454
-8.78546
-8.78965
-8.79661
-8.80525
-8.81516
-8.82619
-8.83812
-8.85068
-8.86368
-8.87698
-8.89044
-8.90398
-8.91751
-8.93096
-8.94428
-8.95744
-8.9704
-8.98313
-8.99562
-9.00785
-9.0198
-9.03147
-9.04285
-9.05393
-9.06471
-9.07518
-9.08534
-9.09519
-9.10472
-9.11393
-9.12283
-9.1314
-8.78781
-8.78866
-8.79267
-8.79936
-8.80771
-8.8173
-8.828
-8.83959
-8.85182
-8.8645
-8.87748
-8.89064
-8.90388
-8.91712
-8.9303
-8.94335
-8.95625
-8.96895
-8.98144
-8.99368
-9.00566
-9.01738
-9.02881
-9.03995
-9.05079
-9.06133
-9.07157
-9.08149
-9.09111
-9.10041
-9.1094
-9.11807
-9.12642
-8.79007
-8.79087
-8.79475
-8.80127
-8.8094
-8.81876
-8.82921
-8.84053
-8.8525
-8.86491
-8.87762
-8.89052
-8.9035
-8.91649
-8.92941
-8.94221
-8.95486
-8.96732
-8.97956
-8.99155
-9.0033
-9.01477
-9.02595
-9.03685
-9.04745
-9.05775
-9.06775
-9.07744
-9.08681
-9.09588
-9.10463
-9.11308
-9.12121
-8.79124
-8.79202
-8.79583
-8.80225
-8.81027
-8.81948
-8.82976
-8.8409
-8.85266
-8.86486
-8.87736
-8.89004
-8.9028
-8.91556
-8.92826
-8.94084
-8.95327
-8.9655
-8.97752
-8.9893
-9.00082
-9.01208
-9.02305
-9.03373
-9.04412
-9.05421
-9.06399
-9.07347
-9.08264
-9.0915
-9.10006
-9.1083
-9.11622
-8.79125
-8.79204
-8.79586
-8.80227
-8.81027
-8.81943
-8.82963
-8.84067
-8.85231
-8.86436
-8.8767
-8.8892
-8.90177
-8.91433
-8.92683
-8.9392
-8.95141
-8.96342
-8.97522
-8.98677
-8.99806
-9.00909
-9.01983
-9.03028
-9.04044
-9.05029
-9.05985
-9.06909
-9.07803
-9.08667
-9.095
-9.10304
-9.11077
-8.79
-8.79085
-8.79476
-8.80128
-8.80937
-8.81859
-8.82881
-8.83983
-8.85143
-8.86342
-8.87566
-8.88804
-8.90048
-8.9129
-8.92524
-8.93745
-8.9495
-8.96134
-8.97296
-8.98434
-8.99546
-9.0063
-9.01686
-9.02713
-9.03711
-9.04678
-9.05615
-9.06522
-9.07398
-9.08244
-9.09059
-9.09844
-9.10597
-8.78736
-8.78832
-8.79242
-8.79918
-8.8075
-8.81691
-8.82726
-8.83837
-8.85001
-8.86198
-8.87417
-8.88647
-8.89879
-8.91107
-8.92325
-8.93529
-8.94714
-8.95879
-8.97021
-8.98137
-8.99228
-9.0029
-9.01324
-9.02329
-9.03305
-9.0425
-9.05165
-9.0605
-9.06905
-9.07729
-9.08524
-9.09291
-9.10028
-8.78317
-8.78428
-8.78872
-8.7959
-8.80461
-8.81434
-8.82496
-8.83628
-8.84807
-8.86015
-8.8724
-8.88472
-8.89704
-8.90928
-8.9214
-8.93336
-8.94512
-8.95666
-8.96796
-8.979
-8.98977
-9.00026
-9.01046
-9.02036
-9.02997
-9.03927
-9.04827
-9.05696
-9.06536
-9.07345
-9.08123
-9.08872
-9.09588
-8.77717
-8.77854
-8.7835
-8.79133
-8.80062
-8.81083
-8.82183
-8.83343
-8.84541
-8.8576
-8.86988
-8.88218
-8.89444
-8.90659
-8.91859
-8.9304
-8.94201
-8.95338
-8.9645
-8.97535
-8.98592
-8.99621
-9.00621
-9.01591
-9.02532
-9.03442
-9.04322
-9.05172
-9.05992
-9.06782
-9.07544
-9.08277
-9.08984
-8.76905
-8.7708
-8.77657
-8.78535
-8.7955
-8.80641
-8.81804
-8.83019
-8.84261
-8.85514
-8.86768
-8.88017
-8.89255
-8.90476
-8.91679
-8.9286
-8.94017
-8.95148
-8.96252
-8.97328
-8.98376
-8.99394
-9.00382
-9.01339
-9.02267
-9.03163
-9.0403
-9.04865
-9.05671
-9.06446
-9.07191
-9.07905
-9.08586
-8.75834
-8.7607
-8.76773
-8.77788
-8.78906
-8.8007
-8.81287
-8.82545
-8.83818
-8.85089
-8.86354
-8.87608
-8.88846
-8.90065
-8.9126
-8.92432
-8.93577
-8.94696
-8.95786
-8.96847
-8.97879
-8.9888
-8.99852
-9.00793
-9.01704
-9.02584
-9.03434
-9.04253
-9.05044
-9.05804
-9.06537
-9.07242
-9.07921
-8.74434
-8.74766
-8.75673
-8.76907
-8.782
-8.79505
-8.80844
-8.82199
-8.83541
-8.84862
-8.86163
-8.8744
-8.88693
-8.89919
-8.91117
-8.92287
-8.93428
-8.94539
-8.95621
-8.96671
-8.97691
-8.9868
-8.99638
-9.00565
-9.01461
-9.02326
-9.0316
-9.03963
-9.04736
-9.05479
-9.06192
-9.06874
-9.07524
-8.72595
-8.73104
-8.74313
-8.75763
-8.77158
-8.78545
-8.79973
-8.81404
-8.828
-8.84159
-8.85489
-8.86787
-8.88053
-8.89285
-8.90484
-8.91651
-8.92787
-8.9389
-8.94962
-8.96002
-8.97011
-8.97988
-8.98934
-8.99849
-9.00734
-9.01588
-9.02411
-9.03204
-9.03968
-9.04703
-9.05409
-9.06089
-9.06741
-8.70102
-8.71017
-8.72957
-8.74931
-8.76574
-8.78113
-8.79665
-8.81177
-8.82615
-8.83994
-8.85333
-8.86633
-8.87893
-8.89116
-8.90304
-8.91458
-8.92578
-8.93664
-8.94718
-8.95739
-8.96728
-8.97685
-8.9861
-8.99503
-9.00365
-9.01197
-9.01997
-9.02768
-9.03508
-9.04219
-9.04901
-9.05554
-9.06177
-8.66608
-8.67974
-8.70537
-8.72863
-8.74758
-8.7656
-8.78324
-8.79969
-8.8149
-8.82928
-8.84305
-8.85625
-8.86893
-8.88115
-8.89298
-8.90443
-8.91553
-8.9263
-8.93674
-8.94686
-8.95667
-8.96617
-8.97537
-8.98426
-8.99285
-9.00114
-9.00913
-9.01683
-9.02423
-9.03134
-9.03814
-9.04463
-9.05079
-8.61869
-8.66634
-8.70573
-8.726
-8.74227
-8.76062
-8.77858
-8.79453
-8.80908
-8.82301
-8.83644
-8.84933
-8.8617
-8.87364
-8.88519
-8.89638
-8.90722
-8.91773
-8.92792
-8.9378
-8.94737
-8.95665
-8.96564
-8.97433
-8.98273
-8.99086
-8.9987
-9.00628
-9.0136
-9.02068
-9.02755
-9.03425
-9.04081
-8.48436
-8.60654
-8.68119
-8.70542
-8.72174
-8.74276
-8.76324
-8.78044
-8.79577
-8.81058
-8.82511
-8.83922
-8.85294
-8.86635
-8.8795
-8.89238
-8.90498
-8.91729
-8.92931
-8.94103
-8.95244
-8.96353
-8.97429
-8.98473
-8.99482
-9.00458
-9.014
-9.02307
-9.0318
-9.04017
-9.0482
-9.05585
-9.06325
-9.33269
-9.48865
-9.706
-9.81044
-9.92133
-10.0275
-10.1089
-10.1718
-10.2211
-10.2576
-10.2828
-10.2975
-10.3034
-10.3031
-10.2993
-10.2947
-10.2897
-10.2815
-10.2763
-10.2788
-10.2906
-10.3116
-10.3399
-10.3732
-10.4094
-10.447
-10.485
-10.5227
-10.5591
-10.5931
-10.6239
-10.6506
-10.6726
-10.6894
-10.7006
-10.7057
-10.7046
-10.6972
-10.6833
-10.6627
-10.6351
-10.6005
-10.5585
-10.509
-10.4519
-10.3869
-10.314
-10.2329
-10.1434
-10.0454
-9.9386
-9.82277
-9.69772
-9.56325
-9.41922
-9.26553
-9.10211
-8.92897
-8.74614
-8.55376
-8.352
-8.14113
-7.92149
-7.69348
-7.45763
-7.21452
-6.96482
-6.70925
-6.44859
-6.18364
-5.91524
-5.64423
-5.37152
-5.09804
-4.82479
-4.55279
-4.28316
-4.01706
-3.7557
-3.50027
-3.25178
-3.01088
-2.77796
-2.55336
-2.3374
-2.13033
-1.93238
-1.74367
-1.56419
-1.39392
-1.2325
-1.07983
-0.934795
-0.797858
-0.665116
-0.541372
-0.410658
-0.302198
-0.144499
-0.0949789
-9.24807
-9.30069
-9.39286
-9.439
-9.49249
-9.56018
-9.62653
-9.68981
-9.75038
-9.80577
-9.85408
-9.89454
-9.92738
-9.95371
-9.97545
-9.99502
-10.0145
-10.0297
-10.0451
-10.0652
-10.0922
-10.1261
-10.1656
-10.2087
-10.2537
-10.2992
-10.3443
-10.3881
-10.4297
-10.4681
-10.5026
-10.5326
-10.5573
-10.5764
-10.5894
-10.596
-10.5961
-10.5896
-10.5763
-10.5562
-10.5289
-10.4945
-10.4526
-10.4032
-10.3462
-10.2813
-10.2084
-10.1274
-10.0381
-9.94032
-9.8338
-9.71836
-9.59379
-9.45995
-9.31668
-9.1639
-9.00156
-8.82965
-8.64825
-8.45747
-8.25751
-8.04862
-7.83115
-7.6055
-7.37219
-7.1318
-6.88497
-6.63242
-6.3749
-6.1132
-5.84814
-5.58055
-5.3113
-5.04133
-4.77159
-4.5031
-4.23692
-3.97418
-3.71605
-3.46366
-3.21797
-2.97965
-2.74909
-2.52664
-2.31261
-2.10728
-1.91085
-1.72345
-1.54509
-1.37573
-1.21505
-1.06295
-0.918339
-0.781729
-0.649251
-0.525874
-0.39574
-0.288577
-0.133521
-0.0881432
-9.20952
-9.23089
-9.27542
-9.30297
-9.32636
-9.35902
-9.39432
-9.42906
-9.46413
-9.49891
-9.53223
-9.56339
-9.5922
-9.61915
-9.64542
-9.67263
-9.70185
-9.73184
-9.76276
-9.79758
-9.83813
-9.88446
-9.93543
-9.98932
-10.0445
-10.0995
-10.1533
-10.2051
-10.2538
-10.2988
-10.3391
-10.3742
-10.4035
-10.4266
-10.4432
-10.4529
-10.4558
-10.4517
-10.4405
-10.4222
-10.3966
-10.3636
-10.3231
-10.2749
-10.219
-10.1552
-10.0835
-10.0036
-9.91538
-9.81874
-9.71344
-9.5993
-9.47615
-9.34383
-9.20221
-9.05121
-8.8908
-8.72097
-8.5418
-8.35342
-8.15602
-7.94986
-7.73527
-7.51267
-7.28256
-7.0455
-6.80214
-6.55315
-6.29929
-6.04131
-5.78003
-5.51624
-5.25083
-4.98467
-4.71872
-4.45396
-4.19142
-3.9322
-3.67742
-3.42816
-3.18535
-2.94963
-2.72145
-2.50113
-2.28902
-2.08538
-1.89041
-1.70425
-1.52691
-1.35838
-1.19834
-1.04672
-0.902437
-0.766061
-0.633792
-0.5107
-0.381197
-0.275188
-0.123169
-0.0811724
-9.2074
-9.23045
-9.26677
-9.29492
-9.31384
-9.33439
-9.3548
-9.37212
-9.38748
-9.40169
-9.4146
-9.42626
-9.43718
-9.44828
-9.46085
-9.47638
-9.49605
-9.52018
-9.5479
-9.58092
-9.62058
-9.66683
-9.71854
-9.7741
-9.83182
-9.89021
-9.948
-10.0041
-10.0573
-10.1068
-10.1517
-10.1913
-10.225
-10.2522
-10.2727
-10.2861
-10.2925
-10.2916
-10.2834
-10.2678
-10.2447
-10.2141
-10.1758
-10.1298
-10.076
-10.0143
-9.9445
-9.86659
-9.78039
-9.68576
-9.58252
-9.4705
-9.34954
-9.21949
-9.08026
-8.93176
-8.77397
-8.60689
-8.43061
-8.24526
-8.05103
-7.84817
-7.63704
-7.41802
-7.19161
-6.95836
-6.71889
-6.47388
-6.22404
-5.97012
-5.71291
-5.4532
-5.19183
-4.92968
-4.66767
-4.40676
-4.14796
-3.89232
-3.64093
-3.39481
-3.15486
-2.92173
-2.69586
-2.47763
-2.26734
-2.06529
-1.87168
-1.68665
-1.51022
-1.34239
-1.18287
-1.03159
-0.887527
-0.751268
-0.619126
-0.496208
-0.367369
-0.262312
-0.113672
-0.0742134
-9.21175
-9.23381
-9.26156
-9.28519
-9.30204
-9.31888
-9.33593
-9.35072
-9.36323
-9.37389
-9.38246
-9.38888
-9.39359
-9.39748
-9.40178
-9.40796
-9.41739
-9.43085
-9.44859
-9.47179
-9.50157
-9.53804
-9.58043
-9.62749
-9.67783
-9.73009
-9.78301
-9.8354
-9.88612
-9.93411
-9.9784
-10.0182
-10.0526
-10.0812
-10.1033
-10.1188
-10.1272
-10.1286
-10.1227
-10.1094
-10.0886
-10.0603
-10.0243
-9.98058
-9.92899
-9.86948
-9.80195
-9.72629
-9.64237
-9.55004
-9.44917
-9.33958
-9.22114
-9.09371
-8.95721
-8.81155
-8.65673
-8.49276
-8.31971
-8.13773
-7.94699
-7.74777
-7.54038
-7.32523
-7.10278
-6.87358
-6.63822
-6.39737
-6.15172
-5.902
-5.64897
-5.39342
-5.13617
-4.87807
-4.62002
-4.36296
-4.10787
-3.85577
-3.60769
-3.36464
-3.12747
-2.89682
-2.67317
-2.45689
-2.24831
-2.04771
-1.85531
-1.67126
-1.49559
-1.3283
-1.16914
-1.01806
-0.874071
-0.737785
-0.605665
-0.482789
-0.3546
-0.250287
-0.105219
-0.067527
-9.21313
-9.2337
-9.25732
-9.27972
-9.29793
-9.31497
-9.33148
-9.34576
-9.35741
-9.36675
-9.3738
-9.3786
-9.3816
-9.38359
-9.38558
-9.38879
-9.39436
-9.40313
-9.41573
-9.43288
-9.45549
-9.48377
-9.51724
-9.55502
-9.59606
-9.63925
-9.68353
-9.72788
-9.77129
-9.81279
-9.85149
-9.88655
-9.9172
-9.9428
-9.96277
-9.9767
-9.98427
-9.98522
-9.97933
-9.96642
-9.94631
-9.91887
-9.88395
-9.84145
-9.79126
-9.73327
-9.66737
-9.59346
-9.51139
-9.42103
-9.32224
-9.21486
-9.09876
-8.97381
-8.83992
-8.69703
-8.54511
-8.3842
-8.21435
-8.03571
-7.84846
-7.65285
-7.4492
-7.23789
-7.01938
-6.7942
-6.56292
-6.32618
-6.08467
-5.83908
-5.59017
-5.33869
-5.08546
-4.83131
-4.57711
-4.32377
-4.07226
-3.82356
-3.57866
-3.33853
-3.10398
-2.87567
-2.65408
-2.43959
-2.23255
-2.03323
-1.84186
-1.6586
-1.48351
-1.31659
-1.15762
-1.00656
-0.862485
-0.726013
-0.593789
-0.470804
-0.343218
-0.239418
-0.0979959
-0.0613227
-9.21317
-9.23293
-9.25425
-9.27489
-9.2925
-9.30838
-9.32335
-9.33655
-9.34755
-9.35655
-9.36363
-9.36885
-9.37253
-9.37527
-9.37791
-9.3814
-9.3867
-9.3946
-9.40574
-9.42067
-9.44007
-9.46414
-9.49254
-9.52454
-9.55928
-9.59582
-9.63325
-9.67065
-9.70716
-9.74195
-9.77422
-9.80325
-9.82835
-9.8489
-9.8644
-9.87442
-9.87863
-9.87674
-9.8685
-9.8537
-9.83214
-9.80362
-9.76798
-9.72509
-9.67479
-9.61697
-9.55148
-9.4782
-9.39698
-9.30767
-9.21013
-9.1042
-8.98974
-8.86664
-8.73478
-8.59412
-8.44462
-8.28631
-8.11925
-7.94356
-7.75943
-7.56709
-7.36684
-7.15907
-6.94421
-6.72276
-6.49529
-6.26241
-6.02477
-5.78307
-5.53803
-5.2904
-5.04096
-4.79053
-4.53996
-4.29014
-4.04199
-3.79648
-3.55455
-3.31712
-3.08501
-2.85885
-2.63912
-2.42623
-2.22052
-2.02229
-1.83176
-1.64912
-1.47441
-1.30767
-1.14869
-0.99747
-0.85314
-0.716312
-0.583843
-0.460586
-0.333519
-0.229991
-0.0921563
-0.0558176
-9.21257
-9.23129
-9.25081
-9.26978
-9.28684
-9.30238
-9.31696
-9.33007
-9.34128
-9.35062
-9.35815
-9.36396
-9.36834
-9.37182
-9.37513
-9.37908
-9.38451
-9.39215
-9.40257
-9.41633
-9.43389
-9.45542
-9.48063
-9.50894
-9.53958
-9.57174
-9.60456
-9.63722
-9.6689
-9.69885
-9.72632
-9.75063
-9.77116
-9.78735
-9.79872
-9.80488
-9.8055
-9.80032
-9.7891
-9.77161
-9.74766
-9.71706
-9.67964
-9.63525
-9.58375
-9.52498
-9.45882
-9.38511
-9.30372
-9.21448
-9.11724
-9.01185
-8.89817
-8.77608
-8.64548
-8.5063
-8.35852
-8.20213
-8.03721
-7.86387
-7.68228
-7.49266
-7.29531
-7.09058
-6.87889
-6.66074
-6.43664
-6.20721
-5.97308
-5.7349
-5.49339
-5.24928
-5.00332
-4.75631
-4.50909
-4.26251
-4.01747
-3.77489
-3.5357
-3.30076
-3.07086
-2.84663
-2.62857
-2.41708
-2.21251
-2.01517
-1.8253
-1.64306
-1.46855
-1.3018
-1.14264
-0.991072
-0.846311
-0.708957
-0.576096
-0.452402
-0.325742
-0.222241
-0.087812
-0.0511849
-9.21011
-9.22803
-9.24633
-9.26416
-9.28065
-9.29578
-9.30979
-9.32243
-9.33338
-9.34266
-9.35035
-9.35659
-9.36165
-9.366
-9.37024
-9.37504
-9.38111
-9.38908
-9.39948
-9.41278
-9.42931
-9.44921
-9.47226
-9.49795
-9.52565
-9.55461
-9.58407
-9.61325
-9.64141
-9.66782
-9.69179
-9.71267
-9.72987
-9.74285
-9.75114
-9.75438
-9.75222
-9.74441
-9.73071
-9.7109
-9.68478
-9.65219
-9.61295
-9.56692
-9.51396
-9.45392
-9.38667
-9.31206
-9.22997
-9.14023
-9.04271
-8.93725
-8.82373
-8.70202
-8.57203
-8.43369
-8.28698
-8.1319
-7.96851
-7.79692
-7.61729
-7.42983
-7.23483
-7.03262
-6.82361
-6.60827
-6.3871
-6.16069
-5.92965
-5.69461
-5.45627
-5.21532
-4.97252
-4.72864
-4.48447
-4.24086
-3.99867
-3.75879
-3.52209
-3.28942
-3.06152
-2.83904
-2.62245
-2.41218
-2.20858
-2.01195
-1.82254
-1.64054
-1.46605
-1.29912
-1.1396
-0.987521
-0.842167
-0.704127
-0.57073
-0.446437
-0.320052
-0.216334
-0.085022
-0.0475558
-9.20806
-9.22512
-9.24233
-9.25913
-9.27487
-9.28946
-9.303
-9.31535
-9.3263
-9.3358
-9.34393
-9.35081
-9.35668
-9.36191
-9.36702
-9.37259
-9.37921
-9.38745
-9.39776
-9.41056
-9.42614
-9.44459
-9.46574
-9.48916
-9.51429
-9.54048
-9.56703
-9.59324
-9.6184
-9.64185
-9.66292
-9.68099
-9.69549
-9.70591
-9.71179
-9.71275
-9.70846
-9.69865
-9.68307
-9.6615
-9.63374
-9.59962
-9.55897
-9.51165
-9.4575
-9.39639
-9.32819
-9.25277
-9.16999
-9.07971
-8.98179
-8.8761
-8.76252
-8.64093
-8.51126
-8.37345
-8.22746
-8.07332
-7.91107
-7.74084
-7.56276
-7.37706
-7.18401
-6.98392
-6.7772
-6.56429
-6.34568
-6.12194
-5.89364
-5.66142
-5.42594
-5.18788
-4.94796
-4.70694
-4.46558
-4.22471
-3.98515
-3.74775
-3.51335
-3.28276
-3.05671
-2.8358
-2.62054
-2.41133
-2.20854
-2.01248
-1.82339
-1.64148
-1.46686
-1.2996
-1.13958
-0.986839
-0.840751
-0.701883
-0.567818
-0.442776
-0.316522
-0.212354
-0.0837803
-0.0449965
-9.20422
-9.22061
-9.23699
-9.25299
-9.26813
-9.28227
-9.29547
-9.30759
-9.31848
-9.32808
-9.33647
-9.34376
-9.35019
-9.35609
-9.36189
-9.36809
-9.37521
-9.38372
-9.39404
-9.40651
-9.42137
-9.43867
-9.45826
-9.47979
-9.50275
-9.52657
-9.55062
-9.57426
-9.59685
-9.61773
-9.63629
-9.65194
-9.66414
-9.67239
-9.67624
-9.67531
-9.66927
-9.65784
-9.64076
-9.61781
-9.58878
-9.5535
-9.51178
-9.46348
-9.40845
-9.34656
-9.27767
-9.20165
-9.11836
-9.02769
-8.92949
-8.82365
-8.71005
-8.5886
-8.45921
-8.32185
-8.17649
-8.02316
-7.86191
-7.69285
-7.51614
-7.33198
-7.14065
-6.94246
-6.73779
-6.52708
-6.3108
-6.08948
-5.86371
-5.63409
-5.40125
-5.16587
-4.92865
-4.6903
-4.45158
-4.21328
-3.97619
-3.74112
-3.50889
-3.28025
-3.05591
-2.83647
-2.62242
-2.41416
-2.21208
-2.01647
-1.82759
-1.64566
-1.47079
-1.30308
-1.14244
-0.988928
-0.841989
-0.702175
-0.567327
-0.441405
-0.315131
-0.210293
-0.0840166
-0.0435069
-9.20105
-9.21675
-9.23238
-9.24763
-9.2622
-9.27589
-9.2887
-9.30056
-9.31134
-9.32102
-9.32964
-9.33735
-9.34432
-9.35085
-9.3573
-9.36409
-9.37165
-9.38039
-9.39068
-9.40278
-9.41692
-9.4331
-9.45123
-9.47097
-9.49188
-9.51347
-9.53517
-9.55639
-9.57654
-9.595
-9.6112
-9.62458
-9.63463
-9.64085
-9.64281
-9.64015
-9.63251
-9.61962
-9.60121
-9.57706
-9.54694
-9.51067
-9.46808
-9.41901
-9.3633
-9.30082
-9.23143
-9.155
-9.0714
-8.9805
-8.88218
-8.77633
-8.66283
-8.54161
-8.41259
-8.27574
-8.13104
-7.97853
-7.81826
-7.65035
-7.47495
-7.29228
-7.10259
-6.90621
-6.70348
-6.49485
-6.28078
-6.06178
-5.83841
-5.61126
-5.38096
-5.14814
-4.91349
-4.67771
-4.44153
-4.20569
-3.97098
-3.73815
-3.50799
-3.28123
-3.05854
-2.84049
-2.62757
-2.4202
-2.21875
-2.02352
-1.83478
-1.65275
-1.47755
-1.30931
-1.14796
-0.993587
-0.845708
-0.704857
-0.569129
-0.442217
-0.315772
-0.210062
-0.0856009
-0.0430193
-9.19647
-9.21161
-9.2266
-9.24124
-9.2553
-9.26861
-9.28109
-9.29272
-9.30344
-9.3132
-9.32203
-9.33006
-9.33745
-9.34447
-9.3514
-9.35862
-9.36649
-9.37536
-9.38554
-9.39727
-9.4107
-9.42588
-9.44267
-9.46079
-9.47986
-9.49942
-9.51898
-9.538
-9.55591
-9.57216
-9.5862
-9.59751
-9.60558
-9.60994
-9.61019
-9.60594
-9.59686
-9.58265
-9.56305
-9.53782
-9.50675
-9.46964
-9.42631
-9.37659
-9.32034
-9.2574
-9.18764
-9.11093
-9.02714
-8.93614
-8.83782
-8.73206
-8.61878
-8.49788
-8.36932
-8.23305
-8.08908
-7.93744
-7.77819
-7.61146
-7.43739
-7.2562
-7.06815
-6.87354
-6.67274
-6.46616
-6.25425
-6.03752
-5.81651
-5.59179
-5.36396
-5.13366
-4.90153
-4.66827
-4.43457
-4.20115
-3.96876
-3.73813
-3.51001
-3.28508
-3.06398
-2.8473
-2.63549
-2.42897
-2.22811
-2.03322
-1.84457
-1.66238
-1.48681
-1.31798
-1.15587
-1.00056
-0.851676
-0.709718
-0.573033
-0.445036
-0.318272
-0.211503
-0.0883592
-0.0434113
-9.19245
-9.20702
-9.22144
-9.23552
-9.24908
-9.26199
-9.27414
-9.28552
-9.29612
-9.30591
-9.31489
-9.32317
-9.33091
-9.33832
-9.34566
-9.35323
-9.36133
-9.37028
-9.38032
-9.39165
-9.40439
-9.41859
-9.43411
-9.45069
-9.46799
-9.48563
-9.50314
-9.52004
-9.5358
-9.54992
-9.56187
-9.57115
-9.5773
-9.57986
-9.57842
-9.57263
-9.56213
-9.54664
-9.52588
-9.49962
-9.46764
-9.42973
-9.3857
-9.3354
-9.27866
-9.21532
-9.14527
-9.06835
-8.98444
-8.89342
-8.79518
-8.68961
-8.57662
-8.45613
-8.3281
-8.19249
-8.04931
-7.8986
-7.74043
-7.57491
-7.40221
-7.22254
-7.03614
-6.84333
-6.64446
-6.43993
-6.23019
-6.01572
-5.79706
-5.57475
-5.34939
-5.12159
-4.89198
-4.66122
-4.42999
-4.19898
-3.9689
-3.74045
-3.51434
-3.29123
-3.07174
-2.8564
-2.64569
-2.44002
-2.23974
-2.04517
-1.85658
-1.67422
-1.49823
-1.32877
-1.16585
-1.00958
-0.859636
-0.716519
-0.578809
-0.449649
-0.322418
-0.214418
-0.0920945
-0.0445263
-9.18748
-9.20156
-9.21546
-9.22904
-9.24216
-9.25471
-9.2666
-9.27777
-9.28823
-9.298
-9.3071
-9.31558
-9.32359
-9.3313
-9.33893
-9.34675
-9.35499
-9.36392
-9.37375
-9.38464
-9.39668
-9.40991
-9.4242
-9.43932
-9.45497
-9.47079
-9.48638
-9.50129
-9.51504
-9.52715
-9.53713
-9.54452
-9.54885
-9.5497
-9.54668
-9.53942
-9.52759
-9.51089
-9.48906
-9.46183
-9.429
-9.39035
-9.3457
-9.29487
-9.2377
-9.17403
-9.10374
-9.02667
-8.94271
-8.85173
-8.75363
-8.6483
-8.53566
-8.41564
-8.28819
-8.1533
-8.01096
-7.86123
-7.70418
-7.53992
-7.36863
-7.1905
-7.00579
-6.8148
-6.61788
-6.41542
-6.20786
-5.99567
-5.77936
-5.55948
-5.3366
-5.11131
-4.88422
-4.65598
-4.42722
-4.19863
-3.97086
-3.74461
-3.52053
-3.29925
-3.08137
-2.8674
-2.65779
-2.45297
-2.25327
-2.05902
-1.87049
-1.68793
-1.51151
-1.3414
-1.17764
-1.02037
-0.869337
-0.72502
-0.586225
-0.455832
-0.327986
-0.218595
-0.0966085
-0.0461971
-9.18285
-9.19647
-9.2099
-9.22303
-9.23574
-9.24795
-9.25957
-9.27055
-9.28088
-9.29058
-9.29971
-9.30832
-9.31651
-9.32442
-9.33226
-9.34022
-9.34853
-9.35737
-9.36694
-9.37736
-9.38872
-9.40099
-9.41409
-9.42782
-9.44188
-9.45598
-9.46973
-9.48273
-9.49453
-9.5047
-9.51277
-9.5183
-9.52086
-9.52003
-9.51544
-9.50673
-9.49357
-9.47567
-9.45275
-9.42456
-9.39088
-9.3515
-9.30622
-9.25487
-9.19728
-9.13329
-9.06277
-8.98558
-8.90159
-8.81069
-8.71276
-8.60771
-8.49546
-8.37594
-8.24912
-8.11498
-7.97352
-7.82481
-7.66891
-7.50595
-7.33609
-7.15954
-6.97654
-6.7874
-6.59245
-6.39209
-6.18672
-5.97683
-5.76291
-5.54548
-5.3251
-5.10233
-4.87779
-4.65208
-4.42582
-4.19966
-3.97424
-3.7502
-3.52817
-3.30875
-3.0925
-2.87991
-2.67144
-2.46748
-2.26838
-2.07446
-1.88599
-1.70324
-1.52638
-1.35561
-1.191
-1.0327
-0.880552
-0.735001
-0.595066
-0.463377
-0.334764
-0.223832
-0.101721
-0.0482712
-9.17768
-9.19086
-9.20385
-9.21656
-9.22889
-9.24077
-9.25213
-9.26292
-9.27313
-9.28276
-9.29187
-9.30054
-9.30884
-9.31689
-9.32485
-9.33288
-9.34115
-9.34985
-9.3591
-9.36903
-9.37967
-9.39099
-9.40293
-9.4153
-9.42786
-9.44031
-9.45232
-9.4635
-9.47346
-9.48178
-9.48802
-9.49177
-9.49263
-9.4902
-9.4841
-9.47399
-9.45955
-9.44048
-9.41652
-9.38741
-9.35291
-9.31283
-9.26695
-9.21511
-9.15713
-9.09286
-9.02215
-8.94486
-8.86087
-8.77007
-8.67234
-8.5676
-8.45576
-8.33678
-8.21061
-8.07724
-7.9367
-7.78902
-7.6343
-7.47266
-7.30426
-7.1293
-6.94804
-6.76076
-6.56781
-6.36955
-6.16641
-5.95883
-5.74731
-5.53235
-5.31449
-5.09428
-4.8723
-4.64915
-4.42542
-4.20172
-3.97867
-3.75687
-3.53692
-3.31939
-3.10481
-2.89365
-2.68634
-2.48328
-2.2848
-2.09123
-1.90284
-1.7199
-1.54261
-1.37118
-1.20571
-1.04638
-0.893082
-0.746272
-0.605145
-0.4721
-0.342571
-0.229961
-0.10729
-0.0506356
-9.17268
-9.18546
-9.19805
-9.21037
-9.22235
-9.23393
-9.24503
-9.25564
-9.26572
-9.27528
-9.28434
-9.293
-9.30133
-9.30943
-9.31744
-9.32546
-9.33363
-9.3421
-9.351
-9.36038
-9.37028
-9.38067
-9.39149
-9.40258
-9.4137
-9.42459
-9.43493
-9.44437
-9.45255
-9.45908
-9.46356
-9.46559
-9.46478
-9.46076
-9.45317
-9.44168
-9.42596
-9.40574
-9.38072
-9.35067
-9.31535
-9.27455
-9.22807
-9.17573
-9.11735
-9.05278
-8.98187
-8.90449
-8.8205
-8.7298
-8.63228
-8.52785
-8.41644
-8.298
-8.1725
-8.03992
-7.9003
-7.75368
-7.60015
-7.43984
-7.2729
-7.09955
-6.92004
-6.73464
-6.54368
-6.34755
-6.14664
-5.94139
-5.73228
-5.5198
-5.30448
-5.08685
-4.86747
-4.6469
-4.42572
-4.20451
-3.98386
-3.76434
-3.5465
-3.3309
-3.11802
-2.90832
-2.70222
-2.50009
-2.30227
-2.10907
-1.92079
-1.73768
-1.55997
-1.38788
-1.22155
-1.06118
-0.906734
-0.758647
-0.616283
-0.481833
-0.351241
-0.236837
-0.113199
-0.0532174
-9.16741
-9.17981
-9.19201
-9.20397
-9.21561
-9.22688
-9.23773
-9.24813
-9.25806
-9.26752
-9.27653
-9.28514
-9.29343
-9.3015
-9.30946
-9.3174
-9.32542
-9.33363
-9.34212
-9.35092
-9.36008
-9.36958
-9.37933
-9.38918
-9.39892
-9.40831
-9.41705
-9.42483
-9.43131
-9.43613
-9.4389
-9.43927
-9.43685
-9.4313
-9.42227
-9.40943
-9.39247
-9.3711
-9.34506
-9.31409
-9.27797
-9.23647
-9.1894
-9.13657
-9.0778
-9.01294
-8.94185
-8.86437
-8.7804
-8.68981
-8.59251
-8.48841
-8.37743
-8.25955
-8.13471
-8.00293
-7.86423
-7.71867
-7.56634
-7.40735
-7.24189
-7.07015
-6.89238
-6.70885
-6.5199
-6.32589
-6.12722
-5.9243
-5.71762
-5.50764
-5.29487
-5.07983
-4.86306
-4.64509
-4.42649
-4.2078
-3.98957
-3.77236
-3.55667
-3.34302
-3.13188
-2.92368
-2.71882
-2.51766
-2.32053
-2.12773
-1.93958
-1.75632
-1.57821
-1.40548
-1.2383
-1.0769
-0.921293
-0.771922
-0.628285
-0.492391
-0.360605
-0.244313
-0.119342
-0.055966
-9.16222
-9.17425
-9.1861
-9.19772
-9.20904
-9.22003
-9.23063
-9.24083
-9.2506
-9.25994
-9.26886
-9.27741
-9.28562
-9.29359
-9.30141
-9.30919
-9.31697
-9.32486
-9.3329
-9.34114
-9.34959
-9.35822
-9.36694
-9.3756
-9.38402
-9.39198
-9.3992
-9.40539
-9.41024
-9.4134
-9.41453
-9.41329
-9.40931
-9.40226
-9.39181
-9.37763
-9.35944
-9.33694
-9.30987
-9.27798
-9.24104
-9.19883
-9.15115
-9.09781
-9.03865
-8.97349
-8.90219
-8.82462
-8.74064
-8.65016
-8.55306
-8.44928
-8.33874
-8.22139
-8.09723
-7.96624
-7.82846
-7.68395
-7.5328
-7.37514
-7.21114
-7.041
-6.86496
-6.68331
-6.49636
-6.30447
-6.10802
-5.90744
-5.70318
-5.4957
-5.28549
-5.07305
-4.8589
-4.64356
-4.42755
-4.2114
-3.99562
-3.78073
-3.56722
-3.35557
-3.1462
-2.93953
-2.73594
-2.53578
-2.33936
-2.147
-1.95898
-1.7756
-1.5971
-1.42374
-1.25572
-1.09329
-0.936526
-0.785867
-0.640927
-0.503562
-0.370465
-0.25222
-0.125598
-0.0588299
-9.15692
-9.16861
-9.18012
-9.1914
-9.20242
-9.21312
-9.22348
-9.23346
-9.24305
-9.25224
-9.26104
-9.26949
-9.27761
-9.28545
-9.2931
-9.30064
-9.30813
-9.31563
-9.3232
-9.33087
-9.33862
-9.3464
-9.35411
-9.36163
-9.36879
-9.37537
-9.38112
-9.38579
-9.38907
-9.39065
-9.3902
-9.3874
-9.3819
-9.3734
-9.36156
-9.34609
-9.32668
-9.30307
-9.27499
-9.24219
-9.20444
-9.16152
-9.11324
-9.0594
-8.99983
-8.93437
-8.86287
-8.78519
-8.70122
-8.61083
-8.51395
-8.41047
-8.30036
-8.18355
-8.06005
-7.92984
-7.79297
-7.6495
-7.49953
-7.34318
-7.18063
-7.01207
-6.83776
-6.65796
-6.47299
-6.2832
-6.08897
-5.89072
-5.68887
-5.48389
-5.27624
-5.0664
-4.85489
-4.64218
-4.42878
-4.21518
-4.00188
-3.78934
-3.57803
-3.36839
-3.16082
-2.95571
-2.75342
-2.55427
-2.35859
-2.16667
-1.97882
-1.79531
-1.61643
-1.44244
-1.27358
-1.11012
-0.952197
-0.800243
-0.653973
-0.51511
-0.380601
-0.260361
-0.131828
-0.0617382
-9.15164
-9.163
-9.17419
-9.18516
-9.19588
-9.20631
-9.21642
-9.22618
-9.23558
-9.2446
-9.25326
-9.26158
-9.26957
-9.27728
-9.28476
-9.29206
-9.29923
-9.30634
-9.31343
-9.3205
-9.32752
-9.33444
-9.34117
-9.34758
-9.35351
-9.35876
-9.36312
-9.36632
-9.36809
-9.36814
-9.36617
-9.36186
-9.3549
-9.34498
-9.33179
-9.31504
-9.29444
-9.26973
-9.24063
-9.20692
-9.16836
-9.12473
-9.07583
-9.02148
-8.9615
-8.89572
-8.82401
-8.74621
-8.66222
-8.57192
-8.47523
-8.37205
-8.26234
-8.14607
-8.0232
-7.89376
-7.75778
-7.61534
-7.46652
-7.31147
-7.15034
-6.98335
-6.81073
-6.63276
-6.44976
-6.26206
-6.07003
-5.87408
-5.67464
-5.47214
-5.26705
-5.05982
-4.85094
-4.64087
-4.43009
-4.21906
-4.00824
-3.79808
-3.58899
-3.38138
-3.17564
-2.97211
-2.77114
-2.57303
-2.37809
-2.18663
-1.99893
-1.8153
-1.63603
-1.4614
-1.29169
-1.12719
-0.968091
-0.814826
-0.667192
-0.526804
-0.390792
-0.268527
-0.137887
-0.0645997
-9.14636
-9.15741
-9.16829
-9.17896
-9.18939
-9.19955
-9.20941
-9.21894
-9.22813
-9.23697
-9.24546
-9.25361
-9.26144
-9.26897
-9.27624
-9.28329
-9.29015
-9.29686
-9.30345
-9.30991
-9.3162
-9.32227
-9.32803
-9.33337
-9.33812
-9.3421
-9.34511
-9.34691
-9.34724
-9.34583
-9.34238
-9.33662
-9.32824
-9.31694
-9.30244
-9.28444
-9.26267
-9.23687
-9.20679
-9.17217
-9.1328
-9.08846
-9.03895
-8.98408
-8.92368
-8.85758
-8.78564
-8.70772
-8.6237
-8.53348
-8.43696
-8.33407
-8.22475
-8.10898
-7.98674
-7.85805
-7.72294
-7.5815
-7.43381
-7.28002
-7.1203
-6.95484
-6.78389
-6.60773
-6.42666
-6.24102
-6.05117
-5.85751
-5.66046
-5.46043
-5.25788
-5.05326
-4.847
-4.63958
-4.43142
-4.22298
-4.01466
-3.80688
-3.60004
-3.39449
-3.19059
-2.98866
-2.78902
-2.59196
-2.39777
-2.20676
-2.01922
-1.83545
-1.65577
-1.48049
-1.3099
-1.14434
-0.984031
-0.829428
-0.680388
-0.538437
-0.40084
-0.276526
-0.143646
-0.0673191
-9.14103
-9.15178
-9.16236
-9.17274
-9.18289
-9.19278
-9.20239
-9.21169
-9.22066
-9.22929
-9.23759
-9.24554
-9.25317
-9.26049
-9.26752
-9.27428
-9.2808
-9.2871
-9.29318
-9.29903
-9.30462
-9.30987
-9.3147
-9.31901
-9.32263
-9.3254
-9.32713
-9.32759
-9.32654
-9.32372
-9.31887
-9.31171
-9.30196
-9.28934
-9.27356
-9.25435
-9.23144
-9.20458
-9.17351
-9.138
-9.09783
-9.05278
-9.00265
-8.94726
-8.88643
-8.82
-8.74783
-8.66977
-8.58571
-8.49554
-8.39918
-8.29656
-8.18762
-8.07234
-7.9507
-7.82273
-7.68847
-7.54799
-7.40141
-7.24885
-7.0905
-6.92655
-6.75724
-6.58285
-6.40368
-6.22007
-6.03238
-5.84098
-5.64629
-5.44872
-5.24871
-5.04667
-4.84305
-4.63827
-4.43275
-4.2269
-4.0211
-3.81573
-3.61115
-3.40768
-3.20564
-3.00533
-2.80703
-2.61102
-2.41759
-2.22702
-2.03962
-1.85569
-1.67557
-1.4996
-1.3281
-1.16144
-0.99988
-0.843897
-0.693399
-0.549841
-0.410582
-0.2842
-0.149007
-0.0698135
-9.13578
-9.14624
-9.15654
-9.16664
-9.17652
-9.18615
-9.19551
-9.20457
-9.21331
-9.22172
-9.2298
-9.23753
-9.24494
-9.25201
-9.25877
-9.26522
-9.27138
-9.27725
-9.28282
-9.28807
-9.29296
-9.29741
-9.30135
-9.30466
-9.30721
-9.30882
-9.30932
-9.3085
-9.30613
-9.30198
-9.29578
-9.28728
-9.27621
-9.2623
-9.24528
-9.22489
-9.20087
-9.17297
-9.14093
-9.10455
-9.06358
-9.01782
-8.96707
-8.91116
-8.84989
-8.78312
-8.71069
-8.63248
-8.54836
-8.45823
-8.36202
-8.25964
-8.15105
-8.03622
-7.91516
-7.78788
-7.65444
-7.5149
-7.36938
-7.21802
-7.061
-6.89851
-6.73081
-6.55815
-6.38085
-6.19923
-6.01365
-5.82449
-5.63214
-5.43701
-5.23951
-5.04005
-4.83906
-4.63693
-4.43405
-4.2308
-4.02753
-3.82459
-3.62229
-3.42092
-3.22076
-3.02208
-2.82514
-2.63019
-2.43751
-2.24737
-2.06008
-1.87597
-1.69537
-1.51866
-1.34621
-1.17839
-1.01553
-0.858117
-0.706103
-0.560886
-0.419893
-0.291425
-0.153903
-0.0720201
-9.13034
-9.14052
-9.15054
-9.16037
-9.16997
-9.17934
-9.18844
-9.19725
-9.20575
-9.21393
-9.22177
-9.22927
-9.23643
-9.24324
-9.24971
-9.25583
-9.26161
-9.26704
-9.2721
-9.27675
-9.28096
-9.28464
-9.28772
-9.29009
-9.29161
-9.29213
-9.29147
-9.28944
-9.28582
-9.28039
-9.27291
-9.26314
-9.25081
-9.23567
-9.21746
-9.19593
-9.17083
-9.14192
-9.10895
-9.0717
-9.02995
-8.9835
-8.93214
-8.8757
-8.81399
-8.74688
-8.67419
-8.59582
-8.51163
-8.42153
-8.32543
-8.22328
-8.11502
-8.00063
-7.88012
-7.7535
-7.62084
-7.4822
-7.33772
-7.18752
-7.03178
-6.87072
-6.70457
-6.53361
-6.35813
-6.17846
-5.99496
-5.808
-5.61797
-5.42525
-5.23025
-5.03337
-4.835
-4.63552
-4.43529
-4.23466
-4.03395
-3.83345
-3.63346
-3.43421
-3.23596
-3.03893
-2.84336
-2.64947
-2.45752
-2.2678
-2.08059
-1.89625
-1.71513
-1.53763
-1.36416
-1.19513
-1.0309
-0.871996
-0.7184
-0.571468
-0.42868
-0.29811
-0.158293
-0.0739
-9.12509
-9.13501
-9.14477
-9.15433
-9.16368
-9.1728
-9.18165
-9.19021
-9.19847
-9.20641
-9.21401
-9.22126
-9.22816
-9.23469
-9.24085
-9.24663
-9.25201
-9.25699
-9.26153
-9.26559
-9.26913
-9.27207
-9.27433
-9.27578
-9.27632
-9.27579
-9.27402
-9.27084
-9.26603
-9.25939
-9.25068
-9.23968
-9.22614
-9.20981
-9.19046
-9.16783
-9.14168
-9.11178
-9.07789
-9.03979
-8.99726
-8.95011
-8.89814
-8.84117
-8.77902
-8.71154
-8.63858
-8.56002
-8.47574
-8.38564
-8.28964
-8.18768
-8.07972
-7.96573
-7.84572
-7.71973
-7.5878
-7.45003
-7.30652
-7.15743
-7.00293
-6.84324
-6.67859
-6.50927
-6.33556
-6.15781
-5.97634
-5.79154
-5.60378
-5.41345
-5.22093
-5.02661
-4.83086
-4.63403
-4.43646
-4.23847
-4.04033
-3.84231
-3.64465
-3.44756
-3.25124
-3.05588
-2.86168
-2.66886
-2.47764
-2.2883
-2.10115
-1.91653
-1.73483
-1.55647
-1.38191
-1.21159
-1.04593
-0.885457
-0.73021
-0.5815
-0.43686
-0.304178
-0.162134
-0.0754097
-9.11945
-9.12911
-9.13861
-9.14791
-9.15701
-9.16587
-9.17447
-9.18279
-9.19081
-9.1985
-9.20585
-9.21284
-9.21947
-9.22571
-9.23155
-9.23697
-9.24196
-9.24649
-9.25052
-9.25401
-9.2569
-9.25913
-9.26059
-9.26119
-9.2608
-9.25928
-9.25647
-9.2522
-9.24627
-9.23848
-9.22862
-9.21646
-9.20177
-9.18433
-9.16388
-9.1402
-9.11304
-9.08219
-9.04742
-9.0085
-8.96523
-8.9174
-8.86483
-8.80733
-8.74474
-8.6769
-8.60367
-8.52492
-8.44053
-8.35042
-8.2545
-8.15271
-8.04502
-7.93141
-7.81188
-7.68647
-7.55524
-7.41829
-7.27572
-7.12769
-6.97438
-6.81601
-6.65282
-6.48508
-6.3131
-6.1372
-5.95773
-5.77505
-5.58954
-5.40156
-5.21151
-5.01973
-4.8266
-4.63243
-4.43754
-4.2422
-4.04667
-3.85116
-3.65587
-3.46097
-3.2666
-3.07294
-2.88014
-2.68838
-2.49788
-2.3089
-2.12175
-1.9368
-1.75445
-1.57517
-1.39943
-1.22774
-1.06056
-0.898451
-0.741482
-0.590936
-0.444396
-0.309597
-0.165426
-0.0765583
-9.11438
-9.12379
-9.13305
-9.14211
-9.15095
-9.15957
-9.16792
-9.176
-9.18376
-9.1912
-9.19829
-9.20502
-9.21135
-9.21728
-9.22279
-9.22785
-9.23243
-9.2365
-9.24002
-9.24294
-9.2452
-9.24672
-9.24742
-9.24719
-9.24591
-9.24344
-9.23964
-9.23433
-9.22733
-9.21844
-9.20748
-9.19421
-9.17842
-9.15989
-9.13839
-9.11368
-9.08556
-9.05378
-9.01813
-8.9784
-8.93438
-8.88588
-8.83271
-8.77468
-8.71163
-8.64341
-8.56989
-8.49092
-8.4064
-8.31624
-8.22036
-8.11871
-8.01124
-7.89796
-7.77885
-7.65398
-7.52339
-7.38719
-7.24549
-7.09846
-6.94627
-6.78915
-6.62735
-6.46113
-6.29081
-6.11671
-5.93917
-5.75856
-5.57525
-5.3896
-5.20197
-5.01273
-4.82221
-4.63071
-4.43851
-4.24586
-4.05297
-3.86001
-3.66713
-3.47445
-3.28209
-3.09015
-2.89875
-2.70806
-2.51826
-2.32961
-2.14243
-1.95708
-1.774
-1.59369
-1.41668
-1.24352
-1.07473
-0.910889
-0.752114
-0.599663
-0.451168
-0.314239
-0.168044
-0.0772267
-9.10857
-9.11775
-9.12676
-9.13559
-9.1442
-9.15258
-9.16069
-9.16853
-9.17605
-9.18324
-9.19008
-9.19653
-9.20259
-9.20822
-9.21339
-9.21809
-9.22227
-9.2259
-9.22893
-9.23131
-9.23297
-9.23384
-9.23382
-9.23281
-9.2307
-9.22735
-9.22261
-9.21634
-9.20834
-9.19843
-9.18643
-9.17213
-9.15531
-9.13576
-9.11327
-9.0876
-9.05855
-9.02589
-8.98942
-8.94892
-8.90419
-8.85503
-8.80127
-8.74273
-8.67924
-8.61065
-8.53683
-8.45764
-8.37298
-8.28276
-8.18691
-8.08537
-7.97811
-7.86511
-7.7464
-7.62202
-7.49203
-7.35654
-7.21566
-7.06957
-6.91845
-6.76253
-6.60205
-6.4373
-6.26857
-6.09621
-5.92056
-5.74198
-5.56082
-5.37747
-5.19226
-5.00555
-4.81764
-4.62883
-4.43936
-4.24943
-4.05923
-3.86887
-3.67846
-3.48806
-3.29774
-3.10756
-2.9176
-2.72798
-2.53888
-2.35053
-2.16325
-1.97743
-1.79354
-1.61212
-1.43373
-1.25901
-1.0885
-0.922859
-0.762211
-0.607805
-0.457321
-0.318264
-0.170148
-0.0775823
-9.10385
-9.1128
-9.12159
-9.13017
-9.13854
-9.14667
-9.15454
-9.16213
-9.16939
-9.17632
-9.18288
-9.18906
-9.19481
-9.20012
-9.20495
-9.20927
-9.21304
-9.21622
-9.21875
-9.22058
-9.22165
-9.22187
-9.22115
-9.21939
-9.21648
-9.21228
-9.20665
-9.19945
-9.19049
-9.17961
-9.16662
-9.15132
-9.13352
-9.11299
-9.08953
-9.06294
-9.03299
-8.99947
-8.96218
-8.92092
-8.87548
-8.82568
-8.77132
-8.71225
-8.6483
-8.57932
-8.50517
-8.42573
-8.3409
-8.25058
-8.1547
-8.05322
-7.9461
-7.83334
-7.71495
-7.59099
-7.46153
-7.32666
-7.18653
-7.04129
-6.89115
-6.73633
-6.57708
-6.4137
-6.2465
-6.0758
-5.90195
-5.72533
-5.54628
-5.36518
-5.18236
-4.99816
-4.81287
-4.62675
-4.44003
-4.25287
-4.06541
-3.87771
-3.68983
-3.50178
-3.31356
-3.12518
-2.93668
-2.74814
-2.55971
-2.37161
-2.18417
-1.99779
-1.81297
-1.63029
-1.45039
-1.27396
-1.10161
-0.934037
-0.771414
-0.614971
-0.462434
-0.321217
-0.171239
-0.0771651
-9.09778
-9.10653
-9.1151
-9.12348
-9.13164
-9.13956
-9.14722
-9.15458
-9.16162
-9.16831
-9.17462
-9.18053
-9.18601
-9.19102
-9.19553
-9.1995
-9.20289
-9.20566
-9.20773
-9.20907
-9.20959
-9.20921
-9.20785
-9.20541
-9.20176
-9.19678
-9.19034
-9.18229
-9.17246
-9.16068
-9.14678
-9.13057
-9.11185
-9.09041
-9.06607
-9.03861
-9.00782
-8.9735
-8.93545
-8.89347
-8.84736
-8.79694
-8.74202
-8.68245
-8.61805
-8.54869
-8.47422
-8.39453
-8.30952
-8.21909
-8.12317
-8.02173
-7.91473
-7.80218
-7.68408
-7.5605
-7.43152
-7.29723
-7.15778
-7.01334
-6.86412
-6.71034
-6.55227
-6.3902
-6.22445
-6.05536
-5.88327
-5.70856
-5.53159
-5.35271
-5.17227
-4.99058
-4.80793
-4.62456
-4.44064
-4.25633
-4.07168
-3.88674
-3.70149
-3.51587
-3.32984
-3.14335
-2.95637
-2.76894
-2.58119
-2.39333
-2.20569
-2.01868
-1.83285
-1.64883
-1.46732
-1.28908
-1.1148
-0.94523
-0.780577
-0.622058
-0.467426
-0.32402
-0.172158
-0.0766996
-9.09344
-9.10195
-9.1103
-9.11845
-9.12637
-9.13404
-9.14145
-9.14856
-9.15534
-9.16176
-9.1678
-9.17342
-9.17859
-9.18328
-9.18745
-9.19105
-9.19404
-9.19637
-9.19798
-9.19881
-9.19878
-9.19782
-9.19583
-9.19271
-9.18835
-9.18262
-9.1754
-9.16653
-9.15586
-9.14323
-9.12846
-9.11137
-9.09178
-9.06947
-9.04428
-9.01598
-8.98438
-8.94928
-8.91048
-8.86779
-8.82102
-8.76998
-8.71449
-8.6544
-8.58954
-8.51977
-8.44495
-8.36497
-8.27973
-8.18913
-8.09312
-7.99165
-7.8847
-7.77226
-7.65437
-7.53108
-7.40247
-7.26865
-7.12978
-6.98602
-6.83759
-6.68473
-6.52771
-6.36683
-6.20242
-6.03482
-5.86439
-5.6915
-5.51652
-5.33981
-5.16171
-4.98252
-4.80251
-4.6219
-4.44084
-4.25942
-4.07767
-3.89557
-3.71304
-3.52995
-3.34618
-3.16162
-2.97618
-2.78987
-2.60275
-2.41505
-2.22707
-2.03928
-1.85225
-1.66667
-1.48333
-1.30308
-1.1267
-0.955
-0.788232
-0.627591
-0.470831
-0.325197
-0.171385
-0.0747839
-9.08685
-9.09522
-9.10339
-9.11136
-9.1191
-9.12659
-9.13381
-9.14071
-9.14729
-9.15349
-9.15931
-9.16469
-9.1696
-9.17402
-9.17789
-9.18117
-9.18382
-9.18577
-9.18698
-9.18736
-9.18686
-9.18538
-9.18283
-9.17912
-9.17413
-9.16774
-9.15982
-9.15023
-9.13881
-9.12542
-9.10987
-9.09199
-9.0716
-9.04852
-9.02255
-8.99349
-8.96115
-8.92534
-8.88586
-8.84252
-8.79513
-8.74352
-8.68751
-8.62694
-8.56165
-8.49149
-8.41635
-8.3361
-8.25064
-8.15989
-8.06379
-7.96229
-7.85538
-7.74305
-7.62535
-7.50233
-7.37407
-7.2407
-7.10237
-6.95927
-6.8116
-6.65962
-6.50362
-6.34389
-6.18078
-6.01465
-5.84585
-5.67478
-5.5018
-5.32728
-5.15155
-4.97492
-4.79764
-4.61989
-4.44182
-4.26345
-4.08478
-3.90571
-3.72609
-3.54573
-3.36442
-3.18197
-2.99824
-2.81316
-2.62679
-2.43929
-2.25102
-2.06243
-1.87415
-1.68693
-1.50164
-1.31926
-1.14064
-0.966674
-0.797679
-0.634831
-0.475835
-0.327839
-0.171667
-0.0736663
-9.08244
-9.09056
-9.09853
-9.10628
-9.11378
-9.12104
-9.12801
-9.13467
-9.14099
-9.14693
-9.15247
-9.15757
-9.1622
-9.1663
-9.16984
-9.17278
-9.17505
-9.17661
-9.17739
-9.17733
-9.17634
-9.17435
-9.17126
-9.16697
-9.16138
-9.15435
-9.14577
-9.1355
-9.12338
-9.10926
-9.09298
-9.07436
-9.05323
-9.02941
-9.0027
-8.97292
-8.93988
-8.90339
-8.86324
-8.81927
-8.77128
-8.7191
-8.66256
-8.60149
-8.53574
-8.46517
-8.38965
-8.30907
-8.22332
-8.13234
-8.03605
-7.93442
-7.82743
-7.71509
-7.59744
-7.47453
-7.34647
-7.21338
-7.07541
-6.93276
-6.78566
-6.63437
-6.47918
-6.32041
-6.15841
-5.99355
-5.82622
-5.65681
-5.48569
-5.31325
-5.13981
-4.96568
-4.7911
-4.61623
-4.44117
-4.26592
-4.09041
-3.91446
-3.73784
-3.56029
-3.38149
-3.20119
-3.01915
-2.83525
-2.64951
-2.46209
-2.27334
-2.08377
-1.89405
-1.70502
-1.51767
-1.3331
-1.15227
-0.97616
-0.805115
-0.640284
-0.479248
-0.328996
-0.169957
-0.0710318
-9.07474
-9.08275
-9.09053
-9.09811
-9.10545
-9.11255
-9.11936
-9.12585
-9.13199
-9.13776
-9.14311
-9.14801
-9.15241
-9.15629
-9.15959
-9.16226
-9.16425
-9.1655
-9.16594
-9.16552
-9.16414
-9.16173
-9.15819
-9.15343
-9.14733
-9.13977
-9.13064
-9.11978
-9.10707
-9.09234
-9.07543
-9.05618
-9.03442
-9.00996
-8.98263
-8.95223
-8.91859
-8.88151
-8.84081
-8.7963
-8.7478
-8.69515
-8.63816
-8.57669
-8.51057
-8.43968
-8.36388
-8.28306
-8.19713
-8.10601
-8.00964
-7.90799
-7.80103
-7.68879
-7.57129
-7.44862
-7.32087
-7.18817
-7.05069
-6.90864
-6.76224
-6.61177
-6.45753
-6.29987
-6.13914
-5.97573
-5.81004
-5.64247
-5.47343
-5.30329
-5.1324
-4.96105
-4.78948
-4.61783
-4.44617
-4.27445
-4.10252
-3.93016
-3.75703
-3.58277
-3.40697
-3.22926
-3.04931
-2.86694
-2.68209
-2.4949
-2.30573
-2.11512
-1.92375
-1.73257
-1.54273
-1.35551
-1.17207
-0.993512
-0.820259
-0.653436
-0.490383
-0.337923
-0.174372
-0.074646
-9.0687
-9.07659
-9.08426
-9.09164
-9.09877
-9.10564
-9.11223
-9.11849
-9.1244
-9.12993
-9.13504
-9.13969
-9.14385
-9.14746
-9.15049
-9.15288
-9.15457
-9.15551
-9.15563
-9.15486
-9.15312
-9.15033
-9.14638
-9.14119
-9.13465
-9.12662
-9.117
-9.10564
-9.09241
-9.07715
-9.05971
-9.03991
-9.0176
-8.99259
-8.9647
-8.93376
-8.89958
-8.86197
-8.82074
-8.77573
-8.72675
-8.67362
-8.61618
-8.55428
-8.48775
-8.41647
-8.3403
-8.25914
-8.1729
-8.08149
-7.98486
-7.88297
-7.77582
-7.66342
-7.54581
-7.42307
-7.2953
-7.16265
-7.02529
-6.88342
-6.73731
-6.58724
-6.43353
-6.27653
-6.11662
-5.95423
-5.78976
-5.62365
-5.45632
-5.28817
-5.11956
-4.9508
-4.78211
-4.61363
-4.44539
-4.27731
-4.10918
-3.94069
-3.77143
-3.60091
-3.42863
-3.2541
-3.07691
-2.89678
-2.71361
-2.52754
-2.33893
-2.14837
-1.95655
-1.76448
-1.57344
-1.38481
-1.19986
-1.01988
-0.845353
-0.677433
-0.513157
-0.359129
-0.189164
-0.0873253
-9.05757
-9.06528
-9.07283
-9.08015
-9.08723
-9.09405
-9.10057
-9.10677
-9.11261
-9.11807
-9.1231
-9.12767
-9.13173
-9.13525
-9.13816
-9.14043
-9.14198
-9.14278
-9.14273
-9.14178
-9.13985
-9.13684
-9.13267
-9.12724
-9.12043
-9.11213
-9.10223
-9.09057
-9.07704
-9.06146
-9.04371
-9.0236
-9.00097
-8.97566
-8.94749
-8.91627
-8.88182
-8.84398
-8.80254
-8.75734
-8.70821
-8.65496
-8.59744
-8.53548
-8.46895
-8.39771
-8.32163
-8.24061
-8.15455
-8.06338
-7.96704
-7.86551
-7.75877
-7.64685
-7.52979
-7.40768
-7.28063
-7.14879
-7.01234
-6.8715
-6.72655
-6.57779
-6.42555
-6.27022
-6.1122
-5.95194
-5.78989
-5.62651
-5.46227
-5.29759
-5.13286
-4.96842
-4.80449
-4.6412
-4.47857
-4.31642
-4.15449
-3.99232
-3.82935
-3.66493
-3.49835
-3.32894
-3.15609
-2.97936
-2.79855
-2.61372
-2.42525
-2.23374
-2.04
-1.84529
-1.65137
-1.45981
-1.27194
-1.08904
-0.911621
-0.740896
-0.573721
-0.416763
-0.238844
-0.122232
-9.0485
-9.0562
-9.06357
-9.07087
-9.07805
-9.08499
-9.09166
-9.09802
-9.10405
-9.10972
-9.11497
-9.11978
-9.12409
-9.12787
-9.13106
-9.1336
-9.13544
-9.13652
-9.13676
-9.1361
-9.13445
-9.13173
-9.12784
-9.12269
-9.11615
-9.10812
-9.09847
-9.08707
-9.07378
-9.05845
-9.04092
-9.02105
-8.99865
-8.97355
-8.94559
-8.91458
-8.88035
-8.8427
-8.80147
-8.75647
-8.70753
-8.65447
-8.59714
-8.53538
-8.46904
-8.39799
-8.3221
-8.24127
-8.1554
-8.06444
-7.96831
-7.86701
-7.76053
-7.64889
-7.53215
-7.41041
-7.28378
-7.15245
-7.01661
-6.87651
-6.73244
-6.58474
-6.43379
-6.28002
-6.12388
-5.96586
-5.80647
-5.64624
-5.48569
-5.32528
-5.16547
-5.00659
-4.84889
-4.69248
-4.53731
-4.38315
-4.22958
-4.07599
-3.92165
-3.76569
-3.60718
-3.44521
-3.27897
-3.1078
-2.93132
-2.7495
-2.56261
-2.37085
-2.17477
-1.97575
-1.77569
-1.5768
-1.38109
-1.19021
-1.00487
-0.826502
-0.652622
-0.489138
-0.313169
-0.15917
-9.07151
-9.08104
-9.09019
-9.09896
-9.10747
-9.11572
-9.12366
-9.13122
-9.1384
-9.14514
-9.15142
-9.15719
-9.16239
-9.167
-9.17095
-9.17419
-9.17665
-9.17828
-9.179
-9.17874
-9.17742
-9.17494
-9.17122
-9.16616
-9.15963
-9.15154
-9.14174
-9.13012
-9.11653
-9.10082
-9.08285
-9.06246
-9.03947
-9.01372
-8.98504
-8.95324
-8.91816
-8.8796
-8.8374
-8.79137
-8.74133
-8.68713
-8.62858
-8.56555
-8.49787
-8.42542
-8.34806
-8.26569
-8.17823
-8.08558
-7.98771
-7.88458
-7.77619
-7.66256
-7.54375
-7.41985
-7.29099
-7.15732
-7.01906
-6.87645
-6.72978
-6.57939
-6.42566
-6.26901
-6.1099
-5.94882
-5.78626
-5.62276
-5.4588
-5.29485
-5.13133
-4.96857
-4.80678
-4.64604
-4.48626
-4.32718
-4.16837
-4.00922
-3.84899
-3.68682
-3.52183
-3.35317
-3.18011
-3.0021
-2.81888
-2.63047
-2.43762
-2.24109
-2.04131
-1.83947
-1.63753
-1.43772
-1.24202
-1.05206
-0.868501
-0.692648
-0.522672
-0.362674
-0.207303
-0.0496791
-9.50378
-9.5131
-9.52706
-9.5403
-9.55291
-9.56492
-9.57543
-9.58377
-9.58996
-9.59391
-9.5957
-9.59592
-9.59505
-9.59344
-9.59151
-9.58969
-9.58822
-9.58708
-9.58599
-9.58456
-9.5824
-9.5803
-9.58039
-9.58439
-9.59407
-9.6132
-9.6451
-9.69117
-9.74982
-9.81691
-9.88704
-9.95493
-10.0164
-10.0685
-10.1097
-10.1396
-10.1584
-10.1665
-10.1644
-10.1529
-10.1321
-10.1027
-10.0649
-10.0188
-9.96396
-9.89987
-9.82712
-9.7463
-9.65735
-9.56019
-9.45464
-9.34045
-9.21739
-9.08521
-8.94372
-8.79275
-8.63216
-8.46188
-8.28187
-8.09218
-7.89288
-7.68413
-7.46614
-7.23924
-7.00386
-6.76052
-6.50985
-6.25254
-5.98943
-5.72147
-5.44926
-5.17267
-4.89265
-4.61108
-4.32947
-4.04912
-3.77115
-3.49541
-3.22132
-2.95515
-2.70138
-2.45646
-2.21719
-1.98665
-1.76576
-1.55548
-1.35644
-1.16897
-0.993222
-0.829182
-0.676744
-0.535696
-0.405921
-0.287081
-0.179975
-0.0834724
-0.00522141
0.0655202
0.0689753
0.126802
-9.51319
-9.52872
-9.54368
-9.55774
-9.57058
-9.58167
-9.59126
-9.59884
-9.60507
-9.61013
-9.61352
-9.61409
-9.61212
-9.60866
-9.6048
-9.60153
-9.5996
-9.59919
-9.59975
-9.60045
-9.60013
-9.60088
-9.60567
-9.61216
-9.62524
-9.65255
-9.69847
-9.76243
-9.8391
-9.92095
-10.0008
-10.0735
-10.1357
-10.186
-10.2241
-10.2505
-10.2658
-10.2708
-10.2662
-10.2524
-10.2297
-10.1982
-10.1577
-10.108
-10.0498
-9.98489
-9.91372
-9.83536
-9.74971
-9.65663
-9.5557
-9.44641
-9.32841
-9.20138
-9.06508
-8.91929
-8.76386
-8.59868
-8.42371
-8.23896
-8.04449
-7.84041
-7.62693
-7.40432
-7.17297
-6.93337
-6.68607
-6.43174
-6.17113
-5.9051
-5.63489
-5.36173
-5.08563
-4.80706
-4.52741
-4.24768
-3.96849
-3.68966
-3.41141
-3.13976
-2.8849
-2.64263
-2.40721
-2.17826
-1.95831
-1.74826
-1.54872
-1.36009
-1.1826
-1.01629
-0.861106
-0.716879
-0.583548
-0.460692
-0.349194
-0.24724
-0.162445
-0.0808898
-0.0543125
0.0405668
-9.51697
-9.5367
-9.55325
-9.56691
-9.57934
-9.59072
-9.60001
-9.60686
-9.61241
-9.61643
-9.61916
-9.62029
-9.62003
-9.61877
-9.61719
-9.61599
-9.6157
-9.61666
-9.61889
-9.62225
-9.62661
-9.63359
-9.64645
-9.66803
-9.70196
-9.74941
-9.80823
-9.87375
-9.94068
-10.0048
-10.0635
-10.1155
-10.1606
-10.1987
-10.2298
-10.2538
-10.2705
-10.2795
-10.2807
-10.2738
-10.2587
-10.2354
-10.2039
-10.1641
-10.1158
-10.0595
-9.99559
-9.92391
-9.84411
-9.75592
-9.65921
-9.55385
-9.43959
-9.31623
-9.18353
-9.04132
-8.88944
-8.72779
-8.5563
-8.37499
-8.18393
-7.98321
-7.77299
-7.55355
-7.32531
-7.08873
-6.84441
-6.59307
-6.33548
-6.07247
-5.80485
-5.53325
-5.25821
-4.98088
-4.70247
-4.42387
-4.14571
-3.86815
-3.5922
-3.32177
-3.06528
-2.81882
-2.57973
-2.34812
-2.12552
-1.91264
-1.7101
-1.51832
-1.33751
-1.16775
-1.00898
-0.861039
-0.723812
-0.596866
-0.480778
-0.373643
-0.281305
-0.189819
-0.139168
-0.0184208
-9.51037
-9.53336
-9.55452
-9.56972
-9.58373
-9.59597
-9.60677
-9.61505
-9.6216
-9.62656
-9.62989
-9.63141
-9.63139
-9.63032
-9.62885
-9.62762
-9.62709
-9.62755
-9.62921
-9.63276
-9.6399
-9.65366
-9.67735
-9.71296
-9.76007
-9.81613
-9.87759
-9.9412
-10.0048
-10.067
-10.1267
-10.1822
-10.232
-10.2746
-10.3091
-10.3353
-10.353
-10.3624
-10.3637
-10.3568
-10.342
-10.3192
-10.2885
-10.2499
-10.2035
-10.1494
-10.0874
-10.0178
-9.94046
-9.85515
-9.76155
-9.65929
-9.54808
-9.42768
-9.29784
-9.15838
-9.00913
-8.84998
-8.68088
-8.50183
-8.3129
-8.11415
-7.90572
-7.68789
-7.46107
-7.22573
-6.98248
-6.73204
-6.47525
-6.21293
-5.94589
-5.67479
-5.40014
-5.12295
-4.84435
-4.56513
-4.28591
-4.00724
-3.7307
-3.4605
-3.20263
-2.95448
-2.71379
-2.48051
-2.25599
-2.04105
-1.83632
-1.64223
-1.45899
-1.28667
-1.1252
-0.974412
-0.8341
-0.703823
-0.583677
-0.471888
-0.371702
-0.271149
-0.195652
-0.0576943
-9.49943
-9.52729
-9.55357
-9.57049
-9.58623
-9.59924
-9.61096
-9.62037
-9.62794
-9.6334
-9.63707
-9.63906
-9.63954
-9.63879
-9.63719
-9.63519
-9.63323
-9.63198
-9.63263
-9.63722
-9.64871
-9.67018
-9.70336
-9.74765
-9.80051
-9.85868
-9.91941
-9.98104
-10.0425
-10.1027
-10.1603
-10.2136
-10.2615
-10.303
-10.3376
-10.3652
-10.3856
-10.3987
-10.4045
-10.4029
-10.3935
-10.3763
-10.3513
-10.3181
-10.277
-10.2279
-10.1708
-10.1055
-10.032
-9.95016
-9.8597
-9.76033
-9.65182
-9.53393
-9.40648
-9.26926
-9.12212
-8.96495
-8.79767
-8.62031
-8.43294
-8.23566
-8.02852
-7.81181
-7.58596
-7.35146
-7.10891
-6.859
-6.60255
-6.34033
-6.07306
-5.80138
-5.52598
-5.24795
-4.96835
-4.68804
-4.40784
-4.12863
-3.85228
-3.58195
-3.32199
-3.071
-2.82765
-2.59216
-2.36557
-2.14858
-1.94173
-1.74543
-1.55989
-1.38516
-1.22116
-1.06771
-0.924485
-0.791067
-0.666966
-0.5508
-0.442812
-0.334653
-0.235922
-0.0899571
-9.48948
-9.52217
-9.5535
-9.57225
-9.58984
-9.60382
-9.61679
-9.6273
-9.63613
-9.64268
-9.64693
-9.64893
-9.64891
-9.64713
-9.64395
-9.63988
-9.63569
-9.63271
-9.63315
-9.64004
-9.65665
-9.68522
-9.72576
-9.77604
-9.83272
-9.89285
-9.95471
-10.0176
-10.0811
-10.144
-10.2048
-10.2615
-10.3127
-10.3574
-10.3949
-10.4252
-10.4482
-10.4639
-10.4721
-10.4727
-10.4656
-10.4506
-10.4278
-10.397
-10.358
-10.3109
-10.2557
-10.1924
-10.1209
-10.041
-9.95255
-9.85503
-9.7482
-9.63187
-9.50582
-9.36984
-9.22378
-9.06753
-8.90102
-8.72424
-8.53727
-8.3402
-8.13316
-7.91639
-7.69033
-7.45544
-7.21235
-6.96175
-6.70442
-6.44116
-6.17273
-5.89982
-5.62318
-5.34378
-5.06267
-4.78077
-4.49901
-4.2185
-3.94118
-3.66991
-3.4081
-3.15513
-2.9101
-2.67315
-2.44509
-2.22659
-2.01818
-1.82026
-1.63301
-1.45651
-1.29061
-1.13514
-0.989637
-0.853726
-0.726305
-0.606525
-0.491634
-0.377744
-0.259089
-0.11255
-9.48314
-9.52086
-9.55593
-9.57621
-9.59544
-9.61061
-9.62489
-9.6368
-9.64698
-9.65474
-9.65992
-9.66217
-9.6617
-9.65867
-9.65355
-9.64718
-9.64091
-9.63677
-9.6377
-9.64716
-9.66819
-9.70211
-9.74772
-9.80191
-9.86116
-9.92295
-9.98608
-10.0503
-10.1151
-10.1794
-10.2411
-10.2988
-10.3509
-10.3967
-10.4358
-10.4682
-10.4937
-10.5122
-10.5237
-10.5277
-10.5241
-10.5125
-10.4929
-10.465
-10.4289
-10.3845
-10.3317
-10.2705
-10.2009
-10.1225
-10.0353
-9.93892
-9.83302
-9.71742
-9.59192
-9.45632
-9.31047
-9.15426
-8.98762
-8.81056
-8.62313
-8.42545
-8.21767
-8.00004
-7.77299
-7.53701
-7.29272
-7.0408
-6.78204
-6.51721
-6.24707
-5.97237
-5.69391
-5.41269
-5.12977
-4.84615
-4.56289
-4.28129
-4.00325
-3.73125
-3.46795
-3.21322
-2.96657
-2.72823
-2.49891
-2.27923
-2.06968
-1.87059
-1.68214
-1.50436
-1.33708
-1.18012
-1.03288
-0.895034
-0.764897
-0.642257
-0.521564
-0.403822
-0.268989
-0.127691
-9.48176
-9.52446
-9.56184
-9.58397
-9.605
-9.62184
-9.6378
-9.65136
-9.66311
-9.67222
-9.67843
-9.68109
-9.68015
-9.67595
-9.6691
-9.66115
-9.65375
-9.64943
-9.65142
-9.66322
-9.68753
-9.7251
-9.77408
-9.83106
-9.89266
-9.95653
-10.0216
-10.0878
-10.1546
-10.2209
-10.2849
-10.3447
-10.3993
-10.4477
-10.4895
-10.5245
-10.5524
-10.5731
-10.5865
-10.5924
-10.5903
-10.58
-10.5614
-10.5343
-10.4987
-10.4549
-10.4026
-10.3418
-10.2725
-10.1943
-10.1071
-10.0106
-9.90444
-9.78841
-9.66231
-9.52596
-9.3792
-9.22193
-9.05408
-8.87567
-8.68674
-8.48744
-8.27792
-8.05848
-7.82953
-7.59159
-7.34527
-7.09129
-6.83041
-6.56345
-6.29119
-6.01442
-5.734
-5.45093
-5.16626
-4.88106
-4.59647
-4.31388
-4.03514
-3.76247
-3.49811
-3.24229
-2.99478
-2.75582
-2.52601
-2.30589
-2.0959
-1.89635
-1.7074
-1.52904
-1.36108
-1.20332
-1.05502
-0.915938
-0.783862
-0.659264
-0.53413
-0.414358
-0.267402
-0.135535
-9.48486
-9.53136
-9.5706
-9.59507
-9.61859
-9.63815
-9.65705
-9.67366
-9.68851
-9.70057
-9.70933
-9.7139
-9.7138
-9.70955
-9.70218
-9.6934
-9.68563
-9.68162
-9.68468
-9.69815
-9.72441
-9.76398
-9.81484
-9.87352
-9.93669
-10.0021
-10.0687
-10.1362
-10.2043
-10.2715
-10.3362
-10.3967
-10.4519
-10.5009
-10.5435
-10.5792
-10.6078
-10.6292
-10.6432
-10.6496
-10.6479
-10.638
-10.6198
-10.5932
-10.5581
-10.5145
-10.4623
-10.4013
-10.3314
-10.2526
-10.1644
-10.0668
-9.95932
-9.84185
-9.71415
-9.57606
-9.42743
-9.26817
-9.09821
-8.91758
-8.72636
-8.52467
-8.31273
-8.09085
-7.85945
-7.61908
-7.37037
-7.11405
-6.85089
-6.58172
-6.30734
-6.02859
-5.74635
-5.46166
-5.17558
-4.88923
-4.60383
-4.3208
-4.04193
-3.76923
-3.50459
-3.24846
-3.00077
-2.76181
-2.53212
-2.31218
-2.10239
-1.90302
-1.71418
-1.53585
-1.3678
-1.20981
-1.06103
-0.921309
-0.787969
-0.662196
-0.533874
-0.413573
-0.25814
-0.138086
-9.49152
-9.54274
-9.58341
-9.61046
-9.63633
-9.65888
-9.6811
-9.70147
-9.72041
-9.73675
-9.74979
-9.75822
-9.76131
-9.75871
-9.75167
-9.74423
-9.73802
-9.7357
-9.74051
-9.75548
-9.78281
-9.82317
-9.87483
-9.93434
-9.99833
-10.0645
-10.1318
-10.1999
-10.2681
-10.3353
-10.3996
-10.4598
-10.5147
-10.5638
-10.6063
-10.6419
-10.6703
-10.6912
-10.7045
-10.7097
-10.7068
-10.6955
-10.6758
-10.6476
-10.6107
-10.5652
-10.511
-10.448
-10.3761
-10.2951
-10.2047
-10.1048
-9.99487
-9.87488
-9.74459
-9.60381
-9.45242
-9.29033
-9.1175
-8.93396
-8.7398
-8.5352
-8.32039
-8.0957
-7.8616
-7.61864
-7.36747
-7.10882
-6.84351
-6.57235
-6.29618
-6.01588
-5.73236
-5.44665
-5.15985
-4.8731
-4.58764
-4.3049
-4.02659
-3.75455
-3.49044
-3.23481
-2.98778
-2.74962
-2.52081
-2.30178
-2.09287
-1.89431
-1.70619
-1.52847
-1.36086
-1.20316
-1.05442
-0.914577
-0.780583
-0.654318
-0.523942
-0.404289
-0.243559
-0.136357
-9.49504
-9.55028
-9.59566
-9.62843
-9.65938
-9.68771
-9.71629
-9.74349
-9.76949
-9.79308
-9.81346
-9.82914
-9.83872
-9.84205
-9.83879
-9.83263
-9.82768
-9.82686
-9.8329
-9.84872
-9.87633
-9.91626
-9.96697
-10.0253
-10.0881
-10.1529
-10.2188
-10.2852
-10.3515
-10.4163
-10.4781
-10.5355
-10.5874
-10.6335
-10.673
-10.7054
-10.7304
-10.7479
-10.7577
-10.7598
-10.7538
-10.7396
-10.717
-10.6861
-10.6465
-10.5984
-10.5415
-10.4757
-10.401
-10.317
-10.2235
-10.1204
-10.0074
-9.88414
-9.75057
-9.60651
-9.45183
-9.28646
-9.11039
-8.92368
-8.72644
-8.51887
-8.30122
-8.07387
-7.83729
-7.59205
-7.33882
-7.07836
-6.81146
-6.53896
-6.26173
-5.98065
-5.69667
-5.41081
-5.12419
-4.83796
-4.55335
-4.27179
-3.9949
-3.72435
-3.46164
-3.20738
-2.96177
-2.7251
-2.49779
-2.28023
-2.07272
-1.87546
-1.68849
-1.51177
-1.34499
-1.18794
-1.0396
-0.900005
-0.765805
-0.639545
-0.508009
-0.389799
-0.226299
-0.131836
-9.49709
-9.56865
-9.61844
-9.65587
-9.69204
-9.72713
-9.76322
-9.7984
-9.83251
-9.86423
-9.89281
-9.91667
-9.93453
-9.94531
-9.94855
-9.94528
-9.94375
-9.94531
-9.95304
-9.96965
-9.99701
-10.0357
-10.0843
-10.1399
-10.1993
-10.2605
-10.3225
-10.3847
-10.4464
-10.5062
-10.5628
-10.615
-10.6619
-10.7026
-10.7368
-10.7639
-10.7838
-10.7964
-10.8015
-10.799
-10.7885
-10.77
-10.7432
-10.7081
-10.6644
-10.6122
-10.5513
-10.4816
-10.4029
-10.3151
-10.2178
-10.1109
-9.99415
-9.86728
-9.73014
-9.58259
-9.42452
-9.2559
-9.07671
-8.88705
-8.68704
-8.47689
-8.25689
-8.02743
-7.789
-7.54217
-7.28764
-7.02615
-6.75852
-6.48559
-6.20824
-5.92737
-5.64393
-5.35895
-5.07353
-4.78879
-4.506
-4.2265
-3.95183
-3.68354
-3.42298
-3.17078
-2.92722
-2.69259
-2.46728
-2.25164
-2.04591
-1.85029
-1.66478
-1.48934
-1.32363
-1.16745
-1.01974
-0.880625
-0.74653
-0.620613
-0.488595
-0.3723
-0.20797
-0.125414
-9.47735
-9.56787
-9.64409
-9.70175
-9.75357
-9.80331
-9.85292
-9.9003
-9.94504
-9.98591
-10.0224
-10.0533
-10.0775
-10.0939
-10.1033
-10.1041
-10.1027
-10.1031
-10.1088
-10.1226
-10.1463
-10.1803
-10.2233
-10.2725
-10.3251
-10.3792
-10.4338
-10.4886
-10.5426
-10.5944
-10.6427
-10.6866
-10.7254
-10.7583
-10.785
-10.805
-10.8181
-10.8243
-10.8233
-10.8149
-10.7988
-10.775
-10.7432
-10.7033
-10.6551
-10.5985
-10.5334
-10.4595
-10.3769
-10.2851
-10.1841
-10.0735
-9.95324
-9.82299
-9.68264
-9.53204
-9.37111
-9.19982
-9.01819
-8.82629
-8.62428
-8.41238
-8.1909
-7.96023
-7.72088
-7.47345
-7.21863
-6.95716
-6.68986
-6.41758
-6.14119
-5.8616
-5.57975
-5.29666
-5.01339
-4.73107
-4.45091
-4.17423
-3.90247
-3.63705
-3.37921
-3.12961
-2.88856
-2.65635
-2.43335
-2.21987
-2.01614
-1.82232
-1.63841
-1.46436
-1.29982
-1.1446
-0.99762
-0.859092
-0.725285
-0.599891
-0.467866
-0.353681
-0.189924
-0.11798
-9.48456
-9.64747
-9.74431
-9.80488
-9.87109
-9.93413
-9.99155
-10.0443
-10.0928
-10.1358
-10.1725
-10.2028
-10.2266
-10.2432
-10.253
-10.2575
-10.2546
-10.252
-10.2537
-10.2626
-10.2806
-10.308
-10.3436
-10.3846
-10.4285
-10.4738
-10.5197
-10.5656
-10.6106
-10.6535
-10.693
-10.7284
-10.759
-10.7842
-10.8034
-10.8163
-10.8228
-10.8225
-10.8154
-10.8012
-10.7797
-10.7507
-10.7139
-10.6692
-10.6165
-10.5557
-10.4865
-10.4088
-10.3225
-10.2273
-10.1231
-10.0096
-9.88648
-9.75366
-9.61095
-9.45821
-9.29535
-9.12236
-8.93925
-8.74611
-8.54312
-8.3305
-8.10859
-7.87779
-7.63862
-7.39167
-7.13764
-6.87728
-6.61138
-6.3408
-6.06638
-5.78903
-5.50968
-5.22932
-4.94898
-4.66978
-4.39289
-4.11955
-3.85115
-3.58899
-3.33422
-3.08751
-2.84919
-2.61957
-2.399
-2.18776
-1.98607
-1.79407
-1.61176
-1.43909
-1.2757
-1.12144
-0.97518
-0.837248
-0.703802
-0.578995
-0.447262
-0.335183
-0.172953
-0.110113
-9.44164
-9.6782
-9.91088
-9.99563
-10.0878
-10.1745
-10.2386
-10.2872
-10.3254
-10.3539
-10.3742
-10.3873
-10.3931
-10.3927
-10.388
-10.3821
-10.3708
-10.3584
-10.3505
-10.3507
-10.3606
-10.3802
-10.4076
-10.4403
-10.4761
-10.5134
-10.5516
-10.5898
-10.6271
-10.6623
-10.6945
-10.7228
-10.7465
-10.7652
-10.7781
-10.785
-10.7858
-10.7801
-10.7679
-10.7489
-10.7229
-10.6897
-10.6491
-10.6008
-10.5449
-10.481
-10.4091
-10.3289
-10.2403
-10.1431
-10.0369
-9.92163
-9.79698
-9.66278
-9.51887
-9.36512
-9.20146
-9.02787
-8.84439
-8.65113
-8.44826
-8.23605
-8.01483
-7.785
-7.5471
-7.30171
-7.04952
-6.79126
-6.52773
-6.25974
-5.98815
-5.71383
-5.43769
-5.1607
-4.88387
-4.60828
-4.33505
-4.06539
-3.80059
-3.5419
-3.29037
-3.04667
-2.81117
-2.58419
-2.36604
-2.15701
-1.95731
-1.76707
-1.58629
-1.41491
-1.2526
-1.09921
-0.953622
-0.81624
-0.683172
-0.558936
-0.427694
-0.317557
-0.157538
-0.102202
)
;

boundaryField
{
    outlet
    {
        type            fixedValue;
        value           uniform 0;
    }
    inlet
    {
        type            zeroGradient;
    }
    lowerWall
    {
        type            zeroGradient;
    }
    upperWall
    {
        type            zeroGradient;
    }
    frontAndBack
    {
        type            empty;
    }
}


// ************************************************************************* //
