/*--------------------------------*- C++ -*----------------------------------*\
| =========                 |                                                 |
| \\      /  F ield         | OpenFOAM: The Open Source CFD Toolbox           |
|  \\    /   O peration     | Version:  4.1                                   |
|   \\  /    A nd           | Web:      www.OpenFOAM.org                      |
|    \\/     M anipulation  |                                                 |
\*---------------------------------------------------------------------------*/
FoamFile
{
    version     2.0;
    format      ascii;
    class       volScalarField;
    location    "200";
    object      epsilon;
}
// * * * * * * * * * * * * * * * * * * * * * * * * * * * * * * * * * * * * * //

dimensions      [0 2 -3 0 0 0 0];

internalField   nonuniform List<scalar> 
6820
(
115.949
152.042
190.662
230.214
269.214
306.365
340.625
371.269
397.9
420.4
438.865
453.547
464.79
472.987
478.547
481.863
483.305
483.204
481.854
479.511
476.391
472.678
468.522
464.049
459.36
454.536
449.638
444.712
439.789
434.889
430.006
425.225
422.458
9.48473
17.5527
23.8078
29.3422
34.5602
39.562
44.35
48.9003
53.1827
57.1704
60.8467
64.2065
67.2559
70.0093
72.4874
74.7148
76.7178
78.5231
80.1562
81.6415
83.001
84.2555
85.4234
86.5216
87.5653
88.5686
89.5451
90.5096
91.4778
92.4724
93.5153
94.6714
95.8937
4.14146
5.59604
6.98301
8.20868
9.27797
10.2175
11.0508
11.7955
12.4655
13.0719
13.6236
14.1281
14.5911
15.0177
15.4118
15.7769
16.116
16.4317
16.7262
17.0013
17.2606
17.5118
17.7572
17.9977
18.2341
18.4671
18.6976
18.9263
19.1545
19.3835
19.615
19.8531
20.094
3.60121
3.91797
4.3311
4.7579
5.16053
5.52676
5.85482
6.14676
6.4059
6.63583
6.83998
7.02149
7.18319
7.32756
7.45677
7.57266
7.67686
7.77074
7.85549
7.93211
8.00145
8.06514
8.12418
8.17933
8.23116
8.28012
8.32658
8.37081
8.41299
8.4532
8.49138
8.52715
8.5603
3.52798
3.56982
3.67477
3.81745
3.97489
4.13281
4.28384
4.42459
4.55378
4.67123
4.77738
4.87291
4.95865
5.03543
5.10408
5.16539
5.22007
5.26881
5.31219
5.35078
5.38505
5.41548
5.44253
5.46662
5.4881
5.50732
5.52455
5.54004
5.55402
5.56666
5.5781
5.58844
5.59772
3.5197
3.49572
3.49766
3.52374
3.56745
3.62175
3.681
3.74133
3.80033
3.8566
3.90932
3.95813
4.00289
4.04366
4.08058
4.11384
4.14366
4.1703
4.194
4.21499
4.2335
4.24974
4.26395
4.2763
4.287
4.29621
4.30411
4.31085
4.31658
4.32143
4.32557
4.32911
4.33223
3.51928
3.48173
3.4529
3.43487
3.42775
3.42982
3.4388
3.45248
3.46904
3.48706
3.50556
3.52382
3.54137
3.55791
3.57324
3.58727
3.59996
3.61131
3.62136
3.63015
3.63774
3.64424
3.64973
3.65427
3.65795
3.66083
3.66299
3.66451
3.66547
3.66594
3.66601
3.66576
3.66529
3.51938
3.47956
3.44297
3.41081
3.38393
3.36257
3.34634
3.33451
3.32623
3.32072
3.31725
3.31524
3.31422
3.31381
3.31375
3.31382
3.31385
3.31374
3.31342
3.31283
3.31194
3.31074
3.30923
3.30742
3.30532
3.30294
3.30032
3.29748
3.29444
3.29124
3.28792
3.2845
3.28105
3.51942
3.47931
3.44106
3.40504
3.37162
3.34118
3.31388
3.28963
3.26823
3.24937
3.23274
3.218
3.20484
3.19298
3.18219
3.17226
3.16303
3.15435
3.14612
3.13826
3.13068
3.12333
3.11617
3.10917
3.1023
3.09554
3.08888
3.08232
3.07585
3.06947
3.0632
3.05703
3.05099
3.51943
3.47931
3.44074
3.4038
3.36856
3.33518
3.30378
3.27441
3.24705
3.22165
3.19809
3.17624
3.15594
3.13705
3.11941
3.10289
3.08736
3.0727
3.05881
3.04561
3.03302
3.02098
3.00942
2.9983
2.98758
2.97723
2.96722
2.95752
2.94812
2.93899
2.93014
2.92155
2.91321
3.51944
3.47931
3.44068
3.40355
3.36787
3.33364
3.30091
3.26968
3.23995
3.2117
3.18491
3.15953
3.13548
3.1127
3.09111
3.07063
3.05118
3.03268
3.01506
2.99825
2.98219
2.96682
2.95209
2.93795
2.92436
2.91128
2.89869
2.88655
2.87483
2.86351
2.85258
2.84202
2.8318
3.51944
3.47931
3.44066
3.40348
3.3677
3.33326
3.30016
3.26835
3.23781
3.20852
3.18044
3.15355
3.12781
3.10318
3.0796
3.05705
3.03545
3.01478
2.99496
2.97597
2.95775
2.94025
2.92344
2.90728
2.89173
2.87676
2.86233
2.84842
2.835
2.82205
2.80955
2.79747
2.7858
3.51944
3.47931
3.44065
3.40345
3.36764
3.33315
3.29995
3.26798
3.23719
3.20754
3.17899
3.15152
3.12508
3.09964
3.07517
3.05162
3.02897
3.00717
2.98619
2.966
2.94655
2.92782
2.90978
2.89238
2.87561
2.85943
2.84382
2.82875
2.81419
2.80014
2.78656
2.77343
2.76073
3.51944
3.4793
3.44063
3.40343
3.36761
3.3331
3.29987
3.26785
3.23699
3.20723
3.17854
3.15087
3.12419
3.09845
3.07362
3.04967
3.02657
3.00427
2.98275
2.96198
2.94193
2.92257
2.90388
2.88582
2.86837
2.85151
2.83521
2.81946
2.80422
2.78948
2.77522
2.76142
2.74807
3.51944
3.4793
3.44063
3.40341
3.36758
3.33307
3.29982
3.26779
3.2369
3.20711
3.17837
3.15063
3.12386
3.09802
3.07306
3.04895
3.02565
3.00315
2.98139
2.96037
2.94004
2.92038
2.90137
2.88298
2.86518
2.84796
2.8313
2.81517
2.79955
2.78443
2.76978
2.75559
2.74185
3.51944
3.4793
3.44062
3.4034
3.36756
3.33304
3.29979
3.26774
3.23684
3.20703
3.17828
3.15052
3.12372
3.09784
3.07283
3.04867
3.02531
3.00272
2.98088
2.95976
2.93932
2.91954
2.90039
2.88186
2.86391
2.84653
2.82969
2.81338
2.79758
2.78226
2.76742
2.75302
2.73907
3.51944
3.4793
3.44061
3.40339
3.36755
3.33302
3.29976
3.2677
3.23679
3.20698
3.17821
3.15044
3.12363
3.09773
3.0727
3.04852
3.02513
3.00252
2.98064
2.95947
2.93898
2.91915
2.89995
2.88135
2.86333
2.84587
2.82896
2.81256
2.79667
2.78126
2.76631
2.75181
2.73775
3.51944
3.4793
3.44061
3.40338
3.36753
3.33301
3.29974
3.26767
3.23676
3.20694
3.17816
3.15038
3.12356
3.09765
3.07262
3.04842
3.02502
3.00239
2.9805
2.95931
2.93881
2.91896
2.89973
2.88111
2.86306
2.84557
2.82863
2.81219
2.79626
2.78081
2.76582
2.75128
2.73717
3.51944
3.47929
3.44061
3.40337
3.36752
3.33299
3.29972
3.26765
3.23673
3.2069
3.17812
3.15033
3.1235
3.09759
3.07254
3.04834
3.02493
3.00229
2.98039
2.9592
2.93868
2.91882
2.89958
2.88094
2.86288
2.84538
2.82841
2.81196
2.79601
2.78053
2.76552
2.75095
2.73681
3.51944
3.47929
3.44061
3.40337
3.36752
3.33298
3.2997
3.26763
3.2367
3.20687
3.17808
3.15029
3.12345
3.09753
3.07248
3.04827
3.02486
3.00221
2.9803
2.9591
2.93858
2.91871
2.89946
2.88081
2.86275
2.84524
2.82826
2.8118
2.79584
2.78035
2.76533
2.75075
2.7366
3.51944
3.47929
3.4406
3.40337
3.36751
3.33297
3.29969
3.26761
3.23668
3.20684
3.17805
3.15025
3.12341
3.09748
3.07243
3.04821
3.02479
3.00214
2.98023
2.95902
2.93849
2.91861
2.89936
2.88071
2.86263
2.84512
2.82813
2.81166
2.79569
2.7802
2.76517
2.75058
2.73641
3.51944
3.47929
3.4406
3.40336
3.36751
3.33296
3.29968
3.2676
3.23666
3.20682
3.17802
3.15022
3.12337
3.09744
3.07238
3.04816
3.02473
3.00208
2.98016
2.95895
2.93841
2.91853
2.89927
2.88061
2.86253
2.84501
2.82802
2.81155
2.79557
2.78007
2.76503
2.75043
2.73626
3.51944
3.47929
3.4406
3.40336
3.3675
3.33296
3.29967
3.26759
3.23665
3.2068
3.178
3.1502
3.12334
3.09741
3.07234
3.04811
3.02469
3.00203
2.9801
2.95889
2.93835
2.91846
2.8992
2.88053
2.86245
2.84492
2.82793
2.81145
2.79547
2.77996
2.76491
2.75031
2.73613
3.51944
3.47929
3.4406
3.40336
3.3675
3.33296
3.29967
3.26758
3.23664
3.20679
3.17798
3.15017
3.12332
3.09738
3.07231
3.04808
3.02465
3.00198
2.98005
2.95883
2.93829
2.9184
2.89913
2.88046
2.86237
2.84484
2.82784
2.81136
2.79537
2.77986
2.76481
2.7502
2.73602
3.51944
3.47929
3.4406
3.40336
3.3675
3.33295
3.29966
3.26757
3.23663
3.20678
3.17797
3.15016
3.1233
3.09736
3.07229
3.04805
3.02462
3.00195
2.98002
2.9588
2.93825
2.91835
2.89908
2.88042
2.86232
2.84479
2.82779
2.8113
2.79531
2.77979
2.76474
2.75013
2.73594
3.51944
3.47929
3.4406
3.40336
3.3675
3.33295
3.29966
3.26757
3.23663
3.20677
3.17796
3.15015
3.12329
3.09734
3.07227
3.04803
3.0246
3.00193
2.97999
2.95877
2.93822
2.91832
2.89904
2.88037
2.86227
2.84473
2.82773
2.81124
2.79524
2.77972
2.76466
2.75004
2.73585
3.51944
3.47929
3.4406
3.40336
3.3675
3.33295
3.29966
3.26757
3.23662
3.20677
3.17796
3.15014
3.12328
3.09734
3.07226
3.04803
3.02459
3.00192
2.97999
2.95876
2.93821
2.91831
2.89904
2.88036
2.86227
2.84473
2.82772
2.81123
2.79523
2.77971
2.76465
2.75003
2.73584
3.51944
3.47929
3.4406
3.40336
3.3675
3.33295
3.29966
3.26757
3.23662
3.20677
3.17796
3.15014
3.12328
3.09733
3.07226
3.04802
3.02458
3.00191
2.97997
2.95874
2.93819
2.91829
2.89901
2.88033
2.86223
2.84469
2.82768
2.81118
2.79518
2.77965
2.76459
2.74997
2.73577
3.51944
3.47929
3.4406
3.40336
3.3675
3.33295
3.29966
3.26757
3.23663
3.20677
3.17797
3.15016
3.1233
3.09735
3.07228
3.04805
3.02461
3.00195
2.98001
2.95879
2.93824
2.91834
2.89907
2.8804
2.8623
2.84476
2.82775
2.81126
2.79526
2.77974
2.76468
2.75006
2.73586
3.51944
3.47929
3.4406
3.40336
3.3675
3.33295
3.29967
3.26758
3.23663
3.20678
3.17797
3.15016
3.1233
3.09735
3.07227
3.04803
3.0246
3.00192
2.97999
2.95876
2.93821
2.91831
2.89903
2.88035
2.86226
2.84471
2.82771
2.81121
2.79521
2.77969
2.76463
2.75001
2.73582
3.51944
3.47929
3.4406
3.40336
3.3675
3.33296
3.29968
3.26759
3.23666
3.20681
3.17801
3.15021
3.12337
3.09744
3.07238
3.04815
3.02473
3.00207
2.98015
2.95894
2.9384
2.91852
2.89926
2.8806
2.86252
2.84499
2.828
2.81152
2.79554
2.78004
2.76499
2.75039
2.73621
3.51944
3.47929
3.4406
3.40336
3.36751
3.33297
3.29968
3.2676
3.23665
3.2068
3.178
3.15019
3.12335
3.09741
3.07235
3.04813
3.02472
3.00208
2.98017
2.95898
2.93846
2.91861
2.89938
2.88075
2.86271
2.84522
2.82827
2.81184
2.79591
2.78045
2.76546
2.75092
2.7368
3.51944
3.47929
3.4406
3.40337
3.36753
3.333
3.29975
3.2677
3.23681
3.20702
3.17828
3.15055
3.12378
3.09792
3.07295
3.04883
3.02551
3.00297
2.98118
2.96011
2.93972
2.92
2.90091
2.88243
2.86453
2.84721
2.83042
2.81416
2.7984
2.78312
2.7683
2.75394
2.74
3.51944
3.47929
3.44061
3.40338
3.36754
3.33305
3.29985
3.26787
3.23707
3.2074
3.1788
3.15124
3.12468
3.09906
3.07436
3.05054
3.02756
3.00539
2.98399
2.96333
2.94339
2.92413
2.90552
2.88753
2.87015
2.85334
2.83709
2.82136
2.80614
2.79141
2.77715
2.76333
2.74995
3.51943
3.4793
3.44066
3.40356
3.36793
3.33373
3.30092
3.26945
3.23927
3.21033
3.1826
3.15602
3.13054
3.10612
3.0827
3.06024
3.03868
3.01799
2.99811
2.97901
2.96065
2.94298
2.92596
2.90958
2.89379
2.87856
2.86386
2.84967
2.83597
2.82273
2.80992
2.79753
2.78554
3.51942
3.47942
3.4412
3.4049
3.3706
3.33828
3.30787
3.2793
3.2525
3.22734
3.20372
3.18152
3.16062
3.14091
3.1223
3.10468
3.08798
3.0721
3.05699
3.04257
3.02879
3.01559
3.00294
2.99078
2.97909
2.96783
2.95697
2.94648
2.93634
2.92653
2.91702
2.90781
2.89887
3.5196
3.48202
3.44939
3.42176
3.39874
3.3798
3.36438
3.35187
3.34172
3.33348
3.32673
3.32117
3.31653
3.31258
3.30915
3.3061
3.30332
3.30072
3.29824
3.29581
3.29341
3.291
3.28856
3.28606
3.28351
3.28089
3.27819
3.27542
3.27258
3.26966
3.26667
3.26361
3.26049
3.53048
3.53941
3.57106
3.61691
3.67046
3.72745
3.78524
3.84228
3.89767
3.95081
4.00139
4.04925
4.09435
4.13672
4.17646
4.21366
4.24847
4.28101
4.31143
4.33984
4.36639
4.3912
4.41438
4.43605
4.4563
4.47524
4.49295
4.50952
4.52502
4.53954
4.55313
4.56587
4.57784
4.00123
4.78113
5.43773
6.00259
6.50118
6.94885
7.35584
7.72965
8.07592
8.39896
8.70211
8.98806
9.25894
9.51653
9.76226
9.99732
10.2227
10.4394
10.6479
10.8491
11.0433
11.2312
11.413
11.5893
11.7604
11.9264
12.0879
12.2449
12.3977
12.5466
12.6918
12.8333
12.9718
31.176
33.6247
36.0474
38.4444
40.8146
43.156
45.4657
47.7404
49.9768
52.1717
54.3222
56.4259
58.4804
60.4839
62.4346
64.3315
66.1735
67.96
69.6906
71.3653
72.984
74.5473
76.0555
77.5094
78.9097
80.2574
81.5535
82.7992
83.9956
85.144
86.2457
87.3025
88.3231
438.006
524.226
641.751
773.595
893.201
982.446
1033.72
1049.81
1038.97
1010.25
970.616
925.446
879.757
837.81
802.119
774.012
755.334
750.199
761.564
785.899
810.123
818.907
805.58
774.051
732.176
684.787
633.281
577.535
518.354
458.467
401.463
350.239
306.21
269.437
239.02
213.163
190.669
170.884
153.366
137.69
123.226
109.034
94.0815
77.835
60.8526
44.6864
30.9891
20.6708
13.8433
10.186
8.95561
9.18572
10.1581
11.4805
12.9505
14.4577
15.9365
17.3446
18.6527
19.8397
20.8918
21.803
22.578
23.232
23.7907
24.2873
24.7579
25.2325
25.7217
26.2067
26.6383
26.9837
27.276
27.6328
27.9989
28.3644
28.7548
29.1897
29.6509
30.1426
30.7439
31.3836
31.6541
30.9308
29.0861
26.3157
22.9133
19.339
16.0895
13.4221
11.3031
9.60398
8.2596
7.24329
6.49086
6.03802
5.81067
5.55533
5.22934
4.59669
98.8592
107.802
124.512
152.406
191.881
240.307
294.505
349.628
400.254
441.565
470.502
486.644
492.298
491.511
488.499
486.643
488.788
498.31
518.987
551.542
589.421
619.016
628.096
614.769
586.246
551.245
514.896
478.388
441.05
402.594
363.867
326.321
291.246
259.42
230.634
204.457
180.849
159.688
140.734
123.576
107.603
92.0865
76.4857
60.8586
45.9912
33.0093
22.7403
15.3699
10.6505
8.24017
7.59507
8.02151
9.00467
10.2587
11.6312
13.0364
14.4225
15.7563
17.0155
18.1837
19.2506
20.2118
21.0714
21.8421
22.5445
23.2049
23.8512
24.5058
25.1722
25.8223
26.3913
26.8064
27.0391
27.1628
27.348
27.5832
27.8544
28.1536
28.4815
28.9209
29.6289
30.4625
30.6248
29.5822
27.4117
24.4431
21.0574
17.696
14.7492
12.3708
10.4882
8.99282
7.8664
7.02632
6.37994
5.9587
5.77418
5.5603
5.26975
4.62498
20.4173
20.915
21.8445
23.7853
27.5311
33.8619
43.3517
56.1522
71.8376
89.5822
108.509
127.403
145.342
162.046
177.897
193.754
210.875
230.842
255.814
287.05
322.57
355.818
378.49
385.635
379.281
365.136
348.137
330.59
312.646
293.697
273.449
252.191
230.545
209.056
187.789
167.28
147.934
129.96
113.381
98.0338
83.5996
69.7475
56.3681
43.7502
32.5011
23.2236
16.1958
11.293
8.20751
6.6893
6.41064
6.9191
7.8568
9.01419
10.2737
11.5662
12.8492
14.0957
15.2881
16.4146
17.4675
18.4446
19.3495
20.1928
20.9911
21.7653
22.5388
23.3322
24.1517
24.9742
25.7365
26.3433
26.7088
26.8131
26.7615
26.8019
26.9533
27.1497
27.3596
27.7042
28.435
29.4222
29.4762
28.1911
25.7862
22.7092
19.4022
16.2717
13.6101
11.4922
9.82745
8.51925
7.53551
6.80302
6.24633
5.90721
5.74842
5.5606
5.31601
4.67687
8.59297
8.62028
8.64489
8.69645
8.84635
9.23487
10.0521
11.4872
13.7245
16.8396
20.709
25.3609
30.8366
37.1949
44.5484
53.1017
63.1963
75.3377
90.1609
108.231
129.134
150.757
169.319
181.465
186.752
187.18
185.182
182.207
178.557
173.876
167.721
159.899
150.514
139.693
127.826
115.482
103.125
91.0745
79.4981
68.43
57.8221
47.6529
38.0479
29.3119
21.8211
15.8387
11.396
8.31774
6.38335
5.4647
5.40013
5.91691
6.77366
7.8171
8.95534
10.1313
11.3084
12.4634
13.5815
14.6535
15.6742
16.6424
17.5621
18.4421
19.2958
20.1403
20.9961
21.8841
22.8167
23.7827
24.7316
25.5668
26.1707
26.4573
26.4294
26.2533
26.1861
26.2566
26.4056
26.7287
27.5139
28.374
28.2502
26.7743
24.2272
21.128
17.9494
15.0561
12.6584
10.7739
9.29797
8.1326
7.24507
6.60641
6.13735
5.86782
5.72565
5.54518
5.33612
4.72625
5.60671
5.61652
5.62623
5.63453
5.64385
5.66592
5.72597
5.86225
6.12836
6.57792
7.19441
8.00134
9.04147
10.3769
12.0927
14.3031
17.1606
20.8645
25.6283
31.6731
39.0186
47.2302
55.3049
62.1221
67.1406
70.6767
73.4534
76.0056
78.4091
80.365
81.4439
81.2976
79.7462
76.7294
72.5095
67.3758
61.6119
55.4599
49.1021
42.6654
36.2544
30.0016
24.1029
18.8005
14.3119
10.7513
8.09821
6.23609
5.05148
4.51006
4.55657
5.03747
5.79332
6.71285
7.72439
8.78058
9.84952
10.9101
11.9489
12.9583
13.9343
14.877
15.7901
16.6815
17.5625
18.4478
19.3556
20.3073
21.3209
22.3967
23.5011
24.5502
25.4161
25.9693
26.1434
25.9982
25.7732
25.7211
25.9316
26.3336
26.9268
27.448
27.0478
25.3925
22.7667
19.7081
16.6896
14.0288
11.8684
10.1841
8.86342
7.81234
7.00477
6.44537
6.05458
5.84485
5.71583
5.52958
5.32979
4.74934
4.33533
4.33859
4.34227
4.34596
4.34925
4.3526
4.35814
4.37084
4.40034
4.45926
4.55213
4.6863
4.87533
5.13813
5.4986
5.98899
6.65152
7.53957
8.7102
10.2263
12.1093
14.2236
16.4373
18.5833
20.5246
22.2795
24.0132
25.9191
28.079
30.392
32.6109
34.4399
35.6245
36.0502
35.7035
34.6194
32.8772
30.5783
27.8315
24.7513
21.4669
18.1291
14.9085
11.9765
9.46836
7.45065
5.91646
4.81185
4.0931
3.77616
3.86701
4.28824
4.93601
5.72967
6.6137
7.54922
8.50845
9.47197
10.4271
11.3666
12.2873
13.1896
14.0775
14.9582
15.8418
16.7414
17.6741
18.6613
19.725
20.8758
22.097
23.3263
24.4464
25.3061
25.7757
25.8192
25.6135
25.5078
25.712
26.1086
26.5133
26.6527
25.929
24.1002
21.4379
18.4603
15.6154
13.1713
11.2165
9.69936
8.50746
7.55442
6.82018
6.32348
6.00004
5.83901
5.72123
5.52735
5.32045
4.75097
3.66445
3.66329
3.66206
3.66089
3.65939
3.65735
3.65473
3.65188
3.65007
3.65151
3.65822
3.67364
3.70219
3.74936
3.82244
3.93094
4.0868
4.30444
4.59945
4.98767
5.47507
6.01727
6.59199
7.17873
7.75732
8.33116
8.94306
9.66822
10.5798
11.7007
12.9751
14.2788
15.465
16.4219
17.054
17.2949
17.1147
16.5174
15.5376
14.2376
12.7092
11.0575
9.39966
7.84901
6.49195
5.37326
4.49829
3.84825
3.41173
3.22158
3.31519
3.66486
4.20505
4.8769
5.63729
6.45464
7.30513
8.17107
9.04022
9.90526
10.763
11.6141
12.4622
13.3144
14.1798
15.0707
16.0031
16.9982
18.0802
19.2668
20.5559
21.909
23.2341
24.3865
25.1994
25.5484
25.5031
25.396
25.5336
25.8692
26.1222
25.9318
24.9018
22.9224
20.2591
17.3885
14.7175
12.4673
10.6862
9.3072
8.22337
7.35694
6.68945
6.24311
5.9759
5.85151
5.73985
5.53737
5.31912
4.74416
3.27695
3.27214
3.26719
3.26217
3.25691
3.25127
3.24509
3.23823
3.23072
3.22276
3.21476
3.20762
3.2033
3.20365
3.21103
3.22857
3.26021
3.31069
3.38526
3.48915
3.62504
3.78328
3.95648
4.13823
4.32226
4.50932
4.71247
4.96008
5.29168
5.7416
6.31691
6.98865
7.69705
8.36482
8.92327
9.31211
9.48601
9.42006
9.11294
8.58766
7.8872
7.07318
6.22795
5.41829
4.69248
4.07732
3.58093
3.19967
2.93327
2.81239
2.88557
3.15885
3.59539
4.15234
4.79575
5.49997
6.24487
7.01463
7.79751
8.58588
9.37618
10.1685
10.9665
11.7767
12.6079
13.4716
14.3833
15.3632
16.4364
17.6254
18.9388
20.3577
21.8192
23.2032
24.3406
25.0538
25.2971
25.3019
25.3931
25.6209
25.7121
25.245
23.9552
21.8623
19.2315
16.4857
13.9824
11.902
10.2656
9.00006
8.00753
7.2169
6.60828
6.20422
5.98319
5.88513
5.77402
5.55957
5.32784
4.73838
3.04405
3.03612
3.02811
3.01999
3.01175
3.00327
2.99441
2.98504
2.97506
2.96437
2.95305
2.9417
2.93076
2.92078
2.91256
2.90714
2.9059
2.9105
2.92293
2.94531
2.97922
3.02351
3.07625
3.13407
3.19426
3.2565
3.32463
3.40883
3.52692
3.70035
3.94368
4.2562
4.61544
4.98581
5.32848
5.60461
5.78078
5.83363
5.75338
5.54506
5.22622
4.83217
4.40858
3.99094
3.6054
3.26839
2.98762
2.76472
2.60176
2.51953
2.56329
2.76065
3.09891
3.54863
4.08277
4.68019
5.32401
6.00039
6.6983
7.40987
8.1308
8.86047
9.60176
10.3606
11.1456
11.9677
12.8416
13.7868
14.8283
15.9914
17.2929
18.7295
20.2636
21.8058
23.2062
24.2744
24.8799
25.1232
25.2669
25.4063
25.3179
24.598
23.0895
20.9176
18.3464
15.7374
13.3936
11.4611
9.94493
8.77308
7.85718
7.1317
6.57489
6.20745
6.02335
5.94125
5.82523
5.59536
5.34684
4.7372
2.90376
2.89308
2.88237
2.87162
2.86081
2.84988
2.83872
2.82725
2.8154
2.80306
2.79023
2.77727
2.76431
2.7515
2.73906
2.72734
2.71677
2.70792
2.70154
2.69861
2.7003
2.70661
2.71673
2.72944
2.74372
2.75928
2.77717
2.80074
2.83709
2.89706
2.99173
3.12634
3.29436
3.48131
3.66697
3.82904
3.94679
4.00414
3.99198
3.90901
3.76244
3.57401
3.36399
3.14985
2.94578
2.76186
2.60391
2.47446
2.37527
2.31716
2.3332
2.46035
2.70691
3.05693
3.48947
3.98676
4.53456
5.12094
5.7359
6.37159
7.023
7.68846
8.3698
9.07211
9.80329
10.5739
11.3977
12.2932
13.2843
14.3981
15.6572
17.0709
18.623
20.2534
21.8417
23.2116
24.1894
24.7594
25.0786
25.219
24.9808
24.0253
22.324
20.0931
17.5949
15.1269
12.9338
11.1313
9.71635
8.62242
7.77065
7.10089
6.58967
6.25419
6.09834
6.02155
5.89417
5.64556
5.37725
4.74229
2.82028
2.80731
2.79436
2.78143
2.76847
2.75547
2.74237
2.72911
2.71561
2.70183
2.68787
2.67383
2.65976
2.64567
2.63164
2.61775
2.60412
2.59094
2.57846
2.56714
2.55765
2.55012
2.54422
2.5395
2.53559
2.53237
2.53014
2.52989
2.53405
2.54718
2.57544
2.62358
2.69198
2.77582
2.8657
2.94968
3.01566
3.05345
3.05614
3.0214
2.95491
2.86541
2.76162
2.65213
2.5446
2.44493
2.35688
2.28237
2.22253
2.18174
2.1786
2.24698
2.4105
2.66827
3.00646
3.41025
3.8673
4.36739
4.90171
5.46283
6.04529
6.64633
7.2665
7.90968
8.58285
9.29579
10.0615
10.8971
11.825
12.8723
14.0653
15.4228
16.9459
18.6016
20.3024
21.8999
23.2131
24.1443
24.7391
25.0018
24.7054
23.5599
21.6887
19.4046
16.9759
14.6419
12.5883
10.9013
9.5734
8.5453
7.74768
7.12567
6.65452
6.34708
6.21114
6.12818
5.98154
5.70958
5.41898
4.75435
2.77266
2.75787
2.74314
2.72846
2.71378
2.6991
2.68439
2.6696
2.65469
2.63964
2.62449
2.60935
2.59423
2.57912
2.564
2.54889
2.53381
2.51879
2.50397
2.48969
2.47621
2.46348
2.45138
2.43975
2.42846
2.41748
2.4069
2.39705
2.38862
2.3832
2.38334
2.39186
2.41058
2.43891
2.47343
2.50858
2.53782
2.55512
2.55595
2.54028
2.50953
2.46644
2.41475
2.35865
2.30212
2.2484
2.19961
2.15686
2.12074
2.09275
2.08072
2.10698
2.20008
2.37392
2.62461
2.94116
3.3128
3.73056
4.18683
4.6749
5.18929
5.72641
6.28541
6.86872
7.48201
8.13404
8.83678
9.60601
10.4625
11.4321
12.5426
13.8189
15.2752
16.9018
18.644
20.3885
21.9712
23.2504
24.1787
24.6786
24.4566
23.2121
21.2091
18.8736
16.4984
14.2798
12.3497
10.7649
9.51277
8.5413
7.7899
7.20873
6.77281
6.49179
6.36315
6.2625
6.08808
5.78671
5.4704
4.77255
2.74643
2.73034
2.71431
2.69832
2.68237
2.66642
2.65048
2.63451
2.61848
2.60238
2.58631
2.57028
2.55427
2.53828
2.52228
2.50627
2.49024
2.47417
2.45813
2.44234
2.42698
2.41197
2.39725
2.38273
2.36837
2.35412
2.34004
2.32622
2.31286
2.30041
2.28966
2.28184
2.27813
2.27905
2.28388
2.29058
2.29628
2.29821
2.29477
2.28478
2.26804
2.24536
2.21822
2.18852
2.15814
2.12868
2.1012
2.07613
2.05365
2.03426
2.02055
2.02294
2.06359
2.16493
2.33536
2.57056
2.86198
3.20159
3.58266
3.99938
4.44665
4.92051
5.41898
5.94285
6.49619
7.08632
7.72393
8.42341
9.20371
10.0889
11.1068
12.2851
13.647
15.2006
16.9211
18.7326
20.5031
22.0804
23.3564
24.1796
24.1748
22.9637
20.8942
18.5185
16.1781
14.0488
12.2207
10.723
9.53635
8.61359
7.90124
7.3542
6.94833
6.68649
6.55472
6.42487
6.21376
5.87619
5.52939
4.79466
2.733
2.71604
2.69912
2.68224
2.66539
2.64856
2.63172
2.61488
2.59802
2.58112
2.56424
2.54742
2.53065
2.51391
2.49718
2.48045
2.46368
2.44686
2.43007
2.4135
2.39715
2.38098
2.36496
2.34906
2.33323
2.31747
2.30179
2.2862
2.27076
2.25557
2.24081
2.22686
2.21419
2.2032
2.19399
2.18626
2.17944
2.17247
2.16429
2.15411
2.14159
2.12682
2.1103
2.09273
2.0749
2.05745
2.04076
2.02491
2.00977
1.99543
1.9827
1.97518
1.98431
2.03012
2.13022
2.29025
2.50643
2.77213
3.08122
3.4286
3.80981
4.22104
4.65963
5.12498
5.61935
6.1483
6.72085
7.34972
8.05199
8.84969
9.76934
10.8398
12.0889
13.5374
15.1843
16.9894
18.8603
20.6611
22.2584
23.4514
23.7924
22.7739
20.7332
18.3467
16.0299
13.9637
12.2129
10.7848
9.65196
8.76908
8.0876
7.56715
7.18369
6.93116
6.78595
6.61486
6.35735
5.97627
5.59335
4.81768
2.72633
2.70883
2.69137
2.67392
2.6565
2.63908
2.62167
2.60425
2.58682
2.56939
2.55199
2.53465
2.51734
2.50006
2.48278
2.4655
2.44819
2.43083
2.41348
2.39629
2.37927
2.36238
2.3456
2.32892
2.3123
2.29574
2.27923
2.26275
2.24632
2.22994
2.21363
2.19744
2.1815
2.16613
2.15169
2.13825
2.12569
2.11374
2.10205
2.0903
2.07826
2.06587
2.05324
2.04056
2.02806
2.0159
2.00411
1.99255
1.98097
1.96922
1.95754
1.94707
1.94195
1.95332
1.99864
2.09219
2.23844
2.43442
2.67501
2.95554
3.27213
3.62142
4.00066
4.40833
4.84507
5.31449
5.82359
6.38313
7.00805
7.7181
8.53789
9.49575
10.6217
11.9437
13.4781
15.2149
17.1014
19.0362
20.8927
22.457
23.2405
22.584
20.698
18.3522
16.0616
14.0387
12.3419
10.9641
9.87095
9.01646
8.35514
7.85034
7.47722
7.22248
7.05335
6.83043
6.51591
6.08354
5.6584
4.83774
2.7233
2.70551
2.68773
2.66996
2.65219
2.63443
2.61667
2.59889
2.5811
2.5633
2.54552
2.52778
2.51009
2.49241
2.47474
2.45707
2.43937
2.42165
2.40398
2.38643
2.36898
2.35162
2.33436
2.31717
2.30005
2.28299
2.26596
2.24896
2.23198
2.21498
2.19794
2.18085
2.16389
2.14729
2.1312
2.11571
2.10087
2.08669
2.07313
2.06011
2.04757
2.03549
2.02386
2.01269
2.00199
1.99172
1.98173
1.9718
1.96165
1.95103
1.9399
1.92865
1.91861
1.91395
1.92483
1.96626
2.05041
2.18135
2.35705
2.57363
2.82757
3.11597
3.43638
3.78698
4.16727
4.57904
5.02714
5.52004
6.07029
6.69508
7.41658
8.26158
9.26014
10.4435
11.8393
13.4604
15.2886
17.2631
19.2881
21.1769
22.4507
22.316
20.7409
18.5158
16.271
14.2815
12.619
11.2725
10.2026
9.36216
8.70707
8.20264
7.82478
7.55421
7.3486
7.06783
6.68427
6.1925
5.71878
4.84965
2.72185
2.70391
2.68596
2.66801
2.65006
2.6321
2.61413
2.59616
2.57816
2.56017
2.54219
2.52425
2.50632
2.48841
2.47049
2.45257
2.43463
2.41667
2.39873
2.3809
2.36315
2.34549
2.32791
2.31039
2.29294
2.27555
2.25818
2.24084
2.22349
2.20612
2.18867
2.17123
2.154
2.13708
2.12052
2.1044
2.0888
2.07378
2.05938
2.04565
2.0326
2.02024
2.00857
1.99756
1.98714
1.97719
1.96754
1.95794
1.94811
1.9378
1.92684
1.91533
1.90372
1.89335
1.88809
1.89682
1.93245
2.00574
2.12085
2.27669
2.47047
2.69961
2.96204
3.25612
3.58082
3.93658
4.32623
4.75585
5.23536
5.77914
6.40656
7.14196
8.01392
9.05438
10.2969
11.7698
13.4819
15.4091
17.4976
19.6193
21.3635
21.8671
20.7806
18.7948
16.6411
14.6879
13.0458
11.7125
10.6482
9.80529
9.14042
8.61976
8.22076
7.92126
7.66017
7.30999
6.85161
6.29441
5.76627
4.84661
2.7212
2.70318
2.68515
2.66711
2.64906
2.63101
2.61293
2.59485
2.57674
2.55863
2.54051
2.52242
2.50435
2.48628
2.46821
2.45014
2.43205
2.41395
2.3959
2.37792
2.36
2.34214
2.32435
2.30662
2.28895
2.27132
2.25372
2.23613
2.21854
2.2009
2.18318
2.16562
2.14829
2.13125
2.11454
2.09823
2.08238
2.06705
2.05231
2.0382
2.02478
2.01206
2.00006
1.98875
1.97804
1.96781
1.9579
1.94807
1.93806
1.92765
1.91664
1.90497
1.89279
1.88058
1.86958
1.86315
1.86881
1.89766
1.95949
2.05879
2.19542
2.36756
2.57345
2.81178
3.0816
3.38261
3.71608
4.0858
4.499
4.96711
5.50637
6.13807
6.88828
7.78773
8.8719
10.1778
11.7332
13.5435
15.5958
17.8296
19.9489
21.1209
20.6893
19.1014
17.1232
15.2322
13.6073
12.2729
11.1973
10.3355
9.64549
9.09369
8.65699
8.30876
7.97438
7.54409
7.00661
6.37817
5.79013
4.82032
2.72082
2.70276
2.68468
2.66659
2.64849
2.63038
2.61225
2.59411
2.57595
2.55778
2.53961
2.52146
2.50331
2.48516
2.46701
2.44886
2.43068
2.4125
2.39435
2.37626
2.35823
2.34025
2.32233
2.30446
2.28664
2.26885
2.25109
2.23333
2.21555
2.19772
2.17992
2.16229
2.14491
2.12781
2.11104
2.09464
2.07867
2.06318
2.04824
2.03388
2.02017
2.00712
1.99474
1.98301
1.97185
1.96116
1.95079
1.94053
1.93016
1.91946
1.90827
1.89648
1.88408
1.87123
1.85837
1.84662
1.83876
1.84097
1.86271
1.91304
1.99687
2.11503
2.26658
2.45055
2.6663
2.91354
3.19263
3.50551
3.85681
4.25493
4.71281
5.2484
5.88464
6.64974
7.57802
8.70941
10.0834
11.7286
13.6646
15.8877
18.2288
19.9847
20.3057
19.2905
17.6182
15.8527
14.2633
12.9248
11.827
10.9341
10.2078
9.61401
9.12473
8.70604
8.28051
7.7578
7.13491
6.42873
5.77642
4.76106
2.72058
2.7025
2.6844
2.66629
2.64816
2.63002
2.61186
2.59369
2.5755
2.5573
2.53909
2.52089
2.50269
2.48449
2.46629
2.44808
2.42987
2.41165
2.39347
2.37533
2.35724
2.33918
2.32118
2.30321
2.28529
2.26739
2.24951
2.23162
2.21371
2.19574
2.17789
2.16024
2.14283
2.12569
2.10886
2.09239
2.07633
2.06072
2.04561
2.03105
2.01708
2.00372
1.99097
1.97882
1.9672
1.95602
1.94515
1.93442
1.92364
1.91262
1.9012
1.88926
1.87675
1.8637
1.85025
1.83681
1.8243
1.81497
1.81371
1.82849
1.86767
1.93662
2.03708
2.169
2.33214
2.52654
2.75253
3.01102
3.3045
3.63835
4.022
4.46982
5.00135
5.64161
6.42195
7.38116
8.56387
10.0152
11.7781
13.8865
16.2773
18.4313
19.4828
19.178
17.9723
16.4404
14.9402
13.6172
12.5003
11.5729
10.8059
10.1667
9.61789
9.1082
8.56917
7.9374
7.21609
6.42559
5.70796
4.65793
2.72039
2.70229
2.68418
2.66605
2.6479
2.62974
2.61156
2.59337
2.57517
2.55695
2.53872
2.5205
2.50228
2.48405
2.46583
2.44759
2.42935
2.41111
2.3929
2.37472
2.35658
2.33848
2.32041
2.30238
2.28438
2.2664
2.24843
2.23046
2.21244
2.19444
2.17659
2.15894
2.14151
2.12433
2.10746
2.09092
2.07476
2.05903
2.04377
2.02901
2.01479
2.00114
1.98805
1.9755
1.96345
1.95181
1.94048
1.9293
1.91812
1.90677
1.89512
1.88303
1.87044
1.85733
1.84373
1.82979
1.81585
1.80266
1.79196
1.78751
1.79583
1.82453
1.87936
1.96297
2.07614
2.21936
2.39336
2.59904
2.83785
3.11269
3.42948
3.79851
4.23543
4.76165
5.40506
6.20133
7.19536
8.44038
9.99411
11.9123
14.1986
16.5132
18.1366
18.5803
17.9885
16.8337
15.5193
14.2657
13.1567
12.2065
11.4017
10.7143
10.0993
9.49292
8.82406
8.05743
7.21821
6.34166
5.56549
4.50076
2.72023
2.70212
2.684
2.66585
2.64769
2.62952
2.61133
2.59313
2.57491
2.55668
2.53845
2.5202
2.50196
2.48372
2.46547
2.44722
2.42896
2.41071
2.39249
2.37429
2.35612
2.33797
2.31986
2.30178
2.28372
2.26568
2.24765
2.22959
2.21151
2.19353
2.17571
2.15806
2.14063
2.12343
2.10651
2.0899
2.07365
2.0578
2.04238
2.02743
2.01299
1.99906
1.98565
1.97275
1.96031
1.94826
1.93651
1.92494
1.9134
1.90175
1.88987
1.87764
1.86498
1.85186
1.83827
1.82425
1.80992
1.79558
1.78183
1.76997
1.76279
1.76541
1.7846
1.82628
1.89393
1.98921
2.1133
2.26757
2.45356
2.67317
2.92964
3.22919
3.58274
4.00721
4.52634
5.17196
5.98635
7.02464
8.35309
10.0386
12.1065
14.3546
16.2862
17.3664
17.4551
16.8176
15.8196
14.7284
13.6847
12.743
11.9115
11.1707
10.4748
9.75296
8.9392
8.03354
7.08654
6.14398
5.33138
4.28394
2.72009
2.70198
2.68384
2.66569
2.64752
2.62934
2.61114
2.59293
2.5747
2.55646
2.53821
2.51996
2.50171
2.48345
2.46519
2.44692
2.42865
2.4104
2.39216
2.37393
2.35573
2.33756
2.31941
2.30129
2.28319
2.26509
2.247
2.22889
2.21083
2.1929
2.17511
2.15748
2.14004
2.12282
2.10585
2.08918
2.07284
2.05687
2.04131
2.02619
2.01153
1.99736
1.98367
1.97045
1.95767
1.94526
1.93315
1.92123
1.90937
1.89747
1.88538
1.87303
1.86032
1.8472
1.83366
1.81971
1.80538
1.7908
1.77618
1.76201
1.74925
1.73989
1.73778
1.74865
1.77835
1.83109
1.90934
2.01499
2.15003
2.31658
2.51701
2.75482
3.0364
3.37319
3.78338
4.29356
4.9411
5.77858
6.87611
8.30844
10.0968
12.1237
14.084
15.5471
16.2303
16.1701
15.6056
14.7879
13.8907
13.0058
12.1682
11.3739
10.587
9.74686
8.80404
7.79176
6.77851
5.81214
4.99952
4.00892
2.71997
2.70184
2.6837
2.66554
2.64736
2.62917
2.61096
2.59274
2.57451
2.55626
2.53801
2.51975
2.50148
2.48322
2.46495
2.44667
2.4284
2.41012
2.39186
2.37362
2.3554
2.3372
2.31902
2.30086
2.28272
2.26459
2.24645
2.22835
2.21036
2.19247
2.1747
2.15708
2.13964
2.1224
2.10539
2.08866
2.07224
2.05617
2.04048
2.0252
2.01036
1.99597
1.98204
1.96855
1.95548
1.94277
1.93035
1.91814
1.90603
1.8939
1.88166
1.8692
1.85646
1.84337
1.82991
1.81607
1.80187
1.78736
1.77263
1.75788
1.74346
1.73008
1.71911
1.71332
1.71727
1.7364
1.77539
1.83754
1.92541
2.04156
2.18863
2.36943
2.58774
2.85022
3.1688
3.56304
4.06279
4.71297
5.57926
6.74021
8.22321
9.961
11.7601
13.3217
14.3675
14.7925
14.6818
14.2067
13.5274
12.7537
11.9454
11.1216
10.2691
9.35146
8.34289
7.29569
6.28378
5.35021
4.58135
3.68746
2.71988
2.70176
2.68361
2.66544
2.64725
2.62905
2.61084
2.59261
2.57437
2.55612
2.53786
2.51959
2.50131
2.48303
2.46475
2.44646
2.42818
2.4099
2.39163
2.37338
2.35513
2.33691
2.3187
2.30052
2.28234
2.26418
2.24604
2.22798
2.21002
2.19215
2.1744
2.15679
2.13934
2.12209
2.10505
2.08828
2.0718
2.05564
2.03984
2.02444
2.00944
1.99488
1.98075
1.96705
1.95374
1.94079
1.92814
1.9157
1.90338
1.8911
1.87874
1.86622
1.85347
1.84043
1.82708
1.81339
1.79937
1.78505
1.77048
1.75575
1.74101
1.72653
1.7128
1.70077
1.69232
1.69083
1.70101
1.72764
1.77469
1.84543
1.94293
2.07025
2.23061
2.42823
2.67022
2.96905
3.34558
3.83356
4.48568
5.37005
6.5296
7.94374
9.49041
10.958
12.1188
12.8259
13.0608
12.9019
12.4615
11.841
11.1129
10.3183
9.46917
8.5554
7.57146
6.57532
5.63638
4.79046
4.10564
3.33966
2.71979
2.70166
2.6835
2.66532
2.64713
2.62892
2.6107
2.59247
2.57422
2.55596
2.53769
2.51942
2.50115
2.48286
2.46458
2.44629
2.428
2.40971
2.39142
2.37315
2.35488
2.33664
2.31841
2.3002
2.28202
2.26387
2.24578
2.22775
2.20981
2.19196
2.17422
2.15662
2.13917
2.1219
2.10485
2.08804
2.07152
2.0553
2.03943
2.02393
2.00883
1.99413
1.97986
1.966
1.95252
1.9394
1.92658
1.91398
1.90154
1.88915
1.87674
1.86421
1.85151
1.83857
1.82536
1.81186
1.79808
1.78402
1.76972
1.75524
1.74065
1.72606
1.71169
1.69787
1.68524
1.67501
1.66954
1.6725
1.68837
1.72151
1.77582
1.85483
1.96198
2.10096
2.27657
2.4964
2.77351
3.13017
3.60229
4.23854
5.08298
6.14985
7.38318
8.64388
9.7511
10.5544
10.9841
11.0525
10.8223
10.3714
9.77032
9.07105
8.30244
7.47321
6.59155
5.71446
4.9023
4.18346
3.61052
2.98886
2.71978
2.70164
2.68348
2.6653
2.6471
2.62889
2.61066
2.59242
2.57417
2.55591
2.53763
2.51935
2.50106
2.48276
2.46447
2.44617
2.42787
2.40957
2.39128
2.37299
2.35472
2.33646
2.31822
2.3
2.28182
2.26368
2.2456
2.22759
2.20966
2.19183
2.1741
2.15651
2.13907
2.12182
2.10477
2.08796
2.07142
2.05518
2.03927
2.02373
2.00857
1.99381
1.97945
1.9655
1.95194
1.93873
1.92583
1.91317
1.90068
1.88829
1.87591
1.86346
1.85088
1.83811
1.82512
1.81188
1.79839
1.78467
1.77072
1.75659
1.74234
1.72802
1.71373
1.69961
1.6859
1.67301
1.6617
1.65345
1.6509
1.65778
1.67841
1.71707
1.77778
1.86442
1.98119
2.13341
2.3292
2.58202
2.9135
3.353
3.93231
4.67454
5.56778
6.54144
7.47362
8.23411
8.73232
8.93818
8.87311
8.58747
8.13945
7.58032
6.94605
6.25591
5.52606
4.80868
4.15354
3.58182
3.13277
2.65601
2.7197
2.70156
2.68339
2.66521
2.64701
2.62879
2.61056
2.59231
2.57405
2.55579
2.53752
2.51924
2.50095
2.48267
2.46438
2.44608
2.42779
2.4095
2.3912
2.37292
2.35465
2.3364
2.31817
2.29997
2.2818
2.26369
2.24563
2.22764
2.20973
2.19192
2.17422
2.15665
2.13924
2.12201
2.10499
2.0882
2.07168
2.05547
2.03958
2.02405
2.00889
1.99414
1.97979
1.96585
1.95229
1.9391
1.92623
1.91363
1.90123
1.88895
1.87672
1.86447
1.85214
1.83965
1.82699
1.81412
1.80102
1.78771
1.7742
1.76051
1.74668
1.73276
1.71881
1.70489
1.6911
1.67761
1.66464
1.65264
1.6425
1.63588
1.63555
1.64525
1.6693
1.71213
1.77816
1.87208
1.99964
2.16913
2.39278
2.68626
3.06773
3.55381
4.14739
4.82073
5.50822
6.12134
6.57927
6.83409
6.87764
6.73286
6.43914
6.03839
5.56479
5.04073
4.4855
3.94324
3.45303
3.02958
2.70101
2.35741
2.71979
2.70165
2.68349
2.6653
2.6471
2.62888
2.61065
2.5924
2.57414
2.55587
2.53759
2.5193
2.50101
2.48271
2.46441
2.4461
2.4278
2.40949
2.3912
2.37292
2.35465
2.33642
2.31821
2.30003
2.2819
2.26382
2.24581
2.22786
2.21
2.19224
2.1746
2.1571
2.13976
2.1226
2.10566
2.08896
2.07254
2.05642
2.04063
2.02521
2.01017
1.99554
1.98132
1.96752
1.95413
1.94112
1.92845
1.91607
1.90393
1.89195
1.88007
1.8682
1.85628
1.84425
1.83207
1.8197
1.80711
1.79431
1.7813
1.7681
1.75472
1.74122
1.72763
1.71401
1.7004
1.68688
1.67352
1.66045
1.6479
1.63634
1.62668
1.62066
1.62114
1.63205
1.65795
1.70372
1.77447
1.87612
2.01594
2.20199
2.44335
2.74852
3.12065
3.54936
4.00363
4.43388
4.78532
5.01513
5.10337
5.05386
4.88735
4.63168
4.31281
3.95047
3.5635
3.18634
2.84788
2.55752
2.33434
2.10618
2.71975
2.70161
2.68345
2.66527
2.64708
2.62886
2.61064
2.59241
2.57417
2.55592
2.53767
2.51941
2.50115
2.48289
2.46463
2.44636
2.42811
2.40985
2.39161
2.37338
2.35517
2.33698
2.31883
2.30072
2.28266
2.26465
2.24671
2.22885
2.21108
2.19343
2.1759
2.15852
2.14132
2.12431
2.10753
2.09101
2.07478
2.05887
2.04331
2.02813
2.01336
1.99902
1.98511
1.97165
1.95863
1.94602
1.93379
1.92189
1.91026
1.89884
1.88755
1.8763
1.86503
1.85366
1.84213
1.83038
1.81838
1.8061
1.79354
1.78072
1.76765
1.75439
1.74098
1.72747
1.71393
1.70038
1.68687
1.67343
1.66007
1.6469
1.63406
1.62193
1.61144
1.60449
1.6042
1.61481
1.64127
1.6889
1.76304
1.86869
2.01058
2.19237
2.41496
2.67312
2.95187
3.22561
3.46268
3.63399
3.72107
3.71966
3.63785
3.49081
3.29501
3.06531
2.81805
2.57765
2.36385
2.18237
2.04497
1.91577
2.72016
2.70205
2.68391
2.66576
2.6476
2.62942
2.61123
2.59303
2.57482
2.5566
2.53838
2.52016
2.50193
2.48371
2.46549
2.44727
2.42905
2.41086
2.3927
2.37456
2.35645
2.33838
2.32036
2.30239
2.28447
2.26663
2.24886
2.23119
2.21363
2.1962
2.17891
2.16179
2.14486
2.12816
2.11171
2.09554
2.07969
2.0642
2.04908
2.03439
2.02014
2.00636
1.99306
1.98025
1.96792
1.95605
1.9446
1.93353
1.92276
1.91223
1.90182
1.89145
1.88101
1.87039
1.85949
1.84825
1.83659
1.82449
1.81195
1.799
1.7857
1.77214
1.75839
1.74456
1.73073
1.71695
1.70324
1.68958
1.67593
1.66224
1.64842
1.63442
1.62029
1.60643
1.59388
1.5847
1.58223
1.5909
1.61561
1.66109
1.73111
1.82785
1.95121
2.09769
2.25905
2.42174
2.56842
2.68176
2.74886
2.76412
2.72938
2.6518
2.541
2.40754
2.26414
2.12669
2.00784
1.91149
1.84296
1.80321
2.72083
2.7028
2.68475
2.6667
2.64864
2.63058
2.61252
2.59446
2.5764
2.55835
2.5403
2.52226
2.50423
2.48621
2.4682
2.45021
2.43223
2.41428
2.39636
2.37847
2.36063
2.34283
2.32509
2.30741
2.28981
2.27229
2.25487
2.23757
2.2204
2.20337
2.18653
2.16988
2.15345
2.13729
2.12141
2.10586
2.09068
2.07589
2.06154
2.04767
2.03429
2.02144
2.00913
1.99737
1.98613
1.9754
1.96511
1.9552
1.94556
1.93606
1.92656
1.91691
1.90693
1.89648
1.88543
1.87368
1.8612
1.84802
1.8342
1.81988
1.80523
1.79043
1.77566
1.76108
1.74682
1.73294
1.71942
1.70618
1.6931
1.68
1.66666
1.65287
1.63842
1.62319
1.6072
1.59072
1.57467
1.56113
1.55373
1.55723
1.57622
1.61371
1.67023
1.74354
1.82861
1.91764
2.00103
2.06895
2.11332
2.12967
2.11775
2.08097
2.02516
1.95776
1.88793
1.82553
1.77851
1.75077
1.74063
1.79255
2.72424
2.70647
2.68869
2.67092
2.65316
2.6354
2.61766
2.59992
2.5822
2.56449
2.54679
2.52911
2.51145
2.49381
2.47619
2.45861
2.44107
2.42358
2.40614
2.38876
2.37144
2.35419
2.33702
2.31993
2.30293
2.28605
2.26929
2.25267
2.23621
2.21994
2.20388
2.18805
2.1725
2.15725
2.14235
2.12783
2.11373
2.10009
2.08695
2.07434
2.06229
2.05081
2.03989
2.02952
2.01964
2.01016
2.00097
1.9919
1.98276
1.97332
1.96334
1.95258
1.94084
1.92798
1.91395
1.89878
1.88265
1.8658
1.84857
1.83134
1.81447
1.79829
1.78307
1.76899
1.75611
1.74438
1.73362
1.72356
1.71386
1.70416
1.69406
1.6832
1.67123
1.65786
1.64273
1.6254
1.60545
1.58301
1.55965
1.53903
1.5262
1.5254
1.53805
1.56292
1.59716
1.63623
1.67548
1.70978
1.73398
1.74518
1.74318
1.73016
1.71027
1.68896
1.67282
1.66794
1.67965
1.7139
1.7589
1.92532
2.73483
2.7178
2.7008
2.68382
2.66688
2.64996
2.63308
2.61622
2.5994
2.58261
2.56585
2.54912
2.53242
2.51576
2.49914
2.48255
2.46601
2.44953
2.43309
2.41672
2.40042
2.38419
2.36805
2.352
2.33607
2.32026
2.3046
2.2891
2.27379
2.25869
2.24383
2.22925
2.21498
2.20104
2.18749
2.17435
2.16165
2.14943
2.13769
2.12644
2.11565
2.10527
2.09522
2.08535
2.07548
2.06539
2.0548
2.04338
2.03081
2.0168
2.00111
1.9836
1.96429
1.94339
1.92128
1.89854
1.87587
1.85402
1.83373
1.81562
1.80018
1.7877
1.77828
1.7718
1.76791
1.76609
1.7657
1.76602
1.7663
1.76585
1.764
1.76022
1.75405
1.74502
1.73268
1.71653
1.69576
1.66968
1.63897
1.60694
1.57879
1.55662
1.54163
1.5343
1.53401
1.53897
1.54659
1.5537
1.55774
1.55939
1.56059
1.56359
1.57179
1.58899
1.61958
1.66729
1.73672
1.84079
1.949
2.29954
2.772
2.75677
2.74157
2.72641
2.71127
2.69615
2.68106
2.66599
2.65094
2.6359
2.62087
2.60585
2.59085
2.57589
2.56097
2.54607
2.53122
2.5164
2.50163
2.4869
2.47222
2.45759
2.44304
2.42856
2.41418
2.3999
2.38574
2.37172
2.35787
2.3442
2.33073
2.31748
2.30447
2.2917
2.27918
2.2669
2.2548
2.24284
2.23092
2.21891
2.20662
2.19383
2.18025
2.16557
2.14943
2.13149
2.11144
2.08908
2.06432
2.03731
2.00842
1.97829
1.94782
1.91814
1.89048
1.86608
1.84606
1.83132
1.82242
1.81966
1.8231
1.83248
1.84721
1.86644
1.88887
1.91289
1.93698
1.95953
1.97891
1.99408
2.00372
2.00763
2.00584
1.99849
1.98553
1.9665
1.94048
1.90653
1.86512
1.81993
1.77699
1.737
1.70068
1.66881
1.64202
1.62042
1.60327
1.58899
1.5768
1.56981
1.57577
1.59876
1.64092
1.70281
1.78696
1.89772
2.04504
2.26037
2.47795
3.19986
2.88875
2.87732
2.86586
2.85437
2.84284
2.83128
2.81967
2.808
2.79627
2.78449
2.77263
2.76071
2.74871
2.73664
2.72449
2.71226
2.69995
2.68756
2.67509
2.66253
2.6499
2.63718
2.62439
2.61151
2.59854
2.58548
2.57233
2.55906
2.54566
2.53209
2.51833
2.5043
2.48993
2.47513
2.45978
2.44372
2.42677
2.40873
2.38938
2.36849
2.34587
2.32136
2.29492
2.26663
2.23676
2.20587
2.17479
2.14467
2.11698
2.09338
2.07584
2.06638
2.06666
2.07787
2.10042
2.13393
2.17716
2.22797
2.28424
2.34429
2.40659
2.46984
2.5331
2.59598
2.65736
2.71579
2.76852
2.81054
2.83486
2.8433
2.83938
2.82525
2.80222
2.77105
2.73201
2.68487
2.6287
2.56225
2.48561
2.40277
2.32146
2.24365
2.17013
2.10203
2.04064
1.987
1.94169
1.90529
1.88028
1.8749
1.90389
1.97235
2.07778
2.21373
2.38976
2.62486
2.95546
3.44583
3.98035
5.51461
3.25672
3.25221
3.24742
3.24235
3.237
3.23136
3.22543
3.21919
3.21265
3.20578
3.19859
3.19106
3.18318
3.17495
3.16635
3.15737
3.14799
3.1382
3.12798
3.11731
3.10616
3.09449
3.08228
3.06947
3.05603
3.04189
3.02699
3.01127
2.99467
2.97711
2.95855
2.93896
2.91832
2.89671
2.87426
2.85122
2.828
2.80523
2.7838
2.76494
2.75028
2.74187
2.7423
2.75475
2.78297
2.83113
2.90374
3.0053
3.14011
3.31147
3.52435
3.77983
4.07611
4.40833
4.76825
5.14423
5.5214
5.88099
6.20815
6.49128
6.71563
6.8699
6.95015
6.95674
6.90791
6.84436
6.72862
6.56793
6.38559
6.19453
6.00238
5.81283
5.62663
5.44254
5.25821
5.0709
4.87793
4.67696
4.46671
4.24815
4.02601
3.80948
3.60965
3.43076
3.27375
3.13893
3.02958
2.95877
2.94032
2.9843
3.09966
3.28616
3.53639
3.86906
4.34754
5.04472
6.05426
7.41206
8.97016
12.0053
4.59064
4.60444
4.6176
4.63012
4.64202
4.65331
4.66401
4.67414
4.6837
4.69274
4.70128
4.70934
4.71697
4.7242
4.73108
4.73766
4.744
4.75016
4.75625
4.76236
4.76862
4.77519
4.78229
4.79017
4.79918
4.80976
4.82246
4.838
4.85729
4.88147
4.91197
4.95054
4.99937
5.06109
5.13887
5.23649
5.35839
5.50974
5.69644
5.92513
6.20319
6.53825
6.9393
7.4171
7.98166
8.64261
9.40891
10.2883
11.2866
12.4071
13.65
15.0115
16.4832
18.0511
19.6946
21.3853
23.085
24.7442
26.3014
27.6822
28.8003
29.5605
29.8753
29.6114
28.7931
27.7266
26.5448
25.3009
24.0322
22.7708
21.5394
20.3491
19.2015
18.092
17.0139
15.9612
14.9306
13.9221
12.9399
11.9915
11.0886
10.2454
9.47679
8.79729
8.21999
7.75788
7.42523
7.23445
7.18819
7.28164
7.52938
8.00453
8.84542
10.1884
12.1379
14.7193
17.932
21.4391
25.2332
29.7929
13.1302
13.31
13.4914
13.6744
13.8594
14.0465
14.2359
14.4277
14.6223
14.82
15.0211
15.2258
15.4348
15.6484
15.8674
16.0922
16.3238
16.5631
16.8111
17.0691
17.3386
17.6211
17.9187
18.2333
18.5675
18.924
19.3057
19.7158
20.1581
20.6362
21.1543
21.7167
22.3281
22.993
23.7164
24.5031
25.3583
26.287
27.2944
28.3855
29.5657
30.8405
32.2156
33.6975
35.2936
37.0125
38.8649
40.8641
43.0268
45.374
47.9315
50.7304
53.8065
57.1988
60.9468
65.0855
69.6391
74.6129
79.9853
85.6937
91.6402
97.6814
103.569
109.257
114.063
117.032
117.912
116.795
113.966
109.797
104.668
98.9135
92.8095
86.566
80.3388
74.2401
68.3511
62.732
57.4296
52.4828
47.9255
43.7877
40.0958
36.8723
34.1378
31.9098
30.1962
28.9893
28.2914
28.1777
28.8152
30.37
32.9312
36.5297
41.0944
46.3451
52.0827
57.3655
63.0062
67.0456
89.603
90.8657
92.1016
93.3086
94.4847
95.6275
96.7351
97.8051
98.8354
99.8238
100.768
101.666
102.515
103.313
104.058
104.747
105.378
105.948
106.454
106.893
107.263
107.56
107.78
107.919
107.973
107.937
107.806
107.573
107.233
106.777
106.197
105.485
104.631
103.624
102.452
101.104
99.5675
97.8296
95.8784
93.7023
91.2916
88.6385
85.7387
82.5921
79.2042
75.587
71.7609
67.755
63.6085
59.3707
55.1007
50.8665
46.7428
42.808
39.1408
35.8153
32.8974
30.4402
28.481
27.0387
26.1134
25.688
25.7331
26.3445
28.7139
32.2164
35.9645
39.3077
41.917
43.7269
44.8268
45.3704
45.5193
45.4163
45.176
44.8852
44.6067
44.3843
44.2476
44.2167
44.3045
44.5194
44.865
45.3397
45.9332
46.6215
47.3627
48.0993
48.7767
49.3839
49.9577
50.4482
50.8365
51.1202
51.3074
51.3974
51.4087
51.2813
51.1659
50.8084
2.62201
3.39781
4.84559
5.87627
6.61965
7.15197
7.53161
7.80573
8.00607
8.15505
8.26735
8.35332
8.41424
8.4432
8.42908
8.35925
8.21539
7.97543
7.64967
7.36994
7.21741
7.2373
7.47928
8.02635
9.0152
10.5954
12.8019
15.7011
19.6887
25.1234
38.1994
66.0043
91.2253
111.602
127.979
141.356
152.482
161.885
169.945
176.934
183.088
188.69
193.644
197.68
201.371
205.018
208.755
213.041
218.995
227.805
239.248
250.58
258.959
258.327
248.826
234.87
217.807
199.878
182.489
166.285
151.467
138.165
126.412
116.167
107.366
99.9552
93.9117
89.2417
85.9633
84.0722
83.4973
84.0603
85.442
87.1508
88.5737
89.0784
88.1592
85.6505
81.8768
77.198
71.7053
65.574
59.0383
52.3656
45.7976
39.5526
33.905
29.1901
25.6353
23.3292
21.8671
18.9348
15.6149
13.3368
13.9495
16.9293
24.6597
32.6524
37.5275
44.1791
6.69621
4.97401
4.48023
4.45952
4.56151
4.68169
4.8013
4.93597
5.098
5.28946
5.49543
5.69035
5.84539
5.92916
5.91611
5.79899
5.58459
5.29817
5.08144
5.05053
5.19443
5.65612
6.84435
9.09447
12.704
18.0531
26.3286
43.3867
81.8545
126.024
130.102
122.224
114.204
107.381
102.851
100.909
101.113
102.727
105.071
107.568
109.605
110.653
110.603
109.744
108.385
106.166
102.608
98.5034
96.5421
99.3233
106.566
114.877
120.091
120.353
116.862
110.112
101.128
91.3719
81.9167
73.4105
66.8407
61.4755
56.8227
52.6775
48.9661
45.668
42.7865
40.3411
38.3651
36.8948
35.9445
35.4665
35.321
35.411
35.8724
36.435
36.7415
36.5669
35.9951
35.4592
35.3917
36.0757
37.4387
39.1915
40.9205
41.9946
41.729
39.8992
36.6281
32.8761
31.52
33.9546
36.189
33.1977
23.6897
16.8239
19.6276
19.7924
22.1587
22.4906
11.3985
6.96128
6.24621
6.25907
6.37623
6.49809
6.62833
6.81071
7.0589
7.36775
7.69614
7.99245
8.21058
8.30703
8.25351
8.04799
7.7117
7.30322
6.97508
7.01421
7.43564
8.33105
10.1293
13.6368
19.547
30.5946
55.9246
109.97
164.646
162.879
133.491
108.305
92.1357
84.1194
82.6197
85.0495
88.995
92.0028
93.2247
93.1622
92.717
92.3868
92.2114
91.8299
90.9881
89.1517
84.9265
77.3728
69.3525
66.4003
70.8052
80.0873
89.5363
94.8953
95.2137
91.2754
84.6878
77.0402
69.4579
62.5639
56.6186
51.5528
47.2295
43.5236
40.3355
37.594
35.2597
33.3318
31.8526
30.8916
30.5012
30.6638
31.2726
32.169
33.1997
34.2073
35.0244
35.4519
35.2963
34.4826
33.1492
31.6868
30.6325
30.2778
30.9624
32.2359
33.2791
33.5667
33.1614
33.4358
36.7046
41.3855
41.7173
34.4049
22.779
15.9298
15.4803
17.2976
18.4668
19.0526
16.901
9.19177
8.57632
8.65573
8.8318
9.0273
9.22297
9.46992
9.79812
10.2091
10.6478
11.0504
11.3659
11.5412
11.5443
11.3863
11.119
10.8211
10.6543
11.0284
11.8084
13.1722
15.7802
20.8453
30.8211
53.9033
105.864
165.942
172.36
138.131
103.873
83.4452
75.4131
72.9389
73.9322
77.8709
80.631
81.0535
79.9354
78.4976
77.5053
77.0667
76.9213
76.6868
76.0376
74.8631
72.5463
66.7961
57.678
51.7602
53.7088
61.7707
71.0926
77.4384
79.2215
77.0601
72.4785
66.8949
61.2497
56.0277
51.4061
47.3867
43.9036
40.8756
38.2312
35.9217
33.9332
32.2963
31.085
30.3918
30.2803
30.7374
31.655
32.8562
34.1525
35.3924
36.4692
37.2791
37.6697
37.4463
36.4624
34.7505
32.6409
30.8045
29.8537
29.9126
30.5706
31.4432
32.6329
35.1683
39.6439
42.5747
39.2951
29.9064
19.6594
14.38
13.3159
14.2244
14.9677
15.5543
23.0186
11.8609
11.3705
11.655
11.9
12.1441
12.3975
12.721
13.1626
13.7417
14.4135
15.0978
15.7221
16.2305
16.5977
16.8405
17.0043
17.1488
17.3439
17.7925
18.5745
20.3243
24.0844
31.6946
48.4842
88.5762
143.721
164.233
139.598
104.138
80.6366
71.0708
67.5544
66.3462
67.2659
70.0478
71.2689
70.8756
69.8518
69.0123
68.5878
68.5104
68.6964
69.0136
69.0255
68.1221
65.6063
60.157
52.1053
46.4659
46.6973
52.2775
59.392
64.4113
65.9817
64.6393
61.5795
57.8335
54.0336
50.4784
47.2651
44.3912
41.8143
39.4833
37.3551
35.4102
33.6662
32.1858
31.0712
30.4351
30.3539
30.8241
31.7472
32.9606
34.2941
35.6154
36.8387
37.8898
38.646
38.9068
38.4606
37.2285
35.4064
33.5249
32.1695
31.5782
31.5819
32.1152
33.5243
36.3596
39.7812
39.9045
34.1098
24.8256
16.8974
13.1058
11.3578
11.4921
11.9143
12.3681
28.8785
14.7969
14.6112
15.2342
15.7138
16.146
16.5849
17.1462
17.8902
18.8501
20.007
21.3108
22.7048
24.1653
25.6671
27.0974
28.3145
29.2922
29.776
29.8236
29.9622
31.2155
35.2497
45.2125
70.4498
110.942
139.709
133.024
105.428
81.9354
70.1262
64.9977
62.1253
60.1968
59.696
60.8728
61.2875
60.9934
60.6734
60.7951
61.3885
62.3115
63.56
65.1251
66.6479
67.2236
65.4514
60.0585
52.5071
47.1356
45.1146
47.4907
51.5049
54.377
55.1477
54.206
52.3171
50.0784
47.8145
45.6546
43.6253
41.7102
39.8788
38.1004
36.3566
34.6554
33.0442
31.6144
30.492
29.8086
29.6546
30.0317
30.8422
31.929
33.138
34.3623
35.5483
36.6616
37.6227
38.2657
38.3945
37.9204
36.9582
35.7837
34.7294
33.9355
33.4028
33.4013
34.4173
36.4384
37.8364
35.4969
28.7427
20.7213
15.1449
11.8922
9.80199
9.53451
9.73113
10.0012
34.1819
17.6978
17.9014
19.1644
20.269
21.3173
22.3566
23.5387
24.9626
26.713
28.8434
31.4002
34.4506
38.0664
42.2214
46.2563
49.3427
51.0433
51.2176
50.1618
48.6913
48.1801
50.7563
60.0089
80.6813
105.239
114.036
101.771
83.1183
71.1603
64.4847
60.5762
57.3187
54.4585
52.7017
52.5281
52.7535
53.0572
53.6387
54.663
56.1698
58.1329
60.5915
63.4816
66.3382
68.0942
67.1087
62.196
55.2452
49.3943
44.9234
44.0208
44.9793
45.8814
46.005
45.4635
44.5747
43.5588
42.5057
41.4281
40.3087
39.1249
37.8561
36.4882
35.0227
33.4894
31.9589
30.5442
29.3919
28.6557
28.4427
28.7525
29.4725
30.4414
31.5137
32.599
33.6663
34.7175
35.7295
36.6061
37.2091
37.4664
37.3891
37.0241
36.469
35.7605
34.9799
34.5062
34.7212
35.246
34.509
30.6186
23.9924
17.485
13.4878
10.6963
8.65553
8.20692
8.23668
8.31321
39.3751
20.2119
20.8465
23.0491
25.3462
27.7596
30.2675
33.0118
36.1034
39.6836
43.9154
49.01
55.2033
62.5584
70.595
77.8619
83.2775
85.9576
85.4269
81.9182
76.5289
71.1475
68.2321
70.7024
80.3845
89.9433
90.0062
80.4383
70.6839
64.4504
59.8786
56.182
52.4856
49.1363
47.0711
46.8225
47.4285
48.5167
50.0809
52.1907
54.8143
57.9124
61.4785
65.3574
68.9473
71.0368
70.0575
65.206
57.9674
50.2365
43.5683
39.9597
38.6629
38.3664
38.3223
38.3069
38.2784
38.206
38.0438
37.7461
37.2783
36.6193
35.7589
34.697
33.451
32.0664
30.6278
29.2613
28.1308
27.4145
27.2375
27.5782
28.2779
29.1685
30.1287
31.0952
32.0455
32.988
33.9449
34.9128
35.8297
36.6189
37.1703
37.4114
37.3268
36.8573
35.9927
34.9798
34.068
32.9308
30.5429
25.9921
20.093
15.0836
11.8839
9.46282
7.78984
7.31241
7.22615
7.12341
42.3945
21.8931
22.9994
26.3118
30.2743
34.8641
40.0031
45.7973
52.3149
59.6786
68.0585
77.7027
88.8189
101.356
114.629
127.235
137.434
143.452
143.89
138.157
127.086
113.368
100.733
92.048
87.9353
84.8961
78.8577
69.8464
62.0344
57.5944
54.2343
50.9552
47.6079
45.2451
44.5534
45.1719
46.6196
48.6681
51.2849
54.4435
58.0456
62.0142
66.273
70.5531
74.12
75.7141
73.9837
68.2899
59.3393
49.0452
40.26
34.8322
32.4438
31.8288
32.04
32.5962
33.2509
33.854
34.3057
34.5418
34.5256
34.2407
33.6854
32.8705
31.8249
30.6044
29.3016
28.0503
27.0297
26.4469
26.4468
26.9746
27.7609
28.6318
29.5197
30.4194
31.3083
32.1242
32.8558
33.6687
34.694
35.7751
36.6609
37.2501
37.4973
37.2215
36.2043
34.515
32.4305
29.9422
26.5828
22.0081
17.0545
13.2994
10.6415
8.52588
7.17946
6.71293
6.54055
6.2835
43.0754
22.7871
24.4843
29.0586
35.0595
42.4432
51.0969
61.0759
72.3884
85.1163
99.3872
115.454
133.654
154.138
176.467
199.136
219.704
235.014
241.891
237.517
220.527
193.659
163.897
137.414
116.767
100.632
86.1236
72.8826
62.7357
56.4227
52.2576
49.2516
47.2297
46.5406
47.195
48.8635
51.2513
54.2223
57.7239
61.6298
65.7803
70.0498
74.307
78.2073
80.9295
81.2037
77.7389
69.7712
57.988
45.2458
35.023
29.0806
26.7214
26.4123
27.0711
28.1228
29.2609
30.3081
31.1577
31.7469
32.0425
32.0323
31.7199
31.1232
30.2786
29.2487
28.1296
27.058
26.2223
25.8572
26.1191
26.8086
27.6777
28.5649
29.4255
30.2827
31.1223
31.8367
32.3537
32.8942
33.8709
35.0733
36.0843
36.7982
37.1586
36.862
35.5118
33.1097
30.0844
26.7504
23.0077
18.786
14.7963
11.9619
9.74404
7.8741
6.76267
6.31105
6.07346
5.69267
41.4847
23.0221
25.8158
32.2204
40.9407
51.8957
64.8594
79.7732
96.5346
115.165
135.71
158.322
183.437
211.498
242.441
275.044
307.515
336.349
357.261
365.387
354.058
319.507
270.088
220.146
178.098
144.941
117.875
96.1289
79.9878
69.1347
62.1719
57.9938
55.9936
55.8059
57.0245
59.2275
62.1234
65.5745
69.4319
73.4539
77.4091
81.1497
84.5434
87.1965
88.1617
86.02
79.3606
67.7388
52.9759
38.8219
28.7004
23.5242
21.8957
22.1377
23.2234
24.6247
26.0613
27.3737
28.4675
29.2877
29.805
30.0097
29.9084
29.5231
28.8949
28.089
27.2005
26.3591
25.7447
25.5976
26.0264
26.8123
27.7261
28.6102
29.4324
30.2421
31.0326
31.6664
32.0499
32.4224
33.2694
34.5191
35.5502
36.2164
36.4455
35.87
34.0436
31.0224
27.3958
23.6783
19.9562
16.2631
13.1175
10.9036
9.03243
7.37277
6.46176
6.03576
5.75373
5.28134
37.4143
23.9703
29.3805
39.7448
53.4908
70.2778
89.5571
111.065
134.436
159.592
186.537
215.433
246.65
280.807
317.718
355.908
394.357
431.202
462.628
485.911
495.342
477.197
425.336
356.404
289.966
233.95
188.329
151.857
124.068
104.231
90.8856
82.5477
77.9933
76.2217
76.3902
77.8403
80.1843
83.1569
86.3603
89.3934
91.998
94.0995
95.5985
95.9511
93.901
87.8006
76.6013
61.1965
44.7435
31.0622
22.5259
18.8196
18.1077
18.8607
20.2458
21.8447
23.434
24.885
26.1204
27.0931
27.7772
28.1641
28.2613
28.0926
27.7006
27.149
26.5253
25.9413
25.5483
25.5579
26.0679
26.88
27.7846
28.6284
29.3851
30.1241
30.8496
31.4143
31.7178
31.9931
32.739
34.0348
35.048
35.5443
35.4399
34.3964
32.0505
28.5764
24.6627
20.8937
17.4168
14.2658
11.7502
9.95228
8.37893
6.95047
6.23418
5.84533
5.53633
5.00066
35.4593
29.9893
44.5921
65.8513
90.9374
118.9
148.777
180.086
212.143
244.688
277.811
311.93
347.502
385.305
425.329
466.125
505.906
543.63
575.76
599.082
613.151
614.266
591.389
539.281
467.171
391.692
321.733
261.234
212.292
175.197
148.654
130.648
119.107
112.214
108.501
106.923
106.857
107.531
108.192
108.382
107.991
107.065
105.379
101.995
95.3139
84.0061
68.3888
50.9298
35.0806
23.6017
17.377
15.1928
15.2505
16.3538
17.895
19.5685
21.2075
22.7132
24.0235
25.0988
25.9158
26.4662
26.7569
26.8113
26.6696
26.3901
26.048
25.7324
25.5532
25.669
26.1877
26.9491
27.7817
28.5456
29.2132
29.8579
30.4978
31.0118
31.3092
31.5611
32.1857
33.5129
34.4858
34.7384
34.1863
32.6026
29.7913
26.0497
22.0891
18.467
15.3216
12.6476
10.5791
9.0452
7.73087
6.59194
6.06497
5.71655
5.39182
4.81527
35.7862
65.8307
114.634
164.894
213.929
261.67
306.856
348.981
388.016
424.497
459.31
493.392
527.456
561.21
594.568
627.009
658.208
688.455
715.582
734.389
742.312
740.866
728.975
701.555
654.782
590.198
512.916
431.886
356.893
294.292
245.897
210.441
185.363
167.982
156.018
147.836
141.989
137.019
132.149
127.13
121.994
116.638
110.374
101.839
89.6625
73.753
55.9681
39.2249
25.9884
17.5118
13.5189
12.5312
13.1035
14.3905
15.9728
17.635
19.2559
20.7609
22.101
23.2431
24.1665
24.8631
25.3389
25.6149
25.7273
25.7263
25.6736
25.6356
25.6784
25.881
26.3304
26.96
27.6615
28.3194
28.8956
29.4454
29.9983
30.4813
30.8188
31.1123
31.699
32.942
33.804
33.7578
32.7202
30.6187
27.4519
23.613
19.7794
16.4403
13.6786
11.4235
9.67715
8.30706
7.16987
6.32861
5.94888
5.63271
5.29803
4.69702
86.2521
446.141
540.414
620.585
681.995
731.264
769.216
795.258
810.953
818.572
820.303
818.205
813.799
808.783
804.34
801.839
803.958
813.696
831.118
849.099
857.199
851.065
833.035
805.047
766.66
715.686
651.267
576.343
497.747
423.322
358.714
306.182
265.262
234.066
210.36
191.922
176.453
162.801
150.417
139.074
128.517
118.1
106.677
93.0169
76.7503
59.0892
42.3279
28.5254
18.7325
13.0716
10.7833
10.5839
11.4413
12.7858
14.3322
15.9293
17.4895
18.9572
20.2944
21.4742
22.4791
23.3019
23.9475
24.4341
24.7927
25.0646
25.2977
25.5375
25.8155
26.1425
26.507
26.9386
27.4606
27.993
28.4852
28.9618
29.4622
29.97
30.4173
30.8104
31.3308
32.1036
32.7543
32.4223
30.9801
28.4968
25.1428
21.3716
17.7894
14.7751
12.3534
10.4149
8.89157
7.66772
6.72576
6.16109
5.8712
5.58063
5.24215
4.62449
)
;

boundaryField
{
    outlet
    {
        type            zeroGradient;
    }
    inlet
    {
        type            fixedValue;
        value           uniform 3.54;
    }
    lowerWall
    {
        Cmu             0.09;
        kappa           0.41;
        E               9.8;
        type            epsilonWallFunction;
        value           nonuniform List<scalar> 
148
(
115.949
152.042
190.662
230.214
269.214
306.365
340.625
371.269
397.9
420.4
438.865
453.547
464.79
472.987
478.547
481.863
483.305
483.204
481.854
479.511
476.391
472.678
468.522
464.049
459.36
454.536
449.638
444.712
439.789
434.889
430.006
425.225
422.458
2.62201
6.69621
11.3985
16.901
23.0186
28.8785
34.1819
39.3751
42.3945
43.0754
41.4847
37.4143
35.4593
35.7862
86.2521
2.62201
3.39781
4.84559
5.87627
6.61965
7.15197
7.53161
7.80573
8.00607
8.15505
8.26735
8.35332
8.41424
8.4432
8.42908
8.35925
8.21539
7.97543
7.64967
7.36994
7.21741
7.2373
7.47928
8.02635
9.0152
10.5954
12.8019
15.7011
19.6887
25.1234
38.1994
66.0043
91.2253
111.602
127.979
141.356
152.482
161.885
169.945
176.934
183.088
188.69
193.644
197.68
201.371
205.018
208.755
213.041
218.995
227.805
239.248
250.58
258.959
258.327
248.826
234.87
217.807
199.878
182.489
166.285
151.467
138.165
126.412
116.167
107.366
99.9552
93.9117
89.2417
85.9633
84.0722
83.4973
84.0603
85.442
87.1508
88.5737
89.0784
88.1592
85.6505
81.8768
77.198
71.7053
65.574
59.0383
52.3656
45.7976
39.5526
33.905
29.1901
25.6353
23.3292
21.8671
18.9348
15.6149
13.3368
13.9495
16.9293
24.6597
32.6524
37.5275
44.1791
)
;
    }
    upperWall
    {
        Cmu             0.09;
        kappa           0.41;
        E               9.8;
        type            epsilonWallFunction;
        value           nonuniform List<scalar> 
133
(
31.176
33.6247
36.0474
38.4444
40.8146
43.156
45.4657
47.7404
49.9768
52.1717
54.3222
56.4259
58.4804
60.4839
62.4346
64.3315
66.1735
67.96
69.6906
71.3653
72.984
74.5473
76.0555
77.5094
78.9097
80.2574
81.5535
82.7992
83.9956
85.144
86.2457
87.3025
88.3231
89.603
90.8657
92.1016
93.3086
94.4847
95.6275
96.7351
97.8051
98.8354
99.8238
100.768
101.666
102.515
103.313
104.058
104.747
105.378
105.948
106.454
106.893
107.263
107.56
107.78
107.919
107.973
107.937
107.806
107.573
107.233
106.777
106.197
105.485
104.631
103.624
102.452
101.104
99.5675
97.8296
95.8784
93.7023
91.2916
88.6385
85.7387
82.5921
79.2042
75.587
71.7609
67.755
63.6085
59.3707
55.1007
50.8665
46.7428
42.808
39.1408
35.8153
32.8974
30.4402
28.481
27.0387
26.1134
25.688
25.7331
26.3445
28.7139
32.2164
35.9645
39.3077
41.917
43.7269
44.8268
45.3704
45.5193
45.4163
45.176
44.8852
44.6067
44.3843
44.2476
44.2167
44.3045
44.5194
44.865
45.3397
45.9332
46.6215
47.3627
48.0993
48.7767
49.3839
49.9577
50.4482
50.8365
51.1202
51.3074
51.3974
51.4087
51.2813
51.1659
50.8084
)
;
    }
    frontAndBack
    {
        type            empty;
    }
}


// ************************************************************************* //
