/*--------------------------------*- C++ -*----------------------------------*\
| =========                 |                                                 |
| \\      /  F ield         | OpenFOAM: The Open Source CFD Toolbox           |
|  \\    /   O peration     | Version:  4.1                                   |
|   \\  /    A nd           | Web:      www.OpenFOAM.org                      |
|    \\/     M anipulation  |                                                 |
\*---------------------------------------------------------------------------*/
FoamFile
{
    version     2.0;
    format      ascii;
    class       volScalarField;
    location    "700";
    object      omega;
}
// * * * * * * * * * * * * * * * * * * * * * * * * * * * * * * * * * * * * * //

dimensions      [0 0 -1 0 0 0 0];

internalField   nonuniform List<scalar> 
6820
(
7254.63
8569.06
9629.25
10283
10668.4
10885.8
10995.8
11034.9
11026.8
10987.3
10927.3
10854.4
10774
10689.7
10604.1
10519.1
10435.8
10355
10277.3
10202.9
10131.9
10064.5
10000.5
9939.93
9882.61
9828.41
9777.18
9728.79
9682.92
9640.12
9596.73
9568.86
9476.66
600.799
1554.22
2092.91
2435.19
2698.34
2895.12
3033.36
3126.97
3188.98
3229.02
3253.95
3268.66
3276.58
3280.08
3280.77
3279.75
3277.77
3275.35
3272.81
3270.37
3268.16
3266.26
3264.71
3263.53
3262.71
3262.26
3262.18
3262.49
3263.24
3264.49
3266.42
3268.98
3274.3
107.108
368.908
596.394
767.386
894.981
993.334
1070.57
1131.54
1179.69
1217.64
1247.46
1270.8
1289.01
1303.18
1314.18
1322.7
1329.28
1334.36
1338.3
1341.35
1343.74
1345.65
1347.19
1348.49
1349.62
1350.66
1351.65
1352.63
1353.65
1354.74
1355.94
1357.27
1358.96
37.6577
108.378
189.201
265.511
332.231
389.334
437.981
479.462
514.908
545.244
571.225
593.485
612.562
628.92
642.953
655.002
665.357
674.267
681.944
688.571
694.302
699.27
703.588
707.352
710.646
713.541
716.098
718.369
720.401
722.236
723.913
725.464
726.938
23.8008
47.5371
77.7008
109.824
141.237
170.722
197.836
222.517
244.874
265.072
283.289
299.703
314.482
327.785
339.761
350.542
360.252
369.003
376.894
384.018
390.453
396.275
401.548
406.329
410.673
414.624
418.226
421.516
424.528
427.295
429.845
432.205
434.411
19.8177
29.4751
42.5079
57.2096
72.4554
87.5719
102.186
116.107
129.248
141.581
153.108
163.852
173.844
183.124
191.734
199.716
207.113
213.966
220.316
226.199
231.653
236.71
241.401
245.756
249.802
253.564
257.065
260.326
263.368
266.209
268.869
271.361
273.708
18.4341
22.8152
29.1685
36.6489
44.6826
52.9063
61.0978
69.1228
76.9009
84.3847
91.5472
98.3754
104.866
111.022
116.85
122.36
127.565
132.478
137.112
141.482
145.602
149.486
153.147
156.599
159.854
162.925
165.823
168.56
171.145
173.59
175.903
178.094
180.173
17.9115
19.9902
23.3042
27.4134
31.9742
36.7598
41.6266
46.4842
51.2743
55.9588
60.5125
64.9193
69.1692
73.257
77.1806
80.9401
84.5376
87.9762
91.2603
94.3946
97.3844
100.235
102.953
105.543
108.011
110.364
112.606
114.743
116.781
118.725
120.58
122.35
124.042
17.7059
18.7013
20.4733
22.8216
25.5371
28.4654
31.5039
34.5854
37.6658
40.7152
43.713
46.645
49.5016
52.2762
54.9647
57.5649
60.0755
62.4966
64.8288
67.0736
69.2326
71.3079
73.3019
75.217
77.0559
78.8213
80.5159
82.1425
83.7038
85.2026
86.6414
88.0227
89.3494
17.6233
18.0951
19.0401
20.3949
22.0449
23.887
25.8451
27.8668
29.9161
31.9683
34.006
36.0167
37.9918
39.925
41.8118
43.6492
45.4354
47.1691
48.8498
50.4775
52.0525
53.5753
55.047
56.4684
57.8408
59.1653
60.4435
61.6766
62.866
64.0133
65.1197
66.1867
67.2156
17.5896
17.8082
18.3025
19.0753
20.0762
21.243
22.5218
23.8719
25.2637
26.6759
28.0933
29.5047
30.9021
32.2796
33.6328
34.9585
36.2545
37.5191
38.7514
39.9507
41.1167
42.2493
43.3486
44.4151
45.4492
46.4514
47.4223
48.3626
49.2732
50.1546
51.0077
51.8332
52.6319
17.5758
17.6732
17.924
18.3539
18.9503
19.682
20.5146
21.4186
22.3704
23.3521
24.3503
25.3549
26.3586
27.3555
28.3415
29.3133
30.2685
31.2054
32.1225
33.0191
33.8944
34.748
35.5798
36.3897
37.1777
37.944
38.6889
39.4126
40.1155
40.798
41.4605
42.1033
42.727
17.5702
17.6104
17.7324
17.9633
18.3084
18.7568
19.2901
19.889
20.5362
21.2175
21.9217
22.6397
23.3649
24.0918
24.8165
25.5355
26.2467
26.9479
27.6377
28.3151
28.9792
29.6293
30.2652
30.8864
31.4928
32.0844
32.6611
33.223
33.7703
34.3031
34.8216
35.3259
35.8164
17.5678
17.5817
17.6374
17.7559
17.9479
18.2137
18.5461
18.9344
19.3672
19.8343
20.3268
20.8373
21.3597
21.8894
22.4224
22.9557
23.4869
24.014
24.5354
25.05
25.5568
26.0551
26.5443
27.024
27.4938
27.9535
28.403
28.8423
29.2712
29.6899
30.0983
30.4965
30.8845
17.5669
17.5687
17.5913
17.6483
17.7501
17.9012
18.1009
18.3448
18.6268
18.9402
19.2785
19.6362
20.0084
20.3909
20.7804
21.1739
21.5694
21.9647
22.3585
22.7494
23.1365
23.5188
23.8959
24.2671
24.6321
24.9904
25.342
25.6865
26.0239
26.3541
26.677
26.9926
27.3009
17.5665
17.563
17.5695
17.5941
17.6444
17.7258
17.8405
17.9877
18.1651
18.369
18.5955
18.8405
19.1005
19.3722
19.6527
19.9397
20.2311
20.5251
20.8203
21.1156
21.4097
21.702
21.9918
22.2784
22.5614
22.8404
23.1151
23.3853
23.6507
23.9112
24.1667
24.4171
24.6623
17.5663
17.5605
17.5594
17.5675
17.5897
17.6303
17.6923
17.7769
17.8837
18.0113
18.1577
18.3205
18.4972
18.6856
18.8834
19.0888
19.2999
19.5153
19.7338
19.9541
20.1754
20.3967
20.6176
20.8373
21.0553
21.2713
21.4849
21.6958
21.9038
22.1087
22.3103
22.5085
22.7032
17.5662
17.5595
17.5549
17.5548
17.5621
17.5799
17.6107
17.6561
17.7169
17.7929
17.8836
17.9876
18.1036
18.2302
18.3657
18.5089
18.6583
18.8128
18.9713
19.1329
19.2967
19.4619
19.628
19.7943
19.9605
20.126
20.2906
20.4539
20.6157
20.7757
20.9337
21.0897
21.2434
17.5662
17.559
17.5529
17.5489
17.5487
17.5542
17.5672
17.5891
17.6211
17.6636
17.7166
17.7799
17.8528
17.9345
18.0241
18.1207
18.2233
18.3311
18.4432
18.559
18.6776
18.7985
18.9211
19.045
19.1696
19.2947
19.4198
19.5447
19.6691
19.7927
19.9155
20.0371
20.1576
17.5662
17.5588
17.552
17.5462
17.5424
17.5415
17.5447
17.5532
17.5679
17.5894
17.6181
17.6542
17.6975
17.7477
17.8043
17.8668
17.9347
18.0074
18.0842
18.1648
18.2484
18.3347
18.4232
18.5135
18.6053
18.698
18.7916
18.8857
18.98
19.0743
19.1685
19.2624
19.3558
17.5662
17.5588
17.5516
17.5451
17.5395
17.5354
17.5335
17.5346
17.5394
17.5483
17.562
17.5807
17.6044
17.6332
17.667
17.7055
17.7484
17.7954
17.8462
17.9004
17.9576
18.0175
18.0797
18.144
18.2101
18.2776
18.3463
18.416
18.4865
18.5575
18.629
18.7006
18.7724
17.5662
17.5587
17.5515
17.5445
17.5381
17.5325
17.5281
17.5253
17.5246
17.5265
17.5312
17.5392
17.5506
17.5656
17.5843
17.6065
17.6322
17.6612
17.6934
17.7286
17.7666
17.807
17.8498
17.8946
17.9413
17.9896
18.0394
18.0905
18.1426
18.1956
18.2494
18.3038
18.3586
17.5662
17.5587
17.5514
17.5443
17.5376
17.5313
17.5256
17.5209
17.5174
17.5153
17.5151
17.517
17.5211
17.5277
17.5369
17.5487
17.5632
17.5804
17.6002
17.6225
17.6471
17.6741
17.7031
17.7342
17.7671
17.8017
17.8378
17.8753
17.914
17.9539
17.9947
18.0363
18.0788
17.5662
17.5587
17.5514
17.5442
17.5373
17.5307
17.5245
17.5189
17.514
17.5101
17.5074
17.506
17.5063
17.5083
17.5122
17.5181
17.5261
17.5363
17.5486
17.563
17.5795
17.5981
17.6186
17.6409
17.665
17.6907
17.718
17.7467
17.7767
17.8079
17.8402
17.8735
17.9077
17.5662
17.5587
17.5514
17.5442
17.5372
17.5306
17.5242
17.5183
17.513
17.5084
17.5048
17.5022
17.501
17.5012
17.503
17.5065
17.5117
17.5189
17.5279
17.5389
17.5517
17.5664
17.5829
17.6012
17.6212
17.6427
17.6657
17.6902
17.716
17.743
17.7711
17.8002
17.8303
17.5662
17.5587
17.5514
17.5442
17.5373
17.5307
17.5244
17.5187
17.5136
17.5094
17.5062
17.5041
17.5034
17.5042
17.5067
17.5108
17.5168
17.5246
17.5343
17.5459
17.5593
17.5746
17.5917
17.6104
17.6308
17.6528
17.6762
17.701
17.7271
17.7543
17.7826
17.8119
17.8422
17.5662
17.5587
17.5514
17.5443
17.5376
17.5312
17.5255
17.5205
17.5166
17.5139
17.5127
17.5131
17.5153
17.5194
17.5256
17.5338
17.5442
17.5568
17.5714
17.5881
17.6068
17.6274
17.6498
17.674
17.6998
17.7271
17.7558
17.7858
17.817
17.8493
17.8826
17.9167
17.9517
17.5662
17.5587
17.5515
17.5446
17.5383
17.5328
17.5283
17.5254
17.5242
17.5251
17.5284
17.5344
17.543
17.5544
17.5687
17.5858
17.6056
17.6281
17.6531
17.6805
17.7101
17.7417
17.7753
17.8106
17.8475
17.8859
17.9255
17.9663
18.0082
18.0509
18.0944
18.1386
18.1834
17.5662
17.5588
17.5518
17.5455
17.5403
17.5368
17.5355
17.5371
17.542
17.5507
17.5634
17.5803
17.6014
17.6267
17.656
17.689
17.7256
17.7655
17.8084
17.854
17.902
17.9521
18.0042
18.0579
18.1131
18.1695
18.227
18.2853
18.3443
18.4039
18.4639
18.5242
18.5847
17.5663
17.5591
17.5527
17.548
17.5458
17.5473
17.5535
17.5653
17.5834
17.6079
17.6392
17.677
17.7211
17.771
17.8263
17.8865
17.9509
18.0192
18.0908
18.1652
18.2419
18.3207
18.4011
18.4827
18.5654
18.6489
18.7328
18.817
18.9014
18.9858
19.0699
19.1538
19.2372
17.5663
17.5598
17.5555
17.5552
17.5611
17.5751
17.5988
17.6332
17.6786
17.7349
17.8015
17.8776
17.9624
18.0547
18.1535
18.2578
18.3668
18.4796
18.5954
18.7136
18.8335
18.9548
19.0768
19.1992
19.3218
19.4441
19.566
19.6872
19.8076
19.927
20.0453
20.1623
20.278
17.5666
17.5622
17.5642
17.5767
17.6039
17.6486
17.7124
17.7951
17.896
18.0132
18.145
18.289
18.4433
18.606
18.7753
18.9497
19.1279
19.3087
19.4912
19.6746
19.8581
20.0413
20.2237
20.4047
20.5843
20.762
20.9376
21.111
21.282
21.4506
21.6166
21.7799
21.9406
17.5674
17.5706
17.5924
17.6417
17.7245
17.8427
17.995
18.1778
18.3868
18.6172
18.8646
19.125
19.3951
19.6719
19.953
20.2365
20.5208
20.8047
21.0871
21.3673
21.6446
21.9185
22.1886
22.4546
22.7164
22.9737
23.2264
23.4745
23.7178
23.9564
24.1903
24.4195
24.6441
17.5706
17.6016
17.687
17.8408
18.0649
18.3527
18.6933
19.0751
19.4875
19.9213
20.3693
20.8257
21.2861
21.7468
22.2053
22.6598
23.1087
23.5511
23.9861
24.4133
24.8323
25.2428
25.6448
26.038
26.4227
26.7987
27.1661
27.5252
27.8759
28.2185
28.553
28.8797
29.1987
17.5854
17.7219
18.012
18.4558
19.0269
19.692
20.4205
21.1884
21.9778
22.7761
23.5742
24.3656
25.1458
25.912
26.6623
27.3959
28.112
28.8105
29.4912
30.1545
30.8004
31.4292
32.0415
32.6374
33.2175
33.7821
34.3316
34.8666
35.3873
35.8943
36.3878
36.8684
37.3363
17.6614
18.2163
19.1615
20.3924
21.7983
23.2954
24.8285
26.3634
27.8795
29.3645
30.811
32.214
33.5724
34.8867
36.1579
37.3876
38.5772
39.7282
40.8422
41.9207
42.9651
43.9766
44.9567
45.9064
46.827
47.7195
48.5851
49.4247
50.2392
51.0297
51.7969
52.5418
53.2651
18.1027
20.3856
23.4854
26.9261
30.4414
33.9034
37.2583
40.4818
43.5648
46.506
49.3035
51.9687
54.5134
56.9473
59.2786
61.5146
63.6615
65.7245
67.7085
69.6179
71.4563
73.2276
74.9348
76.5811
78.1693
79.7022
81.1821
82.6115
83.9925
85.3273
86.618
87.8662
89.0741
21.2182
31.4407
42.4859
53.1245
62.9728
72.0352
80.4369
88.1941
95.3421
101.98
108.198
114.053
119.587
124.83
129.807
134.537
139.039
143.329
147.42
151.324
155.054
158.621
162.033
165.3
168.431
171.434
174.315
177.082
179.742
182.299
184.76
187.13
189.415
59.9537
123.961
170.318
207.141
238.336
266.971
293.908
319.086
342.453
364.002
383.806
401.993
418.712
434.116
448.349
461.538
473.8
485.234
495.93
505.964
515.405
524.31
532.73
540.712
548.294
555.511
562.395
568.971
575.266
581.3
587.093
592.661
598.026
1719.4
1778.23
1839.24
1895.41
1945.93
1992.23
2035.28
2075.52
2113.26
2148.7
2182.04
2213.4
2242.93
2270.74
2296.93
2321.61
2344.85
2366.75
2387.37
2406.81
2425.12
2442.37
2458.63
2473.95
2488.38
2501.98
2514.8
2526.88
2538.26
2548.99
2559.1
2568.63
2577.62
9373.27
8892.74
8341.93
7780.63
7245.79
6751.44
6303.3
5899.59
5535.18
5204.21
4901.63
4623.67
4367.61
4131.46
3913.64
3712.72
3527.32
3356.12
3197.86
3051.38
2915.61
2789.57
2672.37
2563.13
2461.04
2365.32
2275.25
2190.15
2109.42
2032.5
1958.9
1888.2
1820
1753.98
1689.83
1627.3
1566.17
1506.28
1447.46
1389.62
1332.66
1276.54
1221.23
1166.73
1113.07
1060.3
1008.49
957.736
908.137
859.814
812.891
767.498
723.762
681.804
641.737
603.655
567.637
533.739
501.995
472.415
444.986
419.671
396.415
375.143
355.766
338.185
322.29
307.969
295.104
283.58
273.282
264.099
255.924
248.655
242.196
236.458
231.356
226.813
222.755
219.117
215.839
212.864
210.144
207.633
205.291
203.084
200.979
198.951
196.974
195.029
193.098
191.166
189.22
187.249
185.244
183.195
181.103
178.931
176.857
173.698
3276
3322.54
3381.77
3439.32
3502.65
3569.49
3632.57
3683.48
3715.4
3723.99
3707.51
3666.46
3603.05
3520.59
3423.02
3314.46
3198.89
3079.83
2960.17
2842.12
2727.15
2616.17
2509.64
2407.67
2310.21
2217.08
2128.07
2042.9
1961.32
1883.04
1807.79
1735.31
1665.34
1597.63
1531.99
1468.22
1406.16
1345.68
1286.65
1229
1172.67
1117.62
1063.83
1011.31
960.08
910.193
861.701
814.674
769.191
725.333
683.188
642.836
604.354
567.81
533.256
500.733
470.261
441.844
415.466
391.093
368.674
348.144
329.424
312.423
297.045
283.188
270.747
259.615
249.688
240.864
233.044
226.134
220.045
214.693
209.999
205.889
202.293
199.147
196.391
193.971
191.835
189.936
188.231
186.683
185.256
183.918
182.643
181.406
180.186
178.963
177.723
176.452
175.137
173.769
172.34
170.84
169.273
167.605
165.988
163.456
1361.12
1366.26
1375.27
1386.96
1400.83
1417
1436.29
1460.3
1490.63
1528.06
1572.57
1623.18
1677.99
1734.27
1788.7
1837.8
1878.35
1907.83
1924.65
1928.29
1919.25
1898.75
1868.51
1830.43
1786.37
1737.94
1686.52
1633.18
1578.72
1523.73
1468.65
1413.8
1359.38
1305.57
1252.46
1200.16
1148.71
1098.16
1048.57
999.95
952.358
905.833
860.422
816.178
773.161
731.435
691.066
652.123
614.675
578.788
544.522
511.931
481.06
451.94
424.59
399.017
375.211
353.148
332.791
314.091
296.985
281.405
267.272
254.503
243.014
232.718
223.526
215.353
208.117
201.738
196.139
191.248
186.996
183.321
180.16
177.457
175.159
173.215
171.578
170.204
169.05
168.08
167.256
166.546
165.92
165.351
164.813
164.285
163.747
163.182
162.576
161.915
161.189
160.387
159.504
158.529
157.466
156.286
155.114
153.198
728.575
730.496
732.535
734.611
736.725
739.006
741.689
744.96
749.04
754.479
761.871
771.79
784.741
801.098
821.04
844.483
871.019
899.891
930.008
960.023
988.457
1013.85
1034.94
1050.74
1060.67
1064.49
1062.35
1054.63
1041.9
1024.79
1003.99
980.127
953.791
925.493
895.678
864.725
832.959
800.656
768.057
735.368
702.773
670.433
638.497
607.097
576.356
546.385
517.286
489.154
462.072
436.112
411.337
387.798
365.534
344.57
324.92
306.585
289.554
273.805
259.304
246.013
233.882
222.857
212.881
203.894
195.833
188.636
182.243
176.593
171.629
167.296
163.541
160.313
157.567
155.255
153.337
151.77
150.516
149.537
148.798
148.265
147.905
147.687
147.581
147.56
147.598
147.67
147.754
147.831
147.882
147.891
147.844
147.727
147.531
147.245
146.862
146.375
145.783
145.064
144.314
142.991
436.794
439.399
441.892
444.147
446.088
447.731
449.14
450.412
451.606
452.829
454.225
455.949
458.167
461.043
464.737
469.399
475.154
482.089
490.233
499.539
509.869
520.981
532.536
544.106
555.209
565.341
574.023
580.834
585.445
587.637
587.301
584.432
579.117
571.508
561.806
550.242
537.058
522.498
506.802
490.196
472.893
455.092
436.973
418.705
400.44
382.316
364.459
346.979
329.975
313.532
297.722
282.605
268.229
254.629
241.829
229.843
218.673
208.314
198.754
189.973
181.945
174.642
168.03
162.076
156.743
151.996
147.798
144.114
140.909
138.15
135.805
133.842
132.232
130.946
129.955
129.234
128.754
128.49
128.416
128.506
128.736
129.081
129.518
130.021
130.571
131.144
131.722
132.285
132.816
133.3
133.722
134.069
134.33
134.495
134.557
134.506
134.343
134.047
133.687
132.92
276.267
279.058
281.737
284.243
286.522
288.557
290.362
291.963
293.391
294.679
295.868
296.997
298.108
299.239
300.427
301.711
303.126
304.709
306.496
308.515
310.789
313.325
316.115
319.124
322.293
325.533
328.731
331.749
334.438
336.64
338.206
339.001
338.914
337.865
335.805
332.721
328.629
323.572
317.618
310.849
303.364
295.264
286.659
277.658
268.368
258.89
249.324
239.759
230.279
220.959
211.863
203.051
194.569
186.458
178.749
171.465
164.622
158.23
152.292
146.807
141.768
137.167
132.992
129.229
125.861
122.872
120.246
117.963
116.007
114.36
113.005
111.924
111.102
110.52
110.163
110.013
110.053
110.267
110.635
111.141
111.765
112.488
113.292
114.156
115.063
115.994
116.93
117.854
118.749
119.599
120.391
121.112
121.748
122.29
122.729
123.055
123.266
123.345
123.335
123.076
182.463
184.976
187.409
189.735
191.925
193.965
195.854
197.597
199.205
200.689
202.062
203.337
204.524
205.631
206.663
207.624
208.517
209.345
210.111
210.822
211.484
212.103
212.687
213.242
213.771
214.27
214.73
215.137
215.464
215.681
215.747
215.62
215.253
214.602
213.624
212.285
210.558
208.426
205.884
202.937
199.601
195.902
191.873
187.553
182.989
178.228
173.32
168.315
163.261
158.206
153.193
148.263
143.451
138.79
134.306
130.023
125.959
122.128
118.541
115.204
112.122
109.295
106.724
104.406
102.336
100.509
98.9184
97.5582
96.4209
95.4988
94.7841
94.2686
93.944
93.8016
93.8324
94.0269
94.3749
94.8656
95.4875
96.2282
97.0745
98.0122
99.0267
100.103
101.224
102.375
103.539
104.699
105.842
106.95
108.01
109.009
109.933
110.77
111.512
112.147
112.672
113.07
113.363
113.551
125.919
127.994
130.02
131.984
133.871
135.671
137.381
139.001
140.533
141.979
143.344
144.632
145.843
146.98
148.04
149.019
149.914
150.72
151.432
152.045
152.556
152.965
153.271
153.475
153.58
153.59
153.507
153.333
153.071
152.718
152.272
151.727
151.075
150.306
149.408
148.371
147.182
145.834
144.318
142.63
140.771
138.742
136.553
134.214
131.74
129.149
126.461
123.698
120.884
118.042
115.196
112.369
109.582
106.857
104.212
101.663
99.2246
96.9095
94.728
92.6883
90.7969
89.0587
87.477
86.0537
84.7899
83.6854
82.7396
81.951
81.3178
80.8377
80.5081
80.326
80.2881
80.3908
80.63
81.001
81.4985
82.1164
82.8479
83.6852
84.6194
85.6407
86.7382
87.9
89.1136
90.3655
91.6416
92.9276
94.2091
95.4716
96.701
97.8836
99.0063
100.057
101.024
101.896
102.669
103.326
103.868
104.436
90.831
92.479
94.0994
95.6853
97.2288
98.724
100.167
101.557
102.893
104.174
105.402
106.577
107.699
108.766
109.775
110.723
111.604
112.414
113.147
113.797
114.358
114.826
115.199
115.473
115.648
115.725
115.704
115.587
115.378
115.079
114.693
114.222
113.669
113.034
112.317
111.518
110.637
109.673
108.625
107.493
106.277
104.98
103.605
102.155
100.637
99.058
97.4275
95.7555
94.0528
92.3315
90.6038
88.8822
87.179
85.5064
83.8758
82.2979
80.7827
79.3391
77.9749
76.6971
75.5116
74.4232
73.4359
72.553
71.777
71.1098
70.5527
70.1066
69.7721
69.5494
69.4385
69.4392
69.5508
69.7726
70.1034
70.5415
71.0849
71.7308
72.4756
73.315
74.2438
75.2555
76.3428
77.4971
78.709
79.9678
81.2621
82.5797
83.9078
85.2333
86.5429
87.8233
89.0616
90.2449
91.3619
92.4002
93.3524
94.2056
94.9413
95.8155
68.3702
69.661
70.9374
72.1954
73.4308
74.6396
75.8192
76.968
78.0842
79.1674
80.217
81.2323
82.2124
83.1554
84.059
84.92
85.7345
86.498
87.2059
87.8533
88.4353
88.9475
89.3859
89.7473
90.0292
90.2301
90.3494
90.3871
90.3444
90.2227
90.0243
89.7516
89.4074
88.9944
88.5152
87.9726
87.3691
86.7068
85.9883
85.2157
84.3916
83.5185
82.5996
81.6383
80.6387
79.6054
78.5435
77.4588
76.3576
75.2467
74.1332
73.0243
71.9275
70.85
69.7992
68.7818
67.8047
66.8737
65.9947
65.1728
64.4124
63.7178
63.0924
62.5392
62.061
61.66
61.3382
61.0971
60.9383
60.863
60.8722
60.9671
61.1482
61.4164
61.772
62.2152
62.7458
63.363
64.0659
64.8523
65.7199
66.6649
67.6829
68.7684
69.9147
71.1141
72.3578
73.6361
74.9383
76.2532
77.5689
78.8732
80.1538
81.3983
82.5949
83.7314
84.7989
85.786
86.6593
87.7642
53.5315
54.5413
55.5444
56.5385
57.5209
58.4892
59.4414
60.3761
61.2919
62.1878
63.0631
63.917
64.7482
65.5552
66.3362
67.0886
67.8097
68.4961
69.1443
69.7505
70.3109
70.8218
71.2797
71.6815
72.0245
72.3066
72.5262
72.6823
72.7747
72.8036
72.7698
72.6747
72.5199
72.3075
72.0399
71.7194
71.3488
70.9306
70.4678
69.9631
69.4195
68.8398
68.2273
67.5851
66.9168
66.2259
65.5165
64.7925
64.0584
63.3187
62.5782
61.8417
61.1141
60.4003
59.7051
59.0333
58.3895
57.7778
57.2025
56.6672
56.1754
55.7302
55.3346
54.991
54.7019
54.4692
54.2948
54.1806
54.1281
54.1389
54.2143
54.3559
54.5649
54.8427
55.1905
55.6092
56.0999
56.663
57.2988
58.0072
58.7873
59.6378
60.5562
61.5396
62.5838
63.6837
64.8331
66.0247
67.2504
68.5011
69.7667
71.0368
72.3001
73.5454
74.7614
75.936
77.06
78.1232
79.0811
80.3431
43.4316
44.2252
45.0164
45.8039
46.586
47.361
48.1277
48.8847
49.6311
50.3659
51.0883
51.7975
52.4926
53.1722
53.8349
54.479
55.1023
55.7024
56.2768
56.8227
57.3372
57.8175
58.2608
58.6645
59.0261
59.3437
59.6154
59.8399
60.0164
60.1442
60.2235
60.2544
60.2378
60.1748
60.0667
59.9153
59.7225
59.4904
59.2213
58.9177
58.5822
58.2173
57.8258
57.4107
56.9749
56.5215
56.0537
55.5747
55.0879
54.5969
54.1051
53.6161
53.1334
52.6608
52.2016
51.7592
51.3371
50.9384
50.566
50.2228
49.9113
49.6341
49.3933
49.191
49.0291
48.9093
48.8333
48.8026
48.8187
48.8831
48.9972
49.1625
49.3805
49.6527
49.9804
50.3651
50.8083
51.311
51.8745
52.4994
53.1862
53.9348
54.7445
55.6141
56.5414
57.5236
58.5566
59.6356
60.7547
61.907
63.0848
64.2794
65.4815
66.6811
67.8681
69.0314
70.1617
71.2505
72.2458
73.5968
36.372
36.9995
37.6273
38.2543
38.8794
39.5017
40.12
40.7335
41.3412
41.9426
42.5369
43.1234
43.7013
44.2695
44.8271
45.3726
45.9046
46.4214
46.9211
47.4017
47.8611
48.2971
48.7077
49.0907
49.4443
49.7666
50.056
50.3113
50.5312
50.7152
50.8625
50.9732
51.0472
51.085
51.0873
51.0551
50.9895
50.8921
50.7645
50.6084
50.4258
50.2189
49.9899
49.7412
49.4751
49.1943
48.9013
48.5987
48.2894
47.976
47.6614
47.3483
47.0395
46.7377
46.4457
46.1661
45.9013
45.6538
45.4258
45.2196
45.037
44.88
44.7502
44.6494
44.579
44.5403
44.5348
44.5637
44.6283
44.7299
44.8697
45.0491
45.2694
45.532
45.8385
46.1902
46.5888
47.0356
47.5321
48.0795
48.679
49.3312
50.0366
50.7951
51.6061
52.4682
53.3794
54.3366
55.3362
56.3733
57.4423
58.5365
59.6487
60.7705
61.8935
63.0079
64.1049
65.1779
66.1707
67.5513
31.3253
31.8244
32.3252
32.827
33.329
33.8305
34.3308
34.8291
35.3249
35.8175
36.3064
36.791
37.2706
37.7446
38.212
38.6719
39.1232
39.5648
39.9951
40.4129
40.8165
41.2044
41.575
41.9268
42.2581
42.5677
42.854
43.116
43.3526
43.5631
43.7467
43.903
44.032
44.1334
44.2077
44.2553
44.2769
44.2733
44.2456
44.1951
44.1231
44.0314
43.9214
43.7952
43.6545
43.5013
43.3378
43.1661
42.9884
42.8068
42.6237
42.4411
42.2614
42.0866
41.919
41.7604
41.613
41.4784
41.3587
41.2552
41.1697
41.1036
41.0581
41.0345
41.034
41.0576
41.1065
41.1816
41.2839
41.4145
41.5744
41.7648
41.9868
42.2416
42.5306
42.8552
43.2167
43.6167
44.0567
44.538
45.062
45.63
46.2429
46.9014
47.6057
48.3558
49.1507
49.9892
50.869
51.7873
52.7401
53.7229
54.7302
55.7555
56.7922
57.8321
58.8675
59.8935
60.853
62.2146
27.652
28.0506
28.4517
28.8548
29.2594
29.6649
30.0709
30.4767
30.882
31.2862
31.6888
32.0895
32.4877
32.8828
33.2742
33.6613
34.0431
34.4189
34.7876
35.1483
35.4997
35.8408
36.1704
36.4873
36.7903
37.0783
37.3503
37.6052
37.8423
38.0607
38.2598
38.4392
38.5985
38.7375
38.8564
38.9551
39.0341
39.0939
39.1351
39.1586
39.1653
39.1564
39.133
39.0966
39.0485
38.9904
38.9238
38.8504
38.7719
38.6901
38.6068
38.5237
38.4425
38.365
38.2928
38.2275
38.1707
38.1238
38.0882
38.0652
38.0559
38.0614
38.0827
38.1208
38.1766
38.2507
38.3441
38.4575
38.5917
38.7475
38.9256
39.1269
39.3525
39.6034
39.8805
40.1853
40.5188
40.8825
41.2777
41.7058
42.1684
42.6666
43.2018
43.775
44.3871
45.0386
45.7296
46.4597
47.228
48.033
48.8724
49.7431
50.6415
51.563
52.5023
53.4532
54.4094
55.3674
56.2716
57.5775
24.9423
25.2611
25.5829
25.9074
26.2341
26.5626
26.8926
27.2236
27.5554
27.8874
28.2194
28.551
28.8818
29.2113
29.5391
29.8647
30.1874
30.5067
30.8219
31.1321
31.4366
31.7346
32.0251
32.3074
32.5805
32.8436
33.0959
33.3366
33.5649
33.7804
33.9824
34.1704
34.3442
34.5034
34.6481
34.7781
34.8937
34.9952
35.0828
35.1572
35.219
35.269
35.3081
35.3372
35.3575
35.37
35.3761
35.377
35.3741
35.3687
35.3622
35.356
35.3514
35.3499
35.3526
35.3609
35.3759
35.3988
35.4306
35.4722
35.5246
35.5885
35.6647
35.7539
35.8567
35.9736
36.1052
36.252
36.4147
36.5937
36.7897
37.0033
37.2353
37.4864
37.7575
38.0497
38.3639
38.7014
39.0633
39.451
39.8657
40.3088
40.7815
41.2852
41.8209
42.3894
42.9915
43.6275
44.2972
45.0001
45.7352
46.5007
47.2943
48.1129
48.9529
49.8095
50.6779
51.5563
52.3917
53.6171
22.9261
23.1808
23.4388
23.6998
23.9635
24.2296
24.4978
24.7679
25.0396
25.3124
25.5863
25.8608
26.1356
26.4105
26.6851
26.959
27.2318
27.503
27.772
28.0385
28.3017
28.5611
28.8161
29.066
29.3102
29.548
29.7788
30.0021
30.2172
30.4238
30.6213
30.8094
30.9877
31.156
31.3143
31.4623
31.6003
31.7283
31.8466
31.9555
32.0555
32.1471
32.231
32.3078
32.3783
32.4435
32.5043
32.5616
32.6165
32.67
32.7232
32.7772
32.833
32.8916
32.9541
33.0214
33.0943
33.1739
33.2607
33.3556
33.4591
33.5719
33.6944
33.827
33.9703
34.1245
34.2899
34.4671
34.6562
34.8576
35.0718
35.2992
35.5403
35.7958
36.0662
36.3523
36.6551
36.9753
37.3141
37.6726
38.0519
38.4532
38.8778
39.3268
39.8015
40.3028
40.8318
41.3891
41.9751
42.5901
43.2336
43.9049
44.6028
45.3255
46.0705
46.8346
47.6143
48.4089
49.1695
50.3003
21.4201
21.6228
21.8288
22.0381
22.2505
22.4656
22.6833
22.9034
23.1255
23.3496
23.5754
23.8026
24.031
24.2603
24.4904
24.7209
24.9515
25.1819
25.4117
25.6405
25.868
26.0936
26.317
26.5376
26.7551
26.9689
27.1786
27.3837
27.5839
27.7788
27.968
28.1513
28.3283
28.499
28.6631
28.8206
28.9716
29.1161
29.2542
29.3862
29.5125
29.6333
29.7493
29.8608
29.9685
30.0731
30.1752
30.2756
30.3751
30.4744
30.5745
30.676
30.7799
30.8869
30.9977
31.113
31.2335
31.3599
31.4926
31.6322
31.779
31.9334
32.0957
32.2663
32.4452
32.6327
32.829
33.0342
33.2484
33.4719
33.7049
33.9477
34.2005
34.4638
34.738
35.0238
35.3217
35.6324
35.9569
36.296
36.6506
37.0219
37.4108
37.8186
38.2464
38.6952
39.1661
39.6598
40.1773
40.7189
41.285
41.8754
42.4896
43.1268
43.7855
44.4637
45.1588
45.8716
46.5571
47.5882
20.2966
20.4568
20.6205
20.7875
20.9577
21.131
21.3071
21.4859
21.6673
21.851
22.037
22.2249
22.4147
22.6061
22.799
22.9932
23.1884
23.3844
23.5809
23.7777
23.9745
24.171
24.3668
24.5617
24.7553
24.9473
25.1373
25.3252
25.5104
25.6929
25.8723
26.0485
26.2212
26.3903
26.5557
26.7174
26.8754
27.0298
27.1807
27.3281
27.4725
27.6141
27.7532
27.8902
28.0256
28.1599
28.2937
28.4274
28.5617
28.6972
28.8346
28.9743
29.1171
29.2634
29.4139
29.5691
29.7293
29.895
30.0666
30.2444
30.4285
30.6193
30.8167
31.0209
31.232
31.45
31.6748
31.9065
32.1451
32.3906
32.6431
32.9026
33.1694
33.4436
33.7256
34.0157
34.3143
34.622
34.9395
35.2674
35.6065
35.9577
36.3219
36.7002
37.0934
37.5027
37.929
38.3733
38.8364
39.319
39.8217
40.3449
40.8885
41.4523
42.0357
42.6375
43.2561
43.8929
44.5073
45.4407
19.4642
19.5898
19.7189
19.8514
19.9872
20.1261
20.2681
20.4131
20.5609
20.7114
20.8644
21.0199
21.1777
21.3377
21.4998
21.6637
21.8294
21.9967
22.1654
22.3353
22.5062
22.6779
22.8503
23.023
23.1959
23.3688
23.5414
23.7135
23.8849
24.0555
24.2251
24.3935
24.5606
24.7264
24.8908
25.0538
25.2154
25.3757
25.5348
25.6928
25.85
26.0066
26.1628
26.319
26.4756
26.6329
26.7914
26.9514
27.1135
27.2781
27.4457
27.6167
27.7916
27.9708
28.1546
28.3433
28.5374
28.737
28.9423
29.1535
29.3706
29.5936
29.8226
30.0575
30.2982
30.5445
30.7964
31.0537
31.3162
31.5839
31.8566
32.1343
32.4171
32.7049
32.9979
33.2963
33.6004
33.9105
34.2272
34.5508
34.8821
35.2217
35.5704
35.929
36.2984
36.6795
37.0732
37.4805
37.9021
38.3389
38.7916
39.2608
39.7468
40.2499
40.7698
41.3062
41.858
42.4275
42.9776
43.8204
18.8562
18.954
19.0552
19.1598
19.2677
19.3789
19.4932
19.6107
19.7311
19.8545
19.9808
20.1098
20.2415
20.3758
20.5126
20.6518
20.7933
20.937
21.0828
21.2305
21.3801
21.5313
21.6842
21.8384
21.994
22.1507
22.3084
22.4671
22.6265
22.7866
22.9473
23.1086
23.2702
23.4324
23.5949
23.758
23.9215
24.0857
24.2505
24.4162
24.583
24.751
24.9206
25.0919
25.2652
25.441
25.6195
25.8011
25.9861
26.1749
26.3679
26.5653
26.7674
26.9747
27.1872
27.4052
27.6289
27.8584
28.0937
28.3349
28.5818
28.8344
29.0925
29.3559
29.6245
29.8979
30.176
30.4584
30.7448
31.0351
31.329
31.6263
31.9269
32.2308
32.5378
32.8481
33.1617
33.4789
33.8
34.1253
34.4553
34.7904
35.1314
35.4789
35.8336
36.1962
36.5676
36.9487
37.3402
37.743
38.1578
38.5853
39.0261
39.4806
39.949
40.4314
40.9272
41.4392
41.9335
42.6962
18.4232
18.4993
18.5786
18.6612
18.7472
18.8364
18.9289
19.0246
19.1234
19.2254
19.3304
19.4384
19.5494
19.6632
19.78
19.8995
20.0217
20.1467
20.2742
20.4043
20.5368
20.6718
20.8091
20.9486
21.0903
21.2341
21.38
21.5278
21.6776
21.8293
21.9829
22.1383
22.2956
22.4547
22.6158
22.7789
22.944
23.1114
23.281
23.4532
23.6279
23.8056
23.9863
24.1704
24.358
24.5495
24.7452
24.9453
25.1502
25.36
25.5751
25.7957
26.022
26.2542
26.4924
26.7368
26.9874
27.2442
27.5071
27.776
28.0507
28.3311
28.6169
28.9077
29.2033
29.5033
29.8072
30.1148
30.4256
30.7394
31.0556
31.3741
31.6945
32.0167
32.3405
32.6658
32.9927
33.3211
33.6512
33.9833
34.3176
34.6545
34.9945
35.3381
35.6858
36.0384
36.3965
36.7608
37.1322
37.5113
37.899
38.2959
38.7027
39.1201
39.5484
39.9879
40.4387
40.9035
41.3514
42.0464
18.1291
18.189
18.252
18.3183
18.3879
18.4607
18.5368
18.6161
18.6987
18.7845
18.8735
18.9657
19.0611
19.1596
19.2612
19.366
19.4738
19.5847
19.6986
19.8155
19.9353
20.0582
20.1839
20.3125
20.4441
20.5785
20.7157
20.8558
20.9988
21.1446
21.2934
21.4451
21.5997
21.7575
21.9184
22.0825
22.25
22.421
22.5957
22.7742
22.9567
23.1435
23.3347
23.5306
23.7314
23.9375
24.1489
24.3661
24.5891
24.8183
25.0539
25.296
25.5447
25.8002
26.0625
26.3317
26.6076
26.8903
27.1796
27.4752
27.7769
28.0844
28.3973
28.7153
29.0378
29.3645
29.6948
30.0283
30.3645
30.7029
31.043
31.3845
31.7269
32.0699
32.4133
32.7568
33.1004
33.4439
33.7873
34.1308
34.4744
34.8185
35.1634
35.5094
35.8571
36.2069
36.5594
36.9153
37.2752
37.6398
38.0099
38.3861
38.7692
39.1598
39.5585
39.9658
40.382
40.8101
41.2209
41.8618
17.9486
17.9976
18.0498
18.1051
18.1637
18.2255
18.2905
18.3588
18.4305
18.5054
18.5836
18.6652
18.7501
18.8383
18.9298
19.0247
19.123
19.2245
19.3294
19.4377
19.5494
19.6644
19.7828
19.9046
20.0299
20.1587
20.2909
20.4267
20.5661
20.7092
20.856
21.0066
21.1612
21.3198
21.4825
21.6496
21.8211
21.9972
22.1781
22.364
22.5551
22.7517
22.9539
23.162
23.3762
23.5968
23.824
24.058
24.299
24.5473
24.8029
25.066
25.3368
25.6152
25.9012
26.1948
26.496
26.8044
27.12
27.4423
27.7712
28.1061
28.4467
28.7924
29.1428
29.4972
29.8551
30.2159
30.5791
30.944
31.3101
31.6768
32.0437
32.4103
32.7763
33.1413
33.5051
33.8675
34.2283
34.5876
34.9453
35.3017
35.6568
36.0111
36.3647
36.7183
37.0721
37.4268
37.783
38.1412
38.5021
38.8665
39.235
39.6084
39.9872
40.3722
40.7637
41.1651
41.5482
42.1486
17.8665
17.9101
17.9568
18.0067
18.0596
18.1158
18.1753
18.2381
18.3041
18.3736
18.4464
18.5226
18.6023
18.6854
18.772
18.8621
18.9558
19.053
19.1538
19.2582
19.3663
19.4782
19.5938
19.7132
19.8365
19.9637
20.095
20.2304
20.3699
20.5138
20.6622
20.8151
20.9726
21.135
21.3025
21.4751
21.653
21.8366
22.0259
22.2213
22.4229
22.6309
22.8457
23.0674
23.2964
23.5328
23.7768
24.0288
24.2888
24.5571
24.8337
25.1188
25.4125
25.7146
26.0253
26.3444
26.6716
27.0069
27.3499
27.7003
28.0577
28.4215
28.7913
29.1665
29.5465
29.9306
30.3182
30.7087
31.1012
31.4952
31.89
32.2849
32.6794
33.073
33.465
33.8551
34.2429
34.6282
35.0107
35.3902
35.7667
36.1403
36.5109
36.8788
37.2443
37.6075
37.9691
38.3293
38.6887
39.0478
39.4074
39.768
40.1303
40.495
40.8629
41.2347
41.6108
41.9952
42.3595
42.9334
17.8786
17.9224
17.9692
18.0192
18.0723
18.1286
18.1881
18.251
18.3172
18.3868
18.4598
18.5363
18.6163
18.6999
18.787
18.8777
18.9722
19.0703
19.1722
19.278
19.3877
19.5013
19.619
19.7408
19.8668
19.9972
20.132
20.2714
20.4155
20.5645
20.7184
20.8775
21.0419
21.2119
21.3876
21.5693
21.7571
21.9513
22.1522
22.36
22.575
22.7973
23.0274
23.2654
23.5116
23.7663
24.0296
24.3019
24.5832
24.8737
25.1736
25.4829
25.8017
26.1299
26.4674
26.8142
27.17
27.5346
27.9075
28.2884
28.6769
29.0723
29.4741
29.8817
30.2943
30.7113
31.1319
31.5553
31.9807
32.4074
32.8345
33.2615
33.6875
34.1119
34.5342
34.9537
35.37
35.7827
36.1915
36.5961
36.9963
37.3922
37.7836
38.1707
38.5536
38.9325
39.3079
39.68
40.0493
40.4164
40.7817
41.146
41.5099
41.8741
42.2395
42.6067
42.9764
43.3529
43.7071
44.2686
17.9935
18.0434
18.0963
18.1524
18.2117
18.2742
18.3399
18.409
18.4815
18.5573
18.6366
18.7194
18.8058
18.8957
18.9893
19.0866
19.1877
19.2926
19.4014
19.5141
19.631
19.752
19.8772
20.0069
20.141
20.2798
20.4234
20.5719
20.7256
20.8845
21.0489
21.219
21.395
21.5772
21.7657
21.9609
22.1629
22.3721
22.5888
22.8132
23.0456
23.2863
23.5356
23.7937
24.0611
24.3378
24.6242
24.9205
25.2268
25.5433
25.8702
26.2074
26.5551
26.9131
27.2813
27.6597
28.0479
28.4456
28.8525
29.2681
29.6918
30.123
30.5612
31.0056
31.4553
31.9097
32.3678
32.8289
33.2919
33.7561
34.2206
34.6846
35.1472
35.6076
36.0653
36.5194
36.9695
37.415
37.8556
38.2908
38.7204
39.1442
39.5622
39.9744
40.3808
40.7817
41.1772
41.5677
41.9537
42.3355
42.7138
43.0892
43.4624
43.834
44.205
44.5763
44.9483
45.3262
45.6788
46.2425
18.2363
18.2989
18.3646
18.4336
18.5057
18.5811
18.6598
18.7418
18.8272
18.9161
19.0084
19.1042
19.2036
19.3066
19.4133
19.5237
19.6379
19.7561
19.8782
20.0045
20.1349
20.2696
20.4088
20.5525
20.701
20.8543
21.0128
21.1765
21.3457
21.5206
21.7014
21.8883
22.0817
22.2818
22.4889
22.7032
22.9251
23.1549
23.3928
23.6393
23.8947
24.1592
24.4331
24.7169
25.0108
25.315
25.6299
25.9556
26.2924
26.6404
26.9997
27.3704
27.7525
28.146
28.5506
28.9663
29.3927
29.8295
30.2763
30.7325
31.1975
31.6708
32.1515
32.6389
33.1321
33.6302
34.1324
34.6375
35.1448
35.6531
36.1615
36.6691
37.1749
37.6781
38.1778
38.6733
39.1639
39.6489
40.128
40.6005
41.0662
41.5249
41.9763
42.4204
42.8573
43.287
43.7098
44.126
44.5359
44.94
45.3389
45.7332
46.1237
46.5111
46.8964
47.2805
47.6641
48.0531
48.413
48.995
18.6555
18.7384
18.8246
18.9139
19.0066
19.1026
19.2019
19.3046
19.4107
19.5202
19.6332
19.7497
19.8698
19.9935
20.1209
20.2521
20.3872
20.5262
20.6692
20.8164
20.9679
21.1239
21.2844
21.4497
21.6199
21.7953
21.976
22.1623
22.3544
22.5526
22.7571
22.9682
23.1863
23.4116
23.6445
23.8853
24.1343
24.392
24.6586
24.9345
25.2201
25.5158
25.8218
26.1386
26.4665
26.8057
27.1566
27.5194
27.8943
28.2815
28.6811
29.0932
29.5177
29.9546
30.4038
30.8649
31.3378
31.822
32.3171
32.8224
33.3374
33.8613
34.3932
34.9324
35.4779
36.0287
36.5838
37.142
37.7024
38.2637
38.825
39.3852
39.9431
40.4979
41.0486
41.5943
42.1341
42.6675
43.1938
43.7124
44.2229
44.725
45.2184
45.7031
46.179
46.6462
47.1049
47.5554
47.9981
48.4334
48.8619
49.2844
49.7016
50.1143
50.5238
50.9311
51.3367
51.7483
52.1258
52.7451
19.3341
19.4466
19.5623
19.6814
19.8039
19.9297
20.0588
20.1914
20.3274
20.4668
20.6096
20.756
20.906
21.0597
21.217
21.3782
21.5432
21.7123
21.8854
22.0628
22.2447
22.4311
22.6222
22.8183
23.0196
23.2262
23.4385
23.6567
23.8811
24.1119
24.3496
24.5943
24.8466
25.1067
25.3749
25.6518
25.9376
26.2329
26.5379
26.8531
27.1789
27.5157
27.8639
28.2239
28.596
28.9806
29.378
29.7884
30.2122
30.6494
31.1002
31.5646
32.0427
32.5344
33.0394
33.5576
34.0886
34.632
35.1872
35.7536
36.3305
36.9171
37.5125
38.1158
38.7259
39.3416
39.9619
40.5856
41.2115
41.8383
42.4648
43.0899
43.7123
44.331
44.9448
45.5528
46.1541
46.7479
47.3333
47.9099
48.477
49.0344
49.5816
50.1185
50.6451
51.1615
51.6677
52.1642
52.6513
53.1296
53.5997
54.0624
54.5186
54.9694
55.4159
55.8596
56.3011
56.7499
57.1581
57.8403
20.4114
20.5652
20.7223
20.8829
21.0468
21.2141
21.3848
21.5589
21.7365
21.9175
22.102
22.29
22.4817
22.677
22.876
23.079
23.2858
23.4968
23.712
23.9316
24.1557
24.3846
24.6184
24.8574
25.1019
25.352
25.6081
25.8705
26.1396
26.4156
26.6989
26.9899
27.2891
27.5967
27.9133
28.2393
28.5751
28.9212
29.278
29.646
30.0257
30.4175
30.8218
31.2391
31.6698
32.1142
32.5727
33.0457
33.5332
34.0356
34.5529
35.0853
35.6327
36.195
36.772
37.3635
37.969
38.588
39.2201
39.8644
40.5203
41.1867
41.8628
42.5474
43.2394
43.9376
44.6407
45.3474
46.0564
46.7663
47.4758
48.1834
48.888
49.5883
50.283
50.9711
51.6515
52.3232
52.9855
53.6376
54.2789
54.909
55.5274
56.134
56.7287
57.3116
57.8829
58.4428
58.9919
59.5308
60.0603
60.5812
61.0948
61.6022
62.1049
62.6048
63.1024
63.6104
64.0684
64.8516
22.1249
22.3361
22.5507
22.7688
22.9903
23.2151
23.4434
23.6751
23.9103
24.1489
24.3911
24.6368
24.8862
25.1394
25.3963
25.6573
25.9222
26.1914
26.465
26.7432
27.0261
27.314
27.6072
27.9059
28.2103
28.5209
28.8379
29.1617
29.4927
29.8312
30.1777
30.5327
30.8966
31.2698
31.6528
32.0462
32.4505
32.8662
33.2937
33.7337
34.1866
34.6529
35.1332
35.6279
36.1375
36.6623
37.2028
37.7593
38.332
38.9212
39.527
40.1495
40.7886
41.4442
42.1162
42.8041
43.5076
44.2261
44.959
45.7055
46.4647
47.2356
48.0173
48.8084
49.6078
50.414
51.2258
52.0416
52.8601
53.6797
54.4988
55.3162
56.1302
56.9395
57.7428
58.5388
59.3263
60.1043
60.8717
61.6278
62.3718
63.1033
63.8217
64.5268
65.2186
65.897
66.5623
67.215
67.8555
68.4847
69.1035
69.7131
70.3148
70.9103
71.5014
72.0907
72.6785
73.2824
73.8221
74.77
24.9006
25.1932
25.4892
25.7886
26.0915
26.3977
26.7074
27.0205
27.337
27.6571
27.9808
28.308
28.6391
28.9739
29.3127
29.6555
30.0027
30.3542
30.7103
31.0712
31.4373
31.8086
32.1856
32.5685
32.9576
33.3534
33.7563
34.1666
34.5847
35.0113
35.4467
35.8914
36.346
36.811
37.2871
37.7747
38.2745
38.787
39.3129
39.8527
40.407
40.9765
41.5616
42.1629
42.7809
43.4161
44.0689
44.7397
45.4287
46.1362
46.8624
47.6073
48.3709
49.1532
49.9537
50.7723
51.6085
52.4616
53.3311
54.216
55.1155
56.0286
56.954
57.8905
58.8369
59.7917
60.7534
61.7205
62.6914
63.6645
64.6383
65.611
66.5811
67.547
68.5072
69.4602
70.4048
71.3396
72.2635
73.1754
74.0745
74.9602
75.8318
76.689
77.5318
78.36
79.174
79.9743
80.7617
81.537
82.3016
83.0569
83.8048
84.5474
85.2872
86.0278
86.7687
87.5367
88.2168
89.4457
29.5619
29.9747
30.3909
30.8104
31.2332
31.6593
32.0888
32.5216
32.9579
33.3976
33.8409
34.2879
34.7386
35.1932
35.6518
36.1146
36.5819
37.0537
37.5303
38.0121
38.4992
38.9921
39.491
39.9963
40.5085
41.028
41.5552
42.0906
42.6349
43.1884
43.7518
44.3258
44.9108
45.5076
46.1169
46.7392
47.3754
48.026
48.6918
49.3734
50.0716
50.7871
51.5204
52.2722
53.0431
53.8336
54.6443
55.4755
56.3278
57.2013
58.0963
59.013
59.9514
60.9115
61.8931
62.896
63.9198
64.964
66.0281
67.1112
68.2127
69.3315
70.4666
71.6169
72.7811
73.9578
75.1456
76.3429
77.5481
78.7595
79.9754
81.194
82.4134
83.6317
84.8473
86.0582
87.2626
88.4591
89.6459
90.8216
91.9851
93.1353
94.2714
95.3927
96.4989
97.59
98.6664
99.7285
100.777
101.814
102.84
103.858
104.87
105.878
106.887
107.901
108.919
109.982
110.915
112.643
37.8676
38.4696
39.0745
39.6823
40.2929
40.9065
41.523
42.1425
42.7651
43.3907
44.0196
44.6519
45.2876
45.9269
46.5701
47.2172
47.8687
48.5247
49.1854
49.8514
50.5228
51.2002
51.8839
52.5743
53.2721
53.9778
54.6918
55.4149
56.1476
56.8907
57.6449
58.4108
59.1893
59.9812
60.7872
61.6082
62.445
63.2986
64.1696
65.0591
65.9679
66.8969
67.8469
68.8187
69.8132
70.8311
71.8733
72.9405
74.0333
75.1524
76.2984
77.4719
78.6733
79.9031
81.1616
82.449
83.7656
85.1114
86.4863
87.8904
89.3233
90.7845
92.2736
93.7898
95.3322
96.8996
98.4907
100.104
101.738
103.39
105.058
106.74
108.433
110.134
111.841
113.55
115.26
116.966
118.666
120.358
122.039
123.707
125.361
126.999
128.62
130.224
131.811
133.381
134.934
136.473
137.999
139.514
141.022
142.527
144.031
145.543
147.057
148.64
150.015
152.578
54.0837
55.0082
55.9341
56.8611
57.7894
58.7189
59.6497
60.5819
61.5154
62.4504
63.3871
64.3256
65.266
66.2087
67.1537
68.1015
69.0523
70.0065
70.9645
71.9268
72.8938
73.866
74.8441
75.8287
76.8205
77.8202
78.8287
79.8467
80.8751
81.9149
82.9671
84.0328
85.113
86.2089
87.3218
88.4528
89.6034
90.7748
91.9685
93.186
94.4289
95.6988
96.9973
98.3262
99.6873
101.082
102.514
103.983
105.492
107.044
108.639
110.281
111.972
113.714
115.509
117.358
119.264
121.23
123.255
125.341
127.49
129.702
131.976
134.313
136.711
139.168
141.683
144.251
146.87
149.535
152.24
154.981
157.751
160.544
163.352
166.17
168.99
171.806
174.611
177.399
180.164
182.902
185.608
188.278
190.908
193.497
196.042
198.543
200.999
203.409
205.776
208.099
210.382
212.628
214.839
217.025
219.175
221.377
223.26
226.663
90.4356
91.9669
93.4937
95.0157
96.533
98.0457
99.5539
101.058
102.558
104.054
105.546
107.035
108.522
110.006
111.489
112.971
114.452
115.934
117.417
118.902
120.39
121.883
123.381
124.887
126.4
127.924
129.46
131.009
132.574
134.157
135.76
137.386
139.038
140.718
142.43
144.177
145.963
147.791
149.666
151.592
153.574
155.617
157.725
159.905
162.161
164.5
166.927
169.449
172.072
174.802
177.645
180.608
183.695
186.912
190.264
193.755
197.388
201.165
205.087
209.154
213.364
217.714
222.198
226.809
231.539
236.376
241.309
246.323
251.404
256.532
261.692
266.865
272.03
277.169
282.263
287.294
292.243
297.094
301.831
306.441
310.909
315.225
319.379
323.362
327.167
330.79
334.224
337.467
340.518
343.375
346.039
348.513
350.798
352.902
354.829
356.589
358.187
359.67
360.87
362.725
191.978
194.848
197.697
200.526
203.336
206.128
208.904
211.665
214.414
217.152
219.882
222.604
225.323
228.041
230.759
233.483
236.213
238.955
241.712
244.487
247.286
250.112
252.972
255.87
258.811
261.803
264.852
267.964
271.147
274.408
277.757
281.201
284.749
288.412
292.198
296.118
300.182
304.4
308.785
313.346
318.094
323.041
328.197
333.572
339.176
345.019
351.108
357.451
364.053
370.92
378.052
385.45
393.112
401.033
409.205
417.616
426.251
435.092
444.116
453.297
462.604
472.003
481.456
490.923
500.358
509.715
518.947
528.003
536.836
545.395
553.633
561.506
568.971
575.989
582.528
588.557
594.054
598.999
603.379
607.188
610.421
613.082
615.178
616.72
617.722
618.204
618.186
617.692
616.749
615.384
613.629
611.513
609.072
606.339
603.35
600.136
596.767
593.121
589.934
584.075
604.033
610.763
617.451
624.106
630.734
637.344
643.945
650.544
657.151
663.774
670.421
677.101
683.825
690.601
697.439
704.348
711.339
718.422
725.607
732.906
740.329
747.887
755.591
763.452
771.481
779.688
788.085
796.682
805.488
814.512
823.764
833.251
842.979
852.956
863.185
873.67
884.412
895.413
906.67
918.18
929.938
941.936
954.162
966.605
979.248
992.072
1005.05
1018.17
1031.39
1044.68
1058
1071.32
1084.58
1097.73
1110.73
1123.52
1136.02
1148.19
1159.95
1171.23
1181.95
1192.05
1201.44
1210.06
1217.82
1224.67
1230.53
1235.34
1239.04
1241.6
1242.97
1243.12
1242.03
1239.71
1236.15
1231.39
1225.44
1218.36
1210.21
1201.06
1190.98
1180.07
1168.42
1156.13
1143.31
1130.07
1116.51
1102.75
1088.87
1074.98
1061.18
1047.55
1034.18
1021.13
1008.48
996.289
984.631
973.385
963.587
948.934
2587.45
2598.14
2608.41
2618.25
2627.65
2636.61
2645.13
2653.2
2660.82
2668
2674.72
2680.99
2686.8
2692.16
2697.06
2701.5
2705.48
2709
2712.06
2714.65
2716.78
2718.45
2719.64
2720.37
2720.62
2720.39
2719.69
2718.5
2716.82
2714.65
2711.98
2708.81
2705.12
2700.91
2696.18
2690.91
2685.09
2678.72
2671.79
2664.29
2656.2
2647.53
2638.26
2628.39
2617.9
2606.79
2595.07
2582.72
2569.74
2556.15
2541.93
2527.12
2511.71
2495.72
2479.17
2462.1
2444.53
2426.51
2408.07
2389.26
2370.15
2350.8
2331.27
2311.64
2291.99
2272.39
2252.95
2233.73
2214.84
2196.35
2178.35
2160.92
2144.12
2128.02
2112.68
2098.12
2084.39
2071.5
2059.46
2048.24
2037.84
2028.22
2019.34
2011.15
2003.59
1996.6
1990.12
1984.07
1978.39
1973.02
1967.88
1962.93
1958.09
1953.32
1948.57
1943.75
1938.94
1933.7
1929.42
1920.64
1184.13
289.332
302.462
311.316
314.42
313.353
310.427
306.435
302.528
298.541
294.69
276.505
337.622
301.056
501.475
635.409
740.673
827.678
902.277
967.833
1026.37
1079.12
1126.92
1170.4
1210.1
1246.52
1280.17
1311.47
1340.85
1368.65
1395.15
1420.59
1445.12
1468.9
1492.01
1514.54
1536.59
1558.26
1579.7
1601.01
1621.88
1642.36
1662.46
1682.16
1701.43
1720.21
1738.44
1756.07
1773.03
1789.24
1804.64
1819.14
1832.67
1845.15
1856.48
1866.59
1875.4
1882.82
1888.79
1893.23
1896.08
1897.3
1896.84
1894.67
1890.79
1885.21
1877.96
1869.07
1858.66
1847.12
1836.18
1830.97
1829.05
1826.49
1822.73
1817.8
1811.82
1804.93
1797.25
1788.86
1779.85
1770.32
1760.33
1749.96
1739.28
1728.36
1717.26
1706.04
1694.75
1683.46
1672.2
1661.02
1649.98
1639.13
1628.54
1618.29
1608.51
1599.45
1591.47
1584.9
1220.26
652.584
355.143
226.737
173.996
157.928
166.185
185.272
214.583
271.02
344.995
414.537
480.988
539.071
608.379
646.382
667.444
676.751
678.858
677.005
673.438
669.602
666.357
664.147
663.134
663.302
664.525
666.625
669.409
672.693
676.315
680.145
684.088
688.094
692.16
696.342
700.779
705.694
711.299
717.447
723.627
729.669
735.565
741.3
746.862
752.236
757.407
762.36
767.077
771.541
775.732
779.63
783.215
786.465
789.356
791.867
793.974
795.654
796.888
797.654
797.935
797.713
796.973
795.707
793.907
791.576
788.716
785.343
781.496
777.299
773.019
768.975
765.093
761.152
756.996
752.579
747.901
742.986
737.862
732.557
727.1
721.517
715.831
710.066
704.24
698.371
692.477
686.572
680.667
674.774
668.902
663.056
657.24
651.455
645.697
639.93
634.18
628.068
622.662
610.881
1271.2
450.527
195.184
138.597
127.11
130.842
159.35
217.823
295.145
374.856
439.528
489.571
524.273
546.117
549.081
541.822
529.776
516.424
504.449
495.337
489.604
487.085
487.251
489.458
493.11
497.727
502.961
508.578
514.433
520.438
526.547
532.739
539.007
545.352
551.778
558.275
564.807
571.288
577.593
583.96
590.319
596.631
602.879
609.044
615.106
621.048
626.846
632.479
637.921
643.143
648.115
652.805
657.178
661.199
664.828
668.028
670.759
672.983
674.665
675.771
676.273
676.144
675.369
673.934
671.837
669.083
665.684
661.661
657.046
651.888
646.259
640.267
634.003
627.498
620.755
613.783
606.61
599.273
591.809
584.26
576.66
569.042
561.437
553.868
546.359
538.927
531.587
524.351
517.229
510.227
503.348
496.596
489.968
483.46
477.064
470.753
464.529
458.177
452.35
442.146
1316.39
309.217
192.625
162.504
162.428
188.633
239.674
306.305
372.457
424.375
457.642
476.17
481.461
475.732
461.875
447.641
434.876
425.142
419.18
416.979
418.051
421.688
427.173
433.892
441.374
449.292
457.431
465.666
473.926
482.185
490.435
498.683
506.94
515.215
523.512
531.82
540.111
548.33
556.515
564.696
572.857
580.982
589.053
597.048
604.942
612.705
620.306
627.707
634.87
641.75
648.3
654.469
660.202
665.444
670.137
674.222
677.642
680.342
682.272
683.385
683.645
683.021
681.498
679.069
675.739
671.527
666.463
660.588
653.955
646.625
638.671
630.181
621.254
611.974
602.408
592.618
582.662
572.602
562.493
552.387
542.331
532.366
522.526
512.84
503.332
494.02
484.919
476.037
467.382
458.956
450.759
442.789
435.04
427.504
420.168
413.01
406.02
399.057
392.617
382.571
1360.25
301.84
218.445
209.296
225.053
260.555
307.859
355.381
393.185
416.923
428.033
429.666
423.935
413.478
401.903
392.29
385.349
381.657
381.297
383.985
389.233
396.487
405.219
414.969
425.371
436.149
447.107
458.118
469.108
480.043
490.912
501.721
512.482
523.208
533.905
544.57
555.184
565.743
576.251
586.709
597.106
607.428
617.655
627.757
637.7
647.444
656.942
666.142
674.988
683.416
691.358
698.744
705.498
711.543
716.801
721.196
724.655
727.111
728.503
728.783
727.914
725.873
722.655
718.269
712.743
706.122
698.466
689.849
680.357
670.083
659.13
647.608
635.631
623.307
610.736
598.008
585.208
572.41
559.684
547.09
534.678
522.492
510.567
498.93
487.602
476.596
465.923
455.587
445.588
435.923
426.587
417.571
408.863
400.45
392.315
384.434
376.793
369.279
362.335
352.086
1400.44
311.188
251.693
253.168
273.005
302.879
334.36
360.604
378.423
388.007
391.094
389.171
383.665
376.567
369.975
365.186
362.802
363.205
366.458
372.385
380.656
390.862
402.574
415.385
428.933
442.926
457.135
471.401
485.617
499.725
513.697
527.528
541.224
554.796
568.254
581.604
594.839
607.952
620.934
633.775
646.458
658.964
671.263
683.319
695.084
706.504
717.516
728.052
738.033
747.378
755.999
763.804
770.699
776.59
781.385
784.996
787.345
788.361
787.991
786.195
782.954
778.27
772.165
764.683
755.891
745.873
734.732
722.583
709.553
695.774
681.382
666.514
651.303
635.876
620.349
604.823
589.392
574.136
559.123
544.411
530.046
516.065
502.494
489.353
476.653
464.4
452.593
441.229
430.299
419.792
409.696
399.993
390.667
381.698
373.065
364.739
356.705
348.863
341.634
331.255
1439.82
324.236
277.906
280.437
294.828
313.659
331.572
346.072
356.599
363.357
366.59
366.626
364.395
361.348
358.884
357.947
359.179
362.957
369.41
378.453
389.846
403.249
418.27
434.508
451.59
469.187
487.034
504.929
522.731
540.345
557.721
574.834
591.676
608.261
624.602
640.695
656.532
672.1
687.381
702.356
716.997
731.274
745.145
758.559
771.457
783.769
795.413
806.303
816.344
825.435
833.473
840.351
845.964
850.212
853
854.246
853.88
851.852
848.134
842.717
835.624
826.899
816.614
804.868
791.777
777.48
762.129
745.884
728.912
711.378
693.445
675.268
656.991
638.745
620.645
602.789
585.263
568.133
551.456
535.272
519.614
504.5
489.942
475.944
462.503
449.612
437.258
425.426
414.097
403.253
392.871
382.93
373.405
364.271
355.503
347.071
338.958
331.067
323.813
313.537
1483.1
335.164
292.76
289.685
296.149
307.787
321.252
334.632
346.516
355.87
362.192
365.712
367.37
368.427
370.039
373.076
378.158
385.655
395.719
408.314
423.252
440.231
458.882
478.809
499.625
520.977
542.567
564.154
585.559
606.654
627.356
647.616
667.434
686.8
705.704
724.134
742.076
759.508
776.404
792.731
808.451
823.517
837.874
851.458
864.194
875.995
886.768
896.412
904.82
911.883
917.49
921.536
923.92
924.553
923.361
920.288
915.301
908.395
899.59
888.938
876.521
862.451
846.865
829.924
811.807
792.704
772.814
752.335
731.461
710.376
689.25
668.238
647.476
627.08
607.145
587.747
568.945
550.78
533.282
516.465
500.336
484.891
470.119
456.006
442.532
429.673
417.405
405.701
394.533
383.874
373.695
363.967
354.664
345.755
337.215
329.01
321.123
313.463
306.433
296.534
1529.79
340.929
295.746
286.718
292.446
308.451
328.747
349.158
367.154
381.597
392.421
400.328
406.435
411.98
418.015
425.355
434.583
446.058
459.94
476.217
494.726
515.196
537.277
560.585
584.731
609.348
634.115
658.762
683.077
706.892
730.116
752.691
774.562
795.694
816.06
835.636
854.395
872.306
889.331
905.426
920.54
934.614
947.58
959.362
969.874
979.022
986.709
992.829
997.279
999.958
1000.77
999.626
996.462
991.224
983.885
974.445
962.936
949.421
933.995
916.789
897.961
877.697
856.202
833.701
810.421
786.594
762.446
738.19
714.024
690.123
666.642
643.71
621.43
599.884
579.129
559.204
540.127
521.904
504.528
487.982
472.244
457.283
443.067
429.561
416.728
404.531
392.934
381.901
371.397
361.387
351.84
342.723
334.007
325.66
317.656
309.962
302.564
295.372
288.775
279.496
1567.99
340.16
291.391
289.868
314.774
351.884
390.281
424.439
452.283
473.787
489.971
502.383
512.561
521.905
531.541
542.302
554.759
569.254
585.932
604.776
625.632
648.244
672.282
697.378
723.154
749.246
775.325
801.097
826.338
850.886
874.593
897.348
919.075
939.714
959.222
977.558
994.684
1010.56
1025.13
1038.35
1050.16
1060.48
1069.26
1076.41
1081.84
1085.47
1087.22
1086.99
1084.7
1080.29
1073.7
1064.89
1053.86
1040.62
1025.21
1007.72
988.258
966.977
944.058
919.709
894.165
867.673
840.494
812.886
785.105
757.391
729.965
703.023
676.733
651.237
626.642
603.03
580.455
558.946
538.513
519.145
500.818
483.498
467.141
451.7
437.123
423.358
410.352
398.055
386.415
375.387
364.926
354.989
345.537
336.534
327.945
319.738
311.882
304.349
297.111
290.139
283.421
276.874
270.863
262.388
1593.7
336.403
299.158
339.046
410.445
486.302
553.973
608.649
650.005
680.028
701.454
717.071
729.272
739.941
750.452
761.741
774.399
788.754
804.937
822.926
842.583
863.674
885.909
908.959
932.476
956.12
979.575
1002.56
1024.82
1046.14
1066.36
1085.34
1102.99
1119.23
1133.99
1147.23
1158.88
1168.91
1177.25
1183.85
1188.66
1191.61
1192.63
1191.67
1188.65
1183.52
1176.21
1166.69
1154.93
1140.9
1124.63
1106.15
1085.53
1062.86
1038.3
1011.99
984.149
955.001
924.798
893.81
862.316
830.596
798.925
767.561
736.741
706.677
677.547
649.496
622.637
597.048
572.775
549.838
528.231
507.928
488.887
471.053
454.362
438.743
424.124
410.433
397.596
385.546
374.215
363.543
353.472
343.949
334.927
326.36
318.209
310.437
303.01
295.898
289.073
282.507
276.178
270.058
264.139
258.344
253.014
245.456
1597.79
347.997
375.746
510.451
659.854
791.961
897.164
974.711
1028.36
1063.6
1085.85
1099.7
1108.59
1114.97
1120.44
1126.04
1132.37
1139.79
1148.48
1158.51
1169.81
1182.23
1195.58
1209.61
1224.01
1238.46
1252.65
1266.28
1279.12
1290.94
1301.58
1310.88
1318.72
1325.02
1329.68
1332.65
1333.86
1333.26
1330.79
1326.4
1320.05
1311.68
1301.26
1288.74
1274.09
1257.3
1238.37
1217.3
1194.14
1168.94
1141.79
1112.82
1082.16
1050.01
1016.58
982.103
946.841
911.071
875.078
839.147
803.559
768.576
734.439
701.362
669.525
639.072
610.111
582.715
556.92
532.735
510.14
489.091
469.53
451.381
434.561
418.979
404.543
391.159
378.735
367.184
356.422
346.372
336.962
328.126
319.806
311.947
304.502
297.427
290.684
284.239
278.061
272.122
266.398
260.864
255.503
250.289
245.219
240.224
235.612
229.02
1633.95
447.833
695.162
998.881
1254.37
1442.2
1569.44
1648.64
1692.94
1713.7
1719.56
1716.46
1708.2
1697.1
1684.56
1671.48
1658.47
1646
1634.48
1624.18
1615.19
1607.47
1600.91
1595.26
1590.29
1585.72
1581.27
1576.67
1571.65
1566
1559.51
1552.02
1543.37
1533.46
1522.17
1509.42
1495.13
1479.24
1461.69
1442.43
1421.43
1398.66
1374.1
1347.74
1319.6
1289.7
1258.1
1224.87
1190.11
1153.94
1116.52
1078.03
1038.68
998.703
958.344
917.872
877.557
837.673
798.484
760.24
723.17
687.474
653.32
620.841
590.136
561.263
534.249
509.089
485.749
464.173
444.285
425.995
409.202
393.802
379.684
366.739
354.86
343.943
333.889
324.607
316.012
308.025
300.575
293.599
287.039
280.846
274.972
269.38
264.035
258.904
253.963
249.185
244.552
240.042
235.64
231.327
227.1
222.9
219.002
213.37
1380.22
1240.97
1849.66
2333.18
2623.69
2766.19
2818.23
2816.5
2785.37
2739.61
2687.26
2632.11
2575.71
2518.7
2461.55
2404.78
2349.06
2295.06
2243.3
2194.16
2147.83
2104.34
2063.54
2025.17
1988.93
1954.46
1921.44
1889.51
1858.37
1827.72
1797.31
1766.9
1736.28
1705.28
1673.74
1641.54
1608.55
1574.69
1539.88
1504.07
1467.21
1429.29
1390.29
1350.25
1309.18
1267.16
1224.28
1180.63
1136.36
1091.63
1046.62
1001.53
956.578
912.002
868.036
824.918
782.879
742.135
702.885
665.302
629.529
595.678
563.825
534.015
506.259
480.538
456.807
434.997
415.024
396.785
380.171
365.066
351.35
338.905
327.614
317.363
308.044
299.556
291.804
284.701
278.166
272.127
266.518
261.28
256.362
251.717
247.305
243.092
239.046
235.14
231.352
227.66
224.048
220.499
217.001
213.537
210.109
206.664
203.444
198.726
1516.77
4458.62
5463.89
5549
5388.1
5131.69
4863.45
4611.28
4383.33
4178.45
3992.34
3820.42
3659.26
3506.84
3362.33
3225.57
3096.7
2975.81
2862.84
2757.51
2659.4
2567.98
2482.68
2402.89
2328.03
2257.51
2190.8
2127.37
2066.74
2008.46
1952.15
1897.43
1844.01
1791.6
1739.96
1688.89
1638.22
1587.8
1537.52
1487.29
1437.04
1386.74
1336.39
1285.98
1235.57
1185.22
1135.01
1085.06
1035.51
986.494
938.192
890.778
844.435
799.35
755.701
713.659
673.378
634.991
598.608
564.31
532.15
502.153
474.313
448.6
424.958
403.314
383.574
365.635
349.383
334.7
321.464
309.553
298.848
289.235
280.602
272.846
265.868
259.577
253.887
248.722
244.01
239.687
235.696
231.985
228.508
225.225
222.1
219.102
216.206
213.387
210.625
207.905
205.209
202.526
199.846
197.154
194.454
191.702
189.103
185.228
)
;

boundaryField
{
    outlet
    {
        type            zeroGradient;
    }
    inlet
    {
        type            fixedValue;
        value           uniform 17.57;
    }
    lowerWall
    {
        Cmu             0.09;
        kappa           0.41;
        E               9.8;
        beta1           0.075;
        type            omegaWallFunction;
        value           nonuniform List<scalar> 
148
(
7254.63
8569.06
9629.25
10283
10668.4
10885.8
10995.8
11034.9
11026.8
10987.3
10927.3
10854.4
10774
10689.7
10604.1
10519.1
10435.8
10355
10277.3
10202.9
10131.9
10064.5
10000.5
9939.93
9882.61
9828.41
9777.18
9728.79
9682.92
9640.12
9596.73
9568.86
9476.66
1184.13
1220.26
1271.2
1316.39
1360.25
1400.44
1439.82
1483.1
1529.79
1567.99
1593.7
1597.79
1633.95
1380.22
1516.77
1184.13
289.332
302.462
311.316
314.42
313.353
310.427
306.435
302.528
298.541
294.69
276.505
337.622
301.056
501.475
635.409
740.673
827.678
902.277
967.833
1026.37
1079.12
1126.92
1170.4
1210.1
1246.52
1280.17
1311.47
1340.85
1368.65
1395.15
1420.59
1445.12
1468.9
1492.01
1514.54
1536.59
1558.26
1579.7
1601.01
1621.88
1642.36
1662.46
1682.16
1701.43
1720.21
1738.44
1756.07
1773.03
1789.24
1804.64
1819.14
1832.67
1845.15
1856.48
1866.59
1875.4
1882.82
1888.79
1893.23
1896.08
1897.3
1896.84
1894.67
1890.79
1885.21
1877.96
1869.07
1858.66
1847.12
1836.18
1830.97
1829.05
1826.49
1822.73
1817.8
1811.82
1804.93
1797.25
1788.86
1779.85
1770.32
1760.33
1749.96
1739.28
1728.36
1717.26
1706.04
1694.75
1683.46
1672.2
1661.02
1649.98
1639.13
1628.54
1618.29
1608.51
1599.45
1591.47
1584.9
)
;
    }
    upperWall
    {
        Cmu             0.09;
        kappa           0.41;
        E               9.8;
        beta1           0.075;
        type            omegaWallFunction;
        value           nonuniform List<scalar> 
133
(
1719.4
1778.23
1839.24
1895.41
1945.93
1992.23
2035.28
2075.52
2113.26
2148.7
2182.04
2213.4
2242.93
2270.74
2296.93
2321.61
2344.85
2366.75
2387.37
2406.81
2425.12
2442.37
2458.63
2473.95
2488.38
2501.98
2514.8
2526.88
2538.26
2548.99
2559.1
2568.63
2577.62
2587.45
2598.14
2608.41
2618.25
2627.65
2636.61
2645.13
2653.2
2660.82
2668
2674.72
2680.99
2686.8
2692.16
2697.06
2701.5
2705.48
2709
2712.06
2714.65
2716.78
2718.45
2719.64
2720.37
2720.62
2720.39
2719.69
2718.5
2716.82
2714.65
2711.98
2708.81
2705.12
2700.91
2696.18
2690.91
2685.09
2678.72
2671.79
2664.29
2656.2
2647.53
2638.26
2628.39
2617.9
2606.79
2595.07
2582.72
2569.74
2556.15
2541.93
2527.12
2511.71
2495.72
2479.17
2462.1
2444.53
2426.51
2408.07
2389.26
2370.15
2350.8
2331.27
2311.64
2291.99
2272.39
2252.95
2233.73
2214.84
2196.35
2178.35
2160.92
2144.12
2128.02
2112.68
2098.12
2084.39
2071.5
2059.46
2048.24
2037.84
2028.22
2019.34
2011.15
2003.59
1996.6
1990.12
1984.07
1978.39
1973.02
1967.88
1962.93
1958.09
1953.32
1948.57
1943.75
1938.94
1933.7
1929.42
1920.64
)
;
    }
    frontAndBack
    {
        type            empty;
    }
}


// ************************************************************************* //
