/*--------------------------------*- C++ -*----------------------------------*\
| =========                 |                                                 |
| \\      /  F ield         | OpenFOAM: The Open Source CFD Toolbox           |
|  \\    /   O peration     | Version:  4.1                                   |
|   \\  /    A nd           | Web:      www.OpenFOAM.org                      |
|    \\/     M anipulation  |                                                 |
\*---------------------------------------------------------------------------*/
FoamFile
{
    version     2.0;
    format      ascii;
    class       volScalarField;
    location    "700";
    object      p;
}
// * * * * * * * * * * * * * * * * * * * * * * * * * * * * * * * * * * * * * //

dimensions      [0 2 -2 0 0 0 0];

internalField   nonuniform List<scalar> 
6820
(
6.15725
-4.54166
-8.06829
-8.81352
-9.20612
-9.53736
-9.72573
-9.81905
-9.88195
-9.93462
-9.97769
-10.0127
-10.0429
-10.0701
-10.0949
-10.1178
-10.1392
-10.1594
-10.1786
-10.1969
-10.2145
-10.2315
-10.2479
-10.2639
-10.2794
-10.2944
-10.309
-10.3229
-10.336
-10.3483
-10.3585
-10.3684
-10.3647
-15.562
-12.0148
-11.2129
-10.4086
-10.0254
-9.94322
-9.9293
-9.92443
-9.93643
-9.96151
-9.98961
-10.0166
-10.0425
-10.0674
-10.0911
-10.1135
-10.1348
-10.155
-10.1743
-10.1928
-10.2107
-10.2279
-10.2446
-10.2607
-10.2765
-10.2917
-10.3066
-10.3209
-10.3346
-10.3478
-10.3596
-10.372
-10.3774
-13.3715
-9.86358
-9.60149
-9.59124
-9.57856
-9.66909
-9.76227
-9.82451
-9.87513
-9.9223
-9.96377
-9.99921
-10.0304
-10.0586
-10.0844
-10.1081
-10.1303
-10.151
-10.1707
-10.1895
-10.2075
-10.2248
-10.2416
-10.2578
-10.2737
-10.2891
-10.304
-10.3186
-10.3327
-10.3465
-10.3596
-10.3733
-10.3842
-10.9447
-9.47373
-9.6242
-9.73452
-9.71462
-9.76374
-9.82786
-9.87145
-9.90766
-9.9437
-9.97738
-10.0076
-10.0352
-10.0608
-10.0849
-10.1074
-10.1287
-10.1489
-10.1682
-10.1868
-10.2046
-10.2219
-10.2386
-10.255
-10.2709
-10.2864
-10.3016
-10.3165
-10.3312
-10.3456
-10.3599
-10.3748
-10.3891
-10.4923
-9.77779
-9.81644
-9.82734
-9.77783
-9.79973
-9.84622
-9.88245
-9.91482
-9.94799
-9.97977
-10.0089
-10.0358
-10.061
-10.0846
-10.1069
-10.1279
-10.148
-10.1671
-10.1855
-10.2033
-10.2205
-10.2372
-10.2535
-10.2694
-10.285
-10.3003
-10.3155
-10.3305
-10.3455
-10.3605
-10.3763
-10.3926
-10.4117
-9.93195
-9.88391
-9.85791
-9.81405
-9.82734
-9.86383
-9.89586
-9.9258
-9.95645
-9.9861
-10.0137
-10.0394
-10.0636
-10.0864
-10.1081
-10.1286
-10.1482
-10.167
-10.1852
-10.2027
-10.2197
-10.2363
-10.2525
-10.2684
-10.284
-10.2995
-10.3148
-10.3301
-10.3455
-10.3612
-10.3777
-10.3952
-10.2887
-9.96231
-9.90802
-9.88256
-9.84934
-9.85735
-9.88519
-9.91246
-9.93921
-9.96687
-9.99404
-10.0198
-10.0441
-10.0672
-10.0891
-10.11
-10.13
-10.1492
-10.1676
-10.1854
-10.2027
-10.2195
-10.236
-10.2521
-10.2679
-10.2835
-10.299
-10.3144
-10.3299
-10.3456
-10.3617
-10.3786
-10.3967
-10.1797
-9.97427
-9.92957
-9.90733
-9.88144
-9.88569
-9.90663
-9.92946
-9.95307
-9.9779
-10.0027
-10.0266
-10.0495
-10.0715
-10.0925
-10.1127
-10.1321
-10.1507
-10.1688
-10.1862
-10.2032
-10.2198
-10.2361
-10.252
-10.2678
-10.2833
-10.2988
-10.3143
-10.3299
-10.3457
-10.362
-10.3791
-10.3973
-10.1087
-9.98506
-9.94752
-9.92762
-9.90776
-9.91022
-9.92636
-9.94567
-9.96661
-9.98897
-10.0116
-10.0339
-10.0554
-10.0763
-10.0964
-10.1158
-10.1346
-10.1527
-10.1703
-10.1874
-10.2041
-10.2204
-10.2364
-10.2522
-10.2678
-10.2833
-10.2987
-10.3142
-10.3298
-10.3457
-10.362
-10.379
-10.397
-10.0644
-9.99168
-9.96053
-9.9435
-9.92898
-9.93095
-9.94395
-9.96061
-9.97935
-9.99961
-10.0204
-10.0411
-10.0614
-10.0812
-10.1005
-10.1191
-10.1372
-10.1549
-10.172
-10.1887
-10.2051
-10.2212
-10.237
-10.2526
-10.268
-10.2833
-10.2987
-10.314
-10.3296
-10.3454
-10.3616
-10.3783
-10.3959
-10.0367
-9.99503
-9.97034
-9.95647
-9.94631
-9.94839
-9.95935
-9.97404
-9.99099
-10.0095
-10.0287
-10.0481
-10.0672
-10.086
-10.1044
-10.1224
-10.1399
-10.157
-10.1737
-10.1901
-10.2061
-10.2219
-10.2375
-10.2528
-10.2681
-10.2833
-10.2984
-10.3137
-10.3291
-10.3447
-10.3606
-10.377
-10.394
-10.0202
-9.99711
-9.9784
-9.96753
-9.96073
-9.96314
-9.97273
-9.98594
-10.0014
-10.0185
-10.0363
-10.0545
-10.0726
-10.0905
-10.1081
-10.1254
-10.1424
-10.159
-10.1753
-10.1913
-10.207
-10.2225
-10.2378
-10.2529
-10.268
-10.283
-10.2979
-10.313
-10.3281
-10.3435
-10.3591
-10.3751
-10.3914
-10.0113
-9.99908
-9.98545
-9.97724
-9.97297
-9.97576
-9.98441
-9.99644
-10.0107
-10.0265
-10.0432
-10.0602
-10.0774
-10.0945
-10.1115
-10.1281
-10.1446
-10.1607
-10.1766
-10.1922
-10.2076
-10.2228
-10.2378
-10.2527
-10.2675
-10.2823
-10.297
-10.3118
-10.3267
-10.3417
-10.3569
-10.3724
-10.3881
-10.0076
-10.0014
-9.99186
-9.98595
-9.9836
-9.98674
-9.99469
-10.0057
-10.0189
-10.0336
-10.0493
-10.0654
-10.0817
-10.098
-10.1143
-10.1304
-10.1463
-10.162
-10.1775
-10.1928
-10.2078
-10.2227
-10.2375
-10.2521
-10.2667
-10.2811
-10.2956
-10.3101
-10.3246
-10.3393
-10.354
-10.3689
-10.384
-10.0072
-10.0043
-9.9979
-9.9939
-9.99301
-9.99643
-10.0038
-10.0141
-10.0263
-10.04
-10.0547
-10.0699
-10.0854
-10.1011
-10.1167
-10.1323
-10.1477
-10.1629
-10.178
-10.1929
-10.2076
-10.2222
-10.2367
-10.251
-10.2653
-10.2795
-10.2936
-10.3078
-10.322
-10.3362
-10.3505
-10.3648
-10.3791
-10.0089
-10.0078
-10.0037
-10.0013
-10.0015
-10.0051
-10.0121
-10.0216
-10.033
-10.0458
-10.0595
-10.0739
-10.0887
-10.1036
-10.1186
-10.1336
-10.1486
-10.1634
-10.1781
-10.1926
-10.207
-10.2213
-10.2354
-10.2494
-10.2634
-10.2773
-10.2911
-10.3049
-10.3187
-10.3324
-10.3462
-10.3599
-10.3736
-10.0121
-10.0118
-10.0094
-10.0081
-10.0091
-10.0129
-10.0195
-10.0284
-10.039
-10.0509
-10.0638
-10.0774
-10.0914
-10.1057
-10.1201
-10.1346
-10.149
-10.1634
-10.1777
-10.1918
-10.2059
-10.2198
-10.2336
-10.2474
-10.261
-10.2745
-10.288
-10.3014
-10.3147
-10.328
-10.3412
-10.3544
-10.3674
-10.0161
-10.0162
-10.0149
-10.0146
-10.0162
-10.0201
-10.0263
-10.0345
-10.0444
-10.0556
-10.0677
-10.0805
-10.0938
-10.1075
-10.1213
-10.1352
-10.1491
-10.163
-10.1769
-10.1907
-10.2044
-10.2179
-10.2314
-10.2448
-10.258
-10.2712
-10.2843
-10.2973
-10.3102
-10.323
-10.3356
-10.3482
-10.3606
-10.0206
-10.0208
-10.0204
-10.0207
-10.0227
-10.0266
-10.0324
-10.0401
-10.0493
-10.0597
-10.0711
-10.0832
-10.0958
-10.1088
-10.122
-10.1354
-10.1489
-10.1623
-10.1758
-10.1891
-10.2024
-10.2156
-10.2287
-10.2417
-10.2546
-10.2674
-10.2801
-10.2926
-10.3051
-10.3174
-10.3295
-10.3415
-10.3533
-10.0254
-10.0257
-10.0257
-10.0265
-10.0287
-10.0325
-10.038
-10.0452
-10.0537
-10.0634
-10.0741
-10.0855
-10.0975
-10.1098
-10.1225
-10.1353
-10.1483
-10.1613
-10.1743
-10.1872
-10.2001
-10.2129
-10.2257
-10.2383
-10.2508
-10.2632
-10.2754
-10.2875
-10.2995
-10.3113
-10.3229
-10.3343
-10.3455
-10.0304
-10.0306
-10.0309
-10.032
-10.0342
-10.0379
-10.0431
-10.0497
-10.0576
-10.0667
-10.0767
-10.0874
-10.0987
-10.1105
-10.1226
-10.1349
-10.1473
-10.1599
-10.1724
-10.185
-10.1975
-10.2099
-10.2222
-10.2344
-10.2465
-10.2585
-10.2703
-10.282
-10.2935
-10.3047
-10.3158
-10.3267
-10.3374
-10.0354
-10.0356
-10.036
-10.0372
-10.0394
-10.0428
-10.0476
-10.0537
-10.061
-10.0695
-10.0788
-10.0889
-10.0996
-10.1108
-10.1223
-10.1341
-10.1461
-10.1582
-10.1703
-10.1824
-10.1945
-10.2065
-10.2185
-10.2303
-10.242
-10.2535
-10.2649
-10.2761
-10.2871
-10.2979
-10.3084
-10.3188
-10.3289
-10.0404
-10.0405
-10.041
-10.0421
-10.0441
-10.0472
-10.0516
-10.0572
-10.0639
-10.0717
-10.0805
-10.09
-10.1001
-10.1107
-10.1217
-10.133
-10.1445
-10.1561
-10.1678
-10.1796
-10.1912
-10.2029
-10.2144
-10.2258
-10.2371
-10.2482
-10.2591
-10.2698
-10.2804
-10.2907
-10.3008
-10.3106
-10.3201
-10.0454
-10.0455
-10.0459
-10.0468
-10.0485
-10.0512
-10.055
-10.0601
-10.0663
-10.0735
-10.0816
-10.0905
-10.1001
-10.1102
-10.1207
-10.1315
-10.1426
-10.1538
-10.1651
-10.1764
-10.1877
-10.1989
-10.21
-10.221
-10.2319
-10.2426
-10.2531
-10.2634
-10.2734
-10.2833
-10.2928
-10.3021
-10.3111
-10.0504
-10.0505
-10.0507
-10.0512
-10.0525
-10.0547
-10.058
-10.0624
-10.068
-10.0746
-10.0822
-10.0906
-10.0996
-10.1092
-10.1193
-10.1297
-10.1403
-10.1511
-10.162
-10.1729
-10.1838
-10.1946
-10.2054
-10.216
-10.2264
-10.2367
-10.2468
-10.2566
-10.2663
-10.2756
-10.2847
-10.2935
-10.302
-10.0555
-10.0556
-10.0555
-10.0555
-10.0561
-10.0577
-10.0604
-10.0642
-10.0691
-10.0752
-10.0822
-10.09
-10.0986
-10.1078
-10.1174
-10.1274
-10.1376
-10.148
-10.1585
-10.1691
-10.1796
-10.1901
-10.2005
-10.2107
-10.2208
-10.2306
-10.2403
-10.2497
-10.2589
-10.2678
-10.2764
-10.2847
-10.2928
-10.0607
-10.0608
-10.0602
-10.0595
-10.0594
-10.0602
-10.0621
-10.0652
-10.0695
-10.075
-10.0815
-10.0889
-10.097
-10.1057
-10.115
-10.1246
-10.1345
-10.1445
-10.1547
-10.1649
-10.1751
-10.1852
-10.1953
-10.2051
-10.2148
-10.2243
-10.2336
-10.2426
-10.2513
-10.2598
-10.268
-10.2759
-10.2834
-10.0663
-10.0664
-10.0651
-10.0635
-10.0623
-10.0621
-10.0631
-10.0655
-10.0692
-10.074
-10.08
-10.087
-10.0947
-10.1031
-10.112
-10.1213
-10.1308
-10.1406
-10.1505
-10.1604
-10.1703
-10.1801
-10.1898
-10.1993
-10.2086
-10.2178
-10.2267
-10.2353
-10.2436
-10.2517
-10.2595
-10.2669
-10.274
-10.0726
-10.0726
-10.0703
-10.0673
-10.0648
-10.0634
-10.0634
-10.0649
-10.0678
-10.0722
-10.0777
-10.0842
-10.0916
-10.0997
-10.1083
-10.1173
-10.1266
-10.1362
-10.1458
-10.1554
-10.165
-10.1745
-10.1839
-10.1931
-10.2022
-10.211
-10.2195
-10.2278
-10.2357
-10.2434
-10.2508
-10.2578
-10.2645
-10.0799
-10.0798
-10.0761
-10.071
-10.0667
-10.0639
-10.0626
-10.0632
-10.0655
-10.0692
-10.0743
-10.0805
-10.0876
-10.0955
-10.1039
-10.1127
-10.1218
-10.1311
-10.1405
-10.1499
-10.1593
-10.1686
-10.1777
-10.1866
-10.1954
-10.2038
-10.2121
-10.22
-10.2276
-10.235
-10.242
-10.2486
-10.2549
-10.0891
-10.0887
-10.0825
-10.0746
-10.068
-10.0633
-10.0607
-10.0602
-10.0617
-10.065
-10.0698
-10.0757
-10.0826
-10.0903
-10.0986
-10.1072
-10.1162
-10.1254
-10.1346
-10.1438
-10.153
-10.1621
-10.171
-10.1797
-10.1881
-10.1964
-10.2043
-10.2119
-10.2192
-10.2263
-10.2329
-10.2392
-10.2452
-10.1016
-10.1003
-10.0901
-10.0781
-10.0684
-10.0613
-10.0571
-10.0555
-10.0564
-10.0592
-10.0637
-10.0695
-10.0763
-10.0839
-10.0921
-10.1007
-10.1096
-10.1187
-10.1278
-10.1369
-10.146
-10.1549
-10.1636
-10.1721
-10.1804
-10.1883
-10.196
-10.2034
-10.2105
-10.2172
-10.2236
-10.2296
-10.2353
-10.1198
-10.1161
-10.0989
-10.0809
-10.0673
-10.0574
-10.0513
-10.0487
-10.049
-10.0514
-10.0558
-10.0615
-10.0683
-10.076
-10.0842
-10.0928
-10.1018
-10.1108
-10.1199
-10.129
-10.1379
-10.1468
-10.1554
-10.1638
-10.1719
-10.1797
-10.1872
-10.1944
-10.2013
-10.2078
-10.2139
-10.2197
-10.2252
-10.1502
-10.1389
-10.1084
-10.0816
-10.0631
-10.0501
-10.0422
-10.0387
-10.0386
-10.0409
-10.0452
-10.0511
-10.0581
-10.0658
-10.0742
-10.083
-10.092
-10.1012
-10.1104
-10.1195
-10.1285
-10.1373
-10.1459
-10.1542
-10.1623
-10.17
-10.1775
-10.1846
-10.1913
-10.1977
-10.2038
-10.2094
-10.2147
-10.2052
-10.1768
-10.1217
-10.0809
-10.0547
-10.037
-10.0271
-10.0232
-10.0231
-10.0258
-10.0308
-10.0374
-10.045
-10.0535
-10.0624
-10.0717
-10.0812
-10.0906
-10.1001
-10.1094
-10.1186
-10.1275
-10.1361
-10.1445
-10.1526
-10.1603
-10.1677
-10.1747
-10.1813
-10.1876
-10.1935
-10.199
-10.2042
-10.2882
-10.2251
-10.1405
-10.087
-10.0483
-10.0202
-10.0051
-9.99856
-9.99681
-9.99871
-10.0036
-10.0107
-10.0192
-10.0286
-10.0387
-10.0491
-10.0597
-10.0703
-10.0809
-10.0912
-10.1013
-10.1111
-10.1206
-10.1297
-10.1384
-10.1468
-10.1547
-10.1622
-10.1693
-10.176
-10.1822
-10.188
-10.1934
-10.4384
-10.2049
-10.0755
-10.0622
-10.0474
-10.0299
-10.024
-10.0236
-10.0238
-10.0253
-10.0286
-10.0332
-10.0388
-10.0452
-10.0523
-10.06
-10.068
-10.0762
-10.0846
-10.0929
-10.1013
-10.1095
-10.1176
-10.1255
-10.1331
-10.1404
-10.1475
-10.1542
-10.1607
-10.1667
-10.1725
-10.1778
-10.1829
-11.3947
-10.1715
-9.58116
-9.50189
-9.51503
-9.55264
-9.60814
-9.66408
-9.71475
-9.76144
-9.80443
-9.84325
-9.87798
-9.90913
-9.93719
-9.96251
-9.98545
-10.0063
-10.0253
-10.0427
-10.0587
-10.0734
-10.087
-10.0996
-10.1112
-10.1219
-10.1319
-10.1411
-10.1496
-10.1574
-10.1646
-10.1711
-10.177
-15.1638
-12.9609
-11.9298
-11.2934
-10.8663
-10.6155
-10.4536
-10.3305
-10.2382
-10.1739
-10.1303
-10.1008
-10.0814
-10.0697
-10.0637
-10.0618
-10.0629
-10.0662
-10.0711
-10.0771
-10.0838
-10.091
-10.0984
-10.106
-10.1135
-10.1209
-10.1281
-10.1351
-10.1419
-10.1483
-10.1544
-10.1603
-10.1658
-1.25009
-5.34275
-7.46656
-8.23908
-8.67791
-9.04162
-9.30779
-9.48404
-9.60812
-9.704
-9.77952
-9.83849
-9.88523
-9.9234
-9.95533
-9.98247
-10.0059
-10.0263
-10.0444
-10.0607
-10.0754
-10.0887
-10.1009
-10.1122
-10.1225
-10.1321
-10.1409
-10.1491
-10.1566
-10.1635
-10.1699
-10.1757
-10.181
-10.3483
-10.1326
-10.4217
-10.6911
-10.7958
-10.8283
-10.8394
-10.8365
-10.8261
-10.8179
-10.8187
-10.8316
-10.8579
-10.8969
-10.947
-11.0055
-11.0696
-11.1363
-11.2028
-11.2668
-11.326
-11.3788
-11.4239
-11.4604
-11.4875
-11.5049
-11.5125
-11.51
-11.4977
-11.4754
-11.4433
-11.4013
-11.3495
-11.2878
-11.216
-11.1342
-11.042
-10.9393
-10.826
-10.7018
-10.5664
-10.4196
-10.2613
-10.0912
-9.90932
-9.71549
-9.50976
-9.29223
-9.06312
-8.82275
-8.57158
-8.31017
-8.03925
-7.75965
-7.47236
-7.17846
-6.87916
-6.57576
-6.26965
-5.96225
-5.65504
-5.34947
-5.047
-4.74902
-4.45686
-4.17175
-3.89479
-3.62696
-3.3691
-3.1219
-2.88587
-2.66139
-2.44871
-2.24792
-2.05901
-1.88185
-1.7162
-1.56175
-1.41809
-1.28475
-1.16125
-1.04704
-0.941594
-0.844351
-0.75477
-0.672324
-0.596499
-0.526812
-0.46279
-0.404029
-0.350044
-0.300614
-0.254987
-0.213622
-0.174295
-0.140573
-0.103369
-0.0804862
-0.0325167
-0.0412401
-10.3952
-10.3946
-10.5885
-10.7335
-10.7658
-10.7602
-10.7522
-10.7424
-10.7331
-10.731
-10.7403
-10.7621
-10.7962
-10.8413
-10.8956
-10.9567
-11.0221
-11.0893
-11.1558
-11.2194
-11.2782
-11.3306
-11.3753
-11.4114
-11.4383
-11.4556
-11.4631
-11.4606
-11.4483
-11.4261
-11.3941
-11.3523
-11.3006
-11.239
-11.1675
-11.0858
-10.9939
-10.8915
-10.7785
-10.6546
-10.5197
-10.3735
-10.2158
-10.0466
-9.86564
-9.67293
-9.46848
-9.25242
-9.02497
-8.78645
-8.53732
-8.27813
-8.00961
-7.73256
-7.44795
-7.15684
-6.86042
-6.55995
-6.25678
-5.9523
-5.64795
-5.34515
-5.04533
-4.74984
-4.45999
-4.17699
-3.90193
-3.63578
-3.37937
-3.13338
-2.89834
-2.67464
-2.46253
-2.26212
-2.07342
-1.8963
-1.73056
-1.57588
-1.43188
-1.29813
-1.17413
-1.05937
-0.953322
-0.855447
-0.765213
-0.682098
-0.605594
-0.535227
-0.470522
-0.41108
-0.356413
-0.306309
-0.259987
-0.217972
-0.177879
-0.143678
-0.105335
-0.0830312
-0.0317
-0.0470187
-10.408
-10.4228
-10.5099
-10.6112
-10.6683
-10.6972
-10.7162
-10.7262
-10.7293
-10.7322
-10.7403
-10.7566
-10.7825
-10.8186
-10.8642
-10.9178
-10.9773
-11.0401
-11.1036
-11.1653
-11.223
-11.2747
-11.3191
-11.3552
-11.3821
-11.3995
-11.4072
-11.4051
-11.3931
-11.3712
-11.3396
-11.2981
-11.2467
-11.1855
-11.1143
-11.033
-10.9415
-10.8396
-10.727
-10.6038
-10.4695
-10.3241
-10.1673
-9.99908
-9.81929
-9.6279
-9.42495
-9.21057
-8.98498
-8.74852
-8.50162
-8.24485
-7.9789
-7.70457
-7.42281
-7.13465
-6.84124
-6.54382
-6.24371
-5.94225
-5.64086
-5.34092
-5.04383
-4.75092
-4.46346
-4.18264
-3.90955
-3.64514
-3.39023
-3.14551
-2.91151
-2.68863
-2.47712
-2.27712
-2.08864
-1.91157
-1.74573
-1.59082
-1.44648
-1.31228
-1.18776
-1.07241
-0.965733
-0.867189
-0.776259
-0.692431
-0.615206
-0.544112
-0.478679
-0.418511
-0.363116
-0.312293
-0.265235
-0.222525
-0.181639
-0.146898
-0.107434
-0.0855723
-0.0310671
-0.0525473
-10.4119
-10.4366
-10.5046
-10.5983
-10.662
-10.6919
-10.7064
-10.7131
-10.7153
-10.7185
-10.7275
-10.7446
-10.7709
-10.8061
-10.8495
-10.8995
-10.9541
-11.0112
-11.0687
-11.1246
-11.177
-11.2243
-11.2653
-11.2988
-11.3241
-11.3406
-11.3478
-11.3455
-11.3336
-11.312
-11.2806
-11.2395
-11.1886
-11.1279
-11.0572
-10.9764
-10.8854
-10.7841
-10.6722
-10.5497
-10.4162
-10.2718
-10.116
-9.94899
-9.77052
-9.58062
-9.37934
-9.1668
-8.94324
-8.70898
-8.46447
-8.21025
-7.94701
-7.67554
-7.39674
-7.11164
-6.82135
-6.52709
-6.23013
-5.9318
-5.63346
-5.33647
-5.0422
-4.75195
-4.46697
-4.18843
-3.91739
-3.6548
-3.40148
-3.1581
-2.92521
-2.70321
-2.49236
-2.2928
-2.10458
-1.92759
-1.76166
-1.60653
-1.46184
-1.32718
-1.20212
-1.08617
-0.978827
-0.879579
-0.787915
-0.703333
-0.625342
-0.553477
-0.48727
-0.42633
-0.370162
-0.318573
-0.270737
-0.227284
-0.185571
-0.150235
-0.109647
-0.0881241
-0.030562
-0.057841
-10.4161
-10.4473
-10.5036
-10.5761
-10.6291
-10.6574
-10.6745
-10.6867
-10.6957
-10.7047
-10.7174
-10.7362
-10.762
-10.7951
-10.835
-10.8807
-10.9306
-10.983
-11.0358
-11.0873
-11.1357
-11.1794
-11.217
-11.2477
-11.2705
-11.2849
-11.2904
-11.2869
-11.2741
-11.252
-11.2204
-11.1792
-11.1284
-11.0679
-10.9975
-10.9171
-10.8267
-10.7259
-10.6148
-10.493
-10.3604
-10.2169
-10.0624
-9.89658
-9.71953
-9.53122
-9.3317
-9.1211
-8.89966
-8.66771
-8.42567
-8.17411
-7.91367
-7.64513
-7.36939
-7.08744
-6.80037
-6.50935
-6.21564
-5.92053
-5.62534
-5.33141
-5.04007
-4.75259
-4.4702
-4.19405
-3.92518
-3.66452
-3.41289
-3.17095
-2.93926
-2.71821
-2.50809
-2.30905
-2.12113
-1.94426
-1.77828
-1.62294
-1.47791
-1.34281
-1.2172
-1.10062
-0.992595
-0.892614
-0.800184
-0.714813
-0.636017
-0.563338
-0.496313
-0.434556
-0.37757
-0.325169
-0.276511
-0.232268
-0.189695
-0.153707
-0.111995
-0.0906937
-0.0302196
-0.0628547
-10.4191
-10.4515
-10.4986
-10.5562
-10.6036
-10.6343
-10.6551
-10.6707
-10.6828
-10.6942
-10.7083
-10.7272
-10.7519
-10.783
-10.8199
-10.8619
-10.9076
-10.9554
-11.0037
-11.0508
-11.0949
-11.1348
-11.1691
-11.1969
-11.2173
-11.2297
-11.2337
-11.2289
-11.2151
-11.1922
-11.16
-11.1185
-11.0674
-11.0068
-10.9365
-10.8563
-10.7662
-10.6659
-10.5553
-10.4342
-10.3025
-10.1599
-10.0065
-9.84194
-9.66633
-9.47963
-9.2819
-9.07328
-8.85401
-8.62441
-8.38491
-8.13605
-7.87848
-7.61296
-7.34035
-7.06163
-6.77787
-6.4902
-6.19984
-5.90806
-5.61614
-5.3254
-5.03711
-4.75253
-4.47287
-4.19923
-3.93265
-3.67405
-3.42423
-3.18385
-2.95346
-2.73348
-2.52417
-2.32572
-2.13817
-1.96148
-1.7955
-1.63998
-1.49464
-1.3591
-1.23295
-1.11574
-1.00701
-0.906281
-0.813059
-0.726867
-0.647231
-0.5737
-0.505818
-0.443201
-0.385355
-0.332097
-0.282575
-0.237494
-0.194027
-0.157327
-0.114498
-0.0932818
-0.0300811
-0.0675286
-10.4204
-10.4521
-10.493
-10.5409
-10.5832
-10.6138
-10.636
-10.6533
-10.6678
-10.6815
-10.6971
-10.7166
-10.7409
-10.7703
-10.8047
-10.8433
-10.8851
-10.9286
-10.9725
-11.0152
-11.0552
-11.0912
-11.122
-11.1467
-11.1644
-11.1746
-11.1767
-11.1704
-11.1555
-11.1316
-11.0987
-11.0566
-11.0052
-10.9444
-10.8741
-10.794
-10.704
-10.6041
-10.4939
-10.3734
-10.2424
-10.1008
-9.94834
-9.78505
-9.61085
-9.42574
-9.22979
-9.02316
-8.80608
-8.57886
-8.34194
-8.09584
-7.8412
-7.57877
-7.30937
-7.03398
-6.75361
-6.4694
-6.18251
-5.89418
-5.60566
-5.31823
-5.03313
-4.7516
-4.47479
-4.20381
-3.93967
-3.68325
-3.43537
-3.19667
-2.9677
-2.74887
-2.54048
-2.34271
-2.15561
-1.97915
-1.81321
-1.65757
-1.51195
-1.37599
-1.24931
-1.13148
-1.02205
-0.920554
-0.826521
-0.739484
-0.658979
-0.584563
-0.515787
-0.45227
-0.393522
-0.339364
-0.288939
-0.242973
-0.198581
-0.161107
-0.117169
-0.0958868
-0.0301764
-0.071807
-10.4204
-10.4506
-10.4871
-10.5279
-10.5655
-10.5951
-10.618
-10.6368
-10.653
-10.6686
-10.6854
-10.7052
-10.7288
-10.7567
-10.7887
-10.8242
-10.8623
-10.9019
-10.9417
-10.9802
-11.0162
-11.0485
-11.0758
-11.0974
-11.1124
-11.1202
-11.1203
-11.1122
-11.0958
-11.0708
-11.0369
-10.9941
-10.9422
-10.881
-10.8104
-10.7302
-10.6403
-10.5406
-10.4308
-10.3108
-10.1804
-10.0396
-9.88817
-9.72606
-9.55323
-9.3697
-9.17553
-8.97089
-8.756
-8.5312
-8.29689
-8.05359
-7.80194
-7.54265
-7.27655
-7.00456
-6.72769
-6.44703
-6.16371
-5.87895
-5.59395
-5.30995
-5.02817
-4.7498
-4.47598
-4.20778
-3.94618
-3.69208
-3.44624
-3.20933
-2.98189
-2.76433
-2.55694
-2.35992
-2.17335
-1.9972
-1.83137
-1.67564
-1.52977
-1.39343
-1.26624
-1.1478
-1.03767
-0.935402
-0.840546
-0.752646
-0.671247
-0.595918
-0.526215
-0.461764
-0.402077
-0.346978
-0.29561
-0.248714
-0.203366
-0.165053
-0.120022
-0.0985082
-0.0305292
-0.075642
-10.4194
-10.4479
-10.4807
-10.5163
-10.55
-10.5782
-10.6013
-10.6209
-10.6385
-10.6552
-10.6729
-10.6928
-10.7157
-10.7421
-10.7718
-10.8044
-10.8392
-10.8751
-10.9109
-10.9455
-10.9777
-11.0063
-11.0303
-11.0488
-11.061
-11.0664
-11.0643
-11.0545
-11.0365
-11.0101
-10.9752
-10.9315
-10.8788
-10.8171
-10.7461
-10.6657
-10.5757
-10.4761
-10.3665
-10.2469
-10.1171
-9.97706
-9.82656
-9.66558
-9.49407
-9.31207
-9.11966
-8.91699
-8.70431
-8.48191
-8.25023
-8.00977
-7.76114
-7.50504
-7.24228
-6.97376
-6.70046
-6.42342
-6.14376
-5.86264
-5.58125
-5.30077
-5.0224
-4.7473
-4.47656
-4.21124
-3.9523
-3.7006
-3.45691
-3.22188
-2.99605
-2.77983
-2.57353
-2.37735
-2.19137
-2.01558
-1.8499
-1.69415
-1.54807
-1.41137
-1.28369
-1.16465
-1.05383
-0.950793
-0.855108
-0.766331
-0.68402
-0.607754
-0.537096
-0.471678
-0.411018
-0.354941
-0.302593
-0.254723
-0.20839
-0.169174
-0.123066
-0.101146
-0.0311587
-0.0789943
-10.4174
-10.4443
-10.4741
-10.5057
-10.5361
-10.5627
-10.5856
-10.6056
-10.6239
-10.6414
-10.6596
-10.6794
-10.7015
-10.7264
-10.754
-10.7839
-10.8155
-10.8479
-10.8801
-10.9109
-10.9394
-10.9645
-10.9852
-11.0007
-11.0101
-11.013
-11.0088
-10.9971
-10.9775
-10.9497
-10.9136
-10.8689
-10.8155
-10.7531
-10.6817
-10.601
-10.5108
-10.4112
-10.3018
-10.1825
-10.0532
-9.91383
-9.7642
-9.60428
-9.43406
-9.25357
-9.06288
-8.86217
-8.65166
-8.43167
-8.20262
-7.965
-7.7194
-7.46651
-7.20712
-6.94209
-6.67239
-6.39901
-6.12306
-5.84564
-5.5679
-5.29101
-5.01611
-4.74433
-4.47675
-4.21438
-3.95815
-3.70893
-3.46747
-3.23439
-3.01024
-2.79543
-2.59028
-2.39499
-2.20966
-2.03429
-1.86881
-1.71306
-1.56681
-1.42978
-1.30164
-1.18201
-1.0705
-0.966699
-0.87018
-0.780517
-0.69728
-0.620056
-0.548419
-0.482007
-0.420342
-0.363253
-0.309891
-0.261006
-0.213659
-0.173475
-0.126309
-0.103802
-0.0320785
-0.0818334
-10.4146
-10.4398
-10.4671
-10.4956
-10.5232
-10.5484
-10.5707
-10.5907
-10.6093
-10.6272
-10.6455
-10.665
-10.6864
-10.7098
-10.7354
-10.7627
-10.7913
-10.8203
-10.849
-10.8763
-10.9013
-10.9229
-10.9404
-10.9528
-10.9596
-10.96
-10.9536
-10.94
-10.9187
-10.8895
-10.8522
-10.8065
-10.7522
-10.6892
-10.6172
-10.5361
-10.4458
-10.3461
-10.2369
-10.1179
-9.98907
-9.85032
-9.70153
-9.54267
-9.37371
-9.19469
-9.00571
-8.80693
-8.59859
-8.38101
-8.15457
-7.91978
-7.67721
-7.42754
-7.17152
-6.91001
-6.64391
-6.37422
-6.10198
-5.82828
-5.55424
-5.28096
-5.00957
-4.74115
-4.47676
-4.21738
-3.96393
-3.71723
-3.47803
-3.24696
-3.02454
-2.8112
-2.60724
-2.41289
-2.22824
-2.05333
-1.88809
-1.73238
-1.58599
-1.44865
-1.32005
-1.19985
-1.08767
-0.9831
-0.885744
-0.795186
-0.711009
-0.632811
-0.560174
-0.492742
-0.430045
-0.371911
-0.317505
-0.267563
-0.219178
-0.177963
-0.129758
-0.106478
-0.0332964
-0.0841398
-10.411
-10.4347
-10.4599
-10.4858
-10.5111
-10.5348
-10.5563
-10.5761
-10.5947
-10.6127
-10.6309
-10.6499
-10.6703
-10.6923
-10.7159
-10.7407
-10.7665
-10.7924
-10.8177
-10.8416
-10.8631
-10.8815
-10.8958
-10.9053
-10.9094
-10.9073
-10.8988
-10.8832
-10.8602
-10.8296
-10.791
-10.7442
-10.689
-10.6253
-10.5528
-10.4714
-10.3808
-10.2811
-10.1719
-10.0532
-9.92487
-9.78676
-9.63881
-9.48099
-9.31329
-9.13575
-8.94847
-8.75163
-8.54546
-8.33026
-8.10645
-7.87449
-7.63495
-7.38849
-7.13584
-6.87783
-6.61534
-6.34934
-6.08083
-5.81086
-5.54051
-5.27086
-5.003
-4.73797
-4.47679
-4.22043
-3.96977
-3.72563
-3.48873
-3.2597
-3.03905
-2.8272
-2.62447
-2.43109
-2.24717
-2.07274
-1.90776
-1.75211
-1.60559
-1.46797
-1.33893
-1.21817
-1.10531
-0.99998
-0.901784
-0.810324
-0.725195
-0.646007
-0.572351
-0.503875
-0.440121
-0.380913
-0.325433
-0.274398
-0.22495
-0.18264
-0.133416
-0.109176
-0.0348138
-0.0859045
-10.4067
-10.429
-10.4522
-10.476
-10.4994
-10.5216
-10.5423
-10.5616
-10.5799
-10.5977
-10.6155
-10.634
-10.6533
-10.6739
-10.6955
-10.718
-10.741
-10.764
-10.7861
-10.8067
-10.825
-10.8401
-10.8514
-10.858
-10.8594
-10.855
-10.8442
-10.8267
-10.802
-10.7698
-10.7299
-10.6821
-10.626
-10.5615
-10.4885
-10.4067
-10.3159
-10.2161
-10.1071
-9.98865
-9.86077
-9.72331
-9.57621
-9.41944
-9.25301
-9.07695
-8.89139
-8.69649
-8.49248
-8.27969
-8.05849
-7.82936
-7.59285
-7.34959
-7.10031
-6.8458
-6.58693
-6.32461
-6.05982
-5.79358
-5.52692
-5.26091
-4.99657
-4.73493
-4.47698
-4.22365
-3.97581
-3.73424
-3.49967
-3.27269
-3.05383
-2.8435
-2.64203
-2.44964
-2.26646
-2.09254
-1.92785
-1.77227
-1.62565
-1.48774
-1.35828
-1.23696
-1.12343
-1.01733
-0.918291
-0.82592
-0.739829
-0.659635
-0.584941
-0.515401
-0.450565
-0.390256
-0.333675
-0.28151
-0.230977
-0.187511
-0.137286
-0.111898
-0.0366263
-0.0871305
-10.4017
-10.4226
-10.4442
-10.4662
-10.4879
-10.5088
-10.5285
-10.5472
-10.565
-10.5823
-10.5997
-10.6173
-10.6356
-10.6546
-10.6743
-10.6946
-10.715
-10.7351
-10.7542
-10.7717
-10.7869
-10.7989
-10.8072
-10.811
-10.8098
-10.803
-10.79
-10.7705
-10.7441
-10.7104
-10.6692
-10.6203
-10.5633
-10.4981
-10.4244
-10.3422
-10.2513
-10.1514
-10.0424
-9.92433
-9.79692
-9.66012
-9.51389
-9.35819
-9.19303
-9.01847
-8.83463
-8.64168
-8.43986
-8.22946
-8.01089
-7.78458
-7.5511
-7.31105
-7.06514
-6.81412
-6.55884
-6.30019
-6.03912
-5.7766
-5.51363
-5.25124
-4.99043
-4.73218
-4.47746
-4.22716
-3.98214
-3.74316
-3.51092
-3.28601
-3.06896
-2.86017
-2.65997
-2.46858
-2.28617
-2.11277
-1.94837
-1.79289
-1.64616
-1.50798
-1.3781
-1.25622
-1.14202
-1.03515
-0.935261
-0.84197
-0.754903
-0.673688
-0.597938
-0.527314
-0.461374
-0.399937
-0.342228
-0.288901
-0.237259
-0.192578
-0.14137
-0.114651
-0.0387237
-0.0878313
-10.396
-10.4156
-10.4358
-10.4563
-10.4765
-10.496
-10.5148
-10.5326
-10.5498
-10.5666
-10.5832
-10.5999
-10.617
-10.6345
-10.6524
-10.6705
-10.6885
-10.7058
-10.7221
-10.7366
-10.7488
-10.7579
-10.7633
-10.7644
-10.7606
-10.7514
-10.7363
-10.7148
-10.6867
-10.6515
-10.609
-10.5589
-10.501
-10.435
-10.3608
-10.2782
-10.187
-10.0871
-9.97824
-9.86042
-9.73349
-9.59737
-9.45202
-9.29739
-9.13353
-8.96049
-8.77839
-8.5874
-8.38776
-8.17977
-7.96382
-7.74035
-7.50989
-7.27304
-7.03048
-6.78294
-6.53125
-6.27626
-6.01889
-5.76007
-5.50078
-5.242
-4.9847
-4.72983
-4.47833
-4.23107
-3.98886
-3.75247
-3.52256
-3.29973
-3.08449
-2.87724
-2.67832
-2.48796
-2.30631
-2.13344
-1.96935
-1.81396
-1.66714
-1.5287
-1.3984
-1.27596
-1.16108
-1.05344
-0.95269
-0.858468
-0.770412
-0.688161
-0.611338
-0.539608
-0.472542
-0.409953
-0.351093
-0.296569
-0.243797
-0.197843
-0.145665
-0.117438
-0.0410906
-0.0880313
-10.3896
-10.4081
-10.427
-10.446
-10.4649
-10.4832
-10.501
-10.518
-10.5344
-10.5504
-10.5662
-10.582
-10.5978
-10.6138
-10.6299
-10.6459
-10.6615
-10.6763
-10.6898
-10.7015
-10.7107
-10.717
-10.7197
-10.7181
-10.7118
-10.7003
-10.6831
-10.6597
-10.6299
-10.5932
-10.5493
-10.4981
-10.4393
-10.3725
-10.2978
-10.2147
-10.1233
-10.0233
-9.91463
-9.79711
-9.67068
-9.53526
-9.39079
-9.23726
-9.07471
-8.90319
-8.72284
-8.53382
-8.33637
-8.1308
-7.91747
-7.69683
-7.46939
-7.23573
-6.9965
-6.75244
-6.50431
-6.25296
-5.99927
-5.74413
-5.4885
-5.23331
-4.9795
-4.728
-4.4797
-4.23545
-3.99605
-3.76223
-3.53466
-3.3139
-3.10047
-2.89477
-2.69713
-2.50779
-2.32691
-2.15458
-1.9908
-1.83551
-1.6886
-1.54989
-1.41917
-1.29617
-1.18062
-1.07219
-0.970572
-0.875409
-0.786351
-0.703049
-0.625135
-0.55228
-0.484067
-0.420301
-0.360265
-0.304515
-0.25059
-0.203308
-0.150169
-0.120264
-0.0437063
-0.0877635
-10.3825
-10.4
-10.4177
-10.4355
-10.4531
-10.4704
-10.4871
-10.5032
-10.5188
-10.5339
-10.5488
-10.5634
-10.578
-10.5925
-10.6068
-10.6207
-10.6341
-10.6464
-10.6573
-10.6663
-10.6729
-10.6764
-10.6764
-10.6723
-10.6637
-10.6499
-10.6306
-10.6053
-10.5738
-10.5356
-10.4905
-10.4381
-10.3783
-10.3108
-10.2355
-10.1521
-10.0604
-9.96038
-9.85182
-9.73463
-9.6087
-9.47398
-9.33041
-9.178
-9.01677
-8.84679
-8.6682
-8.48115
-8.28591
-8.08275
-7.87204
-7.65422
-7.42978
-7.19929
-6.96339
-6.72277
-6.47819
-6.23045
-5.98041
-5.72893
-5.47691
-5.22528
-4.97494
-4.72678
-4.48166
-4.24041
-4.00379
-3.77254
-3.54728
-3.32859
-3.11696
-2.9128
-2.71643
-2.52811
-2.34801
-2.17621
-2.01274
-1.85755
-1.71054
-1.57156
-1.44042
-1.31686
-1.20062
-1.0914
-0.988902
-0.892785
-0.802712
-0.718343
-0.639321
-0.565323
-0.495942
-0.430976
-0.369742
-0.312735
-0.257635
-0.208973
-0.154877
-0.123137
-0.046546
-0.0870692
-10.375
-10.3914
-10.4081
-10.4247
-10.4412
-10.4573
-10.473
-10.4882
-10.5028
-10.5171
-10.5309
-10.5444
-10.5577
-10.5707
-10.5832
-10.5952
-10.6064
-10.6164
-10.6248
-10.6313
-10.6352
-10.6362
-10.6337
-10.6272
-10.6162
-10.6002
-10.5789
-10.5518
-10.5186
-10.4789
-10.4325
-10.3791
-10.3183
-10.2501
-10.1742
-10.0904
-9.99852
-9.89845
-9.79004
-9.67318
-9.54778
-9.41377
-9.27113
-9.11984
-8.95994
-8.79151
-8.61468
-8.42962
-8.23657
-8.03582
-7.82773
-7.61272
-7.39127
-7.16393
-6.93133
-6.69413
-6.45306
-6.2089
-5.96246
-5.7146
-5.46618
-5.21807
-4.97115
-4.72629
-4.48432
-4.24603
-4.01218
-3.78345
-3.56049
-3.34384
-3.134
-2.93136
-2.73627
-2.54896
-2.36962
-2.19834
-2.03517
-1.88008
-1.73297
-1.59372
-1.46214
-1.33801
-1.22107
-1.11106
-1.00767
-0.910585
-0.819483
-0.734032
-0.653886
-0.578726
-0.508157
-0.441971
-0.379515
-0.321224
-0.264927
-0.214836
-0.159779
-0.126062
-0.0495801
-0.0859944
-10.3669
-10.3824
-10.398
-10.4136
-10.429
-10.4441
-10.4588
-10.473
-10.4867
-10.4999
-10.5127
-10.5251
-10.537
-10.5484
-10.5593
-10.5694
-10.5785
-10.5863
-10.5924
-10.5964
-10.5979
-10.5964
-10.5915
-10.5827
-10.5694
-10.5514
-10.5281
-10.4993
-10.4645
-10.4233
-10.3757
-10.3211
-10.2595
-10.1906
-10.1141
-10.0299
-9.93784
-9.83776
-9.72951
-9.613
-9.48814
-9.35487
-9.21316
-9.06301
-8.90445
-8.73759
-8.56252
-8.37945
-8.1886
-7.99025
-7.78476
-7.57254
-7.35406
-7.12985
-6.90051
-6.66669
-6.4291
-6.18847
-5.94561
-5.70131
-5.45643
-5.2118
-4.96826
-4.72666
-4.48778
-4.25242
-4.02129
-3.79506
-3.57436
-3.35973
-3.15165
-2.95052
-2.75666
-2.57035
-2.39176
-2.22099
-2.05811
-1.9031
-1.75589
-1.61635
-1.48433
-1.35961
-1.24198
-1.13115
-1.02686
-0.928796
-0.83665
-0.750102
-0.668815
-0.592475
-0.520701
-0.453273
-0.389574
-0.329974
-0.272455
-0.220891
-0.164865
-0.129043
-0.0527761
-0.0845897
-10.3584
-10.373
-10.3877
-10.4022
-10.4166
-10.4307
-10.4444
-10.4576
-10.4703
-10.4825
-10.4942
-10.5054
-10.516
-10.5259
-10.5352
-10.5434
-10.5505
-10.5562
-10.5601
-10.5619
-10.561
-10.5573
-10.55
-10.539
-10.5236
-10.5036
-10.4785
-10.4479
-10.4115
-10.369
-10.3201
-10.2645
-10.202
-10.1324
-10.0554
-9.97085
-9.87862
-9.77854
-9.67048
-9.55434
-9.43004
-9.29752
-9.15676
-9.00776
-8.85056
-8.68526
-8.51197
-8.33088
-8.14222
-7.94626
-7.74336
-7.53391
-7.31836
-7.09725
-6.87114
-6.64066
-6.4065
-6.16936
-5.93001
-5.68923
-5.44782
-5.20661
-4.9664
-4.728
-4.49217
-4.25968
-4.03122
-3.80745
-3.58897
-3.37632
-3.16996
-2.9703
-2.77767
-2.59232
-2.41445
-2.24418
-2.08157
-1.92663
-1.77929
-1.63945
-1.50697
-1.38167
-1.26331
-1.15166
-1.04645
-0.947399
-0.854195
-0.766534
-0.684089
-0.606553
-0.533555
-0.464866
-0.399904
-0.33897
-0.280207
-0.22713
-0.170117
-0.132082
-0.0560975
-0.0829064
-10.3495
-10.3633
-10.377
-10.3907
-10.4041
-10.4172
-10.4299
-10.4421
-10.4538
-10.465
-10.4756
-10.4855
-10.4948
-10.5033
-10.5109
-10.5174
-10.5226
-10.5263
-10.5281
-10.5277
-10.5247
-10.5187
-10.5093
-10.4962
-10.4788
-10.4569
-10.43
-10.3978
-10.3599
-10.3161
-10.266
-10.2094
-10.1461
-10.0758
-9.99828
-9.91343
-9.82105
-9.721
-9.61316
-9.49741
-9.3737
-9.24195
-9.10216
-8.95432
-8.7985
-8.63477
-8.46326
-8.28415
-8.09767
-7.90409
-7.70376
-7.49705
-7.28441
-7.06635
-6.84343
-6.61624
-6.38544
-6.15173
-5.91584
-5.67851
-5.44052
-5.20266
-4.96571
-4.73044
-4.4976
-4.26792
-4.04207
-3.8207
-3.60439
-3.39366
-3.18899
-2.99076
-2.79931
-2.6149
-2.43772
-2.26792
-2.10556
-1.95066
-1.80317
-1.66302
-1.53007
-1.40415
-1.28506
-1.17257
-1.06644
-0.966371
-0.872093
-0.783304
-0.699687
-0.620938
-0.546698
-0.476732
-0.410487
-0.348197
-0.288166
-0.233541
-0.175516
-0.13518
-0.0595064
-0.0809964
-10.3403
-10.3533
-10.3662
-10.3789
-10.3914
-10.4035
-10.4153
-10.4265
-10.4372
-10.4473
-10.4568
-10.4655
-10.4735
-10.4806
-10.4866
-10.4915
-10.4949
-10.4967
-10.4965
-10.4941
-10.489
-10.481
-10.4696
-10.4544
-10.4351
-10.4114
-10.3828
-10.349
-10.3097
-10.2647
-10.2135
-10.156
-10.0918
-10.0209
-9.94297
-9.85784
-9.76536
-9.66538
-9.55778
-9.44246
-9.31935
-9.1884
-9.0496
-8.90295
-8.7485
-8.58635
-8.41663
-8.2395
-8.05519
-7.86397
-7.66618
-7.46218
-7.25242
-7.03737
-6.81758
-6.59362
-6.36614
-6.13578
-5.90327
-5.66932
-5.43467
-5.20009
-4.96632
-4.7341
-4.50418
-4.27723
-4.05393
-3.83489
-3.62069
-3.41183
-3.20879
-3.01194
-2.82162
-2.63811
-2.46159
-2.29222
-2.13008
-1.97519
-1.82754
-1.68705
-1.5536
-1.42705
-1.30721
-1.19386
-1.08678
-0.985687
-0.89032
-0.800387
-0.71558
-0.635603
-0.560106
-0.488844
-0.421297
-0.357632
-0.296309
-0.240108
-0.181039
-0.138336
-0.0629633
-0.0789094
-10.3309
-10.3431
-10.3551
-10.367
-10.3786
-10.3898
-10.4006
-10.4109
-10.4206
-10.4297
-10.438
-10.4456
-10.4522
-10.4579
-10.4625
-10.4657
-10.4674
-10.4674
-10.4654
-10.461
-10.4541
-10.4441
-10.4308
-10.4138
-10.3927
-10.3673
-10.3371
-10.3018
-10.2612
-10.215
-10.1627
-10.1043
-10.0395
-9.96799
-9.88965
-9.80429
-9.71174
-9.61186
-9.50454
-9.38969
-9.26722
-9.1371
-8.99931
-8.85386
-8.70081
-8.54025
-8.37231
-8.19715
-8.015
-7.82613
-7.63085
-7.42953
-7.22259
-7.01051
-6.79379
-6.573
-6.34875
-6.12169
-5.89247
-5.66181
-5.43042
-5.19903
-4.96835
-4.73911
-4.512
-4.28771
-4.06687
-3.85009
-3.63793
-3.43088
-3.2294
-3.03387
-2.84464
-2.66197
-2.48607
-2.31709
-2.15513
-2.00022
-1.85237
-1.71151
-1.57754
-1.45034
-1.32972
-1.2155
-1.10745
-1.00532
-0.908843
-0.81775
-0.731739
-0.650518
-0.573747
-0.501175
-0.43231
-0.367252
-0.304613
-0.246812
-0.18666
-0.141546
-0.0664295
-0.0766933
-10.3213
-10.3327
-10.344
-10.355
-10.3658
-10.3761
-10.386
-10.3953
-10.404
-10.412
-10.4193
-10.4256
-10.4311
-10.4354
-10.4385
-10.4403
-10.4404
-10.4387
-10.4349
-10.4288
-10.4199
-10.4082
-10.3931
-10.3743
-10.3516
-10.3246
-10.2929
-10.2563
-10.2145
-10.1671
-10.1139
-10.0547
-9.98916
-9.91717
-9.83849
-9.75295
-9.66038
-9.56066
-9.45367
-9.33931
-9.21752
-9.08826
-8.95151
-8.80729
-8.65565
-8.49668
-8.33052
-8.15733
-7.97732
-7.79077
-7.59797
-7.39929
-7.19513
-6.98595
-6.77224
-6.55455
-6.33347
-6.1096
-5.8836
-5.65614
-5.42791
-5.1996
-4.97192
-4.74555
-4.52118
-4.29945
-4.08098
-3.86637
-3.65616
-3.45084
-3.25085
-3.05658
-2.86837
-2.68649
-2.51115
-2.34251
-2.18069
-2.02573
-1.87764
-1.73638
-1.60187
-1.47398
-1.35257
-1.23745
-1.12841
-1.02522
-0.927625
-0.835356
-0.748126
-0.665646
-0.587589
-0.513692
-0.443492
-0.377027
-0.313048
-0.253631
-0.192352
-0.144802
-0.0698671
-0.0743928
-10.3116
-10.3223
-10.3328
-10.343
-10.3529
-10.3624
-10.3714
-10.3797
-10.3875
-10.3945
-10.4007
-10.4059
-10.4101
-10.4132
-10.4149
-10.4152
-10.4138
-10.4105
-10.4051
-10.3973
-10.3868
-10.3733
-10.3566
-10.3362
-10.312
-10.2835
-10.2504
-10.2125
-10.1695
-10.1212
-10.0671
-10.0071
-9.94105
-9.86862
-9.78966
-9.704
-9.61148
-9.51197
-9.40535
-9.29153
-9.17046
-9.04209
-8.9064
-8.76343
-8.61321
-8.45585
-8.29147
-8.12024
-7.94236
-7.7581
-7.56775
-7.37166
-7.17022
-6.96388
-6.75311
-6.53844
-6.32042
-6.09966
-5.87678
-5.65241
-5.42724
-5.20191
-4.97712
-4.75352
-4.53176
-4.31249
-4.0963
-3.88376
-3.67541
-3.47173
-3.27315
-3.08007
-2.89281
-2.71165
-2.53682
-2.36847
-2.20674
-2.05168
-1.90332
-1.76163
-1.62654
-1.49795
-1.37571
-1.25967
-1.14963
-1.04536
-0.946622
-0.853162
-0.764698
-0.680948
-0.60159
-0.526357
-0.454809
-0.386925
-0.321585
-0.260539
-0.198087
-0.148096
-0.0732412
-0.0720499
-10.3018
-10.3118
-10.3216
-10.331
-10.3401
-10.3487
-10.3568
-10.3643
-10.3711
-10.3771
-10.3823
-10.3864
-10.3895
-10.3913
-10.3917
-10.3906
-10.3878
-10.383
-10.3761
-10.3667
-10.3547
-10.3397
-10.3214
-10.2996
-10.2739
-10.244
-10.2097
-10.1707
-10.1266
-10.0773
-10.0225
-9.96188
-9.89529
-9.82251
-9.74334
-9.65763
-9.56521
-9.46596
-9.35977
-9.24654
-9.12622
-8.99878
-8.86419
-8.72248
-8.5737
-8.41795
-8.25535
-8.08605
-7.91028
-7.72828
-7.54033
-7.34678
-7.14801
-6.94443
-6.73652
-6.52477
-6.30973
-6.09198
-5.8721
-5.65072
-5.42848
-5.20602
-4.984
-4.76305
-4.5438
-4.32687
-4.11284
-3.90228
-3.69569
-3.49356
-3.29631
-3.10432
-2.91794
-2.73744
-2.56304
-2.39493
-2.23324
-2.07804
-1.92936
-1.7872
-1.6515
-1.52217
-1.39909
-1.28211
-1.17104
-1.06567
-0.96578
-0.871115
-0.781407
-0.696375
-0.615707
-0.539129
-0.466222
-0.396911
-0.330191
-0.267511
-0.203837
-0.151418
-0.0765198
-0.0697039
-10.2919
-10.3012
-10.3103
-10.3191
-10.3274
-10.3352
-10.3425
-10.3491
-10.355
-10.36
-10.3642
-10.3673
-10.3692
-10.3698
-10.3691
-10.3667
-10.3625
-10.3564
-10.348
-10.3372
-10.3238
-10.3073
-10.2876
-10.2644
-10.2374
-10.2064
-10.1709
-10.1309
-10.0859
-10.0358
-9.98023
-9.91906
-9.85205
-9.77899
-9.69969
-9.61399
-9.52174
-9.42282
-9.3171
-9.20451
-9.08499
-8.9585
-8.82504
-8.68461
-8.53728
-8.38314
-8.2223
-8.05494
-7.88124
-7.70145
-7.51586
-7.32479
-7.1286
-6.92771
-6.72256
-6.51365
-6.30148
-6.08662
-5.86963
-5.65111
-5.43168
-5.21196
-4.99258
-4.77415
-4.55728
-4.34258
-4.1306
-3.92189
-3.71696
-3.51627
-3.32025
-3.12928
-2.9437
-2.76378
-2.58976
-2.42183
-2.26012
-2.10472
-1.95569
-1.81302
-1.67667
-1.54658
-1.42263
-1.30468
-1.19257
-1.08609
-0.985034
-0.889155
-0.798193
-0.711872
-0.629888
-0.55196
-0.477686
-0.406944
-0.338828
-0.274515
-0.209572
-0.154756
-0.079675
-0.0673926
-10.282
-10.2907
-10.2991
-10.3071
-10.3147
-10.3218
-10.3283
-10.3341
-10.3391
-10.3432
-10.3464
-10.3485
-10.3494
-10.3489
-10.347
-10.3435
-10.3381
-10.3306
-10.321
-10.3089
-10.2941
-10.2764
-10.2554
-10.231
-10.2028
-10.1707
-10.1342
-10.0932
-10.0474
-9.99658
-9.94046
-9.87883
-9.81149
-9.73823
-9.65888
-9.57327
-9.48125
-9.3827
-9.27752
-9.16562
-9.04693
-8.92143
-8.7891
-8.64998
-8.5041
-8.35156
-8.19247
-8.027
-7.85534
-7.67772
-7.49442
-7.30575
-7.11207
-6.91378
-6.7113
-6.5051
-6.29569
-6.08359
-5.86936
-5.65357
-5.43682
-5.2197
-5.00282
-4.78678
-4.57216
-4.35955
-4.1495
-3.94253
-3.73914
-3.53979
-3.34491
-3.15486
-2.96999
-2.79058
-2.61687
-2.44905
-2.28727
-2.13164
-1.9822
-1.83899
-1.70197
-1.57109
-1.44624
-1.32731
-1.21414
-1.10654
-1.00431
-0.907208
-0.814986
-0.727374
-0.644071
-0.564793
-0.489151
-0.41698
-0.347458
-0.281521
-0.215265
-0.158098
-0.0826824
-0.0651534
-10.272
-10.2801
-10.2879
-10.2953
-10.3022
-10.3086
-10.3143
-10.3193
-10.3235
-10.3268
-10.3291
-10.3302
-10.3301
-10.3287
-10.3257
-10.321
-10.3145
-10.3059
-10.2951
-10.2818
-10.2659
-10.247
-10.2249
-10.1994
-10.1702
-10.137
-10.0997
-10.0579
-10.0114
-9.95994
-9.90333
-9.84134
-9.77376
-9.70039
-9.62106
-9.53561
-9.44389
-9.34578
-9.24118
-9.12999
-9.01217
-8.88768
-8.75651
-8.61869
-8.47425
-8.3233
-8.16593
-8.00232
-7.83264
-7.65713
-7.47605
-7.2897
-7.09844
-6.90263
-6.7027
-6.4991
-6.29231
-6.08284
-5.87123
-5.65803
-5.44381
-5.22915
-5.01462
-4.80083
-4.58832
-4.37767
-4.16941
-3.96406
-3.7621
-3.56399
-3.37014
-3.18092
-2.99668
-2.8177
-2.64423
-2.47646
-2.31456
-2.15864
-2.00878
-1.86498
-1.72726
-1.59557
-1.46981
-1.34989
-1.23565
-1.12692
-1.02351
-0.925185
-0.831706
-0.742806
-0.658188
-0.577566
-0.500559
-0.426968
-0.356039
-0.288493
-0.220887
-0.161429
-0.0855212
-0.0630253
-10.2619
-10.2695
-10.2768
-10.2835
-10.2898
-10.2955
-10.3005
-10.3048
-10.3083
-10.3108
-10.3122
-10.3125
-10.3115
-10.3092
-10.3052
-10.2996
-10.292
-10.2824
-10.2705
-10.2562
-10.2392
-10.2193
-10.1962
-10.1697
-10.1396
-10.1056
-10.0675
-10.025
-9.97792
-9.926
-9.86901
-9.80675
-9.73902
-9.66562
-9.58639
-9.50116
-9.4098
-9.31218
-9.20819
-9.09776
-8.98083
-8.85736
-8.72735
-8.59081
-8.4478
-8.2984
-8.14272
-7.98091
-7.81315
-7.63966
-7.46071
-7.27659
-7.08763
-6.89419
-6.69668
-6.49554
-6.29123
-6.08425
-5.8751
-5.66433
-5.45249
-5.24013
-5.02782
-4.81611
-4.60557
-4.39674
-4.19015
-3.98629
-3.78564
-3.58865
-3.39574
-3.20726
-3.02357
-2.84495
-2.67165
-2.50389
-2.34182
-2.18558
-2.03524
-1.89084
-1.7524
-1.61988
-1.4932
-1.37228
-1.25696
-1.14711
-1.04252
-0.942982
-0.848254
-0.758076
-0.672157
-0.590204
-0.511847
-0.436852
-0.364521
-0.295393
-0.226409
-0.164735
-0.0881734
-0.0610515
-10.2518
-10.2589
-10.2656
-10.2719
-10.2776
-10.2827
-10.2871
-10.2907
-10.2934
-10.2952
-10.2959
-10.2955
-10.2937
-10.2905
-10.2857
-10.2791
-10.2707
-10.2602
-10.2474
-10.2321
-10.2142
-10.1934
-10.1694
-10.1421
-10.1113
-10.0766
-10.0378
-9.99478
-9.94722
-9.89491
-9.83765
-9.77521
-9.70741
-9.63406
-9.55499
-9.47005
-9.37909
-9.28199
-9.17865
-9.06899
-8.95296
-8.83051
-8.70164
-8.56637
-8.42474
-8.27685
-8.12278
-7.9627
-7.79678
-7.62523
-7.4483
-7.26628
-7.07949
-6.88829
-6.69306
-6.49423
-6.29225
-6.08759
-5.88075
-5.67225
-5.46262
-5.2524
-5.04214
-4.83237
-4.62365
-4.4165
-4.21144
-4.00894
-3.8095
-3.61353
-3.42145
-3.23363
-3.05041
-2.87209
-2.69891
-2.53109
-2.36882
-2.21222
-2.06138
-1.91637
-1.77719
-1.64383
-1.51624
-1.39431
-1.27794
-1.16697
-1.06121
-0.960476
-0.864519
-0.773084
-0.685884
-0.602624
-0.522939
-0.446567
-0.372852
-0.302177
-0.2318
-0.167997
-0.0906226
-0.0592836
-10.2415
-10.2482
-10.2545
-10.2603
-10.2655
-10.27
-10.2739
-10.2769
-10.2791
-10.2803
-10.2803
-10.2792
-10.2767
-10.2728
-10.2672
-10.2599
-10.2507
-10.2394
-10.2258
-10.2098
-10.1911
-10.1695
-10.1448
-10.1169
-10.0854
-10.0501
-10.0108
-9.96733
-9.9194
-9.86682
-9.80936
-9.74684
-9.67905
-9.60581
-9.52695
-9.44233
-9.35181
-9.25526
-9.15258
-9.04369
-8.92854
-8.80709
-8.67933
-8.54528
-8.40499
-8.25853
-8.106
-7.94755
-7.78336
-7.61363
-7.4386
-7.25855
-7.0738
-6.88468
-6.69157
-6.49489
-6.29506
-6.09256
-5.88785
-5.68145
-5.47386
-5.26562
-5.05724
-4.84927
-4.64222
-4.43661
-4.23294
-4.0317
-3.83334
-3.63829
-3.44696
-3.25972
-3.07691
-2.89882
-2.72571
-2.55781
-2.3953
-2.23832
-2.08698
-1.94133
-1.80142
-1.66723
-1.53872
-1.41581
-1.2984
-1.18633
-1.07944
-0.977527
-0.880369
-0.787708
-0.699261
-0.614729
-0.53375
-0.456039
-0.38097
-0.308799
-0.237028
-0.171199
-0.0928533
-0.0577849
-10.2311
-10.2375
-10.2434
-10.2487
-10.2535
-10.2577
-10.2611
-10.2636
-10.2653
-10.2659
-10.2654
-10.2637
-10.2607
-10.2561
-10.25
-10.242
-10.2322
-10.2202
-10.206
-10.1893
-10.17
-10.1478
-10.1225
-10.094
-10.062
-10.0263
-9.98659
-9.94277
-9.89458
-9.8418
-9.78424
-9.72169
-9.65397
-9.58089
-9.50229
-9.41803
-9.32795
-9.23195
-9.12993
-9.02179
-8.9075
-8.787
-8.6603
-8.5274
-8.38835
-8.24323
-8.09214
-7.93522
-7.77263
-7.60458
-7.4313
-7.25307
-7.07019
-6.88298
-6.69183
-6.49711
-6.29927
-6.09874
-5.89599
-5.69151
-5.48579
-5.27935
-5.07271
-4.86637
-4.66085
-4.45665
-4.25426
-4.05415
-3.85677
-3.66256
-3.4719
-3.28518
-3.10271
-2.92481
-2.75174
-2.58373
-2.42096
-2.2636
-2.11174
-1.96548
-1.82484
-1.68984
-1.56044
-1.43657
-1.31814
-1.20501
-1.09702
-0.993975
-0.895657
-0.801814
-0.712165
-0.626407
-0.544181
-0.465182
-0.388805
-0.315199
-0.242055
-0.174317
-0.0948475
-0.0566316
-10.2205
-10.2266
-10.2322
-10.2373
-10.2418
-10.2456
-10.2487
-10.2509
-10.2521
-10.2524
-10.2515
-10.2493
-10.2458
-10.2408
-10.2341
-10.2257
-10.2153
-10.2028
-10.1881
-10.1709
-10.151
-10.1284
-10.1026
-10.0737
-10.0413
-10.0052
-9.96522
-9.92116
-9.87278
-9.81989
-9.76229
-9.69977
-9.63216
-9.55927
-9.48095
-9.39704
-9.30741
-9.21194
-9.11054
-9.00311
-8.88961
-8.77
-8.64427
-8.51243
-8.37453
-8.23064
-8.08086
-7.92532
-7.76419
-7.59767
-7.42599
-7.2494
-7.06821
-6.88275
-6.69336
-6.50043
-6.30438
-6.10565
-5.90467
-5.70194
-5.49792
-5.29313
-5.08806
-4.88321
-4.67909
-4.47617
-4.27495
-4.07587
-3.8794
-3.68594
-3.49589
-3.30962
-3.12747
-2.94973
-2.77667
-2.60853
-2.4455
-2.28775
-2.1354
-1.98853
-1.84719
-1.71141
-1.58115
-1.45636
-1.33695
-1.2228
-1.11376
-1.00964
-0.910212
-0.815242
-0.724446
-0.637522
-0.554109
-0.473885
-0.39626
-0.321297
-0.246821
-0.177306
-0.0965743
-0.0558921
-10.2098
-10.2158
-10.2212
-10.2261
-10.2304
-10.234
-10.2368
-10.2387
-10.2397
-10.2396
-10.2384
-10.2359
-10.232
-10.2267
-10.2196
-10.2108
-10.2001
-10.1872
-10.1721
-10.1545
-10.1343
-10.1112
-10.0852
-10.0559
-10.0232
-9.98684
-9.94666
-9.90243
-9.85394
-9.801
-9.74339
-9.68094
-9.61346
-9.54077
-9.46272
-9.37915
-9.28994
-9.19496
-9.09413
-8.98735
-8.87457
-8.75576
-8.6309
-8.50001
-8.36313
-8.22034
-8.07172
-7.91742
-7.75759
-7.59244
-7.42217
-7.24706
-7.06739
-6.88347
-6.69567
-6.50435
-6.30991
-6.11279
-5.91342
-5.71226
-5.5098
-5.3065
-5.10286
-4.89937
-4.69652
-4.49478
-4.29462
-4.09649
-3.90084
-3.70807
-3.51858
-3.33272
-3.15084
-2.97323
-2.80017
-2.6319
-2.46861
-2.31048
-2.15764
-2.01019
-1.86818
-1.73164
-1.60056
-1.47489
-1.35456
-1.23945
-1.12941
-1.02426
-0.923791
-0.827758
-0.735883
-0.647861
-0.563331
-0.481959
-0.403161
-0.326933
-0.251194
-0.180053
-0.0979573
-0.0555275
-10.1992
-10.2053
-10.2108
-10.2157
-10.2199
-10.2235
-10.2262
-10.228
-10.2288
-10.2286
-10.2272
-10.2245
-10.2204
-10.2147
-10.2074
-10.1983
-10.1873
-10.1741
-10.1587
-10.1408
-10.1202
-10.0969
-10.0706
-10.041
-10.0081
-9.97155
-9.9312
-9.88683
-9.83825
-9.78526
-9.72766
-9.66526
-9.59789
-9.52537
-9.44755
-9.36428
-9.27542
-9.18087
-9.08051
-8.97429
-8.86213
-8.744
-8.6199
-8.48983
-8.35384
-8.212
-8.0644
-7.91118
-7.75249
-7.58853
-7.41952
-7.2457
-7.06737
-6.88484
-6.69844
-6.50855
-6.31556
-6.11988
-5.92195
-5.72221
-5.52114
-5.31919
-5.11684
-4.91457
-4.71286
-4.51218
-4.31298
-4.1157
-3.92077
-3.72861
-3.5396
-3.35409
-3.17242
-2.9949
-2.8218
-2.65336
-2.4898
-2.33128
-2.17796
-2.02993
-1.88726
-1.75
-1.61814
-1.49164
-1.37043
-1.25441
-1.14344
-1.03734
-0.935899
-0.838885
-0.746016
-0.656986
-0.571433
-0.489012
-0.409146
-0.331775
-0.254894
-0.182312
-0.0989004
-0.0551783
-10.1886
-10.1945
-10.1999
-10.2047
-10.2088
-10.2122
-10.2148
-10.2165
-10.2173
-10.2169
-10.2154
-10.2126
-10.2084
-10.2026
-10.1952
-10.1859
-10.1747
-10.1614
-10.1458
-10.1278
-10.1071
-10.0836
-10.0572
-10.0275
-9.99445
-9.95781
-9.91739
-9.87299
-9.8244
-9.77143
-9.71389
-9.65159
-9.58436
-9.51202
-9.43443
-9.35143
-9.2629
-9.16872
-9.0688
-8.96305
-8.85143
-8.73389
-8.61043
-8.48106
-8.34583
-8.2048
-8.05807
-7.90577
-7.74806
-7.58512
-7.41717
-7.24447
-7.0673
-6.88595
-6.70077
-6.51212
-6.32038
-6.12595
-5.92927
-5.73077
-5.53091
-5.33013
-5.12892
-4.92772
-4.72702
-4.52726
-4.32889
-4.13235
-3.93806
-3.74642
-3.55781
-3.37259
-3.19109
-3.01362
-2.84046
-2.67185
-2.50801
-2.34912
-2.19534
-2.04677
-1.9035
-1.76557
-1.63299
-1.50574
-1.38375
-1.26692
-1.15512
-1.04818
-0.945889
-0.848019
-0.754289
-0.664391
-0.57796
-0.494645
-0.413872
-0.33554
-0.257732
-0.183946
-0.0997231
-0.0541285
-10.183
-10.1897
-10.1956
-10.2008
-10.2052
-10.2088
-10.2116
-10.2134
-10.2141
-10.2137
-10.212
-10.2091
-10.2046
-10.1986
-10.1909
-10.1814
-10.1699
-10.1563
-10.1403
-10.122
-10.1009
-10.0771
-10.0503
-10.0204
-9.98702
-9.9501
-9.90943
-9.86479
-9.81601
-9.76288
-9.70521
-9.64283
-9.57555
-9.50322
-9.42567
-9.34277
-9.25438
-9.1604
-9.06072
-8.95527
-8.84399
-8.72685
-8.60384
-8.47497
-8.34028
-8.19984
-8.05376
-7.90214
-7.74515
-7.58298
-7.41584
-7.24397
-7.06766
-6.8872
-6.70293
-6.5152
-6.32439
-6.13089
-5.93513
-5.73754
-5.53856
-5.33865
-5.13825
-4.93783
-4.73784
-4.53874
-4.34095
-4.14493
-3.95107
-3.75978
-3.57144
-3.38639
-3.20499
-3.02752
-2.85428
-2.68552
-2.52145
-2.36227
-2.20813
-2.05915
-1.91542
-1.77701
-1.64391
-1.51611
-1.39355
-1.27614
-1.16375
-1.05621
-0.95332
-0.854837
-0.760486
-0.669957
-0.582884
-0.498908
-0.417464
-0.338413
-0.259986
-0.185237
-0.101411
-0.0517071
-10.1722
-10.1784
-10.184
-10.1889
-10.1933
-10.1969
-10.1996
-10.2015
-10.2023
-10.202
-10.2005
-10.1977
-10.1934
-10.1875
-10.1799
-10.1705
-10.1591
-10.1455
-10.1297
-10.1114
-10.0904
-10.0666
-10.0398
-10.0099
-9.9765
-9.93957
-9.89888
-9.85421
-9.80539
-9.75223
-9.69452
-9.63211
-9.5648
-9.49244
-9.41488
-9.33198
-9.2436
-9.14964
-9.05
-8.94462
-8.83343
-8.71641
-8.59355
-8.46488
-8.33042
-8.19026
-8.0445
-7.89326
-7.7367
-7.57502
-7.40844
-7.23719
-7.06155
-6.88184
-6.69837
-6.51151
-6.32161
-6.12909
-5.93434
-5.7378
-5.53989
-5.34105
-5.14173
-4.94237
-4.74342
-4.54531
-4.34846
-4.1533
-3.96022
-3.76962
-3.58187
-3.39731
-3.21627
-3.03907
-2.86598
-2.69726
-2.53314
-2.37381
-2.21944
-2.07016
-1.92607
-1.78724
-1.65368
-1.52538
-1.4023
-1.28436
-1.17142
-1.06332
-0.95987
-0.860829
-0.765921
-0.674838
-0.587215
-0.502687
-0.420707
-0.341091
-0.262294
-0.186752
-0.104533
-0.04843
-10.1864
-10.1922
-10.1975
-10.2021
-10.2059
-10.2088
-10.211
-10.2121
-10.2122
-10.2112
-10.2089
-10.2053
-10.2002
-10.1936
-10.1852
-10.1751
-10.1629
-10.1486
-10.132
-10.113
-10.0914
-10.0669
-10.0395
-10.0089
-9.97503
-9.93758
-9.8964
-9.8513
-9.80208
-9.74857
-9.69058
-9.62793
-9.56045
-9.48798
-9.41036
-9.32745
-9.23914
-9.14531
-9.04587
-8.94074
-8.82987
-8.71323
-8.59081
-8.46263
-8.32873
-8.18917
-8.04407
-7.89354
-7.73773
-7.57684
-7.41107
-7.24068
-7.06592
-6.88709
-6.70452
-6.51855
-6.32954
-6.13788
-5.94398
-5.74823
-5.55108
-5.35295
-5.15427
-4.95548
-4.75702
-4.55932
-4.36279
-4.16786
-3.97491
-3.78435
-3.59653
-3.41181
-3.23053
-3.05299
-2.87949
-2.71028
-2.5456
-2.38566
-2.23062
-2.08065
-1.93583
-1.79625
-1.66194
-1.53289
-1.40908
-1.29041
-1.17677
-1.068
-0.96391
-0.864264
-0.768786
-0.677167
-0.589042
-0.504044
-0.421628
-0.341622
-0.262531
-0.186795
-0.105732
-0.0444009
-11.1116
-11.1112
-11.1147
-11.1227
-11.1297
-11.1321
-11.1308
-11.1281
-11.1253
-11.1236
-11.1241
-11.1241
-11.1222
-11.12
-11.1218
-11.1329
-11.1567
-11.1973
-11.2549
-11.3262
-11.4059
-11.4872
-11.5641
-11.6314
-11.6859
-11.7259
-11.7506
-11.7605
-11.7563
-11.7388
-11.7088
-11.6673
-11.6145
-11.551
-11.4769
-11.3922
-11.297
-11.1916
-11.0759
-10.9486
-10.8085
-10.656
-10.4909
-10.3131
-10.1223
-9.91837
-9.70117
-9.47066
-9.22693
-8.97017
-8.70074
-8.41914
-8.12602
-7.82222
-7.50876
-7.1868
-6.85772
-6.523
-6.18431
-5.84339
-5.50211
-5.16236
-4.82603
-4.49501
-4.17111
-3.85603
-3.55133
-3.25836
-2.97838
-2.71247
-2.46088
-2.2225
-1.99791
-1.78876
-1.59524
-1.41692
-1.25325
-1.10353
-0.967022
-0.842938
-0.730458
-0.628757
-0.537021
-0.454457
-0.380305
-0.313848
-0.254417
-0.201401
-0.154251
-0.112483
-0.0756832
-0.0435169
-0.0157499
0.00777681
0.0269224
0.0418129
0.0502967
0.0558597
0.0378262
0.055495
-11.121
-11.1271
-11.1374
-11.1465
-11.1514
-11.1508
-11.1447
-11.1348
-11.124
-11.117
-11.1146
-11.1149
-11.1166
-11.1207
-11.1281
-11.1463
-11.1833
-11.2428
-11.3216
-11.4122
-11.5054
-11.5928
-11.6683
-11.7285
-11.7723
-11.7999
-11.8126
-11.8115
-11.7982
-11.7736
-11.7386
-11.6937
-11.6391
-11.575
-11.5011
-11.4172
-11.323
-11.2178
-11.1009
-10.9728
-10.8341
-10.6841
-10.5223
-10.3481
-10.1612
-9.96139
-9.7485
-9.52246
-9.28333
-9.03129
-8.76664
-8.48985
-8.20154
-7.90249
-7.59367
-7.27619
-6.95135
-6.6206
-6.28552
-5.94782
-5.60928
-5.27173
-4.937
-4.60695
-4.28337
-3.96793
-3.66207
-3.36708
-3.08412
-2.81408
-2.5583
-2.31929
-2.09621
-1.88732
-1.69306
-1.51329
-1.34758
-1.19537
-1.05603
-0.928866
-0.813128
-0.708056
-0.612889
-0.526876
-0.449296
-0.37946
-0.316729
-0.260509
-0.210269
-0.165535
-0.125903
-0.0910437
-0.0607219
-0.0347714
-0.0133099
0.00386151
0.0147414
0.0234831
0.0101233
0.0425612
-11.1317
-11.144
-11.1544
-11.1615
-11.1636
-11.1603
-11.1519
-11.1401
-11.1285
-11.1234
-11.1226
-11.125
-11.1359
-11.1599
-11.1983
-11.2512
-11.3174
-11.3928
-11.4719
-11.5493
-11.6205
-11.6823
-11.7329
-11.7716
-11.7982
-11.8133
-11.8172
-11.8106
-11.794
-11.7678
-11.7322
-11.6876
-11.6338
-11.5708
-11.4984
-11.4164
-11.3245
-11.2223
-11.109
-10.9847
-10.8492
-10.7022
-10.5433
-10.3722
-10.1886
-9.99213
-9.78274
-9.56032
-9.32492
-9.07669
-8.81593
-8.54308
-8.25874
-7.96367
-7.6588
-7.34523
-7.02422
-6.69719
-6.36571
-6.03146
-5.69623
-5.36188
-5.03028
-4.70321
-4.38239
-4.06947
-3.76597
-3.47326
-3.19252
-2.92468
-2.67049
-2.4306
-2.20473
-1.99283
-1.79538
-1.61229
-1.44316
-1.28748
-1.14463
-1.01393
-0.894654
-0.786058
-0.687396
-0.597936
-0.516971
-0.443827
-0.377875
-0.318534
-0.265278
-0.21764
-0.175217
-0.137676
-0.10477
-0.0763022
-0.0523389
-0.0325071
-0.0186467
-0.00531291
-0.0128805
0.0361334
-11.1266
-11.1396
-11.1488
-11.1553
-11.1582
-11.1566
-11.1512
-11.144
-11.1374
-11.1351
-11.1381
-11.1497
-11.1741
-11.2131
-11.2655
-11.3281
-11.3971
-11.4684
-11.5387
-11.6051
-11.6652
-11.7172
-11.7598
-11.7923
-11.8143
-11.8261
-11.8277
-11.8196
-11.8022
-11.7757
-11.7403
-11.696
-11.6429
-11.5806
-11.509
-11.4279
-11.3368
-11.2354
-11.1235
-11.0007
-10.8668
-10.7215
-10.5643
-10.3949
-10.2129
-10.0182
-9.81046
-9.5897
-9.35593
-9.10929
-8.85008
-8.57872
-8.29581
-8.00211
-7.69855
-7.38626
-7.06652
-6.74075
-6.41051
-6.07749
-5.74346
-5.41021
-5.07956
-4.75339
-4.43344
-4.12139
-3.81874
-3.52686
-3.24688
-2.97975
-2.72609
-2.48622
-2.26025
-2.04838
-1.85085
-1.66749
-1.49789
-1.34156
-1.1979
-1.06622
-0.945829
-0.83599
-0.735977
-0.645073
-0.562588
-0.487865
-0.42029
-0.359296
-0.304368
-0.255047
-0.210935
-0.171695
-0.137065
-0.106821
-0.0809503
-0.058934
-0.0423609
-0.0249594
-0.0270563
0.0338364
-11.0996
-11.1142
-11.1259
-11.1347
-11.1402
-11.1417
-11.1399
-11.1363
-11.1331
-11.1335
-11.1413
-11.1602
-11.192
-11.2364
-11.2916
-11.3549
-11.423
-11.4928
-11.5611
-11.6251
-11.6827
-11.732
-11.7721
-11.8023
-11.8226
-11.833
-11.8339
-11.8255
-11.808
-11.7817
-11.7468
-11.703
-11.6505
-11.5889
-11.518
-11.4375
-11.3472
-11.2467
-11.1356
-11.0138
-10.8808
-10.7363
-10.5799
-10.4112
-10.23
-10.0358
-9.82868
-9.60844
-9.37513
-9.12891
-8.87005
-8.59898
-8.31631
-8.02281
-7.71941
-7.40722
-7.08754
-6.7618
-6.43161
-6.09867
-5.76478
-5.43177
-5.1015
-4.77581
-4.45645
-4.14508
-3.84319
-3.55211
-3.27296
-3.00665
-2.75379
-2.51478
-2.28978
-2.07889
-1.8822
-1.6995
-1.53039
-1.37438
-1.23086
-1.09916
-0.978589
-0.868429
-0.767961
-0.676483
-0.593317
-0.517819
-0.449389
-0.387468
-0.331552
-0.281189
-0.23598
-0.195587
-0.159727
-0.128151
-0.100762
-0.0769426
-0.0580363
-0.0373685
-0.0349575
0.0321165
-11.0601
-11.0797
-11.096
-11.1079
-11.1167
-11.1213
-11.1217
-11.1192
-11.1167
-11.1182
-11.128
-11.1493
-11.1835
-11.2302
-11.2875
-11.3526
-11.4222
-11.4928
-11.5614
-11.6253
-11.6825
-11.7314
-11.7712
-11.8015
-11.822
-11.8329
-11.8343
-11.8267
-11.81
-11.7846
-11.7503
-11.7073
-11.6554
-11.5943
-11.524
-11.444
-11.3541
-11.254
-11.1434
-11.022
-10.8893
-10.7451
-10.5889
-10.4203
-10.2391
-10.045
-9.83782
-9.61749
-9.38403
-9.13761
-8.87849
-8.60715
-8.32418
-8.03037
-7.72667
-7.41423
-7.09436
-6.76852
-6.43833
-6.10552
-5.77188
-5.43928
-5.10959
-4.78461
-4.46612
-4.15573
-3.85493
-3.56501
-3.28707
-3.02196
-2.7703
-2.53247
-2.30865
-2.09889
-1.90319
-1.72134
-1.55293
-1.39744
-1.25429
-1.12282
-1.00232
-0.8921
-0.791443
-0.699661
-0.616087
-0.540089
-0.471073
-0.408494
-0.351852
-0.300699
-0.254634
-0.213319
-0.176443
-0.143745
-0.115037
-0.0896753
-0.0687288
-0.0455734
-0.0393911
0.0292528
-11.0249
-11.0489
-11.0706
-11.0857
-11.0976
-11.1037
-11.1034
-11.0988
-11.0937
-11.0933
-11.102
-11.1233
-11.1585
-11.2067
-11.2658
-11.3326
-11.4036
-11.4755
-11.5451
-11.6101
-11.6685
-11.7187
-11.7599
-11.7916
-11.8136
-11.826
-11.829
-11.8226
-11.8072
-11.7828
-11.7494
-11.707
-11.6556
-11.595
-11.525
-11.4452
-11.3554
-11.2554
-11.1448
-11.0233
-10.8905
-10.7461
-10.5896
-10.4208
-10.2392
-10.0448
-9.83716
-9.6164
-9.38249
-9.13561
-8.87606
-8.60429
-8.32095
-8.02682
-7.7229
-7.41033
-7.09047
-6.76478
-6.4349
-6.10258
-5.76961
-5.43786
-5.10918
-4.78538
-4.4682
-4.15924
-3.85994
-3.57157
-3.29518
-3.0316
-2.78141
-2.54497
-2.32247
-2.11393
-1.91931
-1.73836
-1.57068
-1.41576
-1.27302
-1.1418
-1.02142
-0.911178
-0.810383
-0.718354
-0.634436
-0.558008
-0.488485
-0.42533
-0.368047
-0.316194
-0.269364
-0.227219
-0.189419
-0.155707
-0.125785
-0.0990814
-0.0762893
-0.0513587
-0.041697
0.0249203
-11.0034
-11.033
-11.06
-11.0777
-11.0907
-11.0948
-11.09
-11.0797
-11.0692
-11.0646
-11.0711
-11.0915
-11.1267
-11.1754
-11.2351
-11.3026
-11.3745
-11.4475
-11.5185
-11.585
-11.6451
-11.6972
-11.7404
-11.7742
-11.7982
-11.8125
-11.8172
-11.8123
-11.7981
-11.7746
-11.742
-11.7003
-11.6492
-11.5888
-11.5188
-11.439
-11.3491
-11.2489
-11.138
-11.0162
-10.883
-10.7381
-10.5811
-10.4117
-10.2296
-10.0346
-9.8264
-9.60509
-9.37067
-9.12332
-8.86336
-8.59128
-8.30773
-8.01352
-7.70966
-7.39734
-7.0779
-6.75284
-6.42379
-6.0925
-5.76078
-5.43045
-5.10337
-4.78132
-4.46598
-4.15893
-3.86158
-3.57514
-3.30062
-3.03883
-2.79031
-2.55542
-2.33432
-2.12704
-1.93349
-1.75342
-1.58643
-1.43203
-1.28963
-1.1586
-1.03827
-0.927947
-0.826961
-0.734641
-0.650346
-0.573463
-0.503419
-0.439683
-0.381762
-0.329219
-0.281641
-0.238692
-0.199999
-0.165329
-0.134251
-0.106367
-0.0818412
-0.0557686
-0.0425759
0.0192373
-11.0005
-11.0396
-11.0705
-11.0886
-11.0993
-11.0973
-11.0841
-11.0652
-11.0479
-11.0389
-11.0425
-11.0613
-11.0952
-11.1428
-11.2017
-11.2688
-11.3406
-11.4139
-11.4857
-11.5535
-11.6151
-11.6691
-11.7142
-11.75
-11.7759
-11.792
-11.7982
-11.7947
-11.7815
-11.7589
-11.7269
-11.6856
-11.6348
-11.5744
-11.5043
-11.4243
-11.3341
-11.2335
-11.1222
-10.9998
-10.866
-10.7205
-10.5629
-10.3929
-10.2102
-10.0145
-9.80581
-9.58401
-9.34917
-9.10151
-8.84137
-8.56924
-8.28581
-7.99192
-7.68859
-7.37701
-7.05855
-6.73471
-6.40712
-6.07751
-5.74767
-5.41941
-5.09453
-4.77477
-4.4618
-4.15712
-3.86209
-3.5779
-3.30551
-3.04569
-2.79897
-2.56569
-2.34601
-2.13995
-1.94741
-1.76813
-1.60174
-1.44773
-1.30556
-1.1746
-1.0542
-0.943688
-0.842411
-0.749711
-0.664959
-0.587555
-0.516933
-0.452569
-0.393975
-0.340717
-0.292374
-0.248618
-0.209034
-0.173437
-0.141233
-0.112306
-0.0860981
-0.0594324
-0.042461
0.0124694
-11.0232
-11.0705
-11.1026
-11.1171
-11.1199
-11.1065
-11.082
-11.0544
-11.0312
-11.0181
-11.0187
-11.0348
-11.0663
-11.1117
-11.1686
-11.2341
-11.3049
-11.3777
-11.4496
-11.518
-11.5806
-11.6358
-11.6825
-11.7197
-11.7471
-11.7645
-11.7719
-11.7694
-11.7571
-11.7352
-11.7036
-11.6625
-11.6118
-11.5514
-11.4811
-11.4008
-11.3102
-11.2091
-11.0972
-10.9743
-10.8399
-10.6937
-10.5355
-10.3649
-10.1816
-9.98545
-9.77633
-9.55421
-9.31919
-9.0715
-8.8115
-8.53972
-8.25686
-7.96378
-7.66151
-7.35126
-7.03439
-6.7124
-6.3869
-6.0596
-5.73225
-5.40662
-5.08448
-4.7675
-4.4573
-4.15534
-3.86294
-3.58121
-3.3111
-3.05335
-2.80847
-2.57679
-2.35848
-2.15355
-1.9619
-1.78329
-1.61734
-1.4636
-1.32151
-1.19047
-1.06987
-0.959054
-0.857373
-0.764191
-0.678892
-0.600887
-0.529619
-0.464571
-0.405257
-0.351247
-0.302113
-0.257534
-0.217054
-0.180551
-0.147239
-0.117388
-0.0895161
-0.0627182
-0.0416495
0.00493118
-11.0701
-11.1225
-11.1492
-11.1519
-11.1386
-11.1103
-11.0752
-11.0409
-11.0134
-10.9973
-10.9955
-11.0092
-11.0382
-11.0811
-11.1357
-11.1992
-11.2685
-11.3403
-11.4118
-11.4801
-11.543
-11.5988
-11.6462
-11.6843
-11.7126
-11.7309
-11.7391
-11.7372
-11.7255
-11.7039
-11.6725
-11.6315
-11.5807
-11.5201
-11.4495
-11.3689
-11.2779
-11.1763
-11.0639
-10.9404
-10.8054
-10.6587
-10.5
-10.3289
-10.1452
-9.94873
-9.73942
-9.51726
-9.28238
-9.03501
-8.77557
-8.50459
-8.22279
-7.93104
-7.63039
-7.32205
-7.00735
-6.68779
-6.36495
-6.04049
-5.71614
-5.39361
-5.07461
-4.76076
-4.45362
-4.15461
-3.86497
-3.58581
-3.31803
-3.06234
-2.81926
-2.58911
-2.37206
-2.16814
-1.97724
-1.79915
-1.6335
-1.47987
-1.33772
-1.20648
-1.08556
-0.974315
-0.872125
-0.778367
-0.692438
-0.613759
-0.541783
-0.475999
-0.415922
-0.361127
-0.311177
-0.265764
-0.224383
-0.186993
-0.152592
-0.121917
-0.0923879
-0.0658271
-0.0403668
-0.00306244
-11.1307
-11.1843
-11.1938
-11.1711
-11.137
-11.0963
-11.0546
-11.0169
-10.9879
-10.9709
-10.9682
-10.9807
-11.008
-11.0491
-11.1018
-11.1636
-11.2314
-11.3021
-11.3727
-11.4406
-11.5033
-11.5591
-11.6067
-11.6451
-11.6737
-11.6924
-11.7009
-11.6993
-11.6876
-11.6661
-11.6348
-11.5936
-11.5426
-11.4817
-11.4109
-11.3298
-11.2384
-11.1364
-11.0235
-10.8995
-10.7641
-10.617
-10.4579
-10.2865
-10.1026
-9.90607
-9.69687
-9.47501
-9.24062
-8.994
-8.73554
-8.46583
-8.18558
-7.89567
-7.59715
-7.29122
-6.97919
-6.66253
-6.3428
-6.0216
-5.7006
-5.38147
-5.06586
-4.75533
-4.45139
-4.1554
-3.86857
-3.59196
-3.32646
-3.07277
-2.83138
-2.60263
-2.38671
-2.18365
-1.99337
-1.81565
-1.65017
-1.49652
-1.35419
-1.22264
-1.10128
-0.98952
-0.886737
-0.792328
-0.705703
-0.626296
-0.553564
-0.487003
-0.426133
-0.37053
-0.319748
-0.273495
-0.231216
-0.192962
-0.157492
-0.126079
-0.094905
-0.0688569
-0.0387985
-0.0112236
-11.1814
-11.2297
-11.2044
-11.1475
-11.1004
-11.0559
-11.0144
-10.9791
-10.9529
-10.938
-10.9363
-10.9488
-10.9754
-11.0152
-11.0665
-11.1269
-11.1933
-11.2629
-11.3326
-11.3997
-11.4619
-11.5174
-11.5647
-11.6029
-11.6314
-11.6499
-11.6583
-11.6566
-11.6449
-11.6232
-11.5916
-11.5502
-11.4989
-11.4377
-11.3665
-11.2851
-11.1933
-11.0909
-10.9776
-10.8533
-10.7176
-10.5702
-10.4109
-10.2394
-10.0556
-9.85938
-9.65062
-9.4294
-9.1959
-8.95041
-8.69337
-8.42535
-8.14708
-7.85944
-7.56347
-7.26035
-6.95136
-6.63794
-6.3216
-6.00389
-5.68645
-5.37086
-5.05873
-4.75157
-4.45083
-4.15782
-3.87373
-3.59959
-3.33625
-3.08442
-2.84459
-2.61711
-2.40218
-2.19984
-2.01004
-1.83257
-1.66715
-1.51336
-1.37076
-1.23881
-1.11695
-1.0046
-0.901166
-0.806055
-0.718691
-0.638518
-0.565
-0.497641
-0.43596
-0.379539
-0.327922
-0.280833
-0.237666
-0.198573
-0.162063
-0.129984
-0.0971943
-0.0718408
-0.0371039
-0.0193
-11.1696
-11.2079
-11.1218
-11.0601
-11.0226
-10.9876
-10.9568
-10.9314
-10.9121
-10.9012
-10.9014
-10.9142
-10.9401
-10.979
-11.0291
-11.0883
-11.1538
-11.2223
-11.2911
-11.3573
-11.4187
-11.4734
-11.5201
-11.5578
-11.5859
-11.6041
-11.6121
-11.6101
-11.5981
-11.5761
-11.5443
-11.5025
-11.4509
-11.3894
-11.3179
-11.2361
-11.144
-11.0413
-10.9278
-10.8033
-10.6675
-10.5201
-10.3609
-10.1896
-10.0062
-9.8105
-9.6025
-9.38227
-9.15001
-8.90602
-8.65074
-8.38477
-8.10883
-7.82378
-7.53065
-7.23059
-6.92487
-6.61486
-6.30204
-5.98792
-5.67407
-5.36202
-5.05333
-4.74947
-4.45182
-4.16167
-3.88018
-3.60835
-3.34703
-3.09691
-2.8585
-2.63215
-2.41808
-2.21635
-2.02691
-1.84961
-1.68415
-1.53017
-1.38722
-1.25482
-1.13241
-1.01943
-0.915313
-0.819474
-0.73135
-0.650395
-0.576081
-0.507917
-0.445423
-0.388187
-0.335742
-0.287831
-0.243796
-0.203895
-0.166382
-0.133693
-0.099339
-0.0747794
-0.0354114
-0.0270954
-11.0596
-10.859
-10.8412
-10.9198
-10.9479
-10.9418
-10.927
-10.9082
-10.889
-10.8754
-10.872
-10.8813
-10.9044
-10.9411
-10.9897
-11.0478
-11.1121
-11.1797
-11.2473
-11.3125
-11.3728
-11.4266
-11.4724
-11.5094
-11.537
-11.5547
-11.5624
-11.56
-11.5477
-11.5255
-11.4934
-11.4514
-11.3996
-11.3379
-11.2661
-11.1842
-11.092
-10.9892
-10.8757
-10.7512
-10.6154
-10.4683
-10.3094
-10.1386
-9.95587
-9.76102
-9.55407
-9.33513
-9.10439
-8.86218
-8.60895
-8.34527
-8.07187
-7.7896
-7.49947
-7.20259
-6.90021
-6.59366
-6.28436
-5.97378
-5.66343
-5.35482
-5.04943
-4.7487
-4.45399
-4.16653
-3.88747
-3.61779
-3.35833
-3.10978
-2.87265
-2.64731
-2.434
-2.23278
-2.04364
-1.86643
-1.70088
-1.54667
-1.40336
-1.27047
-1.1475
-1.03388
-0.929069
-0.832499
-0.743615
-0.661882
-0.586778
-0.517818
-0.454524
-0.396489
-0.343237
-0.294527
-0.249654
-0.208978
-0.170506
-0.13726
-0.101402
-0.0776932
-0.0338074
-0.0345357
)
;

boundaryField
{
    outlet
    {
        type            fixedValue;
        value           uniform 0;
    }
    inlet
    {
        type            zeroGradient;
    }
    lowerWall
    {
        type            zeroGradient;
    }
    upperWall
    {
        type            zeroGradient;
    }
    frontAndBack
    {
        type            empty;
    }
}


// ************************************************************************* //
