/*--------------------------------*- C++ -*----------------------------------*\
| =========                 |                                                 |
| \\      /  F ield         | OpenFOAM: The Open Source CFD Toolbox           |
|  \\    /   O peration     | Version:  4.1                                   |
|   \\  /    A nd           | Web:      www.OpenFOAM.org                      |
|    \\/     M anipulation  |                                                 |
\*---------------------------------------------------------------------------*/
FoamFile
{
    version     2.0;
    format      ascii;
    class       volScalarField;
    location    "1300";
    object      nut;
}
// * * * * * * * * * * * * * * * * * * * * * * * * * * * * * * * * * * * * * //

dimensions      [0 2 -1 0 0 0 0];

internalField   nonuniform List<scalar> 
6820
(
3.5437e-05
5.0672e-05
6.21565e-05
6.89859e-05
7.29393e-05
7.51484e-05
7.62608e-05
7.66561e-05
7.65742e-05
7.61754e-05
7.5569e-05
7.48308e-05
7.40141e-05
7.31561e-05
7.22832e-05
7.14133e-05
7.05589e-05
6.97282e-05
6.89266e-05
6.81574e-05
6.7422e-05
6.67213e-05
6.6055e-05
6.54225e-05
6.48227e-05
6.42545e-05
6.37163e-05
6.32068e-05
6.2723e-05
6.22708e-05
6.18119e-05
6.15226e-05
6.06187e-05
0.00135033
0.000930454
0.000725657
0.000569941
0.000453328
0.000372218
0.000316223
0.000276487
0.000247302
0.000225194
0.000208006
0.000194347
0.000183294
0.000174212
0.000166657
0.000160304
0.000154915
0.000150307
0.000146343
0.000142912
0.000139928
0.000137322
0.000135037
0.000133026
0.000131252
0.000129681
0.000128287
0.000127046
0.000125936
0.000124945
0.000124035
0.000123263
0.000122375
0.0034439
0.00180034
0.00133708
0.00108081
0.000912409
0.000791562
0.000700947
0.00063099
0.000575611
0.000530788
0.000493805
0.000462783
0.000436392
0.000413669
0.000393905
0.000376561
0.000361227
0.000347581
0.000335366
0.000324379
0.000314452
0.000305447
0.000297251
0.000289768
0.000282915
0.000276623
0.000270833
0.000265492
0.000260553
0.000255978
0.000251725
0.000247775
0.000244046
0.00637392
0.00310291
0.00217847
0.00173334
0.00146616
0.00128428
0.00115082
0.00104807
0.000966256
0.000899457
0.000843822
0.000796729
0.000756323
0.000721253
0.000690512
0.000663332
0.000639118
0.000617403
0.000597813
0.000580047
0.000563859
0.000549047
0.000535441
0.000522899
0.000511301
0.000500545
0.000490542
0.000481216
0.0004725
0.000464336
0.000456667
0.000449452
0.000442625
0.00899737
0.00527271
0.00366202
0.00284163
0.00235737
0.00203856
0.00181195
0.00164188
0.00150906
0.00140219
0.00131419
0.00124038
0.00117752
0.0011233
0.00107604
0.00103444
0.000997547
0.000964581
0.000934941
0.000908141
0.000883785
0.00086155
0.000841166
0.000822409
0.000805088
0.000789042
0.000774133
0.000760242
0.000747263
0.000735105
0.000723686
0.000712937
0.000702774
0.0103765
0.00752965
0.00561349
0.00443387
0.0036773
0.00316202
0.00279169
0.00251363
0.00229739
0.00212446
0.001983
0.00186511
0.00176535
0.00167982
0.00160567
0.00154076
0.00148347
0.00143253
0.00138693
0.00134588
0.00130873
0.00127494
0.00124408
0.00121579
0.00118975
0.00116571
0.00114344
0.00112275
0.00110348
0.00108547
0.00106861
0.00105279
0.00103788
0.0109773
0.00922098
0.00752197
0.0062241
0.00528073
0.00458893
0.00406896
0.0036676
0.00335003
0.00309329
0.00288184
0.00270491
0.00255482
0.00242601
0.0023143
0.00221655
0.00213034
0.00205377
0.00198532
0.00192379
0.00186819
0.00181772
0.00177171
0.0017296
0.00169093
0.00165529
0.00162234
0.0015918
0.0015634
0.00153694
0.00151221
0.00148906
0.00146732
0.0112223
0.01026
0.00902119
0.00786209
0.00689742
0.00612295
0.00550365
0.00500431
0.00459663
0.00425931
0.00397662
0.00373691
0.00353146
0.00335369
0.00319854
0.0030621
0.00294126
0.00283359
0.00273709
0.00265017
0.00257151
0.00250001
0.00243477
0.00237503
0.00232013
0.00226953
0.00222276
0.00217941
0.00213912
0.00210159
0.00206655
0.00203377
0.00200304
0.0113196
0.0108286
0.0100355
0.0091472
0.00830321
0.00755759
0.00691829
0.00637539
0.00591434
0.00552102
0.00518335
0.00489139
0.00463719
0.00441434
0.00421771
0.0040432
0.00388744
0.00374772
0.00362179
0.00350779
0.00340418
0.00330966
0.00322313
0.00314367
0.00307047
0.00300286
0.00294025
0.00288212
0.00282803
0.00277759
0.00273046
0.00268635
0.00264498
0.0113579
0.0111187
0.0106546
0.0100468
0.00939296
0.00875749
0.00817148
0.00764509
0.00717794
0.00676519
0.00640062
0.00607795
0.00579147
0.00553616
0.00530774
0.00510254
0.00491748
0.00474995
0.00459774
0.00445899
0.00433208
0.00421566
0.00410856
0.00400976
0.00391838
0.00383367
0.00375497
0.00368169
0.00361333
0.00354943
0.00348961
0.00343351
0.00338082
0.0113728
0.01126
0.0110057
0.0106242
0.0101642
0.00967403
0.00918758
0.0087244
0.00829364
0.0078983
0.00753797
0.00721062
0.00691349
0.00664365
0.00639827
0.0061747
0.00597057
0.00578376
0.00561239
0.00545481
0.00530956
0.0051754
0.00505118
0.00493595
0.00482882
0.00472904
0.00463594
0.00454891
0.00446743
0.00439102
0.00431927
0.0042518
0.00418827
0.0113787
0.0113266
0.011194
0.0109703
0.0106711
0.0103231
0.00995189
0.00957697
0.009211
0.00886139
0.00853191
0.008224
0.0079377
0.00767227
0.0074265
0.00719904
0.00698845
0.00679333
0.00661237
0.00644431
0.00628804
0.00614252
0.00600681
0.00588007
0.00576153
0.0056505
0.00554637
0.00544858
0.00535662
0.00527004
0.00518843
0.00511143
0.0050387
0.0113809
0.0113572
0.0112906
0.0111664
0.010984
0.0107537
0.0104904
0.0102084
0.00991919
0.00963122
0.00935016
0.00907954
0.00882138
0.00857663
0.00834556
0.00812801
0.00792352
0.00773148
0.0075512
0.00738196
0.00722301
0.00707367
0.00693326
0.00680115
0.00667673
0.00655947
0.00644885
0.0063444
0.00624569
0.00615233
0.00606396
0.00598023
0.00590086
0.0113818
0.0113708
0.0113383
0.0112723
0.0111671
0.0110237
0.0108485
0.0106497
0.0104355
0.0102131
0.00998805
0.00976447
0.00954535
0.00933265
0.00912765
0.00893106
0.00874324
0.00856427
0.00839403
0.00823232
0.00807881
0.00793316
0.007795
0.00766392
0.00753955
0.00742152
0.00730945
0.00720301
0.00710186
0.0070057
0.00691423
0.00682718
0.00674431
0.0113822
0.0113768
0.0113611
0.0113273
0.0112692
0.0111846
0.0110744
0.0109422
0.0107927
0.0106307
0.0104607
0.0102863
0.0101104
0.00993551
0.00976318
0.00959469
0.00943091
0.00927239
0.00911948
0.00897237
0.0088311
0.00869564
0.0085659
0.00844172
0.00832293
0.00820933
0.00810072
0.00799688
0.00789762
0.00780271
0.00771195
0.00762516
0.00754214
0.0113823
0.0113794
0.0113717
0.0113547
0.0113238
0.011276
0.0112101
0.0111268
0.0110279
0.0109162
0.0107945
0.0106655
0.0105317
0.0103951
0.0102574
0.01012
0.00998405
0.00985025
0.00971925
0.0095915
0.0094673
0.00934686
0.0092303
0.00911767
0.00900898
0.00890419
0.00880325
0.00870606
0.00861253
0.00852256
0.00843603
0.00835284
0.00827285
0.0113824
0.0113805
0.0113765
0.0113679
0.0113519
0.0113259
0.0112881
0.0112379
0.0111757
0.0111025
0.0110197
0.010929
0.0108321
0.0107305
0.0106258
0.010519
0.0104112
0.0103034
0.0101961
0.01009
0.00998548
0.00988291
0.00978254
0.00968457
0.00958912
0.0094963
0.00940615
0.0093187
0.00923395
0.00915188
0.00907246
0.00899565
0.00892138
0.0113824
0.0113809
0.0113786
0.0113741
0.0113658
0.0113519
0.011331
0.0113021
0.0112646
0.0112187
0.011165
0.0111041
0.0110372
0.0109652
0.0108891
0.0108098
0.0107282
0.010645
0.010561
0.0104765
0.0103922
0.0103084
0.0102255
0.0101436
0.010063
0.00998397
0.0099065
0.00983074
0.00975676
0.00968461
0.00961432
0.0095459
0.00947936
0.0113824
0.0113811
0.0113795
0.0113769
0.0113724
0.0113651
0.0113537
0.0113375
0.0113158
0.0112882
0.0112548
0.0112157
0.0111715
0.0111227
0.0110698
0.0110135
0.0109543
0.0108929
0.0108297
0.0107652
0.0107
0.0106342
0.0105683
0.0105025
0.010437
0.0103722
0.010308
0.0102447
0.0101824
0.0101212
0.0100611
0.0100022
0.00994458
0.0113824
0.0113812
0.0113798
0.0113781
0.0113755
0.0113714
0.0113653
0.0113563
0.011344
0.011328
0.011308
0.0112839
0.0112559
0.0112241
0.0111889
0.0111505
0.0111093
0.0110657
0.0110202
0.0109729
0.0109243
0.0108746
0.0108242
0.0107732
0.0107219
0.0106706
0.0106193
0.0105682
0.0105175
0.0104672
0.0104175
0.0103684
0.01032
0.0113824
0.0113812
0.01138
0.0113786
0.0113768
0.0113744
0.0113709
0.0113659
0.011359
0.0113499
0.0113382
0.0113238
0.0113067
0.0112868
0.0112641
0.011239
0.0112114
0.0111816
0.0111499
0.0111165
0.0110816
0.0110454
0.0110081
0.0109699
0.0109311
0.0108917
0.0108519
0.010812
0.0107719
0.0107318
0.0106918
0.010652
0.0106125
0.0113824
0.0113812
0.01138
0.0113788
0.0113774
0.0113757
0.0113735
0.0113706
0.0113666
0.0113614
0.0113547
0.0113463
0.011336
0.0113238
0.0113097
0.0112937
0.0112758
0.0112561
0.0112347
0.0112117
0.0111873
0.0111616
0.0111348
0.0111069
0.0110782
0.0110487
0.0110186
0.010988
0.010957
0.0109257
0.0108942
0.0108625
0.0108308
0.0113824
0.0113812
0.01138
0.0113789
0.0113776
0.0113763
0.0113747
0.0113728
0.0113703
0.0113672
0.0113632
0.0113582
0.0113521
0.0113447
0.011336
0.0113259
0.0113143
0.0113014
0.0112871
0.0112715
0.0112546
0.0112365
0.0112174
0.0111972
0.0111761
0.0111541
0.0111315
0.0111081
0.0110842
0.0110598
0.011035
0.0110099
0.0109845
0.0113824
0.0113812
0.01138
0.0113789
0.0113777
0.0113765
0.0113752
0.0113737
0.011372
0.0113699
0.0113673
0.0113642
0.0113603
0.0113555
0.0113499
0.0113432
0.0113355
0.0113267
0.0113167
0.0113057
0.0112936
0.0112805
0.0112663
0.0112512
0.0112351
0.0112182
0.0112006
0.0111822
0.0111632
0.0111436
0.0111235
0.0111029
0.011082
0.0113824
0.0113812
0.01138
0.0113789
0.0113777
0.0113766
0.0113753
0.011374
0.0113726
0.0113709
0.0113689
0.0113665
0.0113635
0.0113599
0.0113556
0.0113504
0.0113444
0.0113375
0.0113297
0.0113208
0.011311
0.0113002
0.0112885
0.0112759
0.0112624
0.011248
0.0112329
0.0112171
0.0112006
0.0111835
0.0111658
0.0111476
0.011129
0.0113824
0.0113812
0.01138
0.0113789
0.0113777
0.0113765
0.0113753
0.011374
0.0113725
0.0113707
0.0113686
0.0113661
0.011363
0.0113593
0.0113548
0.0113496
0.0113434
0.0113364
0.0113284
0.0113194
0.0113095
0.0112986
0.0112868
0.0112741
0.0112606
0.0112462
0.0112311
0.0112152
0.0111987
0.0111816
0.011164
0.0111458
0.0111272
0.0113824
0.0113812
0.01138
0.0113789
0.0113777
0.0113764
0.011375
0.0113734
0.0113715
0.0113691
0.0113662
0.0113626
0.0113583
0.011353
0.0113468
0.0113395
0.0113312
0.0113218
0.0113113
0.0112998
0.0112872
0.0112735
0.0112589
0.0112434
0.0112271
0.0112099
0.011192
0.0111734
0.0111542
0.0111344
0.0111142
0.0110935
0.0110725
0.0113824
0.0113812
0.01138
0.0113788
0.0113775
0.011376
0.0113742
0.0113718
0.0113688
0.0113648
0.0113599
0.0113537
0.0113462
0.0113373
0.011327
0.0113153
0.0113021
0.0112875
0.0112715
0.0112543
0.0112359
0.0112164
0.0111959
0.0111744
0.0111521
0.011129
0.0111053
0.011081
0.0110562
0.011031
0.0110054
0.0109796
0.0109535
0.0113824
0.0113812
0.01138
0.0113787
0.011377
0.0113748
0.0113718
0.0113676
0.0113618
0.0113543
0.0113449
0.0113333
0.0113196
0.0113037
0.0112857
0.0112656
0.0112436
0.0112198
0.0111944
0.0111675
0.0111393
0.01111
0.0110797
0.0110486
0.0110167
0.0109843
0.0109514
0.0109182
0.0108847
0.010851
0.0108173
0.0107836
0.0107499
0.0113824
0.0113813
0.0113799
0.0113781
0.0113755
0.0113714
0.0113652
0.0113564
0.0113446
0.0113295
0.0113109
0.0112888
0.0112634
0.0112347
0.0112031
0.0111689
0.0111323
0.0110938
0.0110535
0.0110117
0.0109688
0.010925
0.0108805
0.0108355
0.0107902
0.0107447
0.0106992
0.0106538
0.0106086
0.0105637
0.0105192
0.0104751
0.0104315
0.0113825
0.0113812
0.0113794
0.0113761
0.0113704
0.0113611
0.0113472
0.0113279
0.0113028
0.011272
0.0112356
0.011194
0.0111477
0.0110974
0.0110436
0.0109871
0.0109282
0.0108677
0.0108058
0.0107431
0.0106799
0.0106166
0.0105533
0.0104902
0.0104277
0.0103658
0.0103047
0.0102444
0.0101851
0.0101268
0.0100696
0.0100135
0.00995844
0.0113825
0.0113808
0.011377
0.0113691
0.0113545
0.0113315
0.0112988
0.011256
0.0112036
0.0111424
0.0110735
0.0109982
0.0109178
0.0108335
0.0107465
0.0106576
0.0105676
0.0104773
0.0103873
0.0102978
0.0102094
0.0101224
0.0100368
0.00995292
0.00987086
0.0097907
0.0097125
0.00963628
0.00956207
0.00948985
0.00941962
0.00935135
0.009285
0.0113825
0.0113787
0.0113679
0.0113447
0.0113054
0.011248
0.0111728
0.0110816
0.0109771
0.0108621
0.0107396
0.0106119
0.0104814
0.0103497
0.0102183
0.0100882
0.00996015
0.00983484
0.00971264
0.00959382
0.00947856
0.00936695
0.00925902
0.00915477
0.00905414
0.00895706
0.00886344
0.00877318
0.00868618
0.0086023
0.00852145
0.00844351
0.00836835
0.011382
0.0113691
0.0113325
0.0112633
0.0111587
0.0110222
0.0108601
0.0106799
0.0104883
0.010291
0.0100925
0.00989597
0.00970363
0.00951703
0.00933709
0.00916431
0.0089989
0.00884088
0.00869011
0.0085464
0.00840946
0.008279
0.00815471
0.00803628
0.00792339
0.00781574
0.00771303
0.00761498
0.00752134
0.00743184
0.00734626
0.00726437
0.00718597
0.0113786
0.0113249
0.0111997
0.0110009
0.0107442
0.0104511
0.0101407
0.00982717
0.00952002
0.00922488
0.00894479
0.00868112
0.00843415
0.00820345
0.00798818
0.00778734
0.00759987
0.00742475
0.00726099
0.00710765
0.00696389
0.00682893
0.00670204
0.0065826
0.00647
0.00636371
0.00626326
0.00616821
0.00607815
0.00599273
0.00591162
0.00583452
0.00576115
0.0113536
0.011126
0.0107259
0.0102229
0.00968832
0.00916705
0.00868064
0.00823688
0.00783646
0.00747677
0.00715407
0.00686444
0.00660376
0.00636828
0.00615476
0.00596041
0.00578287
0.00562012
0.00547044
0.00533237
0.00520464
0.00508615
0.00497596
0.00487325
0.0047773
0.00468748
0.00460324
0.00452408
0.00444956
0.00437931
0.00431297
0.00425024
0.00419084
0.0111683
0.0102731
0.00924316
0.00829367
0.00748992
0.00682636
0.00627847
0.00582284
0.00544041
0.00511624
0.00483928
0.00459995
0.00439098
0.00420686
0.00404337
0.00389717
0.00376565
0.00364667
0.00353852
0.00343977
0.00334924
0.00326595
0.00318905
0.00311784
0.00305171
0.00299014
0.00293267
0.0028789
0.0028285
0.00278116
0.0027366
0.0026946
0.00265494
0.00982659
0.0072389
0.00577405
0.00486951
0.00424873
0.00378755
0.00342701
0.00314024
0.00290887
0.00271813
0.00255776
0.00242093
0.0023028
0.00219976
0.00210909
0.00202868
0.00195686
0.0018923
0.00183394
0.00178091
0.0017325
0.00168811
0.00164725
0.0016095
0.00157452
0.001542
0.00151169
0.00148337
0.00145683
0.00143192
0.00140849
0.0013864
0.00136554
0.00414167
0.00254161
0.00204418
0.00174836
0.00154034
0.00137827
0.00124767
0.00114134
0.00105377
0.00098091
0.000919644
0.000867562
0.000822823
0.000784021
0.000750081
0.000720164
0.000693613
0.000669905
0.00064862
0.000629415
0.000612009
0.000596171
0.000581705
0.000568448
0.000556262
0.000545028
0.000534645
0.000525023
0.000516088
0.000507773
0.000500018
0.000492774
0.000485988
0.000119434
0.000124352
0.000129424
0.000134072
0.000138235
0.000142037
0.000145562
0.000148849
0.000151924
0.000154806
0.000157512
0.000160054
0.000162444
0.000164691
0.000166805
0.000168794
0.000170666
0.000172429
0.000174087
0.000175649
0.000177119
0.000178503
0.000179807
0.000181034
0.00018219
0.000183279
0.000184304
0.00018527
0.000186181
0.000187038
0.000187846
0.000188607
0.000189325
6.59677e-05
7.80961e-05
9.79068e-05
0.000124182
0.000156147
0.000192544
0.000232119
0.000273542
0.000315461
0.000356662
0.000396251
0.000433764
0.000469148
0.000502659
0.000534712
0.000565753
0.000596162
0.000626204
0.000656028
0.000685688
0.000715189
0.000744513
0.000773654
0.000802625
0.000831462
0.00086021
0.000888924
0.000917653
0.000946439
0.000975316
0.00100431
0.00103344
0.00106272
0.00109215
0.00112175
0.00115151
0.00118146
0.0012116
0.00124193
0.0012725
0.0013033
0.0013344
0.00136581
0.00139761
0.00142986
0.00146263
0.00149603
0.00153016
0.00156517
0.00160118
0.00163836
0.0016769
0.001717
0.00175886
0.00180272
0.00184881
0.00189738
0.00194866
0.0020029
0.00206032
0.00212112
0.00218547
0.0022535
0.00232531
0.00240093
0.00248036
0.00256352
0.00265028
0.00274046
0.00283384
0.00293013
0.00302901
0.00313013
0.00323314
0.00333764
0.00344323
0.00354953
0.00365612
0.00376262
0.00386865
0.00397383
0.00407778
0.00418017
0.00428065
0.00437891
0.00447465
0.0045676
0.00465753
0.00474422
0.00482749
0.00490719
0.00498319
0.00505542
0.00512376
0.00518824
0.00524871
0.0053055
0.00535814
0.00540626
0.00547044
0.000121855
0.000121643
0.000123435
0.000128366
0.000136195
0.000146955
0.000160747
0.000177675
0.000197787
0.000221067
0.000247407
0.000276579
0.000308223
0.000341866
0.000376947
0.000412874
0.000449079
0.000485079
0.000520517
0.000555178
0.000588986
0.000621969
0.000654223
0.000685871
0.000717041
0.000747845
0.000778377
0.000808716
0.000838926
0.000869063
0.000899179
0.000929319
0.000959523
0.000989829
0.00102027
0.00105088
0.00108168
0.00111271
0.001144
0.00117558
0.00120749
0.00123979
0.00127252
0.00130577
0.00133959
0.0013741
0.00140939
0.00144559
0.00148283
0.00152129
0.00156112
0.00160253
0.00164571
0.0016909
0.00173831
0.00178819
0.00184077
0.00189628
0.00195492
0.0020169
0.00208236
0.00215145
0.00222422
0.00230072
0.00238091
0.00246473
0.00255204
0.00264266
0.00273636
0.00283288
0.0029319
0.00303312
0.00313618
0.00324072
0.0033464
0.00345284
0.0035597
0.00366662
0.00377327
0.00387929
0.00398438
0.00408819
0.00419043
0.00429078
0.00438897
0.0044847
0.00457775
0.00466787
0.00475487
0.00483856
0.0049188
0.00499546
0.00506844
0.00513766
0.0052031
0.00526462
0.00532254
0.00537638
0.00542563
0.00549163
0.000240023
0.000235387
0.000230545
0.000226088
0.000222629
0.000220669
0.000220411
0.000221987
0.000225643
0.000231663
0.000240328
0.000251876
0.000266463
0.000284141
0.000304846
0.000328398
0.000354516
0.000382844
0.000412974
0.000444477
0.000476937
0.000509971
0.000543256
0.000576538
0.000609644
0.000642471
0.000674982
0.000707188
0.00073913
0.000770868
0.000802468
0.000833998
0.000865521
0.000897096
0.000928778
0.00096062
0.000992673
0.00102499
0.00105762
0.00109062
0.00112406
0.001158
0.00119251
0.00122769
0.00126363
0.00130044
0.00133824
0.00137717
0.0014174
0.00145909
0.00150242
0.0015476
0.00159484
0.00164436
0.00169638
0.00175111
0.00180876
0.00186953
0.00193359
0.00200106
0.00207205
0.00214661
0.00222473
0.00230637
0.00239143
0.00247976
0.00257117
0.00266541
0.00276223
0.00286133
0.0029624
0.00306512
0.00316915
0.00327419
0.00337991
0.00348601
0.00359219
0.00369816
0.00380364
0.00390836
0.00401205
0.00411444
0.00421527
0.00431427
0.0044112
0.00450581
0.00459788
0.00468718
0.00477353
0.00485675
0.00493669
0.00501323
0.00508626
0.00515567
0.00522147
0.00528347
0.00534199
0.00539657
0.00544651
0.00551376
0.000435134
0.000426874
0.000418754
0.000410869
0.000403347
0.000396281
0.000389743
0.000383831
0.000378625
0.000374177
0.000370606
0.000368119
0.000367001
0.000367607
0.000370318
0.000375502
0.00038346
0.000394388
0.000408353
0.000425288
0.000445012
0.000467254
0.000491692
0.000517979
0.000545777
0.000574769
0.000604682
0.000635284
0.000666398
0.000697893
0.000729681
0.000761713
0.000793972
0.000826466
0.000859218
0.000892267
0.000925662
0.000959458
0.000993718
0.00102851
0.00106392
0.00110002
0.00113691
0.00117469
0.00121348
0.00125341
0.00129461
0.00133725
0.00138149
0.00142751
0.0014755
0.00152565
0.00157816
0.00163324
0.00169106
0.00175181
0.00181564
0.00188269
0.00195304
0.00202676
0.00210384
0.00218425
0.00226792
0.00235469
0.0024444
0.00253683
0.00263172
0.00272881
0.00282779
0.00292838
0.00303025
0.00313312
0.0032367
0.00334071
0.0034449
0.00354903
0.00365287
0.00375622
0.00385887
0.00396062
0.00406127
0.00416062
0.00425847
0.00435461
0.00444883
0.00454092
0.00463068
0.00471791
0.00480244
0.00488409
0.00496271
0.00503817
0.00511036
0.00517916
0.00524454
0.00530634
0.00536481
0.00541954
0.00546965
0.00553746
0.000691617
0.000679364
0.000667483
0.000656119
0.000645363
0.0006352
0.000625581
0.000616446
0.000607784
0.000599549
0.000591688
0.000584175
0.000577031
0.000570328
0.000564205
0.000558864
0.000554567
0.000551626
0.000550378
0.000551158
0.00055427
0.000559948
0.000568345
0.000579515
0.000593422
0.000609949
0.000628921
0.000650128
0.000673342
0.00069834
0.000724913
0.000752879
0.000782082
0.0008124
0.000843745
0.000876055
0.000909299
0.00094347
0.000978583
0.00101468
0.0010518
0.00109003
0.00112945
0.00117015
0.00121226
0.00125591
0.00130122
0.00134835
0.00139746
0.00144872
0.00150228
0.00155832
0.00161699
0.00167845
0.00174282
0.00181021
0.0018807
0.00195433
0.0020311
0.00211099
0.00219389
0.00227968
0.0023682
0.00245923
0.00255253
0.00264782
0.00274483
0.00284325
0.00294278
0.00304312
0.00314401
0.00324517
0.00334636
0.00344739
0.00354806
0.00364821
0.0037477
0.00384641
0.00394421
0.00404101
0.00413667
0.00423108
0.00432409
0.00441556
0.00450534
0.00459325
0.00467913
0.0047628
0.00484409
0.00492284
0.00499891
0.00507214
0.00514242
0.00520961
0.00527368
0.00533443
0.00539209
0.00544626
0.00549591
0.00556343
0.00102157
0.00100376
0.000986604
0.000970237
0.000954765
0.000940185
0.000926438
0.000913436
0.000901098
0.000889353
0.000878117
0.000867324
0.000856928
0.000846913
0.00083729
0.000828101
0.000819424
0.000811368
0.000804076
0.000797723
0.000792514
0.000788674
0.000786439
0.000786042
0.0007877
0.0007916
0.000797886
0.000806654
0.00081795
0.000831773
0.000848082
0.000866805
0.000887854
0.000911128
0.000936528
0.000963963
0.000993354
0.00102464
0.00105778
0.00109275
0.00112954
0.0011682
0.00120874
0.00125122
0.00129573
0.00134235
0.00139118
0.00144232
0.00149589
0.001552
0.00161076
0.00167228
0.00173664
0.00180392
0.00187416
0.00194739
0.00202359
0.00210271
0.00218466
0.00226931
0.00235649
0.002446
0.00253759
0.00263098
0.0027259
0.00282203
0.00291906
0.00301668
0.00311459
0.00321252
0.00331022
0.00340746
0.00350407
0.0035999
0.00369484
0.0037888
0.00388173
0.0039736
0.00406439
0.00415406
0.00424259
0.00432994
0.00441605
0.00450085
0.00458423
0.00466608
0.00474628
0.00482466
0.00490109
0.00497542
0.00504748
0.00511714
0.00518426
0.00524868
0.00531035
0.00536906
0.00542498
0.00547776
0.00552619
0.00559243
0.0014436
0.00141783
0.00139312
0.00136956
0.00134724
0.00132615
0.00130624
0.00128742
0.00126959
0.00125266
0.00123655
0.00122117
0.00120649
0.00119246
0.00117908
0.00116638
0.00115437
0.00114311
0.00113266
0.0011231
0.00111451
0.00110701
0.00110069
0.00109569
0.00109215
0.00109021
0.00109003
0.00109176
0.00109553
0.00110149
0.00110976
0.00112042
0.00113357
0.00114926
0.00116752
0.00118838
0.00121186
0.00123795
0.00126666
0.00129799
0.00133193
0.00136852
0.00140775
0.00144967
0.0014943
0.00154168
0.00159187
0.0016449
0.00170084
0.00175973
0.00182159
0.00188647
0.00195435
0.00202524
0.00209909
0.00217582
0.00225535
0.00233752
0.00242217
0.00250908
0.00259801
0.00268869
0.00278082
0.00287408
0.00296814
0.00306267
0.00315732
0.0032518
0.0033458
0.00343907
0.00353137
0.00362253
0.00371242
0.00380093
0.00388803
0.0039737
0.00405798
0.00414091
0.00422255
0.00430298
0.00438227
0.00446045
0.00453757
0.00461362
0.00468857
0.00476238
0.00483496
0.00490621
0.00497599
0.00504419
0.00511064
0.0051752
0.00523773
0.00529805
0.00535608
0.0054116
0.00546473
0.00551512
0.00556147
0.00562525
0.00196954
0.00193324
0.00189849
0.00186534
0.00183385
0.00180399
0.0017757
0.00174888
0.00172345
0.00169929
0.00167632
0.00165447
0.00163366
0.00161388
0.00159512
0.0015774
0.00156073
0.00154518
0.00153078
0.00151759
0.00150568
0.00149509
0.0014859
0.00147817
0.00147196
0.00146734
0.0014644
0.00146321
0.00146388
0.0014665
0.00147118
0.00147802
0.00148714
0.00149865
0.00151264
0.00152923
0.00154849
0.00157052
0.00159539
0.00162317
0.00165391
0.00168769
0.00172453
0.00176449
0.00180761
0.00185391
0.00190343
0.00195618
0.00201217
0.00207139
0.00213383
0.00219945
0.00226818
0.00233995
0.00241463
0.00249209
0.00257214
0.00265459
0.00273918
0.00282564
0.00291367
0.00300294
0.0030931
0.0031838
0.00327467
0.00336536
0.0034555
0.00354479
0.00363292
0.00371964
0.00380475
0.00388807
0.00396952
0.00404905
0.00412664
0.00420237
0.00427631
0.0043486
0.00441937
0.0044888
0.00455702
0.0046242
0.00469043
0.00475583
0.00482044
0.00488428
0.00494735
0.00500958
0.00507089
0.00513119
0.00519032
0.00524816
0.00530455
0.00535931
0.00541233
0.00546338
0.00551252
0.00555941
0.0056027
0.00566268
0.00259986
0.00255097
0.00250415
0.00245941
0.00241677
0.00237619
0.00233759
0.00230087
0.00226594
0.00223269
0.00220104
0.00217089
0.0021422
0.00211493
0.00208907
0.00206463
0.00204166
0.00202019
0.00200027
0.00198198
0.00196535
0.00195045
0.00193732
0.00192602
0.00191658
0.00190905
0.00190347
0.00189987
0.00189831
0.00189883
0.00190149
0.00190637
0.00191352
0.00192304
0.001935
0.00194951
0.00196665
0.00198652
0.00200921
0.00203483
0.00206344
0.00209515
0.00213001
0.0021681
0.00220946
0.00225414
0.00230216
0.00235355
0.00240828
0.00246633
0.00252765
0.00259218
0.0026598
0.0027304
0.0028038
0.00287981
0.00295821
0.00303874
0.0031211
0.00320497
0.00329002
0.00337586
0.00346212
0.00354841
0.00363434
0.00371953
0.00380361
0.00388625
0.00396715
0.00404606
0.00412277
0.00419715
0.0042691
0.0043386
0.00440569
0.00447045
0.00453303
0.00459362
0.00465241
0.00470965
0.00476556
0.00482038
0.00487431
0.00492756
0.00498026
0.00503251
0.00508439
0.00513591
0.00518705
0.00523775
0.0052879
0.00533738
0.00538606
0.00543374
0.00548031
0.00552551
0.00556937
0.00561154
0.00565069
0.00570538
0.00332324
0.00326076
0.00320081
0.00314337
0.00308842
0.00303592
0.00298577
0.00293789
0.00289218
0.00284854
0.00280688
0.00276711
0.00272919
0.00269306
0.00265873
0.00262622
0.00259554
0.00256675
0.0025399
0.00251505
0.00249226
0.00247159
0.00245309
0.00243681
0.00242278
0.00241104
0.00240163
0.00239456
0.00238985
0.00238754
0.00238766
0.00239022
0.00239527
0.00240285
0.00241302
0.00242583
0.00244134
0.00245963
0.00248076
0.00250482
0.00253187
0.00256199
0.00259525
0.00263171
0.00267141
0.00271439
0.00276068
0.00281028
0.00286316
0.0029193
0.00297862
0.00304103
0.00310641
0.00317459
0.00324539
0.00331858
0.00339391
0.00347108
0.00354977
0.00362963
0.00371029
0.00379135
0.00387241
0.00395307
0.0040329
0.00411153
0.00418857
0.00426368
0.00433657
0.00440697
0.00447469
0.00453959
0.00460158
0.00466066
0.00471687
0.00477033
0.00482121
0.00486971
0.0049161
0.00496066
0.00500369
0.00504549
0.00508635
0.00512655
0.00516632
0.00520587
0.00524534
0.00528483
0.00532441
0.00536406
0.00540376
0.0054434
0.00548287
0.00552202
0.00556071
0.00559869
0.00563594
0.00567214
0.005706
0.00575382
0.00411868
0.00404293
0.00397004
0.00389995
0.00383265
0.00376806
0.00370612
0.00364674
0.00358983
0.00353531
0.00348307
0.00343306
0.00338522
0.00333952
0.00329594
0.00325451
0.00321526
0.00317822
0.00314345
0.00311102
0.00308099
0.00305342
0.00302836
0.00300586
0.00298598
0.00296874
0.00295417
0.00294231
0.00293315
0.00292673
0.00292306
0.00292214
0.00292399
0.00292864
0.00293611
0.00294642
0.00295961
0.00297571
0.00299477
0.00301683
0.00304193
0.00307013
0.00310146
0.00313596
0.00317366
0.00321458
0.00325871
0.00330605
0.00335656
0.00341017
0.00346681
0.00352636
0.00358868
0.00365359
0.00372087
0.00379029
0.00386157
0.00393439
0.00400841
0.00408327
0.00415858
0.00423394
0.00430892
0.0043831
0.00445609
0.00452747
0.00459687
0.00466396
0.00472842
0.00479
0.00484851
0.00490379
0.00495579
0.00500448
0.00504993
0.00509224
0.00513159
0.00516822
0.0052024
0.00523444
0.00526468
0.00529347
0.00532117
0.0053481
0.0053746
0.00540093
0.00542736
0.00545406
0.00548117
0.00550877
0.0055369
0.00556552
0.00559456
0.00562391
0.00565343
0.00568292
0.00571231
0.0057413
0.00576876
0.00580809
0.00495875
0.00487143
0.00478706
0.00470563
0.00462708
0.00455139
0.00447847
0.00440827
0.00434072
0.00427573
0.00421325
0.00415321
0.00409557
0.00404031
0.00398743
0.00393693
0.00388887
0.00384327
0.0038002
0.00375971
0.00372188
0.00368677
0.00365444
0.00362495
0.00359834
0.00357466
0.00355394
0.00353621
0.00352148
0.00350978
0.00350112
0.00349549
0.00349292
0.00349341
0.00349696
0.00350358
0.00351329
0.00352609
0.00354201
0.00356105
0.00358324
0.00360859
0.00363712
0.00366882
0.0037037
0.00374175
0.00378295
0.00382724
0.00387459
0.00392489
0.00397805
0.00403393
0.00409236
0.00415315
0.00421607
0.00428086
0.00434722
0.00441483
0.00448334
0.00455238
0.00462154
0.00469042
0.0047586
0.00482566
0.0048912
0.00495482
0.00501614
0.00507484
0.00513062
0.00518322
0.00523246
0.0052782
0.00532035
0.00535891
0.00539393
0.00542553
0.00545387
0.00547918
0.00550174
0.00552187
0.00553992
0.00555626
0.00557127
0.00558534
0.00559885
0.00561213
0.00562552
0.00563927
0.00565361
0.0056687
0.00568466
0.00570152
0.00571929
0.00573791
0.00575727
0.00577722
0.00579768
0.00581835
0.0058384
0.00586772
0.00581326
0.00571717
0.00562393
0.00553352
0.00544592
0.0053611
0.00527903
0.00519966
0.00512294
0.00504884
0.0049773
0.00490828
0.00484176
0.00477774
0.00471622
0.00465723
0.0046008
0.00454698
0.00449584
0.00444744
0.00440185
0.00435914
0.00431938
0.00428263
0.00424894
0.00421836
0.00419094
0.0041667
0.00414569
0.0041279
0.00411338
0.00410211
0.00409411
0.00408938
0.00408792
0.00408973
0.00409481
0.00410316
0.00411478
0.00412965
0.00414777
0.00416914
0.00419374
0.00422155
0.00425254
0.00428667
0.00432389
0.00436414
0.00440732
0.00445332
0.00450203
0.00455327
0.00460687
0.0046626
0.00472022
0.00477946
0.00484001
0.00490153
0.00496367
0.00502605
0.00508828
0.00514994
0.00521062
0.00526992
0.00532743
0.00538278
0.0054356
0.00548558
0.00553243
0.00557591
0.00561583
0.00565208
0.00568457
0.00571329
0.00573829
0.00575967
0.00577761
0.0057923
0.00580403
0.00581308
0.00581981
0.0058246
0.00582782
0.00582988
0.00583118
0.00583211
0.00583303
0.00583428
0.00583613
0.00583885
0.0058426
0.00584752
0.00585367
0.00586107
0.00586968
0.00587938
0.00589013
0.00590164
0.00591345
0.00593146
0.00665244
0.00655119
0.00645246
0.00635625
0.00626257
0.00617142
0.00608279
0.00599668
0.00591307
0.00583194
0.00575327
0.00567706
0.0056033
0.005532
0.00546319
0.00539692
0.00533321
0.00527214
0.00521378
0.00515819
0.00510545
0.00505563
0.00500882
0.00496508
0.00492447
0.00488705
0.00485287
0.00482199
0.00479442
0.0047702
0.00474935
0.00473189
0.00471783
0.00470718
0.00469993
0.00469608
0.00469563
0.00469856
0.00470487
0.00471453
0.00472753
0.00474383
0.00476341
0.00478621
0.0048122
0.0048413
0.00487344
0.00490853
0.00494646
0.00498709
0.00503028
0.00507583
0.00512355
0.0051732
0.00522453
0.00527723
0.005331
0.00538551
0.00544038
0.00549524
0.00554969
0.00560335
0.00565581
0.00570667
0.00575555
0.00580208
0.00584594
0.00588681
0.00592443
0.00595859
0.0059891
0.00601586
0.0060388
0.0060579
0.00607322
0.00608485
0.00609295
0.00609771
0.00609938
0.00609825
0.00609463
0.00608889
0.0060814
0.00607254
0.00606273
0.00605236
0.00604181
0.00603145
0.00602162
0.0060126
0.00600466
0.00599797
0.0059927
0.0059889
0.00598663
0.00598582
0.00598647
0.00598832
0.00599136
0.00599712
0.00744966
0.0073472
0.00724675
0.00714834
0.00705201
0.00695779
0.00686571
0.0067758
0.00668807
0.00660254
0.00651921
0.00643812
0.00635929
0.00628275
0.00620854
0.00613673
0.00606737
0.00600053
0.00593629
0.00587474
0.00581596
0.00576003
0.00570703
0.00565705
0.00561016
0.00556642
0.0055259
0.00548866
0.00545472
0.00542415
0.00539696
0.00537318
0.00535283
0.00533592
0.00532246
0.00531245
0.00530588
0.00530274
0.00530301
0.00530667
0.00531369
0.00532403
0.00533764
0.00535447
0.00537446
0.00539751
0.00542353
0.00545242
0.00548403
0.00551823
0.00555483
0.00559364
0.00563444
0.00567697
0.00572098
0.00576615
0.00581217
0.0058587
0.00590538
0.00595184
0.00599769
0.00604255
0.00608603
0.00612776
0.00616737
0.00620453
0.00623892
0.00627026
0.00629831
0.00632288
0.00634382
0.00636102
0.00637443
0.00638405
0.00638993
0.00639216
0.00639089
0.0063863
0.00637862
0.0063681
0.00635505
0.00633979
0.00632268
0.00630407
0.00628434
0.00626389
0.00624309
0.00622232
0.00620192
0.00618223
0.00616352
0.00614604
0.00612999
0.00611552
0.00610271
0.00609159
0.0060822
0.00607429
0.00606839
0.00606142
0.00818328
0.00808348
0.00798505
0.00788806
0.00779259
0.00769869
0.00760642
0.00751585
0.00742701
0.00733995
0.00725472
0.00717137
0.00708995
0.00701052
0.00693314
0.00685789
0.00678484
0.00671408
0.0066457
0.0065798
0.00651645
0.00645577
0.00639785
0.00634277
0.00629061
0.00624146
0.00619539
0.00615246
0.00611273
0.00607626
0.00604307
0.00601321
0.00598671
0.00596359
0.00594385
0.00592751
0.00591456
0.005905
0.00589881
0.00589596
0.00589643
0.00590016
0.00590711
0.0059172
0.00593037
0.00594652
0.00596553
0.0059873
0.00601166
0.00603846
0.00606751
0.0060986
0.00613149
0.00616594
0.00620166
0.00623835
0.00627568
0.00631333
0.00635094
0.00638815
0.00642458
0.00645987
0.00649365
0.00652557
0.0065553
0.00658252
0.00660695
0.00662834
0.00664647
0.00666118
0.00667233
0.00667986
0.00668371
0.00668391
0.00668051
0.0066736
0.00666332
0.00664985
0.00663339
0.00661418
0.00659249
0.00656862
0.00654288
0.0065156
0.00648714
0.00645785
0.00642808
0.00639819
0.00636852
0.00633941
0.00631114
0.006284
0.00625821
0.00623396
0.00621139
0.00619058
0.00617162
0.00615428
0.00613964
0.00612001
0.00883775
0.008744
0.00865094
0.00855867
0.00846728
0.00837687
0.00828751
0.00819929
0.00811227
0.00802654
0.00794216
0.0078592
0.00777775
0.00769788
0.00761967
0.00754322
0.00746862
0.00739596
0.00732536
0.0072569
0.00719071
0.00712687
0.00706551
0.00700671
0.00695056
0.00689717
0.00684661
0.00679896
0.00675429
0.00671265
0.00667411
0.00663871
0.00660649
0.00657748
0.0065517
0.00652916
0.00650987
0.00649383
0.00648102
0.00647143
0.00646503
0.00646176
0.00646157
0.0064644
0.00647017
0.00647877
0.00649009
0.00650399
0.00652033
0.00653894
0.00655961
0.00658213
0.00660628
0.00663178
0.00665835
0.00668571
0.00671353
0.00674148
0.00676922
0.00679641
0.00682269
0.00684772
0.00687115
0.00689267
0.00691196
0.00692875
0.00694278
0.00695383
0.00696172
0.00696632
0.00696751
0.00696525
0.00695952
0.00695034
0.00693777
0.00692192
0.00690292
0.00688094
0.00685618
0.00682884
0.00679919
0.00676748
0.00673399
0.00669902
0.00666288
0.00662589
0.00658837
0.00655064
0.00651302
0.00647582
0.00643932
0.00640381
0.00636952
0.00633665
0.00630539
0.00627585
0.00624816
0.00622208
0.00619926
0.00616754
0.00940397
0.00931887
0.00923383
0.00914894
0.00906432
0.00898005
0.00889624
0.00881298
0.00873038
0.00864851
0.00856746
0.00848734
0.00840822
0.00833022
0.00825342
0.00817793
0.00810385
0.0080313
0.00796038
0.00789121
0.00782391
0.00775858
0.00769534
0.0076343
0.00757556
0.00751922
0.00746538
0.00741411
0.00736551
0.00731964
0.00727656
0.00723635
0.00719904
0.00716467
0.00713328
0.00710489
0.00707952
0.00705717
0.00703783
0.00702149
0.00700812
0.00699768
0.00699012
0.00698538
0.00698336
0.00698397
0.0069871
0.00699261
0.00700034
0.00701013
0.00702178
0.00703507
0.00704978
0.00706563
0.00708237
0.00709969
0.0071173
0.00713488
0.0071521
0.00716864
0.00718418
0.00719838
0.00721095
0.00722158
0.00723
0.00723597
0.00723926
0.0072397
0.00723713
0.00723144
0.00722256
0.00721046
0.00719514
0.00717664
0.00715505
0.00713046
0.00710302
0.00707287
0.00704022
0.00700526
0.00696822
0.00692933
0.00688885
0.00684703
0.00680415
0.00676048
0.00671631
0.00667191
0.00662757
0.00658357
0.00654016
0.0064976
0.00645612
0.00641594
0.00637723
0.00634012
0.00630478
0.00627094
0.00624079
0.00619798
0.00987884
0.0098041
0.00972884
0.00965317
0.00957719
0.00950101
0.00942472
0.00934843
0.00927224
0.00919625
0.00912056
0.00904526
0.00897046
0.00889626
0.00882278
0.00875012
0.0086784
0.00860772
0.00853822
0.00847
0.0084032
0.00833792
0.00827429
0.00821242
0.00815242
0.00809441
0.00803847
0.00798472
0.00793323
0.00788409
0.00783737
0.00779314
0.00775146
0.00771239
0.00767595
0.00764219
0.00761112
0.00758277
0.00755713
0.0075342
0.00751395
0.00749635
0.00748136
0.0074689
0.00745891
0.00745129
0.00744592
0.00744268
0.00744142
0.00744196
0.00744413
0.0074477
0.00745246
0.00745816
0.00746453
0.00747131
0.00747819
0.0074849
0.00749113
0.00749657
0.00750093
0.00750391
0.00750525
0.00750468
0.00750196
0.00749687
0.00748925
0.00747893
0.00746581
0.0074498
0.00743085
0.00740897
0.00738417
0.00735652
0.0073261
0.00729303
0.00725744
0.0072195
0.00717938
0.00713727
0.00709338
0.00704792
0.00700112
0.0069532
0.00690439
0.00685494
0.00680509
0.00675507
0.00670513
0.00665549
0.0066064
0.00655807
0.0065107
0.0064645
0.00641962
0.00637621
0.00633443
0.00629397
0.00625751
0.00620497
0.0102644
0.0102007
0.0101361
0.0100705
0.0100042
0.00993721
0.00986962
0.00980153
0.00973304
0.00966426
0.00959527
0.00952618
0.0094571
0.00938813
0.00931937
0.00925095
0.00918297
0.00911556
0.00904883
0.0089829
0.0089179
0.00885394
0.00879115
0.00872965
0.00866954
0.00861095
0.00855398
0.00849873
0.0084453
0.00839378
0.00834424
0.00829677
0.00825143
0.00820828
0.00816737
0.00812875
0.00809244
0.00805846
0.00802684
0.00799756
0.00797062
0.00794598
0.00792361
0.00790346
0.00788545
0.0078695
0.0078555
0.00784333
0.00783285
0.0078239
0.00781631
0.00780987
0.00780437
0.00779959
0.00779528
0.00779119
0.00778705
0.00778259
0.00777754
0.00777163
0.0077646
0.00775617
0.00774613
0.00773423
0.00772029
0.00770412
0.00768559
0.00766457
0.00764098
0.00761477
0.00758593
0.00755447
0.00752045
0.00748392
0.007445
0.0074038
0.00736047
0.00731516
0.00726804
0.00721929
0.00716911
0.00711768
0.0070652
0.00701187
0.0069579
0.00690348
0.00684882
0.00679412
0.00673956
0.00668536
0.0066317
0.00657875
0.0065267
0.00647571
0.00642592
0.00637745
0.00633047
0.00628461
0.00624297
0.00618222
0.0105667
0.0105137
0.0104596
0.0104041
0.0103476
0.01029
0.0102314
0.0101719
0.0101116
0.0100506
0.0099889
0.0099267
0.00986404
0.00980105
0.00973781
0.00967443
0.00961104
0.00954773
0.00948463
0.00942185
0.00935951
0.00929774
0.00923664
0.00917634
0.00911696
0.0090586
0.00900137
0.00894538
0.00889074
0.00883752
0.00878583
0.00873573
0.00868732
0.00864064
0.00859576
0.00855273
0.00851158
0.00847235
0.00843506
0.00839971
0.0083663
0.00833482
0.00830522
0.00827747
0.00825151
0.00822725
0.00820461
0.00818348
0.00816372
0.0081452
0.00812774
0.00811118
0.00809532
0.00807994
0.00806484
0.00804978
0.00803452
0.00801882
0.00800245
0.00798516
0.00796674
0.00794695
0.00792559
0.00790249
0.00787747
0.00785041
0.00782118
0.00778972
0.00775596
0.00771989
0.00768152
0.00764089
0.00759806
0.00755311
0.00750616
0.00745734
0.00740679
0.00735465
0.00730111
0.00724631
0.00719045
0.00713369
0.0070762
0.00701817
0.00695977
0.00690116
0.0068425
0.00678397
0.00672572
0.00666791
0.00661068
0.00655418
0.00649854
0.00644389
0.00639036
0.00633801
0.00628703
0.00623695
0.00619127
0.00612389
0.0107937
0.0107505
0.0107058
0.0106597
0.0106122
0.0105633
0.0105132
0.0104619
0.0104095
0.0103559
0.0103014
0.010246
0.0101897
0.0101327
0.0100751
0.0100169
0.0099583
0.00989933
0.00984012
0.00978079
0.00972145
0.0096622
0.00960317
0.00954447
0.0094862
0.00942848
0.00937142
0.00931511
0.00925967
0.00920517
0.00915173
0.00909941
0.00904829
0.00899845
0.00894995
0.00890284
0.00885717
0.00881298
0.00877029
0.00872911
0.00868946
0.00865132
0.00861467
0.00857948
0.0085457
0.00851326
0.00848208
0.00845208
0.00842312
0.0083951
0.00836786
0.00834125
0.00831509
0.00828921
0.00826341
0.0082375
0.00821125
0.00818449
0.00815698
0.00812854
0.00809898
0.00806811
0.00803577
0.00800182
0.00796613
0.00792859
0.00788915
0.00784774
0.00780435
0.00775898
0.00771167
0.00766246
0.00761145
0.00755873
0.00750442
0.00744865
0.00739156
0.0073333
0.00727402
0.00721389
0.00715306
0.0070917
0.00702995
0.00696796
0.00690589
0.00684386
0.00678202
0.0067205
0.00665941
0.00659888
0.00653901
0.00647992
0.00642169
0.00636443
0.00630822
0.00625309
0.00619922
0.00614607
0.00609745
0.006025
0.0109546
0.0109193
0.0108824
0.010844
0.0108041
0.0107626
0.0107197
0.0106753
0.0106296
0.0105826
0.0105343
0.0104848
0.0104342
0.0103825
0.0103299
0.0102763
0.010222
0.0101669
0.0101113
0.0100551
0.00999847
0.00994156
0.00988443
0.00982721
0.00976999
0.00971287
0.00965596
0.00959937
0.00954317
0.00948748
0.00943238
0.00937794
0.00932426
0.0092714
0.00921943
0.00916841
0.00911839
0.0090694
0.00902149
0.00897466
0.00892895
0.00888434
0.00884083
0.00879838
0.00875697
0.00871654
0.00867703
0.00863835
0.00860042
0.00856312
0.00852633
0.00848993
0.00845376
0.00841767
0.0083815
0.00834507
0.00830823
0.0082708
0.00823261
0.0081935
0.00815332
0.00811192
0.00806919
0.00802501
0.0079793
0.007932
0.00788305
0.00783245
0.0077802
0.00772633
0.00767089
0.00761395
0.00755561
0.00749597
0.00743516
0.00737329
0.00731053
0.007247
0.00718285
0.00711823
0.00705328
0.00698815
0.00692296
0.00685785
0.00679294
0.00672833
0.00666414
0.00660046
0.00653738
0.006475
0.00641338
0.0063526
0.00629273
0.00623381
0.0061759
0.00611902
0.0060633
0.00600811
0.0059576
0.00588156
0.0110571
0.0110275
0.0109962
0.0109634
0.0109289
0.0108928
0.0108552
0.010816
0.0107752
0.010733
0.0106893
0.0106442
0.0105978
0.0105501
0.0105011
0.010451
0.0103999
0.0103477
0.0102946
0.0102406
0.010186
0.0101306
0.0100747
0.0100184
0.00996167
0.00990467
0.00984749
0.00979023
0.00973298
0.00967582
0.00961884
0.00956213
0.00950575
0.00944979
0.0093943
0.00933935
0.00928498
0.00923125
0.0091782
0.00912584
0.0090742
0.00902329
0.0089731
0.00892362
0.00887482
0.00882667
0.00877912
0.0087321
0.00868554
0.00863935
0.00859343
0.00854768
0.00850197
0.00845619
0.0084102
0.00836387
0.00831705
0.00826963
0.00822146
0.00817243
0.00812241
0.00807132
0.00801906
0.00796555
0.00791076
0.00785464
0.00779719
0.00773841
0.00767833
0.007617
0.00755449
0.00749088
0.00742627
0.00736078
0.00729452
0.00722762
0.00716022
0.00709245
0.00702445
0.00695634
0.00688826
0.00682032
0.00675264
0.00668533
0.00661849
0.00655219
0.00648653
0.00642158
0.00635739
0.00629403
0.00623154
0.00616996
0.00610933
0.00604967
0.005991
0.0059333
0.00587669
0.00582047
0.00576903
0.00569079
0.0111068
0.0110801
0.0110519
0.011022
0.0109905
0.0109573
0.0109224
0.010886
0.0108479
0.0108082
0.010767
0.0107242
0.01068
0.0106343
0.0105872
0.0105388
0.0104891
0.0104382
0.0103862
0.0103332
0.0102791
0.0102241
0.0101683
0.0101118
0.0100546
0.00999688
0.00993864
0.00988001
0.00982106
0.00976188
0.00970254
0.00964313
0.00958371
0.00952436
0.00946513
0.00940609
0.0093473
0.00928879
0.00923061
0.00917279
0.00911535
0.00905831
0.00900167
0.00894543
0.00888957
0.00883407
0.00877889
0.008724
0.00866932
0.0086148
0.00856036
0.00850592
0.00845138
0.00839666
0.00834165
0.00828625
0.00823036
0.00817389
0.00811673
0.0080588
0.00800003
0.00794034
0.00787969
0.00781804
0.00775537
0.00769166
0.00762695
0.00756125
0.00749462
0.00742712
0.00735882
0.00728983
0.00722024
0.00715016
0.00707971
0.00700902
0.00693821
0.00686739
0.0067967
0.00672625
0.00665614
0.00658648
0.00651737
0.00644889
0.00638111
0.00631411
0.00624793
0.00618263
0.00611824
0.0060548
0.00599233
0.00593084
0.00587033
0.00581081
0.00575227
0.00569466
0.00563808
0.00558174
0.00553029
0.00545118
0.011105
0.0110784
0.0110502
0.0110203
0.0109888
0.0109556
0.0109208
0.0108843
0.0108462
0.0108064
0.0107651
0.0107221
0.0106777
0.0106317
0.0105842
0.0105354
0.0104852
0.0104336
0.0103809
0.0103269
0.0102718
0.0102157
0.0101586
0.0101005
0.0100417
0.00998201
0.00992169
0.00986074
0.00979926
0.00973731
0.00967496
0.00961229
0.00954937
0.00948625
0.00942299
0.00935966
0.0092963
0.00923297
0.00916969
0.0091065
0.00904344
0.00898052
0.00891774
0.00885513
0.00879266
0.00873033
0.00866812
0.008606
0.00854392
0.00848185
0.00841972
0.00835749
0.00829508
0.00823244
0.00816948
0.00810614
0.00804235
0.00797804
0.00791316
0.00784765
0.00778147
0.00771459
0.00764697
0.00757862
0.00750953
0.00743974
0.00736926
0.00729816
0.00722648
0.00715432
0.00708174
0.00700885
0.00693574
0.00686253
0.00678933
0.00671624
0.00664338
0.00657086
0.00649879
0.00642725
0.00635635
0.00628616
0.00621676
0.00614822
0.00608058
0.00601391
0.00594822
0.00588355
0.00581992
0.00575732
0.00569577
0.00563526
0.00557576
0.00551725
0.00545971
0.00540305
0.00534738
0.00529182
0.00524123
0.0051625
0.0110475
0.0110178
0.0109864
0.0109535
0.0109189
0.0108826
0.0108448
0.0108053
0.0107642
0.0107215
0.0106773
0.0106315
0.0105842
0.0105354
0.0104852
0.0104336
0.0103806
0.0103264
0.0102708
0.0102141
0.0101562
0.0100973
0.0100373
0.00997627
0.00991439
0.00985166
0.00978815
0.00972391
0.00965903
0.00959356
0.00952756
0.00946109
0.00939422
0.00932699
0.00925947
0.00919171
0.00912376
0.00905564
0.00898742
0.00891911
0.00885075
0.00878236
0.00871396
0.00864555
0.00857714
0.00850873
0.00844031
0.00837185
0.00830335
0.00823476
0.00816606
0.00809721
0.00802817
0.0079589
0.00788936
0.00781949
0.00774927
0.00767866
0.00760762
0.00753613
0.00746418
0.00739176
0.00731886
0.00724552
0.00717174
0.00709758
0.00702308
0.00694829
0.00687329
0.00679816
0.00672299
0.00664786
0.00657288
0.00649813
0.00642373
0.00634978
0.00627636
0.00620358
0.00613151
0.00606024
0.00598985
0.00592039
0.00585192
0.00578448
0.00571812
0.00565285
0.00558869
0.00552566
0.00546374
0.00540294
0.00534322
0.00528457
0.00522695
0.00517031
0.00511462
0.00505976
0.00500584
0.0049519
0.00490301
0.00482588
0.0109228
0.0108867
0.010849
0.0108097
0.0107689
0.0107265
0.0106826
0.0106372
0.0105903
0.0105419
0.010492
0.0104408
0.0103882
0.0103342
0.0102789
0.0102224
0.0101646
0.0101056
0.0100455
0.00998422
0.00992193
0.00985863
0.00979437
0.00972919
0.00966316
0.00959631
0.00952872
0.00946042
0.00939146
0.00932192
0.00925182
0.00918124
0.00911021
0.00903878
0.00896701
0.00889493
0.00882259
0.00875002
0.00867727
0.00860435
0.00853131
0.00845816
0.00838492
0.0083116
0.00823822
0.00816478
0.00809128
0.00801771
0.00794406
0.00787033
0.00779649
0.00772253
0.00764842
0.00757415
0.00749969
0.00742504
0.00735016
0.00727505
0.0071997
0.00712411
0.00704829
0.00697226
0.00689602
0.00681962
0.0067431
0.00666651
0.0065899
0.00651334
0.0064369
0.00636066
0.00628471
0.00620913
0.006134
0.00605943
0.00598548
0.00591226
0.00583983
0.00576828
0.00569766
0.00562805
0.0055595
0.00549205
0.00542573
0.00536058
0.00529661
0.00523383
0.00517225
0.00511185
0.00505261
0.00499451
0.00493753
0.00488161
0.00482671
0.00477277
0.00471973
0.00466749
0.00461612
0.00456462
0.00451819
0.00444386
0.0107106
0.0106649
0.0106178
0.0105693
0.0105193
0.010468
0.0104153
0.0103614
0.0103061
0.0102496
0.0101919
0.0101331
0.0100731
0.010012
0.00994979
0.00988658
0.00982237
0.0097572
0.00969111
0.00962413
0.0095563
0.00948767
0.00941825
0.00934811
0.00927727
0.00920578
0.00913367
0.00906099
0.00898778
0.00891408
0.00883992
0.00876535
0.0086904
0.00861512
0.00853955
0.0084637
0.00838763
0.00831137
0.00823493
0.00815835
0.00808166
0.00800487
0.007928
0.00785107
0.00777409
0.00769708
0.00762002
0.00754294
0.00746583
0.00738868
0.0073115
0.00723428
0.00715702
0.00707971
0.00700234
0.00692493
0.00684747
0.00676997
0.00669243
0.00661488
0.00653734
0.00645984
0.00638241
0.00630509
0.00622794
0.006151
0.00607435
0.00599804
0.00592215
0.00584674
0.00577191
0.00569771
0.00562424
0.00555156
0.00547974
0.00540885
0.00533896
0.00527012
0.00520238
0.00513578
0.00507037
0.00500617
0.00494319
0.00488145
0.00482096
0.0047617
0.00470367
0.00464684
0.00459118
0.00453666
0.00448324
0.00443086
0.00437947
0.004329
0.00427939
0.0042305
0.00418244
0.00413413
0.00409086
0.00402049
0.0103812
0.0103233
0.0102642
0.010204
0.0101427
0.0100803
0.010017
0.00995266
0.00988742
0.00982129
0.00975431
0.00968653
0.00961798
0.00954868
0.00947868
0.009408
0.00933668
0.00926474
0.00919221
0.00911913
0.00904551
0.00897138
0.00889677
0.00882172
0.00874623
0.00867034
0.00859408
0.00851748
0.00844055
0.00836333
0.00828584
0.00820812
0.00813018
0.00805205
0.00797377
0.00789534
0.00781681
0.00773818
0.00765949
0.00758075
0.00750199
0.00742321
0.00734444
0.0072657
0.00718698
0.00710831
0.00702969
0.00695113
0.00687264
0.00679422
0.00671588
0.00663763
0.00655947
0.0064814
0.00640345
0.00632562
0.00624792
0.00617037
0.00609301
0.00601584
0.00593891
0.00586226
0.00578591
0.00570993
0.00563436
0.00555926
0.00548469
0.0054107
0.00533737
0.00526475
0.00519291
0.00512192
0.00505184
0.00498272
0.00491463
0.00484761
0.00478171
0.00471697
0.00465343
0.0045911
0.00453002
0.0044702
0.00441163
0.00435432
0.00429827
0.00424345
0.00418984
0.00413741
0.00408614
0.00403596
0.00398684
0.00393873
0.00389154
0.00384523
0.00379971
0.00375486
0.00371078
0.00366636
0.00362688
0.00356157
0.00989559
0.00982397
0.00975164
0.00967865
0.00960505
0.00953091
0.00945625
0.00938113
0.00930559
0.00922966
0.00915338
0.00907678
0.00899988
0.00892273
0.00884533
0.00876771
0.00868989
0.0086119
0.00853373
0.00845541
0.00837696
0.00829838
0.00821969
0.0081409
0.00806203
0.00798307
0.00790405
0.00782497
0.00774585
0.0076667
0.00758753
0.00750836
0.00742919
0.00735005
0.00727093
0.00719187
0.00711286
0.00703393
0.00695508
0.00687634
0.0067977
0.00671918
0.0066408
0.00656257
0.00648448
0.00640656
0.00632882
0.00625126
0.00617388
0.00609672
0.00601976
0.00594303
0.00586653
0.00579028
0.0057143
0.0056386
0.00556321
0.00548815
0.00541344
0.00533913
0.00526524
0.00519182
0.0051189
0.00504653
0.00497476
0.00490364
0.00483323
0.00476357
0.00469472
0.00462673
0.00455966
0.00449356
0.00442847
0.00436444
0.00430151
0.00423971
0.00417909
0.00411966
0.00406144
0.00400446
0.00394871
0.00389421
0.00384095
0.00378891
0.00373809
0.00368846
0.00363999
0.00359265
0.00354641
0.00350121
0.00345701
0.00341375
0.00337137
0.00332979
0.00328895
0.00324873
0.00320922
0.0031693
0.00313417
0.00307501
0.00920985
0.00912502
0.00904016
0.00895533
0.00887056
0.0087859
0.00870137
0.00861702
0.00853286
0.00844892
0.00836522
0.00828177
0.0081986
0.0081157
0.00803308
0.00795076
0.00786873
0.007787
0.00770556
0.00762441
0.00754356
0.00746299
0.00738269
0.00730268
0.00722294
0.00714346
0.00706424
0.00698528
0.00690657
0.00682811
0.0067499
0.00667193
0.00659421
0.00651673
0.0064395
0.00636251
0.00628576
0.00620927
0.00613303
0.00605704
0.00598132
0.00590586
0.00583067
0.00575575
0.00568112
0.00560677
0.00553272
0.00545897
0.00538553
0.00531242
0.00523963
0.00516719
0.0050951
0.00502339
0.00495207
0.00488116
0.00481069
0.00474067
0.00467114
0.00460212
0.00453366
0.00446577
0.00439851
0.00433192
0.00426602
0.00420087
0.00413651
0.00407298
0.00401032
0.00394858
0.00388779
0.003828
0.00376924
0.00371154
0.00365494
0.00359945
0.00354511
0.00349193
0.00343991
0.00338908
0.00333942
0.00329095
0.00324365
0.00319751
0.00315251
0.00310864
0.00306585
0.00302413
0.00298342
0.0029437
0.00290491
0.002867
0.0028299
0.00279357
0.00275793
0.00272285
0.00268846
0.00265367
0.00262337
0.0025715
0.0082839
0.00818938
0.00809567
0.00800278
0.00791072
0.0078195
0.00772914
0.00763963
0.00755096
0.00746315
0.00737618
0.00729004
0.00720473
0.00712022
0.00703651
0.00695357
0.00687139
0.00678995
0.00670922
0.0066292
0.00654985
0.00647115
0.00639309
0.00631563
0.00623877
0.00616247
0.00608671
0.00601149
0.00593677
0.00586254
0.00578879
0.0057155
0.00564265
0.00557023
0.00549824
0.00542666
0.00535548
0.0052847
0.00521431
0.0051443
0.00507467
0.00500542
0.00493655
0.00486805
0.00479992
0.00473218
0.00466481
0.00459783
0.00453124
0.00446504
0.00439925
0.00433387
0.00426892
0.00420441
0.00414035
0.00407676
0.00401366
0.00395107
0.00388901
0.00382751
0.00376659
0.00370628
0.00364661
0.00358761
0.00352932
0.00347177
0.00341498
0.003359
0.00330386
0.00324958
0.00319621
0.00314377
0.00309229
0.00304181
0.00299233
0.00294389
0.00289651
0.00285019
0.00280495
0.0027608
0.00271774
0.00267578
0.0026349
0.00259509
0.00255635
0.00251865
0.00248198
0.00244629
0.00241156
0.00237776
0.00234484
0.00231276
0.00228146
0.00225089
0.002221
0.00219167
0.00216302
0.00213405
0.00210914
0.00206593
0.00709851
0.00700139
0.00690586
0.00681188
0.00671944
0.00662849
0.00653901
0.00645097
0.00636432
0.00627903
0.00619507
0.00611239
0.00603097
0.00595075
0.0058717
0.00579379
0.00571697
0.0056412
0.00556645
0.00549267
0.00541984
0.0053479
0.00527683
0.00520659
0.00513714
0.00506846
0.0050005
0.00493323
0.00486663
0.00480067
0.00473533
0.00467056
0.00460637
0.00454271
0.00447957
0.00441694
0.0043548
0.00429312
0.0042319
0.00417113
0.00411079
0.00405087
0.00399137
0.00393229
0.0038736
0.00381532
0.00375744
0.00369995
0.00364286
0.00358617
0.00352988
0.003474
0.00341853
0.00336347
0.00330885
0.00325466
0.00320091
0.00314763
0.00309482
0.00304251
0.0029907
0.00293943
0.00288871
0.00283857
0.00278903
0.00274012
0.00269187
0.0026443
0.00259745
0.00255135
0.00250603
0.00246152
0.00241785
0.00237505
0.00233315
0.00229217
0.00225214
0.00221309
0.00217502
0.00213795
0.0021019
0.00206686
0.00203285
0.00199984
0.00196785
0.00193685
0.00190683
0.00187777
0.00184965
0.00182242
0.00179607
0.00177054
0.00174581
0.00172182
0.00169852
0.00167583
0.00165385
0.00163175
0.00161303
0.00158044
0.00567982
0.00559011
0.00550247
0.00541683
0.00533312
0.00525127
0.00517121
0.00509288
0.00501621
0.00494115
0.00486762
0.00479558
0.00472495
0.0046557
0.00458775
0.00452107
0.00445559
0.00439126
0.00432804
0.00426587
0.00420471
0.00414452
0.00408524
0.00402684
0.00396927
0.0039125
0.00385649
0.0038012
0.00374659
0.00369264
0.0036393
0.00358656
0.00353439
0.00348275
0.00343162
0.00338099
0.00333082
0.0032811
0.00323181
0.00318294
0.00313446
0.00308636
0.00303863
0.00299126
0.00294423
0.00289754
0.00285118
0.00280513
0.00275939
0.00271396
0.00266884
0.00262401
0.00257947
0.00253524
0.00249129
0.00244765
0.00240432
0.00236129
0.00231859
0.00227622
0.00223421
0.00219256
0.0021513
0.00211046
0.00207007
0.00203015
0.00199074
0.00195188
0.00191361
0.00187597
0.00183901
0.00180276
0.00176726
0.00173257
0.00169872
0.00166574
0.00163368
0.00160255
0.00157239
0.00154322
0.00151505
0.00148788
0.00146174
0.00143661
0.00141249
0.00138937
0.00136724
0.00134608
0.00132586
0.00130655
0.00128814
0.00127057
0.00125382
0.00123784
0.0012226
0.00120802
0.00119415
0.00118046
0.00116911
0.00114968
0.00412532
0.00405343
0.00398357
0.00391566
0.0038496
0.00378532
0.00372272
0.00366174
0.0036023
0.00354433
0.00348776
0.00343254
0.00337859
0.00332586
0.0032743
0.00322384
0.00317444
0.00312604
0.0030786
0.00303207
0.00298641
0.00294157
0.0028975
0.00285418
0.00281156
0.0027696
0.00272827
0.00268753
0.00264736
0.00260771
0.00256857
0.00252989
0.00249166
0.00245384
0.00241642
0.00237936
0.00234264
0.00230625
0.00227016
0.00223434
0.00219879
0.00216347
0.00212838
0.0020935
0.0020588
0.00202428
0.00198992
0.00195571
0.00192164
0.00188769
0.00185387
0.00182016
0.00178657
0.00175309
0.00171973
0.0016865
0.0016534
0.00162046
0.0015877
0.00155514
0.00152282
0.00149077
0.00145902
0.00142763
0.00139665
0.00136612
0.00133611
0.00130666
0.00127784
0.00124969
0.00122228
0.00119566
0.00116988
0.00114497
0.00112098
0.00109795
0.00107589
0.00105484
0.0010348
0.00101579
0.000997811
0.000980856
0.000964917
0.000949981
0.000936031
0.000923043
0.000910992
0.000899848
0.000889578
0.000880146
0.000871517
0.000863648
0.000856499
0.000850025
0.000844183
0.000838917
0.00083421
0.000829872
0.000826458
0.000821166
0.00261132
0.00256361
0.00251738
0.00247256
0.00242907
0.00238686
0.00234584
0.00230597
0.00226718
0.00222941
0.00219262
0.00215675
0.00212175
0.00208759
0.00205422
0.00202159
0.00198967
0.00195842
0.0019278
0.00189778
0.00186833
0.0018394
0.00181098
0.00178304
0.00175553
0.00172844
0.00170173
0.00167538
0.00164936
0.00162366
0.00159823
0.00157307
0.00154814
0.00152343
0.00149891
0.00147457
0.00145038
0.00142632
0.00140238
0.00137854
0.00135478
0.0013311
0.00130748
0.00128392
0.0012604
0.00123692
0.00121348
0.00119009
0.00116674
0.00114345
0.00112023
0.0010971
0.00107408
0.00105119
0.00102846
0.00100594
0.000983653
0.000961645
0.000939963
0.000918652
0.000897762
0.000877344
0.000857448
0.000838124
0.000819419
0.000801381
0.00078405
0.000767466
0.000751663
0.000736669
0.000722508
0.000709198
0.000696752
0.000685176
0.000674472
0.000664635
0.000655656
0.000647523
0.000640218
0.00063372
0.000628005
0.000623045
0.000618811
0.000615271
0.000612392
0.000610137
0.000608471
0.000607355
0.000606752
0.000606621
0.000606924
0.000607619
0.000608668
0.000610028
0.000611661
0.000613528
0.000615577
0.00061784
0.000619883
0.000623673
0.00134261
0.00131753
0.00129321
0.00126963
0.00124673
0.00122448
0.00120286
0.00118181
0.00116131
0.00114134
0.00112185
0.00110284
0.00108426
0.00106611
0.00104835
0.00103096
0.00101393
0.000997241
0.000980864
0.000964788
0.000948994
0.000933468
0.000918193
0.000903155
0.000888341
0.000873738
0.000859333
0.000845114
0.000831073
0.000817199
0.000803483
0.000789919
0.0007765
0.000763222
0.00075008
0.000737073
0.0007242
0.000711461
0.000698861
0.000686401
0.000674089
0.000661932
0.00064994
0.000638122
0.000626492
0.000615064
0.000603853
0.000592876
0.000582152
0.000571699
0.000561537
0.000551686
0.000542166
0.000532999
0.000524203
0.000515799
0.000507805
0.000500239
0.000493116
0.000486451
0.000480257
0.000474544
0.000469321
0.000464593
0.000460364
0.000456636
0.000453407
0.000450673
0.00044843
0.000446669
0.000445378
0.000444547
0.00044416
0.000444202
0.000444653
0.000445494
0.000446704
0.000448261
0.000450139
0.000452315
0.000454762
0.000457452
0.000460359
0.000463453
0.000466707
0.00047009
0.000473574
0.00047713
0.000480729
0.000484343
0.000487945
0.000491509
0.000495009
0.000498421
0.000501724
0.000504894
0.000507909
0.00051079
0.000513207
0.000516919
0.000478614
0.000470632
0.000462985
0.000455659
0.00044864
0.000441912
0.000435459
0.00042927
0.000423331
0.00041763
0.000412155
0.000406897
0.000401845
0.00039699
0.000392323
0.000387835
0.000383519
0.000379366
0.000375371
0.000371526
0.000367826
0.000364265
0.000360837
0.000357537
0.000354362
0.000351306
0.000348368
0.000345542
0.000342827
0.000340219
0.000337718
0.000335321
0.000333028
0.000330836
0.000328747
0.00032676
0.000324875
0.000323093
0.000321415
0.000319842
0.000318377
0.000317022
0.000315778
0.000314649
0.000313638
0.000312748
0.000311983
0.000311346
0.000310843
0.000310477
0.000310252
0.000310175
0.000310249
0.000310479
0.000310872
0.000311431
0.000312161
0.000313068
0.000314156
0.000315428
0.000316889
0.00031854
0.000320385
0.000322423
0.000324655
0.000327078
0.00032969
0.000332485
0.000335456
0.000338594
0.000341886
0.000345319
0.000348876
0.000352538
0.000356282
0.000360085
0.00036392
0.000367758
0.000371569
0.000375322
0.000378986
0.000382527
0.000385914
0.000389117
0.000392107
0.000394856
0.000397341
0.000399541
0.000401439
0.000403021
0.000404277
0.000405202
0.000405792
0.000406047
0.000405974
0.000405563
0.000404885
0.000403727
0.000402876
0.000399955
0.00019011
0.000190963
0.000191782
0.000192567
0.000193317
0.000194031
0.00019471
0.000195353
0.00019596
0.000196532
0.000197067
0.000197566
0.000198029
0.000198455
0.000198845
0.000199198
0.000199515
0.000199795
0.000200038
0.000200245
0.000200414
0.000200547
0.000200642
0.000200699
0.00020072
0.000200702
0.000200646
0.000200551
0.000200418
0.000200246
0.000200033
0.000199781
0.000199488
0.000199153
0.000198776
0.000198357
0.000197894
0.000197388
0.000196836
0.000196239
0.000195595
0.000194905
0.000194166
0.00019338
0.000192544
0.000191658
0.000190723
0.000189738
0.000188703
0.000187617
0.000186482
0.000185298
0.000184066
0.000182787
0.000181463
0.000180096
0.000178689
0.000177244
0.000175765
0.000174255
0.00017272
0.000171164
0.000169593
0.000168012
0.000166428
0.000164848
0.000163278
0.000161725
0.000160197
0.0001587
0.000157242
0.000155828
0.000154464
0.000153156
0.000151907
0.000150722
0.000149604
0.000148552
0.000147568
0.000146652
0.000145801
0.000145014
0.000144287
0.000143615
0.000142995
0.000142421
0.000141888
0.00014139
0.000140923
0.000140481
0.000140058
0.00013965
0.000139251
0.000138858
0.000138466
0.00013807
0.000137673
0.000137242
0.000136889
0.000136165
2.3376e-07
4.09729e-06
7.68707e-06
1.0027e-05
1.08317e-05
1.05537e-05
9.78993e-06
8.73776e-06
7.69455e-06
6.60335e-06
5.90508e-06
1.48081e-05
1.67651e-05
8.07988e-06
5.17338e-05
7.59466e-05
9.3816e-05
0.000108119
0.000120146
0.000130577
0.000139802
0.000148056
0.000155493
0.000162228
0.000168354
0.000173959
0.000179122
0.000183916
0.000188407
0.00019265
0.000196688
0.000200559
0.000204289
0.000207898
0.000211403
0.000214817
0.000218154
0.000221431
0.000224671
0.000227888
0.000231037
0.000234122
0.00023715
0.000240115
0.000243013
0.000245835
0.000248575
0.000251221
0.000253765
0.000256196
0.000258503
0.000260675
0.000262699
0.000264565
0.000266259
0.000267769
0.000269083
0.000270189
0.000271077
0.000271736
0.000272158
0.000272334
0.000272259
0.000271928
0.000271341
0.000270499
0.000269406
0.000268067
0.000266498
0.000264761
0.000263106
0.000262304
0.000262003
0.000261607
0.000261031
0.000260278
0.000259369
0.000258324
0.000257159
0.000255889
0.000254527
0.000253085
0.000251574
0.000250005
0.000248389
0.000246736
0.000245055
0.000243353
0.00024164
0.000239924
0.000238211
0.000236509
0.000234825
0.000233168
0.000231548
0.000229976
0.000228474
0.000227073
0.000225842
0.000224778
2.66044e-06
9.68858e-06
2.66655e-05
4.55447e-05
5.51524e-05
5.22585e-05
4.00449e-05
2.63438e-05
5.84131e-06
2.27327e-05
7.40565e-05
9.96184e-05
0.00011813
0.000137473
0.000157713
0.000185583
0.000219729
0.000261328
0.000310753
0.000367524
0.000430261
0.000496931
0.000565235
0.000633021
0.00069859
0.000760852
0.00081932
0.000873996
0.000925216
0.000973491
0.00101938
0.0010634
0.00110597
0.00114738
0.00118774
0.00122698
0.00126484
0.0013008
0.00133437
0.00136589
0.0013969
0.00142786
0.00145881
0.00148972
0.00152057
0.00155129
0.00158183
0.00161211
0.00164206
0.00167159
0.00170061
0.00172902
0.00175672
0.0017836
0.00180954
0.00183442
0.00185813
0.00188054
0.00190154
0.001921
0.00193884
0.00195494
0.00196923
0.00198162
0.00199205
0.00200048
0.00200689
0.00201125
0.0020135
0.0020135
0.00201094
0.00200562
0.00199741
0.00198634
0.001973
0.00195784
0.00194118
0.00192325
0.00190421
0.00188422
0.00186341
0.00184191
0.00181983
0.00179728
0.00177437
0.00175118
0.00172781
0.00170433
0.00168083
0.00165738
0.00163404
0.00161089
0.00158798
0.00156538
0.0015432
0.00152146
0.00150059
0.00148015
0.00146275
0.00144174
5.96503e-06
3.61275e-05
9.71255e-05
0.000117907
0.000102524
7.60863e-05
5.48593e-05
6.41046e-05
9.1297e-05
0.000123132
0.000149124
0.000169881
0.000195964
0.000232194
0.000285088
0.000357894
0.000452174
0.000567571
0.000699912
0.000842217
0.000986406
0.0011253
0.00125395
0.00136995
0.001473
0.00156418
0.00164519
0.00171791
0.00178407
0.00184514
0.00190228
0.00195641
0.0020082
0.00205815
0.00210664
0.00215401
0.00220062
0.00224697
0.0022937
0.00233981
0.00238549
0.0024308
0.00247569
0.00252009
0.00256391
0.00260708
0.00264953
0.00269117
0.00273193
0.00277172
0.00281048
0.00284812
0.00288455
0.00291971
0.00295351
0.00298589
0.00301675
0.00304602
0.00307364
0.00309954
0.00312364
0.00314589
0.00316623
0.00318462
0.003201
0.00321534
0.00322761
0.00323776
0.00324576
0.00325147
0.00325467
0.00325521
0.00325311
0.0032484
0.00324119
0.00323165
0.00321994
0.00320621
0.00319061
0.00317327
0.00315432
0.00313386
0.00311203
0.00308894
0.0030647
0.00303944
0.00301327
0.00298629
0.00295864
0.0029304
0.00290171
0.00287265
0.00284336
0.00281393
0.00278453
0.00275525
0.00272646
0.00269791
0.00267229
0.00263865
8.7956e-06
8.80869e-05
0.000129608
0.000120552
0.000105646
0.000101614
0.000110747
0.000131007
0.000155013
0.000178744
0.000203888
0.000238281
0.000290197
0.000366425
0.000472814
0.000607669
0.000767117
0.000942519
0.00112315
0.00129927
0.00146402
0.00161383
0.00174784
0.00186684
0.00197251
0.00206678
0.00215157
0.00222862
0.0022994
0.00236517
0.00242695
0.00248555
0.00254162
0.0025957
0.00264821
0.00269951
0.00274994
0.00279991
0.00284907
0.00289719
0.00294432
0.00299047
0.00303564
0.00307977
0.00312282
0.00316475
0.00320552
0.0032451
0.00328346
0.00332059
0.00335648
0.00339113
0.00342454
0.00345674
0.00348774
0.00351758
0.00354627
0.00357387
0.00360039
0.00362587
0.00365033
0.0036738
0.00369629
0.0037178
0.00373832
0.00375785
0.00377633
0.00379373
0.00380998
0.00382497
0.00383854
0.00385055
0.00386091
0.00386952
0.00387629
0.00388116
0.0038841
0.0038851
0.00388417
0.00388131
0.00387654
0.00386989
0.00386139
0.00385109
0.00383903
0.0038253
0.00380996
0.0037931
0.0037748
0.00375517
0.0037343
0.00371232
0.00368932
0.00366544
0.00364082
0.00361558
0.00359001
0.00356389
0.00353959
0.00350564
1.14593e-05
0.000121834
0.00015486
0.000141673
0.000135768
0.000141839
0.000155904
0.00017496
0.000197773
0.000226638
0.000267947
0.000330167
0.000420224
0.000541998
0.00069349
0.000866401
0.00105153
0.00123884
0.00142026
0.00159066
0.0017475
0.00189013
0.00201894
0.00213494
0.00223935
0.00233352
0.0024188
0.0024965
0.00256781
0.00263382
0.00269545
0.00275349
0.0028086
0.0028613
0.00291201
0.0029611
0.0030089
0.00305544
0.00310062
0.0031444
0.00318679
0.00322783
0.00326753
0.00330591
0.00334295
0.00337866
0.00341305
0.00344616
0.003478
0.00350864
0.00353813
0.00356656
0.00359401
0.00362059
0.0036464
0.00367157
0.00369621
0.00372047
0.00374445
0.00376828
0.00379206
0.00381589
0.00383983
0.00386395
0.00388827
0.00391279
0.00393749
0.0039623
0.00398716
0.00401193
0.00403647
0.0040606
0.00408417
0.00410698
0.00412884
0.00414954
0.00416892
0.0041868
0.00420305
0.00421755
0.00423019
0.00424089
0.00424957
0.00425619
0.00426072
0.00426314
0.00426347
0.00426173
0.00425797
0.00425223
0.00424459
0.00423513
0.00422395
0.00421114
0.00419683
0.00418112
0.00416427
0.00414601
0.0041284
0.00410216
1.38343e-05
0.000154117
0.000178468
0.000166251
0.000165176
0.000174155
0.000189885
0.000212086
0.00024335
0.000289074
0.000356103
0.000450051
0.000572884
0.000721755
0.000889192
0.0010663
0.00124539
0.00142024
0.00158678
0.00174271
0.00188698
0.0020193
0.00213988
0.00224924
0.00234817
0.00243759
0.00251856
0.00259214
0.0026594
0.0027213
0.00277872
0.0028324
0.00288296
0.00293091
0.00297667
0.00302057
0.00306282
0.00310352
0.00314267
0.00318029
0.00321641
0.00325107
0.00328431
0.00331617
0.00334669
0.00337591
0.00340389
0.00343069
0.00345639
0.00348109
0.00350492
0.003528
0.00355047
0.00357251
0.00359429
0.00361598
0.00363777
0.00365986
0.00368242
0.00370564
0.00372967
0.00375466
0.00378072
0.00380795
0.0038364
0.0038661
0.00389703
0.00392913
0.00396232
0.00399645
0.00403137
0.00406687
0.00410275
0.00413877
0.00417465
0.00421011
0.00424488
0.00427869
0.0043113
0.00434247
0.00437199
0.00439967
0.00442536
0.00444891
0.00447021
0.00448917
0.00450573
0.00451985
0.00453152
0.00454075
0.00454756
0.004552
0.00455413
0.00455401
0.00455176
0.00454743
0.00454127
0.004533
0.00452435
0.00450953
1.61052e-05
0.000181964
0.000199274
0.00018827
0.000190437
0.000203274
0.000225462
0.00025906
0.00030807
0.000377055
0.000469311
0.000585343
0.000722295
0.000874474
0.001035
0.00119788
0.00135841
0.00151323
0.00166015
0.00179786
0.00192571
0.00204343
0.0021511
0.00224907
0.00233792
0.0024184
0.00249135
0.00255767
0.00261824
0.0026739
0.00272539
0.00277337
0.00281838
0.00286085
0.00290113
0.0029395
0.00297616
0.00301126
0.00304485
0.00307697
0.00310767
0.003137
0.00316501
0.00319176
0.0032173
0.00324172
0.00326509
0.00328751
0.00330909
0.00332995
0.00335026
0.00337017
0.00338988
0.00340956
0.00342945
0.00344974
0.00347068
0.00349248
0.00351536
0.00353954
0.00356521
0.00359254
0.00362168
0.00365276
0.00368584
0.00372097
0.00375814
0.00379731
0.00383839
0.00388123
0.00392565
0.00397146
0.00401839
0.00406617
0.0041145
0.00416304
0.00421145
0.0042594
0.00430656
0.00435262
0.00439728
0.00444028
0.00448137
0.00452034
0.00455701
0.00459122
0.00462284
0.00465179
0.004678
0.00470142
0.00472204
0.00473986
0.00475492
0.00476725
0.00477694
0.00478401
0.0047887
0.00479072
0.00479154
0.00478922
1.85432e-05
0.00020584
0.000217537
0.000208829
0.000217454
0.000241574
0.000280776
0.000336257
0.000409137
0.000499734
0.000607095
0.0007288
0.000861126
0.000999646
0.00114014
0.0012792
0.00141426
0.00154353
0.00166581
0.00178044
0.00188709
0.00198569
0.0020764
0.00215952
0.00223548
0.00230485
0.00236824
0.0024263
0.00247968
0.00252899
0.0025748
0.00261761
0.00265777
0.00269562
0.00273146
0.00276553
0.00279802
0.00282905
0.00285873
0.0028871
0.00291421
0.00294013
0.00296491
0.00298862
0.00301134
0.00303314
0.00305414
0.00307444
0.00309417
0.00311348
0.00313254
0.00315153
0.00317066
0.00319013
0.00321018
0.00323105
0.00325298
0.0032762
0.00330097
0.0033275
0.00335601
0.00338669
0.00341972
0.00345522
0.00349329
0.00353399
0.00357732
0.00362325
0.0036717
0.00372253
0.00377555
0.00383055
0.00388726
0.00394539
0.00400459
0.00406451
0.00412477
0.00418497
0.00424474
0.00430371
0.00436152
0.00441785
0.00447239
0.00452487
0.00457504
0.00462269
0.00466765
0.00470977
0.00474894
0.00478508
0.00481813
0.00484807
0.0048749
0.00489863
0.00491932
0.00493696
0.00495181
0.00496353
0.00497339
0.00498328
2.11126e-05
0.000225819
0.000235968
0.00023835
0.000270421
0.000326795
0.000399956
0.000484172
0.000576093
0.000674141
0.000777391
0.00088476
0.000994711
0.00110534
0.00121486
0.00132177
0.0014249
0.00152343
0.00161689
0.00170504
0.00178784
0.00186534
0.00193769
0.00200507
0.00206774
0.00212597
0.0021801
0.0022305
0.00227751
0.00232153
0.00236283
0.00240167
0.00243832
0.00247304
0.00250605
0.00253752
0.0025676
0.0025964
0.00262402
0.00265051
0.00267595
0.00270038
0.00272387
0.0027465
0.00276834
0.0027895
0.00281007
0.00283019
0.00284999
0.00286963
0.00288929
0.00290916
0.00292944
0.00295036
0.00297216
0.00299507
0.00301934
0.00304523
0.00307298
0.00310283
0.00313499
0.00316967
0.00320705
0.00324728
0.00329046
0.00333667
0.00338594
0.00343823
0.00349347
0.00355154
0.00361226
0.00367541
0.00374071
0.00380785
0.00387648
0.00394621
0.00401663
0.00408734
0.00415791
0.00422792
0.00429697
0.0043647
0.00443075
0.0044948
0.00455656
0.00461578
0.00467223
0.00472574
0.00477615
0.00482334
0.00486724
0.00490778
0.00494495
0.00497872
0.00500915
0.00503621
0.00506016
0.00508063
0.00509867
0.00511979
2.31611e-05
0.000241923
0.000266846
0.000313136
0.000403637
0.000508494
0.000610049
0.000703225
0.000788768
0.000869149
0.000946686
0.00102287
0.00109838
0.00117321
0.001247
0.0013193
0.00138968
0.00145782
0.00152353
0.00158673
0.00164739
0.00170554
0.00176118
0.00181436
0.0018651
0.00191346
0.00195951
0.00200336
0.00204509
0.00208476
0.0021225
0.00215846
0.00219279
0.00222562
0.00225708
0.00228729
0.00231635
0.00234435
0.00237135
0.00239742
0.00242262
0.00244701
0.00247066
0.00249365
0.00251605
0.00253797
0.00255952
0.00258083
0.00260204
0.00262331
0.00264482
0.00266676
0.00268934
0.00271278
0.00273731
0.00276317
0.00279062
0.00281989
0.00285124
0.0028849
0.00292111
0.00296006
0.00300195
0.00304693
0.00309514
0.00314664
0.00320148
0.00325965
0.00332109
0.00338568
0.00345325
0.00352357
0.00359637
0.00367133
0.00374809
0.00382623
0.00390535
0.00398498
0.0040647
0.00414405
0.00422261
0.00429996
0.00437572
0.00444954
0.00452108
0.00459007
0.00465625
0.0047194
0.00477935
0.00483595
0.0048891
0.0049387
0.00498473
0.00502715
0.00506599
0.0051012
0.00513307
0.0051612
0.00518641
0.0052175
2.45098e-05
0.000257439
0.000338469
0.000466721
0.000603391
0.000715444
0.000803431
0.00087393
0.000932976
0.000985155
0.00103359
0.00108023
0.00112622
0.00117207
0.00121791
0.0012637
0.00130929
0.00135456
0.0013994
0.00144374
0.00148752
0.0015307
0.00157323
0.00161503
0.00165604
0.00169619
0.00173539
0.0017735
0.00181049
0.00184635
0.00188109
0.00191471
0.00194727
0.00197881
0.00200937
0.00203901
0.00206778
0.00209573
0.00212291
0.00214938
0.00217519
0.00220039
0.00222504
0.00224922
0.00227302
0.00229654
0.00231987
0.00234316
0.00236654
0.00239016
0.00241421
0.00243886
0.00246433
0.00249082
0.00251857
0.0025478
0.00257877
0.00261172
0.00264689
0.00268452
0.00272485
0.00276807
0.0028144
0.002864
0.00291699
0.00297348
0.00303351
0.00309709
0.00316416
0.00323461
0.00330828
0.00338493
0.00346429
0.00354603
0.00362976
0.00371509
0.00380157
0.00388874
0.00397613
0.00406329
0.00414976
0.00423511
0.00431893
0.00440085
0.00448051
0.00455761
0.00463185
0.00470302
0.00477091
0.00483534
0.00489621
0.0049534
0.00500687
0.00505656
0.00510251
0.00514464
0.00518326
0.00521792
0.00524927
0.00528898
2.47786e-05
0.000282241
0.000469354
0.000634706
0.000746511
0.000821546
0.000875467
0.000917259
0.000952156
0.000983381
0.00101294
0.00104202
0.00107131
0.00110112
0.00113155
0.00116258
0.00119413
0.00122614
0.00125854
0.00129128
0.00132431
0.00135761
0.00139113
0.00142481
0.00145855
0.00149219
0.00152567
0.0015589
0.00159179
0.00162428
0.0016563
0.00168781
0.00171877
0.00174917
0.00177901
0.00180827
0.00183698
0.00186515
0.00189282
0.00192
0.00194675
0.0019731
0.00199912
0.00202487
0.00205042
0.00207587
0.00210133
0.00212692
0.00215276
0.00217901
0.00220584
0.00223343
0.00226197
0.00229166
0.00232274
0.00235543
0.00238996
0.00242659
0.00246556
0.0025071
0.00255146
0.00259884
0.00264944
0.00270345
0.00276101
0.0028222
0.00288709
0.00295569
0.00302793
0.00310371
0.00318285
0.00326512
0.00335023
0.00343785
0.00352757
0.00361899
0.00371165
0.00380509
0.00389882
0.00399238
0.00408531
0.00417717
0.00426753
0.004356
0.00444222
0.00452586
0.00460664
0.00468429
0.00475861
0.00482942
0.00489657
0.00495997
0.00501953
0.00507521
0.00512703
0.00517489
0.00521913
0.00525926
0.00529573
0.00534274
2.7666e-05
0.000321759
0.000584723
0.000702425
0.000764937
0.000804243
0.000832496
0.00085533
0.000875774
0.000895607
0.000915848
0.000937002
0.000959235
0.000982513
0.0010067
0.00103165
0.00105722
0.00108331
0.00110988
0.00113689
0.00116431
0.00119215
0.00122037
0.00124896
0.00127789
0.00130714
0.00133664
0.00136633
0.00139613
0.00142599
0.00145582
0.00148557
0.00151518
0.00154461
0.00157383
0.0016028
0.00163152
0.00165999
0.0016882
0.00171617
0.00174393
0.00177151
0.00179896
0.00182633
0.00185369
0.00188113
0.00190875
0.00193665
0.00196496
0.00199384
0.00202342
0.00205389
0.00208544
0.00211827
0.00215259
0.00218864
0.00222665
0.00226686
0.00230953
0.00235488
0.00240317
0.0024546
0.00250939
0.0025677
0.00262967
0.00269541
0.00276496
0.00283831
0.0029154
0.00299611
0.00308024
0.00316754
0.00325772
0.00335042
0.00344523
0.00354175
0.0036395
0.00373802
0.00383684
0.00393548
0.0040335
0.00413044
0.0042259
0.00431946
0.00441077
0.00449949
0.00458534
0.00466805
0.00474739
0.00482319
0.0048953
0.00496359
0.00502801
0.00508847
0.005145
0.00519749
0.00524629
0.00529089
0.00533153
0.00538455
2.57972e-05
0.000369359
0.000574113
0.000648658
0.000682625
0.000702891
0.000717641
0.000730432
0.000743463
0.00075803
0.000774691
0.00079348
0.000814121
0.000836212
0.00085935
0.000883199
0.000907524
0.000932186
0.000957107
0.000982281
0.00100773
0.0010335
0.00105962
0.00108608
0.00111291
0.0011401
0.00116763
0.00119547
0.00122358
0.00125194
0.00128048
0.00130917
0.00133797
0.00136683
0.00139573
0.00142462
0.00145349
0.00148234
0.00151114
0.00153992
0.00156869
0.00159747
0.00162629
0.00165522
0.00168432
0.00171365
0.00174331
0.00177341
0.00180406
0.00183542
0.00186762
0.00190084
0.00193527
0.00197111
0.00200857
0.00204789
0.00208931
0.00213307
0.00217941
0.00222859
0.00228084
0.00233637
0.00239538
0.00245804
0.00252447
0.00259474
0.00266889
0.00274688
0.00282862
0.00291395
0.00300266
0.00309448
0.00318908
0.00328611
0.00338515
0.00348578
0.00358755
0.00369
0.00379267
0.00389511
0.00399687
0.00409753
0.00419667
0.00429392
0.00438891
0.00448132
0.00457085
0.00465725
0.00474029
0.00481979
0.0048956
0.00496759
0.00503569
0.00509981
0.00515999
0.00521608
0.00526845
0.00531659
0.00536053
0.00541839
0.000184158
0.000397302
0.000478917
0.000520345
0.000537334
0.000544933
0.000549938
0.000556839
0.000567537
0.000582444
0.00060114
0.000622811
0.00064656
0.000671595
0.000697323
0.000723368
0.000749528
0.000775727
0.000801959
0.00082825
0.000854637
0.00088115
0.000907815
0.000934649
0.000961669
0.000988888
0.00101632
0.00104397
0.00107185
0.00109995
0.00112826
0.00115678
0.00118548
0.00121435
0.00124337
0.00127252
0.0013018
0.00133119
0.0013607
0.00139033
0.00142011
0.00145006
0.00148021
0.00151061
0.00154133
0.00157243
0.00160402
0.00163619
0.00166907
0.0017028
0.00173752
0.00177342
0.00181069
0.00184953
0.00189016
0.00193282
0.00197775
0.0020252
0.00207542
0.00212864
0.00218508
0.00224497
0.00230846
0.00237569
0.00244675
0.00252169
0.00260048
0.00268305
0.00276927
0.00285894
0.00295182
0.00304761
0.00314596
0.00324651
0.00334886
0.00345258
0.00355725
0.00366244
0.00376771
0.00387263
0.0039768
0.00407981
0.00418128
0.00428083
0.00437814
0.00447289
0.00456479
0.00465359
0.00473908
0.00482107
0.00489941
0.00497397
0.00504467
0.00511143
0.00517426
0.00523302
0.00528807
0.0053389
0.00538534
0.00544694
)
;

boundaryField
{
    outlet
    {
        type            calculated;
        value           nonuniform List<scalar> 
55
(
0.00547044
0.00549163
0.00551376
0.00553746
0.00556343
0.00559243
0.00562525
0.00566268
0.00570538
0.00575382
0.00580809
0.00586772
0.00593146
0.00599712
0.00606142
0.00612001
0.00616754
0.00619798
0.00620497
0.00618222
0.00612389
0.006025
0.00588156
0.00569079
0.00545118
0.0051625
0.00482588
0.00444386
0.00402049
0.00356157
0.00307501
0.0025715
0.00206593
0.00158044
0.00114968
0.000821166
0.000623673
0.000516919
0.000399955
0.000136165
0.000224778
0.00144174
0.00263865
0.00350564
0.00410216
0.00450953
0.00478922
0.00498328
0.00511979
0.0052175
0.00528898
0.00534274
0.00538455
0.00541839
0.00544694
)
;
    }
    inlet
    {
        type            calculated;
        value           uniform 0.011383;
    }
    lowerWall
    {
        type            nutkWallFunction;
        Cmu             0.09;
        kappa           0.41;
        E               9.8;
        value           nonuniform List<scalar> 
148
(
0
2.21289e-06
3.89096e-06
4.87688e-06
5.44449e-06
5.76077e-06
5.91982e-06
5.97629e-06
5.9646e-06
5.90761e-06
5.82092e-06
5.71534e-06
5.59845e-06
5.47556e-06
5.35043e-06
5.22564e-06
5.10298e-06
4.98363e-06
4.86836e-06
4.75765e-06
4.65175e-06
4.55076e-06
4.45466e-06
4.36337e-06
4.27675e-06
4.19463e-06
4.1168e-06
4.04309e-06
3.97304e-06
3.90753e-06
3.841e-06
3.7987e-06
3.6635e-06
0
0
0
0
0
0
0
0
0
0
0
0
0
0
7.92723e-06
0
0
0
0
0
0
0
0
0
0
0
0
0
0
2.36983e-06
5.87517e-06
8.41203e-06
1.04206e-05
1.20961e-05
1.35396e-05
1.48091e-05
1.59396e-05
1.69538e-05
1.78687e-05
1.86982e-05
1.94548e-05
2.01499e-05
2.07937e-05
2.13954e-05
2.19625e-05
2.25014e-05
2.30169e-05
2.35127e-05
2.39916e-05
2.44559e-05
2.49075e-05
2.53483e-05
2.57805e-05
2.62071e-05
2.66302e-05
2.70436e-05
2.74483e-05
2.78448e-05
2.82327e-05
2.86112e-05
2.89795e-05
2.93365e-05
2.9681e-05
3.00119e-05
3.03277e-05
3.06272e-05
3.09088e-05
3.11711e-05
3.14127e-05
3.16318e-05
3.18271e-05
3.19969e-05
3.21398e-05
3.22545e-05
3.23395e-05
3.23939e-05
3.24167e-05
3.2407e-05
3.23643e-05
3.22885e-05
3.21797e-05
3.20385e-05
3.18655e-05
3.16627e-05
3.14379e-05
3.12236e-05
3.11198e-05
3.10808e-05
3.10295e-05
3.09548e-05
3.08572e-05
3.07393e-05
3.06038e-05
3.04527e-05
3.02878e-05
3.01109e-05
2.99234e-05
2.9727e-05
2.95229e-05
2.93125e-05
2.9097e-05
2.88777e-05
2.86557e-05
2.8432e-05
2.82077e-05
2.79836e-05
2.77609e-05
2.75404e-05
2.73232e-05
2.71107e-05
2.69044e-05
2.67071e-05
2.6523e-05
2.63611e-05
2.62212e-05
)
;
    }
    upperWall
    {
        type            nutkWallFunction;
        Cmu             0.09;
        kappa           0.41;
        E               9.8;
        value           nonuniform List<scalar> 
133
(
1.19971e-05
1.26791e-05
1.33805e-05
1.40213e-05
1.45939e-05
1.51157e-05
1.55985e-05
1.60478e-05
1.64675e-05
1.68603e-05
1.72284e-05
1.75738e-05
1.7898e-05
1.82026e-05
1.84888e-05
1.87578e-05
1.90107e-05
1.92485e-05
1.94721e-05
1.96825e-05
1.98804e-05
2.00667e-05
2.02419e-05
2.04068e-05
2.05621e-05
2.07082e-05
2.08457e-05
2.09753e-05
2.10972e-05
2.12121e-05
2.13202e-05
2.14221e-05
2.15182e-05
2.16231e-05
2.17372e-05
2.18467e-05
2.19515e-05
2.20516e-05
2.2147e-05
2.22375e-05
2.23233e-05
2.24043e-05
2.24805e-05
2.25518e-05
2.26183e-05
2.268e-05
2.27368e-05
2.27887e-05
2.28357e-05
2.28779e-05
2.29152e-05
2.29476e-05
2.2975e-05
2.29976e-05
2.30152e-05
2.30278e-05
2.30355e-05
2.30382e-05
2.30358e-05
2.30284e-05
2.30158e-05
2.29981e-05
2.29751e-05
2.29469e-05
2.29133e-05
2.28743e-05
2.28297e-05
2.27796e-05
2.27237e-05
2.26621e-05
2.25946e-05
2.25211e-05
2.24415e-05
2.23557e-05
2.22635e-05
2.2165e-05
2.206e-05
2.19484e-05
2.18301e-05
2.17051e-05
2.15734e-05
2.14349e-05
2.12896e-05
2.11376e-05
2.0979e-05
2.08138e-05
2.06422e-05
2.04645e-05
2.02809e-05
2.00917e-05
1.98973e-05
1.96981e-05
1.94948e-05
1.92878e-05
1.90778e-05
1.88656e-05
1.8652e-05
1.84378e-05
1.82238e-05
1.80111e-05
1.78006e-05
1.75932e-05
1.73899e-05
1.71917e-05
1.69993e-05
1.68137e-05
1.66355e-05
1.64653e-05
1.63037e-05
1.61509e-05
1.60073e-05
1.58729e-05
1.57477e-05
1.56313e-05
1.55236e-05
1.5424e-05
1.5332e-05
1.5247e-05
1.51683e-05
1.50953e-05
1.50271e-05
1.4963e-05
1.49023e-05
1.48443e-05
1.47882e-05
1.47335e-05
1.46795e-05
1.46257e-05
1.45712e-05
1.45167e-05
1.44574e-05
1.44089e-05
1.43094e-05
)
;
    }
    frontAndBack
    {
        type            empty;
    }
}


// ************************************************************************* //
