/*--------------------------------*- C++ -*----------------------------------*\
| =========                 |                                                 |
| \\      /  F ield         | OpenFOAM: The Open Source CFD Toolbox           |
|  \\    /   O peration     | Version:  4.1                                   |
|   \\  /    A nd           | Web:      www.OpenFOAM.org                      |
|    \\/     M anipulation  |                                                 |
\*---------------------------------------------------------------------------*/
FoamFile
{
    version     2.0;
    format      ascii;
    class       volScalarField;
    location    "1300";
    object      omega;
}
// * * * * * * * * * * * * * * * * * * * * * * * * * * * * * * * * * * * * * //

dimensions      [0 0 -1 0 0 0 0];

internalField   nonuniform List<scalar> 
6820
(
7254.63
8569.06
9629.25
10283
10668.4
10885.8
10995.8
11034.9
11026.8
10987.3
10927.3
10854.4
10774
10689.7
10604.1
10519.1
10435.8
10355
10277.3
10202.9
10131.9
10064.5
10000.5
9939.92
9882.59
9828.39
9777.15
9728.76
9682.88
9640.08
9596.68
9568.78
9476.75
600.799
1554.22
2092.91
2435.19
2698.34
2895.12
3033.36
3126.97
3188.98
3229.02
3253.96
3268.67
3276.59
3280.08
3280.77
3279.75
3277.78
3275.36
3272.82
3270.38
3268.18
3266.28
3264.73
3263.55
3262.74
3262.29
3262.23
3262.54
3263.31
3264.57
3266.52
3269.1
3274.44
107.108
368.908
596.394
767.386
894.981
993.334
1070.57
1131.54
1179.69
1217.64
1247.46
1270.8
1289.01
1303.19
1314.18
1322.7
1329.28
1334.37
1338.3
1341.35
1343.75
1345.65
1347.2
1348.5
1349.63
1350.67
1351.66
1352.64
1353.66
1354.76
1355.96
1357.3
1358.99
37.6577
108.378
189.201
265.511
332.231
389.334
437.981
479.462
514.908
545.244
571.226
593.485
612.563
628.92
642.954
655.003
665.358
674.268
681.945
688.572
694.303
699.272
703.59
707.355
710.65
713.545
716.102
718.374
720.407
722.243
723.921
725.474
726.95
23.8008
47.5371
77.7008
109.824
141.237
170.722
197.836
222.517
244.874
265.072
283.289
299.703
314.482
327.786
339.761
350.542
360.253
369.004
376.895
384.019
390.455
396.276
401.549
406.331
410.675
414.627
418.229
421.519
424.532
427.3
429.851
432.212
434.419
19.8177
29.4751
42.5079
57.2096
72.4554
87.572
102.186
116.107
129.248
141.581
153.109
163.852
173.844
183.124
191.734
199.716
207.113
213.967
220.316
226.2
231.654
236.711
241.402
245.758
249.804
253.566
257.067
260.328
263.371
266.213
268.873
271.366
273.714
18.4341
22.8152
29.1685
36.6489
44.6826
52.9063
61.0978
69.1228
76.901
84.3847
91.5472
98.3755
104.866
111.022
116.85
122.361
127.566
132.478
137.113
141.483
145.603
149.486
153.148
156.6
159.855
162.926
165.825
168.561
171.147
173.592
175.906
178.097
180.177
17.9115
19.9902
23.3042
27.4134
31.9742
36.7598
41.6266
46.4842
51.2744
55.9589
60.5126
64.9193
69.1693
73.2571
77.1807
80.9402
84.5377
87.9764
91.2606
94.3949
97.3847
100.236
102.953
105.543
108.012
110.365
112.607
114.744
116.783
118.727
120.582
122.352
124.044
17.7059
18.7013
20.4734
22.8216
25.5371
28.4654
31.5039
34.5854
37.6658
40.7152
43.713
46.645
49.5016
52.2762
54.9648
57.5649
60.0756
62.4967
64.829
67.0737
69.2328
71.3081
73.3022
75.2174
77.0563
78.8218
80.5165
82.1432
83.7047
85.2035
86.6425
88.0241
89.351
17.6233
18.0951
19.0401
20.3949
22.0449
23.887
25.8451
27.8668
29.9162
31.9684
34.006
36.0168
37.9918
39.925
41.8118
43.6493
45.4355
47.1692
48.8499
50.4776
52.0526
53.5755
55.0472
56.4686
57.841
59.1657
60.4439
61.677
62.8666
64.0139
65.1205
66.1876
67.2166
17.5896
17.8082
18.3025
19.0753
20.0762
21.243
22.5218
23.8719
25.2637
26.6759
28.0933
29.5047
30.9021
32.2796
33.6328
34.9585
36.2545
37.5192
38.7515
39.9508
41.1168
42.2494
43.3488
44.4153
45.4494
46.4516
47.4226
48.363
49.2735
50.155
51.0082
51.8338
52.6326
17.5758
17.6732
17.924
18.3539
18.9503
19.682
20.5146
21.4186
22.3704
23.3521
24.3503
25.3549
26.3586
27.3555
28.3415
29.3133
30.2685
31.2054
32.1226
33.0192
33.8945
34.7481
35.5799
36.3898
37.1778
37.9442
38.6891
39.4128
40.1158
40.7983
41.4608
42.1038
42.7275
17.5702
17.6104
17.7324
17.9633
18.3084
18.7568
19.2901
19.889
20.5362
21.2175
21.9217
22.6397
23.3649
24.0919
24.8165
25.5356
26.2467
26.9479
27.6377
28.3151
28.9792
29.6294
30.2652
30.8865
31.4929
32.0845
32.6612
33.2232
33.7705
34.3033
34.8218
35.3262
35.8167
17.5678
17.5817
17.6374
17.7559
17.9479
18.2137
18.5461
18.9344
19.3672
19.8343
20.3268
20.8373
21.3597
21.8894
22.4224
22.9557
23.4869
24.014
24.5354
25.0501
25.5569
26.0552
26.5444
27.024
27.4938
27.9536
28.4031
28.8424
29.2714
29.69
30.0985
30.4967
30.8848
17.5669
17.5687
17.5913
17.6483
17.7501
17.9012
18.1009
18.3448
18.6268
18.9402
19.2785
19.6362
20.0084
20.3909
20.7804
21.174
21.5694
21.9647
22.3585
22.7494
23.1365
23.5189
23.8959
24.2672
24.6321
24.9905
25.342
25.6866
26.024
26.3542
26.6771
26.9928
27.3011
17.5665
17.563
17.5695
17.5941
17.6444
17.7258
17.8405
17.9877
18.1651
18.369
18.5955
18.8405
19.1005
19.3722
19.6527
19.9397
20.2311
20.5251
20.8204
21.1156
21.4098
21.7021
21.9918
22.2784
22.5614
22.8405
23.1152
23.3853
23.6508
23.9113
24.1668
24.4172
24.6625
17.5663
17.5605
17.5594
17.5675
17.5897
17.6303
17.6923
17.7769
17.8837
18.0113
18.1577
18.3205
18.4972
18.6856
18.8834
19.0888
19.2999
19.5153
19.7338
19.9541
20.1754
20.3968
20.6176
20.8373
21.0553
21.2713
21.485
21.6959
21.9039
22.1088
22.3104
22.5086
22.7033
17.5662
17.5595
17.5549
17.5548
17.5621
17.5799
17.6107
17.6561
17.7169
17.7929
17.8836
17.9876
18.1036
18.2302
18.3657
18.5089
18.6583
18.8128
18.9713
19.1329
19.2967
19.4619
19.628
19.7944
19.9605
20.1261
20.2906
20.4539
20.6157
20.7757
20.9338
21.0898
21.2435
17.5662
17.559
17.5529
17.5489
17.5487
17.5542
17.5672
17.5891
17.6211
17.6636
17.7166
17.7799
17.8528
17.9345
18.0241
18.1207
18.2233
18.3311
18.4432
18.559
18.6776
18.7985
18.9211
19.045
19.1696
19.2947
19.4198
19.5447
19.6691
19.7928
19.9155
20.0372
20.1576
17.5662
17.5588
17.552
17.5462
17.5424
17.5415
17.5447
17.5532
17.5679
17.5894
17.6181
17.6542
17.6975
17.7477
17.8043
17.8668
17.9347
18.0074
18.0842
18.1648
18.2484
18.3347
18.4233
18.5136
18.6053
18.698
18.7916
18.8857
18.98
19.0743
19.1685
19.2624
19.3558
17.5662
17.5588
17.5516
17.5451
17.5395
17.5354
17.5335
17.5346
17.5394
17.5483
17.562
17.5807
17.6044
17.6332
17.667
17.7055
17.7484
17.7954
17.8462
17.9004
17.9576
18.0175
18.0798
18.1441
18.2101
18.2776
18.3463
18.416
18.4865
18.5576
18.629
18.7006
18.7724
17.5662
17.5587
17.5515
17.5445
17.5381
17.5325
17.5281
17.5253
17.5246
17.5265
17.5312
17.5392
17.5506
17.5656
17.5843
17.6065
17.6322
17.6612
17.6934
17.7286
17.7666
17.807
17.8498
17.8946
17.9413
17.9896
18.0394
18.0905
18.1426
18.1956
18.2494
18.3038
18.3587
17.5662
17.5587
17.5514
17.5443
17.5376
17.5313
17.5256
17.5209
17.5174
17.5153
17.5151
17.517
17.5211
17.5277
17.5369
17.5487
17.5632
17.5804
17.6002
17.6225
17.6471
17.6741
17.7031
17.7342
17.7671
17.8017
17.8378
17.8753
17.914
17.9539
17.9947
18.0364
18.0788
17.5662
17.5587
17.5514
17.5442
17.5373
17.5307
17.5245
17.5189
17.514
17.5101
17.5074
17.506
17.5063
17.5083
17.5122
17.5181
17.5261
17.5363
17.5486
17.563
17.5795
17.5981
17.6186
17.6409
17.665
17.6907
17.718
17.7467
17.7767
17.8079
17.8402
17.8735
17.9077
17.5662
17.5587
17.5514
17.5442
17.5372
17.5306
17.5242
17.5183
17.513
17.5084
17.5048
17.5022
17.501
17.5012
17.503
17.5065
17.5117
17.5189
17.5279
17.5389
17.5517
17.5664
17.5829
17.6012
17.6212
17.6427
17.6657
17.6902
17.716
17.743
17.7711
17.8002
17.8303
17.5662
17.5587
17.5514
17.5442
17.5373
17.5307
17.5244
17.5187
17.5136
17.5094
17.5062
17.5041
17.5034
17.5042
17.5067
17.5108
17.5168
17.5246
17.5343
17.5459
17.5593
17.5746
17.5917
17.6104
17.6308
17.6528
17.6762
17.701
17.727
17.7543
17.7826
17.8119
17.8422
17.5662
17.5587
17.5514
17.5443
17.5376
17.5312
17.5255
17.5205
17.5166
17.5139
17.5127
17.5131
17.5153
17.5194
17.5256
17.5338
17.5442
17.5568
17.5714
17.5881
17.6068
17.6274
17.6498
17.674
17.6998
17.7271
17.7558
17.7858
17.817
17.8493
17.8826
17.9167
17.9517
17.5662
17.5587
17.5515
17.5446
17.5383
17.5328
17.5283
17.5254
17.5242
17.5251
17.5284
17.5344
17.543
17.5544
17.5687
17.5858
17.6056
17.6281
17.6531
17.6805
17.71
17.7417
17.7753
17.8106
17.8475
17.8859
17.9255
17.9663
18.0082
18.0509
18.0944
18.1386
18.1834
17.5662
17.5588
17.5518
17.5455
17.5403
17.5368
17.5355
17.5371
17.542
17.5507
17.5634
17.5803
17.6014
17.6267
17.656
17.689
17.7256
17.7655
17.8084
17.8539
17.902
17.9521
18.0042
18.0579
18.1131
18.1695
18.227
18.2853
18.3443
18.4039
18.4638
18.5241
18.5847
17.5663
17.5591
17.5527
17.548
17.5458
17.5473
17.5535
17.5653
17.5834
17.6079
17.6392
17.677
17.7211
17.771
17.8263
17.8865
17.9509
18.0192
18.0908
18.1651
18.2419
18.3207
18.401
18.4827
18.5654
18.6488
18.7328
18.817
18.9014
18.9857
19.0699
19.1538
19.2372
17.5663
17.5598
17.5555
17.5552
17.5611
17.5751
17.5988
17.6332
17.6786
17.7349
17.8015
17.8776
17.9624
18.0547
18.1535
18.2578
18.3668
18.4796
18.5954
18.7136
18.8335
18.9548
19.0768
19.1992
19.3218
19.4441
19.566
19.6872
19.8076
19.927
20.0452
20.1622
20.278
17.5666
17.5622
17.5642
17.5767
17.6039
17.6486
17.7124
17.7951
17.896
18.0132
18.145
18.289
18.4433
18.606
18.7753
18.9497
19.1279
19.3087
19.4912
19.6745
19.8581
20.0413
20.2236
20.4047
20.5843
20.7619
20.9376
21.111
21.282
21.4505
21.6165
21.7799
21.9405
17.5674
17.5706
17.5924
17.6417
17.7245
17.8427
17.995
18.1778
18.3868
18.6172
18.8646
19.125
19.3951
19.6719
19.953
20.2365
20.5208
20.8047
21.0871
21.3673
21.6445
21.9184
22.1886
22.4546
22.7164
22.9737
23.2264
23.4744
23.7178
23.9564
24.1903
24.4195
24.644
17.5706
17.6016
17.687
17.8408
18.0649
18.3527
18.6933
19.0751
19.4875
19.9213
20.3693
20.8257
21.286
21.7468
22.2053
22.6598
23.1087
23.5511
23.9861
24.4133
24.8323
25.2428
25.6447
26.038
26.4226
26.7986
27.1661
27.5251
27.8759
28.2184
28.553
28.8796
29.1986
17.5854
17.7219
18.012
18.4558
19.0269
19.692
20.4205
21.1884
21.9778
22.7761
23.5742
24.3656
25.1458
25.912
26.6623
27.3959
28.112
28.8104
29.4912
30.1544
30.8003
31.4292
32.0414
32.6374
33.2174
33.782
34.3316
34.8665
35.3873
35.8942
36.3878
36.8683
37.3363
17.6614
18.2163
19.1615
20.3924
21.7983
23.2954
24.8285
26.3633
27.8794
29.3645
30.811
32.214
33.5724
34.8867
36.1579
37.3876
38.5771
39.7282
40.8422
41.9207
42.965
43.9766
44.9566
45.9063
46.8269
47.7195
48.585
49.4246
50.2392
51.0296
51.7968
52.5417
53.265
18.1027
20.3856
23.4853
26.9261
30.4414
33.9034
37.2583
40.4818
43.5648
46.506
49.3034
51.9687
54.5134
56.9472
59.2786
61.5146
63.6615
65.7245
67.7085
69.6178
71.4563
73.2275
74.9347
76.5811
78.1693
79.7021
81.182
82.6114
83.9924
85.3272
86.6178
87.8661
89.0739
21.2182
31.4407
42.4859
53.1245
62.9728
72.0352
80.4369
88.194
95.3421
101.98
108.198
114.053
119.587
124.83
129.807
134.537
139.039
143.329
147.42
151.324
155.054
158.62
162.033
165.3
168.431
171.434
174.315
177.082
179.741
182.299
184.76
187.13
189.415
59.9537
123.961
170.318
207.141
238.336
266.971
293.908
319.086
342.453
364.002
383.806
401.992
418.711
434.116
448.348
461.537
473.799
485.233
495.929
505.963
515.403
524.308
532.729
540.71
548.292
555.509
562.392
568.969
575.263
581.297
587.089
592.657
598.022
1719.4
1778.23
1839.24
1895.41
1945.93
1992.23
2035.28
2075.52
2113.26
2148.7
2182.04
2213.4
2242.93
2270.74
2296.93
2321.61
2344.85
2366.75
2387.37
2406.81
2425.12
2442.37
2458.63
2473.95
2488.38
2501.98
2514.8
2526.88
2538.26
2548.99
2559.1
2568.63
2577.62
9372.75
8892
8341.22
7779.94
7245.1
6750.75
6302.6
5898.88
5534.45
5203.46
4900.86
4622.88
4366.8
4130.66
3912.86
3711.95
3526.58
3355.42
3197.2
3050.76
2915.03
2789.05
2671.89
2562.7
2460.65
2364.98
2274.95
2189.89
2109.19
2032.31
1958.75
1888.08
1819.92
1753.92
1689.81
1627.31
1566.22
1506.36
1447.58
1389.77
1332.85
1276.77
1221.5
1167.04
1113.43
1060.7
1008.94
958.234
908.685
860.411
813.539
768.196
724.51
682.602
642.583
604.548
568.575
534.722
503.02
473.481
446.09
420.812
397.59
376.352
357.01
339.463
323.604
309.32
296.495
285.013
274.76
265.624
257.499
250.283
243.88
238.2
233.16
228.681
224.693
221.129
217.93
215.042
212.415
210.006
207.774
205.685
203.708
201.816
199.985
198.196
196.431
194.675
192.917
191.146
189.353
187.53
185.68
183.769
181.958
179.228
3276.09
3322.82
3382.41
3440.34
3503.95
3571.03
3634.27
3685.25
3717.15
3725.65
3709.02
3667.79
3604.17
3521.49
3423.72
3314.97
3199.25
3080.06
2960.31
2842.19
2727.18
2616.17
2509.62
2407.64
2310.18
2217.07
2128.06
2042.91
1961.35
1883.09
1807.87
1735.41
1665.46
1597.78
1532.17
1468.42
1406.39
1345.94
1286.94
1229.33
1173.03
1118.01
1064.25
1011.77
960.577
910.728
862.274
815.286
769.841
726.022
683.915
643.6
605.155
568.646
534.126
501.636
471.196
442.808
416.459
392.113
369.721
349.217
330.521
313.546
298.194
284.364
271.952
260.852
250.96
242.174
234.395
227.531
221.49
216.19
211.55
207.498
203.964
200.884
198.2
195.856
193.802
191.993
190.386
188.943
187.63
186.415
185.272
184.177
183.107
182.045
180.976
179.886
178.765
177.602
176.391
175.124
173.804
172.403
171.053
168.959
1361.15
1366.32
1375.38
1387.14
1401.08
1417.33
1436.71
1460.82
1491.27
1528.83
1573.46
1624.2
1679.12
1735.48
1789.96
1839.07
1879.6
1909.01
1925.74
1929.28
1920.13
1899.52
1869.19
1831.03
1786.9
1738.42
1686.96
1633.58
1579.1
1524.1
1469.02
1414.16
1359.75
1305.94
1252.85
1200.55
1149.12
1098.59
1049.01
1000.42
952.847
906.344
860.956
816.737
773.745
732.044
691.7
652.782
615.359
579.496
545.255
512.687
481.838
452.739
425.41
399.857
376.069
354.025
333.686
315.002
297.914
282.35
268.235
255.485
244.017
233.742
224.575
216.431
209.227
202.883
197.323
192.474
188.27
184.644
181.537
178.892
176.656
174.779
173.213
171.917
170.848
169.968
169.244
168.641
168.131
167.687
167.283
166.898
166.514
166.112
165.679
165.203
164.672
164.079
163.416
162.676
161.862
160.951
160.047
158.573
728.59
730.516
732.561
734.647
736.77
739.063
741.761
745.057
749.166
754.64
762.073
772.041
785.047
801.465
821.472
844.981
871.582
900.514
930.683
960.737
989.197
1014.61
1035.69
1051.48
1061.38
1065.18
1063
1055.25
1042.48
1025.35
1004.53
980.653
954.304
925.999
896.179
865.226
833.461
801.164
768.571
735.89
703.304
670.975
639.051
607.663
576.934
546.976
517.891
489.772
462.703
436.756
411.993
388.467
366.214
345.261
325.622
307.298
290.278
274.539
260.049
246.769
234.649
223.637
213.675
204.703
196.659
189.482
183.112
177.488
172.553
168.253
164.535
161.348
158.646
156.383
154.516
153.006
151.813
150.9
150.232
149.777
149.501
149.374
149.367
149.453
149.607
149.804
150.022
150.243
150.447
150.619
150.745
150.813
150.812
150.733
150.572
150.318
149.975
149.524
149.04
148.156
436.804
439.413
441.909
444.168
446.113
447.759
449.172
450.448
451.65
452.883
454.289
456.027
458.259
461.152
464.865
469.548
475.327
482.287
490.459
499.794
510.153
521.294
532.876
544.471
555.595
565.745
574.44
581.26
585.877
588.072
587.736
584.868
579.552
571.943
562.241
550.678
537.495
522.938
507.245
490.644
473.346
455.549
437.437
419.175
400.917
382.8
364.95
347.477
330.479
314.043
298.24
283.13
268.76
255.167
242.373
230.393
219.231
208.88
199.328
190.555
182.537
175.245
168.645
162.705
157.388
152.659
148.482
144.822
141.645
138.917
136.606
134.681
133.112
131.872
130.931
130.263
129.842
129.641
129.636
129.801
130.113
130.547
131.079
131.688
132.351
133.046
133.756
134.46
135.141
135.785
136.378
136.907
137.361
137.731
138.01
138.189
138.271
138.238
138.139
137.804
276.274
279.067
281.748
284.257
286.538
288.575
290.382
291.985
293.416
294.708
295.9
297.034
298.15
299.286
300.481
301.771
303.193
304.784
306.579
308.608
310.892
313.44
316.242
319.263
322.445
325.698
328.909
331.94
334.641
336.854
338.431
339.236
339.158
338.118
336.066
332.99
328.905
323.855
317.907
311.146
303.666
295.573
286.974
277.979
268.695
259.223
249.663
240.104
230.63
221.315
212.225
203.418
194.942
186.837
179.133
171.855
165.019
158.634
152.703
147.227
142.197
137.607
133.443
129.693
126.34
123.368
120.761
118.5
116.569
114.95
113.625
112.579
111.794
111.254
110.942
110.842
110.936
111.209
111.642
112.217
112.918
113.725
114.621
115.585
116.601
117.648
118.71
119.769
120.809
121.815
122.772
123.668
124.492
125.232
125.882
126.432
126.882
127.216
127.46
127.619
182.467
184.982
187.416
189.743
191.935
193.976
195.866
197.611
199.221
200.707
202.082
203.359
204.548
205.658
206.692
207.656
208.551
209.382
210.152
210.866
211.531
212.154
212.743
213.303
213.836
214.34
214.807
215.219
215.553
215.776
215.85
215.729
215.37
214.725
213.755
212.422
210.702
208.577
206.042
203.102
199.773
196.08
192.057
187.744
183.186
178.431
173.528
168.529
163.481
158.431
153.424
148.499
143.693
139.038
134.56
130.283
126.226
122.401
118.821
115.492
112.419
109.602
107.042
104.735
102.678
100.866
99.2929
97.9519
96.836
95.9379
95.2499
94.7641
94.4723
94.3661
94.4366
94.6747
95.0706
95.6139
96.2937
97.098
98.0142
99.0287
100.127
101.295
102.517
103.777
105.059
106.347
107.626
108.881
110.098
111.263
112.365
113.393
114.336
115.186
115.938
116.582
117.117
117.707
125.922
127.997
130.024
131.989
133.877
135.678
137.389
139.01
140.543
141.99
143.356
144.645
145.858
146.996
148.057
149.038
149.935
150.742
151.455
152.07
152.583
152.993
153.301
153.507
153.614
153.626
153.545
153.374
153.114
152.765
152.322
151.781
151.133
150.367
149.474
148.441
147.257
145.913
144.401
142.719
140.864
138.84
136.656
134.322
131.853
129.266
126.583
123.825
121.016
118.179
115.338
112.516
109.734
107.014
104.374
101.831
99.3985
97.0896
94.9145
92.8818
90.998
89.268
87.6953
86.282
85.0292
83.9372
83.0052
82.2323
81.6167
81.1562
80.8486
80.6909
80.6802
80.813
81.0854
81.4932
82.0314
82.6944
83.4759
84.3685
85.364
86.453
87.6253
88.8695
90.1733
91.5237
92.9071
94.3095
95.7167
97.1145
98.4893
99.8277
101.117
102.345
103.502
104.577
105.564
106.453
107.224
108.172
90.8328
92.4813
94.1021
95.6885
97.2325
98.7283
100.172
101.563
102.899
104.181
105.41
106.586
107.708
108.776
109.786
110.735
111.617
112.428
113.162
113.812
114.374
114.844
115.217
115.492
115.668
115.746
115.726
115.611
115.403
115.105
114.721
114.252
113.701
113.068
112.353
111.557
110.679
109.717
108.672
107.543
106.33
105.036
103.664
102.217
100.703
99.1275
97.5005
95.8321
94.1331
92.4155
90.6916
88.9738
87.2747
85.6062
83.9798
82.4064
80.8959
79.4572
78.0983
76.826
75.6464
74.5645
73.5844
72.7093
71.942
71.2844
70.7382
70.3043
69.9834
69.7761
69.6824
69.7022
69.8353
70.081
70.4385
70.9063
71.4829
72.1658
72.952
73.8377
74.8181
75.8875
77.0388
78.2643
79.5547
80.8999
82.2889
83.7099
85.1505
86.5979
88.0391
89.4614
90.8521
92.1989
93.4908
94.7161
95.8677
96.9363
97.8847
99.1131
68.3714
69.6625
70.9391
72.1975
73.4332
74.6424
75.8224
76.9715
78.0882
79.1719
80.222
81.2378
82.2185
83.1621
84.0663
84.9279
85.743
86.5071
87.2156
87.8635
88.4461
88.9588
89.3978
89.7597
90.0422
90.2438
90.3636
90.4021
90.3601
90.2393
90.0418
89.7701
89.427
89.0152
88.5374
87.9963
87.3942
86.7336
86.0168
85.246
84.4238
83.5528
82.6359
81.6768
80.6795
79.6484
78.5889
77.5067
76.4081
75.2999
74.1891
73.083
71.9891
70.9146
69.8669
68.8529
67.8792
66.9519
66.0768
65.2589
64.503
63.8132
63.193
62.6457
62.174
61.7801
61.4663
61.2343
61.0856
61.0217
61.0439
61.1532
61.3506
61.637
62.0131
62.4794
63.0359
63.6825
64.4183
65.242
66.1515
67.1437
68.2147
69.3594
70.5718
71.8444
73.1692
74.5367
75.9367
77.3583
78.7902
80.2204
81.6372
83.0284
84.383
85.6891
86.938
88.1217
89.1893
90.6197
53.5323
54.5423
55.5456
56.5399
57.5225
58.491
59.4434
60.3784
61.2945
62.1908
63.0665
63.9207
64.7522
65.5597
66.3411
67.094
67.8154
68.5023
69.1509
69.7575
70.3182
70.8295
71.2878
71.69
72.0334
72.3159
72.5359
72.6925
72.7853
72.8147
72.7815
72.687
72.5329
72.3213
72.0545
71.7349
71.3652
70.9481
70.4864
69.9828
69.4404
68.862
68.2509
67.6101
66.9433
66.254
65.5461
64.8238
64.0915
63.3536
62.615
61.8804
61.1548
60.4431
59.7502
59.0807
58.4393
57.8302
57.2576
56.7251
56.2365
55.7947
55.4028
55.0633
54.7787
54.5511
54.3824
54.2746
54.2293
54.2483
54.333
54.485
54.7058
54.997
55.36
55.796
56.3062
56.8916
57.5528
58.2901
59.103
59.9907
60.9514
61.9825
63.0804
64.2404
65.4569
66.7231
68.0313
69.3727
70.7379
72.1168
73.4987
74.8726
76.2278
77.5529
78.8385
80.0777
81.2098
82.7658
43.4322
44.2258
45.0172
45.8049
46.5871
47.3623
48.1291
48.8863
49.6329
50.3679
51.0906
51.8001
52.4954
53.1753
53.8383
54.4827
55.1062
55.7067
56.2814
56.8275
57.3424
57.8229
58.2665
58.6705
59.0324
59.3502
59.6222
59.8471
60.0239
60.1521
60.2317
60.2631
60.2469
60.1844
60.0768
59.926
59.7338
59.5024
59.234
58.9312
58.5964
58.2324
57.8419
57.4277
56.9929
56.5405
56.0738
55.5959
55.1103
54.6205
54.1299
53.6422
53.161
52.6897
52.232
51.7913
51.3708
50.9737
50.6032
50.2619
49.9525
49.6776
49.4393
49.2397
49.0808
48.9644
48.8922
48.8658
48.8868
48.9568
49.0773
49.2498
49.4761
49.7576
50.0961
50.4932
50.9506
51.4697
52.0519
52.6984
53.41
54.187
55.0293
55.936
56.9055
57.9353
59.0221
60.1615
61.3479
62.5752
63.8359
65.1219
66.4244
67.7338
69.0405
70.3339
71.6049
72.8478
73.9959
75.6075
36.3724
37
37.6279
38.255
38.8802
39.5025
40.121
40.7346
41.3425
41.9441
42.5385
43.1252
43.7032
44.2717
44.8294
45.3752
45.9074
46.4244
46.9243
47.4051
47.8647
48.301
48.7118
49.095
49.4488
49.7713
50.061
50.3165
50.5367
50.7209
50.8685
50.9794
51.0537
51.0919
51.0946
51.0627
50.9976
50.9007
50.7735
50.6179
50.4359
50.2296
50.0012
49.7531
49.4877
49.2075
48.9152
48.6134
48.3049
47.9923
47.6785
47.3663
47.0584
46.7576
46.4665
46.1879
45.9241
45.6777
45.4508
45.2458
45.0645
44.9089
44.7807
44.6815
44.613
44.5765
44.5733
44.605
44.6727
44.7778
44.9217
45.1058
45.3315
45.6004
45.9142
46.2744
46.6828
47.1411
47.651
48.2139
48.8314
49.5045
50.2341
51.0205
51.8635
52.7622
53.715
54.7195
55.7724
56.8693
58.0052
59.174
60.3687
61.5816
62.8047
64.0288
65.2453
66.45
67.5739
69.1806
31.3256
31.8248
32.3256
32.8274
33.3295
33.8311
34.3315
34.8299
35.3258
35.8185
36.3075
36.7923
37.272
37.7461
38.2137
38.6737
39.1252
39.5669
39.9974
40.4154
40.8192
41.2072
41.578
41.9299
42.2615
42.5711
42.8577
43.1198
43.3567
43.5673
43.7511
43.9077
44.0368
44.1385
44.2131
44.2609
44.2828
44.2795
44.2521
44.202
44.1304
44.039
43.9295
43.8036
43.6634
43.5107
43.3477
43.1765
42.9993
42.8182
42.6356
42.4536
42.2744
42.1002
41.9331
41.7751
41.6282
41.4943
41.3752
41.2724
41.1876
41.1222
41.0775
41.0548
41.0554
41.0802
41.1303
41.2069
41.311
41.4436
41.6059
41.7991
42.0244
42.2831
42.5767
42.9067
43.2747
43.6823
44.1312
44.6232
45.1598
45.7425
46.3726
47.0512
47.779
48.5561
49.3822
50.2564
51.177
52.1415
53.1466
54.1882
55.2613
56.36
57.478
58.6078
59.742
60.8777
61.9468
63.5001
27.6522
28.0508
28.452
28.8551
29.2597
29.6653
30.0714
30.4773
30.8826
31.2869
31.6896
32.0904
32.4887
32.8839
33.2755
33.6626
34.0446
34.4205
34.7893
35.1501
35.5017
35.8429
36.1726
36.4896
36.7927
37.0809
37.353
37.6081
37.8453
38.0638
38.2631
38.4426
38.6021
38.7413
38.8603
38.9593
39.0385
39.0985
39.1399
39.1637
39.1706
39.1619
39.1388
39.1027
39.0549
38.997
38.9307
38.8577
38.7795
38.698
38.615
38.5322
38.4513
38.3741
38.3022
38.2372
38.1807
38.134
38.0987
38.0759
38.0668
38.0726
38.0942
38.1327
38.1888
38.2634
38.3573
38.4713
38.6062
38.7628
38.942
39.1447
39.372
39.6249
39.9046
40.2125
40.5498
40.9181
41.319
41.754
42.2247
42.7328
43.2797
43.8667
44.4952
45.1659
45.8792
46.6353
47.4337
48.2732
49.152
50.0676
51.0168
51.9954
52.9988
54.0212
55.0565
56.1035
57.0968
58.5613
24.9424
25.2613
25.5831
25.9076
26.2343
26.5629
26.8929
27.2241
27.5558
27.888
28.22
28.5517
28.8825
29.2121
29.54
29.8657
30.1885
30.5079
30.8231
31.1334
31.438
31.7361
32.0268
32.3091
32.5823
32.8455
33.0979
33.3387
33.5672
33.7828
33.9848
34.173
34.3469
34.5063
34.6511
34.7813
34.897
34.9986
35.0864
35.1609
35.2229
35.2731
35.3123
35.3416
35.362
35.3748
35.381
35.3821
35.3794
35.3741
35.3678
35.3617
35.3572
35.3558
35.3586
35.3669
35.382
35.4048
35.4366
35.4782
35.5305
35.5943
35.6704
35.7595
35.8621
35.9789
36.1104
36.2572
36.4199
36.5989
36.795
37.0089
37.2414
37.4932
37.7653
38.0589
38.3749
38.7148
39.0798
39.4713
39.8909
40.34
40.8201
41.3327
41.8791
42.4606
43.078
43.732
44.4229
45.1505
45.9141
46.7126
47.5439
48.4055
49.2942
50.2058
51.1358
52.0839
52.9897
54.3427
22.9262
23.1809
23.4389
23.6999
23.9637
24.2298
24.4981
24.7682
25.0399
25.3128
25.5867
25.8613
26.1362
26.4111
26.6858
26.9597
27.2326
27.5038
27.773
28.0395
28.3028
28.5623
28.8173
29.0673
29.3115
29.5494
29.7803
30.0037
30.2189
30.4256
30.6232
30.8113
30.9897
31.1582
31.3165
31.4647
31.6027
31.7308
31.8492
31.9582
32.0583
32.15
32.234
32.3109
32.3815
32.4468
32.5077
32.5651
32.62
32.6736
32.7268
32.7808
32.8365
32.8951
32.9575
33.0247
33.0975
33.1768
33.2635
33.3581
33.4613
33.5737
33.6958
33.828
33.9708
34.1244
34.2894
34.4659
34.6544
34.8553
35.069
35.2959
35.5366
35.7917
36.062
36.3482
36.6513
36.9723
37.3122
37.6724
38.054
38.4584
38.887
39.3412
39.8223
40.3316
40.8703
41.4393
42.0394
42.6711
43.3343
44.0287
44.7534
45.5071
46.2877
47.0926
47.9183
48.7659
49.5801
50.8104
21.4202
21.6229
21.8289
22.0383
22.2506
22.4658
22.6835
22.9036
23.1258
23.3499
23.5757
23.8029
24.0313
24.2608
24.4909
24.7214
24.9521
25.1825
25.4124
25.6413
25.8688
26.0945
26.3179
26.5386
26.7561
26.97
27.1797
27.3849
27.5852
27.7802
27.9694
28.1528
28.3299
28.5006
28.6648
28.8224
28.9734
29.1179
29.2561
29.3882
29.5145
29.6354
29.7514
29.8629
29.9707
30.0753
30.1774
30.2778
30.3772
30.4766
30.5766
30.678
30.7818
30.8886
30.9992
31.1143
31.2345
31.3605
31.4929
31.632
31.7783
31.9322
32.0939
32.2638
32.442
32.6287
32.8241
33.0283
33.2416
33.4641
33.696
33.9377
34.1895
34.4517
34.725
35.0099
35.3071
35.6173
35.9415
36.2806
36.6357
37.0079
37.3984
37.8085
38.2394
38.6924
39.1687
39.6693
40.1953
40.7474
41.3261
41.9317
42.5639
43.2223
43.9058
44.6128
45.341
46.0923
46.8171
47.9231
20.2966
20.4568
20.6205
20.7876
20.9578
21.1311
21.3072
21.4861
21.6675
21.8512
22.0372
22.2252
22.415
22.6064
22.7994
22.9936
23.1888
23.3848
23.5814
23.7783
23.9751
24.1716
24.3675
24.5625
24.7561
24.9481
25.1382
25.3261
25.5114
25.6939
25.8734
26.0495
26.2223
26.3914
26.5569
26.7187
26.8767
27.0311
27.182
27.3295
27.4739
27.6155
27.7546
27.8916
28.027
28.1613
28.295
28.4287
28.5629
28.6983
28.8355
28.9751
29.1176
29.2637
29.4139
29.5687
29.7286
29.8939
30.065
30.2422
30.4258
30.6158
30.8125
31.0159
31.226
31.443
31.6667
31.8972
32.1346
32.3787
32.6298
32.8879
33.1531
33.4258
33.7062
33.9947
34.2918
34.5982
34.9143
35.241
35.5792
35.9298
36.2938
36.6722
37.0662
37.4769
37.9054
38.3529
38.8203
39.3086
39.8185
40.3507
40.9054
41.4827
42.0822
42.7031
43.344
44.0075
44.6492
45.6368
19.4642
19.5899
19.719
19.8514
19.9872
20.1262
20.2682
20.4132
20.561
20.7115
20.8646
21.0201
21.1779
21.338
21.5
21.664
21.8297
21.997
22.1657
22.3357
22.5066
22.6784
22.8508
23.0236
23.1965
23.3694
23.542
23.7142
23.8856
24.0562
24.2258
24.3943
24.5614
24.7273
24.8917
25.0547
25.2163
25.3766
25.5357
25.6938
25.8509
26.0075
26.1637
26.3199
26.4764
26.6336
26.792
26.9519
27.1139
27.2783
27.4457
27.6165
27.7912
27.97
28.1535
28.3418
28.5355
28.7345
28.9393
29.1498
29.3662
29.5884
29.8166
30.0505
30.2901
30.5353
30.7859
31.0419
31.3029
31.569
31.8401
32.1161
32.397
32.6829
32.9739
33.2703
33.5724
33.8805
34.1951
34.5168
34.8462
35.184
35.5312
35.8885
36.2569
36.6374
37.0309
37.4386
37.8615
38.3004
38.7562
39.2298
39.7216
40.2321
40.7614
41.3094
41.8751
42.4617
43.0295
43.9094
18.8562
18.954
19.0552
19.1598
19.2678
19.3789
19.4933
19.6108
19.7312
19.8546
19.9809
20.11
20.2417
20.376
20.5128
20.652
20.7935
20.9373
21.0831
21.2308
21.3804
21.5317
21.6845
21.8388
21.9944
22.1511
22.3089
22.4676
22.627
22.7872
22.9479
23.1091
23.2708
23.433
23.5955
23.7586
23.9221
24.0862
24.2511
24.4168
24.5835
24.7515
24.921
25.0922
25.2655
25.4412
25.6196
25.801
25.9859
26.1745
26.3672
26.5643
26.7662
26.9731
27.1852
27.4028
27.626
27.8549
28.0896
28.33
28.5762
28.8279
29.0851
29.3475
29.6149
29.8871
30.1638
30.4447
30.7296
31.0182
31.3103
31.6057
31.9042
32.2059
32.5107
32.8187
33.1299
33.4446
33.7632
34.086
34.4134
34.7461
35.0846
35.4297
35.7822
36.1428
36.5125
36.8921
37.2826
37.6849
38.0999
38.5283
38.971
39.4285
39.9012
40.3894
40.8927
41.4144
41.9189
42.7051
18.4233
18.4993
18.5786
18.6613
18.7472
18.8365
18.929
19.0247
19.1235
19.2254
19.3305
19.4385
19.5495
19.6633
19.7801
19.8996
20.0219
20.1468
20.2744
20.4045
20.5371
20.672
20.8093
20.9489
21.0906
21.2344
21.3803
21.5282
21.678
21.8297
21.9832
22.1386
22.2959
22.4551
22.6162
22.7793
22.9444
23.1117
23.2813
23.4534
23.6281
23.8057
23.9864
24.1704
24.3579
24.5493
24.7448
24.9448
25.1494
25.359
25.5739
25.7942
26.0201
26.252
26.4898
26.7337
26.9837
27.2399
27.5021
27.7703
28.0442
28.3237
28.6085
28.8982
29.1926
29.4913
29.7938
30.0999
30.4091
30.721
31.0354
31.3518
31.6701
31.99
32.3114
32.6342
32.9585
33.2842
33.6115
33.9407
34.272
34.6059
34.9429
35.2834
35.6281
35.9777
36.333
36.6946
37.0634
37.4403
37.8261
38.2215
38.6275
39.0446
39.4735
39.9146
40.3681
40.8372
41.2895
41.9976
18.1292
18.189
18.252
18.3183
18.3879
18.4607
18.5368
18.6161
18.6987
18.7845
18.8735
18.9657
19.0611
19.1597
19.2613
19.3661
19.4739
19.5848
19.6987
19.8156
19.9355
20.0583
20.1841
20.3127
20.4443
20.5787
20.7159
20.856
20.999
21.1449
21.2936
21.4453
21.6
21.7577
21.9186
22.0827
22.2502
22.4211
22.5958
22.7742
22.9567
23.1434
23.3345
23.5303
23.731
23.9369
24.1482
24.3652
24.588
24.817
25.0523
25.294
25.5424
25.7975
26.0593
26.328
26.6034
26.8854
27.174
27.4688
27.7697
28.0763
28.3882
28.705
29.0264
29.3517
29.6806
30.0126
30.3471
30.6836
31.0218
31.3612
31.7014
32.0421
32.383
32.724
33.0648
33.4054
33.7459
34.0863
34.4267
34.7676
35.1091
35.4517
35.7958
36.142
36.491
36.8433
37.1997
37.5609
37.9277
38.3009
38.6812
39.0694
39.4662
39.8722
40.2876
40.716
41.1273
41.7733
17.9486
17.9976
18.0498
18.1052
18.1637
18.2255
18.2905
18.3589
18.4305
18.5054
18.5837
18.6652
18.7501
18.8383
18.9299
19.0248
19.123
19.2246
19.3295
19.4378
19.5495
19.6645
19.7829
19.9047
20.03
20.1588
20.291
20.4268
20.5662
20.7093
20.8561
21.0067
21.1613
21.3199
21.4826
21.6496
21.8211
21.9971
22.178
22.3638
22.5549
22.7513
22.9534
23.1614
23.3755
23.5959
23.823
24.0568
24.2976
24.5456
24.8009
25.0637
25.3341
25.612
25.8976
26.1907
26.4913
26.7991
27.1139
27.4355
27.7635
28.0975
28.4371
28.7817
29.1308
29.4839
29.8404
30.1997
30.5611
30.9242
31.2884
31.653
32.0177
32.382
32.7455
33.1079
33.469
33.8284
34.1862
34.5424
34.8968
35.2498
35.6014
35.952
36.3019
36.6516
37.0015
37.3522
37.7043
38.0584
38.4153
38.7756
39.1402
39.5098
39.885
40.2667
40.6551
41.0542
41.435
42.0351
17.8665
17.9101
17.9568
18.0067
18.0596
18.1159
18.1753
18.2381
18.3041
18.3736
18.4464
18.5226
18.6023
18.6854
18.772
18.8621
18.9558
19.053
19.1538
19.2583
19.3664
19.4782
19.5938
19.7132
19.8365
19.9637
20.095
20.2304
20.37
20.5139
20.6622
20.815
20.9726
21.135
21.3024
21.475
21.6529
21.8364
22.0257
22.2209
22.4224
22.6304
22.8451
23.0667
23.2955
23.5317
23.7756
24.0273
24.2871
24.5551
24.8314
25.1162
25.4095
25.7112
26.0214
26.3399
26.6666
27.0012
27.3435
27.6931
28.0496
28.4125
28.7813
29.1554
29.5341
29.917
30.3032
30.6921
31.083
31.4752
31.8681
32.261
32.6534
33.0446
33.4342
33.8217
34.2069
34.5893
34.9687
35.3451
35.7184
36.0885
36.4556
36.8199
37.1815
37.5408
37.8983
38.2543
38.6094
38.9641
39.3192
39.6752
40.033
40.3931
40.7565
41.1238
41.4956
41.8758
42.2362
42.8061
17.8786
17.9224
17.9692
18.0192
18.0723
18.1286
18.1881
18.251
18.3172
18.3868
18.4598
18.5363
18.6163
18.6999
18.787
18.8777
18.9722
19.0703
19.1722
19.278
19.3877
19.5013
19.619
19.7408
19.8668
19.9972
20.132
20.2714
20.4155
20.5644
20.7183
20.8774
21.0418
21.2117
21.3874
21.569
21.7568
21.951
22.1518
22.3595
22.5744
22.7967
23.0266
23.2645
23.5105
23.765
24.0282
24.3002
24.5812
24.8715
25.1711
25.48
25.7984
26.1262
26.4633
26.8095
27.1647
27.5286
27.9008
28.2809
28.6685
29.063
29.4639
29.8703
30.2818
30.6975
31.1167
31.5386
31.9624
32.3873
32.8127
33.2377
33.6616
34.0838
34.5037
34.9207
35.3344
35.7443
36.1502
36.5518
36.9489
37.3414
37.7294
38.1128
38.492
38.8671
39.2384
39.6063
39.9714
40.334
40.6947
41.0543
41.4134
41.7728
42.1331
42.4954
42.8601
43.2316
43.5809
44.1361
17.9934
18.0434
18.0963
18.1524
18.2117
18.2742
18.3399
18.409
18.4814
18.5573
18.6366
18.7194
18.8058
18.8957
18.9893
19.0866
19.1876
19.2925
19.4013
19.5141
19.6309
19.7519
19.8772
20.0068
20.141
20.2798
20.4233
20.5718
20.7255
20.8844
21.0488
21.2188
21.3948
21.5769
21.7654
21.9605
22.1625
22.3717
22.5883
22.8126
23.0449
23.2855
23.5346
23.7927
24.0598
24.3364
24.6226
24.9186
25.2247
25.5409
25.8674
26.2043
26.5516
26.9091
27.2769
27.6547
28.0423
28.4394
28.8456
29.2604
29.6832
30.1136
30.5508
30.994
31.4426
31.8958
32.3526
32.8121
33.2736
33.7362
34.1989
34.661
35.1216
35.5799
36.0353
36.4871
36.9347
37.3776
37.8154
38.2477
38.6743
39.095
39.5097
39.9185
40.3213
40.7185
41.1101
41.4967
41.8785
42.256
42.6299
43.0007
43.3691
43.7359
44.102
44.4681
44.835
45.2076
45.555
46.1114
18.2363
18.2989
18.3646
18.4335
18.5057
18.5811
18.6598
18.7418
18.8272
18.916
19.0083
19.1042
19.2035
19.3065
19.4132
19.5237
19.6379
19.756
19.8782
20.0044
20.1348
20.2695
20.4087
20.5524
20.7009
20.8542
21.0127
21.1764
21.3455
21.5204
21.7011
21.8881
22.0814
22.2815
22.4885
22.7028
22.9246
23.1543
23.3922
23.6386
23.8938
24.1582
24.4321
24.7157
25.0094
25.3134
25.6281
25.9535
26.2901
26.6378
26.9968
27.3671
27.7488
28.1418
28.546
28.9611
29.3869
29.8231
30.2691
30.7245
31.1887
31.6611
32.1408
32.6272
33.1193
33.6162
34.117
34.6208
35.1266
35.6333
36.14
36.6458
37.1497
37.6509
38.1485
38.6418
39.13
39.6126
40.0891
40.5589
41.0218
41.4775
41.9259
42.3668
42.8004
43.2267
43.6459
44.0583
44.4644
44.8645
45.2593
45.6494
46.0354
46.4183
46.7989
47.1781
47.5568
47.9407
48.2956
48.87
18.6555
18.7384
18.8245
18.9139
19.0066
19.1026
19.2019
19.3046
19.4107
19.5202
19.6332
19.7497
19.8698
19.9935
20.1209
20.2521
20.3871
20.5261
20.6691
20.8163
20.9678
21.1238
21.2843
21.4496
21.6198
21.7951
21.9758
22.1621
22.3542
22.5523
22.7568
22.9679
23.1859
23.4112
23.6441
23.8848
24.1338
24.3913
24.6578
24.9337
25.2192
25.5147
25.8206
26.1372
26.4649
26.8039
27.1546
27.5171
27.8918
28.2787
28.6779
29.0896
29.5137
29.9502
30.3988
30.8595
31.3318
31.8153
32.3097
32.8142
33.3284
33.8514
34.3824
34.9206
35.4649
36.0146
36.5684
37.1253
37.6842
38.244
38.8037
39.3622
39.9184
40.4713
41.0199
41.5635
42.1013
42.6324
43.1562
43.6723
44.1802
44.6796
45.1703
45.6521
46.125
46.5891
47.0446
47.4917
47.9309
48.3627
48.7875
49.2062
49.6194
50.0281
50.4334
50.8363
51.2376
51.6444
52.0175
52.6297
19.3341
19.4466
19.5623
19.6814
19.8038
19.9296
20.0588
20.1914
20.3273
20.4667
20.6096
20.756
20.906
21.0596
21.2169
21.3781
21.5431
21.7121
21.8853
22.0627
22.2445
22.4309
22.6221
22.8182
23.0194
23.226
23.4383
23.6564
23.8808
24.1116
24.3492
24.5939
24.8461
25.1062
25.3744
25.6512
25.9369
26.2321
26.537
26.8521
27.1778
27.5144
27.8625
28.2223
28.5942
28.9786
29.3758
29.786
30.2094
30.6463
31.0967
31.5608
32.0385
32.5296
33.0342
33.5518
34.0822
34.6249
35.1794
35.7451
36.3212
36.9069
37.5014
38.1036
38.7126
39.3272
39.9463
40.5687
41.1932
41.8186
42.4436
43.067
43.6878
44.3047
44.9167
45.5228
46.1221
46.7137
47.297
47.8713
48.4361
48.991
49.5357
50.0701
50.594
51.1076
51.6111
52.1047
52.5888
53.064
53.531
53.9904
54.4433
54.8906
55.3336
55.7737
56.2115
56.6564
57.0609
57.7369
20.4114
20.5651
20.7223
20.8828
21.0468
21.2141
21.3848
21.5589
21.7364
21.9174
22.1019
22.2899
22.4816
22.6769
22.8759
23.0788
23.2857
23.4967
23.7119
23.9314
24.1555
24.3844
24.6182
24.8572
25.1016
25.3517
25.6078
25.8702
26.1392
26.4152
26.6985
26.9894
27.2885
27.5961
27.9126
28.2385
28.5743
28.9202
29.277
29.6449
30.0244
30.416
30.8202
31.2373
31.6678
32.112
32.5703
33.0429
33.5302
34.0322
34.5492
35.0812
35.6281
36.1899
36.7664
37.3573
37.9621
38.5805
39.2119
39.8554
40.5104
41.176
41.8511
42.5347
43.2256
43.9227
44.6246
45.3301
46.0377
46.7463
47.4543
48.1604
48.8635
49.5621
50.2551
50.9414
51.6199
52.2898
52.9501
53.6001
54.2394
54.8673
55.4835
56.0879
56.6803
57.2609
57.8298
58.3873
58.9339
59.4704
59.9973
60.5157
61.0266
61.5313
62.0313
62.5285
63.0233
63.5284
63.9837
64.7621
22.1249
22.3361
22.5507
22.7687
22.9902
23.2151
23.4434
23.6751
23.9102
24.1488
24.391
24.6367
24.8861
25.1393
25.3962
25.6571
25.9221
26.1913
26.4648
26.743
27.0259
27.3138
27.6069
27.9056
28.21
28.5205
28.8375
29.1613
29.4922
29.8307
30.1772
30.5321
30.8959
31.2691
31.652
32.0454
32.4495
32.8651
33.2925
33.7324
34.1851
34.6513
35.1314
35.6259
36.1352
36.6598
37.2001
37.7562
38.3286
38.9174
39.5228
40.1449
40.7835
41.4386
42.11
42.7973
43.5002
44.218
44.9501
45.6958
46.4541
47.2242
48.0048
48.7949
49.5932
50.3984
51.2089
52.0235
52.8407
53.6589
54.4767
55.2925
56.1051
56.9128
57.7145
58.5088
59.2946
60.0708
60.8365
61.5908
62.333
63.0626
63.7791
64.4824
65.1722
65.8487
66.5122
67.163
67.8016
68.429
69.046
69.6538
70.2537
70.8474
71.4368
72.0245
72.6105
73.2128
73.7509
74.6961
24.9005
25.1931
25.4891
25.7886
26.0914
26.3976
26.7073
27.0204
27.3369
27.657
27.9806
28.3079
28.6389
28.9737
29.3125
29.6554
30.0024
30.3539
30.7101
31.071
31.437
31.8083
32.1852
32.5681
32.9572
33.353
33.7558
34.1661
34.5842
35.0107
35.446
35.8907
36.3452
36.8102
37.2861
37.7736
38.2733
38.7857
39.3114
39.8511
40.4053
40.9745
41.5594
42.1605
42.7783
43.4132
44.0657
44.7361
45.4248
46.1319
46.8576
47.6021
48.3652
49.1468
49.9468
50.7647
51.6002
52.4526
53.3212
54.2053
55.1039
56.016
56.9404
57.8759
58.8211
59.7747
60.7352
61.701
62.6706
63.6424
64.6147
65.5859
66.5545
67.5189
68.4775
69.429
70.3719
71.3051
72.2273
73.1376
74.0352
74.9192
75.7893
76.645
77.4862
78.313
79.1256
79.9247
80.7108
81.4851
82.2487
83.0031
83.7502
84.4922
85.2314
85.9716
86.7122
87.48
88.1599
89.3887
29.5619
29.9747
30.3908
30.8103
31.2331
31.6592
32.0887
32.5215
32.9577
33.3975
33.8407
34.2877
34.7384
35.193
35.6516
36.1144
36.5816
37.0534
37.53
38.0117
38.4988
38.9917
39.4905
39.9959
40.508
41.0274
41.5546
42.09
42.6342
43.1876
43.751
44.3248
44.9098
45.5065
46.1157
46.7379
47.3739
48.0244
48.69
49.3715
50.0695
50.7847
51.5178
52.2693
53.0399
53.8301
54.6404
55.4713
56.3231
57.1962
58.0907
59.0069
59.9447
60.9041
61.8851
62.8872
63.9103
64.9536
66.0168
67.099
68.1995
69.3172
70.4512
71.6003
72.7632
73.9386
75.1251
76.321
77.5247
78.7346
79.949
81.166
82.3838
83.6005
84.8144
86.0236
87.2265
88.4212
89.6064
90.7807
91.9427
93.0914
94.2261
95.3462
96.4514
97.5416
98.6171
99.6786
100.727
101.763
102.79
103.808
104.82
105.829
106.839
107.855
108.874
109.939
110.873
112.604
37.8675
38.4695
39.0744
39.6822
40.2928
40.9064
41.5229
42.1423
42.7649
43.3905
44.0194
44.6516
45.2873
45.9266
46.5698
47.2169
47.8683
48.5243
49.185
49.8509
50.5223
51.1996
51.8833
52.5737
53.2714
53.977
54.691
55.414
56.1467
56.8897
57.6438
58.4096
59.188
59.9798
60.7856
61.6065
62.4432
63.2965
64.1674
65.0567
65.9652
66.8939
67.8436
68.8151
69.8092
70.8268
71.8686
72.9353
74.0276
75.1462
76.2916
77.4645
78.6652
79.8942
81.1519
82.4384
83.754
85.0988
86.4727
87.8756
89.3073
90.7672
92.2549
93.7696
95.3104
96.8762
98.4656
100.077
101.709
103.359
105.025
106.705
108.396
110.095
111.8
113.507
115.215
116.919
118.617
120.307
121.987
123.654
125.307
126.944
128.564
130.168
131.754
133.324
134.878
136.418
137.945
139.463
140.973
142.48
143.987
145.503
147.02
148.608
149.986
152.557
54.0836
55.0081
55.9339
56.861
57.7893
58.7188
59.6495
60.5816
61.5151
62.4502
63.3868
64.3252
65.2657
66.2083
67.1533
68.101
69.0518
70.006
70.9639
71.9261
72.8931
73.8653
74.8433
75.8279
76.8196
77.8192
78.8276
79.8454
80.8738
81.9135
82.9656
84.0311
85.1112
86.207
87.3196
88.4505
89.6008
90.772
91.9655
93.1827
94.4253
95.6949
96.993
98.3215
99.6821
101.077
102.507
103.976
105.485
107.035
108.63
110.271
111.961
113.702
115.495
117.344
119.249
121.212
123.236
125.32
127.467
129.677
131.949
134.283
136.679
139.133
141.645
144.21
146.826
149.488
152.19
154.927
157.694
160.483
163.288
166.103
168.92
171.733
174.535
177.321
180.084
182.821
185.525
188.194
190.825
193.414
195.961
198.463
200.921
203.335
205.705
208.033
210.32
212.571
214.789
216.981
219.137
221.347
223.236
226.651
90.4354
91.9667
93.4934
95.0155
96.5327
98.0454
99.5535
101.057
102.557
104.053
105.546
107.035
108.521
110.006
111.488
112.97
114.451
115.933
117.416
118.901
120.389
121.882
123.38
124.885
126.399
127.923
129.458
131.007
132.572
134.154
135.757
137.383
139.035
140.715
142.426
144.173
145.958
147.786
149.661
151.587
153.568
155.61
157.718
159.896
162.152
164.49
166.916
169.437
172.058
174.787
177.628
180.589
183.674
186.888
190.238
193.726
197.355
201.129
205.047
209.11
213.315
217.66
222.138
226.744
231.468
236.3
241.226
246.235
251.308
256.431
261.584
266.75
271.91
277.043
282.132
287.158
292.103
296.951
301.685
306.292
310.759
315.075
319.229
323.214
327.022
330.648
334.086
337.336
340.393
343.257
345.93
348.412
350.708
352.821
354.759
356.531
358.139
359.634
360.844
362.718
191.978
194.848
197.697
200.526
203.335
206.127
208.903
211.664
214.413
217.151
219.88
222.603
225.321
228.039
230.757
233.48
236.211
238.952
241.709
244.484
247.282
250.109
252.968
255.865
258.807
261.798
264.846
267.958
271.14
274.401
277.749
281.192
284.74
288.402
292.187
296.106
300.168
304.386
308.769
313.328
318.074
323.019
328.172
333.545
339.146
344.986
351.071
357.41
364.008
370.869
377.995
385.388
393.043
400.957
409.122
417.524
426.151
434.983
443.998
453.169
462.465
471.854
481.296
490.752
500.176
509.523
518.744
527.791
536.614
545.165
553.395
561.261
568.721
575.736
582.272
588.3
593.797
598.744
603.128
606.942
610.182
612.852
614.958
616.511
617.527
618.022
618.019
617.541
616.615
615.268
613.53
611.433
609.011
606.295
603.325
600.128
596.777
593.149
589.975
584.141
604.029
610.758
617.446
624.1
630.728
637.338
643.938
650.537
657.143
663.765
670.412
677.092
683.815
690.59
697.427
704.336
711.326
718.408
725.593
732.891
740.313
747.87
755.573
763.433
771.461
779.667
788.063
796.658
805.462
814.485
823.734
833.219
842.945
852.919
863.145
873.626
884.366
895.362
906.615
918.121
929.874
941.866
954.087
966.523
979.16
991.976
1004.95
1018.06
1031.27
1044.55
1057.86
1071.17
1084.42
1097.56
1110.55
1123.32
1135.82
1147.98
1159.72
1170.99
1181.7
1191.79
1201.17
1209.78
1217.54
1224.38
1230.24
1235.04
1238.75
1241.31
1242.68
1242.83
1241.76
1239.44
1235.9
1231.15
1225.22
1218.16
1210.04
1200.91
1190.85
1179.97
1168.35
1156.09
1143.3
1130.09
1116.56
1102.82
1088.98
1075.12
1061.35
1047.74
1034.39
1021.36
1008.72
996.55
984.901
973.662
963.867
949.212
2587.45
2598.14
2608.41
2618.25
2627.65
2636.61
2645.13
2653.2
2660.83
2668
2674.72
2680.99
2686.81
2692.16
2697.06
2701.51
2705.49
2709.01
2712.07
2714.66
2716.79
2718.46
2719.65
2720.38
2720.63
2720.41
2719.7
2718.52
2716.84
2714.67
2712
2708.83
2705.14
2700.94
2696.2
2690.93
2685.12
2678.75
2671.82
2664.33
2656.25
2647.58
2638.31
2628.44
2617.96
2606.86
2595.13
2582.79
2569.82
2556.23
2542.03
2527.22
2511.82
2495.84
2479.31
2462.25
2444.69
2426.68
2408.25
2389.46
2370.37
2351.03
2331.52
2311.9
2292.26
2272.69
2253.25
2234.05
2215.17
2196.7
2178.71
2161.28
2144.49
2128.4
2113.06
2098.51
2084.78
2071.89
2059.84
2048.62
2038.21
2028.58
2019.69
2011.49
2003.92
1996.91
1990.41
1984.35
1978.66
1973.27
1968.12
1963.15
1958.3
1953.51
1948.75
1943.93
1939.11
1933.86
1929.58
1920.8
1184.13
289.334
302.46
311.304
314.398
313.325
310.395
306.4
302.499
298.532
294.615
276.189
338.107
303.714
503.058
636.551
741.528
828.333
902.784
968.223
1026.66
1079.33
1127.06
1170.47
1210.12
1246.5
1280.1
1311.38
1340.73
1368.5
1394.98
1420.4
1444.92
1468.68
1491.77
1514.29
1536.32
1557.98
1579.4
1600.7
1621.55
1642.01
1662.09
1681.77
1701.01
1719.77
1737.98
1755.58
1772.51
1788.7
1804.06
1818.53
1832.03
1844.47
1855.76
1865.84
1874.61
1881.99
1887.92
1892.32
1895.13
1896.3
1895.8
1893.6
1889.67
1884.05
1876.75
1867.82
1857.35
1845.76
1834.72
1829.38
1827.37
1824.73
1820.89
1815.87
1809.82
1802.86
1795.1
1786.65
1777.58
1767.98
1757.93
1747.5
1736.75
1725.76
1714.58
1703.28
1691.9
1680.5
1669.13
1657.83
1646.67
1635.68
1624.94
1614.52
1604.57
1595.3
1587.15
1580.11
1220.28
652.557
355.141
226.764
174.047
158.017
166.293
185.406
214.867
271.711
345.732
415.335
481.88
539.913
608.785
646.54
667.425
676.62
678.662
676.778
673.201
669.37
666.136
663.939
662.94
663.119
664.351
666.457
669.244
672.529
676.15
679.977
683.917
687.919
691.979
696.157
700.591
705.502
711.105
717.25
723.422
729.455
735.342
741.068
746.62
751.985
757.146
762.088
766.794
771.246
775.426
779.312
782.884
786.12
788.999
791.495
793.588
795.254
796.473
797.224
797.49
797.252
796.497
795.214
793.399
791.052
788.176
784.785
780.921
776.704
772.401
768.334
764.43
760.468
756.294
751.859
747.164
742.234
737.095
731.776
726.306
720.71
715.012
709.234
703.395
697.514
691.606
685.686
679.766
673.857
667.968
662.105
656.272
650.468
644.692
638.909
633.143
627.022
621.602
609.864
1271.21
450.485
195.22
138.674
127.217
131.007
159.699
218.38
295.87
375.593
440.168
490.069
524.528
546.102
548.911
541.563
529.478
516.128
504.18
495.106
489.412
486.926
487.116
489.34
493.002
497.623
502.858
508.475
514.327
520.33
526.436
532.624
538.888
545.23
551.651
558.144
564.67
571.145
577.445
583.807
590.159
596.465
602.705
608.862
614.916
620.849
626.638
632.261
637.692
642.903
647.864
652.543
656.903
660.911
664.526
667.712
670.429
672.638
674.305
675.397
675.883
675.74
674.95
673.501
671.391
668.624
665.213
661.18
656.554
651.386
645.747
639.748
633.476
626.965
620.218
613.244
606.07
598.733
591.272
583.726
576.13
568.518
560.918
553.355
545.851
538.425
531.091
523.861
516.745
509.748
502.876
496.13
489.51
483.01
476.623
470.324
464.114
457.782
451.972
441.835
1316.41
309.2
192.709
162.631
162.644
188.987
240.186
306.913
373.044
424.82
457.907
476.234
481.327
475.471
461.587
447.351
434.612
424.919
419.001
416.841
417.944
421.603
427.102
433.828
441.313
449.23
457.367
465.597
473.854
482.108
490.353
498.597
506.85
515.121
523.413
531.716
540.002
548.215
556.394
564.57
572.724
580.842
588.905
596.892
604.776
612.53
620.12
627.511
634.662
641.53
648.067
654.222
659.941
665.168
669.845
673.914
677.318
680.002
681.915
683.012
683.256
682.619
681.082
678.641
675.301
671.08
666.009
660.13
653.493
646.162
638.208
629.72
620.796
611.523
601.965
592.184
582.241
572.195
562.102
552.014
541.976
532.03
522.21
512.544
503.056
493.765
484.684
475.823
467.188
458.783
450.609
442.661
434.937
427.426
420.118
412.99
406.034
399.111
392.709
382.751
1360.26
301.89
218.584
209.502
225.342
260.94
308.301
355.801
393.5
417.086
428.04
429.536
423.712
413.222
401.655
392.064
385.157
381.504
381.181
383.9
389.172
396.443
405.184
414.94
425.343
436.118
447.072
458.078
469.064
479.993
490.856
501.659
512.415
523.135
533.827
544.487
555.095
565.647
576.149
586.6
596.99
607.304
617.521
627.614
637.547
647.28
656.766
665.954
674.786
683.2
691.127
698.497
705.235
711.263
716.505
720.883
724.325
726.764
728.14
728.406
727.523
725.471
722.243
717.85
712.32
705.698
698.044
689.431
679.945
669.681
658.74
647.232
635.272
622.967
610.418
597.715
584.941
572.171
559.475
546.912
534.532
522.379
510.487
498.883
487.587
476.615
465.975
455.672
445.708
436.078
426.779
417.8
409.132
400.761
392.671
384.838
377.25
369.794
362.909
352.773
1400.42
311.246
251.847
253.382
273.272
303.179
334.649
360.83
378.55
388.024
391.011
389.011
383.465
376.357
369.776
365.009
362.655
363.09
366.376
372.331
380.624
390.846
402.569
415.384
428.934
442.924
457.129
471.389
485.599
499.7
513.665
527.489
541.178
554.743
568.194
581.537
594.765
607.87
620.844
633.676
646.351
658.847
671.136
683.18
694.934
706.341
717.34
727.861
737.828
747.157
755.762
763.55
770.428
776.302
781.081
784.676
787.009
788.012
787.629
785.824
782.576
777.887
771.781
764.302
755.516
745.508
734.381
722.25
709.24
695.485
681.12
666.281
651.103
635.711
620.22
604.733
589.343
574.129
559.159
544.491
530.171
516.234
502.708
489.611
476.956
464.747
452.985
441.666
430.783
420.325
410.278
400.627
391.356
382.445
373.873
365.614
357.652
349.887
342.737
332.499
1439.76
324.277
278.036
280.61
295.024
313.857
331.741
346.187
356.644
363.327
366.492
366.479
364.222
361.168
358.712
357.795
359.053
362.863
369.346
378.417
389.832
403.252
418.285
434.531
451.615
469.21
487.053
504.942
522.735
540.341
557.709
574.812
591.646
608.222
624.554
640.638
656.466
672.024
687.296
702.26
716.891
731.156
745.015
758.417
771.301
783.598
795.228
806.103
816.128
825.203
833.225
840.087
845.685
849.918
852.693
853.927
853.552
851.518
847.795
842.378
835.288
826.571
816.299
804.569
791.5
777.229
761.907
745.696
728.761
711.268
693.378
675.247
657.018
638.822
620.774
602.971
585.498
568.423
551.8
535.671
520.067
505.007
490.503
476.559
463.172
450.335
438.035
426.259
414.988
404.204
393.885
384.009
374.553
365.493
356.803
348.455
340.432
332.639
325.485
315.381
1482.99
335.183
292.847
289.8
296.278
307.913
321.354
334.69
346.518
355.812
362.08
365.56
367.196
368.249
369.869
372.926
378.035
385.561
395.656
408.28
423.243
440.241
458.907
478.843
499.662
521.014
542.6
564.181
585.578
606.663
627.354
647.605
667.411
686.766
705.659
724.079
742.009
759.43
776.314
792.629
808.335
823.388
837.732
851.302
864.023
875.809
886.568
896.197
904.59
911.638
917.232
921.266
923.639
924.264
923.066
919.991
915.006
908.104
899.308
888.67
876.273
862.227
846.671
829.765
811.687
792.628
772.786
752.358
731.539
710.511
689.444
668.493
647.793
627.46
607.588
588.254
569.516
551.415
533.979
517.224
501.156
485.771
471.06
457.007
443.593
430.796
418.591
406.952
395.852
385.263
375.158
365.509
356.289
347.469
339.024
330.92
323.142
315.601
308.692
298.995
1529.65
340.919
295.79
286.783
292.521
308.512
328.774
349.135
367.075
381.463
392.241
400.117
406.21
411.755
417.804
425.167
434.425
445.933
459.849
476.157
494.695
515.188
537.288
560.608
584.76
609.379
634.144
658.786
683.093
706.899
730.112
752.675
774.534
795.654
816.007
835.569
854.315
872.212
889.224
905.305
920.405
934.464
947.416
959.184
969.682
978.817
986.491
992.599
997.038
999.708
1000.51
999.365
996.199
990.964
983.631
974.203
962.71
949.216
933.817
916.644
897.854
877.633
856.188
833.739
810.517
786.752
762.668
738.479
714.382
690.552
667.142
644.282
622.074
600.6
579.917
560.062
541.054
522.899
505.589
489.109
473.435
458.538
444.387
430.945
418.178
406.049
394.522
383.563
373.135
363.207
353.746
344.72
336.101
327.858
319.965
312.39
305.12
298.068
291.613
282.569
1567.81
340.113
291.401
289.899
314.801
351.871
390.203
424.288
452.061
473.505
489.647
502.035
512.208
521.563
531.222
542.015
554.51
569.046
585.765
604.647
625.538
648.18
672.241
697.355
723.143
749.241
775.322
801.092
826.327
850.867
874.563
897.307
919.021
939.648
959.142
977.464
994.576
1010.43
1024.99
1038.2
1049.99
1060.31
1069.07
1076.21
1081.63
1085.25
1086.99
1086.75
1084.46
1080.05
1073.47
1064.67
1053.65
1040.42
1025.04
1007.58
988.15
966.91
944.037
919.741
894.253
867.824
840.711
813.174
785.465
757.826
730.475
703.61
677.399
651.98
627.463
603.929
581.43
559.997
539.637
520.342
502.085
484.834
468.544
453.169
438.658
424.959
412.02
399.79
388.221
377.267
366.882
357.027
347.661
338.75
330.258
322.155
314.411
306.997
299.887
293.052
286.481
280.094
274.247
266.04
1593.5
336.325
299.192
339.133
410.509
486.282
553.838
608.392
649.639
679.578
700.95
716.539
728.739
739.426
749.969
761.301
774.007
788.412
804.644
822.681
842.38
863.509
885.774
908.849
932.385
956.042
979.504
1002.49
1024.75
1046.07
1066.28
1085.25
1102.89
1119.12
1133.87
1147.09
1158.73
1168.74
1177.08
1183.67
1188.47
1191.41
1192.43
1191.46
1188.43
1183.3
1176
1166.48
1154.73
1140.72
1124.46
1106.01
1085.41
1062.79
1038.26
1012
984.213
955.123
924.984
894.065
862.644
831
799.406
768.122
737.383
707.399
678.35
650.38
623.6
598.09
573.895
551.034
529.503
509.274
490.305
472.542
455.919
440.367
425.815
412.189
399.418
387.434
376.173
365.572
355.576
346.133
337.195
328.719
320.664
312.994
305.678
298.683
291.983
285.552
279.367
273.402
267.649
262.036
256.889
249.634
1597.59
347.969
376.039
510.8
660.113
792.048
897.049
974.402
1027.89
1063
1085.18
1098.99
1107.88
1114.27
1119.78
1125.42
1131.8
1139.28
1148.03
1158.11
1169.46
1181.93
1195.32
1209.38
1223.81
1238.28
1252.47
1266.12
1278.96
1290.79
1301.42
1310.72
1318.56
1324.85
1329.5
1332.46
1333.67
1333.06
1330.59
1326.2
1319.84
1311.47
1301.05
1288.54
1273.9
1257.12
1238.21
1217.16
1194.02
1168.85
1141.74
1112.81
1082.2
1050.1
1016.73
982.313
947.119
911.421
875.503
839.65
804.142
769.24
735.185
702.189
670.431
640.057
611.173
583.853
558.133
534.022
511.5
490.523
471.032
452.953
436.201
420.686
406.315
392.995
380.636
369.15
358.454
348.473
339.135
330.376
322.136
314.364
307.011
300.036
293.4
287.069
281.013
275.206
269.622
264.238
259.037
253.996
249.111
244.317
239.909
233.652
1634.11
448.583
696.147
999.676
1254.86
1442.37
1569.3
1648.23
1692.33
1712.96
1718.73
1715.59
1707.32
1696.23
1683.73
1670.69
1657.73
1645.32
1633.86
1623.62
1614.68
1607.01
1600.49
1594.88
1589.95
1585.41
1580.98
1576.39
1571.39
1565.75
1559.27
1551.78
1543.15
1533.23
1521.95
1509.2
1494.91
1479.03
1461.48
1442.23
1421.24
1398.48
1373.94
1347.6
1319.48
1289.61
1258.04
1224.85
1190.13
1154
1116.64
1078.2
1038.91
998.997
958.706
918.305
878.065
838.257
799.146
760.98
723.988
688.369
654.29
621.886
591.252
562.449
535.503
510.41
487.136
465.625
445.802
427.576
410.848
395.511
381.457
368.575
356.758
345.904
335.914
326.698
318.171
310.255
302.882
295.988
289.517
283.418
277.647
272.164
266.936
261.932
257.126
252.493
248.014
243.669
239.444
235.319
231.295
227.316
223.64
218.373
1381.89
1243.22
1851.34
2334.13
2624
2766.02
2817.7
2815.73
2784.44
2738.6
2686.21
2631.04
2574.65
2517.67
2460.55
2403.82
2348.16
2294.21
2242.51
2193.43
2147.16
2103.73
2062.98
2024.66
1988.46
1954.04
1921.04
1889.15
1858.03
1827.41
1797.02
1766.63
1736.02
1705.04
1673.52
1641.32
1608.35
1574.51
1539.72
1503.93
1467.1
1429.2
1390.24
1350.22
1309.19
1267.22
1224.37
1180.78
1136.56
1091.88
1046.93
1001.9
957.016
912.508
868.611
825.564
783.595
742.923
703.744
666.231
630.526
596.74
564.951
535.202
507.505
481.841
458.166
436.412
416.494
398.311
381.754
366.706
353.048
340.662
329.43
319.239
309.981
301.556
293.869
286.833
280.37
274.407
268.88
263.731
258.909
254.368
250.068
245.975
242.057
238.289
234.648
231.114
227.669
224.3
220.993
217.733
214.524
211.316
208.335
204.009
1519.3
4458.24
5463.45
5548.03
5386.81
5130.21
4861.93
4609.8
4381.9
4177.09
3991.03
3819.17
3658.05
3505.67
3361.2
3224.5
3095.68
2974.86
2861.95
2756.69
2658.65
2567.29
2482.05
2402.32
2327.51
2257.05
2190.38
2126.99
2066.39
2008.15
1951.87
1897.19
1843.79
1791.41
1739.8
1688.76
1638.11
1587.72
1537.47
1487.27
1437.06
1386.8
1336.48
1286.12
1235.76
1185.45
1135.29
1085.4
1035.9
986.941
938.697
891.343
845.061
800.037
756.45
714.469
674.248
635.92
599.594
565.351
533.244
503.297
475.506
449.84
426.243
404.643
384.948
367.054
350.849
336.213
323.026
311.167
300.516
290.958
282.382
274.685
267.768
261.54
255.917
250.823
246.187
241.946
238.044
234.428
231.055
227.884
224.88
222.012
219.254
216.584
213.98
211.428
208.913
206.421
203.944
201.471
199.003
196.502
194.156
190.696
)
;

boundaryField
{
    outlet
    {
        type            zeroGradient;
    }
    inlet
    {
        type            fixedValue;
        value           uniform 17.57;
    }
    lowerWall
    {
        Cmu             0.09;
        kappa           0.41;
        E               9.8;
        beta1           0.075;
        type            omegaWallFunction;
        value           nonuniform List<scalar> 
148
(
7254.63
8569.06
9629.25
10283
10668.4
10885.8
10995.8
11034.9
11026.8
10987.3
10927.3
10854.4
10774
10689.7
10604.1
10519.1
10435.8
10355
10277.3
10202.9
10131.9
10064.5
10000.5
9939.92
9882.59
9828.39
9777.15
9728.76
9682.88
9640.08
9596.68
9568.78
9476.75
1184.13
1220.28
1271.21
1316.41
1360.26
1400.42
1439.76
1482.99
1529.65
1567.81
1593.5
1597.59
1634.11
1381.89
1519.3
1184.13
289.334
302.46
311.304
314.398
313.325
310.395
306.4
302.499
298.532
294.615
276.189
338.107
303.714
503.058
636.551
741.528
828.333
902.784
968.223
1026.66
1079.33
1127.06
1170.47
1210.12
1246.5
1280.1
1311.38
1340.73
1368.5
1394.98
1420.4
1444.92
1468.68
1491.77
1514.29
1536.32
1557.98
1579.4
1600.7
1621.55
1642.01
1662.09
1681.77
1701.01
1719.77
1737.98
1755.58
1772.51
1788.7
1804.06
1818.53
1832.03
1844.47
1855.76
1865.84
1874.61
1881.99
1887.92
1892.32
1895.13
1896.3
1895.8
1893.6
1889.67
1884.05
1876.75
1867.82
1857.35
1845.76
1834.72
1829.38
1827.37
1824.73
1820.89
1815.87
1809.82
1802.86
1795.1
1786.65
1777.58
1767.98
1757.93
1747.5
1736.75
1725.76
1714.58
1703.28
1691.9
1680.5
1669.13
1657.83
1646.67
1635.68
1624.94
1614.52
1604.57
1595.3
1587.15
1580.11
)
;
    }
    upperWall
    {
        Cmu             0.09;
        kappa           0.41;
        E               9.8;
        beta1           0.075;
        type            omegaWallFunction;
        value           nonuniform List<scalar> 
133
(
1719.4
1778.23
1839.24
1895.41
1945.93
1992.23
2035.28
2075.52
2113.26
2148.7
2182.04
2213.4
2242.93
2270.74
2296.93
2321.61
2344.85
2366.75
2387.37
2406.81
2425.12
2442.37
2458.63
2473.95
2488.38
2501.98
2514.8
2526.88
2538.26
2548.99
2559.1
2568.63
2577.62
2587.45
2598.14
2608.41
2618.25
2627.65
2636.61
2645.13
2653.2
2660.83
2668
2674.72
2680.99
2686.81
2692.16
2697.06
2701.51
2705.49
2709.01
2712.07
2714.66
2716.79
2718.46
2719.65
2720.38
2720.63
2720.41
2719.7
2718.52
2716.84
2714.67
2712
2708.83
2705.14
2700.94
2696.2
2690.93
2685.12
2678.75
2671.82
2664.33
2656.25
2647.58
2638.31
2628.44
2617.96
2606.86
2595.13
2582.79
2569.82
2556.23
2542.03
2527.22
2511.82
2495.84
2479.31
2462.25
2444.69
2426.68
2408.25
2389.46
2370.37
2351.03
2331.52
2311.9
2292.26
2272.69
2253.25
2234.05
2215.17
2196.7
2178.71
2161.28
2144.49
2128.4
2113.06
2098.51
2084.78
2071.89
2059.84
2048.62
2038.21
2028.58
2019.69
2011.49
2003.92
1996.91
1990.41
1984.35
1978.66
1973.27
1968.12
1963.15
1958.3
1953.51
1948.75
1943.93
1939.11
1933.86
1929.58
1920.8
)
;
    }
    frontAndBack
    {
        type            empty;
    }
}


// ************************************************************************* //
