/*--------------------------------*- C++ -*----------------------------------*\
| =========                 |                                                 |
| \\      /  F ield         | OpenFOAM: The Open Source CFD Toolbox           |
|  \\    /   O peration     | Version:  4.1                                   |
|   \\  /    A nd           | Web:      www.OpenFOAM.org                      |
|    \\/     M anipulation  |                                                 |
\*---------------------------------------------------------------------------*/
FoamFile
{
    version     2.0;
    format      ascii;
    class       volScalarField;
    location    "800";
    object      k;
}
// * * * * * * * * * * * * * * * * * * * * * * * * * * * * * * * * * * * * * //

dimensions      [0 2 -2 0 0 0 0];

internalField   nonuniform List<scalar> 
6820
(
0.257082
0.434211
0.59852
0.709382
0.778145
0.818049
0.838548
0.845896
0.844371
0.836963
0.825767
0.812247
0.797426
0.782015
0.766499
0.751202
0.736337
0.722037
0.708379
0.695402
0.683116
0.671517
0.660586
0.650297
0.64062
0.631522
0.622968
0.614929
0.607345
0.600302
0.593196
0.58871
0.574462
0.811277
1.44613
1.51874
1.38792
1.22323
1.07762
0.95922
0.864569
0.788642
0.727157
0.676842
0.635256
0.600578
0.571431
0.546763
0.525758
0.507776
0.49231
0.478954
0.467377
0.45731
0.448532
0.440858
0.434137
0.42824
0.423058
0.4185
0.414492
0.410965
0.407887
0.405159
0.40295
0.400701
0.368869
0.66416
0.797428
0.829397
0.816589
0.786285
0.750411
0.713991
0.679044
0.646311
0.616001
0.588103
0.562514
0.539088
0.517663
0.498078
0.480173
0.4638
0.44882
0.435107
0.422543
0.411025
0.400456
0.390751
0.381831
0.373626
0.366073
0.359115
0.352701
0.346788
0.341328
0.336303
0.331653
0.240027
0.336287
0.412169
0.460222
0.487105
0.500012
0.504036
0.502508
0.497533
0.490423
0.482012
0.472846
0.463295
0.453611
0.443967
0.434484
0.425242
0.416294
0.407675
0.399404
0.391489
0.383933
0.37673
0.369875
0.363355
0.357161
0.351278
0.345693
0.340392
0.335363
0.330591
0.326065
0.321766
0.214145
0.250649
0.284542
0.31208
0.332947
0.348027
0.358469
0.365345
0.369528
0.371681
0.372296
0.371745
0.370308
0.368202
0.365595
0.362616
0.359369
0.355933
0.352374
0.348742
0.345078
0.341412
0.337769
0.33417
0.330629
0.327158
0.323764
0.320456
0.317237
0.314109
0.311077
0.308139
0.305297
0.20564
0.221937
0.238617
0.25366
0.26644
0.276904
0.285273
0.29185
0.296934
0.300784
0.303614
0.305602
0.306896
0.307616
0.307861
0.307715
0.307247
0.306514
0.305564
0.304439
0.303172
0.301792
0.300324
0.298789
0.297204
0.295583
0.293939
0.292282
0.290622
0.288966
0.28732
0.28569
0.284081
0.202357
0.210378
0.219404
0.228106
0.235957
0.242783
0.248605
0.253515
0.257621
0.261026
0.263824
0.266096
0.267914
0.269339
0.270425
0.271218
0.271758
0.272079
0.272212
0.272182
0.272013
0.271724
0.271333
0.270855
0.270303
0.269689
0.269023
0.268315
0.267571
0.266799
0.266006
0.265197
0.264377
0.201008
0.2051
0.210232
0.215526
0.22054
0.225078
0.229098
0.232621
0.235689
0.238346
0.240635
0.242597
0.244268
0.245681
0.246866
0.247847
0.248647
0.249289
0.249788
0.250162
0.250425
0.25059
0.250667
0.250668
0.250602
0.250476
0.250298
0.250074
0.249811
0.249514
0.249187
0.248836
0.248464
0.200424
0.202508
0.205459
0.208754
0.21204
0.21513
0.217953
0.220495
0.222768
0.224789
0.226579
0.228159
0.229548
0.230765
0.231826
0.232746
0.23354
0.23422
0.234797
0.235281
0.235681
0.236006
0.236263
0.236458
0.236599
0.236691
0.236738
0.236746
0.236719
0.23666
0.236574
0.236463
0.236331
0.200163
0.201193
0.202864
0.204904
0.207067
0.20919
0.211193
0.213044
0.214736
0.216272
0.217659
0.218908
0.220029
0.221031
0.221926
0.222722
0.223428
0.224051
0.224599
0.225079
0.225496
0.225856
0.226164
0.226425
0.226643
0.226822
0.226965
0.227076
0.227158
0.227213
0.227245
0.227255
0.227247
0.200044
0.20052
0.201431
0.202661
0.20406
0.205505
0.206921
0.208268
0.209528
0.210694
0.211766
0.212747
0.213641
0.214454
0.215192
0.215859
0.21646
0.217002
0.217488
0.217924
0.218312
0.218657
0.218963
0.219231
0.219467
0.219671
0.219848
0.219999
0.220126
0.220232
0.220318
0.220387
0.220439
0.199989
0.200177
0.20064
0.201347
0.20222
0.203178
0.204159
0.205125
0.206054
0.206932
0.207754
0.208519
0.209226
0.209879
0.210478
0.211028
0.21153
0.211989
0.212406
0.212786
0.21313
0.213441
0.213722
0.213975
0.214201
0.214404
0.214584
0.214744
0.214885
0.215009
0.215117
0.21521
0.215291
0.199965
0.200004
0.200209
0.200585
0.201099
0.201706
0.202361
0.203034
0.203702
0.204351
0.204971
0.205558
0.206111
0.206627
0.207107
0.207553
0.207966
0.208347
0.208698
0.209021
0.209317
0.209589
0.209837
0.210063
0.21027
0.210457
0.210627
0.210781
0.21092
0.211045
0.211158
0.211259
0.211349
0.199954
0.199918
0.199979
0.20015
0.200426
0.200784
0.201198
0.201645
0.202107
0.20257
0.203025
0.203465
0.203886
0.204286
0.204664
0.205019
0.205352
0.205662
0.205951
0.20622
0.206469
0.2067
0.206913
0.20711
0.207291
0.207458
0.207611
0.207752
0.207881
0.207999
0.208107
0.208206
0.208296
0.199949
0.199877
0.199858
0.199907
0.20003
0.200217
0.200456
0.200733
0.201034
0.201348
0.201667
0.201984
0.202294
0.202594
0.202883
0.203158
0.203419
0.203665
0.203898
0.204116
0.204321
0.204512
0.20469
0.204857
0.205011
0.205155
0.205289
0.205413
0.205528
0.205634
0.205733
0.205824
0.205908
0.199947
0.199857
0.199796
0.199776
0.199803
0.199877
0.199994
0.200145
0.200323
0.20052
0.200729
0.200944
0.20116
0.201375
0.201586
0.201791
0.201988
0.202178
0.202358
0.20253
0.202693
0.202846
0.202991
0.203127
0.203256
0.203376
0.203488
0.203594
0.203693
0.203785
0.203872
0.203953
0.204029
0.199947
0.199847
0.199764
0.199706
0.199676
0.199679
0.199713
0.199776
0.199863
0.19997
0.200092
0.200224
0.200363
0.200506
0.200651
0.200794
0.200936
0.201074
0.201208
0.201337
0.201461
0.201579
0.201692
0.2018
0.201902
0.201999
0.202091
0.202177
0.202259
0.202337
0.20241
0.202479
0.202544
0.199946
0.199843
0.199749
0.199669
0.199608
0.199567
0.199548
0.19955
0.199573
0.199614
0.199669
0.199737
0.199814
0.199898
0.199986
0.200078
0.20017
0.200263
0.200356
0.200447
0.200536
0.200622
0.200705
0.200786
0.200863
0.200938
0.201009
0.201077
0.201142
0.201205
0.201264
0.201321
0.201375
0.199946
0.199841
0.199742
0.199651
0.199571
0.199505
0.199453
0.199417
0.199396
0.199389
0.199396
0.199415
0.199443
0.19948
0.199523
0.199572
0.199624
0.199678
0.199735
0.199792
0.199849
0.199907
0.199964
0.20002
0.200074
0.200128
0.20018
0.20023
0.200279
0.200326
0.200372
0.200416
0.200459
0.199946
0.19984
0.199739
0.199642
0.199553
0.199471
0.1994
0.19934
0.19929
0.199252
0.199225
0.199209
0.199201
0.199202
0.199209
0.199223
0.199242
0.199265
0.199291
0.19932
0.199351
0.199383
0.199416
0.19945
0.199485
0.199519
0.199554
0.199588
0.199622
0.199655
0.199688
0.199721
0.199753
0.199946
0.19984
0.199737
0.199638
0.199543
0.199454
0.199372
0.199297
0.19923
0.199172
0.199122
0.199081
0.199048
0.199022
0.199003
0.198991
0.198984
0.198982
0.198984
0.198989
0.198998
0.19901
0.199023
0.199039
0.199056
0.199074
0.199093
0.199113
0.199134
0.199155
0.199177
0.199199
0.199221
0.199946
0.19984
0.199736
0.199635
0.199538
0.199445
0.199356
0.199273
0.199196
0.199125
0.199061
0.199004
0.198954
0.198911
0.198873
0.198842
0.198817
0.198796
0.19878
0.198768
0.19876
0.198755
0.198753
0.198754
0.198757
0.198763
0.19877
0.198778
0.198788
0.198799
0.198812
0.198825
0.198839
0.199946
0.19984
0.199736
0.199634
0.199536
0.19944
0.199349
0.199261
0.199178
0.1991
0.199028
0.198962
0.198901
0.198846
0.198798
0.198754
0.198716
0.198683
0.198655
0.198631
0.198611
0.198595
0.198583
0.198573
0.198567
0.198562
0.198561
0.198561
0.198563
0.198567
0.198572
0.198578
0.198586
0.199946
0.19984
0.199735
0.199634
0.199534
0.199438
0.199345
0.199255
0.19917
0.199089
0.199013
0.198942
0.198876
0.198816
0.198761
0.198711
0.198667
0.198628
0.198593
0.198563
0.198537
0.198514
0.198496
0.198481
0.198468
0.198459
0.198452
0.198447
0.198445
0.198444
0.198446
0.198448
0.198452
0.199946
0.19984
0.199735
0.199633
0.199534
0.199437
0.199344
0.199254
0.199168
0.199087
0.19901
0.198939
0.198873
0.198812
0.198756
0.198706
0.198661
0.198621
0.198586
0.198555
0.198528
0.198505
0.198485
0.198469
0.198456
0.198446
0.198438
0.198433
0.198429
0.198428
0.198428
0.19843
0.198433
0.199946
0.19984
0.199735
0.199634
0.199534
0.199438
0.199346
0.199257
0.199174
0.199095
0.199022
0.198954
0.198892
0.198836
0.198785
0.19874
0.1987
0.198665
0.198635
0.198609
0.198587
0.198569
0.198554
0.198542
0.198533
0.198527
0.198523
0.198521
0.19852
0.198522
0.198524
0.198529
0.198534
0.199946
0.19984
0.199736
0.199635
0.199537
0.199442
0.199353
0.199269
0.19919
0.199118
0.199053
0.198995
0.198943
0.198898
0.198858
0.198825
0.198797
0.198774
0.198756
0.198741
0.19873
0.198723
0.198718
0.198716
0.198716
0.198718
0.198722
0.198728
0.198734
0.198742
0.19875
0.19876
0.19877
0.199946
0.19984
0.199737
0.199637
0.199542
0.199453
0.19937
0.199295
0.199228
0.19917
0.199121
0.199079
0.199046
0.19902
0.199001
0.198988
0.19898
0.198977
0.198978
0.198982
0.198989
0.198998
0.19901
0.199023
0.199037
0.199052
0.199068
0.199085
0.199102
0.199119
0.199136
0.199153
0.199171
0.199946
0.199841
0.19974
0.199645
0.199557
0.199478
0.19941
0.199354
0.199309
0.199277
0.199255
0.199244
0.199241
0.199247
0.199259
0.199277
0.199299
0.199325
0.199353
0.199384
0.199416
0.199448
0.199481
0.199514
0.199547
0.199579
0.199611
0.199642
0.199672
0.199701
0.199729
0.199756
0.199782
0.199947
0.199844
0.199749
0.199664
0.199592
0.199537
0.199499
0.19948
0.199477
0.19949
0.199516
0.199553
0.199599
0.199652
0.19971
0.199772
0.199836
0.199901
0.199965
0.20003
0.200092
0.200154
0.200213
0.20027
0.200324
0.200376
0.200426
0.200473
0.200518
0.20056
0.200599
0.200637
0.200672
0.199948
0.199852
0.19977
0.199711
0.199677
0.199673
0.199697
0.199746
0.199818
0.199907
0.20001
0.200122
0.200239
0.20036
0.200481
0.2006
0.200717
0.20083
0.200939
0.201043
0.201141
0.201234
0.201322
0.201405
0.201482
0.201554
0.201622
0.201685
0.201743
0.201797
0.201848
0.201894
0.201937
0.199951
0.199872
0.199828
0.199831
0.199884
0.199985
0.200128
0.200302
0.2005
0.20071
0.200928
0.201146
0.201361
0.201569
0.201768
0.201958
0.202136
0.202304
0.20246
0.202605
0.20274
0.202865
0.20298
0.203087
0.203184
0.203274
0.203356
0.203431
0.2035
0.203563
0.203619
0.203671
0.203718
0.19996
0.199932
0.199988
0.200141
0.200383
0.200695
0.201055
0.20144
0.201833
0.202222
0.202597
0.202954
0.203288
0.203598
0.203885
0.204149
0.20439
0.204611
0.204811
0.204994
0.205159
0.205309
0.205445
0.205567
0.205677
0.205777
0.205866
0.205946
0.206017
0.20608
0.206137
0.206186
0.20623
0.19999
0.200113
0.200438
0.200945
0.201582
0.202288
0.203012
0.20372
0.20439
0.205011
0.205578
0.206091
0.206552
0.206965
0.207333
0.207661
0.207953
0.208212
0.208442
0.208646
0.208826
0.208985
0.209126
0.209249
0.209357
0.209451
0.209533
0.209603
0.209664
0.209715
0.209757
0.209792
0.20982
0.200097
0.200698
0.201729
0.20303
0.20443
0.205804
0.207078
0.208222
0.20923
0.210107
0.210866
0.211521
0.212084
0.212568
0.212984
0.213341
0.213648
0.21391
0.214135
0.214327
0.21449
0.214628
0.214743
0.214839
0.214917
0.214979
0.215028
0.215064
0.215089
0.215104
0.215111
0.215109
0.2151
0.200521
0.202675
0.205525
0.20847
0.211189
0.21355
0.215527
0.217152
0.218476
0.219552
0.220424
0.221131
0.221704
0.222168
0.222543
0.222845
0.223087
0.223277
0.223425
0.223537
0.223617
0.223672
0.223702
0.223713
0.223707
0.223684
0.223649
0.223601
0.223542
0.223475
0.223398
0.223315
0.223225
0.202177
0.209422
0.217079
0.223316
0.228003
0.231437
0.233925
0.235719
0.237011
0.237936
0.238593
0.239054
0.239367
0.239569
0.239685
0.239733
0.239727
0.239676
0.239588
0.239469
0.239324
0.239157
0.238971
0.238768
0.23855
0.23832
0.23808
0.23783
0.237573
0.237308
0.237039
0.236764
0.236486
0.208503
0.227596
0.245316
0.25869
0.267554
0.272837
0.275658
0.27695
0.277338
0.277195
0.276744
0.276116
0.275385
0.274596
0.273774
0.272932
0.27208
0.271221
0.270359
0.269495
0.268631
0.267768
0.266908
0.266051
0.265198
0.264351
0.263511
0.262678
0.261853
0.261037
0.260232
0.259437
0.258653
0.248308
0.315061
0.34816
0.362157
0.367118
0.367958
0.366701
0.364185
0.360865
0.357053
0.352965
0.348753
0.344525
0.340356
0.336297
0.332383
0.328633
0.32506
0.321669
0.318461
0.315432
0.312577
0.309891
0.307366
0.304994
0.302768
0.30068
0.298722
0.296886
0.295167
0.293555
0.292046
0.290632
0.205354
0.221127
0.238043
0.254121
0.268995
0.282971
0.296258
0.308938
0.321054
0.332632
0.343696
0.354264
0.36435
0.373971
0.38314
0.391874
0.400187
0.408094
0.415611
0.422753
0.429535
0.435971
0.442078
0.447869
0.453358
0.45856
0.463488
0.468155
0.472574
0.476757
0.480716
0.484461
0.488008
0.618437
0.693952
0.815599
0.965034
1.12996
1.29827
1.46124
1.61182
1.74419
1.85431
1.9406
2.00408
2.04771
2.07551
2.09157
2.09946
2.10189
2.1007
2.09701
2.09146
2.08441
2.07611
2.06676
2.05655
2.04561
2.03407
2.02195
2.00926
1.99593
1.98185
1.9669
1.95093
1.93377
1.91526
1.89524
1.87358
1.85014
1.8248
1.7975
1.76818
1.73681
1.70342
1.66804
1.63077
1.59174
1.55112
1.50911
1.46596
1.42195
1.37737
1.33257
1.28789
1.24368
1.2003
1.15808
1.11737
1.07847
1.04165
1.00715
0.975156
0.945829
0.919275
0.895561
0.87471
0.856713
0.841524
0.829072
0.81926
0.811973
0.807079
0.804434
0.803887
0.805275
0.808432
0.813186
0.81936
0.826773
0.835243
0.844585
0.854615
0.86515
0.87601
0.887021
0.898015
0.908833
0.919325
0.929355
0.938797
0.94754
0.955484
0.962546
0.968652
0.973746
0.977773
0.980716
0.982509
0.983251
0.982687
0.981635
0.978219
0.399181
0.404162
0.417413
0.441401
0.476837
0.524199
0.583416
0.653813
0.734102
0.822432
0.916418
1.01322
1.10972
1.20277
1.28952
1.36771
1.43583
1.49327
1.54015
1.57724
1.60564
1.6266
1.64131
1.65082
1.65601
1.65756
1.656
1.65171
1.64502
1.63613
1.62521
1.61237
1.59767
1.58117
1.56286
1.54278
1.52092
1.49729
1.47191
1.44483
1.41608
1.38576
1.35395
1.3208
1.28646
1.25111
1.21496
1.17826
1.14124
1.10419
1.06737
1.03109
0.995613
0.961223
0.928177
0.896716
0.867051
0.839368
0.813817
0.790515
0.769547
0.750963
0.734782
0.720997
0.709575
0.700463
0.693591
0.688873
0.686213
0.685508
0.686646
0.68951
0.693978
0.699925
0.70722
0.715726
0.725305
0.735811
0.747096
0.759006
0.77139
0.78409
0.796953
0.809828
0.822566
0.835027
0.847077
0.858592
0.869459
0.879575
0.888849
0.897201
0.904565
0.91088
0.916117
0.920205
0.923227
0.924949
0.926012
0.925638
0.326706
0.321609
0.317081
0.313602
0.31189
0.312706
0.316574
0.324146
0.336303
0.353926
0.377842
0.408731
0.446998
0.492639
0.545126
0.603363
0.665725
0.730202
0.79461
0.856847
0.91511
0.968046
1.01481
1.05505
1.08878
1.11632
1.13813
1.15474
1.16666
1.1744
1.17838
1.17896
1.17646
1.17113
1.16321
1.15288
1.14031
1.12567
1.10909
1.09072
1.0707
1.0492
1.02636
1.00237
0.977402
0.95166
0.92535
0.898694
0.871916
0.845248
0.81892
0.793158
0.768181
0.744193
0.721382
0.699917
0.679943
0.661581
0.644925
0.630048
0.616994
0.605788
0.596434
0.588917
0.583209
0.579269
0.577044
0.576478
0.577504
0.580054
0.584054
0.589428
0.596095
0.603971
0.612967
0.622989
0.633936
0.645701
0.658171
0.671227
0.684745
0.698594
0.712642
0.726756
0.740802
0.754647
0.768165
0.781234
0.793738
0.805572
0.81664
0.826853
0.836138
0.844424
0.85167
0.857801
0.862877
0.866689
0.869698
0.872163
0.317033
0.311837
0.306762
0.301843
0.297173
0.292875
0.289092
0.285967
0.283636
0.282343
0.282392
0.284151
0.288044
0.294533
0.30409
0.317148
0.33404
0.35494
0.379797
0.408302
0.43988
0.473722
0.508855
0.544237
0.578853
0.611798
0.642341
0.669947
0.694276
0.715159
0.732566
0.746565
0.75729
0.764915
0.769632
0.771641
0.771142
0.76833
0.763399
0.756538
0.747932
0.737768
0.726233
0.713516
0.699809
0.685305
0.670199
0.654688
0.638967
0.623228
0.607656
0.592429
0.577714
0.563665
0.55042
0.538102
0.526814
0.516643
0.507656
0.499905
0.493424
0.488234
0.484344
0.481749
0.48044
0.480396
0.481593
0.484004
0.487594
0.492331
0.498176
0.505089
0.513027
0.521944
0.531786
0.542497
0.554012
0.566259
0.579158
0.592622
0.606554
0.62085
0.635401
0.650093
0.664805
0.679419
0.693815
0.707874
0.721484
0.734535
0.746926
0.758564
0.769366
0.779252
0.788169
0.796035
0.802889
0.808544
0.813285
0.818323
0.3021
0.29852
0.294965
0.291425
0.287902
0.284414
0.280991
0.277675
0.274503
0.271521
0.268792
0.266392
0.264419
0.262994
0.26226
0.262388
0.263566
0.265998
0.26988
0.275394
0.282674
0.291791
0.302731
0.315383
0.329536
0.344889
0.361073
0.377673
0.394262
0.410429
0.425805
0.440075
0.452994
0.464382
0.474123
0.48216
0.488482
0.493118
0.496127
0.497594
0.497621
0.496323
0.493829
0.490273
0.485798
0.480549
0.474674
0.468322
0.46164
0.454773
0.447858
0.441029
0.434409
0.428112
0.422242
0.41689
0.412136
0.408048
0.404682
0.402082
0.400285
0.399316
0.399193
0.399929
0.401528
0.403993
0.407323
0.411513
0.416557
0.422446
0.429172
0.436721
0.445079
0.454229
0.464147
0.474807
0.486172
0.498202
0.510846
0.524043
0.537726
0.551815
0.566224
0.580858
0.595615
0.61039
0.625072
0.63955
0.653714
0.667457
0.680673
0.693265
0.705142
0.716215
0.726423
0.735673
0.743983
0.751188
0.757407
0.764695
0.282231
0.280115
0.277972
0.275794
0.273573
0.271311
0.269018
0.266707
0.264394
0.262097
0.259832
0.257622
0.25549
0.253466
0.251585
0.249891
0.248436
0.247283
0.246501
0.246168
0.246366
0.247176
0.248672
0.250914
0.253942
0.257766
0.262365
0.267685
0.273633
0.280091
0.286913
0.293939
0.301003
0.307941
0.314603
0.320852
0.326577
0.331691
0.336129
0.339857
0.342858
0.345142
0.346733
0.347673
0.348018
0.347833
0.347192
0.346176
0.344868
0.343355
0.341721
0.34005
0.338424
0.33692
0.335607
0.334552
0.333812
0.333441
0.333483
0.333978
0.334959
0.336455
0.338487
0.341077
0.34424
0.347989
0.352336
0.357291
0.362862
0.369059
0.375888
0.383354
0.391462
0.400214
0.409607
0.419637
0.43029
0.44155
0.453389
0.465773
0.478656
0.491986
0.505697
0.519716
0.53396
0.548338
0.562753
0.577106
0.591292
0.605206
0.618745
0.631809
0.644301
0.656128
0.667216
0.677469
0.686881
0.695306
0.702714
0.711876
0.263408
0.262271
0.261091
0.259862
0.258579
0.257239
0.255846
0.254406
0.252926
0.251415
0.249881
0.248335
0.246783
0.245237
0.243705
0.242202
0.240742
0.239343
0.238027
0.236819
0.235749
0.234849
0.234155
0.233703
0.233527
0.23366
0.234126
0.234943
0.236117
0.237644
0.239504
0.241667
0.244091
0.246724
0.249508
0.252381
0.255279
0.258143
0.260917
0.263553
0.266011
0.268264
0.270293
0.27209
0.273657
0.275006
0.276158
0.277138
0.277979
0.27872
0.279401
0.280064
0.280753
0.28151
0.282378
0.283397
0.284605
0.286037
0.287724
0.289697
0.29198
0.294598
0.297572
0.30092
0.30466
0.308808
0.31338
0.318389
0.323852
0.329782
0.336194
0.343103
0.350524
0.358469
0.36695
0.375975
0.385548
0.395669
0.406331
0.417518
0.429209
0.441371
0.45396
0.466924
0.4802
0.493715
0.50739
0.521136
0.534861
0.548466
0.561853
0.574923
0.587579
0.599723
0.611274
0.622133
0.632274
0.641566
0.64985
0.660471
0.248006
0.247448
0.246848
0.246202
0.245507
0.244759
0.243959
0.24311
0.242215
0.24128
0.240309
0.239308
0.238281
0.237233
0.236168
0.235091
0.234007
0.232921
0.231842
0.230777
0.229738
0.228736
0.227787
0.226905
0.226108
0.225415
0.224844
0.224411
0.224132
0.224019
0.224081
0.224321
0.224739
0.225329
0.226079
0.226976
0.228
0.229131
0.230346
0.231624
0.232943
0.234284
0.235631
0.236972
0.2383
0.239609
0.240902
0.242183
0.243462
0.244752
0.246068
0.247428
0.248853
0.250363
0.251979
0.253724
0.255619
0.257683
0.259936
0.262397
0.265083
0.268009
0.27119
0.274641
0.278374
0.282404
0.286744
0.291408
0.296411
0.301767
0.307494
0.313609
0.320129
0.327073
0.334459
0.342303
0.350621
0.359423
0.368716
0.378502
0.388775
0.39952
0.410715
0.422327
0.434314
0.446622
0.459189
0.471943
0.484806
0.497691
0.510508
0.523163
0.535563
0.54761
0.559222
0.570295
0.580787
0.590585
0.599421
0.611063
0.236152
0.235916
0.235645
0.235336
0.234988
0.234595
0.234159
0.23368
0.23316
0.232602
0.232009
0.231384
0.230731
0.230052
0.229349
0.228625
0.227883
0.227125
0.226353
0.225572
0.224784
0.223995
0.223211
0.222438
0.221686
0.220962
0.220277
0.219642
0.219066
0.218561
0.218137
0.217801
0.217563
0.217426
0.217395
0.217472
0.217655
0.217943
0.218332
0.218817
0.219391
0.22005
0.220788
0.221598
0.222479
0.223427
0.224441
0.225523
0.226675
0.227903
0.229212
0.230611
0.232107
0.233712
0.235434
0.237286
0.239277
0.241419
0.24372
0.246192
0.248844
0.251683
0.25472
0.257962
0.261418
0.265098
0.269009
0.273164
0.277574
0.282252
0.287213
0.292473
0.29805
0.303964
0.310234
0.316881
0.323925
0.331384
0.339274
0.347607
0.356391
0.365626
0.375306
0.385416
0.395932
0.40682
0.418037
0.429528
0.441232
0.453077
0.464986
0.476875
0.488657
0.500242
0.511544
0.522466
0.532952
0.542904
0.551971
0.564188
0.227214
0.227152
0.227062
0.226943
0.226792
0.226607
0.226387
0.226132
0.225844
0.225523
0.225172
0.224793
0.224388
0.22396
0.223509
0.223038
0.222548
0.222041
0.221518
0.22098
0.220429
0.219868
0.219299
0.218726
0.218151
0.21758
0.217018
0.216471
0.215946
0.215448
0.214986
0.214568
0.214199
0.213887
0.213639
0.213459
0.213354
0.213327
0.213381
0.213519
0.213743
0.214053
0.214452
0.21494
0.215517
0.216186
0.216947
0.217803
0.218756
0.219809
0.220967
0.222233
0.223612
0.225108
0.226728
0.228476
0.230358
0.232377
0.234538
0.236846
0.239305
0.241917
0.244687
0.247619
0.250716
0.253983
0.257426
0.261052
0.264867
0.268884
0.273112
0.277567
0.282264
0.28722
0.292456
0.297992
0.303849
0.310049
0.316612
0.323558
0.330902
0.338656
0.346826
0.355412
0.364405
0.373788
0.383536
0.393614
0.403975
0.414567
0.425327
0.436184
0.447063
0.457883
0.468564
0.479013
0.489171
0.498952
0.507949
0.52031
0.220482
0.22051
0.220517
0.220502
0.220462
0.220397
0.220304
0.220183
0.220036
0.219862
0.219664
0.219442
0.2192
0.218937
0.218655
0.218357
0.218043
0.217714
0.217372
0.217016
0.216649
0.216271
0.215884
0.215489
0.215089
0.214686
0.214283
0.213882
0.213489
0.213108
0.212743
0.2124
0.212084
0.211802
0.211558
0.211359
0.21121
0.211118
0.211087
0.211123
0.211229
0.211411
0.211673
0.212018
0.21245
0.212972
0.213589
0.214303
0.215119
0.216038
0.217065
0.218203
0.219455
0.220824
0.222312
0.223923
0.225656
0.227515
0.229501
0.231613
0.233853
0.23622
0.238714
0.241336
0.244086
0.246965
0.249975
0.25312
0.256404
0.259833
0.263417
0.267166
0.271093
0.275214
0.279545
0.284106
0.288917
0.294001
0.29938
0.305075
0.311107
0.317494
0.324251
0.331387
0.338906
0.346807
0.355077
0.363698
0.372642
0.381872
0.391341
0.400995
0.410774
0.420606
0.430423
0.440141
0.4497
0.459029
0.467688
0.479799
0.215369
0.215442
0.2155
0.21554
0.215562
0.215563
0.215544
0.215503
0.215441
0.215359
0.215256
0.215136
0.214998
0.214844
0.214676
0.214494
0.2143
0.214095
0.213879
0.213654
0.213421
0.213179
0.212931
0.212677
0.212418
0.212156
0.211893
0.211631
0.211372
0.21112
0.210877
0.210648
0.210437
0.210247
0.210085
0.209954
0.209861
0.209809
0.209806
0.209855
0.209963
0.210134
0.210375
0.210689
0.211081
0.211557
0.21212
0.212774
0.213525
0.214374
0.215326
0.216383
0.217548
0.218822
0.220208
0.221705
0.223314
0.225035
0.226866
0.228806
0.230853
0.233004
0.235257
0.23761
0.24006
0.242606
0.245247
0.247984
0.250818
0.253754
0.256796
0.259952
0.263234
0.266651
0.270221
0.273958
0.277883
0.282014
0.286375
0.290987
0.295873
0.301052
0.306546
0.312369
0.318535
0.32505
0.331916
0.339126
0.346669
0.354521
0.362652
0.371025
0.379592
0.388298
0.397086
0.405885
0.414637
0.423287
0.43139
0.442909
0.211442
0.211535
0.211616
0.211684
0.211738
0.211776
0.211799
0.211805
0.211795
0.211768
0.211726
0.21167
0.2116
0.211518
0.211425
0.211322
0.21121
0.21109
0.210964
0.210831
0.210693
0.21055
0.210404
0.210255
0.210104
0.209952
0.209802
0.209653
0.209508
0.20937
0.20924
0.209122
0.209018
0.208933
0.208869
0.208832
0.208825
0.208852
0.20892
0.209033
0.209195
0.209412
0.20969
0.210033
0.210446
0.210933
0.211501
0.212152
0.212891
0.213721
0.214646
0.215667
0.216788
0.218008
0.219329
0.22075
0.22227
0.223888
0.225601
0.227406
0.2293
0.231278
0.233336
0.23547
0.237675
0.239949
0.242288
0.244691
0.247157
0.249688
0.252286
0.254957
0.257709
0.26055
0.263492
0.266551
0.269741
0.273081
0.27659
0.280291
0.284204
0.288351
0.292753
0.29743
0.302399
0.307673
0.313261
0.319169
0.325393
0.331925
0.338749
0.345839
0.353165
0.360686
0.368357
0.376121
0.383928
0.391737
0.399116
0.409772
0.208391
0.20849
0.208579
0.208659
0.208728
0.208785
0.208831
0.208863
0.208883
0.208891
0.208886
0.208871
0.208846
0.208811
0.208768
0.208718
0.208663
0.208602
0.208537
0.208469
0.208399
0.208328
0.208256
0.208185
0.208114
0.208046
0.207982
0.207922
0.207869
0.207824
0.207788
0.207766
0.207757
0.207767
0.207797
0.207852
0.207934
0.208049
0.208199
0.20839
0.208626
0.208912
0.209252
0.209651
0.210114
0.210646
0.21125
0.21193
0.212691
0.213535
0.214466
0.215484
0.216592
0.21779
0.219078
0.220455
0.221919
0.223467
0.225097
0.226803
0.228581
0.230425
0.232331
0.234292
0.236303
0.238359
0.240456
0.242591
0.24476
0.246965
0.249205
0.251484
0.253806
0.25618
0.258614
0.26112
0.263711
0.266403
0.269214
0.272163
0.275268
0.278552
0.282035
0.285737
0.289678
0.293875
0.298341
0.303087
0.30812
0.31344
0.319041
0.324911
0.331031
0.337374
0.343909
0.350591
0.357381
0.364251
0.370799
0.380395
0.205999
0.206095
0.206184
0.206266
0.206339
0.206405
0.206461
0.206507
0.206545
0.206572
0.206591
0.206601
0.206604
0.206601
0.206592
0.206578
0.20656
0.20654
0.206519
0.206497
0.206476
0.206455
0.206438
0.206423
0.206412
0.206407
0.206408
0.206417
0.206435
0.206463
0.206503
0.206558
0.20663
0.20672
0.206832
0.206968
0.207132
0.207328
0.207558
0.207827
0.208139
0.208498
0.208907
0.209372
0.209897
0.210485
0.21114
0.211866
0.212666
0.213542
0.214497
0.215533
0.216649
0.217847
0.219125
0.220481
0.221913
0.223417
0.224989
0.226624
0.228317
0.230061
0.23185
0.233676
0.235535
0.237419
0.239323
0.241243
0.243175
0.245118
0.24707
0.249034
0.251012
0.253009
0.255033
0.257093
0.259201
0.261369
0.263612
0.265947
0.268392
0.270966
0.273688
0.276579
0.279656
0.282939
0.286445
0.290186
0.294174
0.298417
0.302916
0.307668
0.312665
0.317891
0.323325
0.328938
0.334698
0.340589
0.346252
0.35467
0.204111
0.204199
0.204282
0.204361
0.204433
0.204499
0.204559
0.204611
0.204657
0.204696
0.204728
0.204754
0.204775
0.204792
0.204805
0.204815
0.204824
0.204832
0.204841
0.204851
0.204864
0.204881
0.204902
0.204929
0.204962
0.205003
0.205054
0.205114
0.205187
0.205272
0.205372
0.205489
0.205624
0.20578
0.20596
0.206165
0.206399
0.206666
0.206967
0.207306
0.207688
0.208115
0.208592
0.209122
0.209708
0.210355
0.211065
0.211841
0.212686
0.213603
0.214592
0.215655
0.216791
0.218
0.219281
0.220631
0.222047
0.223525
0.225059
0.226644
0.228274
0.229942
0.23164
0.233362
0.2351
0.236847
0.238598
0.240347
0.242089
0.243821
0.245542
0.247253
0.248954
0.250649
0.252344
0.254045
0.255763
0.257509
0.259294
0.261134
0.263044
0.26504
0.267141
0.269364
0.271728
0.274251
0.27695
0.27984
0.282935
0.286245
0.289779
0.293539
0.297524
0.301727
0.306138
0.310737
0.315502
0.320426
0.325199
0.33239
0.202616
0.202694
0.202768
0.20284
0.202907
0.20297
0.203028
0.203082
0.20313
0.203174
0.203213
0.203248
0.20328
0.203309
0.203336
0.203363
0.203389
0.203417
0.203446
0.203479
0.203517
0.203559
0.203609
0.203665
0.203731
0.203807
0.203894
0.203993
0.204107
0.204236
0.204382
0.204547
0.204732
0.204941
0.205175
0.205437
0.205729
0.206053
0.206414
0.206814
0.207257
0.207744
0.20828
0.208869
0.209512
0.210213
0.210975
0.211801
0.212691
0.213648
0.214673
0.215766
0.216926
0.218152
0.219443
0.220794
0.222203
0.223664
0.225172
0.22672
0.228303
0.229911
0.231539
0.233177
0.234819
0.236457
0.238084
0.239694
0.241282
0.242845
0.24438
0.245886
0.247364
0.248815
0.250245
0.251659
0.253065
0.254471
0.255888
0.257329
0.258807
0.260337
0.261935
0.263616
0.265398
0.267296
0.269329
0.27151
0.273855
0.276376
0.279083
0.281983
0.285081
0.288377
0.291865
0.295536
0.299376
0.303382
0.307298
0.313276
0.201435
0.201501
0.201565
0.201627
0.201686
0.201744
0.201798
0.201849
0.201896
0.201941
0.201983
0.202023
0.202061
0.202097
0.202133
0.20217
0.202208
0.202248
0.202292
0.20234
0.202394
0.202456
0.202525
0.202603
0.202692
0.202792
0.202906
0.203034
0.203178
0.20334
0.203521
0.203722
0.203947
0.204196
0.204473
0.204779
0.205116
0.205489
0.205898
0.206347
0.20684
0.207378
0.207964
0.208602
0.209294
0.210043
0.21085
0.211719
0.212649
0.213643
0.2147
0.215821
0.217004
0.218247
0.219548
0.220903
0.222307
0.223757
0.225244
0.226764
0.228308
0.229869
0.231438
0.233008
0.234571
0.236118
0.237644
0.23914
0.240603
0.242027
0.24341
0.24475
0.246046
0.247301
0.248517
0.249699
0.250853
0.251986
0.253108
0.254229
0.255361
0.256517
0.257709
0.258953
0.260263
0.261654
0.263142
0.264741
0.266466
0.268329
0.270341
0.272513
0.274851
0.277359
0.280037
0.282882
0.285887
0.289052
0.292172
0.296998
0.200507
0.200561
0.200614
0.200666
0.200717
0.200766
0.200815
0.200861
0.200906
0.200949
0.200991
0.201032
0.201072
0.201112
0.201153
0.201196
0.201241
0.20129
0.201343
0.201402
0.201467
0.201541
0.201623
0.201717
0.201822
0.20194
0.202072
0.202221
0.202387
0.202572
0.202778
0.203007
0.20326
0.20354
0.203849
0.204188
0.204561
0.20497
0.205417
0.205905
0.206436
0.207014
0.20764
0.208318
0.209049
0.209836
0.21068
0.211584
0.212547
0.21357
0.214654
0.215796
0.216997
0.218253
0.219562
0.220918
0.222319
0.223756
0.225225
0.226719
0.228229
0.229747
0.231266
0.232777
0.234272
0.235743
0.237182
0.238583
0.23994
0.241249
0.242506
0.243709
0.244857
0.245951
0.246993
0.247987
0.248938
0.249852
0.250737
0.251601
0.252455
0.253311
0.254178
0.255071
0.256001
0.256984
0.258031
0.259157
0.260375
0.261697
0.263135
0.264698
0.266397
0.268235
0.270219
0.272346
0.274616
0.277032
0.279434
0.283199
0.199789
0.199831
0.199873
0.199915
0.199956
0.199998
0.20004
0.200081
0.200121
0.200161
0.200201
0.200241
0.200282
0.200323
0.200367
0.200412
0.200461
0.200515
0.200574
0.200639
0.200711
0.200793
0.200884
0.200987
0.201103
0.201232
0.201377
0.20154
0.201721
0.201922
0.202145
0.202393
0.202666
0.202968
0.203299
0.203662
0.204061
0.204496
0.20497
0.205486
0.206046
0.206653
0.207309
0.208016
0.208776
0.209591
0.210462
0.211391
0.212377
0.213422
0.214523
0.21568
0.216892
0.218155
0.219465
0.220818
0.222209
0.223633
0.225081
0.226548
0.228024
0.229502
0.230974
0.232431
0.233864
0.235266
0.23663
0.237948
0.239214
0.240425
0.241575
0.242663
0.243688
0.244649
0.245549
0.246389
0.247175
0.247911
0.248605
0.249263
0.249895
0.25051
0.251117
0.251729
0.252357
0.253011
0.253704
0.254449
0.255257
0.256139
0.257107
0.25817
0.259338
0.260618
0.262015
0.263532
0.26517
0.266932
0.268705
0.27152
0.199247
0.199278
0.199309
0.199342
0.199375
0.199409
0.199443
0.199478
0.199514
0.19955
0.199587
0.199625
0.199665
0.199706
0.199749
0.199796
0.199847
0.199903
0.199965
0.200033
0.20011
0.200195
0.200292
0.2004
0.200522
0.200658
0.20081
0.200981
0.20117
0.201381
0.201615
0.201874
0.20216
0.202475
0.202821
0.2032
0.203614
0.204066
0.204558
0.205093
0.205672
0.206298
0.206973
0.207699
0.208477
0.209309
0.210197
0.21114
0.21214
0.213195
0.214305
0.215467
0.21668
0.217941
0.219245
0.220588
0.221964
0.223367
0.22479
0.226226
0.227666
0.229103
0.230527
0.231931
0.233306
0.234644
0.235938
0.23718
0.238366
0.23949
0.240548
0.241537
0.242457
0.243306
0.244087
0.2448
0.245451
0.246042
0.246581
0.247073
0.247526
0.247948
0.248348
0.248736
0.249121
0.249514
0.249925
0.250364
0.250843
0.251371
0.251959
0.252615
0.25335
0.254169
0.255079
0.256085
0.25719
0.258395
0.259625
0.26161
0.198856
0.198877
0.198899
0.198924
0.198949
0.198976
0.199005
0.199034
0.199065
0.199097
0.199131
0.199166
0.199204
0.199243
0.199286
0.199333
0.199384
0.19944
0.199502
0.199572
0.19965
0.199737
0.199835
0.199945
0.200069
0.200208
0.200363
0.200537
0.20073
0.200945
0.201184
0.201448
0.201739
0.20206
0.202413
0.202799
0.203221
0.203682
0.204183
0.204726
0.205315
0.20595
0.206633
0.207368
0.208154
0.208993
0.209886
0.210834
0.211835
0.21289
0.213997
0.215155
0.21636
0.217608
0.218897
0.22022
0.221573
0.222948
0.224339
0.225737
0.227136
0.228527
0.229902
0.231251
0.232567
0.233842
0.235068
0.23624
0.23735
0.238395
0.239369
0.240271
0.241099
0.241853
0.242532
0.243139
0.243676
0.244148
0.24456
0.244917
0.245226
0.245493
0.245727
0.245936
0.246128
0.246313
0.246499
0.246695
0.246912
0.247157
0.24744
0.247769
0.248152
0.248597
0.249109
0.249693
0.250355
0.251093
0.251867
0.25314
0.198597
0.19861
0.198626
0.198644
0.198664
0.198685
0.198708
0.198733
0.19876
0.198789
0.198819
0.198852
0.198887
0.198925
0.198967
0.199012
0.199062
0.199117
0.199178
0.199247
0.199324
0.199411
0.199508
0.199617
0.19974
0.199877
0.200032
0.200204
0.200397
0.200611
0.200849
0.201112
0.201403
0.201724
0.202076
0.202462
0.202885
0.203345
0.203846
0.20439
0.204978
0.205612
0.206295
0.207027
0.20781
0.208646
0.209533
0.210474
0.211466
0.21251
0.213603
0.214744
0.215929
0.217155
0.218417
0.21971
0.221029
0.222367
0.223717
0.225071
0.226422
0.22776
0.229079
0.23037
0.231624
0.232834
0.233993
0.235094
0.236131
0.237101
0.237998
0.238819
0.239565
0.240232
0.240823
0.241337
0.241779
0.242151
0.242457
0.242703
0.242894
0.243036
0.243136
0.243202
0.24324
0.243259
0.243266
0.24327
0.243278
0.243298
0.243338
0.243406
0.243508
0.243652
0.243842
0.244084
0.244383
0.244736
0.245131
0.245804
0.198459
0.198468
0.19848
0.198494
0.198509
0.198527
0.198547
0.198569
0.198593
0.198618
0.198646
0.198677
0.19871
0.198746
0.198785
0.198829
0.198877
0.19893
0.198989
0.199055
0.19913
0.199213
0.199307
0.199413
0.199532
0.199666
0.199815
0.199983
0.20017
0.200379
0.200611
0.200869
0.201153
0.201467
0.201813
0.202192
0.202607
0.20306
0.203553
0.204088
0.204667
0.205291
0.205962
0.206682
0.207452
0.208272
0.209143
0.210065
0.211036
0.212057
0.213124
0.214236
0.215389
0.21658
0.217805
0.219057
0.220331
0.221621
0.22292
0.22422
0.225513
0.226791
0.228047
0.229272
0.230459
0.2316
0.232688
0.233717
0.234681
0.235576
0.236397
0.237142
0.23781
0.238398
0.238909
0.239341
0.239699
0.239984
0.2402
0.240353
0.240446
0.240485
0.240476
0.240426
0.240341
0.240228
0.240093
0.239944
0.239787
0.239629
0.239477
0.239337
0.239216
0.239118
0.239051
0.239017
0.239023
0.239063
0.239151
0.239326
0.198439
0.198447
0.198457
0.198469
0.198484
0.1985
0.198518
0.198539
0.198561
0.198585
0.198612
0.19864
0.198672
0.198706
0.198743
0.198784
0.198829
0.19888
0.198936
0.198998
0.199069
0.199147
0.199236
0.199336
0.199448
0.199575
0.199717
0.199876
0.200054
0.200253
0.200475
0.200722
0.200995
0.201297
0.201629
0.201995
0.202395
0.202833
0.20331
0.203827
0.204387
0.204992
0.205643
0.20634
0.207086
0.20788
0.208722
0.209613
0.210552
0.211536
0.212565
0.213636
0.214745
0.215888
0.217062
0.21826
0.219478
0.220708
0.221943
0.223178
0.224403
0.225611
0.226795
0.227947
0.229059
0.230124
0.231136
0.232088
0.232976
0.233793
0.234538
0.235207
0.235798
0.236311
0.236745
0.237102
0.237383
0.23759
0.237728
0.237799
0.237809
0.237761
0.237662
0.237517
0.237331
0.237111
0.236862
0.236591
0.236302
0.236003
0.235699
0.235395
0.235097
0.234809
0.234537
0.234284
0.234056
0.233844
0.233685
0.233453
0.198541
0.198551
0.198563
0.198577
0.198593
0.19861
0.198629
0.198649
0.198671
0.198695
0.198721
0.198749
0.198778
0.198811
0.198846
0.198884
0.198926
0.198973
0.199024
0.199082
0.199147
0.199219
0.1993
0.199392
0.199496
0.199612
0.199743
0.199891
0.200056
0.200242
0.200449
0.200679
0.200935
0.201219
0.201533
0.201878
0.202257
0.202672
0.203124
0.203616
0.204149
0.204725
0.205344
0.206009
0.206719
0.207476
0.208278
0.209126
0.210019
0.210955
0.211933
0.212949
0.214
0.215082
0.216191
0.217322
0.218469
0.219626
0.220786
0.221943
0.223088
0.224215
0.225316
0.226384
0.227412
0.228393
0.22932
0.230189
0.230993
0.23173
0.232394
0.232984
0.233497
0.233934
0.234293
0.234575
0.234783
0.234918
0.234982
0.23498
0.234916
0.234792
0.234616
0.23439
0.23412
0.233811
0.233469
0.233098
0.232704
0.232292
0.231867
0.231432
0.230994
0.230556
0.230122
0.229695
0.229282
0.22887
0.228516
0.227955
0.198782
0.198798
0.198814
0.198832
0.198851
0.198871
0.198892
0.198915
0.198938
0.198962
0.198988
0.199015
0.199044
0.199074
0.199107
0.199142
0.19918
0.199222
0.199268
0.199319
0.199376
0.19944
0.199512
0.199593
0.199685
0.199789
0.199906
0.200039
0.200188
0.200355
0.200543
0.200753
0.200987
0.201247
0.201536
0.201854
0.202205
0.202589
0.20301
0.203467
0.203964
0.204501
0.205079
0.2057
0.206364
0.207071
0.207821
0.208614
0.209448
0.210322
0.211234
0.212181
0.21316
0.214167
0.215198
0.216247
0.217309
0.218378
0.219449
0.220513
0.221565
0.222597
0.223603
0.224575
0.225507
0.226392
0.227226
0.228001
0.228715
0.229361
0.229939
0.230444
0.230875
0.231231
0.231512
0.231719
0.231853
0.231915
0.231909
0.231837
0.231702
0.231509
0.231262
0.230964
0.230621
0.230236
0.229815
0.229362
0.22888
0.228376
0.227852
0.227313
0.226763
0.226206
0.225644
0.22508
0.224521
0.223951
0.223446
0.222621
0.199191
0.199214
0.199237
0.199261
0.199286
0.19931
0.199335
0.19936
0.199385
0.19941
0.199436
0.199462
0.199489
0.199517
0.199547
0.199578
0.199611
0.199646
0.199685
0.199728
0.199776
0.19983
0.19989
0.199958
0.200036
0.200124
0.200223
0.200337
0.200466
0.200611
0.200775
0.200959
0.201166
0.201397
0.201654
0.201939
0.202254
0.2026
0.20298
0.203394
0.203845
0.204333
0.20486
0.205426
0.206032
0.206678
0.207363
0.208087
0.208849
0.209647
0.210479
0.211343
0.212234
0.21315
0.214086
0.215038
0.216
0.216966
0.21793
0.218888
0.219831
0.220753
0.221649
0.222511
0.223333
0.224111
0.224837
0.225508
0.226118
0.226665
0.227146
0.227557
0.227897
0.228166
0.228363
0.228488
0.228544
0.22853
0.22845
0.228307
0.228103
0.227841
0.227525
0.22716
0.226748
0.226295
0.225803
0.225277
0.22472
0.224137
0.223532
0.222907
0.222266
0.221612
0.220948
0.220276
0.219602
0.218908
0.218287
0.217253
0.199812
0.199844
0.199876
0.199907
0.199937
0.199966
0.199995
0.200022
0.200049
0.200075
0.2001
0.200125
0.20015
0.200174
0.200198
0.200223
0.20025
0.200277
0.200307
0.200339
0.200375
0.200415
0.200461
0.200513
0.200572
0.200641
0.20072
0.20081
0.200914
0.201033
0.201168
0.201321
0.201495
0.20169
0.201909
0.202154
0.202425
0.202725
0.203055
0.203417
0.203812
0.204241
0.204705
0.205205
0.20574
0.206311
0.206918
0.20756
0.208235
0.208942
0.209678
0.210442
0.21123
0.212038
0.212863
0.2137
0.214544
0.21539
0.216232
0.217064
0.217882
0.218678
0.219446
0.220182
0.220879
0.221532
0.222136
0.222687
0.223181
0.223614
0.223984
0.224289
0.224527
0.224697
0.224799
0.224834
0.224802
0.224705
0.224545
0.224324
0.224045
0.223711
0.223324
0.22289
0.22241
0.221888
0.221329
0.220735
0.22011
0.219457
0.21878
0.218081
0.217364
0.21663
0.215884
0.215125
0.214362
0.21357
0.212864
0.211667
0.200711
0.200752
0.200792
0.200829
0.200864
0.200898
0.200929
0.200958
0.200985
0.201009
0.201032
0.201053
0.201073
0.201091
0.201108
0.201125
0.201141
0.201157
0.201174
0.201193
0.201213
0.201236
0.201263
0.201295
0.201333
0.201378
0.201431
0.201493
0.201567
0.201653
0.201754
0.20187
0.202003
0.202156
0.202329
0.202525
0.202744
0.202988
0.20326
0.203559
0.203887
0.204245
0.204634
0.205054
0.205506
0.205989
0.206502
0.207046
0.207618
0.208217
0.208842
0.209489
0.210155
0.210838
0.211533
0.212236
0.212944
0.21365
0.21435
0.215038
0.21571
0.21636
0.216983
0.217573
0.218125
0.218635
0.219099
0.219512
0.219871
0.220173
0.220415
0.220597
0.220716
0.220772
0.220765
0.220694
0.220562
0.220369
0.220117
0.219808
0.219444
0.219029
0.218565
0.218054
0.217502
0.216909
0.216281
0.215619
0.214927
0.214207
0.213464
0.212699
0.211916
0.211116
0.210302
0.209474
0.208641
0.207777
0.207008
0.205691
0.201983
0.202031
0.202076
0.202117
0.202155
0.202189
0.20222
0.202247
0.20227
0.20229
0.202307
0.202321
0.202332
0.20234
0.202345
0.202349
0.20235
0.202351
0.202351
0.20235
0.20235
0.202351
0.202354
0.20236
0.20237
0.202384
0.202405
0.202434
0.20247
0.202517
0.202575
0.202646
0.202732
0.202833
0.202951
0.203088
0.203245
0.203423
0.203624
0.203848
0.204097
0.204371
0.204671
0.204997
0.205349
0.205727
0.206131
0.20656
0.207011
0.207485
0.207978
0.208488
0.209013
0.20955
0.210094
0.210643
0.211192
0.211736
0.212272
0.212794
0.213299
0.21378
0.214234
0.214655
0.21504
0.215385
0.215685
0.215938
0.21614
0.216289
0.216383
0.21642
0.216399
0.216321
0.216184
0.21599
0.215739
0.215432
0.215071
0.214658
0.214196
0.213687
0.213133
0.212537
0.211903
0.211233
0.210529
0.209796
0.209036
0.208252
0.207446
0.206622
0.20578
0.204925
0.204058
0.203179
0.202297
0.201383
0.200579
0.199189
0.203767
0.203817
0.203862
0.203902
0.203936
0.203965
0.203989
0.204008
0.204022
0.204032
0.204036
0.204036
0.204031
0.204023
0.20401
0.203994
0.203974
0.203951
0.203926
0.2039
0.203871
0.203842
0.203814
0.203785
0.203759
0.203735
0.203715
0.2037
0.20369
0.203687
0.203693
0.203708
0.203734
0.203772
0.203823
0.203889
0.20397
0.204068
0.204184
0.204318
0.204472
0.204646
0.204839
0.205054
0.205289
0.205543
0.205817
0.20611
0.20642
0.206746
0.207085
0.207436
0.207796
0.208162
0.208532
0.208901
0.209266
0.209623
0.209969
0.210298
0.210608
0.210894
0.211152
0.211378
0.211568
0.21172
0.211829
0.211894
0.211912
0.211881
0.211799
0.211665
0.21148
0.211241
0.210951
0.210609
0.210216
0.209774
0.209284
0.208749
0.208171
0.207551
0.206894
0.206201
0.205475
0.20472
0.203938
0.203132
0.202305
0.201459
0.200598
0.199724
0.198839
0.197946
0.197047
0.196142
0.195241
0.194314
0.193508
0.192113
0.206273
0.206316
0.206352
0.20638
0.206402
0.206416
0.206424
0.206426
0.20642
0.206408
0.20639
0.206366
0.206336
0.206299
0.206258
0.206211
0.206158
0.206102
0.206041
0.205976
0.205907
0.205836
0.205763
0.205688
0.205612
0.205537
0.205462
0.205389
0.205318
0.205252
0.205189
0.205133
0.205083
0.205041
0.205008
0.204985
0.204972
0.204971
0.204982
0.205006
0.205043
0.205095
0.20516
0.205239
0.205333
0.205439
0.205558
0.205689
0.20583
0.205981
0.206138
0.206301
0.206467
0.206634
0.206797
0.206956
0.207106
0.207244
0.207367
0.207472
0.207554
0.207612
0.20764
0.207638
0.2076
0.207526
0.207411
0.207256
0.207057
0.206814
0.206525
0.206191
0.20581
0.205384
0.204912
0.204397
0.203839
0.20324
0.202602
0.201927
0.201218
0.200477
0.199708
0.198912
0.198094
0.197256
0.196402
0.195534
0.194655
0.193768
0.192877
0.191984
0.191091
0.190202
0.189318
0.188441
0.187581
0.186707
0.185962
0.184692
0.209845
0.209864
0.209875
0.209876
0.209869
0.209853
0.209828
0.209795
0.209753
0.209704
0.209646
0.20958
0.209506
0.209424
0.209335
0.209239
0.209136
0.209026
0.208909
0.208786
0.208658
0.208524
0.208385
0.208242
0.208095
0.207946
0.207794
0.20764
0.207485
0.20733
0.207175
0.207022
0.206871
0.206723
0.206579
0.206439
0.206304
0.206174
0.206051
0.205935
0.205825
0.205722
0.205627
0.205538
0.205456
0.205379
0.205308
0.205241
0.205177
0.205115
0.205054
0.20499
0.204923
0.20485
0.204768
0.204676
0.204571
0.20445
0.204311
0.20415
0.203965
0.203754
0.203514
0.203243
0.20294
0.202602
0.202228
0.201817
0.201368
0.200881
0.200356
0.199793
0.199193
0.198557
0.197887
0.197184
0.19645
0.195688
0.1949
0.194089
0.193259
0.192412
0.191553
0.190684
0.189808
0.188931
0.188054
0.187182
0.186318
0.185465
0.184626
0.183805
0.183005
0.182229
0.181479
0.180757
0.180072
0.179403
0.178853
0.177974
0.215081
0.215049
0.215006
0.214952
0.214886
0.21481
0.214724
0.214626
0.214518
0.214399
0.21427
0.21413
0.21398
0.213821
0.213651
0.213471
0.213281
0.213083
0.212875
0.212658
0.212432
0.212198
0.211956
0.211706
0.211449
0.211185
0.210915
0.21064
0.210359
0.210073
0.209783
0.20949
0.209194
0.208895
0.208594
0.208291
0.207987
0.207682
0.207377
0.207071
0.206765
0.206459
0.206152
0.205844
0.205535
0.205224
0.20491
0.204593
0.204271
0.203944
0.20361
0.203267
0.202915
0.202551
0.202173
0.201781
0.201371
0.200943
0.200495
0.200025
0.199531
0.199013
0.198468
0.197897
0.197299
0.196673
0.19602
0.195339
0.194632
0.193899
0.193143
0.192364
0.191565
0.190749
0.189918
0.189076
0.188225
0.18737
0.186514
0.185662
0.184817
0.183984
0.183167
0.182371
0.181598
0.180854
0.180143
0.179467
0.178832
0.178241
0.177696
0.177201
0.176758
0.176371
0.176042
0.175773
0.175568
0.175428
0.175352
0.175393
0.223112
0.222971
0.222817
0.222648
0.222466
0.222269
0.222059
0.221834
0.221596
0.221344
0.221078
0.220799
0.220506
0.2202
0.21988
0.219547
0.219201
0.218842
0.21847
0.218085
0.217689
0.21728
0.216859
0.216426
0.215983
0.215528
0.215063
0.214587
0.214102
0.213607
0.213103
0.21259
0.212068
0.211538
0.211001
0.210456
0.209903
0.209343
0.208776
0.208202
0.207621
0.207033
0.206438
0.205836
0.205226
0.204608
0.203982
0.203347
0.202703
0.20205
0.201386
0.200712
0.200027
0.19933
0.198621
0.1979
0.197166
0.19642
0.195662
0.194891
0.19411
0.193318
0.192516
0.191707
0.190892
0.190073
0.189253
0.188434
0.18762
0.186814
0.186019
0.185241
0.184482
0.183748
0.183043
0.182372
0.18174
0.181151
0.18061
0.180122
0.179691
0.179322
0.179017
0.178782
0.178619
0.178531
0.17852
0.178588
0.178736
0.178966
0.179276
0.179668
0.18014
0.180692
0.181321
0.182029
0.182806
0.183689
0.184494
0.186116
0.236156
0.235767
0.235358
0.234931
0.234485
0.23402
0.233537
0.233035
0.232515
0.231977
0.231421
0.230847
0.230256
0.229647
0.229022
0.228379
0.22772
0.227045
0.226354
0.225648
0.224926
0.22419
0.22344
0.222675
0.221897
0.221106
0.220302
0.219487
0.218659
0.217821
0.216972
0.216114
0.215246
0.214369
0.213485
0.212593
0.211694
0.21079
0.209881
0.208968
0.208051
0.207133
0.206213
0.205294
0.204376
0.20346
0.20255
0.201645
0.200748
0.19986
0.198985
0.198124
0.197279
0.196455
0.195653
0.194876
0.194129
0.193415
0.192737
0.192099
0.191507
0.190963
0.190473
0.19004
0.18967
0.189367
0.189134
0.188977
0.1889
0.188906
0.188998
0.18918
0.189456
0.189826
0.190293
0.190858
0.191522
0.192285
0.193147
0.194107
0.195162
0.19631
0.197547
0.198869
0.20027
0.201745
0.203287
0.204888
0.206539
0.208232
0.209958
0.211707
0.213469
0.215235
0.216996
0.218745
0.220465
0.222199
0.223683
0.226218
0.257752
0.256717
0.255664
0.254592
0.253504
0.2524
0.25128
0.250147
0.249
0.247842
0.246673
0.245495
0.244308
0.243114
0.241914
0.24071
0.239502
0.238293
0.237084
0.235875
0.23467
0.233468
0.232273
0.231086
0.229909
0.228743
0.227591
0.226455
0.225337
0.22424
0.223167
0.222119
0.221101
0.220115
0.219164
0.218252
0.217382
0.216559
0.215786
0.215069
0.214411
0.213817
0.213292
0.212843
0.212473
0.212188
0.211996
0.2119
0.211908
0.212026
0.212259
0.212613
0.213096
0.21371
0.214464
0.21536
0.216403
0.217597
0.218944
0.220446
0.222105
0.223918
0.225885
0.228003
0.230267
0.232671
0.235207
0.237867
0.24064
0.243514
0.246477
0.249515
0.252612
0.255752
0.258918
0.262094
0.265262
0.268405
0.271504
0.274541
0.2775
0.280364
0.283115
0.285738
0.288217
0.29054
0.292691
0.294661
0.296438
0.298014
0.299381
0.300537
0.301477
0.302201
0.302712
0.30301
0.303116
0.302981
0.302785
0.301957
0.289097
0.287442
0.285868
0.284377
0.28297
0.281647
0.280409
0.279256
0.278189
0.277208
0.276314
0.275507
0.274788
0.274158
0.273617
0.273166
0.272807
0.27254
0.272367
0.272289
0.272307
0.272423
0.272639
0.272956
0.273376
0.273902
0.274536
0.275279
0.276134
0.277104
0.27819
0.279396
0.280724
0.282177
0.283757
0.285466
0.287308
0.289285
0.2914
0.293654
0.296051
0.298593
0.30128
0.304116
0.307102
0.310239
0.313529
0.31697
0.320564
0.32431
0.328206
0.33225
0.336441
0.340772
0.345241
0.34984
0.354563
0.359399
0.364338
0.369368
0.374473
0.379639
0.384844
0.390068
0.395288
0.400477
0.405606
0.410643
0.415557
0.42031
0.424867
0.429188
0.433234
0.436966
0.440345
0.443335
0.445899
0.448007
0.449629
0.450744
0.451334
0.451387
0.450899
0.449871
0.448312
0.446239
0.443671
0.440638
0.437172
0.433309
0.429089
0.424556
0.419753
0.414726
0.409521
0.404167
0.398773
0.393093
0.388317
0.379637
0.491899
0.496148
0.500246
0.504188
0.507968
0.511584
0.515032
0.518311
0.521416
0.524347
0.527099
0.529673
0.532064
0.534273
0.536297
0.538134
0.539784
0.541245
0.542516
0.543596
0.544483
0.545176
0.545675
0.545977
0.546082
0.545989
0.545695
0.5452
0.544502
0.543599
0.542489
0.54117
0.53964
0.537897
0.535939
0.533763
0.531368
0.52875
0.525909
0.522842
0.519547
0.516022
0.512268
0.508283
0.504068
0.499623
0.494949
0.49005
0.484929
0.47959
0.47404
0.468286
0.462337
0.456204
0.449899
0.443438
0.436835
0.430109
0.42328
0.41637
0.409404
0.402405
0.395401
0.38842
0.381489
0.374639
0.367897
0.361293
0.354854
0.348606
0.342572
0.336776
0.331235
0.325964
0.320977
0.316279
0.311877
0.30777
0.303953
0.30042
0.29716
0.294159
0.291401
0.288867
0.286536
0.284389
0.282402
0.280555
0.278826
0.277194
0.275639
0.274142
0.272685
0.27125
0.269826
0.268388
0.266954
0.265397
0.264129
0.261536
0.000276459
0.00118416
0.00232277
0.00311866
0.00340257
0.00330402
0.00303628
0.00267503
0.00232551
0.00196932
0.00174032
0.00408737
0.00566534
0.00244465
0.0260154
0.0483296
0.0695506
0.0895405
0.108446
0.126407
0.143507
0.159779
0.175227
0.18986
0.203705
0.216815
0.22927
0.241159
0.252578
0.263617
0.274352
0.284849
0.295156
0.30531
0.315339
0.325269
0.335129
0.34496
0.354821
0.364755
0.374613
0.384406
0.394139
0.403794
0.413344
0.422757
0.431996
0.441019
0.449782
0.458239
0.466341
0.474033
0.481263
0.487974
0.49411
0.499613
0.504428
0.508501
0.511782
0.514225
0.515792
0.51645
0.516175
0.514952
0.51278
0.509672
0.505653
0.500752
0.495042
0.488754
0.482801
0.479936
0.478872
0.477474
0.475433
0.472769
0.46956
0.465878
0.461789
0.457347
0.452605
0.447608
0.442403
0.437031
0.431533
0.425943
0.420297
0.414624
0.408954
0.403312
0.397723
0.392211
0.386798
0.381509
0.376374
0.371425
0.366731
0.362382
0.358579
0.35532
0.00324387
0.00631746
0.00946287
0.0103202
0.00959203
0.00825162
0.00665412
0.00488011
0.00125463
0.00617654
0.0255874
0.0413471
0.0569073
0.0742084
0.0959943
0.119963
0.146623
0.176784
0.210854
0.248683
0.289597
0.33257
0.376458
0.420218
0.463051
0.504461
0.544239
0.582402
0.619116
0.65462
0.689172
0.723006
0.756311
0.789218
0.821803
0.854087
0.886048
0.917633
0.948794
0.979604
1.01046
1.04148
1.07264
1.1039
1.13521
1.16647
1.1976
1.2285
1.25905
1.28914
1.31864
1.34739
1.37526
1.40208
1.42769
1.45191
1.47457
1.4955
1.51453
1.53149
1.54624
1.55863
1.56855
1.57588
1.58058
1.58259
1.58191
1.57854
1.57255
1.56409
1.55348
1.54125
1.52717
1.51087
1.49252
1.4724
1.45078
1.4279
1.40399
1.37923
1.3538
1.32786
1.30156
1.27503
1.2484
1.22177
1.19524
1.16891
1.14283
1.11709
1.09173
1.06682
1.04238
1.01846
0.995122
0.972311
0.950322
0.928322
0.909486
0.879505
0.00757766
0.0162648
0.0189481
0.0163389
0.0130325
0.00995904
0.00875372
0.0139899
0.0269964
0.0462224
0.0656117
0.0832339
0.102769
0.126778
0.156456
0.19378
0.239364
0.292877
0.35281
0.416908
0.482674
0.547849
0.610727
0.670277
0.726098
0.778275
0.8272
0.873416
0.917496
0.959977
1.00133
1.04193
1.08209
1.12206
1.16202
1.20213
1.24251
1.28323
1.32437
1.36588
1.4077
1.44977
1.492
1.53427
1.57648
1.61849
1.66019
1.70142
1.74203
1.78186
1.82072
1.85843
1.8948
1.9296
1.96263
1.99367
2.02248
2.04885
2.07257
2.09343
2.11124
2.12585
2.13711
2.14493
2.14922
2.14998
2.14719
2.14091
2.13121
2.11818
2.10195
2.0828
2.06108
2.03698
2.01062
1.98219
1.95192
1.92009
1.88694
1.85274
1.8177
1.78204
1.74596
1.70963
1.6732
1.63682
1.60061
1.56468
1.52912
1.49402
1.45944
1.42544
1.39207
1.35938
1.32738
1.29607
1.26559
1.23525
1.20799
1.16604
0.0115713
0.0272213
0.0249596
0.0195903
0.0171699
0.0191918
0.0265872
0.0401921
0.0578067
0.0759112
0.0933388
0.113455
0.139654
0.17419
0.218199
0.271785
0.333331
0.400419
0.470519
0.541501
0.611785
0.680302
0.746406
0.809786
0.870388
0.928351
0.983947
1.03752
1.08946
1.14015
1.18994
1.23916
1.28809
1.33697
1.38597
1.43523
1.48483
1.53481
1.58506
1.63553
1.68614
1.73685
1.78756
1.83815
1.88847
1.93837
1.98768
2.03621
2.08377
2.13014
2.17511
2.21845
2.2599
2.29923
2.33617
2.37048
2.40191
2.4302
2.45514
2.47651
2.49413
2.50784
2.51753
2.52313
2.52459
2.52193
2.51521
2.50451
2.48998
2.47175
2.45002
2.42502
2.39712
2.3666
2.33371
2.2987
2.26183
2.22339
2.18365
2.14288
2.10132
2.05921
2.01675
1.97412
1.9315
1.88903
1.84684
1.80504
1.76373
1.72298
1.68287
1.64345
1.60476
1.56683
1.52969
1.4933
1.45776
1.42247
1.3901
1.34184
0.015579
0.0367623
0.0338306
0.0296632
0.0305787
0.036997
0.048051
0.0622364
0.0778092
0.0945131
0.114675
0.141794
0.178021
0.223923
0.278491
0.339624
0.404936
0.472546
0.541296
0.610567
0.679987
0.749229
0.817941
0.885761
0.952377
1.01757
1.08126
1.14347
1.20434
1.26408
1.32294
1.38117
1.43902
1.49669
1.55436
1.61212
1.67006
1.72814
1.78626
1.84434
1.90232
1.96011
2.01761
2.07467
2.13113
2.18678
2.24143
2.29484
2.34677
2.39697
2.44517
2.49111
2.53451
2.57509
2.61257
2.64669
2.6772
2.70385
2.72645
2.74482
2.75881
2.76833
2.77333
2.77379
2.76977
2.76134
2.74864
2.73185
2.71118
2.68686
2.65914
2.62833
2.59474
2.55872
2.52053
2.48046
2.43879
2.39578
2.35171
2.30683
2.26136
2.21552
2.1695
2.12347
2.07759
2.03198
1.98676
1.94203
1.89786
1.85434
1.81152
1.76945
1.72814
1.68764
1.64793
1.609
1.57089
1.53308
1.49812
1.44699
0.0193646
0.0479506
0.0449281
0.0421084
0.0451237
0.0527874
0.0635325
0.0765149
0.0921077
0.112154
0.139222
0.175049
0.219646
0.271595
0.328752
0.389153
0.451583
0.515607
0.581281
0.64878
0.718135
0.789134
0.861338
0.934184
1.00709
1.07954
1.15117
1.22177
1.29126
1.35969
1.42718
1.4939
1.56003
1.62573
1.69115
1.7564
1.82148
1.88636
1.95093
2.0151
2.07875
2.14178
2.20404
2.26537
2.32556
2.38438
2.44158
2.49691
2.55007
2.60078
2.64875
2.69367
2.73526
2.77324
2.80733
2.83728
2.86288
2.88395
2.90033
2.91194
2.91873
2.92069
2.91789
2.91044
2.89849
2.88225
2.86195
2.83787
2.81029
2.77953
2.74591
2.70974
2.67137
2.63111
2.58925
2.54603
2.50172
2.45654
2.41072
2.36444
2.31789
2.27124
2.22463
2.17819
2.13203
2.08626
2.04094
1.99617
1.95199
1.90846
1.86561
1.82348
1.78209
1.74144
1.70154
1.66234
1.6239
1.58572
1.55033
1.49904
0.023179
0.0589919
0.0553903
0.0528176
0.0561725
0.0637887
0.0747851
0.0896733
0.109861
0.136982
0.171983
0.214495
0.263048
0.315799
0.371228
0.428548
0.487689
0.549033
0.613096
0.680259
0.75061
0.823913
0.899659
0.977168
1.05571
1.1346
1.21328
1.29132
1.36849
1.44466
1.51981
1.59399
1.66731
1.73985
1.81173
1.88297
1.95356
2.02345
2.09252
2.16064
2.22767
2.29344
2.35779
2.4205
2.48133
2.54003
2.59632
2.6499
2.70048
2.74774
2.79138
2.8311
2.86664
2.89773
2.92416
2.94573
2.96232
2.97383
2.98024
2.98157
2.97792
2.96944
2.95634
2.93886
2.91731
2.89201
2.86332
2.83161
2.79722
2.76054
2.7219
2.68163
2.64005
2.59744
2.55403
2.51003
2.46562
2.42095
2.37616
2.33136
2.28665
2.24214
2.19789
2.15396
2.11042
2.06732
2.02469
1.98258
1.94101
1.9
1.85958
1.81977
1.78056
1.74196
1.70396
1.66652
1.6297
1.59302
1.55898
1.50978
0.0274941
0.0689849
0.0636955
0.06051
0.0644183
0.0743755
0.0902215
0.112539
0.141773
0.177814
0.219819
0.266419
0.316196
0.368104
0.421678
0.477012
0.534596
0.595069
0.659021
0.726838
0.798603
0.874079
0.952758
1.03394
1.11685
1.20072
1.28486
1.36871
1.45188
1.53407
1.61514
1.69499
1.77364
1.85107
1.92728
2.00226
2.07596
2.14827
2.21907
2.2882
2.35546
2.42067
2.48361
2.54403
2.60168
2.65628
2.70753
2.75513
2.79879
2.83821
2.87312
2.90326
2.92841
2.9484
2.9631
2.97243
2.97639
2.97503
2.96849
2.95695
2.94068
2.92001
2.89528
2.86692
2.83535
2.80102
2.76438
2.72585
2.68583
2.64471
2.60282
2.56045
2.51786
2.47526
2.4328
2.39059
2.34872
2.30723
2.26617
2.22554
2.18536
2.14562
2.10631
2.06744
2.029
1.99097
1.95336
1.91616
1.87936
1.84298
1.80699
1.77142
1.73624
1.70146
1.66706
1.633
1.59936
1.56568
1.53438
1.48906
0.0322926
0.0769832
0.0697917
0.068344
0.0790889
0.100809
0.131496
0.16906
0.211503
0.257202
0.304969
0.354048
0.404091
0.455144
0.507575
0.56196
0.618981
0.679302
0.743463
0.811791
0.884343
0.960897
1.04098
1.12393
1.20899
1.29537
1.38234
1.46925
1.55558
1.64091
1.72495
1.80749
1.88837
1.96749
2.04476
2.12007
2.19334
2.26442
2.33314
2.39933
2.46276
2.52322
2.58045
2.63421
2.68423
2.73023
2.77194
2.80908
2.84139
2.86864
2.89062
2.90717
2.91817
2.92357
2.92338
2.91768
2.90663
2.89046
2.86947
2.84405
2.81462
2.78166
2.74568
2.70721
2.66679
2.62493
2.58212
2.53881
2.49539
2.4522
2.40953
2.36759
2.32654
2.28649
2.24749
2.20954
2.17261
2.13664
2.10155
2.06727
2.03369
2.00074
1.96833
1.93638
1.90482
1.87359
1.84264
1.81194
1.78144
1.75113
1.72099
1.691
1.66115
1.63142
1.60182
1.57228
1.54293
1.5133
1.48572
1.4455
0.036312
0.0822816
0.0777397
0.0907302
0.127012
0.178897
0.238061
0.298433
0.35667
0.411663
0.463659
0.513622
0.562684
0.61196
0.662465
0.715088
0.770577
0.82953
0.892375
0.959336
1.03042
1.10539
1.18382
1.26512
1.34859
1.43349
1.51908
1.6047
1.68974
1.77367
1.85608
1.93662
2.01503
2.09111
2.16467
2.23556
2.3036
2.36862
2.43042
2.48881
2.54354
2.5944
2.64113
2.6835
2.72126
2.75417
2.78201
2.80456
2.82166
2.83317
2.83898
2.83908
2.83348
2.8223
2.80571
2.78396
2.7574
2.72642
2.6915
2.65318
2.61201
2.5686
2.52354
2.47743
2.43084
2.3843
2.33827
2.29316
2.2493
2.20695
2.16628
2.12743
2.09043
2.05527
2.02189
1.99019
1.96003
1.93125
1.90368
1.87714
1.85147
1.8265
1.80209
1.77809
1.75438
1.73088
1.70747
1.68411
1.66072
1.63726
1.61371
1.59003
1.5662
1.54222
1.51808
1.49372
1.46928
1.44431
1.421
1.38662
0.0390556
0.086559
0.101153
0.158102
0.247549
0.347857
0.445031
0.531845
0.606307
0.669718
0.724709
0.774215
0.820865
0.866759
0.913459
0.962081
1.0134
1.06792
1.12596
1.18766
1.25296
1.32167
1.3934
1.46769
1.54392
1.62148
1.69966
1.77775
1.85513
1.93123
2.00558
2.07777
2.14745
2.21433
2.27817
2.33874
2.39582
2.44919
2.49865
2.54398
2.58496
2.62138
2.65302
2.67968
2.70117
2.71732
2.728
2.73309
2.73254
2.72633
2.71453
2.69724
2.67465
2.64704
2.61476
2.5782
2.53787
2.49431
2.44811
2.3999
2.35031
2.29999
2.24955
2.19957
2.15058
2.10305
2.05736
2.01382
1.97266
1.93403
1.89799
1.86454
1.83361
1.80511
1.77885
1.75465
1.73229
1.71154
1.69216
1.67391
1.65656
1.63991
1.62375
1.60792
1.59225
1.57661
1.56089
1.54499
1.52883
1.51237
1.49555
1.47833
1.4607
1.44264
1.42414
1.40517
1.38584
1.36577
1.3469
1.31863
0.039575
0.0980553
0.176034
0.323729
0.492483
0.650667
0.785525
0.894114
0.979105
1.04573
1.09957
1.14546
1.18709
1.22709
1.26717
1.30842
1.35152
1.39688
1.44478
1.49536
1.54864
1.60449
1.66272
1.72301
1.78484
1.8476
1.91071
1.97359
2.03567
2.09643
2.15538
2.21207
2.26613
2.31721
2.36502
2.40928
2.44975
2.48619
2.51839
2.54613
2.56923
2.5875
2.60078
2.60894
2.61185
2.60946
2.60171
2.58862
2.57027
2.54677
2.51832
2.48519
2.44771
2.40629
2.36139
2.31355
2.26335
2.2114
2.15834
2.1048
2.05142
1.99879
1.94746
1.89794
1.85064
1.80591
1.76402
1.72515
1.68941
1.65681
1.62733
1.60086
1.57725
1.55631
1.53781
1.5215
1.50712
1.49438
1.48303
1.47279
1.46341
1.45465
1.44629
1.43813
1.43
1.42175
1.41324
1.40437
1.39504
1.38519
1.37476
1.36372
1.35202
1.33965
1.32661
1.31286
1.29853
1.28324
1.26874
1.24647
0.0451454
0.143558
0.40568
0.701206
0.959433
1.1601
1.3069
1.41043
1.48277
1.53474
1.57459
1.60787
1.63796
1.66671
1.69508
1.72358
1.75256
1.78233
1.81331
1.84578
1.87989
1.91569
1.95308
1.99181
2.03165
2.07221
2.11305
2.15372
2.19372
2.23258
2.26986
2.30512
2.33799
2.36809
2.39512
2.41878
2.43881
2.45499
2.46709
2.47494
2.47837
2.47724
2.47146
2.46096
2.44571
2.42573
2.40109
2.3719
2.33836
2.30069
2.25921
2.2143
2.16637
2.11591
2.06346
2.00958
1.95487
1.89992
1.84533
1.79168
1.7395
1.68928
1.64145
1.59637
1.55433
1.51553
1.48011
1.44813
1.41958
1.39439
1.37244
1.35357
1.33758
1.32422
1.31326
1.30442
1.29742
1.29198
1.28783
1.2847
1.28233
1.28049
1.27894
1.27749
1.27595
1.27417
1.272
1.26932
1.26604
1.26208
1.25738
1.25188
1.24556
1.23838
1.23035
1.22141
1.2117
1.20089
1.19045
1.17381
0.035465
0.456368
1.05989
1.51273
1.79097
1.94477
2.02307
2.05777
2.07109
2.07669
2.0815
2.08799
2.09623
2.10535
2.11444
2.12298
2.13091
2.13852
2.1462
2.15443
2.16364
2.17407
2.18583
2.19881
2.21284
2.22765
2.24291
2.25825
2.27329
2.28763
2.30088
2.31265
2.32258
2.33033
2.33559
2.33807
2.33754
2.33376
2.32654
2.31574
2.30121
2.28289
2.26072
2.2347
2.20487
2.17134
2.13423
2.09377
2.05019
2.00382
1.95502
1.9042
1.85183
1.79838
1.74439
1.69038
1.63687
1.58438
1.5334
1.48439
1.43774
1.39379
1.35284
1.31509
1.28069
1.24974
1.22225
1.19819
1.17747
1.15998
1.14554
1.13397
1.12506
1.11856
1.11424
1.11184
1.1111
1.11176
1.11356
1.11626
1.11962
1.1234
1.1274
1.13142
1.13528
1.13882
1.14189
1.14438
1.14617
1.14719
1.14737
1.14663
1.14496
1.1423
1.13866
1.13397
1.12838
1.12157
1.11479
1.10326
0.27945
1.76772
2.61431
2.88627
2.89496
2.79655
2.67472
2.56767
2.48737
2.43314
2.39918
2.37849
2.36493
2.35413
2.34358
2.33224
2.32005
2.30744
2.29494
2.28301
2.27196
2.26196
2.25304
2.24512
2.23809
2.23176
2.22592
2.2203
2.21465
2.20865
2.20201
2.19441
2.18556
2.17517
2.16298
2.14875
2.13226
2.11332
2.0918
2.06756
2.04054
2.01069
1.97802
1.94257
1.90444
1.86378
1.82077
1.77565
1.72872
1.68029
1.63073
1.58045
1.52986
1.4794
1.42951
1.38063
1.33317
1.28752
1.24405
1.20305
1.16479
1.12947
1.09725
1.06822
1.04244
1.01988
1.00052
0.984259
0.970988
0.960561
0.952813
0.947563
0.944613
0.943758
0.944785
0.947475
0.951605
0.956953
0.963296
0.970417
0.978104
0.98615
0.994363
1.00256
1.01056
1.01822
1.0254
1.03196
1.03781
1.04284
1.04698
1.05017
1.05235
1.05349
1.05356
1.05252
1.05047
1.04714
1.04354
1.0365
)
;

boundaryField
{
    outlet
    {
        type            zeroGradient;
    }
    inlet
    {
        type            fixedValue;
        value           uniform 0.2;
    }
    lowerWall
    {
        type            kqRWallFunction;
        value           nonuniform List<scalar> 
148
(
0.257082
0.434211
0.59852
0.709382
0.778145
0.818049
0.838548
0.845896
0.844371
0.836963
0.825767
0.812247
0.797426
0.782015
0.766499
0.751202
0.736337
0.722037
0.708379
0.695402
0.683116
0.671517
0.660586
0.650297
0.64062
0.631522
0.622968
0.614929
0.607345
0.600302
0.593196
0.58871
0.574462
0.000276459
0.00324387
0.00757766
0.0115713
0.015579
0.0193646
0.023179
0.0274941
0.0322926
0.036312
0.0390556
0.039575
0.0451454
0.035465
1e-15
0.000276459
0.00118416
0.00232277
0.00311866
0.00340257
0.00330402
0.00303628
0.00267503
0.00232551
0.00196932
0.00174032
1e-15
1e-15
0.00244465
0.0260154
0.0483296
0.0695506
0.0895405
0.108446
0.126407
0.143507
0.159779
0.175227
0.18986
0.203705
0.216815
0.22927
0.241159
0.252578
0.263617
0.274352
0.284849
0.295156
0.30531
0.315339
0.325269
0.335129
0.34496
0.354821
0.364755
0.374613
0.384406
0.394139
0.403794
0.413344
0.422757
0.431996
0.441019
0.449782
0.458239
0.466341
0.474033
0.481263
0.487974
0.49411
0.499613
0.504428
0.508501
0.511782
0.514225
0.515792
0.51645
0.516175
0.514952
0.51278
0.509672
0.505653
0.500752
0.495042
0.488754
0.482801
0.479936
0.478872
0.477474
0.475433
0.472769
0.46956
0.465878
0.461789
0.457347
0.452605
0.447608
0.442403
0.437031
0.431533
0.425943
0.420297
0.414624
0.408954
0.403312
0.397723
0.392211
0.386798
0.381509
0.376374
0.371425
0.366731
0.362382
0.358579
0.35532
)
;
    }
    upperWall
    {
        type            kqRWallFunction;
        value           nonuniform List<scalar> 
133
(
0.205354
0.221127
0.238043
0.254121
0.268995
0.282971
0.296258
0.308938
0.321054
0.332632
0.343696
0.354264
0.36435
0.373971
0.38314
0.391874
0.400187
0.408094
0.415611
0.422753
0.429535
0.435971
0.442078
0.447869
0.453358
0.45856
0.463488
0.468155
0.472574
0.476757
0.480716
0.484461
0.488008
0.491899
0.496148
0.500246
0.504188
0.507968
0.511584
0.515032
0.518311
0.521416
0.524347
0.527099
0.529673
0.532064
0.534273
0.536297
0.538134
0.539784
0.541245
0.542516
0.543596
0.544483
0.545176
0.545675
0.545977
0.546082
0.545989
0.545695
0.5452
0.544502
0.543599
0.542489
0.54117
0.53964
0.537897
0.535939
0.533763
0.531368
0.52875
0.525909
0.522842
0.519547
0.516022
0.512268
0.508283
0.504068
0.499623
0.494949
0.49005
0.484929
0.47959
0.47404
0.468286
0.462337
0.456204
0.449899
0.443438
0.436835
0.430109
0.42328
0.41637
0.409404
0.402405
0.395401
0.38842
0.381489
0.374639
0.367897
0.361293
0.354854
0.348606
0.342572
0.336776
0.331235
0.325964
0.320977
0.316279
0.311877
0.30777
0.303953
0.30042
0.29716
0.294159
0.291401
0.288867
0.286536
0.284389
0.282402
0.280555
0.278826
0.277194
0.275639
0.274142
0.272685
0.27125
0.269826
0.268388
0.266954
0.265397
0.264129
0.261536
)
;
    }
    frontAndBack
    {
        type            empty;
    }
}


// ************************************************************************* //
