/*--------------------------------*- C++ -*----------------------------------*\
| =========                 |                                                 |
| \\      /  F ield         | OpenFOAM: The Open Source CFD Toolbox           |
|  \\    /   O peration     | Version:  4.1                                   |
|   \\  /    A nd           | Web:      www.OpenFOAM.org                      |
|    \\/     M anipulation  |                                                 |
\*---------------------------------------------------------------------------*/
FoamFile
{
    version     2.0;
    format      ascii;
    class       volScalarField;
    location    "800";
    object      nut;
}
// * * * * * * * * * * * * * * * * * * * * * * * * * * * * * * * * * * * * * //

dimensions      [0 2 -1 0 0 0 0];

internalField   nonuniform List<scalar> 
6820
(
3.5437e-05
5.0672e-05
6.21565e-05
6.89859e-05
7.29393e-05
7.51484e-05
7.62608e-05
7.66561e-05
7.65742e-05
7.61754e-05
7.5569e-05
7.48308e-05
7.40141e-05
7.31562e-05
7.22832e-05
7.14133e-05
7.05589e-05
6.97283e-05
6.89267e-05
6.81574e-05
6.74221e-05
6.67214e-05
6.60551e-05
6.54227e-05
6.48229e-05
6.42547e-05
6.37165e-05
6.32071e-05
6.27234e-05
6.22712e-05
6.18123e-05
6.15236e-05
6.06185e-05
0.00135033
0.000930454
0.000725657
0.000569941
0.000453328
0.000372218
0.000316223
0.000276487
0.000247302
0.000225194
0.000208006
0.000194347
0.000183294
0.000174213
0.000166657
0.000160304
0.000154915
0.000150308
0.000146343
0.000142912
0.000139929
0.000137323
0.000135037
0.000133027
0.000131253
0.000129682
0.000128288
0.000127047
0.000125938
0.000124946
0.000124038
0.000123265
0.000122379
0.0034439
0.00180034
0.00133708
0.00108081
0.000912409
0.000791562
0.000700947
0.00063099
0.000575611
0.000530788
0.000493805
0.000462783
0.000436392
0.00041367
0.000393905
0.000376562
0.000361228
0.000347581
0.000335367
0.000324379
0.000314452
0.000305448
0.000297252
0.000289769
0.000282916
0.000276625
0.000270835
0.000265494
0.000260555
0.000255981
0.000251728
0.000247779
0.00024405
0.00637392
0.00310291
0.00217847
0.00173334
0.00146616
0.00128428
0.00115082
0.00104807
0.000966256
0.000899457
0.000843822
0.000796729
0.000756323
0.000721254
0.000690512
0.000663332
0.000639118
0.000617403
0.000597814
0.000580048
0.00056386
0.000549048
0.000535442
0.0005229
0.000511303
0.000500547
0.000490544
0.000481219
0.000472504
0.00046434
0.000456672
0.000449458
0.000442632
0.00899737
0.00527271
0.00366202
0.00284163
0.00235737
0.00203856
0.00181195
0.00164188
0.00150906
0.00140219
0.00131419
0.00124038
0.00117752
0.0011233
0.00107604
0.00103445
0.000997548
0.000964582
0.000934942
0.000908142
0.000883787
0.000861552
0.000841169
0.000822412
0.000805091
0.000789046
0.000774138
0.000760246
0.000747268
0.000735112
0.000723694
0.000712946
0.000702785
0.0103765
0.00752965
0.00561349
0.00443387
0.0036773
0.00316202
0.00279169
0.00251363
0.00229739
0.00212446
0.001983
0.00186511
0.00176535
0.00167982
0.00160567
0.00154077
0.00148348
0.00143253
0.00138694
0.00134589
0.00130873
0.00127495
0.00124409
0.00121579
0.00118976
0.00116571
0.00114344
0.00112276
0.00110348
0.00108548
0.00106863
0.0010528
0.0010379
0.0109773
0.00922098
0.00752197
0.0062241
0.00528073
0.00458893
0.00406896
0.0036676
0.00335004
0.00309329
0.00288184
0.00270491
0.00255483
0.00242601
0.0023143
0.00221655
0.00213034
0.00205377
0.00198532
0.00192379
0.0018682
0.00181773
0.00177172
0.00172961
0.00169093
0.00165529
0.00162235
0.00159181
0.00156341
0.00153695
0.00151223
0.00148908
0.00146735
0.0112223
0.01026
0.00902119
0.00786209
0.00689742
0.00612296
0.00550365
0.00500431
0.00459663
0.00425931
0.00397662
0.00373691
0.00353146
0.00335369
0.00319855
0.0030621
0.00294127
0.00283359
0.0027371
0.00265018
0.00257151
0.00250002
0.00243478
0.00237504
0.00232014
0.00226955
0.00222277
0.00217942
0.00213913
0.00210161
0.00206657
0.0020338
0.00200307
0.0113196
0.0108286
0.0100355
0.0091472
0.00830321
0.00755759
0.00691829
0.00637539
0.00591434
0.00552102
0.00518335
0.0048914
0.00463719
0.00441434
0.00421772
0.0040432
0.00388745
0.00374773
0.0036218
0.0035078
0.00340419
0.00330967
0.00322314
0.00314368
0.00307049
0.00300288
0.00294027
0.00288214
0.00282805
0.00277761
0.00273049
0.00268638
0.00264501
0.0113579
0.0111187
0.0106546
0.0100468
0.00939296
0.00875749
0.00817148
0.00764509
0.00717794
0.00676519
0.00640062
0.00607795
0.00579147
0.00553617
0.00530774
0.00510254
0.00491748
0.00474995
0.00459775
0.00445899
0.00433209
0.00421567
0.00410857
0.00400977
0.0039184
0.00383369
0.00375499
0.00368171
0.00361335
0.00354946
0.00348964
0.00343354
0.00338085
0.0113728
0.01126
0.0110057
0.0106242
0.0101642
0.00967403
0.00918759
0.0087244
0.00829364
0.0078983
0.00753797
0.00721062
0.00691349
0.00664365
0.00639827
0.00617471
0.00597058
0.00578377
0.0056124
0.00545481
0.00530957
0.00517541
0.0050512
0.00493596
0.00482883
0.00472906
0.00463596
0.00454893
0.00446745
0.00439105
0.0043193
0.00425183
0.00418831
0.0113787
0.0113266
0.011194
0.0109703
0.0106711
0.0103231
0.00995189
0.00957697
0.00921101
0.00886139
0.00853191
0.008224
0.00793771
0.00767227
0.00742651
0.00719904
0.00698845
0.00679334
0.00661237
0.00644432
0.00628805
0.00614253
0.00600683
0.00588008
0.00576155
0.00565052
0.00554639
0.0054486
0.00535664
0.00527006
0.00518846
0.00511146
0.00503874
0.0113809
0.0113572
0.0112906
0.0111664
0.010984
0.0107537
0.0104904
0.0102084
0.00991919
0.00963122
0.00935017
0.00907955
0.00882138
0.00857663
0.00834557
0.00812802
0.00792353
0.00773149
0.00755121
0.00738196
0.00722302
0.00707368
0.00693327
0.00680116
0.00667675
0.00655949
0.00644887
0.00634442
0.00624572
0.00615236
0.00606398
0.00598026
0.00590089
0.0113818
0.0113708
0.0113383
0.0112723
0.0111671
0.0110237
0.0108485
0.0106497
0.0104355
0.0102131
0.00998805
0.00976448
0.00954535
0.00933265
0.00912765
0.00893106
0.00874324
0.00856427
0.00839404
0.00823233
0.00807882
0.00793317
0.00779501
0.00766393
0.00753957
0.00742153
0.00730947
0.00720303
0.00710188
0.00700572
0.00691425
0.00682721
0.00674434
0.0113822
0.0113768
0.0113611
0.0113273
0.0112692
0.0111846
0.0110744
0.0109422
0.0107927
0.0106307
0.0104607
0.0102863
0.0101104
0.00993551
0.00976319
0.0095947
0.00943091
0.00927239
0.00911949
0.00897237
0.00883111
0.00869565
0.00856591
0.00844173
0.00832294
0.00820934
0.00810073
0.0079969
0.00789763
0.00780273
0.00771197
0.00762518
0.00754216
0.0113823
0.0113794
0.0113717
0.0113547
0.0113238
0.011276
0.0112101
0.0111268
0.0110279
0.0109162
0.0107945
0.0106655
0.0105317
0.0103951
0.0102574
0.01012
0.00998405
0.00985025
0.00971925
0.0095915
0.0094673
0.00934687
0.00923031
0.00911768
0.00900899
0.0089042
0.00880326
0.00870607
0.00861255
0.00852258
0.00843605
0.00835286
0.00827287
0.0113824
0.0113805
0.0113765
0.0113679
0.0113519
0.0113259
0.0112881
0.0112379
0.0111757
0.0111025
0.0110197
0.010929
0.0108321
0.0107305
0.0106258
0.010519
0.0104112
0.0103034
0.0101961
0.01009
0.00998549
0.00988292
0.00978255
0.00968458
0.00958913
0.00949631
0.00940616
0.00931871
0.00923396
0.00915189
0.00907247
0.00899566
0.0089214
0.0113824
0.0113809
0.0113786
0.0113741
0.0113658
0.0113519
0.011331
0.0113021
0.0112646
0.0112187
0.011165
0.0111041
0.0110372
0.0109652
0.0108891
0.0108098
0.0107282
0.010645
0.010561
0.0104765
0.0103922
0.0103084
0.0102255
0.0101436
0.0100631
0.00998398
0.00990651
0.00983075
0.00975677
0.00968462
0.00961433
0.00954592
0.00947937
0.0113824
0.0113811
0.0113795
0.0113769
0.0113724
0.0113651
0.0113537
0.0113375
0.0113158
0.0112882
0.0112548
0.0112157
0.0111715
0.0111227
0.0110698
0.0110135
0.0109543
0.0108929
0.0108297
0.0107652
0.0107
0.0106342
0.0105683
0.0105025
0.010437
0.0103722
0.010308
0.0102447
0.0101824
0.0101212
0.0100611
0.0100022
0.0099446
0.0113824
0.0113812
0.0113798
0.0113781
0.0113755
0.0113714
0.0113653
0.0113563
0.011344
0.011328
0.011308
0.0112839
0.0112559
0.0112241
0.0111889
0.0111505
0.0111093
0.0110657
0.0110202
0.0109729
0.0109243
0.0108746
0.0108242
0.0107732
0.010722
0.0106706
0.0106193
0.0105682
0.0105175
0.0104672
0.0104175
0.0103684
0.01032
0.0113824
0.0113812
0.01138
0.0113786
0.0113768
0.0113744
0.0113709
0.0113659
0.011359
0.0113499
0.0113382
0.0113238
0.0113067
0.0112868
0.0112641
0.011239
0.0112114
0.0111816
0.0111499
0.0111165
0.0110816
0.0110454
0.0110081
0.0109699
0.0109311
0.0108917
0.0108519
0.010812
0.0107719
0.0107318
0.0106918
0.010652
0.0106125
0.0113824
0.0113812
0.01138
0.0113788
0.0113774
0.0113757
0.0113735
0.0113706
0.0113666
0.0113614
0.0113547
0.0113463
0.011336
0.0113238
0.0113097
0.0112937
0.0112758
0.0112561
0.0112347
0.0112117
0.0111873
0.0111616
0.0111348
0.0111069
0.0110782
0.0110487
0.0110186
0.010988
0.010957
0.0109257
0.0108942
0.0108625
0.0108308
0.0113824
0.0113812
0.01138
0.0113789
0.0113776
0.0113763
0.0113747
0.0113728
0.0113703
0.0113672
0.0113632
0.0113582
0.0113521
0.0113447
0.011336
0.0113259
0.0113143
0.0113014
0.0112871
0.0112715
0.0112546
0.0112365
0.0112174
0.0111972
0.0111761
0.0111541
0.0111315
0.0111081
0.0110842
0.0110598
0.011035
0.0110099
0.0109845
0.0113824
0.0113812
0.01138
0.0113789
0.0113777
0.0113765
0.0113752
0.0113737
0.011372
0.0113699
0.0113673
0.0113642
0.0113603
0.0113555
0.0113499
0.0113432
0.0113355
0.0113267
0.0113167
0.0113057
0.0112936
0.0112805
0.0112663
0.0112512
0.0112351
0.0112182
0.0112006
0.0111822
0.0111632
0.0111436
0.0111235
0.0111029
0.011082
0.0113824
0.0113812
0.01138
0.0113789
0.0113777
0.0113766
0.0113753
0.011374
0.0113726
0.0113709
0.0113689
0.0113665
0.0113635
0.0113599
0.0113556
0.0113504
0.0113444
0.0113375
0.0113297
0.0113208
0.011311
0.0113002
0.0112885
0.0112759
0.0112624
0.011248
0.0112329
0.0112171
0.0112006
0.0111835
0.0111658
0.0111476
0.011129
0.0113824
0.0113812
0.01138
0.0113789
0.0113777
0.0113765
0.0113753
0.011374
0.0113725
0.0113707
0.0113686
0.0113661
0.011363
0.0113593
0.0113548
0.0113496
0.0113434
0.0113364
0.0113284
0.0113194
0.0113095
0.0112986
0.0112868
0.0112741
0.0112606
0.0112462
0.0112311
0.0112152
0.0111987
0.0111816
0.011164
0.0111458
0.0111272
0.0113824
0.0113812
0.01138
0.0113789
0.0113777
0.0113764
0.011375
0.0113734
0.0113715
0.0113691
0.0113662
0.0113626
0.0113583
0.011353
0.0113468
0.0113395
0.0113312
0.0113218
0.0113113
0.0112998
0.0112872
0.0112735
0.0112589
0.0112434
0.0112271
0.0112099
0.011192
0.0111734
0.0111542
0.0111344
0.0111142
0.0110935
0.0110725
0.0113824
0.0113812
0.01138
0.0113788
0.0113775
0.011376
0.0113742
0.0113718
0.0113688
0.0113648
0.0113599
0.0113537
0.0113462
0.0113373
0.011327
0.0113153
0.0113021
0.0112875
0.0112715
0.0112543
0.0112359
0.0112164
0.0111959
0.0111744
0.0111521
0.011129
0.0111053
0.011081
0.0110562
0.011031
0.0110054
0.0109795
0.0109535
0.0113824
0.0113812
0.01138
0.0113787
0.011377
0.0113748
0.0113718
0.0113676
0.0113618
0.0113543
0.0113449
0.0113333
0.0113196
0.0113037
0.0112857
0.0112656
0.0112436
0.0112198
0.0111944
0.0111675
0.0111393
0.01111
0.0110797
0.0110486
0.0110167
0.0109843
0.0109514
0.0109182
0.0108847
0.010851
0.0108173
0.0107836
0.0107499
0.0113824
0.0113813
0.0113799
0.0113781
0.0113755
0.0113714
0.0113652
0.0113564
0.0113446
0.0113295
0.0113109
0.0112888
0.0112634
0.0112347
0.0112031
0.0111689
0.0111323
0.0110938
0.0110535
0.0110117
0.0109688
0.010925
0.0108805
0.0108355
0.0107902
0.0107447
0.0106992
0.0106538
0.0106086
0.0105637
0.0105192
0.0104751
0.0104314
0.0113825
0.0113812
0.0113794
0.0113761
0.0113704
0.0113611
0.0113472
0.0113279
0.0113028
0.011272
0.0112356
0.011194
0.0111477
0.0110974
0.0110436
0.0109871
0.0109282
0.0108677
0.0108058
0.0107431
0.0106799
0.0106166
0.0105533
0.0104902
0.0104277
0.0103658
0.0103047
0.0102444
0.0101851
0.0101268
0.0100696
0.0100135
0.00995844
0.0113825
0.0113808
0.011377
0.0113691
0.0113545
0.0113315
0.0112988
0.011256
0.0112036
0.0111424
0.0110735
0.0109982
0.0109178
0.0108335
0.0107465
0.0106576
0.0105676
0.0104773
0.0103873
0.0102978
0.0102094
0.0101224
0.0100368
0.00995292
0.00987086
0.0097907
0.00971249
0.00963628
0.00956206
0.00948985
0.00941962
0.00935134
0.00928499
0.0113825
0.0113787
0.0113679
0.0113447
0.0113054
0.011248
0.0111728
0.0110816
0.0109771
0.0108621
0.0107396
0.0106119
0.0104814
0.0103497
0.0102183
0.0100882
0.00996015
0.00983484
0.00971263
0.00959381
0.00947855
0.00936695
0.00925902
0.00915477
0.00905414
0.00895706
0.00886344
0.00877318
0.00868617
0.0086023
0.00852145
0.0084435
0.00836834
0.011382
0.0113691
0.0113325
0.0112633
0.0111587
0.0110222
0.0108601
0.0106799
0.0104883
0.010291
0.0100925
0.00989597
0.00970363
0.00951703
0.00933709
0.00916431
0.0089989
0.00884088
0.00869011
0.00854639
0.00840945
0.008279
0.00815471
0.00803628
0.00792339
0.00781573
0.00771302
0.00761498
0.00752133
0.00743184
0.00734625
0.00726437
0.00718597
0.0113786
0.0113249
0.0111997
0.0110009
0.0107442
0.0104511
0.0101407
0.00982717
0.00952002
0.00922488
0.00894479
0.00868112
0.00843415
0.00820345
0.00798818
0.00778733
0.00759987
0.00742475
0.00726098
0.00710765
0.00696389
0.00682892
0.00670204
0.00658259
0.00646999
0.00636371
0.00626326
0.0061682
0.00607815
0.00599273
0.00591162
0.00583451
0.00576115
0.0113536
0.011126
0.0107259
0.0102229
0.00968832
0.00916705
0.00868064
0.00823688
0.00783646
0.00747677
0.00715407
0.00686443
0.00660376
0.00636828
0.00615476
0.00596041
0.00578287
0.00562012
0.00547044
0.00533237
0.00520464
0.00508615
0.00497596
0.00487325
0.0047773
0.00468748
0.00460324
0.00452407
0.00444956
0.00437931
0.00431297
0.00425024
0.00419083
0.0111683
0.0102731
0.00924316
0.00829367
0.00748992
0.00682636
0.00627847
0.00582284
0.00544041
0.00511624
0.00483928
0.00459995
0.00439098
0.00420686
0.00404337
0.00389717
0.00376565
0.00364667
0.00353852
0.00343977
0.00334924
0.00326594
0.00318905
0.00311784
0.00305171
0.00299014
0.00293267
0.0028789
0.0028285
0.00278116
0.0027366
0.0026946
0.00265494
0.00982659
0.0072389
0.00577405
0.00486951
0.00424873
0.00378755
0.00342701
0.00314024
0.00290887
0.00271813
0.00255776
0.00242093
0.00230279
0.00219976
0.00210909
0.00202868
0.00195686
0.0018923
0.00183394
0.00178091
0.0017325
0.00168811
0.00164725
0.0016095
0.00157452
0.001542
0.00151169
0.00148337
0.00145683
0.00143192
0.00140849
0.0013864
0.00136554
0.00414167
0.00254161
0.00204418
0.00174836
0.00154034
0.00137827
0.00124767
0.00114134
0.00105377
0.000980909
0.000919644
0.000867562
0.000822822
0.000784021
0.00075008
0.000720163
0.000693612
0.000669905
0.000648619
0.000629414
0.000612008
0.00059617
0.000581704
0.000568447
0.000556261
0.000545027
0.000534644
0.000525022
0.000516087
0.000507772
0.000500017
0.000492773
0.000485987
0.000119434
0.000124352
0.000129424
0.000134072
0.000138235
0.000142037
0.000145562
0.000148849
0.000151924
0.000154806
0.000157512
0.000160054
0.000162444
0.000164691
0.000166805
0.000168794
0.000170666
0.000172429
0.000174087
0.000175649
0.000177119
0.000178503
0.000179806
0.000181034
0.00018219
0.000183279
0.000184304
0.00018527
0.000186181
0.000187038
0.000187846
0.000188607
0.000189325
6.59807e-05
7.80401e-05
9.77783e-05
0.000124042
0.000155964
0.000192319
0.00023185
0.000273241
0.000315144
0.000356344
0.000395945
0.000433476
0.000468879
0.000502406
0.000534471
0.00056552
0.000595932
0.000625974
0.000655797
0.000685455
0.000714953
0.000744275
0.000773414
0.000802383
0.000831218
0.000859964
0.000888675
0.000917401
0.000946185
0.000975059
0.00100405
0.00103318
0.00106245
0.00109188
0.00112147
0.00115124
0.00118118
0.00121131
0.00124165
0.0012722
0.00130301
0.00133409
0.00136551
0.0013973
0.00142954
0.00146231
0.00149571
0.00152984
0.00156484
0.00160084
0.00163803
0.00167656
0.00171665
0.00175851
0.00180236
0.00184844
0.001897
0.00194827
0.0020025
0.00205991
0.0021207
0.00218503
0.00225306
0.00232485
0.00240047
0.00247988
0.00256302
0.00264976
0.00273991
0.00283326
0.00292952
0.00302839
0.00312952
0.00323256
0.0033371
0.00344277
0.00354915
0.00365585
0.00376245
0.00386857
0.00397383
0.00407784
0.00418025
0.00428074
0.00437899
0.0044747
0.00456763
0.00465753
0.0047442
0.00482746
0.00490715
0.00498316
0.00505539
0.00512375
0.00518826
0.00524875
0.00530558
0.00535825
0.00540642
0.00547068
0.000121854
0.000121644
0.000123432
0.000128346
0.000136153
0.000146884
0.000160645
0.000177543
0.000197628
0.000220885
0.000247207
0.000276364
0.000307997
0.000341629
0.000376703
0.000412624
0.000448827
0.000484825
0.000520262
0.000554924
0.000588732
0.000621716
0.000653969
0.000685618
0.000716787
0.000747589
0.00077812
0.000808457
0.000838665
0.0008688
0.000898914
0.000929051
0.000959253
0.000989556
0.00101999
0.0010506
0.0010814
0.00111242
0.00114371
0.00117528
0.0012072
0.00123949
0.00127222
0.00130546
0.00133928
0.00137379
0.00140907
0.00144527
0.00148251
0.00152096
0.00156079
0.0016022
0.00164538
0.00169056
0.00173797
0.00178784
0.00184041
0.00189591
0.00195455
0.00201651
0.00208197
0.00215105
0.00222382
0.00230031
0.00238049
0.0024643
0.0025516
0.0026422
0.00273588
0.00283237
0.00293139
0.0030326
0.00313567
0.00324026
0.00334599
0.00345252
0.00355947
0.0036665
0.00377325
0.00387936
0.00398452
0.00408838
0.00419063
0.00429098
0.00438914
0.00448484
0.00457785
0.00466794
0.00475492
0.0048386
0.00491884
0.0049955
0.0050685
0.00513773
0.0052032
0.00526475
0.0053227
0.00537659
0.00542588
0.00549197
0.000240029
0.000235395
0.00023056
0.000226109
0.000222655
0.000220697
0.000220432
0.000221996
0.000225633
0.000231632
0.000240273
0.000251797
0.00026636
0.000284016
0.0003047
0.000328232
0.000354333
0.000382645
0.00041276
0.000444252
0.000476702
0.000509728
0.000543007
0.000576286
0.000609388
0.000642214
0.000674723
0.000706927
0.000738868
0.000770604
0.000802203
0.000833731
0.000865251
0.000896824
0.000928504
0.000960343
0.000992394
0.00102471
0.00105734
0.00109034
0.00112377
0.00115771
0.00119222
0.0012274
0.00126333
0.00130014
0.00133794
0.00137687
0.00141709
0.00145878
0.00150211
0.00154729
0.00159453
0.00164404
0.00169606
0.00175078
0.00180844
0.0018692
0.00193326
0.00200073
0.00207171
0.00214627
0.00222439
0.00230603
0.00239109
0.00247941
0.00257081
0.00266505
0.00276185
0.00286095
0.00296201
0.00306474
0.0031688
0.00327389
0.00337968
0.00348587
0.00359215
0.00369822
0.0038038
0.0039086
0.00401235
0.00411478
0.00421561
0.0043146
0.0044115
0.00450607
0.00459809
0.00468736
0.00477368
0.00485689
0.00493684
0.00501338
0.00508643
0.00515586
0.00522168
0.00528371
0.00534226
0.00539688
0.00544687
0.00551421
0.000435142
0.000426885
0.000418769
0.000410889
0.000403373
0.000396314
0.000389783
0.000383876
0.00037867
0.000374218
0.00037064
0.000368142
0.000367012
0.000367603
0.000370298
0.000375464
0.000383403
0.000394312
0.000408256
0.000425171
0.000444875
0.000467099
0.00049152
0.000517793
0.000545578
0.00057456
0.000604463
0.000635058
0.000666166
0.000697655
0.000729438
0.000761467
0.000793723
0.000826213
0.000858962
0.000892009
0.000925401
0.000959195
0.000993454
0.00102825
0.00106365
0.00109975
0.00113663
0.00117442
0.00121321
0.00125313
0.00129434
0.00133698
0.00138122
0.00142724
0.00147523
0.00152538
0.00157789
0.00163296
0.00169079
0.00175154
0.00181537
0.00188242
0.00195278
0.00202649
0.00210358
0.002184
0.00226767
0.00235445
0.00244416
0.00253659
0.00263149
0.00272857
0.00282756
0.00292815
0.00303003
0.00313293
0.00323655
0.00334062
0.00344489
0.00354911
0.00365305
0.0037565
0.00385924
0.00396106
0.00406177
0.00416114
0.00425899
0.00435511
0.00444929
0.00454133
0.00463105
0.00471824
0.00480274
0.00488438
0.004963
0.00503846
0.00511067
0.00517948
0.00524489
0.00530672
0.00536523
0.00542
0.00547016
0.00553805
0.00069163
0.000679382
0.000667505
0.000656147
0.000645395
0.000635237
0.000625622
0.00061649
0.00060783
0.000599594
0.000591731
0.000584216
0.000577068
0.000570362
0.000564236
0.000558892
0.000554591
0.000551644
0.000550389
0.00055116
0.00055426
0.000559925
0.000568306
0.00057946
0.00059335
0.000609861
0.000628817
0.000650008
0.000673209
0.000698194
0.000724756
0.000752711
0.000781905
0.000812216
0.000843554
0.000875859
0.000909098
0.000943264
0.000978375
0.00101446
0.00105159
0.00108981
0.00112923
0.00116994
0.00121205
0.00125569
0.001301
0.00134814
0.00139725
0.00144851
0.00150207
0.00155811
0.00161679
0.00167825
0.00174262
0.00181002
0.00188051
0.00195415
0.00203093
0.00211083
0.00219374
0.00227955
0.00236808
0.00245912
0.00255243
0.00264774
0.00274476
0.00284319
0.00294273
0.00304309
0.003144
0.0032452
0.00334645
0.00344755
0.0035483
0.00364855
0.00374814
0.00384695
0.00394484
0.0040417
0.0041374
0.00423182
0.00432483
0.00441627
0.004506
0.00459386
0.00467968
0.00476331
0.00484457
0.00492331
0.00499937
0.00507261
0.0051429
0.00521011
0.0052742
0.00533498
0.00539267
0.00544688
0.00549658
0.00556419
0.00102159
0.00100379
0.000986635
0.000970274
0.000954807
0.000940231
0.000926487
0.000913486
0.000901148
0.0008894
0.000878162
0.000867366
0.000856968
0.000846951
0.000837327
0.00082814
0.000819465
0.000811411
0.000804121
0.00079777
0.000792562
0.000788721
0.000786484
0.000786083
0.000787736
0.000791628
0.000797905
0.000806663
0.000817948
0.00083176
0.000848057
0.000866769
0.000887806
0.00091107
0.00093646
0.000963885
0.000993268
0.00102455
0.00105768
0.00109264
0.00112944
0.00116808
0.00120862
0.00125111
0.00129562
0.00134223
0.00139106
0.0014422
0.00149577
0.00155188
0.00161065
0.00167217
0.00173653
0.00180382
0.00187407
0.00194731
0.00202352
0.00210265
0.00218461
0.00226928
0.00235648
0.002446
0.00253761
0.00263103
0.00272597
0.00282212
0.00291917
0.00301681
0.00311475
0.00321271
0.00331045
0.00340775
0.00350443
0.00360034
0.00369537
0.00378943
0.00388247
0.00397443
0.00406529
0.00415502
0.00424359
0.00433094
0.00441704
0.0045018
0.00458513
0.00466693
0.00474707
0.00482541
0.00490181
0.00497611
0.00504817
0.00511783
0.00518496
0.0052494
0.00531108
0.00536982
0.00542577
0.00547858
0.00552706
0.00559338
0.00144362
0.00141786
0.00139316
0.0013696
0.00134729
0.0013262
0.0013063
0.00128748
0.00126964
0.00125271
0.0012366
0.00122122
0.00120653
0.0011925
0.00117912
0.00116642
0.00115441
0.00114315
0.00113271
0.00112315
0.00111457
0.00110707
0.00110076
0.00109576
0.00109222
0.00109029
0.00109011
0.00109183
0.00109561
0.00110156
0.00110983
0.00112049
0.00113363
0.00114931
0.00116757
0.00118843
0.0012119
0.00123798
0.00126668
0.00129801
0.00133195
0.00136853
0.00140776
0.00144967
0.0014943
0.00154168
0.00159186
0.0016449
0.00170084
0.00175972
0.00182159
0.00188647
0.00195436
0.00202525
0.00209911
0.00217586
0.00225539
0.00233758
0.00242224
0.00250918
0.00259813
0.00268884
0.002781
0.00287428
0.00296837
0.00306293
0.00315762
0.00325213
0.00334617
0.00343949
0.00353186
0.00362309
0.00371306
0.00380166
0.00388886
0.00397464
0.00405902
0.00414204
0.00422376
0.00430424
0.00438355
0.00446174
0.00453883
0.00461484
0.00468974
0.00476349
0.00483602
0.00490722
0.00497697
0.00504514
0.00511159
0.00517615
0.00523868
0.00529902
0.00535707
0.00541261
0.00546576
0.00551618
0.00556258
0.00562643
0.00196957
0.00193327
0.00189853
0.00186539
0.0018339
0.00180405
0.00177576
0.00174895
0.00172351
0.00169935
0.00167638
0.00165452
0.00163371
0.00161393
0.00159517
0.00157744
0.00156078
0.00154523
0.00153083
0.00151765
0.00150574
0.00149516
0.00148597
0.00147824
0.00147204
0.00146742
0.00146448
0.00146331
0.00146398
0.0014666
0.00147128
0.00147813
0.00148725
0.00149875
0.00151275
0.00152933
0.0015486
0.00157062
0.00159549
0.00162327
0.00165402
0.00168779
0.00172463
0.00176459
0.0018077
0.00185401
0.00190352
0.00195627
0.00201226
0.00207148
0.00213392
0.00219954
0.00226828
0.00234005
0.00241475
0.00249222
0.00257229
0.00265475
0.00273936
0.00282585
0.0029139
0.00300321
0.0030934
0.00318414
0.00327505
0.00336577
0.00345596
0.0035453
0.00363349
0.00372027
0.00380546
0.00388888
0.00397042
0.00405005
0.00412776
0.0042036
0.00427764
0.00435002
0.00442087
0.00449034
0.00455859
0.00462577
0.00469198
0.00475734
0.00482189
0.00488568
0.0049487
0.00501088
0.00507216
0.00513243
0.00519156
0.0052494
0.00530579
0.00536057
0.0054136
0.00546466
0.00551382
0.00556074
0.00560407
0.00566412
0.0025999
0.00255101
0.0025042
0.00245947
0.00241683
0.00237625
0.00233765
0.00230093
0.002266
0.00223276
0.0022011
0.00217095
0.00214226
0.00211498
0.00208912
0.00206469
0.00204171
0.00202024
0.00200033
0.00198204
0.00196541
0.00195052
0.00193739
0.00192609
0.00191666
0.00190913
0.00190355
0.00189996
0.0018984
0.00189893
0.0019016
0.00190648
0.00191364
0.00192316
0.00193513
0.00194963
0.00196678
0.00198665
0.00200935
0.00203496
0.00206358
0.00209529
0.00213015
0.00216824
0.0022096
0.00225428
0.00230231
0.00235369
0.00240842
0.00246647
0.0025278
0.00259233
0.00265996
0.00273057
0.00280398
0.00288001
0.00295842
0.00303897
0.00312136
0.00320526
0.00329034
0.00337622
0.00346252
0.00354885
0.00363482
0.00372006
0.00380419
0.0038869
0.00396787
0.00404687
0.00412368
0.00419816
0.00427022
0.00433984
0.00440705
0.00447193
0.00453462
0.0045953
0.00465417
0.00471145
0.00476739
0.00482221
0.00487613
0.00492934
0.00498199
0.0050342
0.00508604
0.00513752
0.00518863
0.00523931
0.00528945
0.00533893
0.00538761
0.00543531
0.00548188
0.0055271
0.00557098
0.00561318
0.00565235
0.00570711
0.00332328
0.0032608
0.00320086
0.00314343
0.00308848
0.00303598
0.00298584
0.00293796
0.00289225
0.00284861
0.00280695
0.00276718
0.00272925
0.00269312
0.00265879
0.00262628
0.0025956
0.00256681
0.00253996
0.00251512
0.00249233
0.00247166
0.00245316
0.00243688
0.00242286
0.00241113
0.00240172
0.00239465
0.00238995
0.00238764
0.00238776
0.00239032
0.00239538
0.00240297
0.00241314
0.00242595
0.00244147
0.00245976
0.0024809
0.00250496
0.00253201
0.00256214
0.0025954
0.00263186
0.00267156
0.00271455
0.00276084
0.00281043
0.00286332
0.00291947
0.00297879
0.00304121
0.00310659
0.00317479
0.0032456
0.00331881
0.00339416
0.00347135
0.00355007
0.00362997
0.00371066
0.00379177
0.00387287
0.00395357
0.00403346
0.00411214
0.00418925
0.00426444
0.00433741
0.00440791
0.00447574
0.00454075
0.00460287
0.00466208
0.00471842
0.00477201
0.00482299
0.0048716
0.00491806
0.00496268
0.00500574
0.00504755
0.00508841
0.00512858
0.00516832
0.00520783
0.00524726
0.00528673
0.00532628
0.00536593
0.00540561
0.00544526
0.00548474
0.0055239
0.0055626
0.00560061
0.00563788
0.0056741
0.00570799
0.00575586
0.00411872
0.00404298
0.00397008
0.00390001
0.00383271
0.00376813
0.00370619
0.00364681
0.0035899
0.00353537
0.00348314
0.00343313
0.00338528
0.00333958
0.00329601
0.00325458
0.00321532
0.00317829
0.00314352
0.0031111
0.00308107
0.00305349
0.00302844
0.00300594
0.00298606
0.00296882
0.00295426
0.0029424
0.00293325
0.00292683
0.00292315
0.00292224
0.0029241
0.00292875
0.00293622
0.00294653
0.00295972
0.00297583
0.00299489
0.00301696
0.00304207
0.00307027
0.0031016
0.0031361
0.00317381
0.00321472
0.00325886
0.0033062
0.00335671
0.00341033
0.00346698
0.00352654
0.00358887
0.00365379
0.00372109
0.00379053
0.00386183
0.00393468
0.00400874
0.00408363
0.00415898
0.00423438
0.0043094
0.00438364
0.00445669
0.00452813
0.00459761
0.00466478
0.00472933
0.00479102
0.00484965
0.00490507
0.0049572
0.00500603
0.00505161
0.00509405
0.00513352
0.00517025
0.00520451
0.00523661
0.00526689
0.0052957
0.0053234
0.00535032
0.0053768
0.00540312
0.00542952
0.00545621
0.00548331
0.00551091
0.00553904
0.00556767
0.00559673
0.0056261
0.00565564
0.00568515
0.00571456
0.00574357
0.00577107
0.00581045
0.00495879
0.00487147
0.00478711
0.00470568
0.00462714
0.00455145
0.00447853
0.00440833
0.00434078
0.0042758
0.00421331
0.00415328
0.00409564
0.00404038
0.0039875
0.003937
0.00388894
0.00384334
0.00380027
0.00375979
0.00372196
0.00368685
0.00365453
0.00362503
0.00359843
0.00357475
0.00355403
0.00353629
0.00352157
0.00350987
0.00350121
0.00349559
0.00349302
0.00349351
0.00349706
0.00350368
0.0035134
0.0035262
0.00354212
0.00356117
0.00358336
0.00360872
0.00363724
0.00366894
0.00370383
0.00374188
0.00378308
0.00382738
0.00387473
0.00392504
0.0039782
0.00403409
0.00409254
0.00415334
0.00421628
0.00428109
0.00434748
0.00441512
0.00448367
0.00455274
0.00462194
0.00469087
0.0047591
0.00482622
0.00489181
0.0049555
0.00501691
0.0050757
0.00513158
0.00518429
0.00523366
0.00527953
0.00532182
0.00536052
0.00539568
0.00542741
0.00545587
0.00548128
0.00550393
0.00552412
0.00554222
0.00555859
0.00557362
0.00558769
0.0056012
0.00561448
0.00562786
0.00564162
0.00565596
0.00567107
0.00568705
0.00570394
0.00572173
0.00574037
0.00575977
0.00577974
0.00580023
0.00582093
0.00584101
0.00587038
0.00581329
0.00571721
0.00562397
0.00553357
0.00544597
0.00536116
0.00527908
0.00519972
0.00512301
0.0050489
0.00497736
0.00490834
0.00484183
0.00477781
0.00471629
0.0046573
0.00460087
0.00454706
0.00449592
0.00444752
0.00440193
0.00435922
0.00431946
0.00428271
0.00424902
0.00421844
0.00419102
0.00416679
0.00414577
0.00412799
0.00411346
0.0041022
0.0040942
0.00408947
0.00408801
0.00408983
0.00409491
0.00410326
0.00411488
0.00412975
0.00414788
0.00416925
0.00419385
0.00422166
0.00425265
0.00428678
0.004324
0.00436425
0.00440744
0.00445345
0.00450216
0.00455342
0.00460703
0.00466278
0.00472042
0.00477968
0.00484026
0.00490181
0.00496399
0.00502641
0.00508867
0.00515038
0.00521111
0.00527047
0.00532804
0.00538346
0.00543637
0.00548644
0.00553339
0.00557699
0.00561705
0.00565343
0.00568606
0.00571492
0.00574006
0.00576157
0.00577962
0.00579442
0.00580623
0.00581536
0.00582214
0.00582696
0.00583021
0.0058323
0.00583361
0.00583456
0.00583549
0.00583676
0.00583864
0.00584138
0.00584517
0.00585012
0.00585632
0.00586376
0.0058724
0.00588215
0.00589293
0.00590448
0.00591632
0.0059344
0.00665247
0.00655123
0.0064525
0.00635629
0.00626262
0.00617147
0.00608285
0.00599674
0.00591313
0.005832
0.00575333
0.00567712
0.00560336
0.00553207
0.00546326
0.00539698
0.00533328
0.00527222
0.00521385
0.00515826
0.00510552
0.00505571
0.0050089
0.00496516
0.00492455
0.00488713
0.00485296
0.00482207
0.0047945
0.00477028
0.00474944
0.00473198
0.00471792
0.00470726
0.00470001
0.00469617
0.00469572
0.00469865
0.00470496
0.00471462
0.00472762
0.00474392
0.00476349
0.0047863
0.00481229
0.00484139
0.00487354
0.00490863
0.00494656
0.0049872
0.00503039
0.00507596
0.00512369
0.00517336
0.0052247
0.00527743
0.00533123
0.00538577
0.00544067
0.00549557
0.00555007
0.00560378
0.00565629
0.0057072
0.00575615
0.00580276
0.0058467
0.00588766
0.00592539
0.00595966
0.0059903
0.00601719
0.00604027
0.00605951
0.00607496
0.00608672
0.00609493
0.0060998
0.00610155
0.00610049
0.00609693
0.00609124
0.00608378
0.00607496
0.00606518
0.00605483
0.00604431
0.00603399
0.00602419
0.00601522
0.00600733
0.0060007
0.00599548
0.00599174
0.00598952
0.00598876
0.00598946
0.00599136
0.00599444
0.00600028
0.00744969
0.00734724
0.00724678
0.00714838
0.00705205
0.00695783
0.00686576
0.00677585
0.00668812
0.00660259
0.00651927
0.00643818
0.00635935
0.00628281
0.00620861
0.00613679
0.00606743
0.0060006
0.00593636
0.00587481
0.00581603
0.0057601
0.00570711
0.00565713
0.00561024
0.0055665
0.00552599
0.00548874
0.0054548
0.00542423
0.00539704
0.00537326
0.00535291
0.005336
0.00532254
0.00531253
0.00530596
0.00530282
0.00530309
0.00530675
0.00531377
0.0053241
0.00533772
0.00535455
0.00537453
0.00539758
0.00542361
0.0054525
0.00548412
0.00551832
0.00555493
0.00559375
0.00563456
0.00567711
0.00572113
0.00576633
0.00581238
0.00585894
0.00590566
0.00595216
0.00599805
0.00604295
0.00608649
0.00612827
0.00616795
0.00620518
0.00623965
0.00627108
0.00629924
0.00632393
0.00634499
0.00636232
0.00637586
0.00638561
0.00639162
0.00639397
0.00639281
0.00638832
0.00638072
0.00637027
0.00635728
0.00634207
0.006325
0.00630643
0.00628674
0.00626633
0.00624557
0.00622484
0.0062045
0.00618486
0.00616621
0.0061488
0.00613283
0.00611842
0.00610569
0.00609463
0.0060853
0.00607745
0.00607161
0.00606473
0.0081833
0.0080835
0.00798508
0.00788809
0.00779262
0.00769873
0.00760646
0.00751589
0.00742705
0.00734
0.00725477
0.00717142
0.00709
0.00701058
0.0069332
0.00685795
0.0067849
0.00671415
0.00664577
0.00657986
0.00651652
0.00645584
0.00639792
0.00634284
0.00629068
0.00624154
0.00619546
0.00615254
0.00611281
0.00607633
0.00604315
0.00601329
0.00598679
0.00596366
0.00594392
0.00592758
0.00591464
0.00590507
0.00589888
0.00589603
0.00589649
0.00590022
0.00590717
0.00591726
0.00593043
0.00594658
0.0059656
0.00598736
0.00601173
0.00603854
0.00606759
0.00609869
0.0061316
0.00616606
0.0062018
0.00623851
0.00627588
0.00631356
0.0063512
0.00638844
0.00642491
0.00646025
0.00649408
0.00652606
0.00655585
0.00658314
0.00660765
0.00662912
0.00664736
0.00666218
0.00667345
0.0066811
0.00668508
0.0066854
0.00668212
0.00667533
0.00666515
0.00665176
0.00663538
0.00661624
0.00659461
0.00657079
0.00654509
0.00651786
0.00648944
0.00646019
0.00643047
0.00640064
0.00637103
0.00634198
0.00631379
0.00628673
0.00626101
0.00623685
0.00621436
0.00619363
0.00617474
0.00615748
0.00614291
0.00612338
0.00883777
0.00874402
0.00865096
0.0085587
0.00846731
0.0083769
0.00828755
0.00819932
0.00811231
0.00802658
0.0079422
0.00785924
0.00777779
0.00769792
0.00761972
0.00754327
0.00746867
0.00739602
0.00732541
0.00725696
0.00719077
0.00712694
0.00706557
0.00700677
0.00695063
0.00689724
0.00684668
0.00679903
0.00675436
0.00671272
0.00667418
0.00663878
0.00660656
0.00657755
0.00655176
0.00652922
0.00650993
0.00649389
0.00648108
0.00647149
0.00646508
0.00646181
0.00646162
0.00646445
0.00647022
0.00647881
0.00649013
0.00650404
0.00652039
0.006539
0.00655968
0.00658221
0.00660637
0.00663188
0.00665848
0.00668585
0.0067137
0.00674168
0.00676946
0.00679668
0.006823
0.00684807
0.00687155
0.00689312
0.00691248
0.00692933
0.00694344
0.00695458
0.00696256
0.00696726
0.00696857
0.00696642
0.00696081
0.00695174
0.00693928
0.00692354
0.00690464
0.00688274
0.00685805
0.00683078
0.00680118
0.00676952
0.00673607
0.00670115
0.00666505
0.00662811
0.00659064
0.00655297
0.00651541
0.00647828
0.00644186
0.00640643
0.00637222
0.00633945
0.00630828
0.00627883
0.00625122
0.00622524
0.00620249
0.00617088
0.00940398
0.00931889
0.00923385
0.00914897
0.00906434
0.00898007
0.00889627
0.00881301
0.00873041
0.00864854
0.0085675
0.00848737
0.00840826
0.00833026
0.00825346
0.00817797
0.0081039
0.00803135
0.00796043
0.00789127
0.00782396
0.00775864
0.0076954
0.00763436
0.00757562
0.00751928
0.00746544
0.00741417
0.00736557
0.0073197
0.00727663
0.00723641
0.0071991
0.00716473
0.00713334
0.00710495
0.00707958
0.00705722
0.00703788
0.00702154
0.00700817
0.00699773
0.00699017
0.00698542
0.0069834
0.00698401
0.00698714
0.00699265
0.00700039
0.00701018
0.00702184
0.00703514
0.00704985
0.00706572
0.00708247
0.00709982
0.00711745
0.00713506
0.00715231
0.00716889
0.00718446
0.00719871
0.00721131
0.007222
0.00723048
0.00723651
0.00723987
0.00724039
0.00723791
0.00723232
0.00722354
0.00721155
0.00719634
0.00717795
0.00715646
0.00713196
0.0071046
0.00707454
0.00704196
0.00700706
0.00697007
0.00693123
0.00689078
0.00684901
0.00680617
0.00676254
0.00671842
0.00667408
0.0066298
0.00658586
0.00654253
0.00650006
0.00645867
0.00641858
0.00637996
0.00634295
0.0063077
0.00627396
0.00624389
0.00620122
0.00987885
0.00980411
0.00972885
0.00965319
0.00957721
0.00950103
0.00942474
0.00934846
0.00927227
0.00919628
0.00912058
0.00904529
0.00897049
0.0088963
0.00882282
0.00875016
0.00867843
0.00860776
0.00853826
0.00847005
0.00840324
0.00833797
0.00827434
0.00821247
0.00815248
0.00809446
0.00803853
0.00798477
0.00793328
0.00788414
0.00783742
0.00779319
0.00775151
0.00771243
0.007676
0.00764223
0.00761117
0.00758282
0.00755717
0.00753424
0.00751399
0.00749639
0.00748139
0.00746893
0.00745894
0.00745131
0.00744595
0.00744271
0.00744145
0.007442
0.00744417
0.00744775
0.00745252
0.00745823
0.00746462
0.00747142
0.00747833
0.00748506
0.00749132
0.00749679
0.00750118
0.00750421
0.00750558
0.00750506
0.00750239
0.00749737
0.00748981
0.00747957
0.00746653
0.00745061
0.00743176
0.00740997
0.00738527
0.00735772
0.00732739
0.0072944
0.0072589
0.00722103
0.00718097
0.00713891
0.00709507
0.00704965
0.00700289
0.006955
0.00690624
0.00685683
0.00680702
0.00675705
0.00670717
0.0066576
0.00660858
0.00656033
0.00651305
0.00646694
0.00642215
0.00637884
0.00633715
0.0062968
0.00626043
0.00620802
0.0102644
0.0102007
0.0101361
0.0100705
0.0100042
0.00993723
0.00986963
0.00980154
0.00973306
0.00966428
0.00959529
0.00952621
0.00945713
0.00938816
0.0093194
0.00925098
0.00918301
0.00911559
0.00904886
0.00898294
0.00891793
0.00885398
0.00879119
0.00872969
0.00866959
0.008611
0.00855403
0.00849878
0.00844535
0.00839382
0.00834428
0.00829681
0.00825147
0.00820832
0.00816741
0.00812878
0.00809247
0.0080585
0.00802687
0.00799759
0.00797064
0.00794601
0.00792364
0.00790348
0.00788547
0.00786952
0.00785552
0.00784335
0.00783287
0.00782393
0.00781634
0.00780991
0.00780442
0.00779965
0.00779536
0.00779129
0.00778717
0.00778273
0.00777771
0.00777183
0.00776482
0.00775644
0.00774643
0.00773458
0.00772068
0.00770457
0.0076861
0.00766514
0.00764163
0.0076155
0.00758675
0.00755538
0.00752144
0.00748501
0.00744617
0.00740505
0.00736179
0.00731654
0.00726948
0.00722078
0.00717064
0.00711925
0.0070668
0.00701351
0.00695957
0.00690519
0.00685057
0.00679591
0.00674141
0.00668726
0.00663367
0.0065808
0.00652883
0.00647792
0.00642822
0.00637984
0.00633295
0.00628719
0.00624564
0.00618502
0.0105667
0.0105138
0.0104596
0.0104042
0.0103476
0.01029
0.0102314
0.0101719
0.0101116
0.0100506
0.00998892
0.00992671
0.00986406
0.00980107
0.00973783
0.00967446
0.00961106
0.00954776
0.00948466
0.00942188
0.00935954
0.00929777
0.00923667
0.00917637
0.00911699
0.00905863
0.0090014
0.00894542
0.00889077
0.00883756
0.00878586
0.00873577
0.00868735
0.00864067
0.00859579
0.00855275
0.00851161
0.00847238
0.00843508
0.00839973
0.00836632
0.00833483
0.00830523
0.00827748
0.00825152
0.00822726
0.00820462
0.00818349
0.00816373
0.00814521
0.00812776
0.00811121
0.00809535
0.00807999
0.0080649
0.00804985
0.00803461
0.00801894
0.00800259
0.00798533
0.00796693
0.00794717
0.00792585
0.00790279
0.00787782
0.0078508
0.00782163
0.00779023
0.00775654
0.00772055
0.00768225
0.0076417
0.00759895
0.00755408
0.00750721
0.00745846
0.00740797
0.0073559
0.0073024
0.00724765
0.00719183
0.0071351
0.00707765
0.00701965
0.00696127
0.00690269
0.00684407
0.00678558
0.00672737
0.00666961
0.00661243
0.006556
0.00650043
0.00644586
0.00639241
0.00634015
0.00628925
0.00623927
0.00619367
0.00612642
0.0107937
0.0107505
0.0107058
0.0106597
0.0106122
0.0105634
0.0105132
0.0104619
0.0104095
0.0103559
0.0103014
0.010246
0.0101897
0.0101328
0.0100751
0.0100169
0.00995832
0.00989935
0.00984014
0.00978081
0.00972147
0.00966223
0.0096032
0.00954449
0.00948622
0.00942851
0.00937144
0.00931514
0.00925969
0.0092052
0.00915175
0.00909943
0.00904831
0.00899847
0.00894997
0.00890286
0.00885719
0.00881299
0.0087703
0.00872912
0.00868947
0.00865133
0.00861468
0.00857948
0.0085457
0.00851326
0.00848209
0.00845208
0.00842313
0.00839511
0.00836787
0.00834126
0.00831512
0.00828925
0.00826346
0.00823756
0.00821133
0.00818458
0.0081571
0.00812868
0.00809915
0.0080683
0.008036
0.00800208
0.00796643
0.00792894
0.00788954
0.00784819
0.00780486
0.00775955
0.00771231
0.00766318
0.00761224
0.00755959
0.00750535
0.00744964
0.0073926
0.0073344
0.00727517
0.00721508
0.00715429
0.00709295
0.00703123
0.00696927
0.00690722
0.00684522
0.00678341
0.00672191
0.00666086
0.00660037
0.00654055
0.00648151
0.00642335
0.00636616
0.00631001
0.00625497
0.00620118
0.0061481
0.00609956
0.00602723
0.0109546
0.0109193
0.0108824
0.010844
0.0108041
0.0107626
0.0107197
0.0106753
0.0106296
0.0105826
0.0105343
0.0104848
0.0104342
0.0103825
0.0103299
0.0102763
0.010222
0.0101669
0.0101113
0.0100551
0.00999848
0.00994157
0.00988445
0.00982722
0.00977
0.00971289
0.00965598
0.00959938
0.00954319
0.0094875
0.00943239
0.00937796
0.00932428
0.00927142
0.00921945
0.00916842
0.0091184
0.00906941
0.00902149
0.00897467
0.00892895
0.00888434
0.00884082
0.00879838
0.00875697
0.00871654
0.00867702
0.00863835
0.00860041
0.00856312
0.00852634
0.00848994
0.00845377
0.00841769
0.00838153
0.00834512
0.00830829
0.00827088
0.0082327
0.00819361
0.00815345
0.00811208
0.00806937
0.00802523
0.00797955
0.00793229
0.00788339
0.00783283
0.00778063
0.00772682
0.00767144
0.00761456
0.00755629
0.00749671
0.00743596
0.00737415
0.00731144
0.00724796
0.00718385
0.00711927
0.00705436
0.00698925
0.00692409
0.006859
0.00679411
0.00672952
0.00666535
0.0066017
0.00653865
0.0064763
0.00641473
0.00635399
0.00629417
0.00623531
0.00617746
0.00612064
0.00606499
0.00600988
0.00595943
0.00588349
0.0110571
0.0110275
0.0109962
0.0109634
0.0109289
0.0108928
0.0108552
0.010816
0.0107752
0.010733
0.0106893
0.0106442
0.0105978
0.0105501
0.0105011
0.010451
0.0103999
0.0103477
0.0102946
0.0102407
0.010186
0.0101306
0.0100748
0.0100184
0.00996168
0.00990468
0.0098475
0.00979024
0.00973299
0.00967583
0.00961885
0.00956213
0.00950576
0.00944979
0.0093943
0.00933935
0.00928498
0.00923125
0.0091782
0.00912584
0.0090742
0.00902328
0.00897309
0.00892361
0.00887481
0.00882666
0.00877911
0.00873209
0.00868553
0.00863934
0.00859342
0.00854768
0.00850198
0.0084562
0.00841022
0.00836389
0.00831709
0.00826968
0.00822153
0.00817251
0.00812252
0.00807144
0.0080192
0.00796573
0.00791096
0.00785488
0.00779746
0.00773872
0.00767868
0.0076174
0.00755494
0.00749139
0.00742684
0.0073614
0.0072952
0.00722835
0.007161
0.00709328
0.00702531
0.00695724
0.00688919
0.00682128
0.00675362
0.00668633
0.0066195
0.00655323
0.00648759
0.00642266
0.00635849
0.00629516
0.0062327
0.00617116
0.00611057
0.00605095
0.00599233
0.00593469
0.00587813
0.00582197
0.00577059
0.00569244
0.0111068
0.0110801
0.0110519
0.011022
0.0109905
0.0109573
0.0109224
0.010886
0.0108479
0.0108082
0.010767
0.0107242
0.01068
0.0106343
0.0105872
0.0105388
0.0104891
0.0104382
0.0103862
0.0103332
0.0102791
0.0102241
0.0101683
0.0101118
0.0100546
0.00999688
0.00993865
0.00988001
0.00982106
0.00976188
0.00970254
0.00964313
0.00958371
0.00952435
0.00946513
0.00940609
0.00934729
0.00928878
0.0092306
0.00917278
0.00911534
0.00905829
0.00900165
0.00894541
0.00888955
0.00883405
0.00877887
0.00872398
0.0086693
0.00861478
0.00856034
0.00850591
0.00845138
0.00839666
0.00834166
0.00828627
0.00823039
0.00817392
0.00811677
0.00805886
0.0080001
0.00794043
0.0078798
0.00781817
0.00775552
0.00769185
0.00762716
0.0075615
0.0074949
0.00742744
0.00735919
0.00729024
0.0072207
0.00715067
0.00708027
0.00700963
0.00693886
0.00686808
0.00679743
0.00672701
0.00665693
0.0065873
0.00651821
0.00644974
0.00638198
0.00631499
0.00624883
0.00618355
0.00611919
0.00605577
0.00599332
0.00593185
0.00587138
0.00581189
0.00575339
0.00569582
0.00563929
0.005583
0.0055316
0.00545256
0.011105
0.0110784
0.0110502
0.0110203
0.0109888
0.0109556
0.0109208
0.0108843
0.0108462
0.0108064
0.0107651
0.0107221
0.0106776
0.0106317
0.0105842
0.0105354
0.0104852
0.0104336
0.0103809
0.0103269
0.0102718
0.0102157
0.0101586
0.0101005
0.0100416
0.00998201
0.00992168
0.00986074
0.00979925
0.0097373
0.00967496
0.00961229
0.00954936
0.00948624
0.00942298
0.00935965
0.00929629
0.00923295
0.00916967
0.00910649
0.00904342
0.0089805
0.00891772
0.00885511
0.00879264
0.00873031
0.0086681
0.00860597
0.0085439
0.00848183
0.0084197
0.00835747
0.00829507
0.00823242
0.00816947
0.00810614
0.00804235
0.00797806
0.00791319
0.00784769
0.00778152
0.00771465
0.00764705
0.00757871
0.00750965
0.00743987
0.00736942
0.00729834
0.0072267
0.00715457
0.00708202
0.00700917
0.00693611
0.00686294
0.00678977
0.00671673
0.00664391
0.00657143
0.00649938
0.00642788
0.006357
0.00628684
0.00621746
0.00614893
0.00608132
0.00601466
0.00594899
0.00588433
0.00582071
0.00575814
0.00569661
0.00563611
0.00557664
0.00551816
0.00546064
0.00540402
0.00534839
0.00529286
0.00524232
0.00516364
0.0110475
0.0110178
0.0109864
0.0109535
0.0109189
0.0108826
0.0108448
0.0108053
0.0107642
0.0107215
0.0106773
0.0106315
0.0105842
0.0105354
0.0104852
0.0104336
0.0103806
0.0103264
0.0102708
0.0102141
0.0101562
0.0100972
0.0100372
0.00997627
0.00991438
0.00985165
0.00978814
0.0097239
0.00965902
0.00959355
0.00952754
0.00946108
0.0093942
0.00932698
0.00925946
0.0091917
0.00912374
0.00905563
0.0089874
0.00891909
0.00885073
0.00878234
0.00871393
0.00864553
0.00857712
0.0085087
0.00844028
0.00837182
0.00830332
0.00823473
0.00816603
0.00809719
0.00802815
0.00795888
0.00788934
0.00781948
0.00774927
0.00767866
0.00760763
0.00753615
0.0074642
0.00739179
0.00731891
0.00724557
0.00717181
0.00709767
0.00702318
0.00694842
0.00687344
0.00679834
0.00672319
0.0066481
0.00657314
0.00649844
0.00642407
0.00635015
0.00627677
0.00620401
0.00613198
0.00606074
0.00599037
0.00592093
0.00585248
0.00578507
0.00571872
0.00565346
0.00558932
0.0055263
0.0054644
0.00540361
0.00534391
0.00528528
0.00522768
0.00517106
0.00511539
0.00506056
0.00500667
0.00495276
0.00490389
0.00482681
0.0109228
0.0108867
0.010849
0.0108097
0.0107689
0.0107265
0.0106826
0.0106372
0.0105902
0.0105419
0.010492
0.0104408
0.0103882
0.0103342
0.0102789
0.0102223
0.0101646
0.0101056
0.0100454
0.00998421
0.00992192
0.00985862
0.00979435
0.00972918
0.00966314
0.0095963
0.0095287
0.0094604
0.00939145
0.0093219
0.00925181
0.00918122
0.00911019
0.00903877
0.00896699
0.00889491
0.00882257
0.00875
0.00867724
0.00860433
0.00853129
0.00845813
0.00838489
0.00831158
0.0082382
0.00816475
0.00809125
0.00801768
0.00794403
0.0078703
0.00779646
0.00772249
0.00764839
0.00757412
0.00749967
0.00742501
0.00735014
0.00727503
0.00719969
0.00712411
0.00704829
0.00697226
0.00689604
0.00681965
0.00674314
0.00666655
0.00658996
0.00651341
0.00643699
0.00636077
0.00628484
0.00620928
0.00613419
0.00605964
0.00598572
0.00591252
0.00584013
0.0057686
0.00569801
0.00562843
0.0055599
0.00549247
0.00542617
0.00536104
0.00529709
0.00523432
0.00517275
0.00511236
0.00505314
0.00499506
0.00493808
0.00488218
0.00482729
0.00477337
0.00472035
0.00466813
0.00461678
0.0045653
0.00451889
0.00444459
0.0107106
0.0106649
0.0106178
0.0105693
0.0105193
0.010468
0.0104153
0.0103614
0.0103061
0.0102496
0.0101919
0.0101331
0.0100731
0.010012
0.00994978
0.00988656
0.00982236
0.00975719
0.0096911
0.00962412
0.00955629
0.00948765
0.00941824
0.0093481
0.00927726
0.00920576
0.00913366
0.00906098
0.00898776
0.00891406
0.0088399
0.00876533
0.00869038
0.0086151
0.00853953
0.00846368
0.00838761
0.00831134
0.0082349
0.00815833
0.00808163
0.00800484
0.00792797
0.00785104
0.00777406
0.00769705
0.00761999
0.00754291
0.00746579
0.00738865
0.00731147
0.00723424
0.00715698
0.00707967
0.00700231
0.0069249
0.00684744
0.00676994
0.00669241
0.00661486
0.00653733
0.00645983
0.0063824
0.00630509
0.00622794
0.00615101
0.00607437
0.00599807
0.00592219
0.0058468
0.00577198
0.0056978
0.00562435
0.00555168
0.00547989
0.00540902
0.00533915
0.00527033
0.00520262
0.00513605
0.00507065
0.00500647
0.00494351
0.00488179
0.00482131
0.00476207
0.00470405
0.00464723
0.00459159
0.00453708
0.00448367
0.0044313
0.00437993
0.00432947
0.00427987
0.004231
0.00418296
0.00413466
0.00409141
0.00402105
0.0103812
0.0103233
0.0102642
0.010204
0.0101427
0.0100803
0.010017
0.00995265
0.00988741
0.00982128
0.0097543
0.00968652
0.00961797
0.00954867
0.00947867
0.00940799
0.00933667
0.00926473
0.0091922
0.00911911
0.00904549
0.00897136
0.00889676
0.0088217
0.00874621
0.00867032
0.00859406
0.00851746
0.00844053
0.00836331
0.00828582
0.0082081
0.00813016
0.00805203
0.00797374
0.00789532
0.00781678
0.00773816
0.00765947
0.00758073
0.00750196
0.00742319
0.00734442
0.00726567
0.00718695
0.00710828
0.00702966
0.0069511
0.00687261
0.00679419
0.00671585
0.00663759
0.00655943
0.00648137
0.00640341
0.00632558
0.00624788
0.00617034
0.00609297
0.00601581
0.00593888
0.00586223
0.00578589
0.00570991
0.00563434
0.00555925
0.00548468
0.0054107
0.00533737
0.00526476
0.00519293
0.00512196
0.00505189
0.00498278
0.00491471
0.0048477
0.00478182
0.0047171
0.00465357
0.00459127
0.0045302
0.00447039
0.00441184
0.00435455
0.00429851
0.0042437
0.00419011
0.0041377
0.00408643
0.00403627
0.00398716
0.00393905
0.00389188
0.00384558
0.00380007
0.00375523
0.00371116
0.00366675
0.00362728
0.00356199
0.00989558
0.00982396
0.00975163
0.00967864
0.00960505
0.0095309
0.00945624
0.00938112
0.00930558
0.00922965
0.00915336
0.00907676
0.00899987
0.00892271
0.00884532
0.0087677
0.00868988
0.00861188
0.00853371
0.0084554
0.00837694
0.00829837
0.00821968
0.00814089
0.00806201
0.00798305
0.00790403
0.00782495
0.00774583
0.00766668
0.00758751
0.00750834
0.00742917
0.00735003
0.00727091
0.00719185
0.00711284
0.00703391
0.00695506
0.00687631
0.00679767
0.00671916
0.00664077
0.00656254
0.00648445
0.00640653
0.00632879
0.00625122
0.00617385
0.00609668
0.00601972
0.00594299
0.00586649
0.00579024
0.00571426
0.00563856
0.00556317
0.00548811
0.0054134
0.00533909
0.0052652
0.00519178
0.00511886
0.00504649
0.00497473
0.00490361
0.0048332
0.00476354
0.0046947
0.00462671
0.00455965
0.00449355
0.00442847
0.00436445
0.00430153
0.00423974
0.00417913
0.00411971
0.00406151
0.00400454
0.00394881
0.00389432
0.00384107
0.00378904
0.00373823
0.00368861
0.00364016
0.00359283
0.0035466
0.00350141
0.00345722
0.00341397
0.0033716
0.00333003
0.0032892
0.00324898
0.00320948
0.00316958
0.00313445
0.0030753
0.00920984
0.00912501
0.00904016
0.00895532
0.00887055
0.00878589
0.00870136
0.00861701
0.00853285
0.00844891
0.00836521
0.00828176
0.00819858
0.00811568
0.00803307
0.00795075
0.00786872
0.00778698
0.00770554
0.0076244
0.00754354
0.00746297
0.00738268
0.00730266
0.00722292
0.00714344
0.00706422
0.00698526
0.00690655
0.00682809
0.00674988
0.00667191
0.00659419
0.00651671
0.00643948
0.00636248
0.00628574
0.00620925
0.00613301
0.00605702
0.00598129
0.00590583
0.00583064
0.00575573
0.00568109
0.00560675
0.00553269
0.00545894
0.0053855
0.00531239
0.0052396
0.00516715
0.00509507
0.00502336
0.00495203
0.00488112
0.00481065
0.00474063
0.0046711
0.00460208
0.00453361
0.00446573
0.00439847
0.00433187
0.00426598
0.00420083
0.00413646
0.00407293
0.00401028
0.00394854
0.00388775
0.00382796
0.00376921
0.00371151
0.00365492
0.00359944
0.0035451
0.00349193
0.00343992
0.00338909
0.00333945
0.00329099
0.0032437
0.00319756
0.00315258
0.00310871
0.00306593
0.00302422
0.00298352
0.00294381
0.00290503
0.00286712
0.00283004
0.00279371
0.00275807
0.00272301
0.00268862
0.00265383
0.00262354
0.00257167
0.00828389
0.00818937
0.00809566
0.00800277
0.00791071
0.00781949
0.00772913
0.00763961
0.00755095
0.00746314
0.00737617
0.00729003
0.00720471
0.00712021
0.00703649
0.00695355
0.00687137
0.00678993
0.00670921
0.00662918
0.00654983
0.00647114
0.00639307
0.00631562
0.00623875
0.00616245
0.0060867
0.00601147
0.00593675
0.00586252
0.00578877
0.00571548
0.00564263
0.00557022
0.00549822
0.00542664
0.00535546
0.00528468
0.00521429
0.00514428
0.00507465
0.0050054
0.00493653
0.00486803
0.0047999
0.00473215
0.00466479
0.00459781
0.00453121
0.00446502
0.00439922
0.00433385
0.00426889
0.00420438
0.00414032
0.00407673
0.00401362
0.00395103
0.00388897
0.00382747
0.00376654
0.00370623
0.00364656
0.00358757
0.00352927
0.00347172
0.00341493
0.00335895
0.00330381
0.00324953
0.00319616
0.00314372
0.00309225
0.00304176
0.00299229
0.00294385
0.00289647
0.00285015
0.00280492
0.00276078
0.00271772
0.00267576
0.00263489
0.00259509
0.00255635
0.00251866
0.00248199
0.00244631
0.00241159
0.0023778
0.00234488
0.00231281
0.00228152
0.00225095
0.00222106
0.00219174
0.0021631
0.00213412
0.00210922
0.00206601
0.00709851
0.00700138
0.00690585
0.00681187
0.00671943
0.00662848
0.006539
0.00645096
0.00636431
0.00627902
0.00619506
0.00611238
0.00603095
0.00595074
0.00587169
0.00579377
0.00571695
0.00564119
0.00556644
0.00549266
0.00541982
0.00534789
0.00527682
0.00520658
0.00513713
0.00506844
0.00500048
0.00493322
0.00486662
0.00480066
0.00473531
0.00467055
0.00460635
0.00454269
0.00447956
0.00441693
0.00435478
0.0042931
0.00423188
0.00417111
0.00411077
0.00405085
0.00399136
0.00393227
0.00387358
0.0038153
0.00375742
0.00369993
0.00364284
0.00358615
0.00352986
0.00347398
0.0034185
0.00336345
0.00330882
0.00325463
0.00320088
0.0031476
0.00309479
0.00304247
0.00299067
0.00293939
0.00288867
0.00283853
0.00278899
0.00274008
0.00269182
0.00264426
0.0025974
0.0025513
0.00250598
0.00246147
0.00241779
0.00237499
0.00233309
0.00229212
0.00225209
0.00221304
0.00217497
0.0021379
0.00210185
0.00206682
0.0020328
0.0019998
0.00196781
0.00193682
0.0019068
0.00187775
0.00184962
0.0018224
0.00179605
0.00177053
0.0017458
0.00172181
0.00169852
0.00167584
0.00165386
0.00163176
0.00161304
0.00158045
0.00567982
0.00559011
0.00550247
0.00541683
0.00533312
0.00525126
0.0051712
0.00509287
0.0050162
0.00494114
0.00486761
0.00479557
0.00472494
0.00465569
0.00458774
0.00452106
0.00445558
0.00439125
0.00432803
0.00426586
0.0042047
0.0041445
0.00408523
0.00402683
0.00396926
0.00391249
0.00385648
0.00380118
0.00374658
0.00369262
0.00363929
0.00358655
0.00353438
0.00348274
0.00343161
0.00338098
0.00333081
0.00328109
0.0032318
0.00318292
0.00313444
0.00308635
0.00303862
0.00299124
0.00294422
0.00289753
0.00285116
0.00280511
0.00275938
0.00271395
0.00266882
0.00262399
0.00257945
0.00253521
0.00249127
0.00244763
0.00240429
0.00236127
0.00231856
0.00227619
0.00223418
0.00219253
0.00215127
0.00211043
0.00207003
0.00203011
0.0019907
0.00195184
0.00191357
0.00187593
0.00183896
0.00180271
0.00176721
0.00173252
0.00169867
0.00166569
0.00163362
0.0016025
0.00157234
0.00154316
0.00151499
0.00148783
0.00146168
0.00143655
0.00141244
0.00138932
0.00136719
0.00134603
0.00132581
0.00130651
0.00128809
0.00127053
0.00125378
0.00123781
0.00122257
0.00120799
0.00119412
0.00118043
0.00116908
0.00114965
0.00412532
0.00405343
0.00398357
0.00391566
0.0038496
0.00378531
0.00372272
0.00366173
0.00360229
0.00354432
0.00348776
0.00343253
0.00337859
0.00332586
0.00327429
0.00322383
0.00317443
0.00312604
0.0030786
0.00303207
0.0029864
0.00294156
0.0028975
0.00285417
0.00281155
0.00276959
0.00272826
0.00268752
0.00264735
0.0026077
0.00256856
0.00252988
0.00249165
0.00245383
0.00241641
0.00237935
0.00234264
0.00230624
0.00227015
0.00223433
0.00219878
0.00216346
0.00212837
0.00209349
0.00205879
0.00202427
0.00198991
0.0019557
0.00192163
0.00188768
0.00185386
0.00182015
0.00178655
0.00175307
0.00171971
0.00168648
0.00165338
0.00162045
0.00158768
0.00155512
0.0015228
0.00149074
0.001459
0.00142761
0.00139662
0.00136609
0.00133608
0.00130663
0.0012778
0.00124966
0.00122225
0.00119562
0.00116983
0.00114493
0.00112094
0.0010979
0.00107585
0.00105479
0.00103476
0.00101575
0.000997764
0.000980808
0.00096487
0.000949935
0.000935985
0.000922998
0.000910947
0.000899804
0.000889535
0.000880105
0.000871476
0.000863609
0.000856461
0.000849989
0.000844147
0.000838881
0.000834175
0.000829837
0.000826424
0.00082113
0.00261132
0.00256361
0.00251738
0.00247255
0.00242907
0.00238686
0.00234584
0.00230597
0.00226718
0.00222941
0.00219262
0.00215675
0.00212175
0.00208759
0.00205421
0.00202158
0.00198966
0.00195841
0.00192779
0.00189777
0.00186832
0.0018394
0.00181098
0.00178303
0.00175552
0.00172843
0.00170172
0.00167537
0.00164936
0.00162365
0.00159823
0.00157307
0.00154814
0.00152343
0.00149891
0.00147456
0.00145037
0.00142631
0.00140237
0.00137853
0.00135478
0.0013311
0.00130748
0.00128391
0.00126039
0.00123691
0.00121348
0.00119008
0.00116673
0.00114344
0.00112022
0.00109709
0.00107407
0.00105118
0.00102845
0.00100593
0.000983641
0.000961632
0.000939949
0.000918637
0.000897747
0.000877328
0.000857431
0.000838105
0.0008194
0.00080136
0.000784028
0.000767444
0.000751639
0.000736645
0.000722484
0.000709173
0.000696727
0.000685151
0.000674446
0.000664609
0.00065563
0.000647497
0.000640193
0.000633695
0.00062798
0.000623021
0.000618788
0.000615248
0.000612369
0.000610116
0.00060845
0.000607335
0.000606733
0.000606603
0.000606906
0.000607602
0.000608651
0.000610013
0.000611646
0.000613513
0.000615563
0.000617826
0.000619869
0.000623658
0.00134261
0.00131753
0.00129321
0.00126962
0.00124673
0.00122448
0.00120285
0.00118181
0.00116131
0.00114133
0.00112185
0.00110283
0.00108426
0.0010661
0.00104835
0.00103096
0.00101393
0.000997238
0.000980861
0.000964785
0.000948991
0.000933464
0.00091819
0.000903152
0.000888338
0.000873734
0.000859329
0.000845111
0.00083107
0.000817195
0.00080348
0.000789916
0.000776497
0.000763218
0.000750077
0.00073707
0.000724197
0.000711458
0.000698858
0.000686398
0.000674086
0.000661929
0.000649936
0.000638119
0.000626489
0.000615061
0.00060385
0.000592873
0.000582149
0.000571695
0.000561533
0.000551682
0.000542162
0.000532994
0.000524198
0.000515794
0.0005078
0.000500233
0.00049311
0.000486445
0.000480251
0.000474538
0.000469314
0.000464586
0.000460357
0.000456629
0.0004534
0.000450666
0.000448423
0.000446662
0.000445372
0.000444541
0.000444154
0.000444196
0.000444647
0.000445489
0.0004467
0.000448257
0.000450136
0.000452312
0.000454759
0.00045745
0.000460358
0.000463453
0.000466707
0.000470091
0.000473575
0.000477132
0.000480731
0.000484346
0.000487948
0.000491512
0.000495013
0.000498425
0.000501728
0.000504898
0.000507913
0.000510794
0.000513211
0.000516921
0.000478613
0.00047063
0.000462983
0.000455658
0.000448639
0.00044191
0.000435458
0.000429269
0.000423329
0.000417628
0.000412154
0.000406896
0.000401844
0.000396989
0.000392321
0.000387834
0.000383517
0.000379365
0.00037537
0.000371525
0.000367825
0.000364263
0.000360835
0.000357536
0.000354361
0.000351305
0.000348367
0.000345541
0.000342826
0.000340219
0.000337717
0.000335321
0.000333027
0.000330836
0.000328746
0.000326759
0.000324874
0.000323092
0.000321414
0.000319842
0.000318377
0.000317021
0.000315778
0.000314649
0.000313638
0.000312748
0.000311982
0.000311346
0.000310842
0.000310476
0.000310252
0.000310174
0.000310248
0.000310479
0.000310871
0.00031143
0.00031216
0.000313067
0.000314155
0.000315427
0.000316888
0.000318539
0.000320384
0.000322422
0.000324654
0.000327078
0.00032969
0.000332485
0.000335457
0.000338594
0.000341887
0.000345321
0.000348878
0.000352541
0.000356285
0.000360089
0.000363924
0.000367763
0.000371574
0.000375328
0.000378992
0.000382534
0.000385922
0.000389126
0.000392116
0.000394866
0.000397351
0.000399552
0.00040145
0.000403032
0.000404288
0.000405213
0.000405802
0.000406057
0.000405984
0.000405572
0.000404893
0.000403734
0.000402882
0.000399958
0.00019011
0.000190963
0.000191782
0.000192567
0.000193317
0.000194031
0.00019471
0.000195353
0.00019596
0.000196532
0.000197067
0.000197566
0.000198029
0.000198455
0.000198845
0.000199198
0.000199515
0.000199795
0.000200038
0.000200245
0.000200414
0.000200546
0.000200641
0.000200699
0.000200719
0.000200701
0.000200645
0.000200551
0.000200418
0.000200245
0.000200033
0.00019978
0.000199487
0.000199153
0.000198776
0.000198357
0.000197894
0.000197387
0.000196836
0.000196238
0.000195595
0.000194904
0.000194166
0.000193379
0.000192543
0.000191658
0.000190723
0.000189737
0.000188702
0.000187617
0.000186481
0.000185297
0.000184065
0.000182786
0.000181463
0.000180095
0.000178688
0.000177243
0.000175763
0.000174254
0.000172719
0.000171163
0.000169591
0.00016801
0.000166426
0.000164846
0.000163276
0.000161723
0.000160195
0.000158698
0.000157239
0.000155825
0.000154461
0.000153153
0.000151904
0.000150719
0.0001496
0.000148549
0.000147565
0.000146649
0.000145798
0.000145011
0.000144283
0.000143611
0.000142991
0.000142417
0.000141884
0.000141387
0.00014092
0.000140478
0.000140055
0.000139647
0.000139248
0.000138855
0.000138464
0.000138067
0.000137671
0.000137239
0.000136886
0.000136162
2.3347e-07
4.09293e-06
7.68022e-06
1.00189e-05
1.08235e-05
1.05459e-05
9.78271e-06
8.73112e-06
7.68815e-06
6.5971e-06
5.90701e-06
1.48007e-05
1.67577e-05
8.05178e-06
5.17228e-05
7.59346e-05
9.38042e-05
0.000108108
0.000120135
0.000130566
0.000139791
0.000148045
0.000155483
0.000162217
0.000168344
0.000173949
0.000179112
0.000183907
0.000188398
0.00019264
0.000196679
0.00020055
0.00020428
0.000207889
0.000211394
0.000214808
0.000218145
0.000221423
0.000224663
0.00022788
0.000231029
0.000234115
0.000237142
0.000240108
0.000243006
0.000245829
0.000248568
0.000251215
0.000253759
0.000256191
0.000258499
0.000260671
0.000262697
0.000264563
0.000266258
0.000267769
0.000269084
0.000270191
0.00027108
0.00027174
0.000272162
0.00027234
0.000272266
0.000271936
0.00027135
0.000270509
0.000269417
0.000268081
0.000266514
0.000264779
0.000263125
0.000262326
0.000262028
0.000261637
0.000261064
0.000260315
0.00025941
0.000258367
0.000257204
0.000255935
0.000254573
0.00025313
0.000251618
0.000250048
0.000248431
0.000246776
0.000245093
0.000243391
0.000241677
0.00023996
0.000238247
0.000236545
0.000234862
0.000233206
0.000231586
0.000230015
0.000228514
0.000227115
0.000225885
0.000224825
2.65836e-06
9.68229e-06
2.66512e-05
4.55222e-05
5.51247e-05
5.22273e-05
4.00167e-05
2.63215e-05
5.83904e-06
2.27325e-05
7.40157e-05
9.95632e-05
0.000118109
0.000137461
0.000157694
0.000185558
0.000219694
0.000261285
0.000310699
0.00036746
0.000430188
0.00049685
0.000565148
0.000632929
0.000698495
0.000760755
0.00081922
0.000873894
0.000925113
0.000973386
0.00101927
0.0010633
0.00110587
0.00114727
0.00118763
0.00122687
0.00126473
0.0013007
0.00133427
0.0013658
0.0013968
0.00142776
0.00145871
0.00148962
0.00152047
0.00155119
0.00158173
0.00161202
0.00164197
0.0016715
0.00170052
0.00172893
0.00175664
0.00178352
0.00180946
0.00183435
0.00185806
0.00188048
0.00190148
0.00192096
0.0019388
0.00195491
0.00196921
0.0019816
0.00199204
0.00200048
0.00200691
0.00201128
0.00201355
0.00201357
0.00201104
0.00200575
0.00199756
0.00198653
0.00197322
0.00195808
0.00194144
0.00192352
0.00190448
0.00188449
0.00186368
0.00184216
0.00182007
0.00179751
0.00177458
0.00175137
0.00172799
0.00170451
0.001681
0.00165755
0.00163421
0.00161105
0.00158814
0.00156555
0.00154337
0.00152164
0.00150077
0.00148034
0.00146295
0.00144195
5.96122e-06
3.61119e-05
9.70906e-05
0.000117855
0.00010246
7.60228e-05
5.48095e-05
6.4059e-05
9.12452e-05
0.000123073
0.000149075
0.000169857
0.000195942
0.000232162
0.00028504
0.000357826
0.000452083
0.000567456
0.000699777
0.000842066
0.000986245
0.00112514
0.00125378
0.00136978
0.00147284
0.00156402
0.00164503
0.00171775
0.00178391
0.00184498
0.00190212
0.00195625
0.00200804
0.00205798
0.00210647
0.00215384
0.00220045
0.0022468
0.00229353
0.00233963
0.00238531
0.00243063
0.00247552
0.00251991
0.00256373
0.0026069
0.00264935
0.00269099
0.00273175
0.00277155
0.00281031
0.00284794
0.00288438
0.00291955
0.00295335
0.00298573
0.00301659
0.00304588
0.0030735
0.00309941
0.00312351
0.00314577
0.00316612
0.00318452
0.00320091
0.00321526
0.00322754
0.00323772
0.00324573
0.00325147
0.0032547
0.00325528
0.00325321
0.00324854
0.00324137
0.00323185
0.00322017
0.00320646
0.00319088
0.00317355
0.00315459
0.00313413
0.00311229
0.00308919
0.00306495
0.00303967
0.00301349
0.00298652
0.00295885
0.00293062
0.00290192
0.00287287
0.00284358
0.00281416
0.00278476
0.00275548
0.0027267
0.00269816
0.00267254
0.00263892
8.79061e-06
8.8062e-05
0.000129554
0.000120485
0.00010558
0.000101553
0.000110693
0.000130958
0.000154968
0.000178704
0.000203854
0.000238249
0.000290155
0.000366361
0.000472723
0.000607548
0.000766969
0.00094235
0.00112297
0.00129908
0.00146382
0.00161364
0.00174765
0.00186665
0.00197232
0.00206659
0.00215138
0.00222843
0.00229921
0.00236498
0.00242675
0.00248535
0.00254142
0.0025955
0.002648
0.00269929
0.00274973
0.00279969
0.00284885
0.00289697
0.0029441
0.00299025
0.00303541
0.00307955
0.0031226
0.00316453
0.0032053
0.00324488
0.00328324
0.00332037
0.00335626
0.00339091
0.00342432
0.00345652
0.00348752
0.00351736
0.00354606
0.00357365
0.00360018
0.00362566
0.00365013
0.0036736
0.00369609
0.00371761
0.00373815
0.00375768
0.00377617
0.00379359
0.00380985
0.00382485
0.00383844
0.00385048
0.00386086
0.0038695
0.0038763
0.0038812
0.00388417
0.0038852
0.0038843
0.00388146
0.0038767
0.00387006
0.00386157
0.00385127
0.00383922
0.00382549
0.00381016
0.00379329
0.003775
0.00375537
0.00373451
0.00371252
0.00368953
0.00366566
0.00364104
0.00361579
0.00359024
0.00356412
0.00353982
0.00350589
1.14537e-05
0.000121796
0.000154796
0.000141606
0.000135708
0.000141788
0.000155861
0.000174927
0.000197748
0.000226618
0.000267923
0.000330122
0.000420156
0.000541903
0.000693367
0.000866253
0.00105136
0.00123865
0.00142007
0.00159046
0.0017473
0.00188992
0.00201874
0.00213473
0.00223915
0.00233331
0.0024186
0.00249629
0.0025676
0.0026336
0.00269523
0.00275327
0.00280837
0.00286107
0.00291178
0.00296087
0.00300866
0.0030552
0.00310038
0.00314416
0.00318655
0.00322758
0.00326729
0.00330566
0.0033427
0.00337841
0.00341281
0.00344591
0.00347775
0.00350839
0.00353788
0.00356631
0.00359376
0.00362033
0.00364614
0.00367131
0.00369595
0.0037202
0.00374418
0.00376801
0.00379179
0.00381562
0.00383956
0.00386368
0.003888
0.00391253
0.00393723
0.00396205
0.00398691
0.00401169
0.00403624
0.00406038
0.00408396
0.0041068
0.00412868
0.00414941
0.00416881
0.00418672
0.004203
0.00421753
0.0042302
0.00424092
0.00424963
0.00425627
0.00426082
0.00426326
0.00426361
0.00426188
0.00425812
0.00425239
0.00424476
0.0042353
0.00422412
0.00421131
0.004197
0.00418129
0.00416443
0.00414618
0.00412857
0.00410234
1.38286e-05
0.000154078
0.000178408
0.000166194
0.000165129
0.000174117
0.000189855
0.000212063
0.000243331
0.000289055
0.000356072
0.000449997
0.000572805
0.000721651
0.000889065
0.00106615
0.00124522
0.00142007
0.0015866
0.00174252
0.00188678
0.0020191
0.00213967
0.00224903
0.00234796
0.00243738
0.00251834
0.00259193
0.00265918
0.00272108
0.00277849
0.00283217
0.00288272
0.00293068
0.00297643
0.00302033
0.00306257
0.00310327
0.00314242
0.00318003
0.00321615
0.00325081
0.00328405
0.00331591
0.00334643
0.00337565
0.00340362
0.00343042
0.00345612
0.00348082
0.00350465
0.00352772
0.0035502
0.00357223
0.003594
0.00361569
0.00363747
0.00365955
0.00368211
0.00370532
0.00372934
0.00375433
0.00378039
0.00380761
0.00383606
0.00386576
0.00389669
0.00392879
0.00396197
0.0039961
0.00403102
0.00406652
0.00410241
0.00413843
0.00417432
0.0042098
0.00424459
0.00427844
0.00431108
0.00434229
0.00437185
0.00439958
0.00442531
0.00444889
0.00447023
0.00448922
0.0045058
0.00451995
0.00453163
0.00454087
0.00454768
0.00455212
0.00455424
0.00455412
0.00455187
0.00454754
0.00454137
0.0045331
0.00452445
0.00450964
1.61001e-05
0.000181925
0.000199222
0.000188225
0.000190401
0.000203246
0.000225441
0.000259045
0.000308057
0.000377039
0.000469282
0.000585297
0.000722227
0.000874384
0.00103489
0.00119775
0.00135827
0.00151307
0.00165997
0.00179768
0.00192551
0.00204323
0.00215089
0.00224886
0.00233771
0.00241819
0.00249113
0.00255745
0.00261802
0.00267367
0.00272516
0.00277313
0.00281814
0.00286061
0.00290088
0.00293925
0.00297591
0.003011
0.00304458
0.0030767
0.0031074
0.00313673
0.00316473
0.00319148
0.00321702
0.00324144
0.00326481
0.00328722
0.0033088
0.00332967
0.00334997
0.00336988
0.00338958
0.00340926
0.00342914
0.00344943
0.00347035
0.00349214
0.00351502
0.00353918
0.00356484
0.00359216
0.0036213
0.00365237
0.00368544
0.00372056
0.00375773
0.00379689
0.00383796
0.00388079
0.0039252
0.003971
0.00401792
0.0040657
0.00411404
0.00416259
0.00421102
0.00425901
0.0043062
0.00435231
0.00439702
0.00444008
0.00448122
0.00452025
0.00455696
0.00459121
0.00462287
0.00465184
0.00467806
0.00470148
0.0047221
0.00473992
0.00475497
0.0047673
0.00477698
0.00478405
0.00478873
0.00479074
0.00479156
0.00478926
1.85401e-05
0.000205808
0.000217494
0.000208792
0.000217425
0.000241555
0.000280768
0.000336263
0.000409151
0.000499748
0.0006071
0.000728787
0.000861089
0.000999583
0.00114005
0.00127908
0.00141413
0.00154338
0.00166565
0.00178026
0.0018869
0.0019855
0.0020762
0.00215931
0.00223527
0.00230464
0.00236802
0.00242608
0.00247945
0.00252876
0.00257457
0.00261738
0.00265753
0.00269537
0.00273121
0.00276527
0.00279776
0.00282879
0.00285846
0.00288682
0.00291393
0.00293985
0.00296462
0.00298833
0.00301104
0.00303285
0.00305384
0.00307414
0.00309386
0.00311317
0.00313223
0.00315122
0.00317034
0.00318981
0.00320985
0.00323071
0.00325263
0.00327584
0.00330059
0.00332711
0.00335561
0.00338628
0.0034193
0.00345479
0.00349285
0.00353353
0.00357685
0.00362277
0.00367121
0.00372202
0.00377502
0.00383
0.0038867
0.00394482
0.00400402
0.00406395
0.00412422
0.00418446
0.00424428
0.0043033
0.00436118
0.00441758
0.00447218
0.00452472
0.00457494
0.00462264
0.00466763
0.00470977
0.00474895
0.0047851
0.00481815
0.00484808
0.0048749
0.00489861
0.00491929
0.00493693
0.00495178
0.0049635
0.00497335
0.00498326
2.11112e-05
0.000225792
0.000235927
0.000238304
0.000270378
0.000326775
0.000399972
0.00048422
0.000576159
0.000674206
0.00077744
0.00088478
0.000994698
0.00110529
0.00121478
0.00132167
0.00142477
0.00152329
0.00161673
0.00170487
0.00178766
0.00186515
0.00193749
0.00200487
0.00206752
0.00212575
0.00217988
0.00223027
0.00227728
0.0023213
0.0023626
0.00240143
0.00243808
0.0024728
0.0025058
0.00253726
0.00256733
0.00259613
0.00262374
0.00265023
0.00267566
0.00270009
0.00272357
0.0027462
0.00276804
0.00278919
0.00280976
0.00282988
0.00284968
0.00286932
0.00288897
0.00290883
0.00292911
0.00295003
0.00297181
0.00299471
0.00301898
0.00304485
0.00307259
0.00310242
0.00313456
0.00316923
0.0032066
0.00324681
0.00328999
0.00333618
0.00338543
0.0034377
0.00349293
0.00355097
0.00361167
0.00367479
0.00374007
0.00380719
0.00387581
0.00394555
0.004016
0.00408675
0.00415737
0.00422744
0.00429657
0.00436438
0.0044305
0.00449462
0.00455644
0.0046157
0.00467219
0.00472571
0.00477612
0.00482332
0.00486721
0.00490774
0.00494489
0.00497865
0.00500908
0.00503613
0.00506007
0.00508055
0.00509859
0.00511973
2.31607e-05
0.000241889
0.000266753
0.000312993
0.000403516
0.000508443
0.000610064
0.000703279
0.000788833
0.000869203
0.000946713
0.00102287
0.00109834
0.00117314
0.0012469
0.00131918
0.00138954
0.00145767
0.00152337
0.00158655
0.00164721
0.00170534
0.00176098
0.00181416
0.00186489
0.00191324
0.00195928
0.00200313
0.00204486
0.00208453
0.00212226
0.00215822
0.00219254
0.00222537
0.00225683
0.00228703
0.00231609
0.00234407
0.00237107
0.00239713
0.00242233
0.00244672
0.00247036
0.00249334
0.00251574
0.00253765
0.0025592
0.00258051
0.00260172
0.00262298
0.00264449
0.00266642
0.002689
0.00271243
0.00273695
0.0027628
0.00279023
0.00281949
0.00285083
0.00288448
0.00292067
0.0029596
0.00300148
0.00304645
0.00309463
0.00314612
0.00320094
0.00325909
0.00332051
0.00338507
0.00345261
0.0035229
0.00359568
0.00367062
0.00374736
0.00382552
0.00390466
0.00398434
0.00406411
0.00414354
0.00422218
0.00429961
0.00437546
0.00444934
0.00452094
0.00458998
0.00465618
0.00471935
0.00477929
0.00483589
0.00488902
0.00493861
0.00498463
0.00502703
0.00506587
0.00510108
0.00513295
0.00516108
0.0051863
0.00521742
2.45085e-05
0.000257334
0.000338149
0.000466374
0.000603175
0.000715348
0.000803395
0.000873912
0.00093295
0.00098511
0.00103352
0.00108014
0.00112611
0.00117194
0.00121777
0.00126355
0.00130913
0.00135439
0.00139922
0.00144355
0.00148733
0.00153051
0.00157303
0.00161483
0.00165582
0.00169597
0.00173516
0.00177327
0.00181026
0.00184612
0.00188084
0.00191447
0.00194702
0.00197855
0.00200911
0.00203874
0.00206751
0.00209545
0.00212263
0.00214909
0.00217489
0.00220008
0.00222473
0.00224891
0.00227271
0.00229621
0.00231955
0.00234283
0.0023662
0.00238982
0.00241387
0.00243852
0.00246398
0.00249046
0.0025182
0.00254743
0.00257838
0.00261132
0.00264647
0.00268409
0.0027244
0.00276761
0.00281392
0.0028635
0.00291647
0.00297294
0.00303296
0.00309651
0.00316355
0.00323397
0.0033076
0.00338422
0.00346355
0.00354527
0.003629
0.00371434
0.00380085
0.00388807
0.00397553
0.00406277
0.00414933
0.00423477
0.00431868
0.00440066
0.00448037
0.0045575
0.00463177
0.00470294
0.00477082
0.00483525
0.0048961
0.00495328
0.00500673
0.00505642
0.00510236
0.00514449
0.00518312
0.00521779
0.00524915
0.0052889
2.47712e-05
0.000281855
0.000468603
0.000634255
0.000746293
0.000821446
0.000875397
0.000917177
0.000952048
0.000983247
0.00101278
0.00104186
0.00107114
0.00110094
0.00113137
0.0011624
0.00119395
0.00122595
0.00125835
0.00129108
0.00132412
0.00135741
0.00139093
0.0014246
0.00145833
0.00149197
0.00152545
0.00155867
0.00159156
0.00162404
0.00165606
0.00168756
0.00171852
0.00174892
0.00177874
0.001808
0.00183671
0.00186487
0.00189253
0.00191971
0.00194645
0.0019728
0.00199881
0.00202455
0.0020501
0.00207555
0.002101
0.00212658
0.00215242
0.00217867
0.0022055
0.00223308
0.00226161
0.0022913
0.00232237
0.00235504
0.00238957
0.00242619
0.00246514
0.00250667
0.002551
0.00259836
0.00264896
0.00270295
0.00276048
0.00282166
0.00288653
0.0029551
0.00302731
0.00310305
0.00318216
0.00326439
0.00334947
0.00343707
0.00352679
0.00361823
0.00371094
0.00380443
0.00389825
0.0039919
0.00408492
0.00417687
0.0042673
0.00435583
0.0044421
0.00452576
0.00460655
0.0046842
0.00475851
0.0048293
0.00489644
0.00495982
0.00501938
0.00507505
0.00512688
0.00517474
0.00521899
0.00525914
0.00529563
0.00534268
2.76327e-05
0.000320712
0.000583765
0.000702055
0.00076478
0.000804184
0.000832446
0.00085525
0.000875653
0.000895449
0.000915664
0.000936804
0.00095903
0.000982307
0.0010065
0.00103145
0.00105702
0.00108311
0.00110968
0.00113668
0.00116411
0.00119195
0.00122017
0.00124875
0.00127768
0.00130692
0.00133641
0.00136609
0.0013959
0.00142575
0.00145558
0.00148532
0.00151493
0.00154435
0.00157356
0.00160253
0.00163125
0.0016597
0.00168791
0.00171588
0.00174363
0.0017712
0.00179865
0.00182601
0.00185337
0.00188081
0.00190842
0.00193632
0.00196463
0.00199349
0.00202307
0.00205354
0.00208508
0.0021179
0.00215222
0.00218826
0.00222625
0.00226646
0.0023091
0.00235444
0.00240271
0.00245413
0.0025089
0.00256719
0.00262915
0.00269487
0.00276439
0.00283772
0.00291478
0.00299544
0.00307954
0.00316681
0.00325696
0.00334964
0.00344447
0.00354101
0.00363881
0.00373741
0.00383632
0.00393506
0.00403317
0.0041302
0.00422572
0.00431933
0.00441067
0.00449941
0.00458526
0.00466795
0.00474728
0.00482306
0.00489516
0.00496344
0.00502785
0.00508832
0.00514486
0.00519736
0.00524617
0.00529079
0.00533146
0.00538454
2.56992e-05
0.000367883
0.000573244
0.000648485
0.000682617
0.00070294
0.000717672
0.000730411
0.000743381
0.000757896
0.000774519
0.000793283
0.000813912
0.000835998
0.000859136
0.000882987
0.000907314
0.000931977
0.000956899
0.000982072
0.00100752
0.00103329
0.0010594
0.00108586
0.00111269
0.00113987
0.0011674
0.00119523
0.00122334
0.00125169
0.00128023
0.00130892
0.00133771
0.00136657
0.00139546
0.00142435
0.00145322
0.00148205
0.00151086
0.00153963
0.00156839
0.00159716
0.00162598
0.00165491
0.001684
0.00171332
0.00174298
0.00177308
0.00180373
0.00183508
0.00186727
0.00190049
0.00193491
0.00197074
0.0020082
0.00204751
0.00208892
0.00213266
0.00217899
0.00222816
0.00228039
0.0023359
0.0023949
0.00245754
0.00252395
0.00259421
0.00266833
0.00274629
0.002828
0.00291329
0.00300197
0.00309376
0.00318834
0.00328537
0.00338443
0.0034851
0.00358694
0.00368947
0.00379224
0.00389478
0.00399663
0.00409736
0.00419657
0.00429385
0.00438886
0.00448126
0.00457079
0.00465717
0.00474019
0.00481967
0.00489547
0.00496745
0.00503555
0.00509968
0.00515987
0.00521599
0.00526838
0.00531655
0.00536053
0.00541845
0.000184133
0.00039662
0.000478622
0.000520264
0.000537348
0.000544959
0.000549925
0.00055677
0.000567413
0.000582278
0.000600944
0.000622598
0.000646339
0.000671372
0.000697102
0.000723148
0.00074931
0.00077551
0.000801742
0.000828032
0.000854416
0.000880927
0.000907588
0.00093442
0.000961436
0.000988652
0.00101608
0.00104373
0.0010716
0.0010997
0.00112801
0.00115652
0.00118522
0.00121408
0.0012431
0.00127224
0.00130152
0.0013309
0.00136041
0.00139004
0.00141981
0.00144975
0.0014799
0.0015103
0.00154101
0.00157211
0.0016037
0.00163587
0.00166874
0.00170246
0.00173718
0.00177308
0.00181034
0.00184917
0.00188979
0.00193244
0.00197737
0.0020248
0.00207501
0.00212821
0.00218465
0.00224451
0.00230799
0.0023752
0.00244625
0.00252117
0.00259994
0.00268248
0.00276867
0.00285831
0.00295116
0.00304692
0.00314527
0.00324584
0.00334822
0.003452
0.00355675
0.00366203
0.0037674
0.00387243
0.00397668
0.00407975
0.00418126
0.00428084
0.00437815
0.00447288
0.00456476
0.00465354
0.00473901
0.00482098
0.00489931
0.00497387
0.00504458
0.00511135
0.0051742
0.00523299
0.00528807
0.00533893
0.00538542
0.00544708
)
;

boundaryField
{
    outlet
    {
        type            calculated;
        value           nonuniform List<scalar> 
55
(
0.00547068
0.00549197
0.00551421
0.00553805
0.00556419
0.00559338
0.00562643
0.00566412
0.00570711
0.00575586
0.00581045
0.00587038
0.0059344
0.00600028
0.00606473
0.00612338
0.00617088
0.00620122
0.00620802
0.00618502
0.00612642
0.00602723
0.00588349
0.00569244
0.00545256
0.00516364
0.00482681
0.00444459
0.00402105
0.00356199
0.0030753
0.00257167
0.00206601
0.00158045
0.00114965
0.00082113
0.000623658
0.000516921
0.000399958
0.000136162
0.000224825
0.00144195
0.00263892
0.00350589
0.00410234
0.00450964
0.00478926
0.00498326
0.00511973
0.00521742
0.0052889
0.00534268
0.00538454
0.00541845
0.00544708
)
;
    }
    inlet
    {
        type            calculated;
        value           uniform 0.011383;
    }
    lowerWall
    {
        type            nutkWallFunction;
        Cmu             0.09;
        kappa           0.41;
        E               9.8;
        value           nonuniform List<scalar> 
148
(
0
2.21289e-06
3.89096e-06
4.87688e-06
5.44449e-06
5.76077e-06
5.91982e-06
5.97629e-06
5.9646e-06
5.90761e-06
5.82092e-06
5.71535e-06
5.59845e-06
5.47557e-06
5.35044e-06
5.22565e-06
5.10298e-06
4.98364e-06
4.86837e-06
4.75767e-06
4.65177e-06
4.55078e-06
4.45468e-06
4.3634e-06
4.27678e-06
4.19466e-06
4.11684e-06
4.04313e-06
3.97309e-06
3.9076e-06
3.84107e-06
3.79883e-06
3.66344e-06
0
0
0
0
0
0
0
0
0
0
0
0
0
0
7.9183e-06
0
0
0
0
0
0
0
0
0
0
0
0
0
0
2.36798e-06
5.87327e-06
8.41023e-06
1.04189e-05
1.20944e-05
1.3538e-05
1.48076e-05
1.59381e-05
1.69524e-05
1.78673e-05
1.86969e-05
1.94535e-05
2.01485e-05
2.07924e-05
2.13941e-05
2.19613e-05
2.25002e-05
2.30156e-05
2.35115e-05
2.39904e-05
2.44548e-05
2.49064e-05
2.53472e-05
2.57794e-05
2.6206e-05
2.66291e-05
2.70426e-05
2.74473e-05
2.78438e-05
2.82317e-05
2.86103e-05
2.89786e-05
2.93357e-05
2.96803e-05
3.00112e-05
3.03271e-05
3.06266e-05
3.09084e-05
3.11708e-05
3.14124e-05
3.16317e-05
3.18271e-05
3.1997e-05
3.21401e-05
3.22548e-05
3.234e-05
3.23946e-05
3.24174e-05
3.24079e-05
3.23653e-05
3.22897e-05
3.21811e-05
3.20401e-05
3.18674e-05
3.16649e-05
3.14404e-05
3.12263e-05
3.11228e-05
3.10843e-05
3.10335e-05
3.09594e-05
3.08622e-05
3.07448e-05
3.06096e-05
3.04587e-05
3.02939e-05
3.0117e-05
2.99294e-05
2.97328e-05
2.95285e-05
2.93179e-05
2.91023e-05
2.88828e-05
2.86606e-05
2.84369e-05
2.82125e-05
2.79884e-05
2.77657e-05
2.75453e-05
2.73282e-05
2.71158e-05
2.69096e-05
2.67125e-05
2.65286e-05
2.63669e-05
2.62275e-05
)
;
    }
    upperWall
    {
        type            nutkWallFunction;
        Cmu             0.09;
        kappa           0.41;
        E               9.8;
        value           nonuniform List<scalar> 
133
(
1.19971e-05
1.26791e-05
1.33805e-05
1.40213e-05
1.45939e-05
1.51157e-05
1.55985e-05
1.60478e-05
1.64675e-05
1.68603e-05
1.72284e-05
1.75738e-05
1.7898e-05
1.82026e-05
1.84888e-05
1.87578e-05
1.90107e-05
1.92485e-05
1.94721e-05
1.96825e-05
1.98804e-05
2.00667e-05
2.02419e-05
2.04068e-05
2.0562e-05
2.07082e-05
2.08457e-05
2.09753e-05
2.10972e-05
2.12121e-05
2.13202e-05
2.14221e-05
2.15182e-05
2.16231e-05
2.17372e-05
2.18467e-05
2.19515e-05
2.20516e-05
2.21469e-05
2.22375e-05
2.23233e-05
2.24043e-05
2.24805e-05
2.25518e-05
2.26183e-05
2.268e-05
2.27368e-05
2.27887e-05
2.28357e-05
2.28779e-05
2.29152e-05
2.29475e-05
2.2975e-05
2.29975e-05
2.30152e-05
2.30278e-05
2.30355e-05
2.30382e-05
2.30358e-05
2.30283e-05
2.30158e-05
2.2998e-05
2.29751e-05
2.29468e-05
2.29132e-05
2.28742e-05
2.28297e-05
2.27795e-05
2.27237e-05
2.2662e-05
2.25945e-05
2.2521e-05
2.24414e-05
2.23556e-05
2.22635e-05
2.21649e-05
2.20599e-05
2.19483e-05
2.183e-05
2.17051e-05
2.15733e-05
2.14348e-05
2.12895e-05
2.11375e-05
2.09789e-05
2.08137e-05
2.06421e-05
2.04644e-05
2.02807e-05
2.00915e-05
1.98971e-05
1.9698e-05
1.94946e-05
1.92876e-05
1.90776e-05
1.88654e-05
1.86518e-05
1.84375e-05
1.82236e-05
1.80108e-05
1.78003e-05
1.75929e-05
1.73896e-05
1.71913e-05
1.69989e-05
1.68133e-05
1.6635e-05
1.64649e-05
1.63032e-05
1.61505e-05
1.60069e-05
1.58724e-05
1.57472e-05
1.56308e-05
1.55231e-05
1.54235e-05
1.53315e-05
1.52465e-05
1.51679e-05
1.50948e-05
1.50266e-05
1.49625e-05
1.49018e-05
1.48438e-05
1.47878e-05
1.47331e-05
1.46791e-05
1.46253e-05
1.45709e-05
1.45164e-05
1.4457e-05
1.44086e-05
1.4309e-05
)
;
    }
    frontAndBack
    {
        type            empty;
    }
}


// ************************************************************************* //
