/*--------------------------------*- C++ -*----------------------------------*\
| =========                 |                                                 |
| \\      /  F ield         | OpenFOAM: The Open Source CFD Toolbox           |
|  \\    /   O peration     | Version:  4.1                                   |
|   \\  /    A nd           | Web:      www.OpenFOAM.org                      |
|    \\/     M anipulation  |                                                 |
\*---------------------------------------------------------------------------*/
FoamFile
{
    version     2.0;
    format      ascii;
    class       volScalarField;
    location    "800";
    object      omega;
}
// * * * * * * * * * * * * * * * * * * * * * * * * * * * * * * * * * * * * * //

dimensions      [0 0 -1 0 0 0 0];

internalField   nonuniform List<scalar> 
6820
(
7254.63
8569.06
9629.25
10283
10668.4
10885.8
10995.8
11035
11026.8
10987.3
10927.3
10854.4
10774
10689.7
10604.1
10519.1
10435.8
10355
10277.3
10202.9
10131.9
10064.5
10000.5
9939.93
9882.61
9828.41
9777.18
9728.79
9682.91
9640.12
9596.73
9568.86
9476.68
600.799
1554.22
2092.91
2435.19
2698.34
2895.12
3033.36
3126.97
3188.98
3229.02
3253.95
3268.66
3276.58
3280.08
3280.77
3279.75
3277.77
3275.35
3272.81
3270.37
3268.16
3266.26
3264.71
3263.53
3262.71
3262.26
3262.18
3262.49
3263.24
3264.49
3266.41
3268.96
3274.26
107.108
368.908
596.394
767.386
894.981
993.333
1070.57
1131.54
1179.69
1217.64
1247.46
1270.8
1289.01
1303.18
1314.18
1322.7
1329.28
1334.36
1338.3
1341.35
1343.74
1345.65
1347.19
1348.49
1349.63
1350.66
1351.65
1352.63
1353.65
1354.74
1355.94
1357.27
1358.95
37.6577
108.378
189.201
265.511
332.231
389.334
437.981
479.462
514.908
545.244
571.225
593.485
612.562
628.92
642.953
655.002
665.357
674.267
681.944
688.571
694.302
699.27
703.588
707.352
710.647
713.541
716.098
718.369
720.402
722.236
723.913
725.464
726.937
23.8008
47.5371
77.7008
109.824
141.237
170.722
197.836
222.517
244.873
265.072
283.289
299.702
314.481
327.785
339.76
350.542
360.252
369.003
376.894
384.017
390.453
396.275
401.548
406.329
410.673
414.624
418.226
421.516
424.528
427.295
429.845
432.205
434.411
19.8177
29.4751
42.5079
57.2096
72.4553
87.5719
102.186
116.107
129.248
141.581
153.108
163.852
173.844
183.124
191.734
199.716
207.113
213.966
220.316
226.199
231.653
236.71
241.401
245.757
249.802
253.564
257.065
260.326
263.368
266.209
268.869
271.362
273.708
18.4341
22.8152
29.1685
36.6489
44.6826
52.9063
61.0978
69.1228
76.9009
84.3847
91.5471
98.3754
104.866
111.022
116.85
122.36
127.565
132.478
137.112
141.482
145.602
149.486
153.147
156.599
159.854
162.925
165.823
168.56
171.145
173.59
175.903
178.094
180.174
17.9115
19.9902
23.3042
27.4134
31.9742
36.7598
41.6266
46.4842
51.2743
55.9588
60.5125
64.9192
69.1692
73.257
77.1805
80.9401
84.5375
87.9762
91.2603
94.3946
97.3844
100.235
102.953
105.543
108.011
110.364
112.606
114.743
116.781
118.725
120.58
122.351
124.042
17.7059
18.7013
20.4733
22.8216
25.5371
28.4654
31.5039
34.5854
37.6658
40.7152
43.7129
46.645
49.5015
52.2762
54.9647
57.5649
60.0755
62.4966
64.8288
67.0736
69.2326
71.3079
73.3019
75.217
77.056
78.8214
80.516
82.1426
83.7039
85.2027
86.6416
88.023
89.3497
17.6233
18.0951
19.0401
20.3949
22.0449
23.887
25.8451
27.8668
29.9161
31.9683
34.006
36.0167
37.9918
39.9249
41.8118
43.6492
45.4354
47.1691
48.8498
50.4775
52.0525
53.5754
55.047
56.4684
57.8408
59.1654
60.4436
61.6767
62.8661
64.0134
65.1198
66.1868
67.2158
17.5896
17.8082
18.3025
19.0753
20.0762
21.243
22.5218
23.8719
25.2637
26.6759
28.0932
29.5047
30.9021
32.2796
33.6328
34.9585
36.2545
37.5191
38.7514
39.9507
41.1167
42.2493
43.3487
44.4152
45.4492
46.4514
47.4223
48.3627
49.2732
50.1547
51.0078
51.8334
52.6321
17.5758
17.6732
17.924
18.3539
18.9503
19.682
20.5146
21.4186
22.3704
23.3521
24.3503
25.3549
26.3586
27.3555
28.3415
29.3133
30.2685
31.2054
32.1226
33.0191
33.8944
34.7481
35.5798
36.3897
37.1777
37.944
38.6889
39.4126
40.1156
40.7981
41.4606
42.1035
42.7271
17.5702
17.6104
17.7324
17.9633
18.3084
18.7568
19.2901
19.889
20.5362
21.2175
21.9217
22.6397
23.3649
24.0918
24.8165
25.5355
26.2467
26.9479
27.6377
28.3151
28.9792
29.6294
30.2652
30.8864
31.4928
32.0844
32.6611
33.2231
33.7704
34.3032
34.8217
35.326
35.8165
17.5678
17.5817
17.6374
17.7559
17.9479
18.2137
18.5461
18.9344
19.3672
19.8343
20.3268
20.8373
21.3597
21.8894
22.4224
22.9557
23.4869
24.014
24.5354
25.05
25.5569
26.0551
26.5443
27.024
27.4938
27.9535
28.4031
28.8423
29.2713
29.6899
30.0983
30.4965
30.8846
17.5669
17.5687
17.5913
17.6483
17.7501
17.9012
18.1009
18.3448
18.6268
18.9402
19.2785
19.6362
20.0084
20.3909
20.7804
21.1739
21.5694
21.9647
22.3585
22.7494
23.1365
23.5189
23.8959
24.2671
24.6321
24.9905
25.342
25.6865
26.0239
26.3541
26.6771
26.9927
27.301
17.5665
17.563
17.5695
17.5941
17.6444
17.7258
17.8405
17.9877
18.1651
18.369
18.5955
18.8405
19.1005
19.3722
19.6527
19.9397
20.2311
20.5251
20.8204
21.1156
21.4097
21.7021
21.9918
22.2784
22.5614
22.8404
23.1151
23.3853
23.6507
23.9112
24.1667
24.4171
24.6624
17.5663
17.5605
17.5594
17.5675
17.5897
17.6303
17.6923
17.7769
17.8837
18.0113
18.1577
18.3205
18.4972
18.6856
18.8834
19.0888
19.2999
19.5153
19.7338
19.9541
20.1754
20.3967
20.6176
20.8373
21.0553
21.2713
21.4849
21.6959
21.9039
22.1087
22.3104
22.5085
22.7032
17.5662
17.5595
17.5549
17.5548
17.5621
17.5799
17.6107
17.6561
17.7169
17.7929
17.8836
17.9876
18.1036
18.2302
18.3657
18.5089
18.6583
18.8128
18.9713
19.1329
19.2967
19.4619
19.628
19.7943
19.9605
20.126
20.2906
20.4539
20.6157
20.7757
20.9338
21.0897
21.2435
17.5662
17.559
17.5529
17.5489
17.5487
17.5542
17.5672
17.5891
17.6211
17.6636
17.7166
17.7799
17.8528
17.9345
18.0241
18.1207
18.2233
18.3311
18.4432
18.559
18.6776
18.7985
18.9211
19.045
19.1696
19.2947
19.4198
19.5447
19.6691
19.7927
19.9155
20.0372
20.1576
17.5662
17.5588
17.552
17.5462
17.5424
17.5415
17.5447
17.5532
17.5679
17.5894
17.6181
17.6542
17.6975
17.7477
17.8043
17.8668
17.9347
18.0074
18.0842
18.1648
18.2484
18.3347
18.4232
18.5135
18.6053
18.698
18.7916
18.8857
18.98
19.0743
19.1685
19.2624
19.3558
17.5662
17.5588
17.5516
17.5451
17.5395
17.5354
17.5335
17.5346
17.5394
17.5483
17.562
17.5807
17.6044
17.6332
17.667
17.7055
17.7484
17.7954
17.8462
17.9004
17.9576
18.0175
18.0797
18.1441
18.2101
18.2776
18.3463
18.416
18.4865
18.5575
18.629
18.7006
18.7724
17.5662
17.5587
17.5515
17.5445
17.5381
17.5325
17.5281
17.5253
17.5246
17.5265
17.5312
17.5392
17.5506
17.5656
17.5843
17.6065
17.6322
17.6612
17.6934
17.7286
17.7666
17.807
17.8498
17.8946
17.9413
17.9896
18.0394
18.0905
18.1426
18.1956
18.2494
18.3038
18.3587
17.5662
17.5587
17.5514
17.5443
17.5376
17.5313
17.5256
17.5209
17.5174
17.5153
17.5151
17.517
17.5211
17.5277
17.5369
17.5487
17.5632
17.5804
17.6002
17.6225
17.6471
17.6741
17.7031
17.7342
17.7671
17.8017
17.8378
17.8753
17.914
17.9539
17.9947
18.0363
18.0788
17.5662
17.5587
17.5514
17.5442
17.5373
17.5307
17.5245
17.5189
17.514
17.5101
17.5074
17.506
17.5063
17.5083
17.5122
17.5181
17.5261
17.5363
17.5486
17.563
17.5795
17.5981
17.6186
17.6409
17.665
17.6907
17.718
17.7467
17.7767
17.8079
17.8402
17.8735
17.9077
17.5662
17.5587
17.5514
17.5442
17.5372
17.5306
17.5242
17.5183
17.513
17.5084
17.5048
17.5022
17.501
17.5012
17.503
17.5065
17.5117
17.5189
17.5279
17.5389
17.5517
17.5664
17.5829
17.6012
17.6212
17.6427
17.6657
17.6902
17.716
17.743
17.7711
17.8002
17.8303
17.5662
17.5587
17.5514
17.5442
17.5373
17.5307
17.5244
17.5187
17.5136
17.5094
17.5062
17.5041
17.5034
17.5042
17.5067
17.5108
17.5168
17.5246
17.5343
17.5459
17.5593
17.5746
17.5917
17.6104
17.6308
17.6528
17.6762
17.701
17.727
17.7543
17.7826
17.8119
17.8422
17.5662
17.5587
17.5514
17.5443
17.5376
17.5312
17.5255
17.5205
17.5166
17.5139
17.5127
17.5131
17.5153
17.5194
17.5256
17.5338
17.5442
17.5568
17.5714
17.5881
17.6068
17.6274
17.6498
17.674
17.6998
17.7271
17.7558
17.7858
17.817
17.8493
17.8826
17.9167
17.9517
17.5662
17.5587
17.5515
17.5446
17.5383
17.5328
17.5283
17.5254
17.5242
17.5251
17.5284
17.5344
17.543
17.5544
17.5687
17.5858
17.6056
17.6281
17.6531
17.6805
17.71
17.7417
17.7753
17.8106
17.8475
17.8859
17.9255
17.9663
18.0082
18.0509
18.0944
18.1386
18.1834
17.5662
17.5588
17.5518
17.5455
17.5403
17.5368
17.5355
17.5371
17.542
17.5507
17.5634
17.5803
17.6014
17.6267
17.656
17.689
17.7256
17.7655
17.8084
17.854
17.902
17.9521
18.0042
18.0579
18.1131
18.1695
18.227
18.2853
18.3443
18.4039
18.4639
18.5241
18.5847
17.5663
17.5591
17.5527
17.548
17.5458
17.5473
17.5535
17.5653
17.5834
17.6079
17.6392
17.677
17.7211
17.771
17.8263
17.8865
17.9509
18.0192
18.0908
18.1652
18.2419
18.3207
18.4011
18.4827
18.5654
18.6488
18.7328
18.817
18.9014
18.9857
19.0699
19.1538
19.2372
17.5663
17.5598
17.5555
17.5552
17.5611
17.5751
17.5988
17.6332
17.6786
17.7349
17.8015
17.8776
17.9624
18.0547
18.1535
18.2578
18.3668
18.4796
18.5954
18.7136
18.8335
18.9548
19.0768
19.1992
19.3218
19.4441
19.566
19.6872
19.8076
19.927
20.0452
20.1623
20.278
17.5666
17.5622
17.5642
17.5767
17.6039
17.6486
17.7124
17.7951
17.896
18.0132
18.145
18.289
18.4433
18.606
18.7753
18.9497
19.1279
19.3087
19.4912
19.6746
19.8581
20.0413
20.2236
20.4047
20.5843
20.7619
20.9376
21.111
21.282
21.4506
21.6165
21.7799
21.9406
17.5674
17.5706
17.5924
17.6417
17.7245
17.8427
17.995
18.1778
18.3868
18.6172
18.8646
19.125
19.3951
19.6719
19.953
20.2365
20.5208
20.8047
21.0871
21.3673
21.6445
21.9185
22.1886
22.4546
22.7164
22.9737
23.2264
23.4745
23.7178
23.9564
24.1903
24.4195
24.644
17.5706
17.6016
17.687
17.8408
18.065
18.3527
18.6933
19.0751
19.4875
19.9213
20.3693
20.8257
21.2861
21.7468
22.2053
22.6598
23.1087
23.5511
23.9861
24.4133
24.8323
25.2428
25.6448
26.038
26.4227
26.7987
27.1661
27.5252
27.8759
28.2184
28.553
28.8797
29.1987
17.5854
17.7219
18.012
18.4558
19.0269
19.692
20.4205
21.1884
21.9778
22.7761
23.5742
24.3656
25.1458
25.912
26.6623
27.3959
28.112
28.8105
29.4912
30.1545
30.8004
31.4292
32.0415
32.6374
33.2175
33.7821
34.3316
34.8666
35.3873
35.8942
36.3878
36.8684
37.3363
17.6614
18.2163
19.1616
20.3924
21.7983
23.2954
24.8285
26.3634
27.8795
29.3645
30.811
32.214
33.5724
34.8867
36.1579
37.3876
38.5772
39.7282
40.8422
41.9207
42.9651
43.9766
44.9566
45.9064
46.827
47.7195
48.5851
49.4247
50.2392
51.0297
51.7969
52.5417
53.265
18.1027
20.3856
23.4854
26.9261
30.4414
33.9034
37.2583
40.4818
43.5648
46.506
49.3035
51.9687
54.5134
56.9473
59.2786
61.5146
63.6615
65.7245
67.7085
69.6179
71.4563
73.2275
74.9348
76.5811
78.1693
79.7021
81.1821
82.6114
83.9925
85.3273
86.6179
87.8662
89.074
21.2182
31.4407
42.4859
53.1245
62.9728
72.0352
80.4369
88.1941
95.3421
101.98
108.198
114.053
119.587
124.83
129.807
134.537
139.039
143.329
147.42
151.324
155.054
158.621
162.033
165.3
168.431
171.434
174.315
177.082
179.741
182.299
184.76
187.13
189.415
59.9537
123.961
170.318
207.141
238.336
266.971
293.908
319.086
342.453
364.002
383.806
401.993
418.712
434.116
448.349
461.538
473.799
485.234
495.93
505.964
515.404
524.309
532.729
540.711
548.293
555.51
562.393
568.97
575.264
581.298
587.091
592.659
598.024
1719.4
1778.23
1839.24
1895.41
1945.93
1992.23
2035.28
2075.52
2113.26
2148.7
2182.04
2213.4
2242.93
2270.74
2296.93
2321.61
2344.85
2366.75
2387.37
2406.81
2425.12
2442.37
2458.63
2473.95
2488.38
2501.98
2514.8
2526.88
2538.26
2548.99
2559.1
2568.63
2577.62
9373
8892.25
8341.31
7779.92
7245
6750.62
6302.52
5898.89
5534.58
5203.7
4901.19
4623.28
4367.25
4131.13
3913.34
3712.44
3527.07
3355.89
3197.66
3051.2
2915.45
2789.44
2672.26
2563.05
2460.98
2365.29
2275.24
2190.16
2109.45
2032.54
1958.97
1888.28
1820.1
1754.09
1689.96
1627.45
1566.35
1506.47
1447.68
1389.86
1332.93
1276.84
1221.55
1167.09
1113.46
1060.73
1008.96
958.244
908.686
860.405
813.525
768.174
724.481
682.565
642.538
604.495
568.515
534.653
502.944
473.397
445.999
420.714
397.487
376.243
356.894
339.341
323.475
309.183
296.35
284.859
274.596
265.45
257.315
250.091
243.68
237.995
232.95
228.468
224.477
220.912
217.712
214.822
212.193
209.78
207.544
205.449
203.465
201.565
199.726
197.927
196.152
194.385
192.615
190.832
189.026
187.189
185.324
183.397
181.569
178.811
3275.89
3322.51
3381.71
3439.13
3502.22
3568.8
3631.7
3682.56
3714.57
3723.34
3707.08
3666.25
3603.02
3520.68
3423.18
3314.65
3199.08
3080.01
2960.34
2842.27
2727.29
2616.3
2509.76
2407.79
2310.33
2217.21
2128.2
2043.04
1961.47
1883.2
1807.97
1735.5
1665.54
1597.85
1532.23
1468.48
1406.44
1345.97
1286.97
1229.34
1173.03
1118.01
1064.24
1011.75
960.558
910.702
862.244
815.251
769.801
725.978
683.866
643.547
605.097
568.583
534.059
501.563
471.118
442.726
416.371
392.021
369.624
349.115
330.415
313.435
298.079
284.244
271.826
260.72
250.82
242.026
234.239
227.366
221.317
216.009
211.363
207.306
203.768
200.685
197.998
195.652
193.597
191.785
190.175
188.728
187.41
186.189
185.038
183.934
182.855
181.783
180.703
179.602
178.468
177.292
176.068
174.786
173.451
172.033
170.666
168.544
1361.11
1366.25
1375.27
1386.95
1400.78
1416.91
1436.15
1460.14
1490.49
1527.97
1572.55
1623.26
1678.17
1734.55
1789.06
1838.22
1878.81
1908.3
1925.11
1928.74
1919.67
1899.14
1868.87
1830.77
1786.68
1738.24
1686.81
1633.46
1578.99
1524
1468.93
1414.08
1359.67
1305.87
1252.78
1200.49
1149.05
1098.52
1048.94
1000.35
952.776
906.272
860.884
816.664
773.671
731.97
691.626
652.708
615.285
579.421
545.179
512.611
481.76
452.66
425.329
399.774
375.984
353.937
333.595
314.909
297.818
282.252
268.134
255.382
243.91
233.631
224.46
216.311
209.1
202.749
197.182
192.326
188.114
184.481
181.368
178.718
176.478
174.598
173.03
171.731
170.659
169.777
169.048
168.441
167.925
167.474
167.062
166.668
166.274
165.862
165.418
164.929
164.386
163.779
163.103
162.348
161.519
160.591
159.669
158.166
728.574
730.495
732.534
734.61
736.721
738.998
741.676
744.946
749.033
754.487
761.902
771.851
784.835
801.227
821.205
844.682
871.25
900.15
930.292
960.326
988.773
1014.18
1035.27
1051.07
1060.99
1064.81
1062.66
1054.94
1042.2
1025.09
1004.29
980.431
954.099
925.809
896.002
865.06
833.305
801.016
768.43
735.756
703.176
670.852
638.933
607.55
576.826
546.873
517.792
489.677
462.611
436.667
411.907
388.382
366.131
345.179
325.541
307.217
290.196
274.456
259.966
246.685
234.564
223.55
213.587
204.612
196.566
189.386
183.012
177.383
172.444
168.137
164.413
161.219
158.511
156.242
154.37
152.855
151.657
150.741
150.071
149.612
149.332
149.202
149.191
149.271
149.418
149.608
149.818
150.029
150.223
150.385
150.499
150.555
150.541
150.45
150.274
150.005
149.647
149.178
148.677
147.764
436.793
439.399
441.892
444.147
446.087
447.73
449.139
450.412
451.611
452.842
454.247
455.982
458.212
461.099
464.805
469.479
475.245
482.19
490.345
499.662
510.002
521.125
532.69
544.27
555.381
565.522
574.21
581.028
585.646
587.844
587.515
584.654
579.346
571.746
562.054
550.5
537.326
522.778
507.093
490.5
473.209
455.42
437.315
419.06
400.807
382.697
364.852
347.384
330.392
313.959
298.16
283.053
268.686
255.094
242.302
230.323
219.161
208.811
199.259
190.486
182.467
175.173
168.573
162.631
157.312
152.581
148.401
144.737
141.555
138.821
136.505
134.574
133
131.754
130.808
130.136
129.71
129.506
129.497
129.659
129.967
130.397
130.924
131.527
132.183
132.871
133.571
134.266
134.937
135.571
136.152
136.668
137.11
137.466
137.731
137.896
137.962
137.911
137.796
137.432
276.267
279.058
281.738
284.244
286.522
288.558
290.363
291.966
293.397
294.689
295.882
297.017
298.133
299.269
300.462
301.75
303.169
304.757
306.547
308.57
310.848
313.388
316.182
319.195
322.369
325.615
328.818
331.842
334.536
336.745
338.318
339.12
339.041
338
335.949
332.874
328.791
323.744
317.8
311.041
303.566
295.477
286.883
277.892
268.612
259.145
249.588
240.033
230.562
221.25
212.164
203.359
194.885
186.781
179.079
171.802
164.966
158.581
152.651
147.174
142.144
137.553
133.388
129.636
126.282
123.308
120.697
118.433
116.498
114.875
113.546
112.495
111.705
111.16
110.843
110.739
110.829
111.098
111.527
112.099
112.795
113.598
114.488
115.446
116.455
117.494
118.548
119.597
120.627
121.622
122.568
123.452
124.263
124.991
125.627
126.162
126.596
126.913
127.141
127.271
182.463
184.977
187.41
189.736
191.926
193.966
195.856
197.6
199.21
200.696
202.072
203.35
204.539
205.649
206.683
207.646
208.541
209.371
210.139
210.852
211.515
212.136
212.722
213.279
213.809
214.31
214.773
215.183
215.513
215.733
215.803
215.68
215.318
214.671
213.699
212.366
210.645
208.519
205.984
203.044
199.716
196.024
192.002
187.691
183.134
178.381
173.481
168.483
163.437
158.389
153.383
148.459
143.654
139
134.523
130.246
126.189
122.365
118.784
115.455
112.381
109.563
107.002
104.694
102.635
100.821
99.2456
97.9017
96.7826
95.8809
95.189
94.6991
94.4031
94.2927
94.3592
94.5933
94.9855
95.5252
96.2012
97.0016
97.9136
98.9235
100.017
101.179
102.394
103.646
104.919
106.198
107.467
108.712
109.918
111.072
112.162
113.176
114.106
114.942
115.679
116.306
116.825
117.387
125.919
127.994
130.02
131.984
133.871
135.672
137.383
139.004
140.536
141.984
143.35
144.639
145.853
146.991
148.052
149.033
149.929
150.736
151.448
152.062
152.575
152.985
153.291
153.496
153.602
153.613
153.531
153.359
153.098
152.747
152.303
151.76
151.111
150.344
149.449
148.415
147.23
145.885
144.373
142.69
140.835
138.811
136.627
134.293
131.824
129.239
126.556
123.799
120.99
118.153
115.313
112.491
109.71
106.99
104.35
101.807
99.374
97.0648
94.8894
92.8561
90.9716
89.2408
87.6671
86.2527
84.9985
83.9048
82.971
82.1958
81.5775
81.1142
80.8034
80.6425
80.6283
80.7577
81.0267
81.4311
81.9659
82.6256
83.4035
84.2924
85.2839
86.3684
87.5355
88.7739
90.0712
91.4144
92.7899
94.1837
95.5816
96.9697
98.3341
99.6615
100.939
102.155
103.299
104.36
105.333
106.206
106.962
107.883
90.8313
92.4794
94.0999
95.6859
97.2296
98.725
100.169
101.559
102.895
104.177
105.406
106.582
107.705
108.772
109.783
110.731
111.614
112.424
113.158
113.808
114.37
114.839
115.212
115.487
115.662
115.739
115.719
115.603
115.395
115.097
114.712
114.243
113.691
113.057
112.342
111.545
110.666
109.704
108.658
107.529
106.316
105.022
103.649
102.202
100.687
99.1122
97.4853
95.8168
94.1179
92.4004
90.6765
88.9587
87.2595
85.5909
83.9644
82.3908
80.88
79.4409
78.0815
76.8088
75.6286
74.546
73.565
72.689
71.9205
71.2617
70.7139
70.2782
69.9553
69.7458
69.6496
69.6669
69.7973
70.0403
70.395
70.8601
71.4338
72.1138
72.8969
73.7793
74.756
75.8212
76.9679
78.1881
79.4726
80.8112
82.193
83.6062
85.0383
86.4766
87.9082
89.3203
90.7002
92.0356
93.3154
94.5279
95.6658
96.7196
97.6534
98.8571
68.3705
69.6613
70.9378
72.196
73.4314
74.6404
75.8202
76.9692
78.0859
79.1695
80.2196
81.2355
82.2162
83.1598
84.064
84.9255
85.7405
86.5046
87.2129
87.8607
88.4431
88.9557
89.3945
89.7563
90.0387
90.24
90.3597
90.398
90.3558
90.2347
90.037
89.7651
89.4217
89.0096
88.5315
87.9901
87.3877
86.7268
86.0097
85.2386
84.4161
83.5449
82.6279
81.6686
80.671
79.6399
78.5803
77.498
76.3993
75.2909
74.18
73.0738
71.9797
70.9051
69.8571
68.8429
67.8688
66.9412
66.0657
65.2474
64.491
63.8006
63.1798
62.6317
62.1591
61.7643
61.4493
61.216
61.0658
61.0003
61.0206
61.128
61.3234
61.6077
61.9817
62.4457
63
63.6441
64.3774
65.1983
66.1046
67.0932
68.1601
69.3003
70.5074
71.7743
73.0927
74.4532
75.8457
77.2592
78.6824
80.1034
81.5103
82.8911
84.2346
85.5288
86.7652
87.9352
88.9892
90.3967
53.5317
54.5416
55.5447
56.5389
57.5214
58.4897
59.4421
60.377
61.293
62.1893
63.065
63.9191
64.7507
65.5581
66.3395
67.0923
67.8137
68.5005
69.149
69.7555
70.3162
70.8274
71.2857
71.6878
72.0311
72.3135
72.5334
72.6899
72.7826
72.812
72.7787
72.6841
72.5298
72.3181
72.0511
71.7314
71.3615
70.9443
70.4824
69.9787
69.4361
68.8576
68.2463
67.6054
66.9384
66.249
65.541
64.8186
64.0861
63.3482
62.6094
61.8747
61.1489
60.437
59.7439
59.0742
58.4325
57.8231
57.2502
56.7174
56.2284
55.7862
55.3938
55.0538
54.7685
54.5401
54.3707
54.2619
54.2156
54.2333
54.3167
54.4674
54.6868
54.9765
55.3378
55.7721
56.2805
56.864
57.5232
58.2581
59.0684
59.9532
60.9105
61.9377
63.0312
64.1864
65.3974
66.6577
67.9593
69.2937
70.6514
72.0221
73.3953
74.7598
76.1051
77.4195
78.6936
79.9204
81.0402
82.5752
43.4318
44.2254
45.0167
45.8042
46.5864
47.3615
48.1282
48.8854
49.6319
50.3669
51.0895
51.799
52.4943
53.1742
53.8372
54.4815
55.105
55.7054
56.28
56.8262
57.3409
57.8215
58.265
58.6689
59.0308
59.3485
59.6205
59.8453
60.0221
60.1502
60.2298
60.2611
60.2449
60.1823
60.0747
59.9238
59.7316
59.5001
59.2316
58.9287
58.5938
58.2297
57.8391
57.4249
56.99
56.5375
56.0706
55.5927
55.107
54.6171
54.1264
53.6386
53.1572
52.6858
52.2279
51.787
51.3663
50.969
50.5982
50.2567
49.9471
49.6718
49.4332
49.2332
49.0739
48.957
48.8842
48.8572
48.8774
48.9466
49.0662
49.2378
49.4631
49.7435
50.0809
50.4768
50.9328
51.4505
52.0311
52.6758
53.3853
54.1599
54.9995
55.903
56.869
57.8949
58.9772
60.1115
61.2926
62.5139
63.7681
65.0471
66.3421
67.6434
68.9413
70.2254
71.4863
72.7182
73.8554
75.4481
36.3721
36.9997
37.6275
38.2545
38.8797
39.502
40.1204
40.7339
41.3419
41.9434
42.5378
43.1245
43.7025
44.2709
44.8286
45.3743
45.9065
46.4235
46.9234
47.4042
47.8637
48.2999
48.7107
49.0939
49.4476
49.7701
50.0598
50.3152
50.5354
50.7196
50.8672
50.9781
51.0524
51.0905
51.0931
51.0613
50.9961
50.8991
50.7719
50.6163
50.4342
50.2279
49.9994
49.7513
49.4858
49.2056
48.9132
48.6113
48.3027
47.9901
47.6762
47.3638
47.0559
46.7549
46.4638
46.185
45.9211
45.6745
45.4475
45.2423
45.0608
44.905
44.7766
44.6772
44.6083
44.5715
44.568
44.5992
44.6664
44.771
44.9144
45.0979
45.3229
45.5912
45.9041
46.2635
46.671
47.1282
47.6368
48.1984
48.8143
49.4857
50.2131
50.9971
51.8373
52.7328
53.6821
54.6826
55.731
56.8231
57.9536
59.1166
60.3049
61.511
62.7267
63.9428
65.1506
66.3457
67.4602
69.0503
31.3254
31.8245
32.3254
32.8272
33.3292
33.8307
34.3311
34.8295
35.3253
35.818
36.3071
36.7918
37.2715
37.7456
38.2131
38.6731
39.1246
39.5662
39.9967
40.4146
40.8184
41.2065
41.5772
41.9291
42.2606
42.5702
42.8567
43.1189
43.3557
43.5663
43.7501
43.9067
44.0358
44.1375
44.212
44.2599
44.2817
44.2784
44.251
44.2008
44.1293
44.0378
43.9283
43.8024
43.6621
43.5094
43.3463
43.1751
42.9978
42.8167
42.634
42.4519
42.2727
42.0984
41.9312
41.7732
41.6262
41.4922
41.373
41.2701
41.1852
41.1196
41.0748
41.052
41.0523
41.0769
41.1269
41.2032
41.307
41.4394
41.6014
41.7942
42.0191
42.2773
42.5705
42.8999
43.2673
43.6741
44.1222
44.6132
45.1486
45.73
46.3585
47.0353
47.7609
48.5356
49.359
50.23
51.1471
52.1078
53.1086
54.1455
55.2134
56.3065
57.4184
58.5415
59.6684
60.796
61.8571
63.3962
27.652
28.0507
28.4518
28.8549
29.2595
29.6651
30.0711
30.477
30.8823
31.2865
31.6893
32.09
32.4883
32.8835
33.275
33.6622
34.0441
34.42
34.7888
35.1496
35.5011
35.8423
36.172
36.489
36.7921
37.0802
37.3523
37.6074
37.8445
38.0631
38.2624
38.4419
38.6014
38.7406
38.8596
38.9585
39.0377
39.0977
39.1391
39.1628
39.1698
39.1611
39.1379
39.1018
39.054
38.9961
38.9298
38.8566
38.7785
38.6969
38.6139
38.531
38.4501
38.3728
38.3009
38.2359
38.1793
38.1326
38.0972
38.0744
38.0652
38.071
38.0925
38.1309
38.1869
38.2614
38.3552
38.4691
38.6039
38.7604
38.9394
39.142
39.3691
39.6218
39.9012
40.2087
40.5457
40.9135
41.3138
41.7481
42.2181
42.7252
43.2709
43.8567
44.4835
45.1524
45.8637
46.6174
47.4131
48.2496
49.1251
50.037
50.9821
51.9563
52.9547
53.9717
55.0011
56.0414
57.0281
58.4807
24.9424
25.2612
25.583
25.9075
26.2342
26.5627
26.8928
27.2238
27.5556
27.8877
28.2198
28.5514
28.8822
29.2118
29.5397
29.8653
30.1881
30.5075
30.8227
31.133
31.4376
31.7357
32.0263
32.3087
32.5818
32.845
33.0974
33.3382
33.5667
33.7822
33.9843
34.1724
34.3463
34.5057
34.6505
34.7807
34.8964
34.998
35.0858
35.1603
35.2223
35.2724
35.3117
35.3409
35.3613
35.3741
35.3803
35.3814
35.3786
35.3733
35.3669
35.3608
35.3564
35.3549
35.3577
35.366
35.381
35.4039
35.4356
35.4772
35.5295
35.5933
35.6694
35.7585
35.8611
35.9779
36.1094
36.2562
36.4188
36.5978
36.7939
37.0078
37.2402
37.4919
37.764
38.0574
38.3733
38.7129
39.0775
39.4686
39.8877
40.3361
40.8154
41.3271
41.8724
42.4525
43.0684
43.7207
44.4096
45.135
45.8962
46.6918
47.52
48.3782
49.263
50.1704
51.0956
52.0385
52.9389
54.2822
22.9261
23.1809
23.4388
23.6998
23.9635
24.2297
24.498
24.7681
25.0397
25.3126
25.5865
25.8611
26.136
26.4109
26.6855
26.9595
27.2323
27.5035
27.7727
28.0392
28.3025
28.562
28.817
29.0669
29.3112
29.549
29.7799
30.0033
30.2185
30.4252
30.6227
30.8109
30.9893
31.1577
31.316
31.4642
31.6023
31.7304
31.8487
31.9578
32.0578
32.1495
32.2334
32.3103
32.381
32.4463
32.5071
32.5645
32.6194
32.673
32.7262
32.7801
32.8359
32.8945
32.9569
33.024
33.0969
33.1762
33.2629
33.3575
33.4607
33.5732
33.6953
33.8275
33.9703
34.124
34.289
34.4656
34.6542
34.8552
35.0689
35.2959
35.5366
35.7918
36.0621
36.3484
36.6514
36.9723
37.3121
37.672
38.0533
38.4573
38.8854
39.3389
39.8193
40.3277
40.8653
41.4331
42.0319
42.6619
43.3233
44.0157
44.7381
45.4892
46.267
47.0686
47.8907
48.7342
49.5443
50.7669
21.4201
21.6228
21.8289
22.0382
22.2505
22.4657
22.6834
22.9035
23.1257
23.3498
23.5755
23.8028
24.0312
24.2606
24.4907
24.7212
24.9519
25.1823
25.4122
25.641
25.8685
26.0942
26.3176
26.5383
26.7558
26.9697
27.1794
27.3846
27.5849
27.7798
27.9691
28.1524
28.3295
28.5002
28.6644
28.822
28.973
29.1175
29.2557
29.3878
29.5141
29.635
29.7509
29.8625
29.9702
30.0748
30.1769
30.2773
30.3768
30.4761
30.5761
30.6776
30.7813
30.8881
30.9987
31.1138
31.2341
31.3602
31.4925
31.6317
31.778
31.932
32.0938
32.2637
32.442
32.6288
32.8243
33.0286
33.242
33.4647
33.6967
33.9386
34.1905
34.4529
34.7263
35.0113
35.3085
35.6187
35.9429
36.2819
36.6368
37.0088
37.3991
37.8088
38.2393
38.6917
39.1673
39.6671
40.1921
40.7431
41.3206
41.9247
42.5553
43.2118
43.8933
44.5979
45.3234
46.0717
46.7933
47.8935
20.2966
20.4568
20.6205
20.7875
20.9578
21.131
21.3072
21.486
21.6674
21.8511
22.0371
22.225
22.4148
22.6063
22.7992
22.9934
23.1887
23.3847
23.5813
23.7781
23.9749
24.1714
24.3673
24.5622
24.7559
24.9479
25.138
25.3258
25.5111
25.6936
25.8731
26.0493
26.222
26.3912
26.5566
26.7184
26.8764
27.0308
27.1817
27.3292
27.4736
27.6151
27.7542
27.8913
28.0267
28.1609
28.2946
28.4283
28.5625
28.6979
28.8351
28.9747
29.1173
29.2634
29.4136
29.5685
29.7284
29.8937
30.0649
30.2421
30.4257
30.6158
30.8126
31.0161
31.2263
31.4434
31.6672
31.8979
32.1354
32.3798
32.631
32.8893
33.1548
33.4276
33.7082
33.9969
34.2942
34.6006
34.9168
35.2436
35.5818
35.9323
36.2962
36.6744
37.0681
37.4785
37.9066
38.3536
38.8204
39.308
39.8171
40.3483
40.902
41.478
42.076
42.6953
43.3343
43.9956
44.635
45.6183
19.4642
19.5898
19.7189
19.8514
19.9872
20.1262
20.2682
20.4132
20.561
20.7115
20.8645
21.02
21.1779
21.3379
21.4999
21.6639
21.8296
21.9969
22.1656
22.3355
22.5065
22.6783
22.8506
23.0234
23.1963
23.3692
23.5418
23.714
23.8854
24.056
24.2256
24.3941
24.5612
24.727
24.8915
25.0545
25.2161
25.3764
25.5355
25.6935
25.8507
26.0072
26.1634
26.3196
26.4761
26.6333
26.7917
26.9516
27.1136
27.2781
27.4455
27.6163
27.7909
27.9698
28.1533
28.3417
28.5353
28.7345
28.9393
29.1498
29.3663
29.5886
29.8169
30.0509
30.2906
30.536
30.7867
31.0428
31.3041
31.5704
31.8417
32.1179
32.3991
32.6852
32.9765
33.2731
33.5754
33.8837
34.1984
34.5202
34.8497
35.1876
35.5348
35.8921
36.2604
36.6407
37.0341
37.4415
37.864
38.3025
38.7579
39.2309
39.722
40.2317
40.7601
41.307
41.8715
42.4565
43.0228
43.8996
18.8562
18.954
19.0552
19.1598
19.2677
19.3789
19.4933
19.6107
19.7312
19.8546
19.9809
20.1099
20.2416
20.3759
20.5127
20.6519
20.7935
20.9372
21.083
21.2307
21.3803
21.5316
21.6844
21.8387
21.9943
22.151
22.3088
22.4674
22.6269
22.787
22.9477
23.109
23.2707
23.4328
23.5954
23.7584
23.9219
24.086
24.2509
24.4166
24.5833
24.7513
24.9208
25.092
25.2653
25.441
25.6193
25.8008
25.9856
26.1743
26.367
26.5641
26.766
26.9729
27.1851
27.4027
27.626
27.855
28.0897
28.3302
28.5764
28.8282
29.0855
29.348
29.6156
29.8879
30.1648
30.4459
30.731
31.0198
31.3121
31.6078
31.9066
32.2086
32.5136
32.8218
33.1333
33.4483
33.7671
34.0901
34.4177
34.7505
35.0891
35.4343
35.7868
36.1474
36.517
36.8965
37.2869
37.689
38.1038
38.532
38.9743
39.4313
39.9035
40.391
40.8936
41.4143
41.9179
42.702
18.4232
18.4993
18.5786
18.6613
18.7472
18.8365
18.9289
19.0246
19.1235
19.2254
19.3304
19.4384
19.5494
19.6633
19.78
19.8996
20.0218
20.1468
20.2743
20.4044
20.537
20.6719
20.8092
20.9488
21.0905
21.2343
21.3802
21.528
21.6778
21.8295
21.9831
22.1385
22.2958
22.455
22.616
22.7791
22.9442
23.1115
23.2812
23.4532
23.628
23.8056
23.9862
24.1702
24.3577
24.5491
24.7446
24.9446
25.1492
25.3589
25.5737
25.794
26.02
26.2519
26.4897
26.7337
26.9838
27.24
27.5022
27.7705
28.0445
28.3241
28.609
28.8988
29.1934
29.4922
29.7949
30.1012
30.4106
30.7227
31.0373
31.354
31.6726
31.9928
32.3145
32.6376
32.9622
33.2881
33.6157
33.9452
34.2767
34.6108
34.948
35.2886
35.6335
35.9832
36.3385
36.7001
37.069
37.4459
37.8316
38.227
38.6328
39.0497
39.4784
39.9192
40.3722
40.8408
41.2926
41.9994
18.1291
18.189
18.252
18.3183
18.3879
18.4607
18.5368
18.6161
18.6987
18.7845
18.8735
18.9657
19.0611
19.1596
19.2613
19.366
19.4739
19.5847
19.6986
19.8156
19.9354
20.0583
20.184
20.3127
20.4442
20.5786
20.7158
20.856
20.9989
21.1448
21.2935
21.4452
21.5999
21.7576
21.9185
22.0826
22.25
22.421
22.5956
22.7741
22.9565
23.1432
23.3343
23.5302
23.7309
23.9368
24.1481
24.365
24.5879
24.8169
25.0521
25.2939
25.5423
25.7974
26.0593
26.328
26.6035
26.8856
27.1742
27.4691
27.77
28.0767
28.3887
28.7057
29.0272
29.3527
29.6817
30.0139
30.3486
30.6854
31.0238
31.3635
31.704
32.045
32.3862
32.7275
33.0686
33.4095
33.7503
34.091
34.4317
34.7728
35.1145
35.4573
35.8016
36.1481
36.4972
36.8496
37.2061
37.5675
37.9343
38.3076
38.6879
39.0761
39.4729
39.8787
40.294
40.7222
41.1333
41.7787
17.9486
17.9976
18.0498
18.1051
18.1637
18.2255
18.2905
18.3589
18.4305
18.5054
18.5836
18.6652
18.7501
18.8383
18.9299
19.0248
19.123
19.2246
19.3295
19.4378
19.5494
19.6644
19.7829
19.9047
20.03
20.1587
20.291
20.4268
20.5662
20.7092
20.856
21.0067
21.1612
21.3198
21.4825
21.6495
21.821
21.997
22.1779
22.3637
22.5548
22.7512
22.9533
23.1613
23.3754
23.5958
23.8228
24.0566
24.2975
24.5455
24.8008
25.0636
25.334
25.612
25.8976
26.1908
26.4914
26.7992
27.1141
27.4358
27.7639
28.098
28.4376
28.7824
29.1316
29.4849
29.8415
30.201
30.5627
30.926
31.2904
31.6553
32.0203
32.3849
32.7487
33.1115
33.4728
33.8326
34.1907
34.5471
34.9019
35.2551
35.607
35.9579
36.3081
36.6579
37.0081
37.359
37.7112
38.0655
38.4226
38.7831
39.1478
39.5175
39.8929
40.2746
40.6631
41.0622
41.443
42.0429
17.8665
17.9101
17.9568
18.0067
18.0596
18.1158
18.1753
18.2381
18.3041
18.3736
18.4464
18.5226
18.6023
18.6854
18.772
18.8621
18.9558
19.053
19.1538
19.2582
19.3664
19.4782
19.5938
19.7132
19.8365
19.9637
20.095
20.2304
20.3699
20.5138
20.6621
20.815
20.9726
21.1349
21.3023
21.4749
21.6528
21.8363
22.0256
22.2209
22.4224
22.6303
22.845
23.0666
23.2954
23.5316
23.7755
24.0272
24.287
24.555
24.8314
25.1162
25.4094
25.7112
26.0214
26.34
26.6667
27.0014
27.3438
27.6935
28.05
28.413
28.7819
29.1561
29.535
29.918
30.3043
30.6934
31.0845
31.477
31.8701
32.2633
32.6559
33.0474
33.4373
33.8252
34.2106
34.5934
34.9732
35.3499
35.7235
36.0939
36.4613
36.8258
37.1877
37.5473
37.905
38.2613
38.6166
38.9716
39.3269
39.6832
40.0411
40.4015
40.765
41.1325
41.5045
41.8849
42.2454
42.8154
17.8786
17.9224
17.9692
18.0192
18.0723
18.1286
18.1881
18.251
18.3172
18.3868
18.4598
18.5363
18.6163
18.6998
18.787
18.8777
18.9722
19.0703
19.1722
19.278
19.3877
19.5013
19.619
19.7408
19.8668
19.9972
20.132
20.2714
20.4155
20.5644
20.7183
20.8774
21.0418
21.2117
21.3874
21.569
21.7568
21.9509
22.1518
22.3595
22.5743
22.7966
23.0266
23.2644
23.5105
23.765
24.0281
24.3001
24.5812
24.8715
25.1711
25.48
25.7984
26.1262
26.4633
26.8096
27.1649
27.5288
27.9011
28.2813
28.669
29.0635
29.4645
29.8711
30.2826
30.6985
31.1178
31.5399
31.9639
32.389
32.8146
33.2399
33.664
34.0865
34.5067
34.9241
35.3381
35.7483
36.1545
36.5564
36.9538
37.3467
37.735
38.1187
38.4982
38.8736
39.2452
39.6134
39.9787
40.3415
40.7026
41.0624
41.4218
41.7814
42.142
42.5045
42.8694
43.2412
43.5907
44.1463
17.9934
18.0434
18.0963
18.1524
18.2117
18.2742
18.3399
18.409
18.4814
18.5573
18.6366
18.7194
18.8058
18.8957
18.9893
19.0866
19.1876
19.2925
19.4013
19.5141
19.6309
19.7519
19.8772
20.0068
20.141
20.2798
20.4233
20.5718
20.7255
20.8844
21.0488
21.2188
21.3948
21.5769
21.7654
21.9605
22.1625
22.3717
22.5882
22.8125
23.0448
23.2854
23.5346
23.7926
24.0598
24.3364
24.6226
24.9186
25.2246
25.5409
25.8674
26.2043
26.5516
26.9092
27.277
27.6549
28.0425
28.4397
28.8459
29.2607
29.6837
30.1141
30.5514
30.9948
31.4435
31.8967
32.3537
32.8134
33.2751
33.7379
34.2008
34.6631
35.1239
35.5826
36.0382
36.4903
36.9382
37.3814
37.8195
38.2522
38.6791
39.1001
39.5152
39.9242
40.3274
40.7248
41.1168
41.5036
41.8857
42.2636
42.6377
43.0088
43.3775
43.7446
44.1109
44.4773
44.8444
45.2173
45.5651
46.1218
18.2363
18.2989
18.3646
18.4335
18.5057
18.5811
18.6598
18.7418
18.8272
18.916
19.0083
19.1042
19.2035
19.3065
19.4132
19.5237
19.6379
19.7561
19.8782
20.0044
20.1348
20.2695
20.4087
20.5524
20.7009
20.8542
21.0127
21.1764
21.3455
21.5204
21.7012
21.8881
22.0815
22.2815
22.4885
22.7028
22.9246
23.1543
23.3922
23.6386
23.8938
24.1582
24.4321
24.7157
25.0094
25.3134
25.6281
25.9536
26.2901
26.6378
26.9968
27.3672
27.7489
28.1419
28.5461
28.9613
29.3871
29.8233
30.2694
30.7249
31.1892
31.6616
32.1415
32.6279
33.1201
33.6171
34.1181
34.6221
35.128
35.6349
36.1418
36.6478
37.152
37.6534
38.1513
38.6448
39.1333
39.6162
40.093
40.5632
41.0264
41.4824
41.9311
42.3724
42.8062
43.2328
43.6523
44.0651
44.4714
44.8718
45.2669
45.6573
46.0436
46.4267
46.8076
47.1872
47.5661
47.9503
48.3056
48.8804
18.6555
18.7384
18.8245
18.9139
19.0066
19.1026
19.2019
19.3046
19.4107
19.5202
19.6332
19.7497
19.8698
19.9935
20.1209
20.2521
20.3871
20.5261
20.6691
20.8163
20.9678
21.1238
21.2843
21.4496
21.6198
21.7951
21.9758
22.1621
22.3542
22.5523
22.7568
22.9679
23.186
23.4112
23.6441
23.8848
24.1338
24.3914
24.6579
24.9337
25.2192
25.5147
25.8206
26.1373
26.4649
26.804
27.1546
27.5172
27.8918
28.2787
28.678
29.0897
29.5139
29.9503
30.399
30.8597
31.332
31.8156
32.31
32.8146
33.3289
33.8519
34.383
34.9213
35.4658
36.0155
36.5694
37.1265
37.6856
38.2456
38.8055
39.3641
39.9205
40.4736
41.0226
41.5664
42.1044
42.6358
43.16
43.6764
44.1846
44.6843
45.1753
45.6573
46.1305
46.5949
47.0507
47.4982
47.9376
48.3697
48.7948
49.2137
49.6272
50.0362
50.4418
50.845
51.2465
51.6537
52.027
52.6397
19.3341
19.4466
19.5623
19.6814
19.8039
19.9297
20.0588
20.1914
20.3273
20.4667
20.6096
20.756
20.906
21.0596
21.217
21.3781
21.5431
21.7122
21.8853
22.0628
22.2446
22.431
22.6221
22.8182
23.0194
23.2261
23.4383
23.6565
23.8808
24.1116
24.3493
24.594
24.8462
25.1062
25.3744
25.6512
25.937
26.2321
26.537
26.8521
27.1778
27.5145
27.8626
28.2224
28.5943
28.9787
29.3759
29.786
30.2095
30.6464
31.0969
31.5609
32.0386
32.5298
33.0344
33.5521
34.0825
34.6253
35.1798
35.7455
36.3217
36.9075
37.502
38.1044
38.7135
39.3282
39.9474
40.5699
41.1946
41.8201
42.4453
43.0689
43.6899
44.307
44.9192
45.5255
46.1251
46.717
47.3005
47.8751
48.4402
48.9954
49.5404
50.075
50.5993
51.1132
51.6169
52.1108
52.5952
53.0707
53.5379
53.9976
54.4507
54.8983
55.3415
55.7819
56.2199
56.6651
57.0698
57.7463
20.4114
20.5652
20.7223
20.8828
21.0468
21.2141
21.3848
21.5589
21.7365
21.9174
22.1019
22.29
22.4816
22.6769
22.876
23.0789
23.2858
23.4967
23.7119
23.9315
24.1556
24.3844
24.6182
24.8572
25.1017
25.3518
25.6079
25.8703
26.1393
26.4152
26.6985
26.9895
27.2886
27.5962
27.9127
28.2386
28.5743
28.9203
29.277
29.6449
30.0245
30.4161
30.8203
31.2374
31.6679
32.1121
32.5704
33.0431
33.5303
34.0324
34.5494
35.0813
35.6283
36.1901
36.7667
37.3576
37.9625
38.5809
39.2123
39.856
40.511
41.1767
41.8518
42.5355
43.2266
43.9237
44.6258
45.3314
46.0392
46.7478
47.456
48.1623
48.8655
49.5643
50.2575
50.9441
51.6228
52.2929
52.9535
53.6038
54.2433
54.8714
55.488
56.0926
56.6853
57.2661
57.8353
58.393
58.9399
59.4766
60.0038
60.5224
61.0335
61.5385
62.0387
62.5361
63.0311
63.5364
63.9919
64.7707
22.1249
22.3361
22.5507
22.7688
22.9902
23.2151
23.4434
23.6751
23.9102
24.1489
24.391
24.6368
24.8862
25.1393
25.3962
25.6572
25.9221
26.1913
26.4649
26.743
27.026
27.3139
27.607
27.9056
28.2101
28.5206
28.8376
29.1614
29.4923
29.8308
30.1773
30.5322
30.896
31.2691
31.6521
32.0455
32.4497
32.8652
33.2926
33.7325
34.1852
34.6514
35.1315
35.626
36.1354
36.66
37.2002
37.7564
38.3288
38.9176
39.5231
40.1451
40.7838
41.4389
42.1103
42.7977
43.5006
44.2185
44.9506
45.6964
46.4548
47.2249
48.0057
48.7959
49.5943
50.3995
51.2102
52.0249
52.8422
53.6605
54.4785
55.2945
56.1072
56.9151
57.717
58.5115
59.2975
60.074
60.8399
61.5944
62.3368
63.0666
63.7834
64.4869
65.177
65.8538
66.5174
67.1684
67.8073
68.4349
69.0521
69.66
70.2601
70.854
71.4436
72.0314
72.6175
73.22
73.7583
74.7037
24.9006
25.1931
25.4892
25.7886
26.0914
26.3977
26.7073
27.0204
27.337
27.657
27.9807
28.308
28.639
28.9738
29.3126
29.6554
30.0025
30.354
30.7101
31.0711
31.437
31.8084
32.1853
32.5682
32.9573
33.3531
33.7559
34.1662
34.5843
35.0108
35.4461
35.8908
36.3453
36.8103
37.2862
37.7738
38.2734
38.7858
39.3116
39.8512
40.4054
40.9747
41.5596
42.1607
42.7785
43.4134
44.0659
44.7363
45.425
46.1322
46.8579
47.6024
48.3655
49.1472
49.9472
50.7652
51.6007
52.4532
53.3219
54.2061
55.1047
56.0169
56.9414
57.877
58.8223
59.776
60.7366
61.7026
62.6723
63.6442
64.6167
65.5881
66.5568
67.5213
68.4802
69.4318
70.375
71.3083
72.2308
73.1413
74.0391
74.9233
75.7936
76.6495
77.4909
78.3179
79.1308
79.93
80.7163
81.4907
82.2545
83.009
83.7563
84.4983
85.2376
85.9779
86.7186
87.4864
88.1664
89.3952
29.5619
29.9747
30.3909
30.8104
31.2331
31.6593
32.0887
32.5215
32.9578
33.3975
33.8408
34.2878
34.7385
35.193
35.6517
36.1145
36.5817
37.0535
37.5301
38.0118
38.499
38.9918
39.4907
39.996
40.5081
41.0276
41.5547
42.0901
42.6343
43.1878
43.7511
44.325
44.91
45.5067
46.1158
46.7381
47.3741
48.0246
48.6902
49.3717
50.0697
50.7849
51.518
52.2696
53.0402
53.8304
54.6407
55.4716
56.3235
57.1965
58.0911
59.0073
59.9452
60.9047
61.8857
62.8879
63.9109
64.9544
66.0176
67.0999
68.2005
69.3183
70.4524
71.6016
72.7647
73.9402
75.1268
76.3228
77.5267
78.7368
79.9513
81.1685
82.3864
83.6034
84.8175
86.0269
87.2299
88.4249
89.6103
90.7848
91.947
93.096
94.2309
95.3512
96.4565
97.5469
98.6226
99.6842
100.733
101.769
102.796
103.814
104.826
105.835
106.845
107.861
108.88
109.945
110.879
112.61
37.8676
38.4695
39.0744
39.6822
40.2929
40.9064
41.5229
42.1424
42.7649
43.3906
44.0195
44.6517
45.2874
45.9267
46.5699
47.217
47.8684
48.5244
49.1851
49.8511
50.5225
51.1998
51.8834
52.5739
53.2716
53.9772
54.6912
55.4142
56.1469
56.8899
57.644
58.4098
59.1883
59.98
60.7859
61.6067
62.4434
63.2968
64.1677
65.057
65.9655
66.8942
67.8439
68.8154
69.8096
70.8272
71.869
72.9357
74.0281
75.1467
76.2922
77.4651
78.6658
79.8949
81.1526
82.4392
83.7549
85.0998
86.4738
87.8768
89.3086
90.7686
92.2565
93.7713
95.3123
96.8782
98.4678
100.079
101.711
103.362
105.028
106.708
108.399
110.099
111.804
113.512
115.219
116.924
118.622
120.313
121.993
123.66
125.313
126.95
128.571
130.174
131.761
133.331
134.885
136.425
137.952
139.47
140.98
142.487
143.994
145.509
147.027
148.613
149.992
152.562
54.0836
55.0081
55.934
56.861
57.7893
58.7188
59.6496
60.5817
61.5152
62.4503
63.3869
64.3254
65.2658
66.2084
67.1534
68.1012
69.052
70.0062
70.9641
71.9263
72.8933
73.8655
74.8435
75.8281
76.8198
77.8195
78.8278
79.8457
80.8741
81.9138
82.9659
84.0315
85.1115
86.2073
87.32
88.4509
89.6012
90.7724
91.9659
93.1832
94.4258
95.6953
96.9935
98.322
99.6827
101.077
102.508
103.977
105.485
107.036
108.631
110.272
111.962
113.703
115.496
117.345
119.25
121.214
123.237
125.322
127.469
129.679
131.951
134.286
136.681
139.136
141.648
144.214
146.83
149.492
152.195
154.932
157.699
160.489
163.295
166.11
168.928
171.741
174.544
177.33
180.094
182.83
185.535
188.205
190.836
193.425
195.972
198.474
200.932
203.346
205.716
208.043
210.331
212.581
214.798
216.99
219.146
221.355
223.244
226.658
90.4355
91.9668
93.4936
95.0156
96.5329
98.0455
99.5537
101.058
102.557
104.053
105.546
107.035
108.522
110.006
111.489
112.97
114.452
115.933
117.416
118.901
120.39
121.882
123.381
124.886
126.399
127.923
129.458
131.007
132.572
134.155
135.758
137.384
139.035
140.715
142.427
144.174
145.959
147.787
149.662
151.587
153.569
155.611
157.719
159.897
162.153
164.491
166.917
169.438
172.059
174.788
177.63
180.59
183.675
186.89
190.24
193.728
197.358
201.131
205.05
209.113
213.319
217.664
222.143
226.75
231.474
236.307
241.234
246.243
251.317
256.441
261.595
266.762
271.922
277.057
282.147
287.173
292.119
296.967
301.702
306.31
310.777
315.093
319.248
323.233
327.041
330.667
334.106
337.355
340.412
343.276
345.948
348.43
350.725
352.837
354.774
356.545
358.153
359.647
360.856
362.728
191.978
194.848
197.697
200.526
203.336
206.128
208.903
211.665
214.413
217.151
219.881
222.603
225.322
228.039
230.758
233.481
236.212
238.953
241.71
244.485
247.283
250.11
252.969
255.866
258.808
261.799
264.847
267.959
271.141
274.402
277.75
281.194
284.742
288.403
292.188
296.107
300.17
304.387
308.77
313.33
318.076
323.021
328.174
333.547
339.148
344.988
351.073
357.412
364.011
370.872
377.999
385.392
393.048
400.962
409.127
417.531
426.158
434.991
444.006
453.178
462.476
471.866
481.31
490.766
500.192
509.54
518.763
527.811
536.636
545.187
553.42
561.287
568.748
575.763
582.3
588.329
593.827
598.775
603.159
606.973
610.213
612.883
614.988
616.541
617.556
618.05
618.046
617.567
616.639
615.291
613.551
611.453
609.028
606.311
603.339
600.14
596.787
593.157
589.982
584.146
604.031
610.76
617.448
624.102
630.73
637.34
643.941
650.54
657.146
663.768
670.415
677.095
683.818
690.593
697.43
704.339
711.329
718.412
725.597
732.895
740.317
747.873
755.576
763.436
771.464
779.67
788.066
796.661
805.465
814.488
823.737
833.222
842.948
852.922
863.148
873.629
884.368
895.365
906.618
918.124
929.877
941.869
954.09
966.527
979.163
991.981
1004.96
1018.06
1031.28
1044.56
1057.87
1071.17
1084.42
1097.57
1110.56
1123.34
1135.83
1147.99
1159.74
1171.01
1181.72
1191.81
1201.2
1209.81
1217.57
1224.41
1230.26
1235.07
1238.78
1241.34
1242.71
1242.87
1241.79
1239.48
1235.93
1231.18
1225.25
1218.2
1210.07
1200.93
1190.88
1179.99
1168.37
1156.11
1143.32
1130.1
1116.57
1102.83
1088.98
1075.12
1061.34
1047.74
1034.38
1021.35
1008.71
996.535
984.885
973.644
963.848
949.193
2587.45
2598.14
2608.41
2618.25
2627.65
2636.61
2645.13
2653.2
2660.83
2668
2674.72
2680.99
2686.81
2692.16
2697.06
2701.5
2705.48
2709
2712.06
2714.66
2716.79
2718.45
2719.65
2720.38
2720.63
2720.4
2719.7
2718.51
2716.84
2714.67
2712
2708.82
2705.14
2700.93
2696.2
2690.93
2685.11
2678.75
2671.82
2664.32
2656.24
2647.57
2638.3
2628.43
2617.95
2606.85
2595.13
2582.78
2569.81
2556.23
2542.02
2527.21
2511.81
2495.83
2479.3
2462.24
2444.68
2426.67
2408.24
2389.45
2370.35
2351.01
2331.5
2311.88
2292.24
2272.66
2253.23
2234.02
2215.14
2196.66
2178.67
2161.25
2144.46
2128.36
2113.02
2098.47
2084.74
2071.84
2059.79
2048.57
2038.17
2028.54
2019.65
2011.45
2003.87
1996.87
1990.37
1984.31
1978.61
1973.23
1968.08
1963.11
1958.26
1953.48
1948.72
1943.89
1939.08
1933.83
1929.55
1920.76
1184.13
289.319
302.436
311.276
314.37
313.299
310.372
306.378
302.479
298.513
294.619
276.161
338.073
303.616
502.977
636.464
741.444
828.253
902.706
968.147
1026.58
1079.26
1126.99
1170.41
1210.05
1246.43
1280.04
1311.31
1340.67
1368.44
1394.92
1420.34
1444.86
1468.62
1491.71
1514.23
1536.26
1557.92
1579.35
1600.64
1621.5
1641.95
1662.04
1681.72
1700.96
1719.72
1737.94
1755.54
1772.48
1788.66
1804.04
1818.51
1832.01
1844.45
1855.76
1865.84
1874.61
1882
1887.94
1892.34
1895.16
1896.34
1895.85
1893.65
1889.74
1884.12
1876.84
1867.92
1857.47
1845.89
1834.87
1829.54
1827.56
1824.95
1821.13
1816.14
1810.11
1803.16
1795.42
1786.97
1777.9
1768.29
1758.23
1747.79
1737.03
1726.03
1714.84
1703.53
1692.15
1680.75
1669.37
1658.08
1646.92
1635.93
1625.2
1614.79
1604.85
1595.59
1587.44
1580.43
1220.25
652.476
355.064
226.707
174.006
157.995
166.284
185.404
214.869
271.705
345.703
415.285
481.818
539.852
608.737
646.499
667.393
676.594
678.642
676.76
673.186
669.356
666.122
663.926
662.927
663.106
664.338
666.444
669.233
672.518
676.139
679.967
683.908
687.91
691.971
696.149
700.583
705.494
711.096
717.24
723.413
729.448
735.336
741.063
746.617
751.982
757.145
762.089
766.797
771.251
775.432
779.32
782.894
786.133
789.013
791.513
793.608
795.277
796.499
797.253
797.522
797.288
796.536
795.257
793.446
791.103
788.231
784.846
780.986
776.774
772.477
768.414
764.515
760.558
756.389
751.958
747.267
742.339
737.201
731.883
726.412
720.814
715.114
709.333
703.491
697.607
691.697
685.774
679.852
673.941
668.05
662.186
656.352
650.548
644.772
638.988
633.222
627.101
621.681
609.94
1271.16
450.399
195.158
138.635
127.196
131.001
159.712
218.391
295.866
375.569
440.126
490.022
524.486
546.073
548.891
541.55
529.47
516.123
504.176
495.101
489.406
486.918
487.108
489.331
492.992
497.613
502.848
508.465
514.317
520.32
526.426
532.614
538.878
545.22
551.642
558.135
564.663
571.138
577.439
583.801
590.154
596.461
602.702
608.86
614.916
620.85
626.64
632.265
637.697
642.91
647.873
652.553
656.916
660.926
664.544
667.732
670.452
672.665
674.335
675.429
675.919
675.78
674.993
673.548
671.442
668.678
665.271
661.241
656.619
651.454
645.819
639.823
633.554
627.046
620.301
613.328
606.155
598.817
591.355
583.807
576.208
568.592
560.988
553.422
545.914
538.484
531.147
523.914
516.794
509.795
502.921
496.173
489.55
483.049
476.66
470.36
464.147
457.814
452.002
441.861
1316.33
309.115
192.658
162.595
162.625
188.984
240.189
306.908
373.024
424.788
457.871
476.205
481.308
475.459
461.579
447.347
434.609
424.916
418.997
416.835
417.936
421.595
427.093
433.818
441.302
449.219
457.356
465.586
473.843
482.097
490.343
498.586
506.839
515.111
523.403
531.707
539.993
548.207
556.387
564.563
572.719
580.838
588.902
596.89
604.776
612.531
620.123
627.515
634.668
641.538
648.077
654.234
659.955
665.185
669.866
673.938
677.346
680.033
681.95
683.052
683.3
682.666
681.134
678.696
675.359
671.142
666.074
660.197
653.563
646.235
638.284
629.798
620.876
611.603
602.046
592.265
582.32
572.271
562.174
552.081
542.039
532.087
522.261
512.59
503.097
493.801
484.715
475.85
467.212
458.804
450.626
442.676
434.949
427.435
420.125
412.994
406.035
399.109
392.704
382.74
1360.17
301.834
218.549
209.476
225.327
260.933
308.293
355.786
393.477
417.059
428.016
429.519
423.701
413.215
401.65
392.061
385.154
381.5
381.175
383.893
389.163
396.433
405.174
414.928
425.331
436.106
447.06
458.066
469.051
479.98
490.844
501.647
512.403
523.124
533.816
544.476
555.085
565.639
576.141
586.593
596.984
607.3
617.519
627.613
637.547
647.282
656.77
665.96
674.794
683.21
691.14
698.513
705.254
711.286
716.531
720.913
724.359
726.803
728.184
728.454
727.575
725.528
722.304
717.914
712.387
705.768
698.116
689.505
680.02
669.757
658.818
647.31
635.349
623.044
610.493
597.787
585.008
572.234
559.532
546.962
534.575
522.415
510.515
498.905
487.603
476.625
465.98
455.673
445.704
436.071
426.767
417.785
409.114
400.739
392.646
384.809
377.216
369.757
362.867
352.723
1400.33
311.21
251.828
253.368
273.264
303.172
334.637
360.812
378.528
388.002
390.993
388.999
383.457
376.353
369.773
365.007
362.652
363.086
366.37
372.323
380.615
390.835
402.556
415.371
428.92
442.91
457.115
471.375
485.585
499.686
513.651
527.475
541.165
554.73
568.182
581.526
594.755
607.862
620.837
633.671
646.347
658.845
671.136
683.182
694.937
706.347
717.348
727.872
737.841
747.173
755.781
763.572
770.454
776.332
781.115
784.715
787.053
788.06
787.682
785.881
782.638
777.953
771.85
764.374
755.59
745.584
734.457
722.326
709.317
695.561
681.194
666.353
651.172
635.776
620.28
604.788
589.391
574.169
559.191
544.515
530.186
516.241
502.707
489.603
476.941
464.726
452.959
441.635
430.747
420.285
410.234
400.579
391.304
382.388
373.812
365.548
357.58
349.81
342.655
332.407
1439.68
324.265
278.033
280.608
295.022
313.85
331.728
346.169
356.624
363.31
366.48
366.472
364.218
361.167
358.712
357.796
359.053
362.86
369.341
378.41
389.823
403.241
418.273
434.517
451.6
469.195
487.037
504.926
522.72
540.326
557.694
574.799
591.633
608.21
624.543
640.629
656.458
672.018
687.292
702.259
716.892
731.159
745.02
758.425
771.312
783.612
795.244
806.122
816.15
825.228
833.253
840.119
845.721
849.959
852.738
853.977
853.607
851.577
847.858
842.446
835.359
826.644
816.375
804.646
791.577
777.306
761.983
745.77
728.832
711.335
693.441
675.304
657.069
638.866
620.809
602.998
585.516
568.431
551.798
535.66
520.046
504.978
490.466
476.514
463.121
450.278
437.973
426.192
414.917
404.128
393.804
383.924
374.463
365.397
356.703
348.349
340.319
332.52
325.359
315.244
1482.95
335.19
292.861
289.809
296.278
307.904
321.338
334.675
346.506
355.807
362.08
365.565
367.204
368.258
369.878
372.933
378.039
385.563
395.655
408.276
423.236
440.232
458.895
478.83
499.649
521
542.586
564.167
585.564
606.649
627.342
647.593
667.401
686.758
705.653
724.074
742.007
759.431
776.318
792.635
808.345
823.401
837.748
851.322
864.046
875.835
886.597
896.229
904.626
911.678
917.275
921.313
923.69
924.319
923.125
920.054
915.072
908.174
899.381
888.745
876.349
862.304
846.748
829.84
811.76
792.698
772.852
752.419
731.594
710.559
689.484
668.524
647.815
627.471
607.589
588.244
569.494
551.382
533.935
517.17
501.093
485.7
470.981
456.922
443.503
430.701
418.491
406.847
395.742
385.149
375.039
365.385
356.16
347.334
338.882
330.772
322.987
315.438
308.521
298.812
1529.64
340.947
295.819
286.794
292.513
308.497
328.764
349.138
367.091
381.489
392.274
400.153
406.245
411.788
417.832
425.19
434.442
445.945
459.856
476.16
494.694
515.184
537.282
560.6
584.751
609.37
634.135
658.777
683.085
706.892
730.106
752.671
774.533
795.655
816.01
835.576
854.325
872.226
889.241
905.327
920.43
934.494
947.45
959.221
969.723
978.861
986.538
992.65
997.092
999.765
1000.57
999.429
996.266
991.033
983.703
974.277
962.786
949.293
933.895
916.721
897.93
877.706
856.258
833.805
810.578
786.806
762.715
738.518
714.412
690.572
667.151
644.279
622.059
600.572
579.875
560.007
540.987
522.82
505.501
489.011
473.329
458.425
444.267
430.821
418.049
405.916
394.385
383.421
372.989
363.056
353.589
344.558
335.933
327.683
319.783
312.201
304.922
297.862
291.398
282.339
1567.83
340.163
291.43
289.879
314.763
351.853
390.223
424.346
452.149
473.61
489.757
502.14
512.302
521.644
531.289
542.07
554.554
569.079
585.79
604.666
625.553
648.19
672.249
697.361
723.147
749.245
775.326
801.097
826.334
850.876
874.574
897.321
919.037
939.667
959.165
977.491
994.607
1010.47
1025.03
1038.24
1050.04
1060.36
1069.13
1076.27
1081.69
1085.32
1087.06
1086.83
1084.54
1080.13
1073.55
1064.75
1053.73
1040.51
1025.12
1007.66
988.231
966.989
944.113
919.812
894.32
867.885
840.765
813.22
785.503
757.855
730.494
703.619
677.396
651.965
627.434
603.885
581.372
559.925
539.551
520.242
501.973
484.71
468.412
453.029
438.511
424.806
411.863
399.629
388.057
377.099
366.711
356.851
347.481
338.565
330.068
321.958
314.207
306.785
299.667
292.824
286.244
279.847
273.99
265.767
1593.55
336.368
299.139
339.002
410.41
486.277
553.938
608.58
649.882
679.841
701.206
716.772
728.94
739.594
750.107
761.412
774.097
788.486
804.706
822.733
842.425
863.549
885.811
908.884
932.418
956.075
979.537
1002.53
1024.79
1046.11
1066.32
1085.3
1102.94
1119.17
1133.92
1147.15
1158.79
1168.81
1177.15
1183.75
1188.55
1191.49
1192.51
1191.54
1188.53
1183.39
1176.09
1166.58
1154.82
1140.81
1124.56
1106.1
1085.5
1062.87
1038.34
1012.08
984.289
955.194
925.048
894.121
862.691
831.038
799.435
768.14
737.391
707.396
678.335
650.352
623.56
598.035
573.826
550.95
529.403
509.159
490.176
472.4
455.765
440.204
425.643
412.011
399.236
387.249
375.984
365.381
355.383
345.937
336.995
328.515
320.455
312.78
305.457
298.455
291.748
285.309
279.115
273.14
267.377
261.753
256.595
249.32
1597.62
347.893
375.657
510.408
659.906
792.099
897.336
974.854
1028.42
1063.55
1085.69
1099.44
1108.25
1114.58
1120.03
1125.63
1131.97
1139.42
1148.15
1158.22
1169.56
1182.02
1195.41
1209.47
1223.89
1238.36
1252.56
1266.2
1279.05
1290.88
1301.51
1310.81
1318.65
1324.94
1329.6
1332.57
1333.77
1333.17
1330.7
1326.31
1319.95
1311.59
1301.16
1288.65
1274.01
1257.24
1238.32
1217.27
1194.13
1168.95
1141.84
1112.9
1082.29
1050.19
1016.8
982.382
947.179
911.472
875.544
839.681
804.162
769.248
735.181
702.173
670.404
640.018
611.122
583.789
558.056
533.93
511.393
490.401
470.895
452.801
436.036
420.509
406.128
392.801
380.436
368.945
358.247
348.263
338.923
330.162
321.921
314.146
306.79
299.81
293.168
286.831
280.768
274.953
269.36
263.968
258.757
253.705
248.808
244.003
239.582
233.304
1633.77
447.622
694.937
998.791
1254.52
1442.58
1569.95
1649.14
1693.34
1713.94
1719.61
1716.33
1707.93
1696.73
1684.14
1671.03
1658.02
1645.57
1634.09
1623.82
1614.87
1607.2
1600.67
1595.05
1590.11
1585.57
1581.14
1576.55
1571.55
1565.91
1559.42
1551.94
1543.3
1533.38
1522.1
1509.35
1495.06
1479.17
1461.63
1442.38
1421.38
1398.62
1374.07
1347.73
1319.6
1289.73
1258.16
1224.96
1190.23
1154.1
1116.72
1078.28
1038.99
999.061
958.76
918.349
878.098
838.279
799.156
760.979
723.974
688.343
654.253
621.837
591.191
562.377
535.419
510.314
487.027
465.503
445.665
427.425
410.683
395.333
381.266
368.374
356.549
345.689
335.695
326.476
317.947
310.031
302.657
295.761
289.287
283.185
277.41
271.923
266.688
261.677
256.863
252.221
247.732
243.377
239.141
235.006
230.969
226.976
223.287
217.997
1380.01
1240.52
1848.94
2332.71
2623.68
2766.62
2818.94
2817.28
2786.03
2740.07
2687.47
2632.09
2575.5
2518.37
2461.13
2404.32
2348.59
2294.6
2242.87
2193.76
2147.48
2104.03
2063.27
2024.94
1988.73
1954.29
1921.29
1889.39
1858.26
1827.63
1797.24
1766.84
1736.23
1705.24
1673.71
1641.51
1608.53
1574.68
1539.89
1504.09
1467.25
1429.34
1390.37
1350.35
1309.31
1267.32
1224.47
1180.87
1136.64
1091.96
1046.99
1001.95
957.06
912.541
868.633
825.575
783.595
742.912
703.721
666.196
630.479
596.682
564.882
535.123
507.416
481.742
458.057
436.292
416.362
398.167
381.597
366.536
352.866
340.468
329.225
319.026
309.762
301.332
293.642
286.605
280.141
274.177
268.649
263.498
258.673
254.128
249.823
245.724
241.799
238.023
234.373
230.829
227.375
223.994
220.675
217.404
214.18
210.959
207.963
203.612
1517.65
4456.97
5462.16
5547.69
5387.49
5131.67
4863.78
4611.73
4383.7
4178.66
3992.35
3820.26
3658.96
3506.46
3361.89
3225.12
3096.25
2975.39
2862.44
2757.15
2659.08
2567.71
2482.44
2402.69
2327.86
2257.38
2190.69
2127.28
2066.67
2008.42
1952.12
1897.43
1844.02
1791.62
1740
1688.94
1638.29
1587.89
1537.62
1487.41
1437.19
1386.92
1336.59
1286.22
1235.84
1185.52
1135.36
1085.45
1035.94
986.976
938.722
891.359
845.067
800.033
756.436
714.445
674.214
635.875
599.539
565.286
533.17
503.215
475.415
449.74
426.136
404.527
384.824
366.921
350.705
336.059
322.861
310.99
300.328
290.76
282.176
274.471
267.549
261.317
255.692
250.597
245.96
241.718
237.814
234.196
230.819
227.644
224.633
221.758
218.993
216.313
213.7
211.137
208.611
206.107
203.618
201.131
198.649
196.132
193.771
190.285
)
;

boundaryField
{
    outlet
    {
        type            zeroGradient;
    }
    inlet
    {
        type            fixedValue;
        value           uniform 17.57;
    }
    lowerWall
    {
        Cmu             0.09;
        kappa           0.41;
        E               9.8;
        beta1           0.075;
        type            omegaWallFunction;
        value           nonuniform List<scalar> 
148
(
7254.63
8569.06
9629.25
10283
10668.4
10885.8
10995.8
11035
11026.8
10987.3
10927.3
10854.4
10774
10689.7
10604.1
10519.1
10435.8
10355
10277.3
10202.9
10131.9
10064.5
10000.5
9939.93
9882.61
9828.41
9777.18
9728.79
9682.91
9640.12
9596.73
9568.86
9476.68
1184.13
1220.25
1271.16
1316.33
1360.17
1400.33
1439.68
1482.95
1529.64
1567.83
1593.55
1597.62
1633.77
1380.01
1517.65
1184.13
289.319
302.436
311.276
314.37
313.299
310.372
306.378
302.479
298.513
294.619
276.161
338.073
303.616
502.977
636.464
741.444
828.253
902.706
968.147
1026.58
1079.26
1126.99
1170.41
1210.05
1246.43
1280.04
1311.31
1340.67
1368.44
1394.92
1420.34
1444.86
1468.62
1491.71
1514.23
1536.26
1557.92
1579.35
1600.64
1621.5
1641.95
1662.04
1681.72
1700.96
1719.72
1737.94
1755.54
1772.48
1788.66
1804.04
1818.51
1832.01
1844.45
1855.76
1865.84
1874.61
1882
1887.94
1892.34
1895.16
1896.34
1895.85
1893.65
1889.74
1884.12
1876.84
1867.92
1857.47
1845.89
1834.87
1829.54
1827.56
1824.95
1821.13
1816.14
1810.11
1803.16
1795.42
1786.97
1777.9
1768.29
1758.23
1747.79
1737.03
1726.03
1714.84
1703.53
1692.15
1680.75
1669.37
1658.08
1646.92
1635.93
1625.2
1614.79
1604.85
1595.59
1587.44
1580.43
)
;
    }
    upperWall
    {
        Cmu             0.09;
        kappa           0.41;
        E               9.8;
        beta1           0.075;
        type            omegaWallFunction;
        value           nonuniform List<scalar> 
133
(
1719.4
1778.23
1839.24
1895.41
1945.93
1992.23
2035.28
2075.52
2113.26
2148.7
2182.04
2213.4
2242.93
2270.74
2296.93
2321.61
2344.85
2366.75
2387.37
2406.81
2425.12
2442.37
2458.63
2473.95
2488.38
2501.98
2514.8
2526.88
2538.26
2548.99
2559.1
2568.63
2577.62
2587.45
2598.14
2608.41
2618.25
2627.65
2636.61
2645.13
2653.2
2660.83
2668
2674.72
2680.99
2686.81
2692.16
2697.06
2701.5
2705.48
2709
2712.06
2714.66
2716.79
2718.45
2719.65
2720.38
2720.63
2720.4
2719.7
2718.51
2716.84
2714.67
2712
2708.82
2705.14
2700.93
2696.2
2690.93
2685.11
2678.75
2671.82
2664.32
2656.24
2647.57
2638.3
2628.43
2617.95
2606.85
2595.13
2582.78
2569.81
2556.23
2542.02
2527.21
2511.81
2495.83
2479.3
2462.24
2444.68
2426.67
2408.24
2389.45
2370.35
2351.01
2331.5
2311.88
2292.24
2272.66
2253.23
2234.02
2215.14
2196.66
2178.67
2161.25
2144.46
2128.36
2113.02
2098.47
2084.74
2071.84
2059.79
2048.57
2038.17
2028.54
2019.65
2011.45
2003.87
1996.87
1990.37
1984.31
1978.61
1973.23
1968.08
1963.11
1958.26
1953.48
1948.72
1943.89
1939.08
1933.83
1929.55
1920.76
)
;
    }
    frontAndBack
    {
        type            empty;
    }
}


// ************************************************************************* //
