/*--------------------------------*- C++ -*----------------------------------*\
| =========                 |                                                 |
| \\      /  F ield         | OpenFOAM: The Open Source CFD Toolbox           |
|  \\    /   O peration     | Version:  4.1                                   |
|   \\  /    A nd           | Web:      www.OpenFOAM.org                      |
|    \\/     M anipulation  |                                                 |
\*---------------------------------------------------------------------------*/
FoamFile
{
    version     2.0;
    format      ascii;
    class       volScalarField;
    location    "800";
    object      p;
}
// * * * * * * * * * * * * * * * * * * * * * * * * * * * * * * * * * * * * * //

dimensions      [0 2 -2 0 0 0 0];

internalField   nonuniform List<scalar> 
6820
(
6.15768
-4.54123
-8.06786
-8.81309
-9.2057
-9.53694
-9.7253
-9.81863
-9.88152
-9.9342
-9.97726
-10.0123
-10.0425
-10.0696
-10.0945
-10.1174
-10.1388
-10.159
-10.1781
-10.1965
-10.2141
-10.2311
-10.2475
-10.2635
-10.279
-10.294
-10.3085
-10.3225
-10.3356
-10.3479
-10.3581
-10.368
-10.3643
-15.5616
-12.0143
-11.2125
-10.4081
-10.025
-9.9428
-9.92887
-9.924
-9.93601
-9.96109
-9.98919
-10.0162
-10.0421
-10.067
-10.0907
-10.1131
-10.1344
-10.1546
-10.1739
-10.1924
-10.2102
-10.2274
-10.2441
-10.2603
-10.276
-10.2913
-10.3061
-10.3205
-10.3342
-10.3473
-10.3591
-10.3716
-10.377
-13.3711
-9.86316
-9.60107
-9.59081
-9.57813
-9.66866
-9.76185
-9.82408
-9.87471
-9.92187
-9.96334
-9.99878
-10.03
-10.0582
-10.084
-10.1077
-10.1298
-10.1506
-10.1703
-10.189
-10.207
-10.2244
-10.2411
-10.2574
-10.2732
-10.2886
-10.3036
-10.3182
-10.3323
-10.3461
-10.3591
-10.3729
-10.3838
-10.9442
-9.4733
-9.62377
-9.73409
-9.7142
-9.76331
-9.82743
-9.87102
-9.90724
-9.94328
-9.97695
-10.0071
-10.0347
-10.0604
-10.0844
-10.107
-10.1283
-10.1485
-10.1678
-10.1863
-10.2042
-10.2214
-10.2382
-10.2545
-10.2704
-10.286
-10.3012
-10.3161
-10.3307
-10.3452
-10.3594
-10.3743
-10.3887
-10.4919
-9.77736
-9.81601
-9.82691
-9.77741
-9.79931
-9.8458
-9.88202
-9.91439
-9.94757
-9.97935
-10.0085
-10.0354
-10.0605
-10.0842
-10.1064
-10.1275
-10.1475
-10.1667
-10.1851
-10.2028
-10.22
-10.2367
-10.253
-10.2689
-10.2846
-10.2999
-10.315
-10.33
-10.345
-10.3601
-10.3759
-10.3922
-10.4112
-9.93152
-9.88348
-9.85749
-9.81362
-9.82691
-9.8634
-9.89544
-9.92537
-9.95603
-9.98567
-10.0132
-10.0389
-10.0632
-10.086
-10.1076
-10.1282
-10.1478
-10.1666
-10.1847
-10.2023
-10.2193
-10.2359
-10.2521
-10.268
-10.2836
-10.299
-10.3143
-10.3296
-10.345
-10.3607
-10.3772
-10.3948
-10.2883
-9.96188
-9.90759
-9.88213
-9.84891
-9.85692
-9.88477
-9.91203
-9.93879
-9.96644
-9.99361
-10.0193
-10.0437
-10.0667
-10.0887
-10.1096
-10.1296
-10.1487
-10.1672
-10.185
-10.2023
-10.2191
-10.2355
-10.2516
-10.2675
-10.2831
-10.2986
-10.314
-10.3295
-10.3452
-10.3613
-10.3782
-10.3963
-10.1793
-9.97385
-9.92915
-9.9069
-9.88102
-9.88526
-9.9062
-9.92903
-9.95265
-9.97747
-10.0023
-10.0262
-10.0491
-10.0711
-10.0921
-10.1123
-10.1316
-10.1503
-10.1683
-10.1858
-10.2028
-10.2194
-10.2356
-10.2516
-10.2673
-10.2829
-10.2983
-10.3138
-10.3294
-10.3452
-10.3616
-10.3786
-10.3968
-10.1083
-9.98463
-9.94709
-9.92719
-9.90733
-9.90979
-9.92593
-9.94524
-9.96618
-9.98854
-10.0112
-10.0334
-10.055
-10.0759
-10.096
-10.1154
-10.1341
-10.1522
-10.1698
-10.1869
-10.2036
-10.22
-10.236
-10.2518
-10.2674
-10.2828
-10.2983
-10.3137
-10.3293
-10.3452
-10.3615
-10.3785
-10.3965
-10.064
-9.99125
-9.96009
-9.94306
-9.92855
-9.93052
-9.94352
-9.96018
-9.97892
-9.99918
-10.02
-10.0407
-10.061
-10.0808
-10.1
-10.1187
-10.1368
-10.1544
-10.1716
-10.1883
-10.2047
-10.2207
-10.2365
-10.2521
-10.2675
-10.2829
-10.2982
-10.3135
-10.3291
-10.3449
-10.3611
-10.3779
-10.3954
-10.0363
-9.9946
-9.9699
-9.95604
-9.94588
-9.94796
-9.95891
-9.97361
-9.99055
-10.0091
-10.0283
-10.0476
-10.0668
-10.0856
-10.104
-10.122
-10.1395
-10.1566
-10.1733
-10.1896
-10.2057
-10.2215
-10.237
-10.2524
-10.2676
-10.2828
-10.2979
-10.3132
-10.3285
-10.3442
-10.3601
-10.3765
-10.3935
-10.0197
-9.99668
-9.97797
-9.9671
-9.96029
-9.9627
-9.9723
-9.9855
-10.001
-10.018
-10.0359
-10.054
-10.0721
-10.0901
-10.1077
-10.125
-10.142
-10.1586
-10.1748
-10.1908
-10.2066
-10.222
-10.2373
-10.2525
-10.2675
-10.2825
-10.2974
-10.3125
-10.3276
-10.343
-10.3586
-10.3746
-10.3909
-10.0109
-9.99864
-9.98501
-9.9768
-9.97253
-9.97532
-9.98397
-9.996
-10.0103
-10.026
-10.0427
-10.0598
-10.077
-10.0941
-10.111
-10.1277
-10.1441
-10.1603
-10.1761
-10.1918
-10.2071
-10.2223
-10.2374
-10.2522
-10.267
-10.2818
-10.2965
-10.3113
-10.3262
-10.3412
-10.3564
-10.3719
-10.3876
-10.0071
-10.001
-9.99142
-9.98551
-9.98316
-9.98629
-9.99424
-10.0053
-10.0185
-10.0332
-10.0488
-10.0649
-10.0812
-10.0976
-10.1139
-10.13
-10.1459
-10.1616
-10.177
-10.1923
-10.2074
-10.2223
-10.237
-10.2516
-10.2662
-10.2806
-10.2951
-10.3096
-10.3241
-10.3388
-10.3535
-10.3684
-10.3835
-10.0067
-10.0039
-9.99746
-9.99346
-9.99257
-9.99599
-10.0034
-10.0136
-10.0259
-10.0396
-10.0542
-10.0695
-10.085
-10.1006
-10.1162
-10.1318
-10.1472
-10.1624
-10.1775
-10.1924
-10.2072
-10.2217
-10.2362
-10.2505
-10.2648
-10.279
-10.2931
-10.3073
-10.3215
-10.3357
-10.3499
-10.3643
-10.3787
-10.0085
-10.0074
-10.0033
-10.0008
-10.001
-10.0047
-10.0116
-10.0211
-10.0325
-10.0453
-10.0591
-10.0734
-10.0882
-10.1032
-10.1182
-10.1332
-10.1481
-10.1629
-10.1776
-10.1921
-10.2065
-10.2208
-10.2349
-10.2489
-10.2629
-10.2768
-10.2906
-10.3044
-10.3181
-10.3319
-10.3457
-10.3594
-10.3731
-10.0116
-10.0113
-10.0089
-10.0077
-10.0087
-10.0125
-10.0191
-10.0279
-10.0385
-10.0504
-10.0634
-10.077
-10.091
-10.1053
-10.1197
-10.1341
-10.1486
-10.1629
-10.1772
-10.1914
-10.2054
-10.2193
-10.2331
-10.2468
-10.2605
-10.274
-10.2875
-10.3008
-10.3142
-10.3275
-10.3407
-10.3539
-10.367
-10.0156
-10.0157
-10.0145
-10.0142
-10.0157
-10.0196
-10.0258
-10.0341
-10.0439
-10.0551
-10.0672
-10.08
-10.0934
-10.107
-10.1208
-10.1347
-10.1486
-10.1626
-10.1764
-10.1902
-10.2039
-10.2174
-10.2309
-10.2443
-10.2575
-10.2707
-10.2838
-10.2967
-10.3096
-10.3224
-10.3351
-10.3477
-10.3602
-10.0202
-10.0204
-10.0199
-10.0203
-10.0222
-10.0261
-10.032
-10.0397
-10.0488
-10.0593
-10.0706
-10.0827
-10.0953
-10.1083
-10.1216
-10.1349
-10.1484
-10.1618
-10.1753
-10.1886
-10.2019
-10.2151
-10.2282
-10.2412
-10.2541
-10.2669
-10.2796
-10.2921
-10.3045
-10.3169
-10.329
-10.341
-10.3529
-10.025
-10.0252
-10.0252
-10.026
-10.0282
-10.032
-10.0376
-10.0447
-10.0532
-10.063
-10.0736
-10.085
-10.097
-10.1093
-10.122
-10.1348
-10.1478
-10.1608
-10.1738
-10.1867
-10.1996
-10.2124
-10.2252
-10.2378
-10.2503
-10.2626
-10.2749
-10.287
-10.299
-10.3108
-10.3224
-10.3338
-10.3451
-10.0299
-10.0301
-10.0305
-10.0315
-10.0338
-10.0374
-10.0426
-10.0492
-10.0572
-10.0662
-10.0762
-10.0869
-10.0982
-10.11
-10.1221
-10.1344
-10.1468
-10.1594
-10.1719
-10.1845
-10.197
-10.2094
-10.2217
-10.2339
-10.246
-10.258
-10.2698
-10.2815
-10.293
-10.3043
-10.3154
-10.3263
-10.3369
-10.0349
-10.0351
-10.0356
-10.0367
-10.0389
-10.0423
-10.0471
-10.0532
-10.0606
-10.069
-10.0783
-10.0884
-10.0991
-10.1103
-10.1218
-10.1336
-10.1456
-10.1577
-10.1698
-10.1819
-10.194
-10.206
-10.2179
-10.2298
-10.2414
-10.253
-10.2644
-10.2756
-10.2866
-10.2974
-10.308
-10.3183
-10.3284
-10.0399
-10.0401
-10.0406
-10.0416
-10.0436
-10.0467
-10.0511
-10.0567
-10.0634
-10.0713
-10.08
-10.0895
-10.0996
-10.1102
-10.1212
-10.1325
-10.144
-10.1556
-10.1673
-10.179
-10.1907
-10.2023
-10.2139
-10.2253
-10.2366
-10.2477
-10.2586
-10.2694
-10.2799
-10.2902
-10.3003
-10.3101
-10.3197
-10.0449
-10.045
-10.0454
-10.0463
-10.048
-10.0507
-10.0546
-10.0596
-10.0658
-10.073
-10.0811
-10.09
-10.0996
-10.1097
-10.1202
-10.1311
-10.1421
-10.1533
-10.1646
-10.1759
-10.1872
-10.1984
-10.2095
-10.2205
-10.2314
-10.2421
-10.2526
-10.2629
-10.2729
-10.2828
-10.2924
-10.3017
-10.3107
-10.0499
-10.05
-10.0502
-10.0508
-10.052
-10.0542
-10.0575
-10.062
-10.0675
-10.0742
-10.0817
-10.0901
-10.0991
-10.1088
-10.1188
-10.1292
-10.1398
-10.1506
-10.1615
-10.1724
-10.1833
-10.1941
-10.2049
-10.2155
-10.2259
-10.2362
-10.2463
-10.2562
-10.2658
-10.2751
-10.2842
-10.2931
-10.3016
-10.055
-10.0551
-10.055
-10.055
-10.0557
-10.0572
-10.0599
-10.0637
-10.0686
-10.0747
-10.0817
-10.0896
-10.0981
-10.1073
-10.1169
-10.1269
-10.1371
-10.1475
-10.158
-10.1686
-10.1791
-10.1896
-10.2
-10.2102
-10.2203
-10.2301
-10.2398
-10.2492
-10.2584
-10.2673
-10.276
-10.2843
-10.2923
-10.0602
-10.0603
-10.0597
-10.0591
-10.0589
-10.0597
-10.0616
-10.0647
-10.069
-10.0745
-10.081
-10.0884
-10.0965
-10.1052
-10.1145
-10.1241
-10.134
-10.144
-10.1542
-10.1644
-10.1746
-10.1847
-10.1948
-10.2046
-10.2143
-10.2238
-10.2331
-10.2421
-10.2509
-10.2594
-10.2675
-10.2754
-10.283
-10.0659
-10.0659
-10.0647
-10.063
-10.0618
-10.0616
-10.0627
-10.065
-10.0687
-10.0735
-10.0795
-10.0865
-10.0942
-10.1026
-10.1115
-10.1208
-10.1303
-10.1401
-10.15
-10.1599
-10.1698
-10.1796
-10.1893
-10.1988
-10.2081
-10.2173
-10.2262
-10.2348
-10.2432
-10.2512
-10.259
-10.2665
-10.2736
-10.0721
-10.0721
-10.0699
-10.0668
-10.0643
-10.0629
-10.0629
-10.0644
-10.0674
-10.0717
-10.0772
-10.0837
-10.0911
-10.0992
-10.1078
-10.1168
-10.1261
-10.1357
-10.1453
-10.1549
-10.1645
-10.174
-10.1834
-10.1927
-10.2017
-10.2105
-10.219
-10.2273
-10.2353
-10.243
-10.2503
-10.2574
-10.2641
-10.0794
-10.0793
-10.0756
-10.0705
-10.0662
-10.0634
-10.0621
-10.0627
-10.065
-10.0687
-10.0738
-10.08
-10.0871
-10.095
-10.1034
-10.1122
-10.1213
-10.1306
-10.14
-10.1494
-10.1588
-10.1681
-10.1772
-10.1861
-10.1949
-10.2034
-10.2116
-10.2195
-10.2272
-10.2345
-10.2415
-10.2482
-10.2545
-10.0886
-10.0882
-10.082
-10.0741
-10.0675
-10.0628
-10.0602
-10.0597
-10.0612
-10.0645
-10.0693
-10.0752
-10.0821
-10.0898
-10.0981
-10.1067
-10.1157
-10.1249
-10.1341
-10.1433
-10.1525
-10.1616
-10.1705
-10.1792
-10.1877
-10.1959
-10.2038
-10.2115
-10.2188
-10.2258
-10.2325
-10.2388
-10.2448
-10.1011
-10.0998
-10.0896
-10.0776
-10.0679
-10.0608
-10.0566
-10.055
-10.0559
-10.0587
-10.0632
-10.069
-10.0758
-10.0834
-10.0916
-10.1002
-10.1091
-10.1182
-10.1273
-10.1364
-10.1455
-10.1544
-10.1631
-10.1716
-10.1799
-10.1879
-10.1956
-10.203
-10.21
-10.2168
-10.2232
-10.2292
-10.2349
-10.1193
-10.1156
-10.0984
-10.0804
-10.0668
-10.0569
-10.0508
-10.0482
-10.0485
-10.0509
-10.0553
-10.061
-10.0678
-10.0755
-10.0837
-10.0923
-10.1013
-10.1103
-10.1194
-10.1285
-10.1375
-10.1463
-10.1549
-10.1633
-10.1714
-10.1792
-10.1868
-10.194
-10.2008
-10.2073
-10.2135
-10.2193
-10.2248
-10.1497
-10.1384
-10.1079
-10.0811
-10.0626
-10.0496
-10.0417
-10.0382
-10.0381
-10.0404
-10.0447
-10.0506
-10.0576
-10.0653
-10.0737
-10.0825
-10.0915
-10.1007
-10.1099
-10.119
-10.128
-10.1368
-10.1454
-10.1537
-10.1618
-10.1696
-10.177
-10.1841
-10.1909
-10.1973
-10.2033
-10.209
-10.2143
-10.2046
-10.1763
-10.1212
-10.0804
-10.0542
-10.0365
-10.0266
-10.0227
-10.0226
-10.0253
-10.0303
-10.0369
-10.0445
-10.053
-10.0619
-10.0712
-10.0807
-10.0902
-10.0996
-10.1089
-10.1181
-10.127
-10.1357
-10.144
-10.1521
-10.1598
-10.1672
-10.1742
-10.1809
-10.1872
-10.1931
-10.1986
-10.2038
-10.2877
-10.2246
-10.14
-10.0865
-10.0478
-10.0197
-10.0046
-9.99806
-9.9963
-9.99821
-10.0031
-10.0102
-10.0187
-10.0281
-10.0382
-10.0486
-10.0592
-10.0698
-10.0804
-10.0907
-10.1008
-10.1106
-10.1201
-10.1292
-10.138
-10.1463
-10.1542
-10.1618
-10.1689
-10.1755
-10.1818
-10.1876
-10.193
-10.4379
-10.2044
-10.075
-10.0617
-10.0469
-10.0294
-10.0235
-10.0231
-10.0233
-10.0248
-10.0281
-10.0327
-10.0383
-10.0447
-10.0518
-10.0595
-10.0675
-10.0757
-10.0841
-10.0925
-10.1008
-10.109
-10.1171
-10.125
-10.1326
-10.14
-10.1471
-10.1538
-10.1602
-10.1663
-10.172
-10.1774
-10.1825
-11.3942
-10.171
-9.58066
-9.50138
-9.51452
-9.55213
-9.60764
-9.66358
-9.71425
-9.76093
-9.80392
-9.84274
-9.87748
-9.90863
-9.93669
-9.96202
-9.98496
-10.0058
-10.0248
-10.0422
-10.0582
-10.073
-10.0865
-10.0991
-10.1107
-10.1215
-10.1314
-10.1406
-10.1491
-10.157
-10.1642
-10.1707
-10.1766
-15.1633
-12.9604
-11.9292
-11.2929
-10.8658
-10.615
-10.4531
-10.33
-10.2377
-10.1734
-10.1298
-10.1003
-10.0809
-10.0692
-10.0632
-10.0613
-10.0624
-10.0658
-10.0706
-10.0766
-10.0833
-10.0905
-10.098
-10.1055
-10.113
-10.1205
-10.1277
-10.1347
-10.1414
-10.1479
-10.154
-10.1598
-10.1654
-1.24958
-5.34224
-7.46605
-8.23857
-8.6774
-9.04112
-9.30728
-9.48353
-9.60761
-9.7035
-9.77901
-9.83799
-9.88473
-9.9229
-9.95484
-9.98198
-10.0054
-10.0258
-10.044
-10.0602
-10.0749
-10.0883
-10.1005
-10.1117
-10.1221
-10.1316
-10.1405
-10.1486
-10.1561
-10.1631
-10.1694
-10.1753
-10.1806
-10.348
-10.1322
-10.4213
-10.6906
-10.7953
-10.8277
-10.8387
-10.8356
-10.8252
-10.817
-10.8179
-10.831
-10.8574
-10.8967
-10.9469
-11.0056
-11.0697
-11.1364
-11.203
-11.2669
-11.326
-11.3788
-11.4238
-11.4602
-11.4872
-11.5046
-11.512
-11.5095
-11.4971
-11.4748
-11.4426
-11.4006
-11.3488
-11.287
-11.2153
-11.1334
-11.0412
-10.9386
-10.8253
-10.701
-10.5656
-10.4189
-10.2606
-10.0906
-9.90877
-9.715
-9.50934
-9.2919
-9.06289
-8.82264
-8.57159
-8.31033
-8.03956
-7.76013
-7.47301
-7.1793
-6.8802
-6.57702
-6.27113
-5.96397
-5.65699
-5.35166
-5.04943
-4.7517
-4.45978
-4.1749
-3.89817
-3.63057
-3.37292
-3.12592
-2.89007
-2.66577
-2.45324
-2.25259
-2.0638
-1.88675
-1.72119
-1.5668
-1.42319
-1.28989
-1.1664
-1.0522
-0.946733
-0.849455
-0.759822
-0.677304
-0.601387
-0.531588
-0.46743
-0.408507
-0.354337
-0.304684
-0.258817
-0.217145
-0.17753
-0.143366
-0.105866
-0.0823101
-0.0340317
-0.0419761
-10.3949
-10.3942
-10.5882
-10.733
-10.7653
-10.7597
-10.7516
-10.7417
-10.7323
-10.7301
-10.7395
-10.7615
-10.7957
-10.841
-10.8955
-10.9567
-11.0222
-11.0895
-11.156
-11.2195
-11.2783
-11.3306
-11.3752
-11.4112
-11.438
-11.4552
-11.4626
-11.4601
-11.4478
-11.4255
-11.3935
-11.3516
-11.2999
-11.2383
-11.1667
-11.0851
-10.9931
-10.8907
-10.7777
-10.6539
-10.519
-10.3728
-10.2152
-10.046
-9.86512
-9.67247
-9.4681
-9.25213
-9.02478
-8.78638
-8.53737
-8.27832
-8.00994
-7.73306
-7.44862
-7.1577
-6.86148
-6.56122
-6.25826
-5.95401
-5.64989
-5.34732
-5.04773
-4.75248
-4.46287
-4.1801
-3.90526
-3.63933
-3.38312
-3.13732
-2.90246
-2.67892
-2.46695
-2.26668
-2.07808
-1.90106
-1.73539
-1.58077
-1.43681
-1.30308
-1.17909
-1.06432
-0.958243
-0.860323
-0.770024
-0.686826
-0.610221
-0.53973
-0.474879
-0.415265
-0.360403
-0.310066
-0.263495
-0.221164
-0.180779
-0.146118
-0.107499
-0.0844588
-0.0329828
-0.0471721
-10.4076
-10.4224
-10.5095
-10.6108
-10.6678
-10.6967
-10.7156
-10.7255
-10.7285
-10.7314
-10.7395
-10.756
-10.7821
-10.8183
-10.8641
-10.9178
-10.9773
-11.0402
-11.1037
-11.1654
-11.223
-11.2747
-11.319
-11.355
-11.3818
-11.3992
-11.4068
-11.4046
-11.3926
-11.3707
-11.3389
-11.2974
-11.2461
-11.1848
-11.1136
-11.0323
-10.9408
-10.8389
-10.7264
-10.6031
-10.4688
-10.3234
-10.1667
-9.99854
-9.81881
-9.62748
-9.42461
-9.21032
-8.98483
-8.74848
-8.5017
-8.24507
-7.97927
-7.7051
-7.42351
-7.13553
-6.84232
-6.54511
-6.2452
-5.94397
-5.6428
-5.34309
-5.04623
-4.75354
-4.46631
-4.18571
-3.91284
-3.64863
-3.39392
-3.14938
-2.91555
-2.69282
-2.48145
-2.28156
-2.09318
-1.9162
-1.75042
-1.59556
-1.45125
-1.31706
-1.19253
-1.07717
-0.970449
-0.871848
-0.780843
-0.696921
-0.619583
-0.548355
-0.482766
-0.422416
-0.366817
-0.315751
-0.268437
-0.2254
-0.184219
-0.149002
-0.109284
-0.0866218
-0.0321492
-0.0521276
-10.4115
-10.4362
-10.5042
-10.5979
-10.6616
-10.6915
-10.7059
-10.7125
-10.7147
-10.7178
-10.7268
-10.7441
-10.7704
-10.8059
-10.8494
-10.8995
-10.9541
-11.0113
-11.0688
-11.1246
-11.177
-11.2242
-11.2652
-11.2986
-11.3239
-11.3402
-11.3474
-11.345
-11.3331
-11.3114
-11.28
-11.2389
-11.188
-11.1272
-11.0565
-10.9757
-10.8847
-10.7834
-10.6716
-10.5491
-10.4156
-10.2712
-10.1155
-9.9485
-9.77009
-9.58026
-9.37905
-9.1666
-8.94314
-8.70899
-8.4646
-8.21052
-7.94742
-7.67611
-7.39748
-7.11256
-6.82246
-6.5284
-6.23165
-5.93353
-5.63541
-5.33865
-5.0446
-4.75457
-4.46981
-4.19148
-3.92065
-3.65826
-3.40513
-3.16192
-2.92919
-2.70733
-2.49661
-2.29716
-2.10902
-1.93211
-1.76624
-1.61114
-1.46647
-1.33182
-1.20674
-1.09076
-0.983361
-0.884045
-0.792295
-0.70761
-0.629496
-0.557487
-0.491114
-0.429983
-0.373603
-0.321763
-0.273663
-0.229875
-0.187867
-0.15204
-0.111224
-0.0888371
-0.0314951
-0.0568876
-10.4157
-10.4469
-10.5032
-10.5757
-10.6286
-10.657
-10.674
-10.6861
-10.695
-10.704
-10.7168
-10.7357
-10.7616
-10.7948
-10.8349
-10.8806
-10.9306
-10.983
-11.0359
-11.0873
-11.1357
-11.1793
-11.2169
-11.2475
-11.2702
-11.2845
-11.29
-11.2865
-11.2737
-11.2515
-11.2198
-11.1786
-11.1278
-11.0672
-10.9968
-10.9165
-10.826
-10.7253
-10.6142
-10.4924
-10.3599
-10.2164
-10.0619
-9.89613
-9.71915
-9.53091
-9.33146
-9.12095
-8.89961
-8.66777
-8.42586
-8.17443
-7.91413
-7.64576
-7.37018
-7.08841
-6.80152
-6.51071
-6.2172
-5.9223
-5.62732
-5.33361
-5.04249
-4.75522
-4.47305
-4.1971
-3.92843
-3.66796
-3.41651
-3.17474
-2.94319
-2.72228
-2.51228
-2.31334
-2.1255
-1.94869
-1.78276
-1.62745
-1.48242
-1.34731
-1.22168
-1.10506
-0.99697
-0.896911
-0.804385
-0.7189
-0.639971
-0.567139
-0.499941
-0.437984
-0.380778
-0.328119
-0.279192
-0.234606
-0.191738
-0.155246
-0.113334
-0.0911071
-0.0310451
-0.0614029
-10.4186
-10.4511
-10.4982
-10.5558
-10.6032
-10.6338
-10.6546
-10.6701
-10.6822
-10.6937
-10.7078
-10.7267
-10.7516
-10.7827
-10.8197
-10.8618
-10.9075
-10.9554
-11.0037
-11.0507
-11.0949
-11.1347
-11.169
-11.1967
-11.217
-11.2294
-11.2333
-11.2285
-11.2147
-11.1917
-11.1595
-11.1179
-11.0669
-11.0062
-10.9359
-10.8557
-10.7656
-10.6653
-10.5547
-10.4337
-10.302
-10.1595
-10.006
-9.84156
-9.66601
-9.47937
-9.28172
-9.07319
-8.85402
-8.62453
-8.38516
-8.13643
-7.87901
-7.61364
-7.3412
-7.06266
-6.77908
-6.4916
-6.20145
-5.90987
-5.61816
-5.32763
-5.03956
-4.75519
-4.47573
-4.2023
-3.93591
-3.67749
-3.42784
-3.18762
-2.95737
-2.73751
-2.52832
-2.32996
-2.14248
-1.96584
-1.79989
-1.6444
-1.49905
-1.36349
-1.23731
-1.12005
-1.01125
-0.910431
-0.817103
-0.730788
-0.65101
-0.577318
-0.509253
-0.446428
-0.388354
-0.334832
-0.285036
-0.239607
-0.195846
-0.158631
-0.11563
-0.0934291
-0.0308318
-0.0656119
-10.42
-10.4516
-10.4926
-10.5405
-10.5828
-10.6134
-10.6355
-10.6528
-10.6672
-10.681
-10.6967
-10.7162
-10.7405
-10.77
-10.8045
-10.8432
-10.885
-10.9286
-10.9725
-11.0151
-11.0551
-11.0911
-11.1219
-11.1465
-11.1642
-11.1743
-11.1764
-11.1701
-11.155
-11.1311
-11.0982
-11.0561
-11.0047
-10.9439
-10.8735
-10.7934
-10.7035
-10.6035
-10.4934
-10.3729
-10.242
-10.1004
-9.94797
-9.78473
-9.61059
-9.42555
-9.22968
-9.02314
-8.80616
-8.57906
-8.34226
-8.09629
-7.8418
-7.57951
-7.31029
-7.03507
-6.75489
-6.47086
-6.18417
-5.89604
-5.60773
-5.32051
-5.03562
-4.75429
-4.47768
-4.2069
-3.94293
-3.6867
-3.43897
-3.20042
-2.97159
-2.75288
-2.5446
-2.3469
-2.15987
-1.98346
-1.81755
-1.66192
-1.51628
-1.3803
-1.25357
-1.13568
-1.02617
-0.924578
-0.830431
-0.743262
-0.662607
-0.58802
-0.519054
-0.455322
-0.39634
-0.341912
-0.291207
-0.244889
-0.200204
-0.162206
-0.118126
-0.0958022
-0.030881
-0.0694618
-10.42
-10.4502
-10.4866
-10.5275
-10.5651
-10.5947
-10.6176
-10.6363
-10.6526
-10.6681
-10.685
-10.7048
-10.7285
-10.7564
-10.7885
-10.824
-10.8622
-10.9018
-10.9416
-10.9801
-11.0161
-11.0483
-11.0757
-11.0972
-11.1122
-11.1199
-11.1199
-11.1119
-11.0954
-11.0703
-11.0364
-10.9936
-10.9417
-10.8805
-10.8098
-10.7297
-10.6398
-10.5401
-10.4303
-10.3103
-10.18
-10.0392
-9.88786
-9.7258
-9.55303
-9.36957
-9.17548
-8.97093
-8.75615
-8.53146
-8.29727
-8.05411
-7.8026
-7.54346
-7.27753
-7.00571
-6.72902
-6.44855
-6.16543
-5.88086
-5.59606
-5.31227
-5.03069
-4.75252
-4.4789
-4.21088
-3.94947
-3.69554
-3.44986
-3.21309
-2.98577
-2.76832
-2.56103
-2.36409
-2.17758
-2.00147
-1.83565
-1.67993
-1.53405
-1.39767
-1.27042
-1.15191
-1.04169
-0.939322
-0.844344
-0.756304
-0.674747
-0.59924
-0.529339
-0.464666
-0.404739
-0.349365
-0.297714
-0.250461
-0.204822
-0.165978
-0.120833
-0.0982262
-0.0312127
-0.0729078
-10.4189
-10.4475
-10.4803
-10.5159
-10.5496
-10.5778
-10.6009
-10.6205
-10.638
-10.6548
-10.6725
-10.6924
-10.7154
-10.7418
-10.7716
-10.8043
-10.8391
-10.875
-10.9108
-10.9454
-10.9776
-11.0062
-11.0302
-11.0486
-11.0608
-11.0661
-11.064
-11.0541
-11.0361
-11.0097
-10.9747
-10.931
-10.8784
-10.8166
-10.7456
-10.6652
-10.5753
-10.4756
-10.3661
-10.2465
-10.1168
-9.97676
-9.82631
-9.66537
-9.49393
-9.31201
-9.11968
-8.91711
-8.70452
-8.48224
-8.25068
-8.01035
-7.76187
-7.50592
-7.24333
-6.97498
-6.70185
-6.425
-6.14553
-5.86461
-5.58341
-5.30313
-5.02496
-4.75005
-4.4795
-4.21437
-3.9556
-3.70406
-3.46053
-3.22564
-2.99993
-2.78382
-2.57761
-2.38149
-2.19557
-2.01982
-1.85415
-1.69839
-1.55229
-1.41555
-1.28781
-1.16869
-1.05777
-0.954628
-0.858814
-0.769889
-0.687414
-0.610963
-0.540101
-0.474455
-0.413549
-0.357192
-0.304559
-0.25633
-0.209708
-0.169955
-0.123759
-0.100701
-0.0318419
-0.0759132
-10.4169
-10.4438
-10.4736
-10.5053
-10.5357
-10.5624
-10.5852
-10.6053
-10.6235
-10.6411
-10.6592
-10.679
-10.7013
-10.7262
-10.7538
-10.7838
-10.8154
-10.8478
-10.88
-10.9108
-10.9393
-10.9644
-10.985
-11.0005
-11.0099
-11.0128
-11.0085
-10.9968
-10.9771
-10.9494
-10.9132
-10.8685
-10.8151
-10.7527
-10.6812
-10.6005
-10.5104
-10.4108
-10.3014
-10.1822
-10.0529
-9.91358
-9.764
-9.60414
-9.43399
-9.25356
-9.06296
-8.86234
-8.65194
-8.43206
-8.20313
-7.96564
-7.72018
-7.46745
-7.20822
-6.94337
-6.67383
-6.40065
-6.12488
-5.84765
-5.57011
-5.29341
-5.0187
-4.74711
-4.47972
-4.21752
-3.96147
-3.71241
-3.47109
-3.23814
-3.01411
-2.79941
-2.59434
-2.39912
-2.21383
-2.03849
-1.87302
-1.71726
-1.57099
-1.43391
-1.3057
-1.18599
-1.07438
-0.970465
-0.873811
-0.783994
-0.700586
-0.623172
-0.551326
-0.484681
-0.422766
-0.365393
-0.311744
-0.262497
-0.214866
-0.174141
-0.126912
-0.103227
-0.0327778
-0.0784498
-10.4141
-10.4394
-10.4667
-10.4952
-10.5228
-10.548
-10.5703
-10.5904
-10.6089
-10.6269
-10.6452
-10.6647
-10.6861
-10.7096
-10.7352
-10.7626
-10.7912
-10.8202
-10.8489
-10.8762
-10.9011
-10.9228
-10.9402
-10.9527
-10.9594
-10.9598
-10.9534
-10.9397
-10.9184
-10.8892
-10.8518
-10.8061
-10.7518
-10.6888
-10.6168
-10.5358
-10.4455
-10.3458
-10.2365
-10.1176
-9.98883
-9.85012
-9.70139
-9.54258
-9.37368
-9.19474
-9.00585
-8.80717
-8.59893
-8.38146
-8.15514
-7.92049
-7.67806
-7.42854
-7.17268
-6.91133
-6.64541
-6.3759
-6.10384
-5.83033
-5.55647
-5.28339
-5.01219
-4.74396
-4.47975
-4.22054
-3.96725
-3.72071
-3.48165
-3.25071
-3.02841
-2.81516
-2.61128
-2.41699
-2.23239
-2.05751
-1.89227
-1.73655
-1.59012
-1.45273
-1.32407
-1.20378
-1.09149
-0.986807
-0.889312
-0.798596
-0.714244
-0.635852
-0.563001
-0.495332
-0.432382
-0.373962
-0.319267
-0.268963
-0.220297
-0.17854
-0.130294
-0.105804
-0.0340232
-0.0804996
-10.4106
-10.4343
-10.4594
-10.4854
-10.5107
-10.5344
-10.556
-10.5758
-10.5943
-10.6123
-10.6305
-10.6496
-10.67
-10.6921
-10.7157
-10.7406
-10.7663
-10.7922
-10.8176
-10.8414
-10.863
-10.8813
-10.8956
-10.9051
-10.9091
-10.9071
-10.8985
-10.8829
-10.8599
-10.8292
-10.7906
-10.7438
-10.6887
-10.6249
-10.5524
-10.471
-10.3805
-10.2808
-10.1716
-10.053
-9.92467
-9.78661
-9.63872
-9.48096
-9.31332
-9.13586
-8.94867
-8.75192
-8.54585
-8.33077
-8.10707
-7.87524
-7.63584
-7.38953
-7.13704
-6.8792
-6.61688
-6.35106
-6.08273
-5.81294
-5.54278
-5.27332
-5.00563
-4.74078
-4.47978
-4.22359
-3.9731
-3.72911
-3.49235
-3.26344
-3.04289
-2.83114
-2.62849
-2.43517
-2.25129
-2.07688
-1.91191
-1.75624
-1.60969
-1.47201
-1.34291
-1.22206
-1.10909
-1.00364
-0.905297
-0.813677
-0.72837
-0.648984
-0.575112
-0.506398
-0.442388
-0.382893
-0.327123
-0.275727
-0.226002
-0.183152
-0.133906
-0.108431
-0.0355748
-0.0820553
-10.4063
-10.4285
-10.4518
-10.4756
-10.4991
-10.5213
-10.542
-10.5613
-10.5796
-10.5974
-10.6153
-10.6337
-10.6531
-10.6736
-10.6953
-10.7178
-10.7409
-10.7638
-10.786
-10.8066
-10.8248
-10.84
-10.8512
-10.8578
-10.8592
-10.8547
-10.8439
-10.8264
-10.8017
-10.7695
-10.7296
-10.6818
-10.6257
-10.5612
-10.4882
-10.4064
-10.3157
-10.2159
-10.1068
-9.98846
-9.86061
-9.72321
-9.57617
-9.41946
-9.25309
-9.07711
-8.89164
-8.69683
-8.49293
-8.28024
-8.05916
-7.83016
-7.59379
-7.35068
-7.10156
-6.84721
-6.5885
-6.32636
-6.06175
-5.79568
-5.52921
-5.26338
-4.99922
-4.73776
-4.47998
-4.22681
-3.97913
-3.73771
-3.50327
-3.27641
-3.05766
-2.84742
-2.64602
-2.45369
-2.27055
-2.09665
-1.93196
-1.77637
-1.6297
-1.49174
-1.36221
-1.2408
-1.12716
-1.02094
-0.921755
-0.829222
-0.74295
-0.662557
-0.587645
-0.517866
-0.452774
-0.392177
-0.335308
-0.282785
-0.231977
-0.187976
-0.137746
-0.111109
-0.0374231
-0.0831202
-10.4012
-10.4221
-10.4438
-10.4658
-10.4876
-10.5084
-10.5282
-10.5468
-10.5647
-10.5821
-10.5994
-10.617
-10.6353
-10.6544
-10.6741
-10.6944
-10.7149
-10.735
-10.7541
-10.7716
-10.7867
-10.7988
-10.807
-10.8109
-10.8096
-10.8027
-10.7898
-10.7702
-10.7438
-10.7102
-10.669
-10.62
-10.563
-10.4978
-10.4242
-10.342
-10.251
-10.1512
-10.0423
-9.92418
-9.79681
-9.66006
-9.51389
-9.35825
-9.19316
-9.01868
-8.83493
-8.64207
-8.44035
-8.23006
-8.01161
-7.78543
-7.55209
-7.31218
-7.06642
-6.81556
-6.56045
-6.30197
-6.04107
-5.77873
-5.51594
-5.25372
-4.99309
-4.73501
-4.48046
-4.23032
-3.98545
-3.74661
-3.5145
-3.28971
-3.07276
-2.86405
-2.66392
-2.4726
-2.29021
-2.11683
-1.95244
-1.79694
-1.65017
-1.51194
-1.38199
-1.26002
-1.14571
-1.03871
-0.938675
-0.845221
-0.757974
-0.67656
-0.600592
-0.529727
-0.463532
-0.401809
-0.343814
-0.290132
-0.23822
-0.193011
-0.141809
-0.113838
-0.0395528
-0.0837084
-10.3955
-10.4152
-10.4354
-10.4559
-10.4761
-10.4957
-10.5144
-10.5323
-10.5495
-10.5663
-10.5829
-10.5997
-10.6168
-10.6343
-10.6522
-10.6703
-10.6883
-10.7057
-10.7219
-10.7365
-10.7486
-10.7577
-10.7631
-10.7642
-10.7604
-10.7512
-10.736
-10.7146
-10.6864
-10.6512
-10.6087
-10.5586
-10.5007
-10.4348
-10.3606
-10.278
-10.1868
-10.0869
-9.97809
-9.86031
-9.73342
-9.59736
-9.45205
-9.2975
-9.1337
-8.96074
-8.77872
-8.58783
-8.38829
-8.18042
-7.96458
-7.74124
-7.51091
-7.2742
-7.03179
-6.78442
-6.53288
-6.27806
-6.02086
-5.76221
-5.5031
-5.24449
-4.98736
-4.73266
-4.48132
-4.23421
-3.99215
-3.75589
-3.52611
-3.30339
-3.08825
-2.88109
-2.68224
-2.49193
-2.31031
-2.13746
-1.97337
-1.81796
-1.6711
-1.53261
-1.40223
-1.2797
-1.16472
-1.05695
-0.956053
-0.861668
-0.773432
-0.690982
-0.613942
-0.541974
-0.474654
-0.411781
-0.352637
-0.297765
-0.244727
-0.198255
-0.146091
-0.11662
-0.0419438
-0.0838437
-10.3891
-10.4076
-10.4266
-10.4456
-10.4645
-10.4829
-10.5006
-10.5177
-10.5341
-10.5502
-10.566
-10.5817
-10.5976
-10.6136
-10.6297
-10.6457
-10.6613
-10.6761
-10.6896
-10.7013
-10.7106
-10.7168
-10.7195
-10.7179
-10.7116
-10.7001
-10.6829
-10.6595
-10.6296
-10.5929
-10.5491
-10.4979
-10.439
-10.3723
-10.2975
-10.2145
-10.1231
-10.0232
-9.91451
-9.79704
-9.67065
-9.53527
-9.39086
-9.2374
-9.07492
-8.90348
-8.72321
-8.53429
-8.33694
-8.13148
-7.91827
-7.69775
-7.47044
-7.23692
-6.99784
-6.75393
-6.50597
-6.25478
-6.00125
-5.74628
-5.49081
-5.23579
-4.98215
-4.73081
-4.48267
-4.23857
-3.99931
-3.76563
-3.53817
-3.31753
-3.10419
-2.89857
-2.701
-2.51171
-2.33087
-2.15855
-1.99476
-1.83946
-1.69251
-1.55374
-1.42294
-1.29986
-1.1842
-1.07565
-0.97388
-0.878554
-0.789317
-0.705817
-0.627688
-0.554597
-0.486132
-0.422086
-0.36177
-0.305677
-0.251492
-0.203705
-0.150583
-0.119454
-0.0445717
-0.0835588
-10.3821
-10.3996
-10.4173
-10.4351
-10.4528
-10.47
-10.4867
-10.5029
-10.5185
-10.5337
-10.5485
-10.5632
-10.5778
-10.5923
-10.6066
-10.6205
-10.6339
-10.6462
-10.6571
-10.6661
-10.6727
-10.6763
-10.6763
-10.6722
-10.6635
-10.6497
-10.6304
-10.6051
-10.5736
-10.5354
-10.4902
-10.4379
-10.3781
-10.3106
-10.2353
-10.1519
-10.0603
-9.96026
-9.85173
-9.73458
-9.6087
-9.47403
-9.33052
-9.17817
-9.01701
-8.84712
-8.66861
-8.48166
-8.28651
-8.08346
-7.87287
-7.65517
-7.43086
-7.20051
-6.96475
-6.72429
-6.47986
-6.23228
-5.98239
-5.73107
-5.47923
-5.22776
-4.97758
-4.72957
-4.48461
-4.2435
-4.00702
-3.77589
-3.55075
-3.33217
-3.12063
-2.91655
-2.72025
-2.53198
-2.3519
-2.18012
-2.01664
-1.86143
-1.71439
-1.57535
-1.44413
-1.32048
-1.20413
-1.09479
-0.992149
-0.895871
-0.80562
-0.721054
-0.641819
-0.567587
-0.497957
-0.432716
-0.371205
-0.313864
-0.258508
-0.209357
-0.155278
-0.122345
-0.0474083
-0.0828935
-10.3745
-10.391
-10.4076
-10.4243
-10.4408
-10.457
-10.4727
-10.4879
-10.5026
-10.5168
-10.5307
-10.5442
-10.5575
-10.5704
-10.583
-10.595
-10.6062
-10.6162
-10.6246
-10.6311
-10.6351
-10.636
-10.6335
-10.627
-10.616
-10.6
-10.5787
-10.5516
-10.5184
-10.4787
-10.4323
-10.3789
-10.3181
-10.2499
-10.174
-10.0902
-9.9984
-9.89836
-9.78998
-9.67316
-9.54781
-9.41386
-9.27127
-9.12004
-8.96022
-8.79187
-8.61512
-8.43016
-8.2372
-8.03656
-7.82858
-7.61369
-7.39237
-7.16517
-6.93271
-6.69565
-6.45473
-6.21073
-5.96445
-5.71674
-5.46848
-5.22053
-4.97377
-4.72906
-4.48724
-4.24909
-4.01537
-3.78677
-3.56392
-3.34737
-3.13762
-2.93506
-2.74002
-2.55276
-2.37344
-2.20218
-2.03901
-1.88389
-1.73675
-1.59744
-1.46578
-1.34156
-1.22452
-1.11438
-1.01085
-0.913606
-0.822327
-0.736682
-0.656324
-0.580933
-0.510119
-0.443662
-0.380934
-0.322318
-0.265769
-0.215206
-0.160163
-0.125294
-0.0504229
-0.0818928
-10.3664
-10.382
-10.3976
-10.4132
-10.4286
-10.4438
-10.4584
-10.4727
-10.4864
-10.4997
-10.5125
-10.5248
-10.5368
-10.5482
-10.5591
-10.5692
-10.5783
-10.5861
-10.5922
-10.5962
-10.5977
-10.5963
-10.5913
-10.5825
-10.5693
-10.5512
-10.528
-10.4991
-10.4643
-10.4232
-10.3755
-10.3209
-10.2593
-10.1904
-10.1139
-10.0298
-9.93775
-9.83769
-9.72949
-9.61302
-9.4882
-9.35499
-9.21333
-9.06324
-8.90476
-8.73797
-8.56299
-8.38001
-8.18926
-7.99101
-7.78564
-7.57353
-7.35518
-7.1311
-6.9019
-6.66822
-6.43078
-6.1903
-5.94759
-5.70345
-5.45872
-5.21424
-4.97086
-4.7294
-4.49067
-4.25544
-4.02443
-3.79833
-3.57774
-3.36321
-3.15521
-2.95415
-2.76035
-2.57408
-2.39551
-2.22476
-2.06188
-1.90684
-1.75959
-1.61999
-1.4879
-1.36309
-1.24535
-1.1344
-1.02997
-0.931746
-0.839425
-0.752684
-0.671187
-0.59462
-0.522604
-0.45491
-0.390945
-0.331027
-0.273262
-0.221245
-0.165225
-0.128304
-0.0535821
-0.0806047
-10.3579
-10.3726
-10.3873
-10.4019
-10.4163
-10.4304
-10.4441
-10.4573
-10.47
-10.4823
-10.494
-10.5052
-10.5158
-10.5257
-10.5349
-10.5432
-10.5503
-10.556
-10.5599
-10.5617
-10.5609
-10.5571
-10.5499
-10.5388
-10.5234
-10.5034
-10.4783
-10.4477
-10.4113
-10.3688
-10.3199
-10.2644
-10.2019
-10.1322
-10.0553
-9.97075
-9.87855
-9.7785
-9.67047
-9.55438
-9.43012
-9.29766
-9.15695
-9.00802
-8.85089
-8.68567
-8.51246
-8.33146
-8.1429
-7.94705
-7.74425
-7.53492
-7.3195
-7.09851
-6.87254
-6.6422
-6.40817
-6.17118
-5.93197
-5.69135
-5.45009
-5.20903
-4.96897
-4.7307
-4.49502
-4.26265
-4.03432
-3.81066
-3.59229
-3.37973
-3.17345
-2.97386
-2.78128
-2.59598
-2.41813
-2.24787
-2.08526
-1.93029
-1.78291
-1.64302
-1.51046
-1.38507
-1.2666
-1.15483
-1.04948
-0.950271
-0.856894
-0.769042
-0.686391
-0.608631
-0.535394
-0.466445
-0.401222
-0.33998
-0.280974
-0.227465
-0.170448
-0.131375
-0.0568509
-0.0790783
-10.3491
-10.3629
-10.3766
-10.3903
-10.4037
-10.4168
-10.4295
-10.4418
-10.4535
-10.4647
-10.4753
-10.4853
-10.4946
-10.5031
-10.5107
-10.5172
-10.5224
-10.5261
-10.5279
-10.5275
-10.5245
-10.5185
-10.5092
-10.496
-10.4787
-10.4567
-10.4298
-10.3976
-10.3597
-10.3159
-10.2658
-10.2093
-10.1459
-10.0756
-9.99818
-9.91335
-9.821
-9.72099
-9.61318
-9.49748
-9.37381
-9.24211
-9.10238
-8.95461
-8.79885
-8.6352
-8.46377
-8.28475
-8.09837
-7.90489
-7.70466
-7.49807
-7.28555
-7.06762
-6.84482
-6.61777
-6.38711
-6.15354
-5.91779
-5.6806
-5.44276
-5.20505
-4.96824
-4.7331
-4.5004
-4.27084
-4.04511
-3.82385
-3.60764
-3.39701
-3.19241
-2.99425
-2.80285
-2.61848
-2.44132
-2.27153
-2.10916
-1.95423
-1.80671
-1.6665
-1.53347
-1.40746
-1.28827
-1.17566
-1.06938
-0.969161
-0.874712
-0.785734
-0.701913
-0.622943
-0.548469
-0.478247
-0.411745
-0.349158
-0.288887
-0.233853
-0.175812
-0.134507
-0.0601933
-0.0773617
-10.3399
-10.3529
-10.3658
-10.3785
-10.391
-10.4032
-10.4149
-10.4262
-10.4369
-10.4471
-10.4565
-10.4653
-10.4733
-10.4804
-10.4864
-10.4913
-10.4947
-10.4965
-10.4963
-10.4939
-10.4888
-10.4808
-10.4694
-10.4542
-10.435
-10.4112
-10.3826
-10.3489
-10.3096
-10.2645
-10.2133
-10.1558
-10.0917
-10.0208
-9.94289
-9.85778
-9.76533
-9.66538
-9.55782
-9.44254
-9.31948
-9.18858
-9.04984
-8.90325
-8.74888
-8.5868
-8.41716
-8.24011
-8.0559
-7.86478
-7.66709
-7.46321
-7.25356
-7.03864
-6.81897
-6.59515
-6.36779
-6.13758
-5.9052
-5.67139
-5.43688
-5.20244
-4.9688
-4.73672
-4.50692
-4.2801
-4.05691
-3.83798
-3.62387
-3.41511
-3.21213
-3.01535
-2.82508
-2.6416
-2.46511
-2.29574
-2.13359
-1.97868
-1.83098
-1.69043
-1.55691
-1.43027
-1.31033
-1.19686
-1.08963
-0.988391
-0.892854
-0.802734
-0.717726
-0.637531
-0.561803
-0.490292
-0.422494
-0.35854
-0.296982
-0.240394
-0.181295
-0.137698
-0.0635731
-0.0755006
-10.3305
-10.3427
-10.3547
-10.3666
-10.3782
-10.3895
-10.4003
-10.4106
-10.4203
-10.4294
-10.4377
-10.4453
-10.452
-10.4577
-10.4622
-10.4655
-10.4672
-10.4672
-10.4652
-10.4609
-10.4539
-10.4439
-10.4306
-10.4136
-10.3925
-10.3671
-10.3369
-10.3017
-10.2611
-10.2148
-10.1626
-10.1042
-10.0394
-9.9679
-9.88958
-9.80424
-9.71172
-9.61188
-9.5046
-9.38979
-9.26737
-9.1373
-8.99957
-8.85418
-8.7012
-8.54072
-8.37285
-8.19778
-8.01572
-7.82695
-7.63177
-7.43056
-7.22374
-7.01177
-6.79517
-6.57451
-6.3504
-6.12346
-5.89438
-5.66386
-5.4326
-5.20134
-4.97079
-4.74168
-4.5147
-4.29052
-4.06979
-3.85312
-3.64104
-3.43407
-3.23266
-3.0372
-2.84801
-2.66538
-2.48949
-2.32052
-2.15854
-2.00361
-1.85572
-1.7148
-1.58076
-1.45347
-1.33275
-1.2184
-1.11021
-1.00793
-0.911289
-0.820011
-0.733801
-0.652366
-0.575368
-0.502552
-0.43344
-0.368104
-0.305233
-0.247069
-0.186873
-0.140943
-0.0669545
-0.0735374
-10.3209
-10.3323
-10.3436
-10.3547
-10.3654
-10.3757
-10.3856
-10.395
-10.4037
-10.4117
-10.419
-10.4254
-10.4308
-10.4352
-10.4383
-10.44
-10.4402
-10.4385
-10.4347
-10.4286
-10.4198
-10.408
-10.3929
-10.3742
-10.3514
-10.3244
-10.2928
-10.2562
-10.2143
-10.1669
-10.1138
-10.0546
-9.98907
-9.91709
-9.83843
-9.75292
-9.66038
-9.5607
-9.45374
-9.33943
-9.21769
-9.08847
-8.95178
-8.80762
-8.65605
-8.49716
-8.33107
-8.15797
-7.97805
-7.79159
-7.5989
-7.40032
-7.19627
-6.98721
-6.77362
-6.55605
-6.33509
-6.11135
-5.88548
-5.65815
-5.43005
-5.20187
-4.97432
-4.74807
-4.52381
-4.30219
-4.08384
-3.86932
-3.6592
-3.45396
-3.25404
-3.05983
-2.87166
-2.6898
-2.51448
-2.34585
-2.18401
-2.02903
-1.8809
-1.73958
-1.60499
-1.47702
-1.3555
-1.24026
-1.13109
-1.02774
-0.92998
-0.837529
-0.750103
-0.667413
-0.589132
-0.514996
-0.444555
-0.377822
-0.313615
-0.253858
-0.19252
-0.144236
-0.0703037
-0.0715111
-10.3112
-10.3219
-10.3324
-10.3426
-10.3526
-10.362
-10.371
-10.3794
-10.3872
-10.3942
-10.4004
-10.4056
-10.4099
-10.4129
-10.4147
-10.415
-10.4136
-10.4103
-10.4049
-10.3971
-10.3866
-10.3731
-10.3564
-10.336
-10.3118
-10.2833
-10.2503
-10.2124
-10.1694
-10.121
-10.067
-10.007
-9.94096
-9.86856
-9.78962
-9.70399
-9.61149
-9.51202
-9.40544
-9.29166
-9.17064
-9.04232
-8.90669
-8.76377
-8.61363
-8.45634
-8.29203
-8.12088
-7.94309
-7.75892
-7.56867
-7.37268
-7.17136
-6.96512
-6.75447
-6.53992
-6.32202
-6.10139
-5.87863
-5.65439
-5.42934
-5.20414
-4.97946
-4.75598
-4.53434
-4.31517
-4.09909
-3.88664
-3.67838
-3.47477
-3.27626
-3.08323
-2.89601
-2.71488
-2.54006
-2.37172
-2.20997
-2.05489
-1.90648
-1.76473
-1.62956
-1.50088
-1.37855
-1.26239
-1.15221
-1.04779
-0.948886
-0.855247
-0.76659
-0.682632
-0.603055
-0.527589
-0.455805
-0.387662
-0.322099
-0.260736
-0.198211
-0.147567
-0.0735894
-0.069457
-10.3014
-10.3114
-10.3212
-10.3306
-10.3397
-10.3484
-10.3565
-10.364
-10.3708
-10.3768
-10.382
-10.3861
-10.3892
-10.391
-10.3915
-10.3904
-10.3876
-10.3828
-10.3759
-10.3666
-10.3545
-10.3395
-10.3212
-10.2994
-10.2737
-10.2439
-10.2096
-10.1705
-10.1265
-10.0772
-10.0224
-9.96179
-9.89522
-9.82245
-9.74331
-9.65762
-9.56524
-9.46602
-9.35987
-9.24668
-9.12641
-8.99902
-8.86448
-8.72283
-8.57413
-8.41844
-8.25592
-8.0867
-7.91102
-7.7291
-7.54125
-7.3478
-7.14913
-6.94567
-6.73786
-6.52623
-6.31132
-6.09368
-5.87392
-5.65266
-5.43054
-5.2082
-4.9863
-4.76546
-4.54632
-4.32949
-4.11556
-3.90509
-3.69858
-3.49652
-3.29933
-3.1074
-2.92105
-2.74057
-2.56619
-2.39809
-2.23638
-2.08115
-1.93243
-1.7902
-1.65443
-1.52501
-1.40183
-1.28473
-1.17352
-1.06801
-0.967954
-0.873113
-0.783214
-0.697978
-0.617095
-0.54029
-0.467152
-0.397592
-0.330652
-0.267678
-0.203919
-0.150928
-0.0767831
-0.0674076
-10.2915
-10.3008
-10.3099
-10.3187
-10.327
-10.3349
-10.3421
-10.3488
-10.3547
-10.3597
-10.3639
-10.367
-10.3689
-10.3696
-10.3688
-10.3665
-10.3623
-10.3562
-10.3478
-10.337
-10.3236
-10.3071
-10.2875
-10.2643
-10.2373
-10.2062
-10.1708
-10.1307
-10.0858
-10.0356
-9.98013
-9.91898
-9.85199
-9.77894
-9.69967
-9.614
-9.52178
-9.42289
-9.31721
-9.20467
-9.08519
-8.95876
-8.82534
-8.68498
-8.53771
-8.38364
-8.22288
-8.05559
-7.88198
-7.70228
-7.51678
-7.3258
-7.12972
-6.92893
-6.7239
-6.51509
-6.30304
-6.08829
-5.87141
-5.65301
-5.4337
-5.2141
-4.99482
-4.7765
-4.55974
-4.34514
-4.13325
-3.92463
-3.71977
-3.51916
-3.32319
-3.13227
-2.94672
-2.76683
-2.59282
-2.42488
-2.26316
-2.10774
-1.95866
-1.81593
-1.67951
-1.54933
-1.42528
-1.30721
-1.19496
-1.08834
-0.987122
-0.891069
-0.799918
-0.713397
-0.631202
-0.553052
-0.478553
-0.407572
-0.339242
-0.274656
-0.209617
-0.154306
-0.0798598
-0.0653936
-10.2815
-10.2903
-10.2987
-10.3068
-10.3144
-10.3215
-10.3279
-10.3337
-10.3388
-10.3429
-10.3461
-10.3482
-10.3491
-10.3487
-10.3468
-10.3432
-10.3378
-10.3304
-10.3208
-10.3087
-10.2939
-10.2762
-10.2552
-10.2308
-10.2027
-10.1705
-10.1341
-10.0931
-10.0473
-9.99647
-9.94036
-9.87875
-9.81143
-9.73819
-9.65887
-9.57328
-9.4813
-9.38279
-9.27764
-9.16578
-9.04714
-8.92169
-8.78942
-8.65035
-8.50454
-8.35206
-8.19305
-8.02766
-7.85608
-7.67854
-7.49534
-7.30676
-7.11318
-6.91499
-6.71261
-6.50652
-6.29722
-6.08523
-5.87111
-5.65544
-5.4388
-5.22179
-5.00502
-4.78908
-4.57456
-4.36205
-4.15208
-3.9452
-3.74188
-3.5426
-3.34777
-3.15777
-2.97293
-2.79354
-2.61984
-2.45202
-2.29022
-2.13456
-1.98508
-1.84181
-1.70472
-1.57375
-1.4488
-1.32975
-1.21645
-1.10871
-1.00631
-0.909041
-0.816635
-0.728826
-0.645317
-0.565822
-0.489961
-0.41756
-0.34783
-0.28164
-0.215279
-0.15769
-0.0827977
-0.0634455
-10.2716
-10.2797
-10.2875
-10.2949
-10.3018
-10.3082
-10.3139
-10.319
-10.3232
-10.3265
-10.3288
-10.3299
-10.3299
-10.3284
-10.3255
-10.3208
-10.3143
-10.3057
-10.2949
-10.2816
-10.2657
-10.2468
-10.2247
-10.1992
-10.17
-10.1369
-10.0995
-10.0577
-10.0113
-9.95983
-9.90324
-9.84127
-9.77371
-9.70036
-9.62106
-9.53564
-9.44395
-9.34587
-9.24131
-9.13017
-9.01239
-8.88795
-8.75684
-8.61907
-8.4747
-8.32381
-8.16652
-8.00298
-7.83338
-7.65795
-7.47696
-7.29071
-7.09953
-6.90383
-6.704
-6.5005
-6.29382
-6.08446
-5.87295
-5.65986
-5.44575
-5.23119
-5.01677
-4.80308
-4.59067
-4.38011
-4.17193
-3.96666
-3.76477
-3.56672
-3.37292
-3.18375
-2.99954
-2.82058
-2.64711
-2.47935
-2.31743
-2.16148
-2.01157
-1.86772
-1.72993
-1.59814
-1.47229
-1.35225
-1.23788
-1.12901
-1.02544
-0.926944
-0.833283
-0.74419
-0.659371
-0.578538
-0.501319
-0.427507
-0.356374
-0.288595
-0.220878
-0.161064
-0.0855781
-0.0615958
-10.2615
-10.2691
-10.2764
-10.2832
-10.2895
-10.2952
-10.3002
-10.3045
-10.3079
-10.3105
-10.3119
-10.3122
-10.3113
-10.3089
-10.305
-10.2993
-10.2918
-10.2822
-10.2703
-10.256
-10.239
-10.2191
-10.196
-10.1695
-10.1394
-10.1055
-10.0674
-10.0249
-9.97781
-9.9259
-9.86893
-9.80669
-9.73898
-9.6656
-9.5864
-9.5012
-9.40987
-9.31228
-9.20833
-9.09794
-8.98106
-8.85764
-8.72768
-8.5912
-8.44825
-8.29891
-8.1433
-7.98156
-7.81388
-7.64048
-7.46162
-7.27758
-7.08871
-6.89537
-6.69797
-6.49693
-6.29272
-6.08584
-5.8768
-5.66613
-5.45439
-5.24213
-5.02992
-4.81831
-4.60787
-4.39912
-4.19261
-3.98882
-3.78824
-3.59132
-3.39845
-3.21002
-3.02635
-2.84775
-2.67446
-2.50669
-2.34461
-2.18833
-2.03795
-1.8935
-1.75498
-1.62237
-1.4956
-1.37456
-1.25912
-1.14912
-1.04438
-0.944674
-0.849768
-0.759402
-0.673286
-0.591128
-0.512564
-0.437357
-0.364829
-0.295485
-0.226385
-0.164414
-0.0881839
-0.0598824
-10.2514
-10.2585
-10.2652
-10.2715
-10.2772
-10.2823
-10.2867
-10.2903
-10.2931
-10.2949
-10.2956
-10.2952
-10.2934
-10.2902
-10.2854
-10.2789
-10.2705
-10.26
-10.2472
-10.2319
-10.214
-10.1932
-10.1693
-10.142
-10.1111
-10.0764
-10.0377
-9.99466
-9.94711
-9.89482
-9.83757
-9.77516
-9.70738
-9.63405
-9.55501
-9.47009
-9.37916
-9.2821
-9.1788
-9.06918
-8.95319
-8.83079
-8.70198
-8.56676
-8.4252
-8.27736
-8.12337
-7.96336
-7.79751
-7.62604
-7.4492
-7.26727
-7.08057
-6.88946
-6.69433
-6.4956
-6.29372
-6.08916
-5.88242
-5.67402
-5.46449
-5.25437
-5.0442
-4.83453
-4.6259
-4.41883
-4.21384
-4.01142
-3.81204
-3.61613
-3.4241
-3.23632
-3.05313
-2.87482
-2.70165
-2.53383
-2.37153
-2.2149
-2.06402
-1.91895
-1.7797
-1.64626
-1.51856
-1.39652
-1.28003
-1.16891
-1.06301
-0.962109
-0.865977
-0.774358
-0.686966
-0.603508
-0.523622
-0.447046
-0.373142
-0.302268
-0.231772
-0.167723
-0.0905994
-0.0583518
-10.2411
-10.2478
-10.2541
-10.2599
-10.2651
-10.2697
-10.2735
-10.2766
-10.2788
-10.2799
-10.28
-10.2789
-10.2764
-10.2725
-10.267
-10.2597
-10.2505
-10.2392
-10.2256
-10.2096
-10.1909
-10.1693
-10.1447
-10.1167
-10.0852
-10.0499
-10.0107
-9.96721
-9.9193
-9.86673
-9.80929
-9.74679
-9.67902
-9.6058
-9.52698
-9.44238
-9.35189
-9.25537
-9.15273
-9.04389
-8.92878
-8.80738
-8.67968
-8.54568
-8.40545
-8.25905
-8.10659
-7.94821
-7.7841
-7.61444
-7.4395
-7.25953
-7.07487
-6.88584
-6.69283
-6.49624
-6.29651
-6.0941
-5.88949
-5.68319
-5.4757
-5.26755
-5.05927
-4.85138
-4.64442
-4.43889
-4.2353
-4.03412
-3.83583
-3.64083
-3.44955
-3.26235
-3.07956
-2.90149
-2.72839
-2.56048
-2.39795
-2.24094
-2.08955
-1.94385
-1.80387
-1.66959
-1.54099
-1.41797
-1.30042
-1.18822
-1.08118
-0.979111
-0.881781
-0.788941
-0.700307
-0.615582
-0.534409
-0.456503
-0.381252
-0.308895
-0.237006
-0.170973
-0.0928089
-0.0570639
-10.2307
-10.2371
-10.243
-10.2484
-10.2532
-10.2573
-10.2607
-10.2633
-10.265
-10.2656
-10.2651
-10.2634
-10.2604
-10.2559
-10.2497
-10.2418
-10.2319
-10.22
-10.2058
-10.1891
-10.1698
-10.1476
-10.1224
-10.0938
-10.0618
-10.0261
-9.98646
-9.94265
-9.89447
-9.84172
-9.78417
-9.72165
-9.65394
-9.58089
-9.50232
-9.41808
-9.32804
-9.23208
-9.13009
-9.022
-8.90775
-8.7873
-8.66064
-8.5278
-8.38881
-8.24376
-8.09273
-7.93588
-7.77337
-7.60539
-7.4322
-7.25405
-7.07125
-6.88414
-6.69307
-6.49845
-6.3007
-6.10026
-5.89761
-5.69322
-5.4876
-5.28126
-5.0747
-4.86845
-4.66301
-4.45889
-4.25657
-4.05653
-3.85921
-3.66505
-3.47444
-3.28775
-3.10531
-2.92743
-2.75436
-2.58634
-2.42355
-2.26616
-2.11426
-1.96794
-1.82723
-1.69215
-1.56265
-1.43867
-1.32012
-1.20685
-1.09872
-0.995517
-0.897033
-0.803015
-0.713183
-0.627239
-0.544825
-0.465639
-0.389087
-0.315309
-0.242046
-0.17414
-0.0947938
-0.0560927
-10.2201
-10.2262
-10.2319
-10.237
-10.2414
-10.2453
-10.2483
-10.2505
-10.2518
-10.252
-10.2511
-10.249
-10.2455
-10.2405
-10.2338
-10.2254
-10.215
-10.2026
-10.1878
-10.1707
-10.1508
-10.1282
-10.1025
-10.0735
-10.0411
-10.005
-9.96509
-9.92104
-9.87268
-9.81981
-9.76223
-9.69973
-9.63214
-9.55928
-9.48098
-9.3971
-9.3075
-9.21207
-9.1107
-9.00332
-8.88987
-8.77031
-8.64463
-8.51284
-8.375
-8.23117
-8.08146
-7.92599
-7.76493
-7.59849
-7.42688
-7.25038
-7.06928
-6.8839
-6.6946
-6.50176
-6.3058
-6.10716
-5.90628
-5.70363
-5.49971
-5.29501
-5.09003
-4.88526
-4.68122
-4.47838
-4.27722
-4.07821
-3.8818
-3.68839
-3.49838
-3.31215
-3.13002
-2.95229
-2.77924
-2.61109
-2.44804
-2.29026
-2.13786
-1.99094
-1.84953
-1.71367
-1.58331
-1.45842
-1.33889
-1.22461
-1.11543
-1.01115
-0.91156
-0.816419
-0.725446
-0.638341
-0.554747
-0.474344
-0.396552
-0.321427
-0.246835
-0.177179
-0.0965219
-0.0555058
-10.2094
-10.2154
-10.2208
-10.2257
-10.23
-10.2336
-10.2364
-10.2384
-10.2394
-10.2393
-10.2381
-10.2356
-10.2318
-10.2264
-10.2194
-10.2106
-10.1998
-10.187
-10.1718
-10.1543
-10.134
-10.111
-10.085
-10.0557
-10.023
-9.98669
-9.94653
-9.90232
-9.85385
-9.80092
-9.74333
-9.6809
-9.61344
-9.54078
-9.46276
-9.37922
-9.29004
-9.1951
-9.0943
-8.98757
-8.87483
-8.75607
-8.63126
-8.50042
-8.36361
-8.22087
-8.07232
-7.91809
-7.75834
-7.59325
-7.42307
-7.24803
-7.06844
-6.88462
-6.6969
-6.50567
-6.31132
-6.11429
-5.91501
-5.71395
-5.51157
-5.30836
-5.10481
-4.9014
-4.69862
-4.49695
-4.29686
-4.0988
-3.9032
-3.71048
-3.52103
-3.3352
-3.15334
-2.97575
-2.80269
-2.63441
-2.47111
-2.31295
-2.16006
-2.01255
-1.87048
-1.73386
-1.60269
-1.47692
-1.35647
-1.24123
-1.13105
-1.02575
-0.925119
-0.82892
-0.736873
-0.648676
-0.563971
-0.482428
-0.403469
-0.32709
-0.251237
-0.179976
-0.0979159
-0.0552652
-10.1988
-10.2049
-10.2104
-10.2153
-10.2196
-10.2231
-10.2258
-10.2277
-10.2285
-10.2283
-10.2269
-10.2242
-10.2201
-10.2145
-10.2072
-10.1981
-10.187
-10.1739
-10.1584
-10.1405
-10.12
-10.0967
-10.0704
-10.0409
-10.0079
-9.97141
-9.93107
-9.88672
-9.83816
-9.78519
-9.72761
-9.66523
-9.59788
-9.52539
-9.4476
-9.36435
-9.27553
-9.18101
-9.0807
-8.97451
-8.8624
-8.74432
-8.62027
-8.49025
-8.35432
-8.21254
-8.06501
-7.91186
-7.75324
-7.58935
-7.42042
-7.24668
-7.06843
-6.88598
-6.69967
-6.50987
-6.31697
-6.12138
-5.92353
-5.72389
-5.52289
-5.32103
-5.11876
-4.91658
-4.71494
-4.51433
-4.31519
-4.11797
-3.9231
-3.73099
-3.54201
-3.35654
-3.17489
-2.99738
-2.82429
-2.65584
-2.49226
-2.33371
-2.18034
-2.03226
-1.88953
-1.75219
-1.62023
-1.49363
-1.37231
-1.25617
-1.14506
-1.03881
-0.937215
-0.840039
-0.747003
-0.657804
-0.572083
-0.489498
-0.409477
-0.331964
-0.254972
-0.182285
-0.0988777
-0.0550139
-10.1882
-10.1941
-10.1995
-10.2043
-10.2084
-10.2118
-10.2145
-10.2162
-10.2169
-10.2166
-10.2151
-10.2123
-10.2081
-10.2023
-10.1949
-10.1857
-10.1745
-10.1612
-10.1456
-10.1276
-10.1069
-10.0834
-10.057
-10.0273
-9.99429
-9.95767
-9.91727
-9.87288
-9.82431
-9.77136
-9.71383
-9.65156
-9.58435
-9.51204
-9.43448
-9.35151
-9.26301
-9.16887
-9.06899
-8.96328
-8.8517
-8.73422
-8.61081
-8.48149
-8.34632
-8.20535
-8.05868
-7.90645
-7.74881
-7.58594
-7.41808
-7.24545
-7.06836
-6.88709
-6.702
-6.51343
-6.32178
-6.12744
-5.93085
-5.73244
-5.53266
-5.33196
-5.13083
-4.92971
-4.72908
-4.52939
-4.33108
-4.1346
-3.94036
-3.74877
-3.5602
-3.37501
-3.19353
-3.01608
-2.84292
-2.6743
-2.51044
-2.35153
-2.1977
-2.04908
-1.90574
-1.76773
-1.63507
-1.50771
-1.38561
-1.26866
-1.15672
-1.04964
-0.9472
-0.849172
-0.75528
-0.665217
-0.578624
-0.49515
-0.414229
-0.335762
-0.257846
-0.183965
-0.0997218
-0.0540378
-10.1826
-10.1893
-10.1952
-10.2004
-10.2049
-10.2085
-10.2112
-10.213
-10.2138
-10.2134
-10.2117
-10.2088
-10.2043
-10.1984
-10.1907
-10.1811
-10.1696
-10.156
-10.1401
-10.1217
-10.1007
-10.0769
-10.0502
-10.0202
-9.98686
-9.94996
-9.9093
-9.86469
-9.81592
-9.76281
-9.70516
-9.6428
-9.57555
-9.50325
-9.42573
-9.34286
-9.25451
-9.16056
-9.06092
-8.95551
-8.84428
-8.72718
-8.60422
-8.47541
-8.34078
-8.2004
-8.05438
-7.90283
-7.74591
-7.58381
-7.41675
-7.24496
-7.06873
-6.88835
-6.70416
-6.51652
-6.32579
-6.13238
-5.93671
-5.7392
-5.54031
-5.34047
-5.14015
-4.93981
-4.73989
-4.54086
-4.34314
-4.14717
-3.95336
-3.76212
-3.57381
-3.3888
-3.20741
-3.02996
-2.85672
-2.68795
-2.52386
-2.36465
-2.21047
-2.06144
-1.91765
-1.77915
-1.64597
-1.51807
-1.3954
-1.27787
-1.16535
-1.05767
-0.954628
-0.85599
-0.761481
-0.670791
-0.58356
-0.499431
-0.417844
-0.338663
-0.26013
-0.185292
-0.101428
-0.0516674
-10.1718
-10.178
-10.1836
-10.1885
-10.1929
-10.1965
-10.1993
-10.2011
-10.202
-10.2017
-10.2002
-10.1974
-10.1931
-10.1872
-10.1796
-10.1702
-10.1588
-10.1453
-10.1295
-10.1111
-10.0902
-10.0664
-10.0396
-10.0097
-9.97635
-9.93944
-9.89876
-9.85411
-9.80531
-9.75216
-9.69448
-9.63209
-9.56481
-9.49248
-9.41495
-9.33207
-9.24373
-9.1498
-9.05021
-8.94486
-8.83372
-8.71675
-8.59395
-8.46532
-8.33093
-8.19083
-8.04513
-7.89396
-7.73748
-7.57587
-7.40936
-7.23818
-7.06263
-6.883
-6.69961
-6.51283
-6.32302
-6.13059
-5.93592
-5.73946
-5.54163
-5.34287
-5.14363
-4.94435
-4.74547
-4.54742
-4.35063
-4.15553
-3.9625
-3.77194
-3.58422
-3.39969
-3.21868
-3.04149
-2.8684
-2.69967
-2.53553
-2.37617
-2.22176
-2.07243
-1.92828
-1.78937
-1.65572
-1.52733
-1.40415
-1.28608
-1.17301
-1.06478
-0.961179
-0.861985
-0.766921
-0.675681
-0.587902
-0.503224
-0.421104
-0.341361
-0.262458
-0.186831
-0.104561
-0.0484173
-10.186
-10.1918
-10.1971
-10.2017
-10.2055
-10.2085
-10.2106
-10.2118
-10.2119
-10.2108
-10.2086
-10.205
-10.1999
-10.1933
-10.185
-10.1748
-10.1626
-10.1484
-10.1318
-10.1128
-10.0912
-10.0667
-10.0393
-10.0088
-9.97488
-9.93744
-9.89628
-9.8512
-9.80201
-9.74852
-9.69055
-9.62792
-9.56046
-9.48802
-9.41043
-9.32756
-9.23928
-9.14549
-9.04608
-8.94099
-8.83017
-8.71358
-8.59121
-8.46309
-8.32924
-8.18975
-8.04471
-7.89424
-7.73851
-7.57769
-7.412
-7.24168
-7.067
-6.88825
-6.70576
-6.51987
-6.33095
-6.13937
-5.94555
-5.74989
-5.55282
-5.35476
-5.15616
-4.95744
-4.75905
-4.56141
-4.36495
-4.17007
-3.97717
-3.78665
-3.59887
-3.41418
-3.23292
-3.05539
-2.88189
-2.71267
-2.54798
-2.38801
-2.23294
-2.08291
-1.93803
-1.79838
-1.66398
-1.53484
-1.41092
-1.29213
-1.17836
-1.06946
-0.965226
-0.865429
-0.769798
-0.678024
-0.589746
-0.5046
-0.422045
-0.341915
-0.262718
-0.186897
-0.10578
-0.0444005
-11.1112
-11.1108
-11.1144
-11.1223
-11.1293
-11.1317
-11.1304
-11.1277
-11.1249
-11.1232
-11.1237
-11.1237
-11.1217
-11.1196
-11.1214
-11.1327
-11.1566
-11.1974
-11.255
-11.3265
-11.4061
-11.4874
-11.5641
-11.6313
-11.6857
-11.7255
-11.7501
-11.7599
-11.7556
-11.738
-11.708
-11.6664
-11.6136
-11.5501
-11.4759
-11.3912
-11.2961
-11.1907
-11.075
-10.9477
-10.8077
-10.6552
-10.4901
-10.3124
-10.1216
-9.91778
-9.70066
-9.47025
-9.22663
-8.97
-8.70072
-8.41928
-8.12635
-7.82276
-7.50952
-7.18781
-6.85899
-6.52456
-6.18617
-5.84558
-5.50463
-5.16522
-4.82925
-4.49859
-4.17505
-3.86034
-3.55599
-3.26337
-2.98371
-2.71811
-2.46684
-2.22877
-2.00444
-1.79553
-1.60222
-1.4241
-1.26059
-1.11101
-0.974626
-0.850641
-0.738237
-0.636592
-0.54489
-0.462339
-0.388178
-0.321687
-0.262198
-0.209097
-0.16183
-0.119908
-0.0829148
-0.0505061
-0.0224391
0.00145597
0.0210574
0.0364998
0.0457054
0.0520662
0.03545
0.0536796
-11.1206
-11.1267
-11.137
-11.1461
-11.151
-11.1504
-11.1443
-11.1343
-11.1235
-11.1166
-11.1141
-11.1145
-11.1163
-11.1204
-11.1278
-11.1461
-11.1834
-11.243
-11.3219
-11.4126
-11.5057
-11.5929
-11.6682
-11.7283
-11.7719
-11.7994
-11.8119
-11.8108
-11.7974
-11.7728
-11.7377
-11.6928
-11.6382
-11.574
-11.5001
-11.4163
-11.3221
-11.2169
-11.1
-10.9719
-10.8332
-10.6833
-10.5215
-10.3473
-10.1605
-9.96078
-9.74797
-9.52202
-9.283
-9.03108
-8.76658
-8.48995
-8.20181
-7.90296
-7.59435
-7.27711
-6.95253
-6.62205
-6.28726
-5.94987
-5.61166
-5.27444
-4.94006
-4.61036
-4.28713
-3.97204
-3.66654
-3.37189
-3.08925
-2.81954
-2.56404
-2.32528
-2.10246
-1.89381
-1.69975
-1.52017
-1.35462
-1.20255
-1.06333
-0.936259
-0.820595
-0.715576
-0.62044
-0.534437
-0.456843
-0.386971
-0.324177
-0.267867
-0.217503
-0.17261
-0.132778
-0.0976684
-0.067038
-0.0407097
-0.0187822
-0.00104962
0.0105604
0.0200875
0.00812609
0.0408599
-11.1313
-11.1436
-11.154
-11.1611
-11.1631
-11.1598
-11.1514
-11.1396
-11.128
-11.123
-11.1222
-11.1246
-11.1356
-11.1598
-11.1983
-11.2514
-11.3176
-11.393
-11.4721
-11.5494
-11.6205
-11.6821
-11.7326
-11.7711
-11.7977
-11.8126
-11.8165
-11.8098
-11.7931
-11.7669
-11.7313
-11.6867
-11.6328
-11.5698
-11.4975
-11.4155
-11.3236
-11.2214
-11.1081
-10.9838
-10.8483
-10.7014
-10.5425
-10.3715
-10.1879
-9.99151
-9.78219
-9.55986
-9.32456
-9.07645
-8.81583
-8.54314
-8.25897
-7.96409
-7.65943
-7.34608
-7.02532
-6.69855
-6.36736
-6.03341
-5.69848
-5.36446
-5.03319
-4.70646
-4.38597
-4.0734
-3.77023
-3.47785
-3.19742
-2.92989
-2.67598
-2.43635
-2.21074
-1.99906
-1.80181
-1.6189
-1.44993
-1.29438
-1.15164
-1.02103
-0.901822
-0.793273
-0.694637
-0.605182
-0.524198
-0.451012
-0.384991
-0.325554
-0.272169
-0.224366
-0.181736
-0.143938
-0.110717
-0.0818664
-0.0574326
-0.0370408
-0.0224531
-0.00838239
-0.0145722
0.034377
-11.1262
-11.1392
-11.1484
-11.1548
-11.1577
-11.1562
-11.1508
-11.1435
-11.137
-11.1347
-11.1377
-11.1494
-11.174
-11.2131
-11.2656
-11.3283
-11.3973
-11.4686
-11.5388
-11.6051
-11.6651
-11.717
-11.7594
-11.7918
-11.8138
-11.8254
-11.827
-11.8188
-11.8014
-11.7748
-11.7394
-11.6951
-11.6419
-11.5797
-11.5081
-11.4269
-11.3359
-11.2345
-11.1226
-10.9998
-10.866
-10.7207
-10.5635
-10.3941
-10.2122
-10.0175
-9.80989
-9.58922
-9.35555
-9.10903
-8.84994
-8.57874
-8.29599
-8.00248
-7.69913
-7.38706
-7.06756
-6.74205
-6.41209
-6.07937
-5.74564
-5.41271
-5.08239
-4.75654
-4.43693
-4.12521
-3.82289
-3.53132
-3.25165
-2.98481
-2.73143
-2.49183
-2.2661
-2.05445
-1.85711
-1.67391
-1.50447
-1.34826
-1.2047
-1.07311
-0.952777
-0.842979
-0.742985
-0.652079
-0.56957
-0.4948
-0.427152
-0.366056
-0.310994
-0.261504
-0.217181
-0.177682
-0.142736
-0.112109
-0.0857722
-0.0632072
-0.0459213
-0.0278428
-0.0285775
0.0319101
-11.0992
-11.1138
-11.1255
-11.1343
-11.1397
-11.1412
-11.1394
-11.1359
-11.1326
-11.1331
-11.1411
-11.1601
-11.1919
-11.2365
-11.2918
-11.3551
-11.4232
-11.4929
-11.5611
-11.6251
-11.6825
-11.7317
-11.7717
-11.8018
-11.822
-11.8324
-11.8332
-11.8247
-11.8072
-11.7809
-11.7459
-11.7021
-11.6495
-11.5879
-11.517
-11.4366
-11.3463
-11.2457
-11.1347
-11.0129
-10.88
-10.7355
-10.5791
-10.4105
-10.2292
-10.0352
-9.82809
-9.60793
-9.37472
-9.12862
-8.86988
-8.59897
-8.31646
-8.02314
-7.71994
-7.40798
-7.08853
-6.76306
-6.43314
-6.10049
-5.7669
-5.43421
-5.10426
-4.7789
-4.45987
-4.14883
-3.84726
-3.55649
-3.27764
-3.01161
-2.75903
-2.52028
-2.2955
-2.08483
-1.88832
-1.70578
-1.53682
-1.38092
-1.2375
-1.10588
-0.985363
-0.875238
-0.774785
-0.683301
-0.600107
-0.524558
-0.456051
-0.394026
-0.337975
-0.287442
-0.242022
-0.201372
-0.165199
-0.133247
-0.105401
-0.0810516
-0.0614537
-0.0401702
-0.0363999
0.0299903
-11.0597
-11.0794
-11.0956
-11.1075
-11.1162
-11.1209
-11.1212
-11.1187
-11.1162
-11.1179
-11.1278
-11.1492
-11.1835
-11.2303
-11.2877
-11.3529
-11.4224
-11.493
-11.5615
-11.6253
-11.6823
-11.7312
-11.7709
-11.801
-11.8214
-11.8322
-11.8336
-11.8259
-11.8092
-11.7837
-11.7495
-11.7064
-11.6545
-11.5934
-11.523
-11.4431
-11.3532
-11.2531
-11.1425
-11.0211
-10.8884
-10.7442
-10.588
-10.4195
-10.2384
-10.0443
-9.83721
-9.61696
-9.38361
-9.13729
-8.87831
-8.60711
-8.3243
-8.03067
-7.72718
-7.41496
-7.09532
-6.76974
-6.43983
-6.1073
-5.77396
-5.44168
-5.11229
-4.78765
-4.46948
-4.15941
-3.85893
-3.56931
-3.29166
-3.02683
-2.77544
-2.53786
-2.31426
-2.1047
-1.90919
-1.72749
-1.55921
-1.40384
-1.26079
-1.12938
-1.00894
-0.898751
-0.798106
-0.706315
-0.622711
-0.54666
-0.477567
-0.414884
-0.358107
-0.306785
-0.260513
-0.218944
-0.181763
-0.148699
-0.119549
-0.0936782
-0.0720644
-0.0483504
-0.040803
0.0269449
-11.0246
-11.0486
-11.0702
-11.0853
-11.0972
-11.1032
-11.1029
-11.0983
-11.0933
-11.0929
-11.1018
-11.1232
-11.1585
-11.2069
-11.2661
-11.3329
-11.4038
-11.4756
-11.5452
-11.6101
-11.6683
-11.7184
-11.7595
-11.7911
-11.8131
-11.8254
-11.8283
-11.8219
-11.8064
-11.7819
-11.7485
-11.7062
-11.6547
-11.5941
-11.524
-11.4443
-11.3545
-11.2545
-11.1439
-11.0224
-10.8897
-10.7452
-10.5888
-10.42
-10.2385
-10.0441
-9.83654
-9.61586
-9.38205
-9.13528
-8.87586
-8.60424
-8.32105
-8.02711
-7.72338
-7.41104
-7.09141
-6.76598
-6.43637
-6.10432
-5.77165
-5.44021
-5.11184
-4.78836
-4.4715
-4.16286
-3.86387
-3.5758
-3.2997
-3.03638
-2.78645
-2.55026
-2.32797
-2.11963
-1.92518
-1.74438
-1.57683
-1.42203
-1.27938
-1.14823
-1.02789
-0.917681
-0.816896
-0.724858
-0.640909
-0.564428
-0.494829
-0.43157
-0.374155
-0.322135
-0.275103
-0.232711
-0.194614
-0.160548
-0.130202
-0.103012
-0.0795797
-0.0541391
-0.043109
0.0224704
-11.0031
-11.0326
-11.0596
-11.0773
-11.0903
-11.0944
-11.0896
-11.0792
-11.0687
-11.0642
-11.0708
-11.0914
-11.1267
-11.1756
-11.2353
-11.3029
-11.3748
-11.4477
-11.5186
-11.585
-11.645
-11.697
-11.7401
-11.7738
-11.7977
-11.8119
-11.8165
-11.8116
-11.7973
-11.7738
-11.7412
-11.6994
-11.6484
-11.5879
-11.5179
-11.4381
-11.3482
-11.248
-11.1371
-11.0153
-10.8821
-10.7372
-10.5803
-10.4109
-10.2289
-10.0339
-9.82578
-9.60455
-9.37022
-9.12299
-8.86316
-8.59122
-8.30783
-8.0138
-7.71015
-7.39804
-7.07883
-6.75402
-6.42524
-6.09423
-5.7628
-5.43278
-5.106
-4.78426
-4.46923
-4.16249
-3.86544
-3.57929
-3.30506
-3.04352
-2.79525
-2.5606
-2.33971
-2.13262
-1.93923
-1.75931
-1.59246
-1.43816
-1.29585
-1.16489
-1.0446
-0.934307
-0.833331
-0.741001
-0.656676
-0.579741
-0.509621
-0.445783
-0.387733
-0.335028
-0.287253
-0.244065
-0.205086
-0.170074
-0.138591
-0.110242
-0.0851059
-0.0585604
-0.0440103
0.0166987
-11.0003
-11.0393
-11.0702
-11.0883
-11.0989
-11.0968
-11.0835
-11.0646
-11.0474
-11.0384
-11.0422
-11.0611
-11.0951
-11.1429
-11.2019
-11.269
-11.3408
-11.4141
-11.4859
-11.5535
-11.6151
-11.6689
-11.714
-11.7496
-11.7755
-11.7915
-11.7976
-11.794
-11.7808
-11.7581
-11.7261
-11.6847
-11.6339
-11.5735
-11.5034
-11.4234
-11.3332
-11.2326
-11.1213
-10.9989
-10.8652
-10.7197
-10.5621
-10.3921
-10.2094
-10.0138
-9.80519
-9.58347
-9.34873
-9.10118
-8.84117
-8.56919
-8.28592
-7.99221
-7.68907
-7.37771
-7.05948
-6.73589
-6.40856
-6.07923
-5.74967
-5.4217
-5.09712
-4.77767
-4.465
-4.16062
-3.86588
-3.58198
-3.30986
-3.0503
-2.80382
-2.57076
-2.35129
-2.14542
-1.95304
-1.7739
-1.60763
-1.45373
-1.31164
-1.18074
-1.06039
-0.949909
-0.848641
-0.755931
-0.671149
-0.593694
-0.522998
-0.458535
-0.399815
-0.346398
-0.297865
-0.253876
-0.214018
-0.178091
-0.145502
-0.116128
-0.0893442
-0.0622289
-0.0439347
0.00990432
-11.023
-11.0703
-11.1024
-11.1168
-11.1195
-11.106
-11.0814
-11.0538
-11.0305
-11.0175
-11.0183
-11.0345
-11.0662
-11.1117
-11.1688
-11.2343
-11.3051
-11.3779
-11.4498
-11.5181
-11.5806
-11.6357
-11.6822
-11.7194
-11.7467
-11.764
-11.7714
-11.7688
-11.7564
-11.7344
-11.7028
-11.6617
-11.6109
-11.5505
-11.4802
-11.3999
-11.3093
-11.2082
-11.0963
-10.9734
-10.839
-10.6929
-10.5347
-10.3641
-10.1809
-9.98478
-9.77573
-9.55369
-9.31877
-9.07119
-8.81132
-8.53969
-8.25699
-7.96408
-7.66201
-7.35197
-7.03533
-6.71358
-6.38834
-6.0613
-5.73423
-5.40889
-5.08704
-4.77036
-4.46046
-4.15879
-3.86667
-3.58521
-3.31537
-3.05786
-2.81322
-2.58176
-2.36364
-2.1589
-1.96741
-1.78893
-1.62311
-1.46946
-1.32745
-1.19648
-1.07593
-0.965136
-0.863463
-0.770271
-0.684942
-0.606887
-0.535546
-0.470401
-0.410964
-0.3568
-0.30748
-0.262676
-0.221933
-0.18511
-0.151434
-0.12115
-0.0927401
-0.0655006
-0.0431746
0.00240806
-11.0699
-11.1224
-11.149
-11.1516
-11.1383
-11.1098
-11.0745
-11.0401
-11.0127
-10.9967
-10.995
-11.0088
-11.0379
-11.081
-11.1357
-11.1993
-11.2687
-11.3405
-11.4119
-11.4802
-11.543
-11.5988
-11.646
-11.684
-11.7122
-11.7304
-11.7385
-11.7366
-11.7248
-11.7031
-11.6718
-11.6307
-11.5799
-11.5192
-11.4487
-11.368
-11.277
-11.1754
-11.063
-10.9395
-10.8046
-10.6579
-10.4992
-10.3281
-10.1445
-9.94807
-9.73883
-9.51676
-9.28198
-9.03473
-8.77541
-8.50458
-8.22294
-7.93137
-7.63091
-7.32277
-7.0083
-6.68898
-6.36639
-6.0422
-5.71812
-5.39587
-5.07715
-4.76359
-4.45673
-4.158
-3.86864
-3.58974
-3.32222
-3.06677
-2.82391
-2.59397
-2.37711
-2.17336
-1.98262
-1.80466
-1.63914
-1.4856
-1.34353
-1.21236
-1.09147
-0.980256
-0.878074
-0.784305
-0.698346
-0.619618
-0.54757
-0.48169
-0.421492
-0.366546
-0.316415
-0.270782
-0.229147
-0.191448
-0.156701
-0.125604
-0.0955774
-0.0685675
-0.0419488
-0.00547223
-11.1306
-11.1842
-11.1937
-11.1709
-11.1367
-11.0958
-11.0539
-11.0161
-10.9871
-10.9701
-10.9676
-10.9802
-11.0077
-11.049
-11.1019
-11.1637
-11.2316
-11.3023
-11.3729
-11.4407
-11.5033
-11.5591
-11.6065
-11.6448
-11.6734
-11.6919
-11.7003
-11.6987
-11.687
-11.6654
-11.634
-11.5928
-11.5418
-11.4809
-11.41
-11.329
-11.2375
-11.1355
-11.0227
-10.8987
-10.7633
-10.6162
-10.4571
-10.2857
-10.1019
-9.90544
-9.69631
-9.47453
-9.24025
-8.99374
-8.73541
-8.46584
-8.18575
-7.89602
-7.59769
-7.29196
-6.98016
-6.66374
-6.34424
-6.0233
-5.70257
-5.38371
-5.06837
-4.75813
-4.45446
-4.15873
-3.87217
-3.59583
-3.33057
-3.0771
-2.83593
-2.60739
-2.39166
-2.18876
-1.99863
-1.82104
-1.65568
-1.50211
-1.35986
-1.22837
-1.10706
-0.99532
-0.892543
-0.798122
-0.711466
-0.632007
-0.559203
-0.492547
-0.431556
-0.375804
-0.324845
-0.278376
-0.235851
-0.197294
-0.161496
-0.129667
-0.0980391
-0.0715196
-0.0404347
-0.0134474
-11.1814
-11.2297
-11.2044
-11.1473
-11.1001
-11.0554
-11.0137
-10.9783
-10.952
-10.9371
-10.9355
-10.9482
-10.975
-11.015
-11.0665
-11.1269
-11.1935
-11.2631
-11.3328
-11.3998
-11.462
-11.5173
-11.5645
-11.6026
-11.6311
-11.6495
-11.6578
-11.6561
-11.6443
-11.6225
-11.5909
-11.5495
-11.4982
-11.4369
-11.3657
-11.2842
-11.1924
-11.09
-10.9768
-10.8525
-10.7168
-10.5694
-10.4101
-10.2387
-10.055
-9.85879
-9.65009
-9.42896
-9.19556
-8.95019
-8.69327
-8.4254
-8.14729
-7.85982
-7.56404
-7.26112
-6.95235
-6.63916
-6.32305
-6.0056
-5.68841
-5.37309
-5.06122
-4.75433
-4.45386
-4.16111
-3.87727
-3.60338
-3.34028
-3.08867
-2.84906
-2.62177
-2.40702
-2.20485
-2.01518
-1.83784
-1.67252
-1.51883
-1.3763
-1.24441
-1.12259
-1.01026
-0.906824
-0.811698
-0.724301
-0.644074
-0.570483
-0.503027
-0.441224
-0.384655
-0.332862
-0.28556
-0.242152
-0.202762
-0.165939
-0.133445
-0.100246
-0.0743853
-0.0387823
-0.0212684
-11.1696
-11.2079
-11.1217
-11.0599
-11.0222
-10.9871
-10.9561
-10.9306
-10.9111
-10.9003
-10.9006
-10.9135
-10.9397
-10.9787
-11.0291
-11.0884
-11.1539
-11.2225
-11.2912
-11.3574
-11.4187
-11.4734
-11.52
-11.5576
-11.5856
-11.6036
-11.6116
-11.6096
-11.5975
-11.5754
-11.5435
-11.5018
-11.4502
-11.3886
-11.317
-11.2353
-11.1432
-11.0405
-10.927
-10.8025
-10.6667
-10.5193
-10.3601
-10.1889
-10.0056
-9.80994
-9.60201
-9.38187
-9.14971
-8.90583
-8.65069
-8.38486
-8.10907
-7.8242
-7.53125
-7.23139
-6.92588
-6.6161
-6.30351
-5.98964
-5.67603
-5.36424
-5.05581
-4.7522
-4.45481
-4.16491
-3.88367
-3.61208
-3.351
-3.10109
-2.86288
-2.63672
-2.42282
-2.22125
-2.03195
-1.85476
-1.6894
-1.53551
-1.39263
-1.26028
-1.1379
-1.02494
-0.920819
-0.824961
-0.7368
-0.655787
-0.581396
-0.513132
-0.450515
-0.393129
-0.340508
-0.292384
-0.248113
-0.207915
-0.170102
-0.136995
-0.102275
-0.0771621
-0.0371108
-0.0287432
-11.0595
-10.8587
-10.8408
-10.9194
-10.9474
-10.9412
-10.9263
-10.9073
-10.8881
-10.8745
-10.8711
-10.8806
-10.904
-10.9409
-10.9897
-11.0478
-11.1123
-11.1798
-11.2475
-11.3126
-11.3728
-11.4265
-11.4723
-11.5092
-11.5366
-11.5543
-11.5619
-11.5595
-11.5471
-11.5248
-11.4927
-11.4507
-11.3989
-11.3371
-11.2653
-11.1834
-11.0912
-10.9884
-10.8749
-10.7504
-10.6147
-10.4675
-10.3087
-10.138
-9.95529
-9.76049
-9.55362
-9.33477
-9.10414
-8.86204
-8.60893
-8.34539
-8.07215
-7.79005
-7.5001
-7.20342
-6.90124
-6.59491
-6.28583
-5.97549
-5.66539
-5.35703
-5.05189
-4.75141
-4.45694
-4.16973
-3.89091
-3.62146
-3.36222
-3.11388
-2.87695
-2.65179
-2.43864
-2.23757
-2.04856
-1.87146
-1.70601
-1.55187
-1.40862
-1.27578
-1.15283
-1.03923
-0.934409
-0.837813
-0.748886
-0.66709
-0.591904
-0.522839
-0.459418
-0.401229
-0.347798
-0.298872
-0.253763
-0.212789
-0.174026
-0.140354
-0.10417
-0.0798523
-0.0354784
-0.0357862
)
;

boundaryField
{
    outlet
    {
        type            fixedValue;
        value           uniform 0;
    }
    inlet
    {
        type            zeroGradient;
    }
    lowerWall
    {
        type            zeroGradient;
    }
    upperWall
    {
        type            zeroGradient;
    }
    frontAndBack
    {
        type            empty;
    }
}


// ************************************************************************* //
