/*--------------------------------*- C++ -*----------------------------------*\
| =========                 |                                                 |
| \\      /  F ield         | OpenFOAM: The Open Source CFD Toolbox           |
|  \\    /   O peration     | Version:  4.1                                   |
|   \\  /    A nd           | Web:      www.OpenFOAM.org                      |
|    \\/     M anipulation  |                                                 |
\*---------------------------------------------------------------------------*/
FoamFile
{
    version     2.0;
    format      ascii;
    class       volScalarField;
    location    "1400";
    object      nut;
}
// * * * * * * * * * * * * * * * * * * * * * * * * * * * * * * * * * * * * * //

dimensions      [0 2 -1 0 0 0 0];

internalField   nonuniform List<scalar> 
6820
(
3.5437e-05
5.0672e-05
6.21565e-05
6.89859e-05
7.29393e-05
7.51484e-05
7.62608e-05
7.66561e-05
7.65742e-05
7.61754e-05
7.5569e-05
7.48309e-05
7.40141e-05
7.31562e-05
7.22833e-05
7.14134e-05
7.0559e-05
6.97284e-05
6.89269e-05
6.81576e-05
6.74223e-05
6.67216e-05
6.60554e-05
6.5423e-05
6.48233e-05
6.42551e-05
6.37169e-05
6.32076e-05
6.27239e-05
6.22719e-05
6.18132e-05
6.15236e-05
6.06198e-05
0.00135033
0.000930454
0.000725657
0.000569941
0.000453328
0.000372218
0.000316223
0.000276488
0.000247303
0.000225195
0.000208006
0.000194348
0.000183294
0.000174213
0.000166657
0.000160305
0.000154915
0.000150308
0.000146344
0.000142913
0.000139929
0.000137323
0.000135038
0.000133028
0.000131254
0.000129683
0.00012829
0.000127049
0.00012594
0.000124949
0.000124041
0.00012327
0.000122385
0.0034439
0.00180034
0.00133708
0.00108081
0.000912409
0.000791562
0.000700948
0.00063099
0.000575611
0.000530789
0.000493806
0.000462783
0.000436392
0.00041367
0.000393906
0.000376563
0.000361229
0.000347582
0.000335368
0.000324381
0.000314454
0.00030545
0.000297254
0.000289771
0.000282918
0.000276627
0.000270837
0.000265497
0.000260559
0.000255985
0.000251733
0.000247785
0.000244057
0.00637392
0.00310291
0.00217847
0.00173334
0.00146616
0.00128428
0.00115082
0.00104807
0.000966257
0.000899457
0.000843822
0.000796729
0.000756324
0.000721254
0.000690513
0.000663333
0.00063912
0.000617405
0.000597815
0.00058005
0.000563862
0.00054905
0.000535444
0.000522903
0.000511306
0.00050055
0.000490548
0.000481223
0.000472509
0.000464346
0.000456679
0.000449466
0.000442642
0.00899737
0.00527271
0.00366202
0.00284163
0.00235737
0.00203856
0.00181195
0.00164188
0.00150906
0.00140219
0.00131419
0.00124038
0.00117752
0.00112331
0.00107604
0.00103445
0.00099755
0.000964584
0.000934945
0.000908145
0.00088379
0.000861556
0.000841173
0.000822416
0.000805096
0.000789052
0.000774144
0.000760254
0.000747276
0.000735121
0.000723705
0.00071296
0.000702801
0.0103765
0.00752965
0.00561349
0.00443387
0.0036773
0.00316202
0.00279169
0.00251363
0.0022974
0.00212446
0.001983
0.00186512
0.00176535
0.00167982
0.00160567
0.00154077
0.00148348
0.00143254
0.00138694
0.00134589
0.00130874
0.00127495
0.00124409
0.0012158
0.00118976
0.00116572
0.00114345
0.00112277
0.0011035
0.0010855
0.00106864
0.00105282
0.00103792
0.0109773
0.00922098
0.00752197
0.0062241
0.00528073
0.00458893
0.00406896
0.0036676
0.00335004
0.00309329
0.00288184
0.00270491
0.00255483
0.00242601
0.0023143
0.00221656
0.00213035
0.00205378
0.00198533
0.0019238
0.0018682
0.00181774
0.00177173
0.00172962
0.00169095
0.00165531
0.00162236
0.00159182
0.00156343
0.00153697
0.00151225
0.00148911
0.00146737
0.0112223
0.01026
0.00902119
0.00786209
0.00689742
0.00612296
0.00550365
0.00500431
0.00459663
0.00425932
0.00397663
0.00373691
0.00353147
0.0033537
0.00319855
0.00306211
0.00294127
0.0028336
0.0027371
0.00265019
0.00257152
0.00250003
0.00243479
0.00237505
0.00232016
0.00226956
0.00222279
0.00217944
0.00213915
0.00210163
0.0020666
0.00203382
0.0020031
0.0113196
0.0108286
0.0100355
0.0091472
0.00830321
0.00755759
0.00691829
0.00637539
0.00591434
0.00552103
0.00518335
0.0048914
0.0046372
0.00441435
0.00421773
0.00404321
0.00388746
0.00374774
0.00362181
0.00350781
0.0034042
0.00330968
0.00322316
0.0031437
0.0030705
0.0030029
0.00294029
0.00288216
0.00282808
0.00277764
0.00273052
0.00268641
0.00264505
0.0113579
0.0111187
0.0106546
0.0100468
0.00939296
0.00875749
0.00817148
0.00764509
0.00717794
0.0067652
0.00640062
0.00607796
0.00579148
0.00553618
0.00530775
0.00510255
0.00491749
0.00474997
0.00459776
0.00445901
0.00433211
0.00421569
0.00410859
0.00400979
0.00391841
0.00383371
0.00375501
0.00368174
0.00361338
0.00354949
0.00348967
0.00343357
0.00338089
0.0113728
0.01126
0.0110057
0.0106242
0.0101642
0.00967403
0.00918759
0.0087244
0.00829365
0.0078983
0.00753798
0.00721063
0.0069135
0.00664366
0.00639828
0.00617472
0.00597059
0.00578378
0.00561241
0.00545483
0.00530959
0.00517542
0.00505121
0.00493598
0.00482885
0.00472908
0.00463598
0.00454896
0.00446748
0.00439108
0.00431933
0.00425186
0.00418834
0.0113787
0.0113266
0.011194
0.0109703
0.0106711
0.0103231
0.00995189
0.00957698
0.00921101
0.0088614
0.00853191
0.00822401
0.00793771
0.00767228
0.00742652
0.00719905
0.00698846
0.00679335
0.00661239
0.00644434
0.00628807
0.00614255
0.00600684
0.0058801
0.00576156
0.00565054
0.00554641
0.00544862
0.00535667
0.00527009
0.00518849
0.00511149
0.00503877
0.0113809
0.0113572
0.0112906
0.0111664
0.010984
0.0107537
0.0104904
0.0102084
0.00991919
0.00963123
0.00935017
0.00907955
0.00882139
0.00857664
0.00834557
0.00812803
0.00792354
0.0077315
0.00755122
0.00738198
0.00722304
0.0070737
0.00693329
0.00680118
0.00667676
0.0065595
0.00644889
0.00634444
0.00624574
0.00615238
0.00606401
0.00598029
0.00590092
0.0113818
0.0113708
0.0113383
0.0112723
0.0111671
0.0110237
0.0108485
0.0106497
0.0104355
0.0102131
0.00998805
0.00976448
0.00954535
0.00933266
0.00912765
0.00893107
0.00874325
0.00856428
0.00839405
0.00823234
0.00807883
0.00793319
0.00779502
0.00766395
0.00753958
0.00742155
0.00730949
0.00720305
0.0071019
0.00700574
0.00691427
0.00682723
0.00674436
0.0113822
0.0113768
0.0113611
0.0113273
0.0112692
0.0111846
0.0110744
0.0109422
0.0107927
0.0106308
0.0104607
0.0102863
0.0101105
0.00993552
0.00976319
0.0095947
0.00943092
0.0092724
0.00911949
0.00897238
0.00883112
0.00869566
0.00856592
0.00844174
0.00832295
0.00820935
0.00810075
0.00799691
0.00789765
0.00780274
0.00771199
0.00762519
0.00754217
0.0113823
0.0113794
0.0113717
0.0113547
0.0113238
0.011276
0.0112101
0.0111268
0.0110279
0.0109162
0.0107945
0.0106655
0.0105317
0.0103951
0.0102574
0.0101201
0.00998406
0.00985026
0.00971926
0.00959151
0.00946731
0.00934688
0.00923032
0.00911769
0.009009
0.00890421
0.00880327
0.00870608
0.00861256
0.00852259
0.00843606
0.00835287
0.00827288
0.0113824
0.0113805
0.0113765
0.0113679
0.0113519
0.0113259
0.0112881
0.0112379
0.0111757
0.0111025
0.0110197
0.010929
0.0108321
0.0107305
0.0106258
0.010519
0.0104112
0.0103034
0.0101961
0.01009
0.00998549
0.00988292
0.00978256
0.00968458
0.00958914
0.00949632
0.00940617
0.00931872
0.00923397
0.0091519
0.00907248
0.00899567
0.00892141
0.0113824
0.0113809
0.0113786
0.0113741
0.0113658
0.0113519
0.011331
0.0113021
0.0112646
0.0112187
0.011165
0.0111041
0.0110372
0.0109652
0.0108891
0.0108098
0.0107282
0.0106451
0.010561
0.0104765
0.0103922
0.0103084
0.0102255
0.0101436
0.0100631
0.00998398
0.00990652
0.00983076
0.00975678
0.00968463
0.00961433
0.00954592
0.00947938
0.0113824
0.0113811
0.0113795
0.0113769
0.0113724
0.0113651
0.0113537
0.0113375
0.0113158
0.0112882
0.0112548
0.0112157
0.0111715
0.0111227
0.0110698
0.0110135
0.0109543
0.0108929
0.0108297
0.0107653
0.0107
0.0106342
0.0105683
0.0105025
0.010437
0.0103722
0.010308
0.0102447
0.0101824
0.0101212
0.0100611
0.0100022
0.0099446
0.0113824
0.0113812
0.0113798
0.0113781
0.0113755
0.0113714
0.0113653
0.0113563
0.011344
0.011328
0.011308
0.0112839
0.0112559
0.0112241
0.0111889
0.0111505
0.0111093
0.0110657
0.0110202
0.0109729
0.0109243
0.0108746
0.0108242
0.0107732
0.010722
0.0106706
0.0106193
0.0105682
0.0105175
0.0104672
0.0104175
0.0103684
0.01032
0.0113824
0.0113812
0.01138
0.0113786
0.0113768
0.0113744
0.0113709
0.0113659
0.011359
0.0113499
0.0113382
0.0113238
0.0113067
0.0112868
0.0112641
0.011239
0.0112114
0.0111816
0.0111499
0.0111165
0.0110816
0.0110454
0.0110081
0.0109699
0.0109311
0.0108917
0.0108519
0.010812
0.0107719
0.0107318
0.0106918
0.010652
0.0106125
0.0113824
0.0113812
0.01138
0.0113788
0.0113774
0.0113757
0.0113735
0.0113706
0.0113666
0.0113614
0.0113547
0.0113463
0.011336
0.0113238
0.0113097
0.0112937
0.0112758
0.0112561
0.0112347
0.0112117
0.0111873
0.0111616
0.0111348
0.0111069
0.0110782
0.0110487
0.0110186
0.010988
0.010957
0.0109257
0.0108942
0.0108625
0.0108308
0.0113824
0.0113812
0.01138
0.0113789
0.0113776
0.0113763
0.0113747
0.0113728
0.0113703
0.0113672
0.0113632
0.0113582
0.0113521
0.0113447
0.011336
0.0113259
0.0113143
0.0113014
0.0112871
0.0112715
0.0112546
0.0112365
0.0112174
0.0111972
0.0111761
0.0111541
0.0111315
0.0111081
0.0110842
0.0110598
0.011035
0.0110099
0.0109845
0.0113824
0.0113812
0.01138
0.0113789
0.0113777
0.0113765
0.0113752
0.0113737
0.011372
0.0113699
0.0113673
0.0113642
0.0113603
0.0113555
0.0113499
0.0113432
0.0113355
0.0113267
0.0113167
0.0113057
0.0112936
0.0112805
0.0112663
0.0112512
0.0112351
0.0112182
0.0112006
0.0111822
0.0111632
0.0111436
0.0111235
0.0111029
0.011082
0.0113824
0.0113812
0.01138
0.0113789
0.0113777
0.0113766
0.0113753
0.011374
0.0113726
0.0113709
0.0113689
0.0113665
0.0113635
0.0113599
0.0113556
0.0113504
0.0113444
0.0113375
0.0113297
0.0113208
0.011311
0.0113002
0.0112885
0.0112759
0.0112624
0.011248
0.0112329
0.0112171
0.0112006
0.0111835
0.0111658
0.0111476
0.011129
0.0113824
0.0113812
0.01138
0.0113789
0.0113777
0.0113765
0.0113753
0.011374
0.0113725
0.0113707
0.0113686
0.0113661
0.011363
0.0113593
0.0113548
0.0113496
0.0113434
0.0113364
0.0113284
0.0113194
0.0113095
0.0112986
0.0112868
0.0112741
0.0112606
0.0112462
0.0112311
0.0112152
0.0111987
0.0111816
0.011164
0.0111458
0.0111272
0.0113824
0.0113812
0.01138
0.0113789
0.0113777
0.0113764
0.011375
0.0113734
0.0113715
0.0113691
0.0113662
0.0113626
0.0113583
0.011353
0.0113468
0.0113395
0.0113312
0.0113218
0.0113113
0.0112998
0.0112872
0.0112735
0.0112589
0.0112434
0.0112271
0.0112099
0.011192
0.0111734
0.0111542
0.0111344
0.0111142
0.0110935
0.0110725
0.0113824
0.0113812
0.01138
0.0113788
0.0113775
0.011376
0.0113742
0.0113718
0.0113688
0.0113648
0.0113599
0.0113537
0.0113462
0.0113373
0.011327
0.0113153
0.0113021
0.0112875
0.0112715
0.0112543
0.0112359
0.0112164
0.0111959
0.0111744
0.0111521
0.011129
0.0111053
0.011081
0.0110562
0.011031
0.0110054
0.0109795
0.0109535
0.0113824
0.0113812
0.01138
0.0113787
0.011377
0.0113748
0.0113718
0.0113676
0.0113618
0.0113543
0.0113449
0.0113333
0.0113196
0.0113037
0.0112857
0.0112656
0.0112436
0.0112198
0.0111944
0.0111675
0.0111393
0.01111
0.0110797
0.0110486
0.0110167
0.0109843
0.0109514
0.0109182
0.0108847
0.010851
0.0108173
0.0107836
0.0107499
0.0113824
0.0113813
0.0113799
0.0113781
0.0113755
0.0113714
0.0113652
0.0113564
0.0113446
0.0113295
0.0113109
0.0112888
0.0112634
0.0112347
0.0112031
0.0111689
0.0111323
0.0110938
0.0110535
0.0110117
0.0109688
0.010925
0.0108805
0.0108355
0.0107902
0.0107447
0.0106992
0.0106538
0.0106086
0.0105637
0.0105192
0.0104751
0.0104314
0.0113825
0.0113812
0.0113794
0.0113761
0.0113704
0.0113611
0.0113472
0.0113279
0.0113028
0.011272
0.0112356
0.011194
0.0111477
0.0110974
0.0110436
0.0109871
0.0109282
0.0108677
0.0108058
0.0107431
0.0106799
0.0106166
0.0105533
0.0104902
0.0104277
0.0103658
0.0103047
0.0102444
0.0101851
0.0101268
0.0100696
0.0100135
0.00995844
0.0113825
0.0113808
0.011377
0.0113691
0.0113545
0.0113315
0.0112988
0.011256
0.0112036
0.0111424
0.0110735
0.0109982
0.0109178
0.0108335
0.0107465
0.0106576
0.0105676
0.0104773
0.0103873
0.0102978
0.0102094
0.0101223
0.0100368
0.00995291
0.00987085
0.00979069
0.00971249
0.00963627
0.00956206
0.00948984
0.00941961
0.00935134
0.00928499
0.0113825
0.0113787
0.0113679
0.0113447
0.0113054
0.011248
0.0111728
0.0110816
0.0109771
0.0108621
0.0107396
0.0106119
0.0104814
0.0103497
0.0102183
0.0100882
0.00996015
0.00983483
0.00971263
0.00959381
0.00947855
0.00936694
0.00925902
0.00915476
0.00905413
0.00895705
0.00886343
0.00877317
0.00868616
0.00860229
0.00852144
0.0084435
0.00836834
0.011382
0.0113691
0.0113325
0.0112633
0.0111587
0.0110222
0.0108601
0.0106799
0.0104883
0.010291
0.0100925
0.00989597
0.00970363
0.00951703
0.00933708
0.0091643
0.0089989
0.00884087
0.00869011
0.00854639
0.00840945
0.00827899
0.0081547
0.00803627
0.00792338
0.00781572
0.00771301
0.00761497
0.00752132
0.00743183
0.00734625
0.00726436
0.00718596
0.0113786
0.0113249
0.0111997
0.0110009
0.0107442
0.0104511
0.0101407
0.00982717
0.00952002
0.00922488
0.00894479
0.00868112
0.00843415
0.00820345
0.00798818
0.00778733
0.00759986
0.00742474
0.00726098
0.00710764
0.00696388
0.00682892
0.00670203
0.00658258
0.00646998
0.0063637
0.00626325
0.0061682
0.00607814
0.00599272
0.00591161
0.00583451
0.00576114
0.0113536
0.011126
0.0107259
0.0102229
0.00968832
0.00916705
0.00868064
0.00823688
0.00783646
0.00747677
0.00715407
0.00686443
0.00660376
0.00636828
0.00615475
0.0059604
0.00578286
0.00562011
0.00547044
0.00533237
0.00520463
0.00508614
0.00497595
0.00487325
0.0047773
0.00468748
0.00460323
0.00452407
0.00444955
0.0043793
0.00431296
0.00425023
0.00419083
0.0111683
0.0102731
0.00924316
0.00829367
0.00748992
0.00682636
0.00627847
0.00582284
0.00544041
0.00511624
0.00483928
0.00459995
0.00439098
0.00420686
0.00404337
0.00389717
0.00376565
0.00364667
0.00353852
0.00343977
0.00334924
0.00326594
0.00318905
0.00311784
0.00305171
0.00299013
0.00293266
0.0028789
0.0028285
0.00278115
0.0027366
0.00269459
0.00265493
0.00982658
0.0072389
0.00577405
0.00486951
0.00424873
0.00378755
0.00342701
0.00314024
0.00290887
0.00271813
0.00255776
0.00242093
0.00230279
0.00219976
0.00210909
0.00202868
0.00195685
0.0018923
0.00183394
0.00178091
0.00173249
0.0016881
0.00164724
0.0016095
0.00157452
0.001542
0.00151169
0.00148336
0.00145683
0.00143192
0.00140848
0.00138639
0.00136553
0.00414167
0.00254161
0.00204418
0.00174836
0.00154034
0.00137827
0.00124767
0.00114134
0.00105376
0.000980907
0.000919641
0.000867559
0.000822819
0.000784017
0.000750076
0.000720159
0.000693608
0.0006699
0.000648615
0.000629409
0.000612004
0.000596165
0.000581699
0.000568442
0.000556256
0.000545022
0.000534639
0.000525017
0.000516082
0.000507767
0.000500012
0.000492769
0.000485983
0.000119434
0.000124352
0.000129424
0.000134072
0.000138235
0.000142037
0.000145562
0.000148849
0.000151924
0.000154806
0.000157512
0.000160054
0.000162444
0.000164691
0.000166805
0.000168794
0.000170666
0.000172428
0.000174087
0.000175649
0.000177119
0.000178503
0.000179806
0.000181034
0.00018219
0.000183279
0.000184304
0.00018527
0.00018618
0.000187038
0.000187846
0.000188607
0.000189325
6.59366e-05
7.81656e-05
9.7991e-05
0.00012422
0.000156137
0.000192476
0.000231991
0.000273356
0.000315225
0.000356392
0.000395972
0.000433499
0.000468916
0.000502467
0.00053456
0.000565633
0.000596063
0.000626114
0.00065594
0.0006856
0.000715101
0.00074443
0.000773582
0.00080257
0.000831427
0.000860198
0.000888933
0.00091768
0.000946481
0.000975368
0.00100437
0.0010335
0.00106277
0.0010922
0.00112178
0.00115154
0.00118148
0.00121161
0.00124194
0.0012725
0.0013033
0.00133439
0.0013658
0.0013976
0.00142984
0.00146261
0.00149601
0.00153015
0.00156516
0.00160117
0.00163836
0.00167691
0.00171701
0.00175888
0.00180274
0.00184883
0.0018974
0.00194869
0.00200293
0.00206035
0.00212116
0.00218551
0.00225354
0.00232533
0.00240093
0.00248031
0.00256342
0.00265012
0.00274025
0.00283358
0.00292984
0.00302872
0.00312987
0.00323292
0.00333749
0.00344316
0.00354954
0.00365622
0.0037628
0.00386889
0.00397411
0.00407809
0.00418047
0.00428092
0.00437914
0.00447483
0.00456773
0.00465761
0.00474427
0.00482751
0.00490719
0.0049832
0.00505542
0.00512378
0.00518829
0.00524878
0.00530561
0.00535827
0.00540641
0.00547061
0.000121879
0.000121685
0.000123487
0.000128414
0.000136235
0.000146982
0.000160757
0.000177664
0.000197749
0.000221001
0.000247316
0.000276469
0.000308107
0.000341752
0.000376842
0.000412779
0.000448991
0.000484995
0.000520433
0.000555095
0.000588907
0.000621898
0.000654165
0.000685832
0.000717022
0.000747847
0.000778399
0.000808754
0.000838975
0.000869119
0.000899237
0.000929374
0.000959573
0.000989871
0.0010203
0.0010509
0.0010817
0.00111272
0.001144
0.00117557
0.00120748
0.00123978
0.00127251
0.00130575
0.00133958
0.00137408
0.00140937
0.00144557
0.00148283
0.00152128
0.00156112
0.00160254
0.00164573
0.00169092
0.00173833
0.00178821
0.0018408
0.0018963
0.00195495
0.00201694
0.00208241
0.00215149
0.00222426
0.00230073
0.0023809
0.00246467
0.00255192
0.00264248
0.00273612
0.0028326
0.00293161
0.00303283
0.00313593
0.00324053
0.00334627
0.0034528
0.00355975
0.00366676
0.00377348
0.00387956
0.00398468
0.00408851
0.00419073
0.00429105
0.00438918
0.00448486
0.00457785
0.00466793
0.00475489
0.00483856
0.00491879
0.00499545
0.00506845
0.00513769
0.00520316
0.00526471
0.00532266
0.00537653
0.0054258
0.00549181
0.000240042
0.000235415
0.000230587
0.00022614
0.000222689
0.000220732
0.000220473
0.000222045
0.000225692
0.000231699
0.000240348
0.000251877
0.000266448
0.000284113
0.00030481
0.000328356
0.000354469
0.000382792
0.000412916
0.000444416
0.000476875
0.000509915
0.00054321
0.000576507
0.000609631
0.000642477
0.000675006
0.000707227
0.000739179
0.000770922
0.000802523
0.00083405
0.000865567
0.000897134
0.000928807
0.00096064
0.000992684
0.00102499
0.00105762
0.00109062
0.00112405
0.00115798
0.0011925
0.00122767
0.00126361
0.00130042
0.00133822
0.00137716
0.00141739
0.00145908
0.00150242
0.00154761
0.00159486
0.00164438
0.00169639
0.00175113
0.00180879
0.00186956
0.00193362
0.0020011
0.0020721
0.00214665
0.00222476
0.00230637
0.00239139
0.00247967
0.00257102
0.00266521
0.00276198
0.00286104
0.0029621
0.00306484
0.00316892
0.00327402
0.00337982
0.00348601
0.00359227
0.00369832
0.00380388
0.00390865
0.00401236
0.00411475
0.00421556
0.00431452
0.0044114
0.00450595
0.00459796
0.00468721
0.00477353
0.00485673
0.00493667
0.00501322
0.00508627
0.00515571
0.00522153
0.00528357
0.00534212
0.00539672
0.00544669
0.00551395
0.000435155
0.000426902
0.000418789
0.000410911
0.000403396
0.000396336
0.000389804
0.000383898
0.000378697
0.00037425
0.000370678
0.000368184
0.000367056
0.000367649
0.000370347
0.000375519
0.000383467
0.000394386
0.000408342
0.000425269
0.000444987
0.000467227
0.000491667
0.000517961
0.000545768
0.000574774
0.000604699
0.000635313
0.000666436
0.000697936
0.000729725
0.000761755
0.00079401
0.000826497
0.000859241
0.000892282
0.000925669
0.000959458
0.000993712
0.0010285
0.0010639
0.0011
0.00113689
0.00117467
0.00121346
0.00125339
0.0012946
0.00133724
0.00138149
0.00142751
0.0014755
0.00152566
0.00157817
0.00163325
0.00169108
0.00175183
0.00181567
0.00188272
0.00195308
0.00202679
0.00210387
0.00218428
0.00226793
0.00235467
0.00244433
0.0025367
0.00263154
0.00272857
0.00282751
0.00292807
0.00302995
0.00313285
0.00323648
0.00334056
0.00344484
0.00354905
0.00365298
0.00375641
0.00385912
0.00396091
0.00406158
0.00416093
0.00425875
0.00435485
0.00444901
0.00454104
0.00463074
0.00471793
0.00480242
0.00488406
0.00496268
0.00503815
0.00511036
0.00517919
0.00524461
0.00530644
0.00536495
0.00541971
0.00546984
0.00553766
0.00069165
0.000679406
0.000667531
0.000656173
0.00064542
0.000635261
0.000625646
0.000616514
0.000607855
0.000599622
0.000591761
0.000584245
0.000577094
0.000570383
0.000564252
0.000558902
0.000554599
0.000551653
0.000550401
0.000551177
0.000554284
0.000559957
0.000568349
0.000579517
0.000593422
0.00060995
0.000628926
0.000650137
0.000673356
0.000698358
0.000724933
0.000752898
0.000782099
0.000812415
0.000843754
0.000876059
0.000909298
0.000943464
0.000978573
0.00101466
0.00105178
0.00109001
0.00112943
0.00117014
0.00121225
0.00125589
0.00130121
0.00134835
0.00139746
0.00144872
0.00150229
0.00155833
0.001617
0.00167846
0.00174283
0.00181023
0.00188072
0.00195435
0.00203113
0.00211101
0.00219391
0.00227969
0.00236818
0.00245917
0.00255241
0.00264765
0.0027446
0.00284297
0.00294247
0.00304281
0.0031437
0.0032449
0.00334616
0.00344727
0.00354802
0.00364826
0.00374784
0.00384662
0.00394448
0.00404131
0.00413699
0.00423138
0.00432436
0.00441579
0.00450551
0.00459336
0.00467918
0.0047628
0.00484406
0.00492281
0.00499887
0.00507212
0.00514242
0.00520965
0.00527375
0.00533453
0.00539223
0.00544643
0.0054961
0.00556363
0.00102161
0.00100382
0.000986668
0.000970308
0.00095484
0.000940263
0.000926518
0.000913517
0.00090118
0.000889433
0.000878193
0.000867394
0.00085699
0.000846965
0.000837332
0.000828136
0.000819454
0.000811395
0.0008041
0.000797746
0.000792535
0.000788691
0.000786451
0.000786048
0.000787699
0.000791593
0.000797874
0.000806639
0.000817934
0.000831757
0.000848066
0.000866791
0.000887841
0.000911115
0.000936515
0.000963949
0.000993339
0.00102462
0.00105776
0.00109273
0.00112953
0.00116818
0.00120872
0.00125121
0.00129573
0.00134235
0.00139118
0.00144232
0.00149589
0.001552
0.00161077
0.00167228
0.00173665
0.00180393
0.00187417
0.0019474
0.0020236
0.00210272
0.00218467
0.00226932
0.00235649
0.00244597
0.00253752
0.00263087
0.00272574
0.00282181
0.00291879
0.00301637
0.00311426
0.00321219
0.00330992
0.00340721
0.0035039
0.00359981
0.00369484
0.00378889
0.00388191
0.00397384
0.00406467
0.00415437
0.00424291
0.00433024
0.00441631
0.00450106
0.00458438
0.00466618
0.00474631
0.00482466
0.00490106
0.00497538
0.00504745
0.00511712
0.00518426
0.00524872
0.00531042
0.00536916
0.00542513
0.00547793
0.00552639
0.00559264
0.00144366
0.0014179
0.0013932
0.00136964
0.00134733
0.00132624
0.00130634
0.00128751
0.00126968
0.00125275
0.00123663
0.00122125
0.00120655
0.00119251
0.00117912
0.00116641
0.00115439
0.00114313
0.00113268
0.00112311
0.00111452
0.00110701
0.00110069
0.00109568
0.00109214
0.00109019
0.00109
0.00109172
0.00109549
0.00110145
0.00110971
0.00112038
0.00113353
0.00114922
0.00116749
0.00118835
0.00121183
0.00123793
0.00126664
0.00129797
0.00133192
0.00136851
0.00140775
0.00144966
0.0014943
0.00154168
0.00159187
0.00164491
0.00170085
0.00175974
0.0018216
0.00188647
0.00195436
0.00202525
0.00209909
0.00217583
0.00225535
0.00233752
0.00242216
0.00250906
0.00259797
0.00268862
0.00278071
0.00287392
0.00296792
0.00306239
0.00315701
0.00325146
0.00334545
0.00343874
0.00353109
0.00362231
0.00371228
0.00380088
0.00388807
0.00397383
0.00405818
0.00414117
0.00422285
0.00430331
0.00438259
0.00446075
0.00453782
0.00461382
0.00468872
0.00476246
0.00483499
0.00490619
0.00497596
0.00504414
0.0051106
0.00517518
0.00523773
0.00529809
0.00535615
0.00541171
0.00546487
0.00551529
0.00556167
0.00562546
0.00196961
0.00193331
0.00189857
0.00186544
0.00183395
0.00180409
0.0017758
0.00174899
0.00172355
0.00169939
0.00167641
0.00165454
0.00163373
0.00161393
0.00159516
0.00157743
0.00156075
0.00154519
0.00153079
0.0015176
0.00150568
0.00149509
0.00148589
0.00147814
0.00147192
0.0014673
0.00146435
0.00146316
0.00146383
0.00146644
0.00147112
0.00147797
0.00148709
0.0014986
0.0015126
0.00152919
0.00154846
0.00157049
0.00159537
0.00162315
0.0016539
0.00168768
0.00172453
0.0017645
0.00180762
0.00185393
0.00190345
0.0019562
0.00201218
0.00207141
0.00213384
0.00219946
0.00226819
0.00233995
0.00241463
0.00249209
0.00257214
0.00265458
0.00273915
0.00282559
0.00291359
0.00300282
0.00309294
0.00318358
0.0032744
0.00336504
0.00345515
0.00354442
0.00363256
0.00371932
0.00380448
0.00388788
0.00396942
0.00404903
0.00412672
0.00420253
0.00427654
0.00434888
0.00441969
0.00448913
0.00455734
0.00462449
0.00469068
0.00475602
0.00482057
0.00488436
0.00494737
0.00500956
0.00507086
0.00513114
0.00519029
0.00524814
0.00530455
0.00535935
0.00541241
0.00546349
0.00551266
0.00555958
0.00560289
0.00566288
0.00259993
0.00255105
0.00250424
0.00245951
0.00241688
0.0023763
0.00233769
0.00230097
0.00226604
0.00223279
0.00220113
0.00217097
0.00214226
0.00211497
0.0020891
0.00206466
0.00204167
0.0020202
0.00200028
0.00198197
0.00196534
0.00195043
0.00193729
0.00192598
0.00191654
0.001909
0.00190341
0.00189981
0.00189824
0.00189877
0.00190143
0.00190631
0.00191347
0.00192299
0.00193496
0.00194947
0.00196662
0.00198649
0.00200919
0.00203481
0.00206344
0.00209515
0.00213002
0.00216811
0.00220948
0.00225416
0.00230219
0.00235357
0.00240829
0.00246634
0.00252767
0.00259219
0.00265981
0.0027304
0.00280379
0.0028798
0.0029582
0.00303871
0.00312105
0.0032049
0.0032899
0.0033757
0.00346191
0.00354814
0.00363402
0.00371917
0.00380323
0.00388587
0.0039668
0.00404575
0.00412253
0.00419699
0.00426903
0.00433863
0.0044058
0.00447065
0.00453329
0.00459392
0.00465274
0.00470997
0.00476587
0.00482066
0.00487455
0.00492774
0.00498038
0.00503258
0.00508441
0.0051359
0.00518702
0.0052377
0.00528786
0.00533737
0.00538606
0.00543378
0.00548038
0.00552562
0.0055695
0.00561171
0.00565087
0.00570557
0.00332332
0.00326085
0.0032009
0.00314347
0.00308853
0.00303602
0.00298588
0.00293799
0.00289228
0.00284864
0.00280696
0.00276718
0.00272924
0.00269311
0.00265877
0.00262624
0.00259555
0.00256675
0.00253989
0.00251504
0.00249224
0.00247156
0.00245305
0.00243676
0.00242273
0.00241099
0.00240157
0.00239449
0.00238979
0.00238748
0.00238759
0.00239016
0.00239522
0.00240281
0.00241298
0.0024258
0.00244131
0.00245961
0.00248075
0.00250481
0.00253187
0.002562
0.00259526
0.00263172
0.00267143
0.00271442
0.0027607
0.0028103
0.00286318
0.00291932
0.00297863
0.00304104
0.00310641
0.00317459
0.00324538
0.00331857
0.00339388
0.00347104
0.0035497
0.00362953
0.00371014
0.00379115
0.00387216
0.00395276
0.00403255
0.00411115
0.00418818
0.00426331
0.00433623
0.00440669
0.00447449
0.00453947
0.00460156
0.00466073
0.00471702
0.00477056
0.00482149
0.00487003
0.00491644
0.00496099
0.005004
0.00504577
0.00508658
0.00512672
0.00516644
0.00520593
0.00524536
0.00528482
0.00532437
0.00536402
0.00540372
0.00544338
0.00548288
0.00552206
0.00556078
0.0055988
0.00563607
0.0056723
0.00570618
0.005754
0.00411875
0.00404301
0.00397012
0.00390005
0.00383275
0.00376816
0.00370622
0.00364684
0.00358992
0.00353539
0.00348315
0.00343312
0.00338527
0.00333956
0.00329597
0.00325453
0.00321526
0.00317822
0.00314345
0.00311101
0.00308097
0.00305338
0.00302832
0.00300582
0.00298593
0.00296868
0.00295411
0.00294224
0.00293309
0.00292667
0.002923
0.00292209
0.00292395
0.0029286
0.00293608
0.00294639
0.00295959
0.0029757
0.00299476
0.00301683
0.00304194
0.00307015
0.00310148
0.00313599
0.00317369
0.0032146
0.00325874
0.00330607
0.00335657
0.00341018
0.00346682
0.00352636
0.00358868
0.00365358
0.00372086
0.00379027
0.00386153
0.00393433
0.00400832
0.00408314
0.00415841
0.0042337
0.00430863
0.00438277
0.00445572
0.00452708
0.00459648
0.00466359
0.0047281
0.00478975
0.00484834
0.00490372
0.00495581
0.00500459
0.00505011
0.00509249
0.00513189
0.00516855
0.00520274
0.00523477
0.00526499
0.00529374
0.00532138
0.00534827
0.00537471
0.005401
0.00542738
0.00545405
0.00548114
0.00550874
0.00553687
0.0055655
0.00559457
0.00562394
0.0056535
0.00568302
0.00571244
0.00574145
0.00576893
0.00580827
0.00495882
0.0048715
0.00478714
0.00470571
0.00462717
0.00455148
0.00447856
0.00440835
0.00434079
0.0042758
0.00421331
0.00415326
0.00409561
0.00404034
0.00398745
0.00393695
0.00388887
0.00384326
0.00380018
0.00375969
0.00372186
0.00368674
0.0036544
0.0036249
0.00359829
0.0035746
0.00355388
0.00353615
0.00352143
0.00350973
0.00350107
0.00349545
0.00349289
0.00349338
0.00349694
0.00350357
0.00351328
0.00352609
0.00354202
0.00356107
0.00358326
0.00360862
0.00363714
0.00366885
0.00370373
0.00374178
0.00378297
0.00382726
0.0038746
0.0039249
0.00397805
0.00403392
0.00409235
0.00415314
0.00421605
0.00428082
0.00434717
0.00441475
0.00448323
0.00455222
0.00462133
0.00469016
0.00475829
0.00482531
0.00489082
0.00495442
0.00501576
0.00507449
0.00513033
0.005183
0.00523233
0.00527815
0.0053204
0.00535905
0.00539415
0.0054258
0.00545418
0.00547952
0.00550208
0.0055222
0.00554022
0.00555651
0.00557148
0.0055855
0.00559896
0.0056122
0.00562554
0.00563926
0.00565359
0.00566867
0.00568463
0.00570151
0.0057193
0.00573794
0.00575733
0.00577731
0.00579779
0.00581849
0.00583855
0.00586788
0.00581332
0.00571724
0.005624
0.00553359
0.00544599
0.00536118
0.0052791
0.00519973
0.00512301
0.0050489
0.00497735
0.00490832
0.0048418
0.00477777
0.00471624
0.00465724
0.0046008
0.00454697
0.00449583
0.00444742
0.00440182
0.00435911
0.00431934
0.00428258
0.00424889
0.00421831
0.00419088
0.00416665
0.00414564
0.00412786
0.00411334
0.00410207
0.00409408
0.00408936
0.0040879
0.00408972
0.00409481
0.00410317
0.00411479
0.00412967
0.0041478
0.00416917
0.00419377
0.00422158
0.00425257
0.0042867
0.00432391
0.00436415
0.00440733
0.00445333
0.00450203
0.00455326
0.00460685
0.00466258
0.00472019
0.00477942
0.00483994
0.00490144
0.00496354
0.00502588
0.00508805
0.00514966
0.00521029
0.00526955
0.00532704
0.00538239
0.00543523
0.00548525
0.00553216
0.00557572
0.00561573
0.00565207
0.00568465
0.00571345
0.00573852
0.00575996
0.00577793
0.00579264
0.00580436
0.0058134
0.00582011
0.00582485
0.00582803
0.00583004
0.00583129
0.00583218
0.00583306
0.00583428
0.00583612
0.00583882
0.00584258
0.00584751
0.00585368
0.0058611
0.00586973
0.00587946
0.00589023
0.00590177
0.00591359
0.00593161
0.00665249
0.00655125
0.00645252
0.00635631
0.00626263
0.00617148
0.00608285
0.00599674
0.00591312
0.00583199
0.00575331
0.00567709
0.00560332
0.00553202
0.00546321
0.00539692
0.00533321
0.00527213
0.00521376
0.00515816
0.00510542
0.0050556
0.00500878
0.00496503
0.00492442
0.004887
0.00485283
0.00482194
0.00479438
0.00477016
0.00474932
0.00473187
0.00471782
0.00470717
0.00469992
0.00469608
0.00469564
0.00469858
0.00470489
0.00471456
0.00472756
0.00474386
0.00476344
0.00478624
0.00481222
0.00484132
0.00487346
0.00490854
0.00494647
0.00498709
0.00503027
0.00507582
0.00512353
0.00517317
0.00522448
0.00527717
0.00533092
0.00538539
0.00544022
0.00549504
0.00554945
0.00560306
0.00565547
0.0057063
0.00575517
0.00580171
0.00584559
0.00588651
0.0059242
0.00595843
0.00598903
0.00601588
0.0060389
0.00605808
0.00607347
0.00608515
0.00609328
0.00609805
0.00609972
0.00609857
0.00609492
0.00608914
0.0060816
0.0060727
0.00606284
0.00605243
0.00604184
0.00603146
0.00602161
0.00601259
0.00600464
0.00599797
0.00599271
0.00598893
0.00598668
0.00598589
0.00598656
0.00598843
0.00599149
0.00599726
0.0074497
0.00734725
0.0072468
0.00714839
0.00705206
0.00695784
0.00686576
0.00677585
0.00668811
0.00660257
0.00651925
0.00643815
0.00635931
0.00628276
0.00620855
0.00613673
0.00606736
0.00600052
0.00593627
0.00587472
0.00581593
0.00576
0.005707
0.00565701
0.00561012
0.00556639
0.00552587
0.00548862
0.00545469
0.00542412
0.00539694
0.00537316
0.00535282
0.00533592
0.00532246
0.00531246
0.00530589
0.00530276
0.00530303
0.0053067
0.00531372
0.00532406
0.00533767
0.0053545
0.00537448
0.00539753
0.00542355
0.00545242
0.00548403
0.00551822
0.00555482
0.00559362
0.00563441
0.00567693
0.00572092
0.00576608
0.00581208
0.00585858
0.00590522
0.00595163
0.00599743
0.00604225
0.00608569
0.00612739
0.006167
0.00620417
0.00623859
0.00626998
0.00629811
0.00632275
0.00634378
0.00636106
0.00637455
0.00638425
0.00639019
0.00639247
0.00639122
0.00638664
0.00637895
0.00636842
0.00635534
0.00634004
0.00632288
0.00630423
0.00628446
0.00626397
0.00624314
0.00622234
0.00620192
0.00618222
0.00616351
0.00614604
0.00613
0.00611555
0.00610276
0.00609166
0.00608228
0.00607439
0.0060685
0.00606154
0.00818331
0.00808351
0.00798508
0.0078881
0.00779262
0.00769872
0.00760646
0.00751588
0.00742704
0.00733998
0.00725474
0.00717139
0.00708997
0.00701053
0.00693315
0.00685789
0.00678484
0.00671407
0.00664569
0.00657978
0.00651643
0.00645575
0.00639782
0.00634274
0.00629058
0.00624143
0.00619536
0.00615243
0.00611271
0.00607624
0.00604306
0.00601321
0.00598671
0.00596359
0.00594386
0.00592752
0.00591458
0.00590502
0.00589884
0.00589599
0.00589646
0.00590019
0.00590713
0.00591723
0.00593039
0.00594653
0.00596555
0.0059873
0.00601166
0.00603845
0.00606749
0.00609857
0.00613146
0.0061659
0.0062016
0.00623827
0.00627558
0.00631319
0.00635076
0.00638792
0.00642431
0.00645956
0.00649331
0.00652522
0.00655494
0.00658218
0.00660664
0.00662808
0.00664628
0.00666107
0.00667231
0.00667992
0.00668385
0.00668412
0.00668078
0.00667391
0.00666365
0.00665019
0.00663372
0.00661449
0.00659278
0.00656887
0.00654309
0.00651577
0.00648727
0.00645793
0.00642813
0.00639822
0.00636853
0.00633941
0.00631114
0.006284
0.00625822
0.00623398
0.00621143
0.00619064
0.00617169
0.00615436
0.00613973
0.00612011
0.00883778
0.00874402
0.00865096
0.0085587
0.00846731
0.0083769
0.00828754
0.00819931
0.00811229
0.00802656
0.00794217
0.00785921
0.00777776
0.00769788
0.00761967
0.00754322
0.00746861
0.00739595
0.00732534
0.00725688
0.00719069
0.00712685
0.00706548
0.00700668
0.00695054
0.00689715
0.00684659
0.00679894
0.00675427
0.00671264
0.00667411
0.00663871
0.0066065
0.00657749
0.00655171
0.00652917
0.00650989
0.00649385
0.00648105
0.00647146
0.00646506
0.00646179
0.0064616
0.00646443
0.00647019
0.00647878
0.00649009
0.00650399
0.00652032
0.00653892
0.00655958
0.0065821
0.00660624
0.00663172
0.00665828
0.00668562
0.00671341
0.00674133
0.00676904
0.00679618
0.00682242
0.00684741
0.00687082
0.00689233
0.00691162
0.00692843
0.0069425
0.0069536
0.00696156
0.00696623
0.00696751
0.00696533
0.00695967
0.00695055
0.00693804
0.00692223
0.00690325
0.00688128
0.00685651
0.00682916
0.00679948
0.00676773
0.0067342
0.0066992
0.00666302
0.00662599
0.00658844
0.00655068
0.00651305
0.00647583
0.00643933
0.00640382
0.00636953
0.00633668
0.00630543
0.0062759
0.00624822
0.00622216
0.00619935
0.00616763
0.00940398
0.00931889
0.00923385
0.00914896
0.00906433
0.00898007
0.00889626
0.008813
0.00873039
0.00864852
0.00856747
0.00848735
0.00840823
0.00833022
0.00825342
0.00817792
0.00810384
0.00803129
0.00796037
0.0078912
0.00782389
0.00775857
0.00769533
0.00763428
0.00757554
0.0075192
0.00746536
0.0074141
0.0073655
0.00731963
0.00727656
0.00723635
0.00719904
0.00716468
0.0071333
0.00710491
0.00707954
0.00705719
0.00703786
0.00702152
0.00700815
0.00699771
0.00699015
0.0069854
0.00698337
0.00698398
0.0069871
0.0069926
0.00700033
0.00701011
0.00702175
0.00703504
0.00704973
0.00706557
0.00708229
0.0070996
0.00711718
0.00713472
0.00715191
0.00716842
0.00718391
0.00719809
0.00721063
0.00722125
0.00722968
0.00723567
0.007239
0.00723949
0.00723698
0.00723137
0.00722257
0.00721054
0.00719529
0.00717686
0.00715532
0.00713076
0.00710334
0.00707321
0.00704055
0.00700558
0.00696851
0.00692959
0.00688907
0.00684722
0.0068043
0.0067606
0.00671639
0.00667197
0.00662761
0.00658359
0.00654017
0.00649761
0.00645614
0.00641596
0.00637726
0.00634016
0.00630483
0.00627101
0.00624086
0.00619806
0.00987885
0.00980411
0.00972885
0.00965318
0.0095772
0.00950102
0.00942473
0.00934844
0.00927225
0.00919626
0.00912056
0.00904526
0.00897046
0.00889626
0.00882278
0.00875012
0.00867839
0.00860771
0.00853821
0.00846999
0.00840319
0.00833791
0.00827428
0.00821241
0.00815241
0.0080944
0.00803847
0.00798471
0.00793322
0.00788409
0.00783737
0.00779315
0.00775147
0.0077124
0.00767597
0.00764221
0.00761115
0.0075828
0.00755716
0.00753423
0.00751398
0.00749638
0.00748138
0.00746892
0.00745892
0.00745129
0.00744592
0.00744267
0.0074414
0.00744194
0.00744409
0.00744766
0.00745241
0.00745809
0.00746445
0.0074712
0.00747807
0.00748475
0.00749094
0.00749634
0.00750067
0.00750363
0.00750494
0.00750436
0.00750165
0.00749659
0.00748901
0.00747874
0.00746568
0.00744974
0.00743087
0.00740906
0.00738433
0.00735673
0.00732636
0.00729332
0.00725776
0.00721983
0.00717971
0.00713758
0.00709367
0.00704819
0.00700135
0.00695339
0.00690455
0.00685507
0.00680519
0.00675514
0.00670518
0.00665553
0.00660643
0.00655809
0.00651072
0.00646452
0.00641965
0.00637624
0.00633447
0.00629403
0.00625757
0.00620504
0.0102644
0.0102007
0.0101361
0.0100705
0.0100042
0.00993722
0.00986962
0.00980153
0.00973305
0.00966426
0.00959527
0.00952619
0.0094571
0.00938813
0.00931937
0.00925095
0.00918297
0.00911555
0.00904882
0.00898289
0.00891789
0.00885393
0.00879114
0.00872964
0.00866954
0.00861095
0.00855398
0.00849873
0.0084453
0.00839378
0.00834425
0.00829678
0.00825144
0.0082083
0.00816739
0.00812877
0.00809246
0.00805849
0.00802686
0.00799759
0.00797064
0.007946
0.00792363
0.00790347
0.00788546
0.0078695
0.00785549
0.00784332
0.00783283
0.00782387
0.00781627
0.00780982
0.00780432
0.00779952
0.0077952
0.00779109
0.00778692
0.00778244
0.00777736
0.00777142
0.00776435
0.0077559
0.00774584
0.00773394
0.00772
0.00770386
0.00768536
0.00766439
0.00764086
0.00761472
0.00758595
0.00755456
0.0075206
0.00748413
0.00744525
0.00740409
0.00736078
0.00731548
0.00726836
0.00721961
0.0071694
0.00711795
0.00706544
0.00701208
0.00695807
0.00690363
0.00684893
0.0067942
0.00673963
0.00668541
0.00663173
0.00657878
0.00652673
0.00647574
0.00642595
0.00637748
0.00633051
0.00628465
0.00624302
0.00618227
0.0105667
0.0105138
0.0104596
0.0104041
0.0103476
0.01029
0.0102314
0.0101719
0.0101116
0.0100506
0.0099889
0.0099267
0.00986404
0.00980104
0.0097378
0.00967443
0.00961103
0.00954773
0.00948462
0.00942184
0.00935951
0.00929773
0.00923663
0.00917634
0.00911695
0.00905859
0.00900137
0.00894539
0.00889074
0.00883753
0.00878584
0.00873575
0.00868733
0.00864065
0.00859578
0.00855275
0.0085116
0.00847238
0.00843508
0.00839973
0.00836632
0.00833483
0.00830523
0.00827748
0.00825151
0.00822725
0.0082046
0.00818346
0.0081637
0.00814517
0.00812771
0.00811113
0.00809526
0.00807987
0.00806475
0.00804967
0.00803439
0.00801867
0.00800227
0.00798495
0.0079665
0.00794669
0.00792532
0.00790221
0.0078772
0.00785016
0.00782097
0.00778955
0.00775585
0.00771984
0.00768154
0.00764097
0.0075982
0.00755331
0.00750641
0.00745762
0.00740709
0.00735497
0.00730143
0.00724663
0.00719075
0.00713396
0.00707646
0.0070184
0.00695996
0.00690132
0.00684264
0.00678408
0.00672581
0.00666798
0.00661073
0.00655422
0.00649858
0.00644393
0.00639039
0.00633805
0.00628707
0.00623699
0.00619132
0.00612394
0.0107937
0.0107505
0.0107058
0.0106597
0.0106122
0.0105633
0.0105132
0.0104619
0.0104095
0.0103559
0.0103014
0.010246
0.0101897
0.0101327
0.0100751
0.0100169
0.0099583
0.00989933
0.00984012
0.00978079
0.00972144
0.0096622
0.00960317
0.00954447
0.0094862
0.00942848
0.00937142
0.00931512
0.00925967
0.00920518
0.00915174
0.00909942
0.0090483
0.00899847
0.00894997
0.00890286
0.00885719
0.008813
0.00877031
0.00872913
0.00868947
0.00865133
0.00861468
0.00857949
0.0085457
0.00851325
0.00848207
0.00845206
0.0084231
0.00839507
0.00836782
0.0083412
0.00831503
0.00828914
0.00826333
0.00823739
0.00821113
0.00818434
0.00815681
0.00812835
0.00809876
0.00806787
0.00803552
0.00800156
0.00796587
0.00792836
0.00788894
0.00784758
0.00780424
0.00775892
0.00771167
0.00766253
0.00761158
0.00755891
0.00750465
0.00744891
0.00739184
0.0073336
0.00727433
0.0072142
0.00715336
0.00709198
0.0070302
0.00696819
0.00690609
0.00684404
0.00678217
0.00672062
0.00665951
0.00659896
0.00653908
0.00647997
0.00642174
0.00636447
0.00630825
0.00625313
0.00619926
0.00614611
0.00609749
0.00602504
0.0109546
0.0109193
0.0108824
0.010844
0.0108041
0.0107626
0.0107197
0.0106753
0.0106296
0.0105826
0.0105343
0.0104848
0.0104342
0.0103825
0.0103299
0.0102763
0.010222
0.0101669
0.0101113
0.0100551
0.00999847
0.00994155
0.00988443
0.00982721
0.00976999
0.00971287
0.00965597
0.00959937
0.00954318
0.00948749
0.00943239
0.00937796
0.00932428
0.00927142
0.00921945
0.00916843
0.0091184
0.00906942
0.0090215
0.00897468
0.00892896
0.00888435
0.00884083
0.00879839
0.00875697
0.00871654
0.00867702
0.00863833
0.00860039
0.00856309
0.00852629
0.00848988
0.0084537
0.0084176
0.00838141
0.00834498
0.00830812
0.00827066
0.00823245
0.00819332
0.00815311
0.0081117
0.00806895
0.00802477
0.00797907
0.00793178
0.00788286
0.00783229
0.00778009
0.00772627
0.00767088
0.007614
0.00755572
0.00749613
0.00743536
0.00737353
0.00731079
0.00724728
0.00718314
0.00711853
0.00705358
0.00698843
0.00692323
0.00685809
0.00679315
0.00672852
0.0066643
0.0066006
0.0065375
0.0064751
0.00641347
0.00635267
0.00629279
0.00623386
0.00617595
0.00611907
0.00606334
0.00600816
0.00595764
0.0058816
0.0110571
0.0110275
0.0109962
0.0109634
0.0109289
0.0108928
0.0108552
0.010816
0.0107752
0.010733
0.0106893
0.0106442
0.0105978
0.0105501
0.0105011
0.010451
0.0103999
0.0103477
0.0102946
0.0102406
0.010186
0.0101306
0.0100747
0.0100184
0.00996167
0.00990467
0.0098475
0.00979024
0.00973299
0.00967583
0.00961885
0.00956214
0.00950576
0.0094498
0.00939431
0.00933936
0.009285
0.00923127
0.00917821
0.00912586
0.00907421
0.0090233
0.00897311
0.00892362
0.00887482
0.00882667
0.00877911
0.00873208
0.00868551
0.00863931
0.00859339
0.00854763
0.00850192
0.00845612
0.00841012
0.00836377
0.00831694
0.0082695
0.00822131
0.00817226
0.00812222
0.00807111
0.00801884
0.00796533
0.00791054
0.00785443
0.007797
0.00773825
0.00767821
0.00761692
0.00755446
0.00749091
0.00742635
0.0073609
0.00729469
0.00722783
0.00716046
0.00709271
0.00702472
0.00695662
0.00688854
0.00682059
0.0067529
0.00668558
0.00661871
0.0065524
0.00648671
0.00642174
0.00635753
0.00629415
0.00623164
0.00617005
0.00610941
0.00604973
0.00599106
0.00593335
0.00587674
0.00582052
0.00576907
0.00569084
0.0111068
0.0110801
0.0110519
0.011022
0.0109905
0.0109573
0.0109224
0.010886
0.0108479
0.0108082
0.010767
0.0107242
0.01068
0.0106343
0.0105872
0.0105388
0.0104891
0.0104382
0.0103862
0.0103331
0.0102791
0.0102241
0.0101683
0.0101118
0.0100546
0.00999688
0.00993865
0.00988002
0.00982107
0.00976189
0.00970255
0.00964314
0.00958372
0.00952437
0.00946514
0.00940611
0.00934731
0.00928881
0.00923062
0.0091728
0.00911536
0.00905831
0.00900167
0.00894543
0.00888956
0.00883406
0.00877888
0.00872398
0.00866929
0.00861477
0.00856032
0.00850587
0.00845133
0.0083966
0.00834158
0.00828617
0.00823026
0.00817377
0.00811659
0.00805865
0.00799986
0.00794016
0.00787949
0.00781784
0.00775516
0.00769147
0.00762677
0.0075611
0.0074945
0.00742703
0.00735878
0.00728983
0.00722029
0.00715025
0.00707985
0.0070092
0.00693841
0.00686762
0.00679695
0.00672651
0.0066564
0.00658674
0.00651762
0.00644913
0.00638134
0.00631431
0.00624812
0.0061828
0.00611839
0.00605494
0.00599245
0.00593094
0.00587042
0.00581089
0.00575234
0.00569472
0.00563813
0.00558179
0.00553034
0.00545123
0.011105
0.0110784
0.0110502
0.0110203
0.0109888
0.0109556
0.0109208
0.0108843
0.0108462
0.0108064
0.0107651
0.0107221
0.0106776
0.0106317
0.0105842
0.0105354
0.0104852
0.0104336
0.0103809
0.0103269
0.0102718
0.0102157
0.0101586
0.0101005
0.0100417
0.00998202
0.00992169
0.00986075
0.00979927
0.00973732
0.00967497
0.00961231
0.00954938
0.00948626
0.00942301
0.00935967
0.00929632
0.00923298
0.0091697
0.00910651
0.00904345
0.00898052
0.00891775
0.00885513
0.00879266
0.00873033
0.00866811
0.00860598
0.0085439
0.00848182
0.00841969
0.00835745
0.00829503
0.00823238
0.00816941
0.00810606
0.00804226
0.00797794
0.00791304
0.00784752
0.00778132
0.00771442
0.00764679
0.00757843
0.00750935
0.00743956
0.00736909
0.00729801
0.00722636
0.00715422
0.00708168
0.00700883
0.00693576
0.00686259
0.00678943
0.00671638
0.00664355
0.00657106
0.006499
0.00642748
0.00635658
0.0062864
0.006217
0.00614845
0.0060808
0.00601411
0.00594841
0.00588373
0.00582008
0.00575747
0.0056959
0.00563537
0.00557586
0.00551734
0.00545979
0.00540312
0.00534745
0.00529188
0.00524129
0.00516255
0.0110475
0.0110178
0.0109864
0.0109535
0.0109189
0.0108826
0.0108448
0.0108053
0.0107642
0.0107215
0.0106773
0.0106315
0.0105842
0.0105354
0.0104852
0.0104336
0.0103806
0.0103264
0.0102708
0.0102141
0.0101562
0.0100973
0.0100373
0.00997628
0.00991439
0.00985166
0.00978815
0.00972392
0.00965904
0.00959357
0.00952757
0.0094611
0.00939423
0.009327
0.00925949
0.00919173
0.00912377
0.00905565
0.00898743
0.00891912
0.00885076
0.00878237
0.00871396
0.00864555
0.00857714
0.00850872
0.00844029
0.00837184
0.00830332
0.00823473
0.00816603
0.00809717
0.00802813
0.00795885
0.0078893
0.00781943
0.0077492
0.00767857
0.00760752
0.00753602
0.00746405
0.00739161
0.00731871
0.00724535
0.00717158
0.00709741
0.00702292
0.00694814
0.00687317
0.00679806
0.00672291
0.00664782
0.00657287
0.00649816
0.0064238
0.00634987
0.00627649
0.00620373
0.00613168
0.00606043
0.00599005
0.00592059
0.00585213
0.00578469
0.00571832
0.00565304
0.00558888
0.00552583
0.00546391
0.00540309
0.00534336
0.0052847
0.00522706
0.00517041
0.00511471
0.00505984
0.00500592
0.00495198
0.00490307
0.00482594
0.0109228
0.0108867
0.010849
0.0108097
0.0107689
0.0107265
0.0106826
0.0106372
0.0105902
0.0105419
0.010492
0.0104408
0.0103882
0.0103342
0.0102789
0.0102224
0.0101646
0.0101056
0.0100455
0.00998422
0.00992193
0.00985863
0.00979437
0.00972919
0.00966316
0.00959632
0.00952872
0.00946042
0.00939147
0.00932193
0.00925183
0.00918125
0.00911022
0.00903879
0.00896702
0.00889494
0.0088226
0.00875003
0.00867728
0.00860436
0.00853132
0.00845816
0.00838492
0.0083116
0.00823822
0.00816478
0.00809127
0.0080177
0.00794404
0.00787031
0.00779646
0.00772249
0.00764838
0.00757411
0.00749964
0.00742498
0.00735009
0.00727497
0.00719961
0.00712402
0.00704818
0.00697213
0.00689589
0.00681948
0.00674296
0.00666636
0.00658975
0.0065132
0.00643677
0.00636055
0.00628462
0.00620906
0.00613397
0.00605942
0.00598551
0.00591231
0.00583991
0.00576838
0.00569779
0.0056282
0.00555966
0.00549222
0.00542591
0.00536076
0.00529679
0.00523401
0.00517242
0.00511201
0.00505277
0.00499466
0.00493766
0.00488173
0.00482682
0.00477287
0.00471983
0.00466758
0.00461621
0.0045647
0.00451826
0.00444393
0.0107106
0.0106649
0.0106178
0.0105693
0.0105193
0.010468
0.0104153
0.0103614
0.0103061
0.0102496
0.0101919
0.0101331
0.0100731
0.010012
0.00994978
0.00988657
0.00982236
0.0097572
0.00969111
0.00962413
0.0095563
0.00948767
0.00941826
0.00934811
0.00927728
0.00920579
0.00913368
0.009061
0.00898779
0.00891409
0.00883993
0.00876536
0.00869041
0.00861514
0.00853956
0.00846372
0.00838764
0.00831138
0.00823494
0.00815836
0.00808166
0.00800487
0.007928
0.00785107
0.00777409
0.00769707
0.00762002
0.00754293
0.00746581
0.00738866
0.00731148
0.00723425
0.00715699
0.00707967
0.0070023
0.00692488
0.00684742
0.00676991
0.00669236
0.00661481
0.00653726
0.00645974
0.0063823
0.00630498
0.00622782
0.00615088
0.00607422
0.00599792
0.00592203
0.00584664
0.00577182
0.00569764
0.00562418
0.00555152
0.00547973
0.00540886
0.00533899
0.00527017
0.00520246
0.00513588
0.00507048
0.00500629
0.00494332
0.00488159
0.0048211
0.00476185
0.00470381
0.00464698
0.00459132
0.00453679
0.00448337
0.00443098
0.00437958
0.00432911
0.00427949
0.0042306
0.00418253
0.00413421
0.00409094
0.00402056
0.0103812
0.0103233
0.0102642
0.010204
0.0101427
0.0100803
0.010017
0.00995265
0.00988741
0.00982128
0.00975431
0.00968653
0.00961797
0.00954868
0.00947868
0.009408
0.00933668
0.00926474
0.00919221
0.00911913
0.00904551
0.00897138
0.00889678
0.00882172
0.00874623
0.00867035
0.00859409
0.00851748
0.00844056
0.00836334
0.00828585
0.00820813
0.00813019
0.00805206
0.00797378
0.00789535
0.00781682
0.00773819
0.0076595
0.00758076
0.007502
0.00742322
0.00734445
0.0072657
0.00718698
0.00710831
0.00702969
0.00695112
0.00687263
0.00679421
0.00671587
0.00663761
0.00655944
0.00648138
0.00640342
0.00632558
0.00624788
0.00617033
0.00609295
0.00601578
0.00593884
0.00586218
0.00578583
0.00570984
0.00563427
0.00555916
0.00548458
0.0054106
0.00533726
0.00526465
0.00519282
0.00512184
0.00505177
0.00498267
0.00491459
0.00484759
0.00478171
0.00471699
0.00465346
0.00459116
0.00453009
0.00447028
0.00441172
0.00435442
0.00429837
0.00424356
0.00418995
0.00413753
0.00408625
0.00403607
0.00398695
0.00393883
0.00389165
0.00384533
0.00379981
0.00375495
0.00371087
0.00366644
0.00362696
0.00356164
0.00989558
0.00982396
0.00975163
0.00967864
0.00960504
0.0095309
0.00945624
0.00938112
0.00930558
0.00922965
0.00915337
0.00907677
0.00899988
0.00892272
0.00884532
0.00876771
0.00868989
0.00861189
0.00853373
0.00845541
0.00837696
0.00829838
0.0082197
0.00814091
0.00806203
0.00798307
0.00790405
0.00782498
0.00774586
0.00766671
0.00758754
0.00750837
0.0074292
0.00735006
0.00727095
0.00719188
0.00711287
0.00703394
0.00695509
0.00687635
0.00679771
0.00671919
0.00664081
0.00656257
0.00648449
0.00640656
0.00632882
0.00625125
0.00617388
0.00609671
0.00601975
0.00594301
0.00586651
0.00579026
0.00571427
0.00563857
0.00556318
0.00548811
0.0054134
0.00533908
0.00526519
0.00519176
0.00511884
0.00504646
0.00497469
0.00490357
0.00483315
0.00476349
0.00469464
0.00462665
0.00455958
0.00449348
0.0044284
0.00436438
0.00430146
0.00423968
0.00417907
0.00411965
0.00406145
0.00400447
0.00394874
0.00389425
0.00384099
0.00378897
0.00373815
0.00368853
0.00364007
0.00359273
0.00354649
0.0035013
0.0034571
0.00341383
0.00337145
0.00332987
0.00328903
0.0032488
0.00320929
0.00316938
0.00313424
0.00307508
0.00920984
0.00912501
0.00904015
0.00895532
0.00887055
0.00878589
0.00870136
0.008617
0.00853285
0.00844891
0.00836521
0.00828176
0.00819859
0.00811569
0.00803308
0.00795075
0.00786873
0.00778699
0.00770556
0.00762441
0.00754356
0.00746299
0.0073827
0.00730268
0.00722294
0.00714346
0.00706425
0.00698529
0.00690658
0.00682812
0.00674991
0.00667194
0.00659422
0.00651674
0.00643951
0.00636252
0.00628577
0.00620928
0.00613304
0.00605705
0.00598133
0.00590587
0.00583068
0.00575576
0.00568113
0.00560678
0.00553272
0.00545897
0.00538553
0.00531241
0.00523963
0.00516718
0.00509509
0.00502338
0.00495206
0.00488114
0.00481067
0.00474064
0.00467111
0.00460209
0.00453362
0.00446574
0.00439847
0.00433187
0.00426597
0.00420082
0.00413645
0.00407292
0.00401026
0.00394851
0.00388773
0.00382794
0.00376918
0.00371149
0.00365489
0.00359941
0.00354508
0.0034919
0.00343989
0.00338907
0.00333942
0.00329096
0.00324367
0.00319753
0.00315254
0.00310867
0.00306589
0.00302417
0.00298347
0.00294375
0.00290496
0.00286705
0.00282996
0.00279363
0.00275798
0.00272291
0.00268852
0.00265373
0.00262343
0.00257155
0.00828388
0.00818937
0.00809566
0.00800276
0.00791071
0.00781949
0.00772913
0.00763961
0.00755095
0.00746314
0.00737617
0.00729003
0.00720472
0.00712021
0.0070365
0.00695356
0.00687138
0.00678994
0.00670922
0.0066292
0.00654985
0.00647115
0.00639309
0.00631564
0.00623877
0.00616247
0.00608672
0.00601149
0.00593678
0.00586255
0.0057888
0.00571551
0.00564266
0.00557025
0.00549825
0.00542667
0.0053555
0.00528471
0.00521432
0.00514431
0.00507468
0.00500543
0.00493656
0.00486806
0.00479993
0.00473218
0.00466482
0.00459783
0.00453124
0.00446504
0.00439925
0.00433387
0.00426892
0.0042044
0.00414034
0.00407675
0.00401365
0.00395105
0.00388899
0.00382749
0.00376656
0.00370625
0.00364658
0.00358758
0.00352929
0.00347173
0.00341494
0.00335896
0.00330381
0.00324954
0.00319617
0.00314373
0.00309225
0.00304176
0.00299229
0.00294385
0.00289647
0.00285016
0.00280492
0.00276078
0.00271773
0.00267577
0.00263489
0.00259509
0.00255635
0.00251866
0.00248199
0.00244631
0.00241158
0.00237779
0.00234487
0.00231279
0.0022815
0.00225093
0.00222104
0.00219171
0.00216306
0.00213409
0.00210918
0.00206597
0.0070985
0.00700138
0.00690584
0.00681187
0.00671942
0.00662848
0.006539
0.00645095
0.00636431
0.00627902
0.00619506
0.00611238
0.00603095
0.00595074
0.00587169
0.00579378
0.00571696
0.00564119
0.00556644
0.00549267
0.00541984
0.0053479
0.00527683
0.00520659
0.00513715
0.00506846
0.0050005
0.00493324
0.00486664
0.00480068
0.00473533
0.00467057
0.00460638
0.00454272
0.00447958
0.00441695
0.00435481
0.00429313
0.00423191
0.00417114
0.0041108
0.00405088
0.00399138
0.00393229
0.00387361
0.00381533
0.00375744
0.00369996
0.00364287
0.00358618
0.00352989
0.003474
0.00341853
0.00336347
0.00330884
0.00325465
0.00320091
0.00314762
0.00309481
0.0030425
0.00299069
0.00293942
0.0028887
0.00283856
0.00278902
0.0027401
0.00269185
0.00264428
0.00259743
0.00255133
0.002506
0.00246149
0.00241782
0.00237502
0.00233312
0.00229214
0.00225212
0.00221306
0.002175
0.00213793
0.00210188
0.00206684
0.00203283
0.00199983
0.00196784
0.00193684
0.00190683
0.00187777
0.00184965
0.00182242
0.00179607
0.00177055
0.00174582
0.00172183
0.00169854
0.00167585
0.00165387
0.00163177
0.00161305
0.00158046
0.00567981
0.0055901
0.00550246
0.00541682
0.00533311
0.00525126
0.0051712
0.00509287
0.0050162
0.00494113
0.00486761
0.00479556
0.00472494
0.00465569
0.00458774
0.00452106
0.00445558
0.00439125
0.00432803
0.00426586
0.00420471
0.00414451
0.00408524
0.00402684
0.00396927
0.0039125
0.00385649
0.0038012
0.00374659
0.00369264
0.00363931
0.00358657
0.00353439
0.00348276
0.00343163
0.003381
0.00333083
0.00328111
0.00323182
0.00318295
0.00313447
0.00308637
0.00303864
0.00299127
0.00294424
0.00289755
0.00285118
0.00280513
0.0027594
0.00271397
0.00266884
0.00262401
0.00257948
0.00253524
0.00249129
0.00244765
0.00240431
0.00236129
0.00231859
0.00227622
0.0022342
0.00219255
0.00215129
0.00211045
0.00207006
0.00203014
0.00199073
0.00195187
0.0019136
0.00187596
0.00183899
0.00180274
0.00176725
0.00173256
0.0016987
0.00166573
0.00163366
0.00160254
0.00157238
0.0015432
0.00151503
0.00148787
0.00146172
0.0014366
0.00141248
0.00138936
0.00136723
0.00134607
0.00132585
0.00130655
0.00128813
0.00127057
0.00125382
0.00123785
0.0012226
0.00120802
0.00119416
0.00118047
0.00116911
0.00114969
0.00412531
0.00405342
0.00398356
0.00391565
0.00384959
0.00378531
0.00372271
0.00366173
0.00360229
0.00354432
0.00348775
0.00343253
0.00337858
0.00332585
0.00327429
0.00322383
0.00317443
0.00312604
0.0030786
0.00303207
0.0029864
0.00294156
0.0028975
0.00285418
0.00281156
0.0027696
0.00272827
0.00268753
0.00264736
0.00260771
0.00256857
0.00252989
0.00249166
0.00245385
0.00241642
0.00237936
0.00234265
0.00230626
0.00227016
0.00223435
0.00219879
0.00216348
0.00212839
0.0020935
0.00205881
0.00202429
0.00198993
0.00195571
0.00192164
0.0018877
0.00185387
0.00182016
0.00178657
0.00175309
0.00171973
0.0016865
0.0016534
0.00162046
0.0015877
0.00155514
0.00152282
0.00149076
0.00145902
0.00142763
0.00139665
0.00136612
0.0013361
0.00130666
0.00127783
0.00124969
0.00122228
0.00119566
0.00116987
0.00114496
0.00112097
0.00109794
0.00107588
0.00105483
0.0010348
0.00101579
0.000997806
0.00098085
0.000964911
0.000949976
0.000936026
0.000923039
0.000910988
0.000899844
0.000889574
0.000880144
0.000871515
0.000863647
0.000856499
0.000850025
0.000844184
0.000838918
0.000834212
0.000829875
0.000826462
0.000821171
0.00261132
0.0025636
0.00251737
0.00247255
0.00242907
0.00238685
0.00234584
0.00230596
0.00226717
0.0022294
0.00219261
0.00215674
0.00212175
0.00208758
0.00205421
0.00202158
0.00198966
0.00195841
0.00192779
0.00189777
0.00186832
0.0018394
0.00181098
0.00178303
0.00175552
0.00172843
0.00170173
0.00167538
0.00164936
0.00162366
0.00159823
0.00157307
0.00154814
0.00152343
0.00149892
0.00147457
0.00145038
0.00142632
0.00140238
0.00137854
0.00135479
0.0013311
0.00130749
0.00128392
0.0012604
0.00123692
0.00121349
0.00119009
0.00116674
0.00114345
0.00112023
0.0010971
0.00107408
0.00105119
0.00102847
0.00100594
0.000983653
0.000961646
0.000939963
0.000918652
0.000897762
0.000877343
0.000857447
0.000838123
0.000819418
0.000801379
0.000784048
0.000767464
0.000751661
0.000736667
0.000722507
0.000709197
0.000696751
0.000685175
0.000674471
0.000664634
0.000655656
0.000647523
0.000640218
0.00063372
0.000628005
0.000623045
0.000618811
0.000615272
0.000612392
0.000610137
0.000608471
0.000607356
0.000606753
0.000606622
0.000606925
0.000607621
0.000608669
0.00061003
0.000611663
0.00061353
0.00061558
0.000617843
0.000619886
0.000623676
0.00134261
0.00131752
0.0012932
0.00126962
0.00124672
0.00122448
0.00120285
0.0011818
0.0011613
0.00114133
0.00112185
0.00110283
0.00108426
0.0010661
0.00104834
0.00103096
0.00101393
0.000997235
0.000980859
0.000964783
0.000948989
0.000933463
0.000918189
0.000903152
0.000888338
0.000873735
0.000859331
0.000845113
0.000831072
0.000817198
0.000803483
0.00078992
0.000776501
0.000763223
0.000750082
0.000737075
0.000724202
0.000711464
0.000698863
0.000686404
0.000674092
0.000661936
0.000649943
0.000638125
0.000626495
0.000615067
0.000603856
0.000592879
0.000582155
0.000571701
0.000561539
0.000551688
0.000542168
0.000533
0.000524204
0.0005158
0.000507806
0.000500239
0.000493117
0.000486452
0.000480258
0.000474545
0.000469321
0.000464593
0.000460364
0.000456636
0.000453407
0.000450674
0.000448431
0.000446669
0.000445379
0.000444548
0.000444161
0.000444202
0.000444653
0.000445495
0.000446705
0.000448261
0.00045014
0.000452316
0.000454762
0.000457453
0.00046036
0.000463454
0.000466708
0.000470091
0.000473575
0.000477131
0.00048073
0.000484344
0.000487946
0.00049151
0.00049501
0.000498422
0.000501725
0.000504895
0.00050791
0.000510792
0.000513209
0.000516921
0.000478609
0.000470626
0.00046298
0.000455654
0.000448635
0.000441907
0.000435455
0.000429266
0.000423327
0.000417626
0.000412152
0.000406894
0.000401843
0.000396988
0.000392321
0.000387833
0.000383517
0.000379365
0.00037537
0.000371526
0.000367826
0.000364264
0.000360837
0.000357537
0.000354362
0.000351307
0.000348368
0.000345543
0.000342828
0.000340221
0.00033772
0.000335323
0.000333029
0.000330838
0.000328749
0.000326761
0.000324876
0.000323094
0.000321416
0.000319844
0.000318379
0.000317023
0.00031578
0.000314651
0.00031364
0.000312749
0.000311984
0.000311348
0.000310844
0.000310478
0.000310253
0.000310176
0.00031025
0.00031048
0.000310873
0.000311432
0.000312162
0.000313069
0.000314157
0.000315429
0.000316889
0.000318541
0.000320386
0.000322424
0.000324656
0.000327079
0.000329691
0.000332486
0.000335457
0.000338595
0.000341887
0.00034532
0.000348877
0.000352539
0.000356283
0.000360086
0.00036392
0.000367758
0.000371569
0.000375322
0.000378985
0.000382526
0.000385914
0.000389116
0.000392106
0.000394855
0.00039734
0.00039954
0.000401438
0.00040302
0.000404277
0.000405201
0.000405792
0.000406047
0.000405975
0.000405564
0.000404886
0.000403729
0.000402878
0.000399956
0.00019011
0.000190963
0.000191782
0.000192567
0.000193316
0.000194031
0.000194709
0.000195353
0.00019596
0.000196531
0.000197066
0.000197565
0.000198028
0.000198454
0.000198844
0.000199198
0.000199514
0.000199794
0.000200038
0.000200244
0.000200413
0.000200546
0.000200641
0.000200699
0.000200719
0.000200701
0.000200645
0.000200551
0.000200417
0.000200245
0.000200032
0.00019978
0.000199487
0.000199152
0.000198776
0.000198356
0.000197894
0.000197387
0.000196835
0.000196238
0.000195595
0.000194904
0.000194166
0.000193379
0.000192543
0.000191658
0.000190723
0.000189738
0.000188702
0.000187617
0.000186482
0.000185298
0.000184066
0.000182787
0.000181463
0.000180096
0.000178688
0.000177243
0.000175764
0.000174255
0.00017272
0.000171164
0.000169592
0.000168012
0.000166428
0.000164848
0.000163278
0.000161725
0.000160197
0.0001587
0.000157242
0.000155827
0.000154464
0.000153156
0.000151907
0.000150722
0.000149604
0.000148552
0.000147568
0.000146652
0.000145801
0.000145014
0.000144287
0.000143615
0.000142995
0.000142421
0.000141888
0.00014139
0.000140923
0.000140481
0.000140058
0.00013965
0.000139251
0.000138858
0.000138466
0.00013807
0.000137673
0.000137242
0.000136889
0.000136165
2.33536e-07
4.09674e-06
7.68738e-06
1.00284e-05
1.08339e-05
1.0556e-05
9.79222e-06
8.73983e-06
7.6963e-06
6.60537e-06
5.89845e-06
1.47995e-05
1.67637e-05
8.08459e-06
5.17291e-05
7.59437e-05
9.38133e-05
0.000108116
0.000120143
0.000130574
0.000139798
0.000148052
0.00015549
0.000162224
0.00016835
0.000173955
0.000179118
0.000183912
0.000188403
0.000192646
0.000196685
0.000200555
0.000204285
0.000207895
0.0002114
0.000214814
0.000218151
0.000221429
0.000224668
0.000227886
0.000231034
0.00023412
0.000237147
0.000240113
0.00024301
0.000245833
0.000248571
0.000251218
0.000253761
0.000256192
0.000258499
0.00026067
0.000262694
0.000264559
0.000266252
0.000267761
0.000269074
0.000270179
0.000271065
0.000271722
0.000272141
0.000272315
0.000272238
0.000271906
0.000271318
0.000270475
0.000269383
0.000268045
0.00026648
0.000264745
0.000263093
0.000262295
0.000261999
0.000261609
0.000261038
0.00026029
0.000259385
0.000258343
0.000257179
0.00025591
0.000254547
0.000253103
0.00025159
0.000250019
0.000248401
0.000246745
0.000245061
0.000243358
0.000241643
0.000239925
0.000238211
0.000236509
0.000234825
0.000233168
0.000231548
0.000229975
0.000228473
0.000227073
0.000225842
0.000224778
2.66005e-06
9.68631e-06
2.66597e-05
4.5539e-05
5.51517e-05
5.22648e-05
4.00554e-05
2.63568e-05
5.86055e-06
2.27384e-05
7.40778e-05
9.96259e-05
0.00011812
0.000137467
0.00015771
0.00018558
0.000219725
0.000261325
0.000310749
0.000367519
0.000430255
0.000496922
0.000565223
0.000633005
0.000698571
0.000760829
0.000819293
0.000873965
0.000925182
0.000973456
0.00101934
0.00106337
0.00110594
0.00114734
0.0011877
0.00122695
0.00126481
0.00130078
0.00133435
0.00136588
0.00139688
0.00142785
0.00145879
0.00148971
0.00152056
0.00155128
0.00158182
0.0016121
0.00164205
0.00167158
0.00170059
0.001729
0.0017567
0.00178357
0.00180951
0.00183439
0.00185809
0.00188049
0.00190147
0.00192093
0.00193874
0.00195482
0.00196909
0.00198146
0.00199188
0.0020003
0.00200671
0.00201108
0.00201334
0.00201337
0.00201085
0.00200558
0.0019974
0.00198638
0.00197308
0.00195795
0.00194132
0.00192339
0.00190436
0.00188436
0.00186354
0.00184203
0.00181993
0.00179736
0.00177442
0.00175121
0.00172783
0.00170434
0.00168084
0.00165738
0.00163404
0.00161088
0.00158797
0.00156537
0.00154319
0.00152146
0.00150059
0.00148015
0.00146275
0.00144173
5.96533e-06
3.61112e-05
9.70965e-05
0.000117921
0.000102565
7.61249e-05
5.48472e-05
6.40673e-05
9.12658e-05
0.00012311
0.000149103
0.000169859
0.000195956
0.000232189
0.000285083
0.00035789
0.000452171
0.000567569
0.000699909
0.000842212
0.000986397
0.00112529
0.00125393
0.00136993
0.00147298
0.00156415
0.00164516
0.00171788
0.00178404
0.0018451
0.00190225
0.00195638
0.00200817
0.00205812
0.00210661
0.00215398
0.00220059
0.00224694
0.00229368
0.00233979
0.00238547
0.00243078
0.00247568
0.00252007
0.00256389
0.00260706
0.0026495
0.00269114
0.00273189
0.00277168
0.00281043
0.00284806
0.00288449
0.00291964
0.00295344
0.00298579
0.00301664
0.00304591
0.00307351
0.00309938
0.00312346
0.00314569
0.00316601
0.00318438
0.00320075
0.00321508
0.00322736
0.00323753
0.00324555
0.0032513
0.00325454
0.00325514
0.00325309
0.00324843
0.00324127
0.00323177
0.00322009
0.00320639
0.0031908
0.00317346
0.0031545
0.00313403
0.00311218
0.00308906
0.00306481
0.00303952
0.00301333
0.00298635
0.00295868
0.00293044
0.00290174
0.00287268
0.00284338
0.00281396
0.00278455
0.00275526
0.00272648
0.00269792
0.00267229
0.00263865
8.79609e-06
8.80474e-05
0.000129608
0.000120567
0.000105646
0.000101594
0.000110713
0.000130974
0.000154986
0.000178725
0.000203876
0.000238272
0.000290188
0.000366418
0.000472809
0.000607668
0.000767118
0.000942522
0.00112315
0.00129927
0.00146401
0.00161382
0.00174782
0.00186682
0.00197249
0.00206676
0.00215155
0.00222859
0.00229938
0.00236515
0.00242692
0.00248552
0.0025416
0.00259568
0.00264819
0.00269948
0.00274992
0.00279989
0.00284905
0.00289717
0.0029443
0.00299045
0.00303561
0.00307974
0.0031228
0.00316472
0.00320549
0.00324506
0.00328342
0.00332054
0.00335641
0.00339105
0.00342445
0.00345664
0.00348762
0.00351744
0.00354612
0.0035737
0.00360021
0.00362567
0.00365012
0.00367357
0.00369604
0.00371754
0.00373806
0.00375759
0.00377608
0.0037935
0.00380976
0.00382478
0.00383839
0.00385044
0.00386085
0.00386951
0.00387632
0.00388124
0.00388421
0.00388525
0.00388434
0.00388149
0.00387672
0.00387007
0.00386156
0.00385124
0.00383918
0.00382543
0.00381008
0.00379321
0.0037749
0.00375526
0.00373438
0.00371239
0.00368939
0.0036655
0.00364087
0.00361561
0.00359004
0.00356391
0.0035396
0.00350565
1.14593e-05
0.000121813
0.000154862
0.00014167
0.000135749
0.000141811
0.000155875
0.000174935
0.000197751
0.000226619
0.000267934
0.000330158
0.000420215
0.000541992
0.00069349
0.000866407
0.00105154
0.00123885
0.00142027
0.00159066
0.0017475
0.00189012
0.00201894
0.00213493
0.00223934
0.00233351
0.00241879
0.00249649
0.0025678
0.00263381
0.00269544
0.00275349
0.00280859
0.00286129
0.002912
0.00296109
0.00300889
0.00305543
0.00310061
0.00314439
0.00318678
0.00322781
0.00326752
0.00330589
0.00334292
0.00337863
0.00341302
0.00344612
0.00347796
0.00350859
0.00353807
0.00356648
0.00359392
0.00362048
0.00364627
0.00367142
0.00369605
0.00372029
0.00374426
0.00376807
0.00379184
0.00381566
0.00383959
0.00386371
0.00388802
0.00391255
0.00393725
0.00396208
0.00398695
0.00401174
0.0040363
0.00406046
0.00408407
0.00410692
0.00412882
0.00414956
0.00416897
0.00418689
0.00420317
0.00421769
0.00423035
0.00424106
0.00424975
0.00425637
0.0042609
0.00426332
0.00426364
0.00426189
0.00425812
0.00425237
0.00424472
0.00423524
0.00422405
0.00421122
0.0041969
0.00418117
0.0041643
0.00414604
0.00412842
0.00410216
1.38333e-05
0.000154086
0.000178466
0.000166242
0.000165156
0.00017413
0.000189859
0.00021206
0.000243324
0.000289048
0.000356079
0.000450034
0.000572875
0.000721756
0.000889202
0.00106632
0.00124541
0.00142026
0.00158679
0.00174272
0.00188697
0.00201929
0.00213987
0.00224923
0.00234816
0.00243758
0.00251855
0.00259215
0.00265941
0.00272131
0.00277873
0.00283241
0.00288297
0.00293093
0.00297669
0.00302058
0.00306283
0.00310352
0.00314268
0.00318029
0.00321641
0.00325106
0.0032843
0.00331616
0.00334667
0.00337589
0.00340386
0.00343066
0.00345635
0.00348105
0.00350487
0.00352794
0.0035504
0.00357242
0.00359418
0.00361585
0.00363763
0.0036597
0.00368224
0.00370545
0.00372947
0.00375445
0.00378051
0.00380773
0.00383618
0.00386588
0.00389681
0.00392892
0.00396211
0.00399625
0.00403118
0.00406671
0.00410261
0.00413865
0.00417456
0.00421006
0.00424487
0.00427872
0.00431136
0.00434257
0.00437212
0.00439983
0.00442554
0.0044491
0.00447041
0.00448938
0.00450594
0.00452006
0.00453172
0.00454093
0.00454772
0.00455214
0.00455425
0.00455411
0.00455184
0.00454749
0.00454131
0.00453302
0.00452437
0.00450954
1.61022e-05
0.000181924
0.000199268
0.000188258
0.000190414
0.000203243
0.000225425
0.000259018
0.000308026
0.000377014
0.000469278
0.000585325
0.000722292
0.000874486
0.00103503
0.0011979
0.00135844
0.00151325
0.00166015
0.00179786
0.00192569
0.0020434
0.00215107
0.00224904
0.0023379
0.00241839
0.00249135
0.00255768
0.00261826
0.00267392
0.00272542
0.0027734
0.00281841
0.00286089
0.00290116
0.00293953
0.00297619
0.00301128
0.00304487
0.00307698
0.00310768
0.003137
0.00316501
0.00319175
0.00321729
0.0032417
0.00326507
0.00328749
0.00330906
0.00332993
0.00335023
0.00337013
0.00338983
0.0034095
0.00342937
0.00344965
0.00347057
0.00349235
0.00351522
0.00353938
0.00356504
0.00359237
0.00362151
0.00365258
0.00368566
0.00372078
0.00375795
0.00379712
0.00383819
0.00388103
0.00392545
0.00397126
0.0040182
0.00406601
0.00411436
0.00416293
0.00421139
0.00425938
0.00430658
0.00435269
0.00439739
0.00444043
0.00448155
0.00452055
0.00455724
0.00459146
0.00462309
0.00465203
0.00467822
0.00470162
0.00472222
0.00474002
0.00475505
0.00476736
0.00477702
0.00478407
0.00478874
0.00479074
0.00479155
0.00478923
1.8536e-05
0.000205782
0.000217526
0.000208808
0.000217411
0.000241505
0.000280684
0.000336156
0.000409042
0.000499659
0.000607047
0.000728781
0.000861132
0.00099967
0.00114017
0.00127923
0.00141429
0.00154354
0.00166581
0.00178041
0.00188704
0.00198564
0.00207634
0.00215946
0.00223544
0.00230482
0.00236823
0.0024263
0.00247969
0.00252902
0.00257484
0.00261766
0.00265782
0.00269567
0.00273151
0.00276557
0.00279806
0.00282909
0.00285876
0.00288712
0.00291423
0.00294014
0.00296492
0.00298862
0.00301133
0.00303313
0.00305412
0.00307442
0.00309415
0.00311346
0.00313252
0.00315151
0.00317063
0.00319009
0.00321014
0.00323099
0.0032529
0.00327611
0.00330086
0.00332738
0.00335589
0.00338657
0.00341959
0.00345508
0.00349315
0.00353384
0.00357716
0.00362308
0.00367151
0.00372233
0.00377534
0.00383033
0.00388705
0.00394518
0.00400441
0.00406436
0.00412466
0.00418491
0.00424473
0.00430376
0.00436163
0.004418
0.00447259
0.0045251
0.00457529
0.00462296
0.00466792
0.00471003
0.00474918
0.0047853
0.00481832
0.00484823
0.00487503
0.00489873
0.00491939
0.00493701
0.00495184
0.00496355
0.0049734
0.00498329
2.11022e-05
0.000225737
0.000235934
0.000238263
0.000270245
0.000326547
0.000399683
0.000483922
0.000575896
0.000674008
0.00077732
0.000884738
0.000994725
0.00110537
0.0012149
0.00132181
0.00142492
0.00152343
0.00161686
0.00170499
0.00178776
0.00186525
0.00193759
0.00200498
0.00206766
0.00212591
0.00218007
0.00223049
0.00227752
0.00232156
0.00236288
0.00240172
0.00243838
0.00247311
0.00250611
0.00253757
0.00256765
0.00259645
0.00262406
0.00265055
0.00267597
0.0027004
0.00272388
0.0027465
0.00276834
0.00278949
0.00281006
0.00283017
0.00284997
0.00286962
0.00288928
0.00290915
0.00292943
0.00295035
0.00297213
0.00299504
0.0030193
0.00304518
0.00307292
0.00310275
0.00313491
0.00316958
0.00320696
0.00324718
0.00329036
0.00333656
0.00338581
0.00343808
0.0034933
0.00355134
0.00361204
0.00367517
0.00374046
0.00380761
0.00387626
0.00394602
0.0040165
0.00408726
0.00415788
0.00422796
0.00429708
0.00436486
0.00443096
0.00449505
0.00455684
0.00461607
0.00467252
0.00472601
0.0047764
0.00482356
0.00486742
0.00490793
0.00494506
0.00497881
0.00500921
0.00503625
0.00506019
0.00508065
0.00509869
0.00511982
2.31481e-05
0.000241801
0.000266697
0.000312771
0.000403098
0.000507922
0.000609543
0.000702829
0.00078849
0.000868977
0.000946598
0.00102285
0.0010984
0.00117324
0.00124704
0.00131933
0.00138969
0.0014578
0.00152348
0.00158664
0.00164728
0.0017054
0.00176105
0.00181423
0.00186499
0.00191337
0.00195945
0.00200333
0.00204509
0.00208478
0.00212254
0.00215852
0.00219285
0.00222569
0.00225715
0.00228736
0.00231641
0.0023444
0.00237139
0.00239746
0.00242265
0.00244704
0.00247068
0.00249365
0.00251605
0.00253796
0.00255951
0.00258082
0.00260203
0.0026233
0.00264481
0.00266675
0.00268933
0.00271277
0.0027373
0.00276316
0.0027906
0.00281986
0.0028512
0.00288486
0.00292106
0.00296001
0.0030019
0.00304687
0.00309507
0.00314655
0.00320137
0.00325952
0.00332093
0.00338548
0.00345302
0.00352332
0.00359611
0.00367108
0.00374785
0.00382603
0.00390519
0.00398489
0.00406467
0.00414409
0.00422272
0.00430013
0.00437595
0.0044498
0.00452137
0.00459037
0.00465654
0.00471967
0.00477959
0.00483616
0.00488926
0.00493883
0.00498483
0.00502721
0.00506604
0.00510124
0.0051331
0.00516122
0.00518644
0.00521755
2.44948e-05
0.000257224
0.000337953
0.000465875
0.000602529
0.000714712
0.000802857
0.000873504
0.000932678
0.00098496
0.00103347
0.00108017
0.0011262
0.00117207
0.00121793
0.00126371
0.00130929
0.00135453
0.00139933
0.00144363
0.00148739
0.00153055
0.00157307
0.00161488
0.0016559
0.00169608
0.00173531
0.00177346
0.00181049
0.00184637
0.00188113
0.00191477
0.00194734
0.00197888
0.00200944
0.00203907
0.00206783
0.00209578
0.00212296
0.00214942
0.00217522
0.00220041
0.00222505
0.00224923
0.00227302
0.00229653
0.00231986
0.00234314
0.00236652
0.00239015
0.0024142
0.00243886
0.00246433
0.00249082
0.00251857
0.0025478
0.00257877
0.00261171
0.00264688
0.0026845
0.00272482
0.00276805
0.00281438
0.00286397
0.00291695
0.00297342
0.00303343
0.00309697
0.003164
0.00323441
0.00330804
0.00338467
0.00346401
0.00354575
0.00362951
0.00371488
0.00380141
0.00388865
0.00397611
0.00406335
0.00414989
0.00423531
0.00431918
0.00440113
0.00448081
0.00455791
0.00463214
0.00470328
0.00477113
0.00483552
0.00489635
0.00495351
0.00500695
0.00505662
0.00510255
0.00514467
0.00518329
0.00521796
0.00524931
0.00528905
2.47575e-05
0.000281773
0.000468224
0.000633556
0.000745555
0.000820793
0.000874886
0.000916815
0.000951818
0.000983126
0.00101275
0.00104189
0.00107123
0.00110107
0.00113152
0.00116256
0.00119411
0.0012261
0.00125847
0.00129118
0.00132419
0.00135746
0.00139098
0.00142466
0.00145841
0.00149208
0.00152559
0.00155885
0.00159178
0.00162429
0.00165634
0.00168786
0.00171884
0.00174924
0.00177907
0.00180833
0.00183703
0.0018652
0.00189286
0.00192004
0.00194678
0.00197312
0.00199913
0.00202487
0.00205042
0.00207587
0.00210132
0.0021269
0.00215275
0.002179
0.00220584
0.00223343
0.00226197
0.00229167
0.00232275
0.00235544
0.00238997
0.0024266
0.00246556
0.0025071
0.00255145
0.00259884
0.00264944
0.00270345
0.00276099
0.00282216
0.00288702
0.00295558
0.00302777
0.00310351
0.00318261
0.00326485
0.00334995
0.00343757
0.00352732
0.00361879
0.00371151
0.00380502
0.00389883
0.00399247
0.00408548
0.00417739
0.0042678
0.0043563
0.00444252
0.00452616
0.00460691
0.00468452
0.0047588
0.00482957
0.00489668
0.00496005
0.00501959
0.00507525
0.00512707
0.00517493
0.00521917
0.00525931
0.0052958
0.00534282
2.76227e-05
0.000320781
0.000583231
0.000701188
0.000763956
0.000803473
0.000831894
0.000854852
0.000875385
0.000895283
0.000915578
0.000936782
0.000959065
0.000982389
0.00100662
0.00103159
0.00105717
0.00108325
0.00110981
0.00113679
0.0011642
0.00119202
0.00122024
0.00124882
0.00127778
0.00130704
0.00133657
0.00136629
0.00139613
0.00142601
0.00145586
0.00148562
0.00151524
0.00154468
0.00157389
0.00160286
0.00163157
0.00166003
0.00168823
0.00171619
0.00174395
0.00177152
0.00179896
0.00182633
0.00185369
0.00188112
0.00190874
0.00193664
0.00196495
0.00199383
0.00202341
0.00205389
0.00208545
0.00211828
0.00215261
0.00218865
0.00222666
0.00226688
0.00230954
0.0023549
0.00240318
0.00245462
0.0025094
0.00256771
0.00262967
0.00269538
0.00276489
0.0028382
0.00291524
0.0029959
0.00307999
0.00316726
0.00325743
0.00335014
0.00344499
0.00354156
0.00363938
0.00373798
0.00383688
0.00393561
0.00403369
0.00413069
0.00422618
0.00431976
0.00441107
0.00449977
0.00458558
0.00466824
0.00474755
0.0048233
0.00489538
0.00496365
0.00502805
0.0050885
0.00514504
0.00519753
0.00524634
0.00529096
0.00533162
0.00538466
2.54457e-05
0.000368477
0.000572797
0.000647537
0.000681761
0.000702209
0.000717102
0.000729993
0.000743088
0.000757695
0.000774387
0.00079321
0.000813892
0.000836029
0.000859211
0.000883095
0.000907441
0.000932109
0.000957026
0.000982188
0.00100763
0.00103339
0.0010595
0.00108597
0.00111282
0.00114003
0.00116759
0.00119545
0.00122359
0.00125197
0.00128053
0.00130923
0.00133803
0.00136689
0.00139578
0.00142467
0.00145353
0.00148237
0.00151117
0.00153994
0.0015687
0.00159747
0.0016263
0.00165522
0.00168431
0.00171364
0.0017433
0.0017734
0.00180405
0.00183541
0.00186762
0.00190084
0.00193528
0.00197112
0.00200859
0.00204791
0.00208933
0.00213309
0.00217943
0.00222861
0.00228086
0.0023364
0.00239541
0.00245806
0.00252447
0.00259472
0.00266882
0.00274676
0.00282844
0.00291373
0.0030024
0.0030942
0.0031888
0.00328585
0.00338493
0.00348562
0.00358747
0.00369
0.00379275
0.00389527
0.0039971
0.0040978
0.00419697
0.00429422
0.00438919
0.00448156
0.00457106
0.00465741
0.00474041
0.00481987
0.00489565
0.00496762
0.00503571
0.00509983
0.00516002
0.00521613
0.00526853
0.00531669
0.00536065
0.00541852
0.000180126
0.000395656
0.000477852
0.000519482
0.000536692
0.000544454
0.000549567
0.000556524
0.000567241
0.000582151
0.000600849
0.000622536
0.000646314
0.000671388
0.000697158
0.000723238
0.000749423
0.000775634
0.000801869
0.000828157
0.000854539
0.000881051
0.000907721
0.000934568
0.000961606
0.000988847
0.0010163
0.00104398
0.00107187
0.00109999
0.00112831
0.00115683
0.00118554
0.0012144
0.00124341
0.00127256
0.00130183
0.00133121
0.00136071
0.00139034
0.00142011
0.00145006
0.0014802
0.0015106
0.00154132
0.00157242
0.00160401
0.00163618
0.00166906
0.00170279
0.00173752
0.00177343
0.0018107
0.00184954
0.00189018
0.00193284
0.00197777
0.00202522
0.00207544
0.00212867
0.00218512
0.00224501
0.00230849
0.00237571
0.00244675
0.00252165
0.00260039
0.00268291
0.00276907
0.0028587
0.00295155
0.00304732
0.00314569
0.00324627
0.00334868
0.00345247
0.00355722
0.00366249
0.00376784
0.00387284
0.00397706
0.0040801
0.00418158
0.00428112
0.0043784
0.0044731
0.00456495
0.00465371
0.00473916
0.00482111
0.00489943
0.00497398
0.00504468
0.00511145
0.0051743
0.00523309
0.00528816
0.00533902
0.00538548
0.00544709
)
;

boundaryField
{
    outlet
    {
        type            calculated;
        value           nonuniform List<scalar> 
55
(
0.00547061
0.00549181
0.00551395
0.00553766
0.00556363
0.00559264
0.00562546
0.00566288
0.00570557
0.005754
0.00580827
0.00586788
0.00593161
0.00599726
0.00606154
0.00612011
0.00616763
0.00619806
0.00620504
0.00618227
0.00612394
0.00602504
0.0058816
0.00569084
0.00545123
0.00516255
0.00482594
0.00444393
0.00402056
0.00356164
0.00307508
0.00257155
0.00206597
0.00158046
0.00114969
0.000821171
0.000623676
0.000516921
0.000399956
0.000136165
0.000224778
0.00144173
0.00263865
0.00350565
0.00410216
0.00450954
0.00478923
0.00498329
0.00511982
0.00521755
0.00528905
0.00534282
0.00538466
0.00541852
0.00544709
)
;
    }
    inlet
    {
        type            calculated;
        value           uniform 0.011383;
    }
    lowerWall
    {
        type            nutkWallFunction;
        Cmu             0.09;
        kappa           0.41;
        E               9.8;
        value           nonuniform List<scalar> 
148
(
0
2.21289e-06
3.89096e-06
4.87688e-06
5.44449e-06
5.76077e-06
5.91982e-06
5.9763e-06
5.9646e-06
5.90761e-06
5.82093e-06
5.71535e-06
5.59846e-06
5.47558e-06
5.35045e-06
5.22566e-06
5.103e-06
4.98365e-06
4.8684e-06
4.75769e-06
4.6518e-06
4.55081e-06
4.45472e-06
4.36344e-06
4.27683e-06
4.19472e-06
4.1169e-06
4.0432e-06
3.97317e-06
3.90768e-06
3.84119e-06
3.79885e-06
3.66385e-06
0
0
0
0
0
0
0
0
0
0
0
0
0
0
7.91717e-06
0
0
0
0
0
0
0
0
0
0
0
0
0
0
2.36918e-06
5.87479e-06
8.41167e-06
1.04203e-05
1.20957e-05
1.35392e-05
1.48087e-05
1.59391e-05
1.69533e-05
1.78682e-05
1.86977e-05
1.94543e-05
2.01493e-05
2.07932e-05
2.13949e-05
2.1962e-05
2.25009e-05
2.30164e-05
2.35122e-05
2.39912e-05
2.44555e-05
2.49071e-05
2.53479e-05
2.57802e-05
2.62067e-05
2.66298e-05
2.70433e-05
2.74479e-05
2.78444e-05
2.82323e-05
2.86108e-05
2.89791e-05
2.93361e-05
2.96806e-05
3.00114e-05
3.03272e-05
3.06266e-05
3.09082e-05
3.11704e-05
3.14119e-05
3.16309e-05
3.1826e-05
3.19957e-05
3.21384e-05
3.22528e-05
3.23376e-05
3.23917e-05
3.24141e-05
3.24042e-05
3.23614e-05
3.22855e-05
3.21767e-05
3.20356e-05
3.18629e-05
3.16605e-05
3.14361e-05
3.12223e-05
3.11189e-05
3.10806e-05
3.103e-05
3.0956e-05
3.0859e-05
3.07416e-05
3.06064e-05
3.04554e-05
3.02905e-05
3.01135e-05
2.99258e-05
2.9729e-05
2.95246e-05
2.93138e-05
2.90981e-05
2.88785e-05
2.86562e-05
2.84323e-05
2.82078e-05
2.79837e-05
2.77609e-05
2.75403e-05
2.73232e-05
2.71107e-05
2.69043e-05
2.67071e-05
2.6523e-05
2.63611e-05
2.62212e-05
)
;
    }
    upperWall
    {
        type            nutkWallFunction;
        Cmu             0.09;
        kappa           0.41;
        E               9.8;
        value           nonuniform List<scalar> 
133
(
1.19971e-05
1.26791e-05
1.33805e-05
1.40213e-05
1.45939e-05
1.51157e-05
1.55985e-05
1.60478e-05
1.64675e-05
1.68603e-05
1.72284e-05
1.75738e-05
1.7898e-05
1.82026e-05
1.84888e-05
1.87578e-05
1.90106e-05
1.92485e-05
1.94721e-05
1.96825e-05
1.98804e-05
2.00666e-05
2.02419e-05
2.04068e-05
2.0562e-05
2.07082e-05
2.08457e-05
2.09752e-05
2.10972e-05
2.1212e-05
2.13202e-05
2.14221e-05
2.15182e-05
2.16231e-05
2.17371e-05
2.18466e-05
2.19514e-05
2.20515e-05
2.21469e-05
2.22375e-05
2.23233e-05
2.24043e-05
2.24804e-05
2.25518e-05
2.26183e-05
2.26799e-05
2.27367e-05
2.27886e-05
2.28357e-05
2.28778e-05
2.29151e-05
2.29475e-05
2.29749e-05
2.29975e-05
2.30151e-05
2.30277e-05
2.30354e-05
2.30381e-05
2.30357e-05
2.30283e-05
2.30157e-05
2.2998e-05
2.2975e-05
2.29468e-05
2.29132e-05
2.28742e-05
2.28296e-05
2.27795e-05
2.27236e-05
2.2662e-05
2.25945e-05
2.2521e-05
2.24414e-05
2.23556e-05
2.22635e-05
2.21649e-05
2.20599e-05
2.19483e-05
2.18301e-05
2.17051e-05
2.15733e-05
2.14348e-05
2.12896e-05
2.11376e-05
2.09789e-05
2.08137e-05
2.06422e-05
2.04644e-05
2.02808e-05
2.00916e-05
1.98972e-05
1.96981e-05
1.94947e-05
1.92877e-05
1.90778e-05
1.88656e-05
1.86519e-05
1.84377e-05
1.82238e-05
1.80111e-05
1.78005e-05
1.75932e-05
1.73899e-05
1.71916e-05
1.69993e-05
1.68137e-05
1.66355e-05
1.64653e-05
1.63037e-05
1.61509e-05
1.60073e-05
1.58729e-05
1.57477e-05
1.56313e-05
1.55236e-05
1.5424e-05
1.5332e-05
1.5247e-05
1.51683e-05
1.50953e-05
1.5027e-05
1.4963e-05
1.49023e-05
1.48442e-05
1.47882e-05
1.47335e-05
1.46795e-05
1.46257e-05
1.45712e-05
1.45167e-05
1.44574e-05
1.44089e-05
1.43094e-05
)
;
    }
    frontAndBack
    {
        type            empty;
    }
}


// ************************************************************************* //
