/*--------------------------------*- C++ -*----------------------------------*\
| =========                 |                                                 |
| \\      /  F ield         | OpenFOAM: The Open Source CFD Toolbox           |
|  \\    /   O peration     | Version:  4.1                                   |
|   \\  /    A nd           | Web:      www.OpenFOAM.org                      |
|    \\/     M anipulation  |                                                 |
\*---------------------------------------------------------------------------*/
FoamFile
{
    version     2.0;
    format      ascii;
    class       volScalarField;
    location    "200";
    object      k;
}
// * * * * * * * * * * * * * * * * * * * * * * * * * * * * * * * * * * * * * //

dimensions      [0 2 -2 0 0 0 0];

internalField   nonuniform List<scalar> 
6820
(
0.257081
0.43421
0.598531
0.709407
0.778201
0.818155
0.838727
0.846174
0.844776
0.837525
0.82652
0.813226
0.79867
0.783564
0.768396
0.753494
0.739074
0.725272
0.712169
0.69981
0.688213
0.677377
0.667293
0.657944
0.64931
0.641373
0.634112
0.627513
0.621552
0.616299
0.611174
0.608685
0.597176
0.811261
1.44605
1.5186
1.38782
1.22321
1.07766
0.959322
0.864708
0.7888
0.727316
0.676984
0.635362
0.60063
0.571409
0.546645
0.525522
0.507396
0.491758
0.478197
0.46638
0.456032
0.446928
0.438875
0.431713
0.425303
0.419525
0.41427
0.409447
0.404963
0.400782
0.396817
0.393136
0.389117
0.368877
0.66418
0.797432
0.829354
0.816501
0.78616
0.750255
0.713813
0.678851
0.64611
0.615799
0.587907
0.562329
0.53892
0.517517
0.497957
0.48008
0.463739
0.448792
0.435112
0.422583
0.411098
0.40056
0.390883
0.381986
0.373799
0.366257
0.359299
0.35287
0.346927
0.341391
0.336207
0.331277
0.240027
0.33628
0.412145
0.460166
0.487006
0.499866
0.503842
0.502265
0.497242
0.490085
0.48163
0.472423
0.462834
0.453116
0.443444
0.433936
0.424674
0.415713
0.407085
0.398811
0.390899
0.383351
0.376163
0.369328
0.362837
0.356676
0.350835
0.345298
0.340054
0.335079
0.330353
0.325857
0.321571
0.214143
0.250634
0.284514
0.312034
0.332879
0.347929
0.358336
0.365172
0.369311
0.371416
0.371981
0.371378
0.369888
0.367729
0.365067
0.362034
0.358733
0.355245
0.351634
0.347952
0.344238
0.340524
0.336837
0.333194
0.329612
0.326103
0.322675
0.319333
0.316085
0.312934
0.309881
0.306925
0.304066
0.205638
0.221923
0.238591
0.25362
0.266387
0.276834
0.285182
0.291735
0.29679
0.300606
0.303399
0.305348
0.306598
0.307272
0.307469
0.307273
0.306752
0.305965
0.30496
0.303778
0.302454
0.301017
0.299491
0.297897
0.296254
0.294576
0.292877
0.291169
0.289462
0.287765
0.286085
0.284428
0.282799
0.202356
0.210365
0.219379
0.228069
0.235909
0.242726
0.248536
0.253432
0.257521
0.260908
0.263683
0.26593
0.26772
0.269114
0.270167
0.270925
0.271427
0.271709
0.271801
0.271729
0.271517
0.271184
0.270749
0.270228
0.269634
0.26898
0.268278
0.267538
0.26677
0.265983
0.265185
0.264381
0.263579
0.201007
0.205088
0.210207
0.215491
0.220495
0.225027
0.22904
0.232556
0.235615
0.238261
0.240539
0.242487
0.244143
0.245538
0.246704
0.247665
0.248444
0.249063
0.24954
0.24989
0.25013
0.250272
0.250328
0.25031
0.250228
0.250091
0.249908
0.249687
0.249436
0.249164
0.248876
0.248578
0.248276
0.200424
0.202497
0.205437
0.20872
0.211997
0.215081
0.217899
0.220438
0.222707
0.224724
0.226509
0.228083
0.229465
0.230675
0.231728
0.232641
0.233427
0.234099
0.234668
0.235145
0.235541
0.235863
0.236121
0.236321
0.236472
0.236581
0.236654
0.236699
0.236721
0.236727
0.236722
0.23671
0.236695
0.200162
0.201184
0.202844
0.204872
0.207026
0.209143
0.211142
0.212992
0.214682
0.216217
0.217604
0.218853
0.219973
0.220976
0.221871
0.222668
0.223375
0.224002
0.224555
0.225042
0.22547
0.225844
0.226171
0.226457
0.226707
0.226927
0.227122
0.227299
0.227461
0.227614
0.227762
0.227909
0.228056
0.200044
0.200513
0.201413
0.202631
0.204022
0.205461
0.206873
0.208218
0.209478
0.210646
0.21172
0.212704
0.213603
0.214421
0.215164
0.215839
0.21645
0.217003
0.217504
0.217957
0.218368
0.21874
0.219079
0.219389
0.219674
0.21994
0.22019
0.220428
0.22066
0.22089
0.221119
0.221352
0.221589
0.199989
0.200171
0.200625
0.201321
0.202185
0.203136
0.204114
0.205078
0.206007
0.206888
0.207714
0.208484
0.209198
0.209859
0.210469
0.211031
0.211548
0.212025
0.212464
0.21287
0.213245
0.213594
0.213919
0.214226
0.214516
0.214794
0.215064
0.215329
0.215593
0.21586
0.216131
0.216409
0.216694
0.199965
0.2
0.200197
0.200563
0.201068
0.201668
0.202319
0.20299
0.203659
0.20431
0.204935
0.205529
0.20609
0.206617
0.207111
0.207572
0.208004
0.208408
0.208786
0.209141
0.209476
0.209792
0.210094
0.210384
0.210664
0.210939
0.211211
0.211483
0.211758
0.21204
0.21233
0.21263
0.212939
0.199954
0.199915
0.199969
0.200132
0.200399
0.20075
0.20116
0.201605
0.202067
0.202533
0.202992
0.20344
0.203871
0.204283
0.204676
0.205049
0.205404
0.205741
0.206061
0.206367
0.206659
0.206941
0.207215
0.207482
0.207745
0.208008
0.208272
0.20854
0.208816
0.2091
0.209396
0.209703
0.210022
0.199949
0.199874
0.19985
0.199893
0.200008
0.200188
0.200423
0.200697
0.200998
0.201314
0.201638
0.201962
0.202283
0.202596
0.202901
0.203196
0.203481
0.203757
0.204024
0.204282
0.204534
0.204781
0.205024
0.205267
0.205509
0.205755
0.206006
0.206265
0.206533
0.206813
0.207106
0.207412
0.207731
0.199947
0.199854
0.199789
0.199764
0.199785
0.199853
0.199966
0.200114
0.200292
0.200491
0.200704
0.200927
0.201154
0.201382
0.20161
0.201836
0.202059
0.202279
0.202496
0.202711
0.202924
0.203136
0.20335
0.203566
0.203787
0.204013
0.204248
0.204493
0.204749
0.20502
0.205306
0.205606
0.205921
0.199946
0.199846
0.19976
0.199697
0.199662
0.19966
0.19969
0.199751
0.199837
0.199946
0.200072
0.200212
0.200362
0.200519
0.200681
0.200846
0.201014
0.201184
0.201356
0.201529
0.201706
0.201886
0.20207
0.20226
0.202458
0.202664
0.202881
0.20311
0.203353
0.203611
0.203886
0.204177
0.204484
0.199946
0.199842
0.199746
0.199662
0.199597
0.199552
0.19953
0.19953
0.199553
0.199595
0.199655
0.19973
0.199818
0.199915
0.200022
0.200135
0.200255
0.200381
0.200512
0.200649
0.200792
0.200941
0.201098
0.201263
0.201438
0.201624
0.201822
0.202034
0.202262
0.202506
0.202768
0.203048
0.203344
0.199946
0.19984
0.199739
0.199646
0.199563
0.199494
0.199439
0.199402
0.199381
0.199377
0.199388
0.199414
0.199453
0.199504
0.199565
0.199636
0.199715
0.199803
0.199899
0.200003
0.200116
0.200237
0.200368
0.20051
0.200663
0.200829
0.201008
0.201204
0.201416
0.201645
0.201893
0.20216
0.202444
0.199946
0.199839
0.199736
0.199638
0.199546
0.199463
0.19939
0.199329
0.199281
0.199245
0.199223
0.199214
0.199217
0.199232
0.199258
0.199294
0.199341
0.199397
0.199463
0.19954
0.199626
0.199723
0.199831
0.199951
0.200084
0.200231
0.200394
0.200572
0.200768
0.200983
0.201217
0.20147
0.20174
0.199946
0.199839
0.199735
0.199634
0.199538
0.199448
0.199365
0.19929
0.199225
0.19917
0.199125
0.199092
0.19907
0.199058
0.199058
0.199069
0.19909
0.199122
0.199164
0.199217
0.199282
0.199358
0.199447
0.199549
0.199664
0.199794
0.199941
0.200104
0.200285
0.200485
0.200705
0.200944
0.201201
0.199946
0.199839
0.199734
0.199633
0.199535
0.199441
0.199352
0.19927
0.199195
0.199128
0.19907
0.199021
0.198982
0.198954
0.198936
0.198928
0.19893
0.198944
0.198969
0.199005
0.199053
0.199113
0.199186
0.199272
0.199373
0.199489
0.199621
0.199771
0.199939
0.200125
0.200331
0.200557
0.2008
0.199946
0.199839
0.199734
0.199632
0.199533
0.199437
0.199346
0.19926
0.19918
0.199107
0.199042
0.198984
0.198936
0.198897
0.198867
0.198848
0.198839
0.198841
0.198854
0.198878
0.198914
0.198962
0.199024
0.199099
0.199189
0.199294
0.199415
0.199553
0.199709
0.199883
0.200077
0.200289
0.200519
0.199946
0.199839
0.199734
0.199632
0.199532
0.199436
0.199344
0.199257
0.199175
0.1991
0.199031
0.19897
0.198918
0.198874
0.19884
0.198815
0.1988
0.198796
0.198802
0.19882
0.19885
0.198892
0.198947
0.199015
0.199097
0.199194
0.199307
0.199436
0.199582
0.199746
0.199929
0.20013
0.200347
0.199946
0.199839
0.199734
0.199632
0.199533
0.199437
0.199345
0.199259
0.199178
0.199103
0.199035
0.198975
0.198923
0.19888
0.198846
0.198821
0.198806
0.198802
0.198808
0.198825
0.198854
0.198894
0.198947
0.199012
0.199091
0.199184
0.199291
0.199414
0.199554
0.19971
0.199884
0.200074
0.20028
0.199946
0.199839
0.199734
0.199632
0.199534
0.19944
0.19935
0.199266
0.199188
0.199117
0.199054
0.198999
0.198953
0.198915
0.198887
0.198869
0.19886
0.198862
0.198873
0.198895
0.198928
0.198972
0.199027
0.199095
0.199174
0.199267
0.199373
0.199493
0.199628
0.199779
0.199945
0.200127
0.200323
0.199946
0.199839
0.199735
0.199634
0.199537
0.199446
0.19936
0.199282
0.199211
0.199148
0.199095
0.199051
0.199017
0.198992
0.198977
0.198971
0.198975
0.198989
0.199013
0.199046
0.199089
0.199141
0.199204
0.199278
0.199363
0.199458
0.199566
0.199687
0.19982
0.199967
0.200128
0.200303
0.20049
0.199946
0.199839
0.199736
0.199638
0.199545
0.199459
0.199382
0.199315
0.199257
0.199211
0.199175
0.199151
0.199137
0.199133
0.199139
0.199155
0.19918
0.199213
0.199256
0.199306
0.199365
0.199432
0.199508
0.199593
0.199686
0.199789
0.199902
0.200025
0.200159
0.200304
0.200461
0.20063
0.200809
0.199946
0.19984
0.19974
0.199646
0.199562
0.199489
0.199429
0.199382
0.19935
0.199331
0.199326
0.199333
0.199352
0.199382
0.19942
0.199468
0.199523
0.199585
0.199654
0.199729
0.19981
0.199897
0.19999
0.200089
0.200195
0.200307
0.200427
0.200555
0.200691
0.200836
0.20099
0.201153
0.201325
0.199946
0.199843
0.199749
0.199667
0.199601
0.199554
0.199527
0.19952
0.199532
0.199562
0.199607
0.199665
0.199734
0.199812
0.199897
0.199988
0.200084
0.200184
0.200287
0.200393
0.200501
0.200612
0.200726
0.200843
0.200963
0.201087
0.201216
0.201349
0.201487
0.201632
0.201783
0.20194
0.202104
0.199947
0.199851
0.199772
0.199717
0.199693
0.1997
0.199737
0.199803
0.199892
0.200001
0.200124
0.200258
0.2004
0.200545
0.200692
0.20084
0.200988
0.201133
0.201277
0.201419
0.201558
0.201696
0.201832
0.201967
0.202102
0.202237
0.202373
0.20251
0.20265
0.202792
0.202938
0.203088
0.203241
0.19995
0.199871
0.199832
0.199843
0.199908
0.200025
0.200185
0.200379
0.200596
0.200828
0.201068
0.201308
0.201546
0.201778
0.202002
0.202218
0.202424
0.20262
0.202807
0.202985
0.203155
0.203318
0.203475
0.203626
0.203772
0.203914
0.204054
0.204191
0.204328
0.204465
0.204602
0.204741
0.20488
0.199959
0.199932
0.199996
0.200162
0.20042
0.200752
0.201132
0.201539
0.201954
0.202364
0.20276
0.203138
0.203493
0.203825
0.204134
0.20442
0.204685
0.204929
0.205155
0.205365
0.205559
0.20574
0.205909
0.206068
0.206218
0.20636
0.206496
0.206626
0.206753
0.206876
0.206997
0.207117
0.207236
0.199989
0.200116
0.200453
0.200978
0.201636
0.202365
0.203111
0.203841
0.204532
0.205172
0.205758
0.20629
0.206769
0.207199
0.207585
0.207932
0.208242
0.20852
0.20877
0.208995
0.209197
0.209381
0.209547
0.209698
0.209837
0.209964
0.210082
0.210192
0.210295
0.210393
0.210486
0.210577
0.210664
0.200095
0.200705
0.201754
0.203078
0.204503
0.2059
0.207196
0.208359
0.209385
0.210279
0.211053
0.211722
0.212299
0.212797
0.213226
0.213597
0.213917
0.214194
0.214434
0.214641
0.214821
0.214976
0.21511
0.215227
0.215327
0.215415
0.215491
0.215556
0.215614
0.215665
0.21571
0.21575
0.215786
0.20052
0.202689
0.205564
0.208535
0.211277
0.213658
0.215652
0.217291
0.218629
0.219716
0.220598
0.221315
0.221897
0.222371
0.222755
0.223066
0.223318
0.223519
0.223678
0.223801
0.223895
0.223963
0.224009
0.224037
0.224048
0.224046
0.224032
0.224009
0.223977
0.223937
0.223892
0.223842
0.223789
0.202177
0.209446
0.217134
0.223399
0.228109
0.231561
0.234062
0.235867
0.237167
0.238099
0.238763
0.23923
0.239549
0.239758
0.23988
0.239936
0.239937
0.239896
0.239819
0.239712
0.239581
0.239428
0.239258
0.239074
0.238876
0.238668
0.238451
0.238227
0.237997
0.237761
0.237523
0.237281
0.237038
0.208495
0.227585
0.245303
0.258675
0.267541
0.272822
0.27564
0.276937
0.277331
0.277197
0.276757
0.27614
0.275423
0.274651
0.273847
0.273026
0.272196
0.271362
0.270526
0.26969
0.268855
0.268023
0.267194
0.26637
0.265552
0.264741
0.263936
0.263141
0.262354
0.261578
0.260813
0.260059
0.259317
0.248319
0.315101
0.348226
0.362238
0.367204
0.368025
0.36674
0.36418
0.36081
0.356945
0.352804
0.348543
0.344269
0.34006
0.335967
0.332027
0.328259
0.324677
0.321287
0.318089
0.315082
0.31226
0.309618
0.30715
0.304848
0.302703
0.30071
0.29886
0.297146
0.295561
0.294097
0.29275
0.291509
0.205355
0.221128
0.238045
0.254121
0.26899
0.282961
0.296243
0.308914
0.321018
0.332581
0.343626
0.354171
0.364231
0.373821
0.382955
0.391647
0.399914
0.407768
0.415225
0.4223
0.429007
0.435361
0.441376
0.447066
0.452446
0.457528
0.462326
0.466852
0.471119
0.475139
0.478923
0.482481
0.48583
0.640382
0.699195
0.780683
0.870946
0.959613
1.04053
1.11338
1.18022
1.24302
1.30216
1.35572
1.39953
1.42814
1.43632
1.4203
1.37839
1.31083
1.2193
1.10665
0.977004
0.836224
0.692552
0.556721
0.440945
0.356416
0.310043
0.302885
0.332939
0.401694
0.522513
0.727152
1.0486
1.48105
1.97585
2.47687
2.94458
3.35757
3.7066
3.98941
4.20754
4.36439
4.46417
4.51138
4.5108
4.46773
4.38838
4.2801
4.15127
4.01081
3.8673
3.72802
3.59828
3.48114
3.37769
3.28758
3.20959
3.14218
3.08379
3.03305
2.98878
2.95008
2.91621
2.88661
2.86083
2.8385
2.81934
2.80309
2.7895
2.7784
2.76957
2.76286
2.75809
2.75512
2.75379
2.75398
2.75554
2.75836
2.76232
2.76732
2.77323
2.77998
2.78746
2.79559
2.80429
2.81348
2.8231
2.83307
2.84334
2.85385
2.86455
2.87538
2.8863
2.89725
2.9082
2.91908
2.92986
2.94047
2.95086
2.96091
2.97029
0.384073
0.383519
0.387287
0.394508
0.4048
0.417689
0.432736
0.449889
0.469443
0.491683
0.516406
0.54245
0.567451
0.587998
0.600214
0.600612
0.586947
0.558808
0.517871
0.467816
0.413975
0.362667
0.32021
0.291722
0.280199
0.286663
0.312006
0.359939
0.439127
0.566695
0.773852
1.0915
1.51458
1.99831
2.49
2.95154
3.36157
3.71031
3.99486
4.21607
4.37676
4.48058
4.53155
4.53409
4.49328
4.41526
4.30748
4.17864
4.038
3.89453
3.75577
3.62713
3.51166
3.41032
3.32258
3.24708
3.18215
3.12615
3.07764
3.03544
2.99861
2.96643
2.93833
2.91389
2.89274
2.8746
2.85922
2.84638
2.83589
2.82756
2.82124
2.81676
2.81398
2.81277
2.81298
2.81451
2.81722
2.82102
2.82579
2.83144
2.83788
2.84502
2.85278
2.86109
2.86987
2.87906
2.8886
2.89842
2.90849
2.91874
2.92914
2.93963
2.95017
2.96072
2.97123
2.98165
2.99195
3.00205
3.01183
3.02087
0.325735
0.319737
0.314004
0.308625
0.303807
0.299739
0.296555
0.294381
0.293334
0.293494
0.294857
0.297269
0.300351
0.303457
0.305708
0.306144
0.303969
0.298843
0.291108
0.281854
0.272794
0.265966
0.26338
0.266809
0.277951
0.299028
0.333739
0.388281
0.472275
0.602233
0.807037
1.11549
1.52451
1.99413
2.47522
2.93073
3.33895
3.68928
3.97794
4.205
4.37255
4.48361
4.54168
4.55071
4.51548
4.44194
4.33756
4.21117
4.07235
3.93038
3.7931
3.66611
3.55253
3.45328
3.36777
3.29454
3.23184
3.17796
3.13142
3.09101
3.05579
3.02502
2.99816
2.97478
2.95452
2.93711
2.92231
2.90991
2.89973
2.8916
2.88536
2.88087
2.87798
2.87657
2.87651
2.8777
2.88001
2.88335
2.88762
2.89273
2.8986
2.90514
2.91228
2.91995
2.92808
2.93662
2.9455
2.95468
2.96411
2.97373
2.98352
2.99341
3.00338
3.01339
3.02339
3.03335
3.04321
3.05291
3.06233
3.07095
0.316795
0.311503
0.306315
0.301254
0.296363
0.291678
0.287228
0.283043
0.279157
0.275598
0.272386
0.269521
0.266975
0.264688
0.262573
0.260542
0.258549
0.256651
0.255064
0.254201
0.254678
0.257315
0.263146
0.273512
0.290249
0.316036
0.35496
0.413176
0.499638
0.629428
0.828818
1.12466
1.51629
1.96911
2.43783
2.88654
3.29307
3.64586
3.94013
4.175
4.35175
4.4727
4.54073
4.55929
4.53271
4.46667
4.3685
4.24706
4.11211
3.97321
3.8385
3.71382
3.60246
3.50541
3.42209
3.351
3.29036
3.23841
3.19363
3.15482
3.121
3.09144
3.0656
3.04305
3.02345
3.00653
2.99207
2.97987
2.96975
2.96155
2.95513
2.95036
2.94709
2.94521
2.94462
2.9452
2.94685
2.94947
2.95299
2.95731
2.96236
2.96806
2.97435
2.98116
2.98843
2.99611
3.00414
3.01248
3.02108
3.0299
3.0389
3.04804
3.05729
3.06661
3.07597
3.08533
3.09465
3.10385
3.1128
3.12093
0.300831
0.29717
0.293513
0.289864
0.286217
0.282578
0.278971
0.275425
0.27197
0.268638
0.265462
0.262477
0.259721
0.257231
0.255053
0.253248
0.251911
0.251194
0.251332
0.252666
0.255684
0.261056
0.269707
0.282927
0.302554
0.331266
0.37304
0.433581
0.520936
0.648675
0.840551
1.12161
1.49359
1.92735
2.3818
2.82242
3.2267
3.58207
3.88266
4.12659
4.31425
4.44718
4.52758
4.55831
4.54319
4.4875
4.39829
4.28429
4.15534
4.02118
3.89026
3.7687
3.66003
3.56541
3.48434
3.41537
3.3567
3.30657
3.26344
3.22609
3.19353
3.16504
3.14006
3.11818
3.09907
3.08246
3.06815
3.05594
3.04567
3.03719
3.03038
3.02509
3.02122
3.01865
3.01729
3.01703
3.01779
3.01948
3.02201
3.02533
3.02934
3.03399
3.03922
3.04496
3.05117
3.05779
3.06478
3.0721
3.0797
3.08755
3.0956
3.10384
3.11223
3.12073
3.12932
3.13796
3.14662
3.15522
3.1636
3.17115
0.280922
0.278755
0.27654
0.274277
0.271949
0.269548
0.267083
0.264574
0.262052
0.259559
0.257146
0.254872
0.252804
0.251014
0.249587
0.248626
0.248265
0.248688
0.250148
0.25299
0.257694
0.264917
0.275569
0.290926
0.312795
0.343775
0.387601
0.449421
0.536356
0.660549
0.843418
1.1083
1.45912
1.87205
2.31037
2.74131
3.14223
3.49967
3.80666
4.06027
4.25993
4.40637
4.50107
4.54622
4.54507
4.50237
4.42473
4.32066
4.19988
4.07227
3.9465
3.82902
3.72367
3.63184
3.55322
3.48644
3.42976
3.38142
3.3399
3.30394
3.27257
3.24506
3.22085
3.19954
3.1808
3.16438
3.15007
3.13771
3.12713
3.11822
3.11083
3.10486
3.1002
3.09676
3.09444
3.09315
3.09282
3.09338
3.09474
3.09685
3.09963
3.10304
3.10702
3.11152
3.11648
3.12187
3.12765
3.13378
3.14021
3.14693
3.1539
3.16109
3.16847
3.17602
3.18371
3.19151
3.19939
3.20728
3.21499
3.22188
0.262639
0.261529
0.260367
0.259146
0.257845
0.256446
0.254945
0.253356
0.251707
0.250041
0.248419
0.246912
0.245606
0.244593
0.243983
0.243903
0.244509
0.246004
0.248653
0.252811
0.258961
0.267756
0.280098
0.297238
0.320923
0.353618
0.39875
0.46088
0.546256
0.665713
0.838522
1.08638
1.41508
1.80579
2.22624
2.64574
3.04184
3.40034
3.71322
3.97652
4.18871
4.34966
4.46008
4.52148
4.53645
4.5091
4.44553
4.35381
4.24343
4.12425
4.00515
3.89287
3.79162
3.70311
3.62726
3.56287
3.50829
3.46182
3.42193
3.38738
3.35719
3.33065
3.30718
3.28639
3.26796
3.25165
3.23728
3.22466
3.21368
3.2042
3.19612
3.18934
3.18375
3.17929
3.17586
3.1734
3.17183
3.17109
3.17111
3.17185
3.17325
3.17525
3.17782
3.1809
3.18447
3.18847
3.19288
3.19766
3.20278
3.20822
3.21396
3.21995
3.2262
3.23266
3.23933
3.24617
3.25316
3.26023
3.26718
3.2733
0.247913
0.247471
0.24699
0.246461
0.24586
0.245166
0.244368
0.243473
0.242505
0.241507
0.240542
0.239689
0.239043
0.238712
0.238819
0.239509
0.240956
0.243375
0.247043
0.25232
0.25969
0.2698
0.283532
0.302094
0.327147
0.360979
0.406676
0.468219
0.551063
0.664857
0.826895
1.05728
1.36334
1.73076
2.13176
2.53801
2.92756
3.28569
3.60347
3.87593
4.10062
4.27653
4.4036
4.48262
4.51546
4.50555
4.45832
4.38126
4.28349
4.17473
4.06394
3.95816
3.86196
3.77745
3.70484
3.64317
3.59092
3.54646
3.50833
3.47527
3.44634
3.42081
3.39811
3.37786
3.35975
3.34354
3.32907
3.31617
3.30472
3.29463
3.28578
3.27809
3.2715
3.26591
3.26127
3.25751
3.25458
3.25242
3.25098
3.25022
3.25009
3.25055
3.25157
3.2531
3.25512
3.25759
3.26049
3.26379
3.26747
3.2715
3.27586
3.28054
3.28552
3.29077
3.2963
3.30206
3.30805
3.31418
3.32025
3.32552
0.23667
0.236628
0.236564
0.236467
0.236316
0.236088
0.235771
0.235369
0.234901
0.23441
0.233959
0.233627
0.233517
0.233744
0.234444
0.23577
0.23791
0.241088
0.245589
0.251777
0.26013
0.271282
0.286086
0.305687
0.331637
0.366023
0.411573
0.471727
0.551234
0.658668
0.809501
1.02228
1.30549
1.6489
2.02904
2.42022
2.8013
3.15732
3.47858
3.75921
3.99584
4.18664
4.33078
4.42831
4.48035
4.4896
4.4607
4.40047
4.31748
4.22116
4.12044
4.0226
3.93259
3.85292
3.78417
3.72568
3.67609
3.63392
3.59774
3.56636
3.53882
3.51441
3.49258
3.47295
3.45522
3.43916
3.42462
3.41145
3.39954
3.38881
3.37918
3.37056
3.3629
3.35613
3.35022
3.34509
3.34072
3.33705
3.33406
3.3317
3.32994
3.32875
3.3281
3.32797
3.32833
3.32915
3.33042
3.33212
3.33422
3.33672
3.33959
3.34283
3.34642
3.35035
3.35461
3.35919
3.36405
3.36914
3.37423
3.37854
0.228225
0.228415
0.228599
0.228766
0.228898
0.228974
0.228982
0.228925
0.228822
0.228712
0.228657
0.228738
0.229057
0.229735
0.230912
0.232753
0.235449
0.239232
0.244391
0.251288
0.260392
0.272316
0.287869
0.308125
0.334506
0.368883
0.413636
0.471713
0.547243
0.647824
0.787241
0.982513
1.24295
1.56189
1.91999
2.29435
2.66497
3.01689
3.33986
3.62722
3.87477
4.07988
4.24099
4.3574
4.42952
4.45922
4.45034
4.40888
4.34273
4.26085
4.17205
4.08374
4.00119
3.92738
3.86328
3.80855
3.7621
3.72258
3.68865
3.65919
3.63326
3.61017
3.58938
3.57051
3.55327
3.53747
3.52295
3.50958
3.49727
3.48595
3.47556
3.46602
3.4573
3.44935
3.44213
3.43561
3.42976
3.42454
3.41993
3.4159
3.41245
3.40953
3.40714
3.40525
3.40385
3.40293
3.40248
3.40247
3.40289
3.40375
3.40502
3.40671
3.4088
3.4113
3.41418
3.41745
3.42109
3.42501
3.42901
3.43225
0.221866
0.22219
0.222521
0.222848
0.223158
0.223433
0.223664
0.223854
0.224021
0.224202
0.224458
0.224867
0.225532
0.226574
0.228137
0.230389
0.233524
0.237777
0.243436
0.250857
0.260493
0.27293
0.288924
0.309463
0.335833
0.369685
0.41307
0.468502
0.539569
0.63298
0.760955
0.939019
1.17699
1.47126
1.80637
2.16228
2.52041
2.86609
3.18871
3.48099
3.73799
3.95636
4.13382
4.269
4.36156
4.41258
4.42502
4.40398
4.35653
4.29105
4.21603
4.13892
4.06529
3.9985
3.93999
3.88977
3.84704
3.81064
3.77938
3.75217
3.72815
3.70663
3.68711
3.66921
3.65266
3.63728
3.62292
3.60948
3.59689
3.58507
3.57399
3.5636
3.55387
3.54477
3.53628
3.52838
3.52104
3.51426
3.50802
3.50231
3.49711
3.49242
3.48823
3.48454
3.48132
3.47858
3.47632
3.47452
3.47318
3.47231
3.47189
3.47193
3.47242
3.47337
3.47478
3.47664
3.47893
3.48158
3.48439
3.48646
0.217031
0.21743
0.217847
0.218272
0.218696
0.219105
0.219493
0.219864
0.220236
0.220645
0.221149
0.221825
0.222772
0.224111
0.225985
0.228561
0.232036
0.236642
0.24266
0.250438
0.260407
0.273114
0.28926
0.309738
0.335694
0.368564
0.4101
0.462441
0.5287
0.614775
0.731433
0.892738
1.10873
1.37838
1.68978
2.02579
2.36946
2.70665
3.02667
3.32175
3.58634
3.81647
4.0092
4.16251
4.27537
4.34807
4.38269
4.38335
4.35623
4.30895
4.24955
4.18539
4.12221
4.06377
4.01192
3.9671
3.92881
3.89614
3.86803
3.84352
3.82178
3.80217
3.78422
3.76756
3.75195
3.73722
3.72323
3.70991
3.69719
3.68503
3.67339
3.66226
3.65163
3.64147
3.63177
3.62254
3.61378
3.60547
3.59762
3.59022
3.58329
3.57682
3.57081
3.56527
3.5602
3.5556
3.55147
3.54783
3.54466
3.54198
3.5398
3.5381
3.53691
3.53623
3.53606
3.53641
3.53726
3.53853
3.54003
3.54082
0.213307
0.213747
0.214213
0.214699
0.215196
0.215698
0.2162
0.216708
0.217241
0.217833
0.218539
0.219433
0.220613
0.222194
0.224317
0.227147
0.230876
0.235732
0.241986
0.249968
0.260086
0.272844
0.288877
0.308985
0.33417
0.36567
0.404972
0.45389
0.515124
0.593825
0.699414
0.844536
1.03921
1.28451
1.57173
1.88659
2.21391
2.54038
2.85539
3.15091
3.42092
3.66089
3.86734
4.03766
4.17016
4.2644
4.32155
4.34479
4.33928
4.31178
4.26974
4.22025
4.16915
4.12048
4.07652
4.03812
4.00513
3.97689
3.95255
3.93125
3.91226
3.89498
3.87897
3.8639
3.84955
3.83574
3.82239
3.80943
3.7968
3.7845
3.7725
3.7608
3.7494
3.73831
3.72754
3.71709
3.70698
3.69721
3.68781
3.67879
3.67016
3.66193
3.65412
3.64674
3.63981
3.63333
3.62732
3.62179
3.61676
3.61222
3.60821
3.60472
3.60177
3.59938
3.59755
3.59629
3.5956
3.5954
3.59549
3.59489
0.210403
0.210864
0.211357
0.211879
0.212426
0.212994
0.213581
0.214195
0.214855
0.215596
0.216468
0.217543
0.218913
0.220691
0.223011
0.226032
0.22994
0.234954
0.241332
0.249384
0.259485
0.272095
0.287781
0.307248
0.331362
0.361179
0.397952
0.443222
0.499323
0.570722
0.665596
0.795215
0.969363
1.19078
1.4536
1.74627
2.05555
2.3691
2.67666
2.9701
3.24308
3.49064
3.70884
3.89456
4.04553
4.16062
4.24016
4.28636
4.30334
4.2969
4.27375
4.2406
4.20319
4.1658
4.13106
4.10022
4.0735
4.05053
4.03067
4.01321
3.99752
3.98307
3.96945
3.95638
3.94365
3.93113
3.91875
3.90644
3.89419
3.882
3.86987
3.85782
3.84586
3.83402
3.82233
3.81081
3.79949
3.78839
3.77755
3.76699
3.75673
3.74681
3.73725
3.72808
3.71931
3.71096
3.70308
3.69566
3.68873
3.68232
3.67644
3.67112
3.66636
3.66219
3.65864
3.6557
3.65338
3.65161
3.6502
3.64809
0.208116
0.208584
0.209091
0.209635
0.210215
0.210829
0.21148
0.212177
0.212939
0.2138
0.214809
0.216032
0.217557
0.21949
0.221959
0.225116
0.229136
0.234226
0.240628
0.248628
0.258566
0.270854
0.285993
0.30459
0.32739
0.355283
0.389322
0.430815
0.481772
0.546034
0.630631
0.745513
0.900047
1.09823
1.33667
1.6064
1.89612
2.19468
2.49235
2.78109
3.05439
3.30701
3.53463
3.7337
3.90149
4.03622
4.13746
4.20648
4.24636
4.26187
4.25888
4.24354
4.2214
4.1968
4.17269
4.15066
4.13129
4.11453
4.09997
4.08707
4.07531
4.06425
4.05356
4.04296
4.03231
4.02149
4.01045
3.99916
3.98762
3.97585
3.96388
3.95175
3.93948
3.92713
3.91474
3.90234
3.88999
3.87772
3.86559
3.85362
3.84186
3.83035
3.81913
3.80823
3.79768
3.78753
3.77779
3.76851
3.75971
3.75142
3.74367
3.73648
3.72988
3.7239
3.71856
3.71388
3.70987
3.70645
3.70345
3.69974
0.206302
0.206769
0.20728
0.207835
0.208436
0.209083
0.209781
0.210542
0.211386
0.212343
0.213462
0.214804
0.21645
0.2185
0.221075
0.224316
0.228387
0.23348
0.239816
0.247656
0.257305
0.269123
0.283546
0.301095
0.322395
0.348195
0.379375
0.417046
0.462931
0.520297
0.595129
0.69611
0.832046
1.00783
1.22215
1.46843
1.73733
2.01901
2.30443
2.58582
2.85669
3.11161
3.34601
3.55603
3.73851
3.89116
4.01287
4.10401
4.16667
4.20456
4.22264
4.22634
4.22088
4.21055
4.19847
4.18655
4.17571
4.1662
4.15784
4.15031
4.14321
4.13621
4.12902
4.12146
4.1134
4.10475
4.09549
4.08564
4.0752
4.06422
4.05276
4.04086
4.02858
4.016
4.00316
3.99014
3.97698
3.96376
3.95052
3.93732
3.92421
3.91126
3.8985
3.88599
3.87377
3.86188
3.85037
3.83928
3.82865
3.81851
3.8089
3.79985
3.79141
3.78359
3.77645
3.76998
3.76422
3.75908
3.75441
3.74902
0.204856
0.205318
0.205826
0.206385
0.206997
0.207666
0.208399
0.209208
0.210113
0.211146
0.212349
0.213781
0.215517
0.217649
0.220289
0.223565
0.227631
0.232659
0.238851
0.246439
0.255691
0.26692
0.280496
0.296859
0.316533
0.340138
0.368409
0.402288
0.44324
0.494018
0.559652
0.647631
0.766075
0.920433
1.11113
1.33374
1.58083
1.84396
2.11492
2.38639
2.65202
2.90635
3.14466
3.36288
3.55754
3.72592
3.86632
3.97833
4.06309
4.12328
4.16286
4.1865
4.1989
4.20418
4.2055
4.20501
4.20391
4.20273
4.20158
4.2003
4.19866
4.19644
4.19345
4.18953
4.18462
4.17869
4.17172
4.16377
4.15488
4.14511
4.13454
4.12325
4.11132
4.09883
4.08586
4.0725
4.05881
4.04488
4.03077
4.01656
4.00231
3.98809
3.97397
3.96
3.94623
3.93274
3.91956
3.90675
3.89436
3.88243
3.87101
3.86014
3.84987
3.84023
3.83126
3.82299
3.81544
3.80854
3.80215
3.79498
0.203705
0.204156
0.204658
0.205214
0.20583
0.206512
0.207267
0.208109
0.209058
0.210145
0.211409
0.212904
0.2147
0.216879
0.219544
0.222812
0.22682
0.231724
0.237704
0.244962
0.25373
0.264277
0.276911
0.291999
0.309971
0.33134
0.356718
0.386896
0.423114
0.467663
0.524716
0.600638
0.702775
0.83684
1.00463
1.20361
1.4282
1.67137
1.92588
2.18498
2.4426
2.69338
2.93259
3.15602
3.36
3.5415
3.69833
3.8294
3.935
4.01684
4.07786
4.1219
4.15301
4.175
4.19096
4.20315
4.213
4.2213
4.22839
4.23432
4.23901
4.24237
4.24429
4.2447
4.24359
4.24096
4.23684
4.23132
4.22447
4.21638
4.20716
4.19689
4.1857
4.17369
4.16094
4.14757
4.13366
4.11932
4.10462
4.08966
4.07451
4.05926
4.04397
4.02873
4.01361
3.99866
3.98395
3.96955
3.95551
3.94189
3.92874
3.91611
3.90405
3.89262
3.88185
3.87177
3.86243
3.85375
3.84559
3.83657
0.202792
0.203229
0.20372
0.204269
0.204883
0.205568
0.206334
0.207196
0.208173
0.209294
0.210596
0.212128
0.213953
0.216146
0.218799
0.222017
0.225921
0.23065
0.23636
0.243226
0.251445
0.261242
0.272873
0.286636
0.302883
0.32203
0.344584
0.371209
0.402941
0.441661
0.490783
0.555629
0.642712
0.757743
0.903544
1.07924
1.28094
1.50305
1.73937
1.98384
2.2308
2.4751
2.71211
2.9376
3.1478
3.33945
3.51001
3.65783
3.78245
3.88468
3.96652
4.03089
4.08115
4.12063
4.15225
4.17825
4.2002
4.2191
4.23549
4.2496
4.26154
4.27132
4.27895
4.28442
4.28779
4.2891
4.28845
4.28594
4.28168
4.27579
4.26839
4.25963
4.24962
4.23849
4.22637
4.21338
4.19961
4.1852
4.17023
4.15482
4.13905
4.12303
4.10684
4.09056
4.07428
4.05807
4.04202
4.02619
4.01064
3.99545
3.98068
3.96639
3.95263
3.93947
3.92694
3.9151
3.90397
3.89351
3.88357
3.87265
0.202074
0.202496
0.202972
0.20351
0.204115
0.204796
0.205564
0.206432
0.207421
0.208557
0.209874
0.211418
0.213244
0.21542
0.218026
0.221155
0.224914
0.229424
0.234818
0.241244
0.248869
0.257876
0.268474
0.280902
0.295441
0.312428
0.332276
0.355537
0.383067
0.416393
0.458258
0.513036
0.586368
0.683746
0.808689
0.961694
1.14044
1.34071
1.55741
1.78524
2.01907
2.25408
2.48581
2.71014
2.92327
3.12185
3.30307
3.46487
3.60616
3.72696
3.82838
3.91246
3.9818
4.03916
4.08713
4.12785
4.16292
4.19345
4.22016
4.24344
4.26356
4.28063
4.29478
4.30609
4.31467
4.32063
4.32409
4.32521
4.32412
4.32099
4.31597
4.30921
4.30087
4.2911
4.28004
4.26784
4.25462
4.24052
4.22564
4.21012
4.19406
4.17758
4.16076
4.14371
4.12653
4.1093
4.09211
4.07505
4.05818
4.04159
4.02535
4.00952
3.99417
3.97937
3.96517
3.95161
3.93875
3.92653
3.91482
3.90196
0.201519
0.201923
0.202383
0.202905
0.203497
0.204167
0.204926
0.205789
0.206775
0.207908
0.20922
0.210751
0.212552
0.21468
0.217208
0.220215
0.223794
0.228048
0.233091
0.239046
0.246049
0.254249
0.263812
0.274926
0.287812
0.302737
0.320036
0.340159
0.363804
0.392191
0.427489
0.473216
0.53414
0.615346
0.720748
0.851933
1.00797
1.18597
1.38196
1.59146
1.80994
2.03301
2.2565
2.47645
2.68917
2.89127
3.07981
3.25244
3.40757
3.54457
3.66376
3.76633
3.85411
3.92924
3.99387
4.04989
4.09886
4.14192
4.17987
4.21325
4.24244
4.26769
4.2892
4.30714
4.32168
4.333
4.34127
4.34667
4.34939
4.34962
4.34754
4.34334
4.3372
4.32928
4.31977
4.30882
4.29658
4.2832
4.26883
4.25358
4.23759
4.22098
4.20386
4.18635
4.16855
4.15057
4.1325
4.11444
4.09646
4.07867
4.06113
4.04393
4.02714
4.01083
3.99506
3.97989
3.96536
3.95144
3.938
3.92319
0.201102
0.201488
0.201929
0.202433
0.203006
0.203658
0.2044
0.205247
0.206215
0.207329
0.208616
0.210113
0.211863
0.213918
0.216339
0.219196
0.222566
0.226538
0.231204
0.236668
0.243039
0.250435
0.258985
0.268834
0.280152
0.293145
0.308079
0.325316
0.345415
0.369333
0.398755
0.436446
0.486325
0.552928
0.640281
0.750773
0.884664
1.04033
1.21486
1.40467
1.6059
1.81465
2.02711
2.23959
2.44855
2.65071
2.84307
3.02309
3.18886
3.3392
3.47377
3.59302
3.69801
3.79024
3.87133
3.94287
4.0062
4.06243
4.11239
4.15669
4.19579
4.23004
4.25971
4.28507
4.30635
4.32376
4.33754
4.34791
4.35509
4.35931
4.36078
4.35971
4.35632
4.3508
4.34334
4.33414
4.32335
4.31116
4.2977
4.28314
4.26762
4.25126
4.2342
4.21657
4.19848
4.18005
4.16139
4.14259
4.12376
4.105
4.08638
4.068
4.04995
4.03229
4.0151
3.99843
3.98235
3.96681
3.9517
3.93496
0.200806
0.201173
0.201594
0.202076
0.202626
0.203255
0.203973
0.204792
0.205732
0.206811
0.208056
0.209498
0.211176
0.213135
0.215425
0.218107
0.221247
0.224916
0.229193
0.234159
0.239902
0.246514
0.254091
0.262745
0.2726
0.283813
0.296587
0.311208
0.328113
0.348041
0.37227
0.402922
0.44312
0.496751
0.567704
0.658876
0.771506
0.905103
1.05782
1.22697
1.40939
1.60175
1.80066
2.00276
2.20477
2.40354
2.59613
2.77995
2.95286
3.1133
3.26038
3.39392
3.5143
3.62236
3.71919
3.80594
3.88372
3.95345
4.01593
4.07178
4.12149
4.16547
4.20406
4.23759
4.26633
4.29057
4.31056
4.32659
4.33889
4.34774
4.35338
4.35605
4.35599
4.35342
4.34856
4.34162
4.33279
4.32226
4.3102
4.29677
4.28213
4.26644
4.24983
4.23245
4.21443
4.19588
4.17694
4.15772
4.13831
4.11884
4.09939
4.08007
4.06096
4.04214
4.0237
4.0057
3.98819
3.97116
3.95448
3.93586
0.200619
0.200967
0.201367
0.201825
0.20235
0.20295
0.203636
0.204421
0.20532
0.206351
0.207539
0.20891
0.210498
0.21234
0.214481
0.216971
0.219864
0.223219
0.2271
0.231572
0.236703
0.242562
0.249223
0.256765
0.265277
0.274874
0.285707
0.29799
0.312061
0.328472
0.348176
0.372753
0.404609
0.446937
0.503273
0.576734
0.669292
0.781452
0.912382
1.06028
1.22273
1.39699
1.58016
1.76925
1.9613
2.15338
2.34269
2.52666
2.70304
2.87003
3.02636
3.17131
3.30469
3.42673
3.53797
3.63911
3.73091
3.81408
3.88927
3.95703
4.01784
4.07213
4.12028
4.16264
4.19953
4.23127
4.25816
4.28051
4.2986
4.31272
4.32316
4.33018
4.33404
4.335
4.3333
4.32917
4.32282
4.31445
4.30426
4.29244
4.27914
4.26455
4.24881
4.23208
4.2145
4.19621
4.17734
4.15801
4.13835
4.11846
4.09846
4.07845
4.05852
4.03878
4.01929
4.00014
3.98138
3.963
3.94489
3.92444
0.200537
0.200867
0.201245
0.201678
0.202175
0.202743
0.203392
0.204134
0.204983
0.205956
0.207074
0.20836
0.209842
0.211553
0.213531
0.215815
0.218451
0.221487
0.224974
0.228964
0.233508
0.238658
0.244466
0.250988
0.258285
0.266435
0.275546
0.285774
0.297365
0.310726
0.326545
0.345964
0.370769
0.403459
0.447065
0.504644
0.578625
0.670334
0.779877
0.906331
1.04804
1.2029
1.3685
1.54231
1.7217
1.90402
2.08667
2.2672
2.44336
2.61321
2.77523
2.92832
3.0718
3.2054
3.32915
3.44328
3.54816
3.64422
3.73188
3.81158
3.88372
3.94869
4.00685
4.05856
4.10416
4.14401
4.17841
4.20771
4.23221
4.25224
4.26809
4.28006
4.28844
4.29351
4.29553
4.29476
4.29142
4.28574
4.27793
4.26819
4.25671
4.24367
4.22924
4.21358
4.19685
4.1792
4.16077
4.1417
4.12212
4.10214
4.08189
4.06148
4.04101
4.02058
4.00028
3.98019
3.96038
3.94084
3.92146
3.89929
0.200566
0.200878
0.201234
0.201642
0.202108
0.20264
0.203247
0.203941
0.204734
0.20564
0.206678
0.207867
0.209233
0.210802
0.212605
0.214676
0.217051
0.21977
0.222872
0.226397
0.230384
0.234872
0.239896
0.245494
0.251703
0.258575
0.266179
0.274623
0.28408
0.294836
0.307374
0.322493
0.341461
0.366139
0.39896
0.442679
0.499885
0.572496
0.661445
0.766666
0.887278
1.02182
1.16844
1.32506
1.48944
1.65924
1.83213
2.00581
2.17812
2.34712
2.51113
2.6688
2.81911
2.96138
3.09518
3.22032
3.33678
3.44465
3.54409
3.63535
3.71868
3.79438
3.86276
3.92415
3.97889
4.02731
4.06974
4.10654
4.13802
4.16452
4.18636
4.20386
4.21734
4.22709
4.23339
4.23652
4.23673
4.23426
4.22934
4.22219
4.21301
4.20199
4.18932
4.17517
4.15971
4.14312
4.12552
4.10709
4.08794
4.06822
4.04804
4.02754
4.00681
3.98598
3.96513
3.94435
3.92371
3.90322
3.88276
3.85901
0.200721
0.201014
0.201349
0.20173
0.202164
0.202658
0.203221
0.203862
0.204592
0.205425
0.206376
0.207462
0.208703
0.210122
0.211746
0.2136
0.215715
0.218121
0.22085
0.223933
0.227399
0.231274
0.235584
0.240349
0.245594
0.251346
0.257647
0.264564
0.272211
0.280781
0.290597
0.302198
0.316445
0.334647
0.358626
0.390652
0.433183
0.488437
0.557999
0.642605
0.742159
0.855884
0.982515
1.12045
1.26785
1.42275
1.58308
1.74679
1.91185
2.07638
2.23868
2.39725
2.55085
2.69851
2.83945
2.9731
3.09907
3.21712
3.32712
3.42907
3.52303
3.60916
3.68767
3.75882
3.82288
3.88016
3.931
3.97571
4.01463
4.0481
4.07646
4.10002
4.11913
4.13408
4.1452
4.15277
4.15705
4.15831
4.15679
4.15272
4.14632
4.1378
4.12735
4.11516
4.10142
4.08629
4.06994
4.05253
4.03419
4.01508
3.99533
3.97507
3.9544
3.93346
3.91234
3.89114
3.86992
3.84872
3.82741
3.80223
0.201028
0.201305
0.201618
0.201972
0.202372
0.202827
0.203342
0.203927
0.204591
0.205345
0.206204
0.20718
0.208293
0.209559
0.211
0.212637
0.214496
0.216599
0.218972
0.221638
0.224617
0.22793
0.231591
0.235612
0.240006
0.244783
0.249966
0.25559
0.261724
0.268488
0.276088
0.28487
0.295391
0.308516
0.32551
0.348079
0.378293
0.418347
0.470204
0.535274
0.614231
0.707032
0.81304
0.931174
1.06004
1.19803
1.34341
1.49435
1.64905
1.80573
1.96273
2.11854
2.2718
2.42134
2.56614
2.70535
2.83827
2.96434
3.08315
3.19441
3.29797
3.39381
3.48198
3.56261
3.63591
3.70212
3.76152
3.8144
3.86109
3.90191
3.93719
3.96726
3.99246
4.01312
4.02954
4.04204
4.05089
4.05637
4.05874
4.05824
4.0551
4.04954
4.04178
4.032
4.0204
4.00717
3.99248
3.97649
3.95936
3.94124
3.92227
3.90258
3.88231
3.86157
3.84048
3.81914
3.79762
3.77595
3.75405
3.72764
0.201533
0.201792
0.202083
0.202409
0.202775
0.203188
0.203653
0.204179
0.204774
0.205447
0.20621
0.207074
0.208055
0.209166
0.210425
0.211849
0.213458
0.21527
0.217304
0.219578
0.222106
0.224903
0.227977
0.231334
0.234978
0.23891
0.243138
0.247675
0.252556
0.257849
0.263677
0.270247
0.277899
0.28717
0.29887
0.314157
0.334573
0.361982
0.39837
0.445554
0.504885
0.577079
0.662206
0.759782
0.868903
0.988362
1.11675
1.25252
1.39409
1.53983
1.68821
1.83774
1.98705
2.13488
2.28007
2.42158
2.55847
2.68993
2.81526
2.93395
3.04559
3.14993
3.24685
3.33632
3.41843
3.49333
3.5612
3.6223
3.67689
3.72527
3.76775
3.80467
3.83633
3.86308
3.88524
3.9031
3.91697
3.92713
3.93385
3.93738
3.93795
3.93581
3.93117
3.92425
3.91524
3.90433
3.89171
3.87755
3.86201
3.84525
3.82743
3.80868
3.78913
3.76893
3.74818
3.72699
3.70545
3.6836
3.66139
3.63397
0.202299
0.202541
0.202807
0.203104
0.203434
0.203803
0.204216
0.204681
0.205204
0.205793
0.206458
0.207208
0.208056
0.209013
0.210092
0.211308
0.212675
0.214209
0.215922
0.217828
0.219939
0.222263
0.224805
0.227568
0.23055
0.233748
0.237158
0.240783
0.244633
0.248741
0.253171
0.258037
0.263534
0.26997
0.277823
0.2878
0.300911
0.318503
0.34223
0.373918
0.415309
0.467794
0.532212
0.608802
0.697254
0.796836
0.90651
1.02503
1.15104
1.28312
1.41985
1.55984
1.70177
1.84437
1.98642
2.12679
2.26438
2.39821
2.52737
2.6511
2.76879
2.87995
2.98425
3.08149
3.1716
3.25457
3.33052
3.39958
3.46197
3.51793
3.56772
3.61165
3.65002
3.68316
3.71136
3.73496
3.75423
3.76946
3.78093
3.7889
3.79362
3.79532
3.79424
3.79058
3.78457
3.7764
3.76626
3.75433
3.74077
3.72576
3.70945
3.69198
3.67351
3.65416
3.63407
3.61334
3.59208
3.57034
3.54811
3.51993
0.203423
0.203643
0.203883
0.204147
0.204438
0.20476
0.205119
0.20552
0.205968
0.206471
0.207035
0.20767
0.208384
0.209188
0.21009
0.211103
0.212238
0.213505
0.214915
0.216477
0.218201
0.220091
0.22215
0.224379
0.226774
0.229329
0.232037
0.234891
0.237891
0.241045
0.24438
0.247952
0.251862
0.256271
0.261437
0.26775
0.275787
0.286374
0.300637
0.320008
0.346155
0.380788
0.425401
0.481038
0.548172
0.626715
0.71612
0.81551
0.923788
1.03974
1.16209
1.28956
1.42091
1.55493
1.69041
1.82617
1.96106
2.09399
2.22392
2.34992
2.47117
2.58699
2.69684
2.80031
2.89716
2.98723
3.07048
3.14695
3.21675
3.28003
3.33701
3.38794
3.43309
3.47275
3.50721
3.53678
3.56173
3.58236
3.59892
3.61169
3.62092
3.62685
3.62971
3.62973
3.62711
3.62207
3.6148
3.60547
3.59427
3.58137
3.56693
3.5511
3.53403
3.51587
3.49676
3.4768
3.45612
3.43477
3.41284
3.38417
0.205043
0.205237
0.205446
0.205672
0.205919
0.20619
0.206489
0.206821
0.207191
0.207604
0.208065
0.208583
0.209162
0.209812
0.210541
0.211355
0.212265
0.213277
0.2144
0.21564
0.217003
0.218493
0.220112
0.221858
0.223727
0.225714
0.227811
0.230007
0.232296
0.234674
0.237149
0.23974
0.242491
0.245479
0.248828
0.25273
0.257476
0.263497
0.271416
0.28211
0.296752
0.316804
0.343915
0.379699
0.425476
0.482055
0.54966
0.627988
0.716337
0.813746
0.919112
1.03127
1.14907
1.27136
1.39697
1.52473
1.65351
1.78216
1.9096
2.03478
2.15675
2.27465
2.38775
2.49547
2.59737
2.69312
2.78253
2.86547
2.94195
3.01202
3.0758
3.13348
3.18527
3.23141
3.27218
3.30783
3.33863
3.36486
3.38677
3.40462
3.41866
3.42914
3.43629
3.44033
3.44147
3.43992
3.43588
3.42952
3.42104
3.4106
3.39837
3.38451
3.36917
3.35252
3.33469
3.31581
3.296
3.27535
3.25403
3.22517
0.207373
0.207533
0.207702
0.207883
0.208078
0.20829
0.208523
0.208779
0.209063
0.20938
0.209733
0.210128
0.210571
0.211066
0.21162
0.212239
0.212928
0.213695
0.214543
0.215478
0.216504
0.217623
0.218835
0.22014
0.221535
0.223013
0.224568
0.226191
0.227873
0.229607
0.231389
0.233222
0.23512
0.237111
0.239247
0.241612
0.244333
0.247604
0.251711
0.257076
0.264309
0.274274
0.288135
0.307349
0.333559
0.36836
0.41301
0.468213
0.534059
0.610111
0.69557
0.789433
0.890627
0.998046
1.11055
1.22701
1.3463
1.46728
1.58887
1.70995
1.8295
1.94655
2.06023
2.1698
2.27463
2.37422
2.46821
2.55631
2.63838
2.71436
2.78425
2.84816
2.90622
2.95861
3.00553
3.04721
3.08389
3.11581
3.1432
3.16632
3.18541
3.20069
3.21241
3.22077
3.22598
3.22825
3.22776
3.22471
3.21926
3.21161
3.2019
3.19032
3.17702
3.16217
3.14592
3.12841
3.10978
3.0901
3.06973
3.04099
0.210762
0.210874
0.21099
0.211112
0.211242
0.211382
0.211535
0.211703
0.211891
0.2121
0.212334
0.212598
0.212894
0.213228
0.213603
0.214023
0.214493
0.215017
0.215597
0.216239
0.216942
0.21771
0.218543
0.219439
0.220396
0.22141
0.222476
0.223586
0.224733
0.22591
0.22711
0.228329
0.229567
0.230831
0.232136
0.233513
0.235008
0.236696
0.238687
0.241145
0.244315
0.248561
0.254418
0.262662
0.27437
0.290947
0.314036
0.345302
0.386108
0.437241
0.498806
0.570339
0.651017
0.739801
0.835556
0.93713
1.04338
1.15319
1.26543
1.379
1.4928
1.60581
1.71706
1.8257
1.93094
2.03212
2.1287
2.22025
2.30645
2.3871
2.4621
2.53143
2.59512
2.65326
2.706
2.75349
2.7959
2.83346
2.86636
2.89484
2.9191
2.93938
2.95587
2.9688
2.97834
2.98469
2.98805
2.98857
2.98645
2.98185
2.97495
2.96592
2.95493
2.94216
2.92777
2.9119
2.89471
2.87628
2.85719
2.82891
0.215823
0.215863
0.215901
0.21594
0.21598
0.216024
0.216074
0.216132
0.216199
0.216278
0.216371
0.216482
0.216613
0.216766
0.216944
0.217151
0.217388
0.217659
0.217965
0.218309
0.218692
0.219115
0.219578
0.220079
0.220618
0.221191
0.221795
0.222425
0.223076
0.223742
0.224418
0.225096
0.225775
0.226451
0.227127
0.227808
0.228508
0.22925
0.230067
0.231012
0.232163
0.233637
0.235608
0.238341
0.242234
0.247887
0.256177
0.26832
0.285866
0.310561
0.344049
0.387523
0.441454
0.505546
0.578949
0.660536
0.749093
0.843398
0.942235
1.04441
1.14875
1.25418
1.35965
1.46421
1.56697
1.6671
1.7639
1.85677
1.94525
2.029
2.10777
2.18141
2.24984
2.31303
2.37103
2.42391
2.47177
2.51478
2.5531
2.58691
2.6164
2.64177
2.66319
2.68085
2.69492
2.70557
2.71298
2.7173
2.71872
2.7174
2.71353
2.70728
2.69884
2.68838
2.67608
2.66211
2.64663
2.6297
2.61223
2.58478
0.223721
0.223637
0.223548
0.223452
0.223353
0.223249
0.223144
0.223039
0.222934
0.222831
0.222732
0.222638
0.222552
0.222474
0.222407
0.222352
0.22231
0.222284
0.222275
0.222283
0.222309
0.222354
0.222418
0.2225
0.222598
0.222712
0.222839
0.222975
0.223119
0.223265
0.223409
0.223548
0.223677
0.223792
0.223892
0.223974
0.22404
0.224093
0.224141
0.224197
0.22428
0.224419
0.224658
0.225062
0.225729
0.226808
0.22853
0.231257
0.235541
0.242213
0.252451
0.267802
0.290061
0.320989
0.361909
0.413375
0.475053
0.545892
0.62445
0.709215
0.798782
0.891881
0.987336
1.08401
1.18082
1.27674
1.37089
1.46252
1.55102
1.63591
1.7168
1.79339
1.86544
1.93278
1.99531
2.05302
2.10592
2.15409
2.19763
2.23669
2.2714
2.3019
2.32833
2.35083
2.36955
2.38463
2.39622
2.40447
2.40957
2.41167
2.41097
2.40766
2.40193
2.39397
2.38397
2.37212
2.3586
2.34343
2.3279
2.30176
0.236751
0.236414
0.236065
0.235702
0.235328
0.234942
0.234545
0.234138
0.233721
0.233297
0.232865
0.232426
0.231982
0.231533
0.231081
0.230627
0.230171
0.229716
0.22926
0.228806
0.228355
0.227906
0.22746
0.227017
0.226577
0.22614
0.225704
0.225268
0.22483
0.224389
0.223941
0.223484
0.223016
0.222532
0.222031
0.22151
0.220967
0.220402
0.219815
0.219207
0.218583
0.217948
0.217311
0.216685
0.216088
0.215548
0.215103
0.214813
0.214768
0.215117
0.216081
0.21801
0.221489
0.227404
0.236999
0.251851
0.273726
0.304292
0.344772
0.395639
0.456476
0.526062
0.602652
0.684314
0.769229
0.855854
0.942965
1.0296
1.11499
1.19847
1.27941
1.35729
1.43162
1.50204
1.56827
1.63015
1.68759
1.74058
1.78914
1.83332
1.87319
1.9088
1.94024
1.96759
1.99096
2.01046
2.02622
2.0384
2.04716
2.0527
2.0552
2.05488
2.05195
2.04663
2.03911
2.02959
2.0183
2.00518
1.99196
1.96777
0.258465
0.25749
0.256501
0.255499
0.254484
0.25346
0.252426
0.251386
0.25034
0.249292
0.248242
0.247195
0.246151
0.245114
0.244087
0.243072
0.242073
0.241092
0.240134
0.239201
0.238296
0.237422
0.236581
0.235776
0.235009
0.234279
0.233589
0.232935
0.232318
0.231734
0.231181
0.230652
0.230143
0.229648
0.229159
0.22867
0.228171
0.227656
0.227118
0.226547
0.225939
0.225288
0.22459
0.223844
0.22305
0.222211
0.221327
0.220406
0.219452
0.218484
0.217565
0.216741
0.216054
0.215576
0.215437
0.215866
0.217248
0.220177
0.225519
0.234417
0.248238
0.268422
0.296274
0.332721
0.37813
0.432195
0.493955
0.561932
0.634346
0.709355
0.785255
0.860601
0.934263
1.00541
1.07348
1.13807
1.19895
1.25593
1.30889
1.35771
1.40232
1.44267
1.47873
1.51054
1.53815
1.56165
1.58118
1.5969
1.60901
1.61771
1.62324
1.62582
1.62569
1.62308
1.61821
1.6113
1.60261
1.592
1.58157
1.56054
0.290195
0.288819
0.28756
0.286422
0.285409
0.284526
0.283776
0.283163
0.28269
0.282362
0.282181
0.282152
0.282278
0.282563
0.283008
0.283616
0.284388
0.285326
0.28643
0.287697
0.289126
0.290713
0.292453
0.294337
0.296358
0.298505
0.300764
0.303123
0.305564
0.308071
0.310623
0.3132
0.31578
0.318341
0.320857
0.323305
0.325658
0.327892
0.32998
0.331895
0.333613
0.33511
0.336364
0.337358
0.338079
0.338523
0.338694
0.338597
0.338241
0.337634
0.336758
0.335626
0.334257
0.332671
0.330885
0.328918
0.326785
0.324507
0.322119
0.319683
0.317309
0.315186
0.313612
0.313031
0.314058
0.317466
0.324146
0.335008
0.350863
0.37231
0.399642
0.432792
0.471321
0.51445
0.561129
0.610132
0.660177
0.71003
0.758596
0.804965
0.848437
0.888514
0.924874
0.957348
0.985884
1.01052
1.03138
1.04862
1.06245
1.07309
1.08077
1.08569
1.0881
1.08825
1.08639
1.08272
1.07754
1.07064
1.06405
1.0491
0.489475
0.493415
0.497168
0.500724
0.504074
0.50721
0.510125
0.512809
0.515255
0.517455
0.519399
0.521079
0.522487
0.523612
0.524447
0.524983
0.52521
0.52512
0.524705
0.523957
0.522871
0.52144
0.519661
0.517531
0.515051
0.512223
0.509052
0.505549
0.501725
0.497597
0.493186
0.488518
0.483622
0.478531
0.473283
0.467918
0.46248
0.457014
0.451566
0.446182
0.44091
0.435793
0.430874
0.42619
0.42178
0.41767
0.413873
0.410401
0.407261
0.404456
0.401987
0.399851
0.398043
0.396556
0.395378
0.394498
0.393901
0.39357
0.393486
0.393629
0.393976
0.394507
0.395204
0.396056
0.397059
0.398226
0.399588
0.401202
0.403151
0.405558
0.408584
0.412426
0.417312
0.423474
0.431116
0.440382
0.45132
0.463864
0.477837
0.492962
0.508897
0.525264
0.541681
0.557792
0.573283
0.587894
0.601423
0.613725
0.624709
0.634332
0.642581
0.649482
0.655075
0.659424
0.662614
0.664724
0.665885
0.66604
0.665847
0.663188
0.0024866
0.0111399
0.0188218
0.0240256
0.0262621
0.0257564
0.0239336
0.0212707
0.0189054
0.0155717
0.00201498
0.0389263
0.0789312
0.213577
0.323916
0.417795
0.50049
0.575083
0.642992
0.704732
0.760538
0.810754
0.856037
0.89737
0.935996
0.973321
1.01086
1.04982
1.08854
1.12813
1.1684
1.20831
1.24557
1.27642
1.29578
1.29842
1.28257
1.25415
1.22458
1.20573
1.19122
1.17452
1.15457
1.13146
1.10565
1.07778
1.04851
1.01846
0.988155
0.958011
0.928365
0.899468
0.8715
0.844588
0.818812
0.794215
0.770812
0.748594
0.727538
0.707606
0.688754
0.670933
0.654089
0.638169
0.623123
0.6089
0.595451
0.582733
0.570704
0.559326
0.548563
0.538383
0.528756
0.519657
0.51106
0.502944
0.495289
0.488077
0.481292
0.47492
0.468948
0.463365
0.458161
0.453326
0.448854
0.444735
0.440965
0.437537
0.434446
0.431685
0.42925
0.427134
0.425332
0.423836
0.422638
0.421734
0.421101
0.420784
0.420595
0.421198
0.0201549
0.0384062
0.05684
0.0660878
0.0661918
0.0609212
0.0523976
0.0434994
0.0280509
0.0675588
0.183998
0.281494
0.384122
0.499034
0.621759
0.761915
0.92362
1.10511
1.29921
1.49584
1.68461
1.85699
2.00724
2.13258
2.23244
2.30749
2.35927
2.39178
2.41461
2.43231
2.45059
2.47493
2.50772
2.54284
2.56145
2.54142
2.49219
2.45688
2.46587
2.50226
2.53839
2.55698
2.55274
2.52733
2.48512
2.4308
2.36839
2.30097
2.23083
2.15959
2.08839
2.01805
1.94913
1.88202
1.817
1.75425
1.69387
1.63593
1.58043
1.52737
1.47669
1.42833
1.38224
1.33832
1.29651
1.25671
1.21886
1.18287
1.14866
1.11617
1.08533
1.05608
1.02836
1.00213
0.977322
0.953905
0.931838
0.911083
0.891608
0.873385
0.856386
0.840587
0.825965
0.8125
0.800171
0.788959
0.778842
0.7698
0.76181
0.754846
0.748881
0.743883
0.739817
0.736643
0.734318
0.732796
0.732019
0.732007
0.732367
0.734912
0.0428971
0.0775874
0.0995388
0.100137
0.0909133
0.0788574
0.0660043
0.0589804
0.108359
0.240431
0.368626
0.470506
0.582551
0.727449
0.91528
1.14444
1.40172
1.66786
1.9234
2.15318
2.34828
2.50585
2.6274
2.71665
2.77786
2.81512
2.83228
2.83061
2.8107
2.77469
2.7268
2.67297
2.61476
2.53514
2.39199
2.16092
1.93911
1.86311
1.9643
2.1695
2.39082
2.57546
2.7061
2.78516
2.82205
2.82682
2.80803
2.77227
2.72447
2.66829
2.6064
2.54079
2.47297
2.40407
2.33496
2.26631
2.19865
2.13235
2.06774
2.00504
1.94442
1.88598
1.82982
1.77597
1.72446
1.67528
1.62843
1.58387
1.54157
1.5015
1.46361
1.42785
1.39418
1.36256
1.33294
1.30527
1.27952
1.25564
1.2336
1.21334
1.19484
1.17805
1.16292
1.14942
1.1375
1.12711
1.1182
1.11071
1.10459
1.09976
1.09618
1.09375
1.09242
1.09209
1.09269
1.09413
1.09633
1.09929
1.10249
1.10892
0.0618336
0.117237
0.125015
0.11116
0.0955428
0.0839103
0.0833258
0.123912
0.231756
0.36384
0.469476
0.57405
0.71561
0.908928
1.14705
1.4081
1.66872
1.91248
2.13082
2.32069
2.48204
2.61622
2.72498
2.80995
2.87219
2.91205
2.92865
2.92211
2.89336
2.84435
2.77838
2.69932
2.60109
2.43916
2.14766
1.77206
1.51253
1.5291
1.7868
2.13614
2.45873
2.70868
2.88383
2.99653
3.0606
3.08764
3.08668
3.06463
3.02679
2.97721
2.91906
2.85479
2.78636
2.7153
2.64284
2.56998
2.4975
2.42603
2.35606
2.28798
2.22208
2.15857
2.09761
2.0393
1.9837
1.93083
1.8807
1.83329
1.78857
1.74651
1.70705
1.67016
1.63576
1.60381
1.57424
1.54701
1.52204
1.49928
1.47867
1.46014
1.44362
1.42904
1.41634
1.40544
1.39626
1.38872
1.38274
1.37824
1.37512
1.3733
1.37268
1.37317
1.37467
1.37708
1.38031
1.38425
1.38882
1.39397
1.39932
1.40782
0.0790362
0.14956
0.141616
0.123036
0.109336
0.109163
0.136534
0.209126
0.317769
0.42337
0.519183
0.640694
0.812015
1.02828
1.26558
1.49928
1.71567
1.91116
2.08689
2.24469
2.38526
2.50807
2.61198
2.69573
2.75838
2.79808
2.81403
2.80664
2.77745
2.72883
2.66308
2.5768
2.43784
2.16862
1.74918
1.36042
1.26084
1.51188
1.9454
2.37287
2.71192
2.95629
3.12305
3.23008
3.29135
3.31727
3.31571
3.29277
3.25327
3.20111
3.13945
3.07091
2.99762
2.92136
2.84358
2.76546
2.68797
2.61185
2.5377
2.46595
2.39693
2.33086
2.26788
2.20807
2.15148
2.09809
2.04789
2.00082
1.95683
1.91585
1.87781
1.84264
1.81024
1.78055
1.75347
1.72893
1.70683
1.68709
1.66962
1.65433
1.64112
1.62991
1.62058
1.61304
1.60719
1.60293
1.60016
1.59877
1.59866
1.59971
1.60184
1.60493
1.60888
1.61359
1.61896
1.62487
1.63125
1.63804
1.64498
1.6546
0.0956522
0.178666
0.162421
0.14292
0.138567
0.154408
0.198273
0.272612
0.36275
0.452385
0.553141
0.691034
0.871809
1.07685
1.28162
1.47146
1.64313
1.7991
1.94276
2.0759
2.19815
2.30766
2.40203
2.4792
2.53695
2.57379
2.58945
2.58502
2.5626
2.52358
2.46368
2.35831
2.13862
1.74477
1.29601
1.08718
1.29151
1.77517
2.29003
2.7074
3.01222
3.22535
3.36864
3.45853
3.50685
3.52234
3.51172
3.48035
3.43262
3.37227
3.30246
3.22592
3.14495
3.06153
2.97727
2.89348
2.8112
2.73123
2.65413
2.58032
2.51004
2.44345
2.38061
2.32152
2.26614
2.21442
2.16626
2.12156
2.08023
2.04216
2.00724
1.97535
1.94639
1.92025
1.89682
1.87599
1.85764
1.84166
1.82794
1.81637
1.80682
1.79919
1.79336
1.78921
1.78662
1.7855
1.78571
1.78716
1.78972
1.7933
1.79779
1.80307
1.80906
1.81564
1.82271
1.83018
1.83797
1.84599
1.8541
1.86434
0.112109
0.213742
0.18919
0.170109
0.174708
0.200487
0.247767
0.31423
0.392404
0.480095
0.589008
0.730971
0.900051
1.07597
1.24187
1.39165
1.52663
1.6506
1.76677
1.87645
1.97899
2.07247
2.15474
2.22347
2.27673
2.31359
2.3344
2.34054
2.3324
2.30356
2.23049
2.05709
1.71512
1.26141
0.967524
1.09391
1.58665
2.16806
2.65795
3.02418
3.28682
3.46961
3.5907
3.66328
3.69711
3.69966
3.67693
3.63387
3.57477
3.50337
3.42302
3.33665
3.2468
3.15565
3.06493
2.97603
2.88998
2.8075
2.72905
2.6549
2.58516
2.51984
2.45889
2.40219
2.34961
2.301
2.25622
2.21512
2.17754
2.14334
2.11238
2.08451
2.0596
2.03752
2.01812
2.00128
1.98686
1.97474
1.96478
1.95685
1.95082
1.94657
1.94398
1.94291
1.94326
1.94489
1.94771
1.95159
1.95642
1.96211
1.96854
1.97562
1.98325
1.99132
1.99975
2.00844
2.0173
2.02625
2.03523
2.0458
0.129117
0.254436
0.223562
0.20393
0.213795
0.244764
0.292923
0.356446
0.433432
0.525048
0.636468
0.769494
0.913828
1.05475
1.18365
1.29896
1.40322
1.49999
1.592
1.68044
1.76495
1.84426
1.9169
1.98112
2.03573
2.08035
2.11509
2.13834
2.14051
2.09493
1.95324
1.65871
1.2311
0.883925
0.914857
1.37144
1.99011
2.54324
2.97238
3.2905
3.52003
3.67936
3.78242
3.83982
3.85984
3.84915
3.81337
3.75739
3.68558
3.60198
3.51024
3.41364
3.315
3.21667
3.1205
3.02782
2.93956
2.85624
2.77814
2.7053
2.63766
2.57505
2.51726
2.46408
2.41529
2.37065
2.32996
2.29304
2.25968
2.22972
2.20298
2.1793
2.15851
2.14048
2.12504
2.11205
2.10136
2.09283
2.08633
2.0817
2.07882
2.07756
2.07779
2.07938
2.08222
2.08619
2.09117
2.09706
2.10375
2.11115
2.11915
2.12765
2.13657
2.14581
2.15529
2.1649
2.17457
2.18423
2.19383
2.20455
0.146126
0.299063
0.270036
0.256016
0.273854
0.312474
0.366145
0.433323
0.513261
0.605636
0.71028
0.823476
0.936481
1.04205
1.13721
1.22264
1.30106
1.37548
1.44828
1.52066
1.59273
1.66451
1.73517
1.80375
1.86929
1.93005
1.98097
2.00791
1.98016
1.85272
1.586
1.19259
0.824557
0.760998
1.13918
1.75675
2.35649
2.84631
3.22463
3.50851
3.71458
3.85645
3.94509
3.98938
3.99662
3.97305
3.92415
3.85496
3.77019
3.67429
3.57139
3.46516
3.35873
3.25459
3.15455
3.05983
2.97109
2.88862
2.8124
2.74224
2.67786
2.61892
2.5651
2.51606
2.47152
2.43119
2.39483
2.3622
2.3331
2.30732
2.28468
2.265
2.2481
2.23383
2.22201
2.2125
2.20514
2.19978
2.19629
2.19451
2.19432
2.19558
2.19817
2.20197
2.20685
2.21271
2.21944
2.22693
2.23509
2.24382
2.25303
2.26264
2.27254
2.28267
2.29292
2.30323
2.3135
2.32367
2.3337
2.34445
0.162755
0.343434
0.337441
0.353321
0.399555
0.460626
0.528649
0.60168
0.67956
0.761866
0.846905
0.930418
1.00841
1.07915
1.14312
1.2023
1.25935
1.31683
1.37679
1.44057
1.50939
1.58355
1.66219
1.74328
1.82232
1.88954
1.92547
1.89712
1.76417
1.5031
1.1372
0.776054
0.639812
0.910903
1.48217
2.10173
2.64312
3.08236
3.42625
3.68698
3.87643
4.00508
4.08197
4.11482
4.11033
4.0745
4.01289
3.93083
3.83354
3.72602
3.61293
3.49838
3.38575
3.27756
3.17549
3.08049
2.9929
2.91268
2.83952
2.77297
2.71256
2.65782
2.60829
2.5636
2.52339
2.48734
2.45519
2.42667
2.40158
2.37968
2.36079
2.34472
2.33129
2.32033
2.31168
2.30517
2.30066
2.29798
2.29701
2.29759
2.29961
2.30292
2.30741
2.31296
2.31946
2.3268
2.33488
2.3436
2.35288
2.36261
2.37273
2.38314
2.39376
2.40452
2.41534
2.42613
2.43682
2.44733
2.45765
2.46834
0.174297
0.380169
0.428744
0.516867
0.631961
0.745704
0.84506
0.92795
0.997649
1.05788
1.11042
1.15565
1.19467
1.22959
1.26307
1.29789
1.3366
1.38147
1.43456
1.49751
1.57031
1.65101
1.73528
1.81482
1.87511
1.89301
1.83735
1.67758
1.40553
1.0577
0.722688
0.551479
0.71204
1.19241
1.79341
2.36727
2.86169
3.26733
3.5885
3.83336
4.01075
4.12918
4.19636
4.21924
4.20412
4.15691
4.08337
3.98929
3.88046
3.76254
3.64075
3.5196
3.40261
3.29222
3.18987
3.09613
3.01098
2.93402
2.86466
2.80223
2.74609
2.69567
2.65045
2.60998
2.57389
2.54185
2.51358
2.4888
2.46729
2.44883
2.43323
2.42029
2.40983
2.40169
2.39568
2.39167
2.38949
2.389
2.39006
2.39253
2.39628
2.4012
2.40716
2.41405
2.42176
2.43021
2.43929
2.4489
2.45898
2.46943
2.48017
2.49114
2.50225
2.51343
2.52461
2.53571
2.54666
2.55739
2.56788
2.57845
0.176398
0.407053
0.553878
0.765647
0.991516
1.18771
1.33777
1.44062
1.50478
1.54067
1.55714
1.56148
1.56001
1.55819
1.56051
1.57036
1.59017
1.62301
1.66863
1.72471
1.78693
1.84795
1.89613
1.91445
1.88061
1.77056
1.56783
1.27922
0.948584
0.652112
0.48586
0.561876
0.922058
1.4575
2.0319
2.56642
3.02951
3.41314
3.71904
3.95279
4.12135
4.23185
4.2911
4.30547
4.28099
4.22358
4.1393
4.03447
3.91553
3.78882
3.6601
3.5342
3.41468
3.30378
3.20259
3.11128
3.02943
2.95632
2.89109
2.83291
2.78102
2.73477
2.6936
2.65704
2.6247
2.59625
2.5714
2.54988
2.53147
2.51595
2.50312
2.49279
2.48479
2.47894
2.47508
2.47306
2.47273
2.47394
2.47656
2.48047
2.48553
2.49163
2.49867
2.50652
2.5151
2.52431
2.53407
2.54428
2.55488
2.56578
2.57691
2.58821
2.5996
2.61102
2.6224
2.63366
2.64474
2.65558
2.66613
2.67653
0.170239
0.44295
0.781916
1.17595
1.52921
1.80301
1.99568
2.11278
2.16983
2.18363
2.1685
2.13643
2.09749
2.05973
2.02896
2.00879
2.00062
2.00193
2.00943
2.01724
2.01634
1.99437
1.93602
1.82487
1.64785
1.40297
1.10858
0.808144
0.562153
0.429267
0.462937
0.704267
1.13119
1.66142
2.20821
2.71573
3.15816
3.52709
3.82257
4.0486
4.21083
4.31543
4.36853
4.37601
4.34371
4.27763
4.18417
4.07021
3.9429
3.80921
3.67541
3.54654
3.4261
3.31605
3.21707
3.12893
3.05084
2.98179
2.92071
2.86664
2.81874
2.77633
2.73881
2.70572
2.67667
2.65132
2.62939
2.61062
2.59479
2.58168
2.57111
2.56288
2.55682
2.55277
2.55057
2.55007
2.55112
2.5536
2.55736
2.56229
2.56827
2.57518
2.58293
2.59141
2.60054
2.61022
2.62037
2.63092
2.64179
2.65292
2.66423
2.67566
2.68716
2.69865
2.71008
2.72137
2.73248
2.74332
2.75384
2.76404
0.14548
0.6556
1.35972
1.93545
2.35007
2.60005
2.72467
2.77049
2.77061
2.74389
2.69969
2.64311
2.57829
2.50942
2.44016
2.37268
2.30696
2.24021
2.16716
2.08026
1.97029
1.82762
1.64458
1.41923
1.16004
0.889659
0.643787
0.462336
0.376072
0.401479
0.554419
0.855085
1.29326
1.81013
2.33665
2.82585
3.25434
3.61335
3.90187
4.12282
4.28096
4.38169
4.43053
4.433
4.39474
4.32185
4.22111
4.09994
3.96617
3.82739
3.69027
3.55999
3.4399
3.33166
3.23555
3.15093
3.0767
3.01161
2.95445
2.90417
2.85988
2.82085
2.78652
2.75641
2.73014
2.70738
2.68786
2.67133
2.65757
2.64638
2.63756
2.63094
2.62636
2.62364
2.62265
2.62323
2.62525
2.62858
2.63309
2.63867
2.64521
2.65261
2.66075
2.66957
2.67895
2.68884
2.69914
2.70979
2.72072
2.73187
2.74317
2.75457
2.76602
2.77744
2.78879
2.80001
2.81103
2.82179
2.83222
2.84217
0.299083
1.76403
2.65758
2.98998
3.03183
2.95135
2.83939
2.73511
2.65077
2.58515
2.53093
2.47924
2.42265
2.35646
2.27841
2.18756
2.08303
1.96322
1.8257
1.66773
1.48749
1.28585
1.06854
0.847957
0.643324
0.477453
0.370011
0.331159
0.361391
0.462076
0.654831
0.972214
1.40948
1.91445
2.42625
2.90265
3.32159
3.67406
3.95836
4.17661
4.33286
4.43186
4.4786
4.4782
4.43617
4.35868
4.25281
4.12656
3.98833
3.84627
3.7074
3.57695
3.45813
3.35227
3.25929
3.17821
3.10768
3.04627
2.99265
2.94572
2.90456
2.86844
2.8368
2.80916
2.78517
2.7645
2.7469
2.73212
2.71995
2.71019
2.70267
2.69722
2.69366
2.69186
2.69166
2.69293
2.69553
2.69935
2.70427
2.71017
2.71696
2.72453
2.7328
2.74167
2.75107
2.76092
2.77115
2.7817
2.7925
2.80349
2.81463
2.82585
2.8371
2.84833
2.8595
2.87053
2.88138
2.89199
2.90226
2.91193
)
;

boundaryField
{
    outlet
    {
        type            zeroGradient;
    }
    inlet
    {
        type            fixedValue;
        value           uniform 0.2;
    }
    lowerWall
    {
        type            kqRWallFunction;
        value           nonuniform List<scalar> 
148
(
0.257081
0.43421
0.598531
0.709407
0.778201
0.818155
0.838727
0.846174
0.844776
0.837525
0.82652
0.813226
0.79867
0.783564
0.768396
0.753494
0.739074
0.725272
0.712169
0.69981
0.688213
0.677377
0.667293
0.657944
0.64931
0.641373
0.634112
0.627513
0.621552
0.616299
0.611174
0.608685
0.597176
0.0024866
0.0201549
0.0428971
0.0618336
0.0790362
0.0956522
0.112109
0.129117
0.146126
0.162755
0.174297
0.176398
0.170239
0.14548
1e-15
0.0024866
0.0111399
0.0188218
0.0240256
0.0262621
0.0257564
0.0239336
0.0212707
0.0189054
0.0155717
0.00201498
1e-15
0.0789312
0.213577
0.323916
0.417795
0.50049
0.575083
0.642992
0.704732
0.760538
0.810754
0.856037
0.89737
0.935996
0.973321
1.01086
1.04982
1.08854
1.12813
1.1684
1.20831
1.24557
1.27642
1.29578
1.29842
1.28257
1.25415
1.22458
1.20573
1.19122
1.17452
1.15457
1.13146
1.10565
1.07778
1.04851
1.01846
0.988155
0.958011
0.928365
0.899468
0.8715
0.844588
0.818812
0.794215
0.770812
0.748594
0.727538
0.707606
0.688754
0.670933
0.654089
0.638169
0.623123
0.6089
0.595451
0.582733
0.570704
0.559326
0.548563
0.538383
0.528756
0.519657
0.51106
0.502944
0.495289
0.488077
0.481292
0.47492
0.468948
0.463365
0.458161
0.453326
0.448854
0.444735
0.440965
0.437537
0.434446
0.431685
0.42925
0.427134
0.425332
0.423836
0.422638
0.421734
0.421101
0.420784
0.420595
0.421198
)
;
    }
    upperWall
    {
        type            kqRWallFunction;
        value           nonuniform List<scalar> 
133
(
0.205355
0.221128
0.238045
0.254121
0.26899
0.282961
0.296243
0.308914
0.321018
0.332581
0.343626
0.354171
0.364231
0.373821
0.382955
0.391647
0.399914
0.407768
0.415225
0.4223
0.429007
0.435361
0.441376
0.447066
0.452446
0.457528
0.462326
0.466852
0.471119
0.475139
0.478923
0.482481
0.48583
0.489475
0.493415
0.497168
0.500724
0.504074
0.50721
0.510125
0.512809
0.515255
0.517455
0.519399
0.521079
0.522487
0.523612
0.524447
0.524983
0.52521
0.52512
0.524705
0.523957
0.522871
0.52144
0.519661
0.517531
0.515051
0.512223
0.509052
0.505549
0.501725
0.497597
0.493186
0.488518
0.483622
0.478531
0.473283
0.467918
0.46248
0.457014
0.451566
0.446182
0.44091
0.435793
0.430874
0.42619
0.42178
0.41767
0.413873
0.410401
0.407261
0.404456
0.401987
0.399851
0.398043
0.396556
0.395378
0.394498
0.393901
0.39357
0.393486
0.393629
0.393976
0.394507
0.395204
0.396056
0.397059
0.398226
0.399588
0.401202
0.403151
0.405558
0.408584
0.412426
0.417312
0.423474
0.431116
0.440382
0.45132
0.463864
0.477837
0.492962
0.508897
0.525264
0.541681
0.557792
0.573283
0.587894
0.601423
0.613725
0.624709
0.634332
0.642581
0.649482
0.655075
0.659424
0.662614
0.664724
0.665885
0.66604
0.665847
0.663188
)
;
    }
    frontAndBack
    {
        type            empty;
    }
}


// ************************************************************************* //
