/*--------------------------------*- C++ -*----------------------------------*\
| =========                 |                                                 |
| \\      /  F ield         | OpenFOAM: The Open Source CFD Toolbox           |
|  \\    /   O peration     | Version:  4.1                                   |
|   \\  /    A nd           | Web:      www.OpenFOAM.org                      |
|    \\/     M anipulation  |                                                 |
\*---------------------------------------------------------------------------*/
FoamFile
{
    version     2.0;
    format      ascii;
    class       volScalarField;
    location    "200";
    object      omega;
}
// * * * * * * * * * * * * * * * * * * * * * * * * * * * * * * * * * * * * * //

dimensions      [0 0 -1 0 0 0 0];

internalField   nonuniform List<scalar> 
6820
(
7254.62
8569.04
9629.31
10283.1
10668.7
10886.4
10996.7
11036.4
11029
10990.3
10931.4
10859.8
10780.8
10698.2
10614.7
10531.9
10451.3
10373.5
10299
10228.4
10161.6
10098.8
10040.1
9985.28
9934.42
9887.44
9844.28
9804.89
9769.19
9737.65
9706.78
9691.55
9618.24
600.791
1554.14
2092.73
2434.68
2697.39
2893.64
3031.23
3124.06
3185.12
3224.04
3247.66
3260.84
3266.97
3268.41
3266.73
3262.98
3257.89
3251.89
3245.27
3238.16
3230.61
3222.6
3214.05
3204.83
3194.74
3183.56
3171.01
3156.76
3140.39
3122.15
3103.17
3082.43
3060.06
107.109
368.9
596.343
767.298
894.818
993.05
1070.12
1130.88
1178.77
1216.4
1245.85
1268.78
1286.51
1300.14
1310.53
1318.35
1324.15
1328.35
1331.29
1333.23
1334.36
1334.84
1334.78
1334.27
1333.36
1332.08
1330.45
1328.47
1326.04
1323.44
1319.94
1314.89
1308.45
37.6578
108.374
189.179
265.469
332.147
389.189
437.754
479.128
514.442
544.618
570.412
592.453
611.282
627.358
641.074
652.767
662.725
671.193
678.379
684.459
689.581
693.87
697.43
700.347
702.69
704.514
705.862
706.749
707.252
707.249
706.613
705.193
702.984
23.8007
47.5344
77.6902
109.799
141.191
170.644
197.71
222.326
244.6
264.695
282.789
299.055
313.664
326.771
338.521
349.048
358.471
366.9
374.43
381.15
387.136
392.455
397.166
401.321
404.962
408.127
410.841
413.146
415.024
416.459
417.437
417.914
417.885
19.8176
29.4733
42.5019
57.1956
72.4302
87.5293
102.118
116.002
129.095
141.366
152.818
163.469
173.352
182.505
190.966
198.778
205.98
212.612
218.712
224.314
229.451
234.152
238.446
242.355
245.9
249.102
251.979
254.532
256.765
258.679
260.27
261.525
262.443
18.434
22.8139
29.1646
36.6403
44.6674
52.8811
61.0578
69.062
76.8123
84.2601
91.3773
98.1499
104.573
110.649
116.384
121.785
126.865
131.633
136.103
140.286
144.195
147.84
151.233
154.383
157.301
159.994
162.465
164.718
166.756
168.579
170.186
171.573
172.739
17.9114
19.9893
23.3014
27.4076
31.9641
36.7434
41.6013
46.4464
51.2198
55.8824
60.4085
64.781
68.9892
73.027
76.8913
80.5813
84.098
87.4434
90.6204
93.6326
96.4834
99.1769
101.717
104.107
106.351
108.451
110.407
112.222
113.896
115.431
116.824
118.074
119.182
17.7059
18.7005
20.4713
22.8174
25.5299
28.4541
31.4867
34.5602
37.63
40.6655
43.6457
46.5558
49.3856
52.128
54.7782
57.3331
59.7909
62.1508
64.4126
66.5766
68.6435
70.6144
72.4905
74.2726
75.9611
77.5569
79.0605
80.4725
81.793
83.0219
84.1588
85.2027
86.1536
17.6232
18.0945
19.0385
20.3917
22.0396
23.8787
25.8329
27.8492
29.8914
31.9344
33.9604
35.9566
37.9139
39.8256
41.6868
43.494
45.2448
46.9375
48.5708
50.1441
51.657
53.1096
54.5016
55.8328
57.1034
58.3134
59.463
60.5522
61.5808
62.5488
63.4558
64.3012
65.0851
17.5896
17.8077
18.3012
19.0729
20.0722
21.2368
22.5128
23.8591
25.2459
26.6518
28.0611
29.4626
30.8479
32.2107
33.5463
34.8513
36.123
37.3595
38.5592
39.7212
40.8446
41.9289
42.9734
43.978
44.9423
45.8662
46.7496
47.5923
48.3943
49.1552
49.875
50.5533
51.19
17.5758
17.6729
17.923
18.352
18.9472
19.6773
20.5078
21.4091
22.3573
23.3345
24.3271
25.3248
26.3199
27.3065
28.2802
29.2376
30.1758
31.0929
31.9874
32.8579
33.7035
34.5234
35.3169
36.0837
36.8234
37.5357
38.2203
38.8772
39.506
40.1068
40.6792
41.2232
41.7384
17.5702
17.6102
17.7317
17.9619
18.306
18.7532
19.2849
19.8818
20.5265
21.2046
21.9047
22.6179
23.337
24.0566
24.7725
25.4813
26.1804
26.8676
27.5414
28.2004
28.8435
29.4699
30.0789
30.6699
31.2426
31.7966
32.3316
32.8475
33.344
33.821
34.2783
34.7158
35.1333
17.5678
17.5815
17.6369
17.7548
17.9461
18.211
18.5422
18.929
19.36
19.8248
20.3144
20.8213
21.3395
21.8639
22.3907
22.9167
23.4393
23.9565
24.4666
24.9681
25.4601
25.9416
26.4119
26.8704
27.3166
27.7503
28.1709
28.5785
28.9726
29.3532
29.7201
30.0732
30.4123
17.5668
17.5686
17.5909
17.6475
17.7487
17.8991
18.098
18.3409
18.6215
18.9332
19.2695
19.6247
19.9938
20.3727
20.7577
21.1461
21.5355
21.9239
22.3096
22.6913
23.0679
23.4386
23.8025
24.159
24.5076
24.848
25.1798
25.5027
25.8165
26.1211
26.4163
26.7019
26.9777
17.5665
17.5629
17.5692
17.5935
17.6434
17.7243
17.8383
17.9848
18.1613
18.364
18.5891
18.8323
19.0902
19.3593
19.6369
19.9203
20.2075
20.4967
20.7863
21.0752
21.3622
21.6465
21.9272
22.2038
22.4758
22.7428
23.0043
23.2601
23.51
23.7538
23.9914
24.2224
24.4468
17.5663
17.5604
17.5592
17.567
17.5889
17.6292
17.6908
17.7748
17.881
18.0078
18.1533
18.3149
18.4903
18.6769
18.8728
19.0757
19.2841
19.4963
19.7111
19.9272
20.1437
20.3598
20.5748
20.788
20.999
21.2073
21.4125
21.6145
21.8129
22.0075
22.1982
22.3847
22.5668
17.5662
17.5594
17.5547
17.5544
17.5616
17.5791
17.6096
17.6546
17.715
17.7906
17.8806
17.984
18.0991
18.2247
18.359
18.5007
18.6485
18.801
18.9573
19.1163
19.2772
19.4393
19.6019
19.7644
19.9264
20.0875
20.2474
20.4057
20.5622
20.7167
20.8691
21.019
21.1663
17.5662
17.5589
17.5527
17.5486
17.5483
17.5536
17.5664
17.5881
17.6198
17.6621
17.7148
17.7778
17.8502
17.9314
18.0204
18.1162
18.218
18.3248
18.4358
18.5503
18.6675
18.7869
18.9078
19.0299
19.1527
19.2758
19.3989
19.5218
19.6442
19.766
19.8869
20.0067
20.1252
17.5662
17.5588
17.5519
17.546
17.5421
17.5411
17.5442
17.5526
17.5671
17.5885
17.6172
17.6531
17.6963
17.7463
17.8028
17.8651
17.9328
18.0053
18.0819
18.1621
18.2455
18.3315
18.4198
18.5098
18.6014
18.6942
18.7878
18.8822
18.977
19.0721
19.1674
19.2625
19.3574
17.5662
17.5587
17.5515
17.5449
17.5392
17.5351
17.5332
17.5342
17.539
17.548
17.5617
17.5804
17.6042
17.6332
17.6672
17.7059
17.7491
17.7965
17.8477
17.9023
17.9601
18.0207
18.0838
18.1491
18.2163
18.2852
18.3557
18.4274
18.5002
18.5741
18.6487
18.724
18.7997
17.5662
17.5587
17.5514
17.5444
17.538
17.5323
17.5279
17.5251
17.5245
17.5264
17.5313
17.5395
17.5513
17.5667
17.5857
17.6085
17.6349
17.6647
17.6978
17.734
17.7732
17.8151
17.8595
17.9062
17.9551
18.006
18.0587
18.1131
18.169
18.2264
18.285
18.3448
18.4055
17.5662
17.5587
17.5513
17.5442
17.5374
17.5311
17.5255
17.5208
17.5174
17.5156
17.5156
17.5178
17.5223
17.5295
17.5393
17.5519
17.5674
17.5857
17.6067
17.6305
17.6569
17.6859
17.7172
17.7509
17.7868
17.8247
17.8647
17.9065
17.9501
17.9955
18.0424
18.0907
18.1404
17.5662
17.5587
17.5513
17.5441
17.5372
17.5306
17.5245
17.519
17.5143
17.5106
17.5082
17.5073
17.508
17.5107
17.5154
17.5223
17.5315
17.543
17.5569
17.5732
17.5918
17.6128
17.6361
17.6616
17.6892
17.719
17.7508
17.7846
17.8204
17.8579
17.8972
17.9382
17.9807
17.5662
17.5587
17.5513
17.5441
17.5372
17.5305
17.5243
17.5185
17.5134
17.5091
17.5059
17.5039
17.5033
17.5043
17.507
17.5116
17.5183
17.527
17.5379
17.5509
17.5662
17.5837
17.6034
17.6253
17.6493
17.6754
17.7035
17.7337
17.7658
17.7998
17.8357
17.8733
17.9125
17.5662
17.5587
17.5513
17.5442
17.5373
17.5307
17.5246
17.5191
17.5143
17.5104
17.5077
17.5063
17.5063
17.508
17.5115
17.517
17.5245
17.5341
17.5459
17.5598
17.576
17.5944
17.615
17.6377
17.6626
17.6895
17.7186
17.7496
17.7825
17.8174
17.8541
17.8925
17.9326
17.5662
17.5587
17.5513
17.5443
17.5376
17.5314
17.5258
17.5212
17.5176
17.5154
17.5147
17.5158
17.5189
17.5241
17.5315
17.5413
17.5534
17.568
17.5849
17.6043
17.626
17.65
17.6763
17.7049
17.7355
17.7683
17.8031
17.8398
17.8784
17.9189
17.9611
18.005
18.0504
17.5662
17.5587
17.5515
17.5446
17.5384
17.5331
17.5289
17.5263
17.5256
17.5271
17.5312
17.538
17.5477
17.5604
17.5761
17.5949
17.6168
17.6415
17.6691
17.6995
17.7325
17.7679
17.8058
17.8459
17.8882
17.9325
17.9787
18.0268
18.0766
18.1282
18.1813
18.2358
18.2918
17.5662
17.5588
17.5518
17.5456
17.5406
17.5373
17.5364
17.5385
17.544
17.5535
17.5671
17.5851
17.6076
17.6343
17.6654
17.7004
17.7394
17.7819
17.8278
17.8768
17.9286
17.9831
18.04
18.099
18.1602
18.2232
18.2879
18.3541
18.4219
18.491
18.5614
18.6329
18.7055
17.5662
17.559
17.5528
17.5482
17.5463
17.5482
17.5549
17.5674
17.5863
17.6118
17.6443
17.6835
17.7292
17.781
17.8384
17.901
17.9682
18.0396
18.1147
18.1931
18.2743
18.358
18.4439
18.5316
18.6211
18.7119
18.804
18.8971
18.9912
19.0861
19.1817
19.2779
19.3746
17.5663
17.5598
17.5556
17.5556
17.5619
17.5765
17.6009
17.6362
17.6828
17.7404
17.8085
17.8865
17.9732
18.0679
18.1693
18.2766
18.389
18.5055
18.6255
18.7484
18.8736
19.0006
19.1291
19.2586
19.389
19.5198
19.6511
19.7824
19.9139
20.0452
20.1764
20.3074
20.4379
17.5665
17.5622
17.5644
17.5773
17.6052
17.6507
17.7155
17.7996
17.9019
18.021
18.1547
18.3011
18.458
18.6236
18.7962
18.9742
19.1565
19.3419
19.5295
19.7186
19.9085
20.0987
20.2887
20.4782
20.667
20.8548
21.0414
21.2268
21.4107
21.5933
21.7743
21.9537
22.1316
17.5673
17.5707
17.5928
17.6428
17.7266
17.846
17.9997
18.1843
18.3953
18.6281
18.8782
19.1416
19.4149
19.6953
19.9805
20.2686
20.558
20.8476
21.1364
21.4236
21.7087
21.9912
22.2707
22.5471
22.8202
23.0898
23.3559
23.6184
23.8774
24.1329
24.3848
24.6334
24.8784
17.5706
17.6017
17.6877
17.8426
18.0682
18.3577
18.7003
19.0845
19.4997
19.9367
20.3882
20.8484
21.3128
21.778
22.2417
22.7019
23.1572
23.6067
24.0498
24.4859
24.9147
25.3361
25.7499
26.1563
26.5552
26.9467
27.331
27.7082
28.0785
28.4421
28.7992
29.15
29.4945
17.5853
17.7223
18.0135
18.4588
19.0319
19.6994
20.4308
21.2021
21.9955
22.7981
23.6005
24.3963
25.1814
25.9531
26.7097
27.4504
28.1746
28.8821
29.5732
30.2478
30.9064
31.5494
32.1771
32.7901
33.3888
33.9736
34.5451
35.1037
35.65
36.1843
36.7071
37.2189
37.7199
17.6614
18.2171
19.1641
20.3972
21.806
23.3066
24.844
26.3838
27.9057
29.3959
30.8462
32.2534
33.6169
34.9373
36.2158
37.454
38.6536
39.8161
40.9432
42.0365
43.0975
44.1277
45.1283
46.1007
47.0462
47.966
48.8611
49.7326
50.5815
51.4088
52.2155
53.0023
53.7701
18.1027
20.3872
23.4897
26.9341
30.454
33.9221
37.285
40.5161
43.6067
46.546
49.343
52.0099
54.5581
56.9974
59.3363
61.582
63.7408
65.8184
67.8196
69.7489
71.6103
73.4076
75.1441
76.8231
78.4475
80.02
81.5433
83.0199
84.452
85.8418
87.1913
88.5026
89.7775
21.2179
31.4414
42.4893
53.1327
62.9884
72.0629
80.4883
88.2294
95.3593
101.995
108.22
114.09
119.645
124.915
129.927
134.701
139.255
143.605
147.766
151.75
155.569
159.235
162.758
166.148
169.413
172.562
175.603
178.542
181.386
184.142
186.815
189.411
191.936
59.9557
123.976
170.352
207.203
238.424
267.166
294.24
319.624
343.228
365.04
385.139
403.654
420.742
436.556
451.244
464.938
477.754
489.797
501.157
511.913
522.133
531.878
541.201
550.146
558.755
567.062
575.098
582.891
590.463
597.835
605.026
612.052
618.928
1719.4
1778.24
1839.25
1895.41
1945.92
1992.2
2035.23
2075.45
2113.15
2148.55
2181.83
2213.13
2242.58
2270.31
2296.4
2320.97
2344.08
2365.84
2386.31
2405.57
2423.69
2440.73
2456.76
2471.82
2485.97
2499.27
2511.76
2523.49
2534.49
2544.82
2554.5
2563.56
2572.07
9448.9
8904
8257.71
7583.36
6941.57
6357.39
5841.63
5393.93
5007.43
4671.53
4373.95
4102.36
3845.95
3596.41
3348.03
3097
2840.41
2575.68
2300.67
2014.57
1719.26
1420.94
1131.15
866.081
642.993
473.624
358.06
285.123
240.415
213.516
198.403
191.527
190.964
195.426
203.494
213.672
224.65
235.404
245.178
253.409
259.671
263.632
265.041
263.743
259.714
253.098
244.238
233.666
222.054
210.123
198.539
187.818
178.287
170.085
163.2
157.527
152.912
149.189
146.204
143.819
141.921
140.419
139.239
138.323
137.626
137.112
136.752
136.523
136.406
136.387
136.452
136.592
136.797
137.06
137.374
137.734
138.136
138.574
139.046
139.548
140.077
140.63
141.207
141.803
142.419
143.051
143.699
144.361
145.037
145.724
146.422
147.131
147.848
148.574
149.307
150.046
150.791
151.541
152.297
153.066
3014.85
2970.26
2917.61
2849.52
2768.23
2678.06
2583.54
2489.36
2399.54
2316.14
2238.44
2162.94
2084.06
1995.55
1891.97
1769.84
1628.2
1468.65
1295.19
1113.92
932.78
760.988
607.786
480.374
381.646
309.391
258.184
222.529
198.506
183.516
175.631
173.473
176.236
183.126
192.995
204.538
216.584
228.204
238.698
247.538
254.31
258.686
260.411
259.322
255.395
248.781
239.845
229.153
217.419
205.402
193.795
183.126
173.719
165.697
159.031
153.599
149.231
145.754
143.004
140.842
139.154
137.846
136.847
136.099
135.557
135.186
134.959
134.852
134.849
134.935
135.098
135.327
135.615
135.954
136.338
136.763
137.223
137.715
138.236
138.782
139.352
139.942
140.551
141.176
141.818
142.473
143.141
143.82
144.51
145.21
145.918
146.634
147.357
148.087
148.822
149.562
150.306
151.053
151.803
152.561
1296.14
1277.46
1252.85
1220.84
1182.2
1139.18
1094.46
1050.65
1009.86
973.286
941.004
911.963
884.138
854.858
821.284
780.988
732.507
675.752
612.165
544.535
476.509
411.829
353.512
303.277
261.523
227.818
201.459
181.757
168.108
159.925
156.588
157.63
162.743
171.378
182.556
195.115
207.994
220.335
231.479
240.918
248.245
253.127
255.298
254.585
250.949
244.54
235.727
225.096
213.389
201.396
189.834
179.25
169.967
162.105
155.626
150.394
146.234
142.961
140.41
138.439
136.929
135.79
134.948
134.346
133.94
133.695
133.585
133.587
133.684
133.862
134.11
134.417
134.777
135.181
135.626
136.105
136.615
137.152
137.713
138.295
138.896
139.515
140.149
140.796
141.456
142.127
142.808
143.498
144.196
144.901
145.613
146.331
147.055
147.782
148.514
149.249
149.987
150.726
151.466
152.209
698.747
691.719
682.055
669.248
653.355
634.979
614.979
594.263
573.637
553.658
534.55
516.188
498.132
479.718
460.186
438.835
415.188
389.127
360.96
331.391
301.403
272.078
244.42
219.243
197.128
178.442
163.39
152.07
144.5
140.606
140.278
143.505
150.251
160.099
172.188
185.472
198.977
211.902
223.618
233.632
241.538
246.994
249.72
249.525
246.35
240.331
231.828
221.43
209.895
198.034
186.589
176.121
166.968
159.25
152.928
147.862
143.871
140.768
138.383
136.571
135.214
134.219
133.513
133.038
132.751
132.617
132.61
132.708
132.893
133.152
133.475
133.851
134.272
134.734
135.23
135.755
136.307
136.881
137.475
138.086
138.712
139.352
140.004
140.667
141.339
142.02
142.708
143.403
144.103
144.809
145.52
146.235
146.953
147.674
148.398
149.124
149.851
150.578
151.305
152.03
417.014
414.88
411.409
406.416
399.863
391.933
382.942
373.249
363.187
353.004
342.822
332.629
322.292
311.593
300.275
288.102
274.914
260.673
245.49
229.623
213.455
197.447
182.084
167.833
155.109
144.262
135.58
129.293
125.554
124.455
126.127
130.81
138.628
149.256
161.923
175.677
189.619
202.996
215.203
225.754
234.243
240.319
243.684
244.126
241.561
236.099
228.079
218.079
206.857
195.238
183.981
173.669
164.654
157.069
150.88
145.95
142.096
139.13
136.881
135.202
133.973
133.101
132.512
132.148
131.965
131.929
132.013
132.195
132.458
132.789
133.178
133.614
134.091
134.602
135.142
135.707
136.294
136.899
137.52
138.154
138.8
139.456
140.121
140.794
141.473
142.158
142.848
143.543
144.242
144.944
145.648
146.355
147.065
147.775
148.487
149.2
149.913
150.625
151.335
152.039
263.021
263.034
262.308
260.76
258.357
255.157
251.28
246.877
242.096
237.056
231.823
226.407
220.761
214.796
208.407
201.497
194.002
185.912
177.287
168.258
159.021
149.825
140.948
132.685
125.324
119.141
114.392
111.302
110.047
110.778
113.749
119.345
127.793
138.842
151.802
165.803
180.009
193.708
206.316
217.354
226.413
233.131
237.195
238.369
236.539
231.781
224.402
214.956
204.186
192.918
181.926
171.813
162.953
155.497
149.424
144.604
140.86
138.004
135.864
134.293
133.171
132.404
131.915
131.647
131.555
131.605
131.769
132.027
132.36
132.756
133.203
133.693
134.219
134.773
135.353
135.953
136.57
137.201
137.844
138.496
139.158
139.826
140.499
141.178
141.86
142.546
143.235
143.926
144.619
145.313
146.008
146.704
147.401
148.097
148.794
149.49
150.186
150.88
151.57
152.251
173.796
174.626
175.034
174.976
174.428
173.401
171.942
170.114
167.983
165.607
163.023
160.243
157.251
154.011
150.48
146.614
142.388
137.801
132.892
127.737
122.451
117.184
112.114
107.436
103.359
100.094
97.8517
96.8259
97.1782
99.0823
102.856
108.96
117.69
128.865
141.873
155.921
170.23
184.124
197.038
208.499
218.097
225.459
230.258
232.232
231.238
227.311
220.716
211.967
201.782
190.977
180.332
170.469
161.788
154.465
148.497
143.769
140.111
137.341
135.288
133.805
132.772
132.092
131.689
131.504
131.493
131.619
131.856
132.181
132.577
133.032
133.533
134.071
134.641
135.236
135.85
136.481
137.125
137.779
138.441
139.109
139.782
140.459
141.139
141.82
142.503
143.187
143.871
144.556
145.24
145.923
146.606
147.289
147.97
148.65
149.329
150.007
150.682
151.355
152.023
152.68
120.285
121.321
122.112
122.632
122.863
122.803
122.465
121.874
121.061
120.053
118.87
117.522
116.008
114.313
112.422
110.317
107.99
105.448
102.716
99.8442
96.9068
94.0016
91.2486
88.7859
86.7663
85.3536
84.716
85.0122
86.3825
89.0048
93.2233
99.534
108.276
119.337
132.186
146.103
160.364
174.328
187.448
199.258
209.345
217.332
222.877
225.696
225.613
222.62
216.932
209.013
199.541
189.311
179.099
169.546
161.078
153.899
148.035
143.387
139.799
137.096
135.111
133.699
132.737
132.13
131.801
131.689
131.749
131.944
132.246
132.633
133.087
133.595
134.146
134.73
135.341
135.973
136.62
137.28
137.948
138.623
139.302
139.984
140.668
141.352
142.036
142.719
143.401
144.081
144.759
145.435
146.108
146.78
147.449
148.116
148.78
149.442
150.101
150.757
151.411
152.061
152.705
153.336
87.1424
88.1366
88.987
89.6768
90.1929
90.5286
90.6858
90.6727
90.5019
90.1865
89.7382
89.1644
88.4677
87.646
86.6952
85.6118
84.3967
83.0593
81.6207
80.1163
78.5979
77.1341
75.8104
74.7282
74.0027
73.7614
74.1373
75.2578
77.242
80.264
84.6718
90.9664
99.5151
110.271
122.786
136.415
150.489
164.4
177.622
189.696
200.21
208.783
215.063
218.746
219.623
217.642
212.964
205.993
197.355
187.809
178.123
168.947
160.735
153.724
147.969
143.397
139.868
137.219
135.287
133.93
133.028
132.483
132.216
132.168
132.291
132.548
132.91
133.355
133.864
134.423
135.021
135.649
136.3
136.967
137.646
138.334
139.026
139.722
140.418
141.113
141.807
142.498
143.185
143.869
144.549
145.225
145.896
146.563
147.226
147.884
148.538
149.188
149.834
150.477
151.115
151.75
152.381
153.007
153.625
154.228
65.9212
66.793
67.5792
68.2685
68.8516
69.3216
69.6761
69.9167
70.0479
70.0761
70.0078
69.8489
69.6038
69.2751
68.865
68.3767
67.8159
67.194
66.5292
65.8497
65.1944
64.6143
64.1736
63.949
64.0298
64.5158
65.512
67.1196
69.4401
72.6395
77.0545
83.1726
91.3758
101.678
113.716
126.921
140.679
154.42
167.636
179.881
190.747
199.85
206.831
211.371
213.232
212.317
208.729
202.807
195.113
186.36
177.294
168.571
160.668
153.857
148.227
143.735
140.262
137.658
135.769
134.457
133.603
133.11
132.898
132.907
133.087
133.402
133.82
134.319
134.88
135.489
136.133
136.805
137.495
138.198
138.909
139.625
140.343
141.059
141.773
142.482
143.187
143.886
144.578
145.264
145.942
146.614
147.28
147.938
148.59
149.235
149.875
150.508
151.136
151.758
152.375
152.988
153.595
154.196
154.789
155.363
51.8805
52.6171
53.3022
53.9282
54.4883
54.9769
55.3905
55.7281
55.991
56.1822
56.3057
56.3663
56.3687
56.3178
56.2187
56.0777
55.9034
55.7077
55.5075
55.3265
55.1957
55.1553
55.2552
55.5556
56.1266
57.0471
58.4002
60.2666
62.7336
65.9562
70.2512
76.0803
83.8293
93.5671
105.014
117.677
131.004
144.461
157.565
169.883
181.013
190.575
198.205
203.572
206.414
206.592
204.151
199.358
192.705
184.848
176.499
168.311
160.78
154.212
148.733
144.334
140.92
138.358
136.507
135.233
134.42
133.971
133.808
133.868
134.101
134.47
134.942
135.494
136.106
136.764
137.456
138.17
138.901
139.642
140.387
141.133
141.878
142.617
143.351
144.077
144.795
145.503
146.202
146.892
147.571
148.241
148.902
149.553
150.196
150.83
151.455
152.073
152.683
153.286
153.883
154.472
155.056
155.632
156.199
156.745
42.3041
42.917
43.499
44.0447
44.5494
45.0086
45.4192
45.7795
46.0894
46.3505
46.5656
46.7385
46.8742
46.9781
47.0568
47.118
47.1711
47.2286
47.3061
47.4242
47.6089
47.8929
48.3164
48.9275
49.7822
50.9433
52.4771
54.4485
56.9334
60.0746
64.1633
69.6278
76.8493
85.9436
96.7101
108.736
121.529
134.596
147.483
159.771
171.07
181.005
189.213
195.357
199.152
200.425
199.16
195.556
190.026
183.158
175.622
168.055
160.967
154.696
149.406
145.121
141.778
139.263
137.449
136.209
135.433
135.024
134.905
135.013
135.297
135.717
136.242
136.846
137.511
138.219
138.958
139.718
140.492
141.273
142.055
142.834
143.609
144.375
145.132
145.878
146.612
147.334
148.043
148.739
149.423
150.094
150.753
151.4
152.035
152.66
153.274
153.878
154.472
155.057
155.634
156.203
156.763
157.315
157.856
158.374
35.5959
36.103
36.5918
37.0587
37.5002
37.913
38.2946
38.6433
38.9589
39.2421
39.4952
39.7216
39.9259
40.1137
40.292
40.4689
40.6541
40.8597
41.1004
41.3943
41.7637
42.2359
42.8438
43.6266
44.6295
45.9031
47.5003
49.4744
51.8918
54.8825
58.7091
63.7622
70.4111
78.8104
88.8328
100.144
112.313
124.894
137.462
149.617
160.983
171.196
179.896
186.745
191.443
193.784
193.701
191.32
186.975
181.179
174.547
167.69
161.124
155.214
150.158
146.02
142.767
140.31
138.538
137.334
136.593
136.223
136.147
136.301
136.634
137.105
137.683
138.341
139.058
139.818
140.608
141.417
142.237
143.061
143.884
144.702
145.511
146.308
147.093
147.863
148.619
149.358
150.082
150.79
151.481
152.158
152.819
153.465
154.097
154.716
155.321
155.914
156.495
157.065
157.625
158.174
158.713
159.242
159.758
160.249
30.7908
31.2097
31.6183
32.0141
32.3946
32.7575
33.101
33.4236
33.7252
34.0063
34.2689
34.5161
34.7521
34.9824
35.2138
35.4543
35.7135
36.0027
36.3354
36.7277
37.1991
37.7724
38.4751
39.3393
40.4018
41.7035
43.2873
45.1976
47.4929
50.2898
53.8211
58.4381
64.4923
72.1677
81.4036
91.9403
103.412
115.42
127.571
139.491
150.821
161.207
170.302
177.767
183.296
186.655
187.731
186.583
183.464
178.806
173.16
167.101
161.141
155.661
150.896
146.947
143.813
141.433
139.714
138.552
137.851
137.521
137.488
137.688
138.071
138.595
139.227
139.94
140.712
141.528
142.372
143.234
144.104
144.977
145.846
146.706
147.555
148.389
149.207
150.008
150.79
151.553
152.297
153.022
153.727
154.414
155.082
155.733
156.366
156.983
157.585
158.171
158.742
159.3
159.846
160.378
160.899
161.407
161.901
162.366
27.2876
27.6335
27.9742
28.3081
28.6334
28.9487
29.2525
29.544
29.8229
30.0901
30.3472
30.597
30.8435
31.0918
31.3484
31.6208
31.918
32.2505
32.6306
33.0726
33.5931
34.2118
34.9514
35.8384
36.903
38.1785
39.7
41.5049
43.6451
46.2234
49.4436
53.6168
59.072
66.014
74.4401
84.1613
94.8754
106.234
117.88
129.466
140.653
151.105
160.487
168.466
174.734
179.038
181.226
181.294
179.417
175.944
171.354
166.176
160.905
155.933
151.524
147.813
144.837
142.56
140.912
139.805
139.151
138.866
138.879
139.128
139.563
140.142
140.831
141.603
142.435
143.309
144.212
145.132
146.058
146.985
147.905
148.815
149.71
150.588
151.446
152.284
153.1
153.893
154.664
155.412
156.138
156.841
157.523
158.184
158.825
159.446
160.048
160.633
161.2
161.75
162.285
162.806
163.311
163.802
164.275
164.717
24.7004
24.9857
25.2692
25.55
25.8268
26.0987
26.3647
26.6243
26.8777
27.1255
27.3693
27.6118
27.8566
28.1085
28.3733
28.658
28.9709
29.3215
29.7208
30.1813
30.7174
31.3457
32.0852
32.9577
33.9881
35.2034
36.6329
38.3084
40.2757
42.6245
45.5303
49.2648
54.1313
60.3463
67.9561
76.8367
86.7484
97.3934
108.455
119.614
130.555
140.962
150.516
158.896
165.796
170.951
174.178
175.418
174.773
172.51
169.03
164.806
160.306
155.922
151.94
148.528
145.754
143.616
142.064
141.03
140.435
140.204
140.27
140.574
141.066
141.704
142.454
143.288
144.184
145.123
146.09
147.073
148.062
149.049
150.028
150.994
151.943
152.871
153.778
154.66
155.517
156.349
157.154
157.934
158.687
159.415
160.118
160.797
161.452
162.084
162.694
163.283
163.851
164.4
164.93
165.442
165.937
166.414
166.872
167.294
22.774
23.0088
23.2442
23.4796
23.7143
23.9476
24.179
24.4083
24.6357
24.8622
25.0892
25.3191
25.5554
25.8022
26.0649
26.3498
26.6644
27.0172
27.4178
27.8772
28.4076
29.0231
29.7394
30.5745
31.5486
32.6841
34.0053
35.5395
37.3272
39.4454
42.043
45.3539
49.6529
55.1604
61.962
69.9923
79.0712
88.952
99.3588
110.005
120.602
130.854
140.462
149.121
156.534
162.428
166.599
168.943
169.494
168.44
166.103
162.893
159.238
155.522
152.042
148.994
146.478
144.52
143.097
142.159
141.641
141.478
141.607
141.974
142.529
143.232
144.049
144.952
145.918
146.927
147.965
149.018
150.076
151.132
152.177
153.207
154.218
155.206
156.168
157.104
158.011
158.89
159.739
160.558
161.348
162.109
162.842
163.546
164.223
164.874
165.5
166.1
166.677
167.23
167.762
168.273
168.763
169.231
169.677
170.084
21.335
21.5276
21.7224
21.9192
22.1174
22.3168
22.5172
22.7185
22.9213
23.1263
23.3352
23.55
23.7739
24.0107
24.2652
24.5431
24.8508
25.1959
25.5868
26.0329
26.5447
27.1337
27.8131
28.5974
29.5033
30.5491
31.7551
33.145
34.754
36.6475
38.9499
41.8597
45.6211
50.4514
56.4657
63.6499
71.8796
80.9586
90.6529
100.71
110.869
120.86
130.406
139.219
147.014
153.523
158.524
161.878
163.562
163.69
162.506
160.351
157.604
154.63
151.729
149.115
146.916
145.188
143.934
143.122
142.705
142.627
142.834
143.274
143.902
144.679
145.571
146.55
147.593
148.68
149.796
150.927
152.062
153.194
154.314
155.417
156.498
157.555
158.583
159.581
160.548
161.483
162.385
163.254
164.091
164.894
165.666
166.406
167.114
167.793
168.442
169.063
169.656
170.223
170.764
171.279
171.771
172.237
172.678
173.074
20.2618
20.4192
20.5799
20.7439
20.9109
21.0809
21.2539
21.4301
21.61
21.7947
21.9854
22.1844
22.3942
22.6184
22.8613
23.1277
23.4235
23.7551
24.1298
24.5555
25.0411
25.5962
26.2314
26.9586
27.7912
28.7443
29.8348
31.0833
32.52
34.1999
36.2252
38.7615
42.0219
46.2138
51.4729
57.8279
65.2054
73.4584
82.3947
91.7974
101.435
111.065
120.432
129.273
137.317
144.304
150.005
154.256
156.985
158.241
158.193
157.111
155.32
153.153
150.903
148.794
146.978
145.536
144.495
143.847
143.56
143.591
143.893
144.422
145.135
145.996
146.972
148.036
149.165
150.338
151.541
152.758
153.98
155.197
156.401
157.586
158.748
159.882
160.986
162.058
163.095
164.097
165.062
165.992
166.885
167.741
168.562
169.348
170.098
170.815
171.498
172.149
172.768
173.356
173.914
174.443
174.944
175.416
175.858
176.25
19.4676
19.5957
19.7279
19.8643
20.0049
20.1497
20.2989
20.453
20.6125
20.7783
20.952
21.1353
21.3308
21.5414
21.771
22.0239
22.3051
22.6202
22.9753
23.3772
23.8331
24.3509
24.9392
25.6076
26.3668
27.2291
28.2086
29.3227
30.5975
32.0782
33.8479
36.042
38.8428
42.4421
46.9873
52.5415
59.077
66.4928
74.6384
83.3327
92.3755
101.552
110.632
119.376
127.534
134.857
141.117
146.132
149.796
152.099
153.144
153.128
152.32
151.011
149.475
147.941
146.574
145.477
144.701
144.259
144.136
144.304
144.725
145.361
146.175
147.134
148.206
149.366
150.591
151.86
153.159
154.472
155.79
157.102
158.4
159.678
160.931
162.154
163.344
164.5
165.618
166.698
167.738
168.739
169.7
170.621
171.503
172.345
173.149
173.914
174.642
175.333
175.989
176.609
177.194
177.746
178.265
178.751
179.203
179.598
18.8885
18.9927
19.1016
19.2153
19.3338
19.4575
19.5867
19.7217
19.8634
20.0127
20.1709
20.3398
20.5215
20.7188
20.935
21.1739
21.4397
21.7372
22.0716
22.4486
22.874
23.3544
23.8964
24.5078
25.1969
25.9736
26.8496
27.8396
28.9653
30.264
31.8017
33.6874
36.0731
39.1311
43.0117
47.8038
53.5192
60.0997
67.4351
75.3802
83.7662
92.4068
101.1
109.629
117.767
125.281
131.951
137.587
142.054
145.301
147.366
148.385
148.561
148.141
147.372
146.474
145.62
144.93
144.474
144.286
144.367
144.704
145.27
146.037
146.971
148.044
149.227
150.496
151.828
153.205
154.611
156.032
157.456
158.874
160.277
161.658
163.013
164.336
165.625
166.876
168.087
169.256
170.384
171.468
172.509
173.507
174.461
175.373
176.242
177.068
177.853
178.596
179.299
179.962
180.586
181.171
181.719
182.227
182.698
183.107
18.4774
18.5628
18.6532
18.7487
18.8496
18.9562
19.069
19.1885
19.3155
19.4508
19.5958
19.7521
19.9216
20.1068
20.3105
20.536
20.787
21.0676
21.382
21.735
22.1314
22.5762
23.075
23.6335
24.2583
24.9571
25.7394
26.6174
27.6091
28.7443
30.0751
31.6871
33.7042
36.2761
39.5482
43.6263
48.5549
54.3144
60.8331
68.0012
75.6815
83.7166
91.9317
100.136
108.126
115.69
122.618
128.72
133.846
137.91
140.9
142.891
144.028
144.506
144.539
144.328
144.045
143.821
143.741
143.856
144.186
144.729
145.473
146.396
147.473
148.68
149.991
151.384
152.838
154.336
155.862
157.402
158.945
160.48
162
163.497
164.966
166.401
167.8
169.158
170.474
171.746
172.973
174.154
175.288
176.376
177.416
178.41
179.356
180.257
181.111
181.919
182.682
183.401
184.075
184.705
185.292
185.834
186.334
186.768
18.1998
18.2713
18.3478
18.4297
18.5174
18.6112
18.7116
18.8192
18.9348
19.0593
19.194
19.3402
19.4998
19.675
19.8682
20.0822
20.3202
20.5857
20.8823
21.2137
21.584
21.9971
22.4572
22.9688
23.5368
24.1671
24.8672
25.6467
26.5204
27.5119
28.6614
30.035
31.7306
33.874
36.599
40.0197
44.2051
49.1699
54.8785
61.2551
68.1939
75.5666
83.2256
91.0065
98.7302
106.206
113.242
119.654
125.284
130.021
133.817
136.693
138.74
140.099
140.946
141.456
141.794
142.089
142.44
142.909
143.533
144.324
145.28
146.39
147.637
149
150.459
151.994
153.587
155.221
156.881
158.554
160.229
161.895
163.544
165.17
166.765
168.326
169.848
171.327
172.761
174.149
175.489
176.779
178.02
179.211
180.351
181.44
182.479
183.467
184.405
185.292
186.128
186.915
187.652
188.34
188.978
189.567
190.108
190.578
18.0319
18.0943
18.1618
18.2348
18.3138
18.3992
18.4915
18.5913
18.6994
18.8168
18.9445
19.084
19.2368
19.4048
19.5904
19.7957
20.0237
20.2772
20.5591
20.8728
21.2212
21.6076
22.0351
22.5071
23.0271
23.5994
24.2296
24.9254
25.6981
26.5662
27.5602
28.73
30.1508
31.9243
34.168
36.9949
40.4909
44.6989
49.6164
55.2002
61.3756
68.0425
75.0807
82.3518
89.7017
96.9633
103.962
110.527
116.5
121.758
126.221
129.871
132.748
134.946
136.595
137.842
138.832
139.691
140.521
141.395
142.359
143.44
144.647
145.978
147.423
148.968
150.599
152.297
154.048
155.835
157.646
159.467
161.289
163.1
164.894
166.662
168.398
170.098
171.756
173.37
174.937
176.455
177.921
179.336
180.698
182.006
183.261
184.461
185.606
186.697
187.732
188.712
189.637
190.506
191.32
192.079
192.783
193.43
194.024
194.545
17.96
18.0183
18.0817
18.1508
18.226
18.3077
18.3965
18.4931
18.5982
18.7126
18.8376
18.9743
19.1242
19.289
19.4706
19.6712
19.893
20.1386
20.4104
20.711
21.0431
21.4089
21.811
22.2515
22.7332
23.2588
23.8324
24.4596
25.1489
25.9143
26.7785
27.7782
28.9697
30.4318
32.2621
34.5656
37.4353
40.9357
45.0932
49.896
55.2991
61.231
67.5977
74.2867
81.1688
88.1004
94.9281
101.495
107.652
113.269
118.249
122.542
126.146
129.111
131.524
133.499
135.156
136.609
137.958
139.28
140.63
142.043
143.54
145.128
146.804
148.561
150.388
152.273
154.203
156.164
158.144
160.131
162.116
164.09
166.043
167.969
169.862
171.715
173.526
175.29
177.004
178.666
180.275
181.829
183.327
184.769
186.153
187.48
188.747
189.956
191.105
192.194
193.222
194.19
195.096
195.94
196.723
197.443
198.103
198.691
17.9811
18.0406
18.1053
18.1758
18.2524
18.3358
18.4264
18.5248
18.6319
18.7485
18.8756
19.0143
19.1661
19.3323
19.5148
19.7154
19.936
20.1788
20.4459
20.7395
21.0616
21.414
21.7986
22.2169
22.6706
23.1615
23.6922
24.2664
24.8903
25.5739
26.3337
27.1959
28.2014
29.4088
30.895
32.7502
35.0658
37.9192
41.3604
45.4066
50.0419
55.2227
60.8814
66.9305
73.2651
79.7654
86.2994
92.7284
98.9142
104.729
110.068
114.857
119.065
122.702
125.815
128.483
130.799
132.859
134.753
136.558
138.332
140.119
141.945
143.825
145.766
147.766
149.819
151.917
154.05
156.207
158.378
160.551
162.719
164.873
167.004
169.105
171.171
173.196
175.175
177.105
178.983
180.806
182.573
184.283
185.934
187.526
189.056
190.526
191.933
193.277
194.557
195.771
196.919
198
199.014
199.96
200.837
201.645
202.386
203.059
18.1051
18.1716
18.2436
18.3213
18.4054
18.4963
18.5946
18.7008
18.8157
18.9402
19.0752
19.2217
19.3809
19.5544
19.7435
19.9499
20.1753
20.4217
20.6907
20.9842
21.3038
21.651
22.0271
22.433
22.8699
23.3385
23.8404
24.3777
24.9545
25.5774
26.2578
27.0141
27.8748
28.8815
30.0915
31.5768
33.4189
35.6979
38.4801
41.8072
45.6921
50.1186
55.0458
60.411
66.1333
72.1156
78.2478
84.4105
90.4802
96.3371
101.874
107.006
111.677
115.868
119.593
122.895
125.838
128.496
130.945
133.256
135.485
137.679
139.87
142.079
144.32
146.595
148.905
151.245
153.608
155.986
158.371
160.753
163.126
165.48
167.809
170.106
172.364
174.578
176.745
178.859
180.919
182.921
184.865
186.748
188.57
190.33
192.026
193.657
195.221
196.719
198.147
199.505
200.791
202.004
203.143
204.207
205.195
206.106
206.943
207.721
18.3585
18.4388
18.5246
18.6165
18.7148
18.82
18.9327
19.0535
19.1831
19.3222
19.4718
19.6329
19.8066
19.9941
20.1968
20.4162
20.6537
20.9111
21.1899
21.4915
21.8174
22.1686
22.5462
22.9508
23.3828
23.8424
24.3302
24.8471
25.3953
25.9788
26.605
27.2859
28.0406
28.8975
29.8967
31.0913
32.5469
34.3366
36.5323
39.1938
42.3593
46.0411
50.2254
54.8751
59.9329
65.3247
70.9616
76.744
82.5649
88.316
93.8946
99.2113
104.197
108.81
113.036
116.888
120.401
123.626
126.62
129.442
132.145
134.772
137.359
139.931
142.504
145.088
147.687
150.299
152.922
155.549
158.174
160.792
163.393
165.972
168.522
171.036
173.509
175.934
178.309
180.629
182.89
185.092
187.233
189.31
191.324
193.271
195.153
196.966
198.709
200.38
201.978
203.499
204.943
206.307
207.59
208.79
209.906
210.937
211.886
212.792
18.7912
18.8931
19.0007
19.1146
19.2351
19.3626
19.4979
19.6413
19.7936
19.9556
20.128
20.3119
20.5083
20.7182
20.9431
21.1842
21.4428
21.7204
22.0184
22.338
22.6805
23.0467
23.4373
23.8528
24.2931
24.758
25.2475
25.7613
26.3003
26.8663
27.4635
28.099
28.785
29.5397
30.3895
31.3705
32.5303
33.9271
35.6268
37.696
40.1919
43.1531
46.5948
50.5075
54.8593
59.5991
64.6596
69.9608
75.4131
80.9221
86.3938
91.7405
96.8874
101.778
106.378
110.675
114.679
118.416
121.923
125.245
128.424
131.499
134.504
137.466
140.403
143.328
146.247
149.164
152.078
154.985
157.881
160.761
163.62
166.452
169.249
172.007
174.719
177.381
179.988
182.536
185.024
187.449
189.81
192.105
194.333
196.493
198.584
200.603
202.548
204.417
206.206
207.914
209.538
211.074
212.522
213.879
215.142
216.311
217.389
218.447
19.4878
19.621
19.7601
19.9057
20.0582
20.218
20.3856
20.5616
20.7467
20.9415
21.147
21.364
21.5935
21.8365
22.0942
22.3679
22.6588
22.9682
23.2972
23.6471
24.0188
24.4132
24.8307
25.2715
25.7354
26.222
26.7306
27.2604
27.8109
28.3826
28.9768
29.5975
30.2512
30.9488
31.7064
32.5468
33.5007
34.6085
35.9209
37.4971
39.4002
41.688
44.4035
47.568
51.179
55.2116
59.6215
64.3491
69.3228
74.4634
79.6879
84.915
90.0697
95.0886
99.9236
104.544
108.938
113.11
117.077
120.866
124.506
128.03
131.465
134.836
138.162
141.457
144.729
147.983
151.221
154.441
157.641
160.817
163.966
167.081
170.157
173.189
176.171
179.098
181.966
184.773
187.515
190.191
192.8
195.341
197.813
200.214
202.542
204.795
206.971
209.065
211.075
212.996
214.825
216.559
218.195
219.73
221.163
222.49
223.715
224.954
20.5897
20.7665
20.9497
21.1397
21.3367
21.5414
21.7543
21.9758
22.2066
22.4476
22.6994
22.963
23.2392
23.5292
23.834
24.1547
24.4926
24.8488
25.2243
25.6204
26.0378
26.4772
26.939
27.4233
27.9297
28.4577
29.0062
29.5739
30.1597
30.7626
31.3824
32.0202
32.6787
33.3635
34.0834
34.8511
35.6846
36.6082
37.654
38.8638
40.2897
41.9915
44.0295
46.4546
49.2985
52.5699
56.2535
60.3139
64.6997
69.3479
74.1887
79.1494
84.1592
89.1533
94.0762
98.8849
103.551
108.059
112.41
116.611
120.68
124.635
128.498
132.289
136.022
139.712
143.366
146.99
150.587
154.155
157.696
161.205
164.68
168.116
171.508
174.85
178.138
181.366
184.53
187.629
190.66
193.622
196.515
199.337
202.088
204.766
207.368
209.892
212.333
214.688
216.951
219.118
221.184
223.146
224.998
226.739
228.364
229.873
231.265
232.717
22.3371
22.5749
22.8193
23.071
23.3301
23.5973
23.8731
24.158
24.4527
24.7581
25.0747
25.4037
25.7458
26.102
26.4736
26.8615
27.2668
27.6907
28.1342
28.5983
29.0837
29.5912
30.1209
30.6729
31.2469
31.8419
32.4569
33.0903
33.7404
34.4054
35.0838
35.7748
36.4786
37.1967
37.9329
38.6931
39.4865
40.3254
41.2269
42.2136
43.3167
44.5782
46.0522
47.8004
49.8837
52.3499
55.225
58.5095
62.1804
66.1968
70.5045
75.0421
79.7456
84.5523
89.4041
94.2505
99.0513
103.778
108.413
112.951
117.392
121.744
126.017
130.223
134.373
138.477
142.539
146.564
150.554
154.51
158.431
162.315
166.16
169.961
173.713
177.41
181.047
184.62
188.125
191.56
194.924
198.216
201.438
204.587
207.664
210.666
213.59
216.432
219.186
221.847
224.408
226.863
229.206
231.432
233.535
235.513
237.362
239.078
240.659
242.362
25.1602
25.4845
25.816
26.1551
26.5024
26.8583
27.2234
27.5984
27.984
28.381
28.7901
29.2123
29.6486
30.1
30.5675
31.0523
31.5554
32.0778
32.6207
33.1848
33.771
34.3798
35.0114
35.6658
36.3426
37.0409
37.7593
38.4963
39.2497
40.0173
40.7968
41.586
42.3832
43.1875
43.9991
44.8195
45.6518
46.501
47.3741
48.2805
49.2329
50.2499
51.3589
52.6011
54.0328
55.7213
57.7339
60.1232
62.9168
66.1142
69.6905
73.6032
77.7987
82.22
86.8093
91.5124
96.2817
101.078
105.871
110.639
115.369
120.057
124.701
129.303
133.866
138.391
142.881
147.335
151.754
156.137
160.483
164.791
169.057
173.276
177.443
181.55
185.592
189.564
193.465
197.293
201.047
204.73
208.342
211.883
215.351
218.743
222.054
225.28
228.411
231.441
234.36
237.159
239.833
242.372
244.772
247.028
249.136
251.094
252.888
254.887
29.8892
30.3413
30.8013
31.2697
31.747
32.2339
32.7309
33.2389
33.7585
34.2907
34.8364
35.3965
35.972
36.5641
37.1737
37.8021
38.4504
39.1195
39.8106
40.5244
41.2618
42.0231
42.8086
43.6182
44.4514
45.3074
46.1848
47.0817
47.9961
48.9253
49.8665
50.8169
51.7735
52.7338
53.6956
54.6575
55.6188
56.5797
57.5412
58.5052
59.4743
60.452
61.4436
62.4591
63.5176
64.6547
65.9271
67.4108
69.1884
71.3313
73.8831
76.8531
80.2207
83.9472
87.9828
92.2734
96.7667
101.415
106.175
111.013
115.901
120.821
125.76
130.708
135.655
140.594
145.518
150.419
155.296
160.146
164.965
169.751
174.499
179.2
183.847
188.432
192.949
197.393
201.763
206.06
210.286
214.443
218.534
222.558
226.512
230.391
234.189
237.895
241.499
244.988
248.351
251.577
254.654
257.576
260.334
262.923
265.339
267.579
269.616
271.965
38.2919
38.9448
39.6062
40.2769
40.9576
41.6488
42.3514
43.0663
43.7942
44.5363
45.2935
46.0669
46.8576
47.6668
48.4958
49.3456
50.2176
51.1127
52.0322
52.9768
53.9474
54.9446
55.9685
57.0193
58.0965
59.1993
60.3266
61.4767
62.6475
63.8365
65.0407
66.257
67.4818
68.7114
69.9421
71.1704
72.3926
73.6054
74.8057
75.9906
77.1569
78.3013
79.4195
80.5064
81.556
82.5638
83.5323
84.48
85.4522
86.528
87.813
89.4116
91.4114
93.8613
96.7684
100.109
103.839
107.909
112.262
116.851
121.631
126.568
131.632
136.798
142.038
147.328
152.647
157.982
163.322
168.661
173.994
179.313
184.608
189.865
195.072
200.217
205.295
210.302
215.24
220.113
224.928
229.687
234.394
239.045
243.636
248.157
252.594
256.934
261.157
265.247
269.186
272.959
276.552
279.955
283.16
286.159
288.948
291.526
293.843
296.606
54.6437
55.6367
56.6386
57.6501
58.6721
59.7053
60.7508
61.8096
62.8827
63.9714
65.077
66.2007
67.344
68.5083
69.6953
70.9063
72.1431
73.4072
74.7001
76.0234
77.3785
78.7665
80.1887
81.6458
83.1383
84.6664
86.2299
87.8278
89.4588
91.1209
92.8111
94.5258
96.2605
98.0101
99.7684
101.528
103.283
105.023
106.741
108.428
110.073
111.668
113.202
114.663
116.04
117.317
118.475
119.494
120.352
121.036
121.551
121.926
122.27
122.739
123.51
124.739
126.524
128.894
131.83
135.286
139.208
143.541
148.225
153.198
158.397
163.769
169.274
174.884
180.581
186.35
192.177
198.042
203.919
209.784
215.616
221.4
227.131
232.811
238.45
244.057
249.643
255.213
260.765
266.291
271.777
277.204
282.547
287.779
292.87
297.793
302.522
307.037
311.321
315.361
319.146
322.669
325.925
328.917
331.56
334.808
91.2221
92.8574
94.5002
96.1516
97.8129
99.4858
101.172
102.874
104.592
106.331
108.092
109.878
111.692
113.538
115.42
117.34
119.303
121.314
123.377
125.496
127.677
129.923
132.238
134.627
137.092
139.636
142.258
144.958
147.733
150.578
153.486
156.447
159.449
162.478
165.517
168.546
171.545
174.493
177.367
180.145
182.804
185.322
187.68
189.859
191.843
193.614
195.16
196.463
197.504
198.271
198.698
198.722
198.311
197.456
196.191
194.621
192.941
191.417
190.345
189.982
190.493
191.921
194.207
197.237
200.886
205.053
209.67
214.689
220.069
225.762
231.705
237.832
244.076
250.385
256.727
263.085
269.467
275.892
282.383
288.959
295.628
302.388
309.221
316.099
322.981
329.825
336.58
343.189
349.603
355.777
361.675
367.27
372.542
377.476
382.06
386.285
390.145
393.655
396.678
400.47
194.798
198.041
201.307
204.6
207.928
211.296
214.714
218.188
221.728
225.343
229.043
232.839
236.742
240.764
244.916
249.211
253.661
258.277
263.07
268.05
273.223
278.596
284.17
289.943
295.91
302.06
308.375
314.833
321.405
328.054
334.739
341.413
348.024
354.515
360.828
366.904
372.684
378.11
383.129
387.691
391.755
395.285
398.257
400.656
402.476
403.724
404.417
404.579
404.247
403.43
402.136
400.423
398.296
395.733
392.694
389.113
384.91
380.011
374.382
368.071
361.25
354.221
347.395
341.234
336.171
332.534
330.491
330.042
331.038
333.247
336.413
340.308
344.763
349.682
355.03
360.823
367.097
373.885
381.207
389.056
397.392
406.15
415.237
424.546
433.96
443.365
452.649
461.666
470.338
478.605
486.413
493.739
500.565
506.87
512.639
517.86
522.533
526.687
530.143
534.459
626.768
635.726
644.826
654.088
663.532
673.176
683.041
693.145
703.506
714.141
725.066
736.296
747.84
759.71
771.909
784.44
797.3
810.478
823.961
837.724
851.737
865.961
880.347
894.837
909.362
923.844
938.198
952.326
966.127
979.491
992.307
1004.46
1015.83
1026.3
1035.77
1044.13
1051.28
1057.13
1061.59
1064.61
1066.12
1066.1
1064.52
1061.4
1056.77
1050.81
1043.87
1036.1
1027.55
1018.34
1008.61
998.454
987.964
977.223
966.305
955.262
944.124
932.882
921.482
909.816
897.722
884.992
871.4
856.739
840.881
823.832
805.77
787.059
768.224
749.9
732.77
717.502
704.695
694.831
688.247
685.106
685.404
688.971
695.505
704.606
715.815
728.651
742.641
757.341
772.354
787.333
801.988
816.131
829.574
842.153
853.798
864.637
874.586
883.556
891.504
898.432
904.397
909.478
913.638
918.649
2581.29
2591.23
2600.66
2609.55
2617.91
2625.71
2632.93
2639.56
2645.59
2651
2655.77
2659.89
2663.32
2666.06
2668.09
2669.38
2669.92
2669.68
2668.65
2666.8
2664.12
2660.6
2656.21
2650.96
2644.83
2637.83
2629.96
2621.25
2611.71
2601.39
2590.31
2578.55
2566.16
2553.23
2539.84
2526.09
2512.08
2497.94
2483.77
2469.71
2455.87
2442.38
2429.35
2416.9
2405.13
2394.12
2383.91
2374.55
2366.06
2358.47
2351.77
2345.98
2341.09
2337.07
2333.9
2331.56
2330
2329.18
2329.05
2329.54
2330.59
2332.15
2334.17
2336.62
2339.51
2342.87
2346.81
2351.5
2357.21
2364.28
2373.17
2384.45
2398.7
2416.49
2438.26
2464.23
2494.31
2528.12
2564.98
2604.01
2644.23
2684.66
2724.39
2762.62
2798.71
2832.17
2862.67
2890.01
2914.1
2934.94
2952.6
2967.19
2978.87
2987.82
2994.26
2998.38
3000.47
3000.42
2999.69
2993.46
1211.77
390.526
453.191
491.033
506.219
502.357
489.446
470.201
453.048
413.88
289.871
334.326
839.469
1271.01
1535.8
1729.86
1884.61
2014.12
2125.11
2221.1
2304.3
2376.58
2439.88
2496.27
2547.92
2596.99
2645.51
2694.95
2743.21
2791.7
2840.1
2887.03
2929.71
2963.85
2983.84
2984.19
2964.02
2931.14
2898.53
2878.95
2862.5
2842.82
2818.81
2790.59
2758.7
2723.86
2686.81
2648.27
2608.85
2569.07
2529.37
2490.08
2451.47
2413.76
2377.09
2341.57
2307.28
2274.26
2242.52
2212.06
2182.87
2154.91
2128.15
2102.54
2078.06
2054.64
2032.26
2010.87
1990.42
1970.89
1952.23
1934.43
1917.44
1901.24
1885.82
1871.15
1857.21
1843.98
1831.45
1819.62
1808.46
1797.97
1788.15
1778.98
1770.47
1762.61
1755.39
1748.81
1742.86
1737.55
1732.87
1728.81
1725.37
1722.52
1720.27
1718.6
1717.46
1716.96
1716.69
1718.08
1411.23
1008.99
698.387
514.819
416.364
366.971
351.282
357.131
380.461
493.569
737.698
1012.52
1245.38
1377.27
1423.27
1427.19
1410.19
1384.8
1357.74
1332.24
1309.55
1289.8
1272.68
1257.86
1245.37
1235.92
1230.73
1229.78
1229.59
1231.95
1239.83
1256.75
1285.43
1324.85
1366.15
1391.19
1382.9
1338.36
1269.25
1190.57
1115.46
1051.36
999.959
960.069
929.555
906.226
888.194
873.951
862.343
852.501
843.787
835.735
828.012
820.387
812.71
804.888
796.874
788.654
780.238
771.651
762.928
754.11
745.237
736.351
727.488
718.685
709.971
701.371
692.91
684.606
676.473
668.526
660.774
653.225
645.888
638.766
631.865
625.188
618.739
612.521
606.537
600.789
595.281
590.016
584.998
580.232
575.721
571.47
567.484
563.769
560.329
557.17
554.295
551.709
549.412
547.409
545.685
544.245
543.063
541.704
1631.97
839.328
458.437
325.776
280.024
270.42
283.463
333.496
498.189
779.099
1043.91
1198.1
1234.53
1205.76
1151.51
1092.03
1039.48
999.454
972.758
957.507
950.831
949.998
952.912
958.162
964.804
972.157
980.021
990.951
1006.24
1028.61
1062.24
1112.57
1183.7
1270.67
1350
1380.39
1339.57
1243.36
1121.81
1000.5
894.426
808.645
742.182
691.711
653.616
624.788
602.79
585.784
572.397
561.608
552.656
544.973
538.135
531.83
525.831
519.977
514.159
508.309
502.39
496.385
490.298
484.139
477.927
471.687
465.441
459.214
453.028
446.904
440.861
434.914
429.079
423.366
417.786
412.348
407.06
401.927
396.956
392.15
387.515
383.054
378.771
374.669
370.751
367.02
363.479
360.131
356.979
354.024
351.269
348.716
346.367
344.223
342.284
340.552
339.025
337.703
336.58
335.656
334.919
334.178
1795.34
648.772
375.945
306.216
274.462
267.251
310.698
448.493
692.088
943.839
1093.15
1122.55
1076.56
1007.28
940.981
886.273
846.989
822.758
810.809
807.695
810.374
816.64
825.118
835.079
846.231
858.663
873.385
891.996
916.825
951.67
1002.45
1077.63
1181.86
1295.41
1362.04
1331.75
1214.94
1062.17
915.923
795.69
704.421
637.338
588.061
551.312
523.364
501.696
484.583
470.809
459.491
449.971
441.754
434.461
427.81
421.585
415.631
409.837
404.129
398.463
392.815
387.176
381.551
375.948
370.383
364.87
359.427
354.068
348.806
343.654
338.622
333.719
328.952
324.327
319.849
315.522
311.349
307.332
303.475
299.778
296.244
292.874
289.667
286.626
283.751
281.042
278.499
276.122
273.91
271.864
269.982
268.262
266.705
265.309
264.071
262.991
262.066
261.293
260.669
260.193
259.849
259.617
1931.39
558.242
383.389
330.651
312.183
333.73
423.041
596.442
810.46
972.107
1028.6
1001.53
938.592
874.491
820.274
779.258
751.834
736.253
729.907
730.26
735.279
743.527
754.125
766.687
781.221
798.343
819.328
846.442
883.497
936.764
1015.53
1128.21
1263.89
1365.82
1357.22
1225.5
1035.92
857.634
720.732
625.493
561.197
517.049
485.519
462.002
443.755
429.102
416.971
406.642
397.609
389.51
382.075
375.11
368.471
362.058
355.805
349.673
343.64
337.702
331.863
326.13
320.517
315.035
309.695
304.507
299.477
294.611
289.913
285.385
281.028
276.841
272.824
268.977
265.297
261.784
258.436
255.251
252.227
249.363
246.656
244.106
241.71
239.466
237.372
235.425
233.625
231.967
230.45
229.072
227.828
226.718
225.738
224.885
224.157
223.551
223.064
222.694
222.437
222.293
222.247
222.359
2053.42
552.864
408.562
377.284
384.805
435.429
541.748
694.233
844.467
934.419
946.654
908.103
853.297
801.406
758.015
725.202
703.071
690.407
685.516
686.745
692.71
702.381
715.153
730.937
750.183
774.06
804.794
846.305
905.138
990.925
1112.84
1263.52
1390.14
1402.64
1262.75
1037.9
824.667
668.816
568.438
505.876
465.759
438.596
419.09
404.268
392.387
382.378
373.57
365.525
357.96
350.69
343.601
336.626
329.737
322.929
316.218
309.626
303.182
296.914
290.847
285
279.386
274.014
268.887
264.002
259.357
254.944
250.756
246.786
243.024
239.464
236.097
232.917
229.916
227.088
224.429
221.932
219.593
217.407
215.369
213.476
211.724
210.108
208.626
207.272
206.043
204.936
203.947
203.072
202.309
201.653
201.102
200.652
200.301
200.045
199.882
199.81
199.825
199.926
200.105
200.448
2167.12
563.048
448.063
435.648
462.926
525.745
622.523
736.977
835.729
887.87
888.19
855.576
811.555
768.439
731.276
702.365
682.255
670.441
665.971
667.818
675.061
686.996
703.431
724.835
752.408
788.497
837.247
905.457
1002.63
1136.55
1298.14
1436.23
1458.75
1310.94
1053.75
805.141
629.52
524.007
463.13
426.6
403.159
387.052
375.203
365.841
357.892
350.679
343.782
336.945
330.025
322.961
315.752
308.434
301.071
293.739
286.519
279.483
272.693
266.196
260.022
254.188
248.7
243.553
238.735
234.233
230.028
226.104
222.441
219.023
215.834
212.86
210.089
207.508
205.107
202.877
200.809
198.895
197.13
195.506
194.017
192.659
191.425
190.31
189.311
188.421
187.638
186.957
186.374
185.885
185.487
185.175
184.948
184.802
184.733
184.74
184.819
184.969
185.187
185.471
185.818
186.318
2278.68
584.16
492.141
490.798
526.394
588.696
668.932
753.608
823.201
860.702
862.321
838.097
802.063
764.292
730.503
703.528
684.445
673.364
669.942
673.698
684.145
700.972
724.911
757.408
801.126
860.54
942.461
1055.27
1203.24
1371.56
1507.04
1522.23
1359.66
1072.62
790.672
595.923
485.926
427.107
394.164
374.263
361.332
352.265
345.299
339.363
333.783
328.134
322.165
315.748
308.853
301.521
293.847
285.96
278.004
270.124
262.446
255.076
248.088
241.529
235.422
229.767
224.553
219.758
215.353
211.309
207.597
204.189
201.058
198.181
195.538
193.109
190.879
188.834
186.96
185.247
183.684
182.264
180.977
179.818
178.778
177.852
177.035
176.32
175.704
175.18
174.745
174.395
174.126
173.934
173.815
173.767
173.786
173.869
174.014
174.219
174.481
174.798
175.168
175.589
176.062
176.669
2385.37
611.621
534.589
540.609
580.017
639.221
707.593
775.219
830.504
862.945
868.302
850.793
820.534
786.758
755.674
730.752
713.681
705.172
705.479
714.661
732.564
760.349
799.968
854.554
928.782
1028.72
1159.83
1320.19
1486.82
1603.17
1590.47
1401.18
1085.72
775.183
563.851
450.646
394.413
365.138
348.721
338.921
332.633
328.108
324.278
320.467
316.241
311.341
305.636
299.106
291.816
283.907
275.568
267.013
258.457
250.097
242.089
234.547
227.542
221.102
215.229
209.9
205.081
200.73
196.804
193.261
190.061
187.169
184.553
182.187
180.047
178.111
176.362
174.785
173.367
172.094
170.958
169.949
169.059
168.279
167.605
167.028
166.544
166.148
165.834
165.598
165.436
165.343
165.317
165.354
165.451
165.604
165.811
166.07
166.377
166.732
167.132
167.575
168.059
168.583
169.149
169.828
2486.2
642.561
582.149
607.464
660.021
721.886
783.449
839.019
883.096
910.203
916.394
903.391
878.428
849.483
822.781
802.372
790.648
789.03
798.461
819.398
853.509
903.564
972.91
1065.58
1185.22
1331.86
1494.92
1643
1718.79
1656.47
1426.98
1084.52
753.552
530.854
416.464
363.339
337.688
324.618
317.877
314.39
312.408
310.852
309.029
306.488
302.947
298.255
292.379
285.392
277.455
268.807
259.729
250.516
241.441
232.733
224.56
217.024
210.172
204.006
198.497
193.595
189.244
185.385
181.962
178.923
176.223
173.821
171.683
169.781
168.09
166.588
165.257
164.082
163.049
162.148
161.366
160.697
160.13
159.66
159.28
158.984
158.766
158.622
158.547
158.537
158.588
158.696
158.858
159.072
159.334
159.641
159.992
160.384
160.816
161.284
161.787
162.324
162.894
163.494
164.128
164.855
2555.27
682.371
655.742
736.068
835.696
924.543
992.35
1038.65
1066.41
1078
1074.23
1057.69
1033.59
1008.05
986.516
973.105
970.69
981.442
1006.79
1049.23
1111.76
1196.78
1305.81
1437.66
1584.72
1727.41
1828.9
1837.18
1704.74
1424.95
1059.46
720.494
495.332
382.88
333.318
310.998
300.925
297.023
296.263
296.875
297.745
298.144
297.585
295.75
292.452
287.621
281.306
273.666
264.963
255.53
245.74
235.956
226.495
217.599
209.427
202.054
195.493
189.709
184.643
180.221
176.365
173.004
170.073
167.513
165.276
163.32
161.611
160.118
158.818
157.689
156.714
155.878
155.168
154.574
154.085
153.693
153.39
153.17
153.026
152.954
152.947
153.002
153.115
153.282
153.499
153.763
154.071
154.421
154.809
155.235
155.696
156.189
156.713
157.266
157.847
158.454
159.087
159.742
160.425
161.182
2569.28
747.109
795.285
990.078
1192.31
1354.9
1464.1
1522.03
1538.97
1527.36
1498.08
1460.11
1420.88
1386.47
1361.72
1350.32
1354.94
1378.37
1422.81
1489.3
1577.21
1683.46
1800.41
1913.03
1996.07
2013.73
1926.54
1709.77
1378.77
1000.65
670.728
455.993
350.088
304.553
284.979
277.274
275.761
277.479
280.608
283.963
286.756
288.447
288.666
287.172
283.842
278.669
271.774
263.404
253.915
243.739
233.328
223.104
213.408
204.48
196.45
189.358
183.176
177.835
173.245
169.31
165.941
163.054
160.579
158.455
156.633
155.071
153.734
152.594
151.628
150.815
150.138
149.585
149.142
148.8
148.55
148.383
148.293
148.273
148.318
148.423
148.584
148.796
149.056
149.36
149.706
150.09
150.511
150.965
151.45
151.966
152.508
153.077
153.671
154.287
154.925
155.584
156.261
156.956
157.673
158.446
2527.54
897.295
1143.33
1537.3
1893.47
2161.04
2334.77
2424.34
2444.47
2413.43
2350.32
2272.78
2195.13
2127.65
2076.97
2047.01
2039.6
2053.94
2087.79
2136.5
2191.91
2241.14
2265.43
2240.3
2138.54
1938.67
1639.02
1271.53
901.359
601.412
412.151
318.545
277.64
260.041
253.81
253.975
257.694
263.074
268.825
274.063
278.176
280.728
281.417
280.047
276.536
270.929
263.416
254.327
244.111
233.289
222.386
211.865
202.077
193.242
185.456
178.716
172.956
168.073
163.953
160.485
157.567
155.111
153.044
151.305
149.845
148.622
147.603
146.762
146.076
145.526
145.098
144.777
144.553
144.417
144.36
144.375
144.455
144.595
144.79
145.035
145.327
145.662
146.036
146.447
146.892
147.369
147.875
148.408
148.966
149.548
150.152
150.777
151.421
152.083
152.762
153.456
154.165
154.887
155.625
156.406
2280.33
1696.97
2292.32
2912.25
3383.31
3675.35
3824.33
3866.87
3832.77
3744.85
3622.05
3481.37
3337.61
3202.35
3083.12
2983.24
2902.17
2835.69
2776.28
2713.11
2632.15
2516.8
2349.84
2117.64
1817.06
1463.47
1094.84
763.887
516.048
365.087
288.711
253.094
236.799
231.055
231.964
236.957
244.095
251.956
259.527
266.091
271.134
274.281
275.263
273.909
270.168
264.127
256.037
246.306
235.472
224.134
212.878
202.192
192.427
183.773
176.289
169.93
164.594
160.151
156.469
153.424
150.909
148.832
147.119
145.711
144.558
143.622
142.871
142.279
141.826
141.494
141.269
141.138
141.093
141.123
141.221
141.381
141.597
141.864
142.177
142.532
142.926
143.356
143.819
144.311
144.832
145.378
145.948
146.54
147.152
147.783
148.432
149.097
149.776
150.47
151.177
151.896
152.625
153.364
154.114
154.896
1779.24
4865.26
6057.3
6296.08
6229.65
6029.85
5787.3
5531.19
5272.17
5013.77
4757.62
4505.53
4260.01
4023.66
3798.08
3582.81
3374.79
3168.21
2955.03
2725.81
2471.31
2184.87
1865.8
1523.09
1177.87
861.219
604.741
425.938
318.853
261.109
230.929
215.649
209.671
210.346
215.677
223.837
233.297
242.888
251.757
259.286
265.019
268.61
269.807
268.451
264.51
258.105
249.54
239.294
227.98
216.268
204.788
194.047
184.382
175.958
168.792
162.806
157.866
153.823
150.53
147.855
145.686
143.933
142.52
141.39
140.495
139.797
139.268
138.882
138.62
138.466
138.406
138.43
138.528
138.691
138.914
139.189
139.512
139.878
140.283
140.724
141.197
141.7
142.229
142.784
143.361
143.958
144.575
145.21
145.861
146.526
147.206
147.898
148.602
149.317
150.041
150.774
151.515
152.263
153.019
153.796
)
;

boundaryField
{
    outlet
    {
        type            zeroGradient;
    }
    inlet
    {
        type            fixedValue;
        value           uniform 17.57;
    }
    lowerWall
    {
        Cmu             0.09;
        kappa           0.41;
        E               9.8;
        beta1           0.075;
        type            omegaWallFunction;
        value           nonuniform List<scalar> 
148
(
7254.62
8569.04
9629.31
10283.1
10668.7
10886.4
10996.7
11036.4
11029
10990.3
10931.4
10859.8
10780.8
10698.2
10614.7
10531.9
10451.3
10373.5
10299
10228.4
10161.6
10098.8
10040.1
9985.28
9934.42
9887.44
9844.28
9804.89
9769.19
9737.65
9706.78
9691.55
9618.24
1211.77
1411.23
1631.97
1795.34
1931.39
2053.42
2167.12
2278.68
2385.37
2486.2
2555.27
2569.28
2527.54
2280.33
1779.24
1211.77
390.526
453.191
491.033
506.219
502.357
489.446
470.201
453.048
413.88
289.871
334.326
839.469
1271.01
1535.8
1729.86
1884.61
2014.12
2125.11
2221.1
2304.3
2376.58
2439.88
2496.27
2547.92
2596.99
2645.51
2694.95
2743.21
2791.7
2840.1
2887.03
2929.71
2963.85
2983.84
2984.19
2964.02
2931.14
2898.53
2878.95
2862.5
2842.82
2818.81
2790.59
2758.7
2723.86
2686.81
2648.27
2608.85
2569.07
2529.37
2490.08
2451.47
2413.76
2377.09
2341.57
2307.28
2274.26
2242.52
2212.06
2182.87
2154.91
2128.15
2102.54
2078.06
2054.64
2032.26
2010.87
1990.42
1970.89
1952.23
1934.43
1917.44
1901.24
1885.82
1871.15
1857.21
1843.98
1831.45
1819.62
1808.46
1797.97
1788.15
1778.98
1770.47
1762.61
1755.39
1748.81
1742.86
1737.55
1732.87
1728.81
1725.37
1722.52
1720.27
1718.6
1717.46
1716.96
1716.69
1718.08
)
;
    }
    upperWall
    {
        Cmu             0.09;
        kappa           0.41;
        E               9.8;
        beta1           0.075;
        type            omegaWallFunction;
        value           nonuniform List<scalar> 
133
(
1719.4
1778.24
1839.25
1895.41
1945.92
1992.2
2035.23
2075.45
2113.15
2148.55
2181.83
2213.13
2242.58
2270.31
2296.4
2320.97
2344.08
2365.84
2386.31
2405.57
2423.69
2440.73
2456.76
2471.82
2485.97
2499.27
2511.76
2523.49
2534.49
2544.82
2554.5
2563.56
2572.07
2581.29
2591.23
2600.66
2609.55
2617.91
2625.71
2632.93
2639.56
2645.59
2651
2655.77
2659.89
2663.32
2666.06
2668.09
2669.38
2669.92
2669.68
2668.65
2666.8
2664.12
2660.6
2656.21
2650.96
2644.83
2637.83
2629.96
2621.25
2611.71
2601.39
2590.31
2578.55
2566.16
2553.23
2539.84
2526.09
2512.08
2497.94
2483.77
2469.71
2455.87
2442.38
2429.35
2416.9
2405.13
2394.12
2383.91
2374.55
2366.06
2358.47
2351.77
2345.98
2341.09
2337.07
2333.9
2331.56
2330
2329.18
2329.05
2329.54
2330.59
2332.15
2334.17
2336.62
2339.51
2342.87
2346.81
2351.5
2357.21
2364.28
2373.17
2384.45
2398.7
2416.49
2438.26
2464.23
2494.31
2528.12
2564.98
2604.01
2644.23
2684.66
2724.39
2762.62
2798.71
2832.17
2862.67
2890.01
2914.1
2934.94
2952.6
2967.19
2978.87
2987.82
2994.26
2998.38
3000.47
3000.42
2999.69
2993.46
)
;
    }
    frontAndBack
    {
        type            empty;
    }
}


// ************************************************************************* //
