/*--------------------------------*- C++ -*----------------------------------*\
| =========                 |                                                 |
| \\      /  F ield         | OpenFOAM: The Open Source CFD Toolbox           |
|  \\    /   O peration     | Version:  4.1                                   |
|   \\  /    A nd           | Web:      www.OpenFOAM.org                      |
|    \\/     M anipulation  |                                                 |
\*---------------------------------------------------------------------------*/
FoamFile
{
    version     2.0;
    format      ascii;
    class       volScalarField;
    location    "200";
    object      p;
}
// * * * * * * * * * * * * * * * * * * * * * * * * * * * * * * * * * * * * * //

dimensions      [0 2 -2 0 0 0 0];

internalField   nonuniform List<scalar> 
6820
(
15.9233
5.22379
1.69574
0.948166
0.552475
0.217236
0.0239047
-0.0754025
-0.145362
-0.206259
-0.258801
-0.304681
-0.347181
-0.38832
-0.428925
-0.469572
-0.510865
-0.553361
-0.597549
-0.643901
-0.692912
-0.745111
-0.801086
-0.861497
-0.927111
-0.998838
-1.07775
-1.1652
-1.26252
-1.37325
-1.50302
-1.66323
-1.85164
-5.79594
-2.24935
-1.4488
-0.64657
-0.266567
-0.188379
-0.179391
-0.180448
-0.199454
-0.232681
-0.270176
-0.307942
-0.346046
-0.384784
-0.424095
-0.464066
-0.505013
-0.547319
-0.591371
-0.637578
-0.686389
-0.7383
-0.793863
-0.853702
-0.918544
-0.989249
-1.06689
-1.15288
-1.24954
-1.36007
-1.48733
-1.63812
-1.8098
-3.60537
-0.0980399
0.162727
0.17081
0.180403
0.0859029
-0.0121832
-0.0803102
-0.137895
-0.193155
-0.243962
-0.290075
-0.333387
-0.375326
-0.416595
-0.457752
-0.499381
-0.542027
-0.586179
-0.632308
-0.680896
-0.732452
-0.787522
-0.846716
-0.910726
-0.98037
-1.05663
-1.14081
-1.23449
-1.33978
-1.45814
-1.59262
-1.73665
-1.17833
0.291955
0.140128
0.0276054
0.044438
-0.00860233
-0.0775716
-0.126997
-0.170094
-0.214147
-0.257051
-0.2978
-0.337369
-0.376612
-0.415918
-0.455627
-0.496146
-0.537892
-0.581262
-0.626659
-0.674505
-0.725253
-0.779395
-0.837477
-0.900115
-0.968017
-1.04201
-1.12308
-1.21237
-1.31115
-1.4199
-1.53906
-1.66281
-0.725815
-0.0118967
-0.0519415
-0.0650131
-0.0185174
-0.0443009
-0.0955849
-0.137582
-0.176756
-0.217842
-0.258736
-0.298261
-0.336978
-0.375512
-0.41419
-0.453317
-0.493263
-0.534408
-0.577127
-0.621794
-0.668806
-0.718578
-0.771559
-0.828237
-0.889145
-0.954875
-1.02608
-1.10348
-1.18775
-1.27948
-1.3784
-1.48375
-1.59087
-0.644921
-0.165782
-0.11919
-0.0953888
-0.0545244
-0.0716549
-0.112883
-0.150606
-0.187245
-0.225689
-0.264301
-0.302094
-0.339411
-0.376721
-0.414305
-0.452438
-0.491445
-0.531664
-0.573432
-0.617089
-0.66299
-0.711504
-0.763025
-0.817967
-0.876771
-0.939902
-1.00783
-1.081
-1.15975
-1.24413
-1.33351
-1.42663
-1.51987
-0.521638
-0.195767
-0.142977
-0.119756
-0.0895433
-0.10137
-0.133898
-0.166773
-0.200119
-0.235432
-0.271393
-0.307146
-0.342824
-0.378726
-0.415066
-0.45207
-0.490009
-0.529172
-0.569851
-0.612345
-0.656963
-0.704024
-0.75386
-0.806811
-0.863219
-0.923422
-0.987723
-1.05634
-1.12933
-1.20644
-1.28684
-1.36912
-1.45047
-0.412284
-0.207227
-0.164046
-0.144082
-0.121222
-0.129282
-0.154862
-0.183223
-0.213329
-0.245668
-0.279084
-0.312806
-0.346807
-0.381248
-0.416273
-0.452058
-0.488823
-0.526809
-0.566264
-0.607443
-0.650608
-0.696025
-0.743963
-0.794685
-0.84844
-0.905445
-0.965857
-1.02972
-1.09688
-1.16691
-1.2389
-1.31151
-1.38252
-0.340711
-0.217358
-0.181324
-0.163709
-0.146891
-0.153149
-0.173903
-0.198675
-0.225991
-0.255711
-0.286808
-0.318592
-0.350936
-0.383897
-0.417561
-0.45206
-0.487564
-0.52427
-0.562382
-0.602111
-0.643671
-0.687274
-0.733125
-0.781415
-0.832305
-0.885907
-0.942253
-1.00125
-1.06263
-1.12585
-1.19003
-1.25394
-1.31585
-0.295622
-0.223163
-0.193459
-0.178698
-0.167196
-0.172942
-0.190502
-0.212546
-0.237534
-0.264991
-0.294011
-0.323985
-0.354727
-0.386221
-0.418508
-0.451676
-0.485855
-0.521197
-0.557864
-0.596024
-0.635844
-0.677482
-0.721085
-0.766773
-0.81463
-0.864678
-0.916855
-0.970974
-1.02668
-1.08342
-1.14035
-1.19642
-1.25025
-0.266962
-0.225511
-0.202201
-0.190548
-0.183344
-0.18914
-0.204568
-0.224529
-0.247576
-0.273084
-0.300256
-0.328556
-0.357768
-0.387826
-0.418733
-0.450541
-0.483341
-0.517246
-0.552379
-0.588865
-0.626824
-0.666366
-0.707583
-0.750533
-0.795232
-0.841631
-0.889597
-0.938885
-0.989105
-1.0397
-1.08993
-1.1389
-1.1855
-0.249279
-0.226393
-0.208993
-0.200248
-0.196303
-0.202324
-0.216266
-0.234581
-0.255975
-0.279776
-0.305287
-0.33203
-0.359775
-0.388423
-0.417947
-0.448366
-0.479738
-0.512139
-0.545654
-0.580369
-0.616362
-0.653697
-0.692415
-0.732523
-0.77398
-0.816685
-0.860457
-0.905015
-0.949966
-0.994788
-1.03883
-1.08134
-1.12145
-0.239027
-0.226941
-0.214542
-0.208354
-0.206824
-0.213075
-0.225902
-0.24284
-0.26277
-0.285031
-0.309008
-0.334274
-0.360591
-0.387839
-0.415965
-0.444961
-0.474852
-0.505682
-0.5375
-0.570357
-0.604291
-0.639326
-0.675459
-0.712653
-0.750825
-0.789835
-0.829473
-0.869448
-0.909378
-0.94879
-0.987125
-1.02376
-1.05801
-0.233655
-0.227638
-0.219229
-0.215221
-0.215465
-0.221883
-0.233801
-0.249522
-0.268099
-0.288918
-0.311436
-0.335265
-0.360167
-0.386005
-0.412704
-0.440232
-0.468585
-0.497776
-0.527822
-0.558741
-0.590536
-0.623196
-0.656681
-0.69092
-0.725798
-0.761152
-0.796756
-0.832322
-0.867495
-0.901856
-0.934931
-0.966211
-0.995148
-0.231392
-0.228654
-0.223294
-0.221083
-0.222614
-0.229115
-0.240241
-0.254837
-0.272127
-0.291557
-0.312652
-0.335054
-0.358531
-0.382932
-0.408163
-0.434169
-0.460922
-0.488405
-0.516609
-0.545518
-0.575108
-0.605335
-0.636132
-0.667402
-0.699009
-0.730773
-0.76247
-0.793823
-0.824509
-0.854164
-0.882393
-0.908779
-0.932889
-0.231044
-0.229998
-0.22688
-0.226095
-0.228535
-0.235029
-0.245429
-0.258961
-0.275004
-0.293076
-0.312759
-0.333728
-0.355754
-0.378679
-0.402393
-0.426821
-0.45191
-0.47762
-0.503914
-0.530753
-0.558084
-0.58584
-0.613931
-0.642242
-0.670622
-0.69889
-0.726824
-0.754169
-0.780637
-0.805914
-0.829672
-0.851575
-0.871282
-0.23182
-0.231595
-0.230065
-0.230358
-0.233407
-0.239803
-0.249513
-0.262023
-0.276849
-0.293581
-0.311855
-0.331376
-0.351923
-0.373331
-0.395477
-0.41827
-0.441636
-0.465513
-0.489842
-0.514559
-0.539593
-0.564856
-0.590243
-0.615623
-0.640844
-0.665723
-0.690052
-0.713596
-0.736104
-0.757308
-0.776939
-0.794725
-0.810401
-0.233198
-0.233334
-0.232884
-0.233945
-0.237355
-0.243563
-0.252592
-0.26411
-0.277744
-0.293152
-0.310019
-0.328078
-0.347118
-0.366972
-0.387506
-0.408614
-0.430206
-0.4522
-0.474518
-0.497078
-0.519792
-0.542558
-0.565258
-0.587756
-0.609898
-0.631509
-0.652393
-0.672342
-0.691136
-0.70855
-0.724364
-0.73836
-0.75033
-0.234837
-0.235107
-0.235349
-0.236907
-0.240471
-0.246397
-0.254738
-0.26528
-0.277742
-0.291841
-0.307305
-0.323895
-0.341409
-0.359679
-0.378565
-0.39795
-0.417728
-0.437802
-0.458079
-0.478462
-0.49885
-0.51913
-0.539177
-0.558855
-0.578012
-0.59648
-0.614084
-0.630637
-0.645949
-0.659833
-0.672108
-0.682604
-0.691159
-0.236518
-0.236814
-0.237461
-0.239284
-0.242824
-0.248374
-0.256002
-0.265574
-0.276877
-0.28968
-0.303749
-0.318867
-0.334844
-0.351513
-0.36873
-0.386365
-0.404304
-0.422437
-0.440659
-0.458861
-0.476932
-0.494754
-0.512199
-0.529131
-0.545403
-0.560862
-0.575347
-0.588694
-0.600742
-0.611334
-0.620324
-0.627578
-0.632973
-0.238104
-0.238382
-0.239218
-0.241109
-0.244469
-0.24955
-0.256427
-0.26502
-0.275172
-0.28669
-0.299373
-0.313024
-0.327463
-0.342524
-0.358061
-0.373937
-0.390027
-0.406214
-0.422382
-0.438415
-0.454196
-0.469603
-0.484508
-0.498778
-0.512276
-0.52486
-0.536385
-0.546709
-0.555695
-0.563214
-0.569147
-0.573392
-0.575858
-0.23952
-0.239764
-0.240627
-0.242414
-0.245453
-0.24997
-0.256047
-0.263644
-0.272641
-0.282883
-0.29419
-0.306384
-0.319292
-0.332751
-0.346611
-0.360732
-0.374981
-0.389232
-0.403365
-0.417258
-0.43079
-0.443838
-0.456277
-0.46798
-0.478818
-0.488661
-0.497382
-0.504858
-0.510973
-0.515619
-0.518704
-0.520151
-0.519893
-0.240734
-0.240941
-0.241701
-0.243231
-0.245817
-0.249673
-0.254893
-0.261464
-0.2693
-0.278268
-0.288212
-0.298964
-0.310356
-0.322229
-0.334429
-0.346812
-0.35924
-0.371584
-0.383715
-0.395511
-0.40685
-0.417609
-0.427667
-0.436904
-0.4452
-0.452439
-0.458508
-0.463302
-0.466724
-0.468685
-0.469113
-0.467954
-0.465159
-0.241755
-0.241924
-0.242471
-0.243599
-0.2456
-0.248694
-0.252988
-0.258497
-0.265157
-0.272856
-0.281449
-0.290777
-0.300678
-0.31099
-0.321559
-0.332236
-0.34288
-0.353356
-0.363536
-0.373293
-0.382506
-0.391056
-0.398828
-0.405706
-0.411584
-0.416355
-0.419922
-0.422194
-0.42309
-0.422541
-0.420489
-0.416902
-0.411742
-0.242629
-0.24276
-0.242989
-0.243566
-0.244843
-0.247062
-0.250354
-0.254754
-0.26022
-0.26665
-0.273908
-0.28184
-0.290281
-0.29907
-0.308049
-0.317065
-0.325974
-0.334639
-0.342929
-0.350718
-0.357886
-0.364319
-0.369905
-0.37454
-0.378123
-0.380563
-0.381774
-0.381679
-0.380212
-0.377317
-0.372952
-0.3671
-0.359737
-0.243444
-0.243537
-0.243332
-0.243189
-0.243584
-0.244803
-0.247002
-0.250241
-0.25449
-0.259654
-0.265598
-0.272165
-0.279189
-0.286504
-0.293946
-0.301361
-0.308599
-0.315522
-0.321998
-0.327902
-0.333116
-0.337531
-0.341043
-0.343553
-0.344972
-0.345218
-0.344217
-0.341906
-0.338231
-0.333149
-0.326629
-0.318669
-0.309255
-0.244343
-0.244394
-0.243608
-0.242537
-0.241861
-0.241929
-0.242931
-0.244948
-0.247958
-0.251862
-0.256519
-0.261765
-0.267426
-0.273328
-0.279302
-0.285188
-0.290833
-0.296097
-0.300846
-0.30496
-0.308323
-0.31083
-0.312384
-0.312895
-0.312282
-0.310474
-0.307407
-0.30303
-0.2973
-0.290183
-0.281661
-0.271745
-0.260426
-0.245543
-0.245545
-0.243972
-0.241693
-0.239704
-0.238441
-0.238121
-0.238849
-0.240598
-0.243256
-0.246665
-0.250646
-0.255012
-0.259578
-0.264167
-0.26861
-0.272754
-0.276454
-0.27958
-0.28201
-0.283634
-0.284353
-0.284074
-0.282717
-0.280211
-0.276492
-0.271508
-0.265215
-0.257582
-0.248585
-0.238214
-0.22649
-0.213412
-0.247376
-0.247304
-0.244627
-0.240746
-0.23713
-0.234307
-0.232522
-0.231888
-0.232362
-0.233799
-0.236013
-0.238802
-0.241959
-0.245282
-0.248583
-0.251688
-0.254436
-0.256684
-0.2583
-0.259166
-0.259175
-0.258235
-0.256259
-0.253176
-0.248921
-0.243441
-0.236693
-0.228641
-0.219262
-0.208541
-0.196475
-0.183096
-0.168407
-0.25036
-0.250148
-0.245842
-0.23978
-0.234114
-0.229449
-0.22603
-0.223966
-0.223163
-0.223424
-0.224519
-0.22621
-0.228262
-0.230454
-0.232584
-0.234469
-0.235945
-0.236866
-0.237101
-0.236536
-0.235069
-0.232612
-0.229087
-0.22443
-0.218583
-0.211503
-0.203152
-0.193506
-0.182546
-0.170266
-0.156668
-0.141792
-0.125646
-0.255336
-0.254801
-0.247967
-0.238851
-0.230568
-0.223706
-0.218467
-0.214914
-0.212861
-0.212019
-0.212097
-0.21281
-0.213886
-0.21508
-0.216176
-0.21698
-0.217324
-0.217061
-0.216063
-0.214218
-0.21143
-0.207616
-0.202707
-0.196643
-0.189377
-0.18087
-0.171095
-0.160032
-0.14767
-0.134007
-0.119051
-0.102847
-0.0854085
-0.263729
-0.262345
-0.251394
-0.237944
-0.226298
-0.2168
-0.209539
-0.20447
-0.201229
-0.199393
-0.19859
-0.198474
-0.198732
-0.199089
-0.199312
-0.199199
-0.198577
-0.197299
-0.195239
-0.192289
-0.188359
-0.183371
-0.177262
-0.169981
-0.161487
-0.151748
-0.140742
-0.128456
-0.114885
-0.10003
-0.0839042
-0.0665547
-0.0480016
-0.278246
-0.274327
-0.256255
-0.236694
-0.220867
-0.208268
-0.198815
-0.192264
-0.187946
-0.185261
-0.183745
-0.182983
-0.182609
-0.182321
-0.181867
-0.181036
-0.179652
-0.177565
-0.174653
-0.17081
-0.165951
-0.160006
-0.152917
-0.144638
-0.135134
-0.124381
-0.112361
-0.0990668
-0.0844967
-0.0686566
-0.0515621
-0.0332593
-0.0137733
-0.305226
-0.293791
-0.2622
-0.233702
-0.212815
-0.196773
-0.185185
-0.177412
-0.172297
-0.169032
-0.167069
-0.165918
-0.16516
-0.164463
-0.163563
-0.162242
-0.160322
-0.157654
-0.154118
-0.149614
-0.144062
-0.137396
-0.129565
-0.120528
-0.110256
-0.0987285
-0.0859343
-0.0718689
-0.0565351
-0.0399419
-0.0221065
-0.00307259
0.0171272
-0.357231
-0.328646
-0.272441
-0.229693
-0.200928
-0.180018
-0.166195
-0.157663
-0.152334
-0.149152
-0.147461
-0.146633
-0.146151
-0.145648
-0.144848
-0.143527
-0.141509
-0.13865
-0.13484
-0.129988
-0.124024
-0.116892
-0.10855
-0.0989673
-0.0881219
-0.0760012
-0.0626
-0.0479199
-0.0319686
-0.0147591
0.00368908
0.0233368
0.0441519
-0.437876
-0.374464
-0.288677
-0.233177
-0.191792
-0.160364
-0.141147
-0.129837
-0.122627
-0.118395
-0.116437
-0.115841
-0.115863
-0.116018
-0.115955
-0.115394
-0.11411
-0.111935
-0.108742
-0.104432
-0.0989312
-0.0921844
-0.0841517
-0.0748068
-0.0641332
-0.0521246
-0.0387813
-0.0241116
-0.00812826
0.00914963
0.0276988
0.0474825
0.0684619
-0.586339
-0.352372
-0.221658
-0.206308
-0.188876
-0.168058
-0.158029
-0.152654
-0.147324
-0.142492
-0.138656
-0.135405
-0.132329
-0.129234
-0.125961
-0.122324
-0.118146
-0.113284
-0.107616
-0.10104
-0.0934726
-0.0848433
-0.0750982
-0.0641956
-0.0521051
-0.0388063
-0.024288
-0.00854649
0.00841427
0.0265842
0.0459461
0.0664745
0.0881343
-1.54155
-0.317658
0.273967
0.355232
0.344684
0.310497
0.259427
0.208577
0.163586
0.123379
0.0876779
0.0569732
0.0312041
0.00988887
-0.00743392
-0.0211209
-0.031486
-0.0388187
-0.0433717
-0.0453573
-0.0449552
-0.0423188
-0.0375804
-0.0308547
-0.022242
-0.0118317
0.000295707
0.0140667
0.0294136
0.0462739
0.06459
0.0843131
0.105401
-5.30979
-3.10623
-2.07379
-1.43561
-1.00636
-0.752675
-0.586411
-0.458216
-0.36013
-0.289229
-0.238262
-0.200557
-0.172125
-0.150481
-0.133656
-0.120069
-0.108553
-0.0982714
-0.0885994
-0.0790603
-0.0692915
-0.059021
-0.0480445
-0.0362093
-0.0234025
-0.0095428
0.00542613
0.0215406
0.0388206
0.0572728
0.0768932
0.0976642
0.119588
8.60435
4.51232
2.38979
1.61943
1.18416
0.824743
0.562847
0.391555
0.273427
0.184397
0.116588
0.0661766
0.0288948
0.0010899
-0.0195514
-0.0344538
-0.044654
-0.0509573
-0.0539615
-0.0540979
-0.0516866
-0.0469738
-0.0401525
-0.0313753
-0.0207666
-0.00842972
0.00554541
0.0210795
0.0380988
0.0565356
0.0763194
0.0973991
0.119683
-2.11943
-2.00534
-2.36514
-2.6313
-2.64082
-2.50922
-2.3221
-2.1265
-1.97048
-1.89845
-1.93734
-2.09202
-2.34794
-2.67751
-3.04756
-3.42559
-3.78326
-4.0976
-4.35067
-4.52865
-4.62058
-4.61719
-4.51026
-4.29275
-3.95984
-3.51029
-2.94793
-2.28466
-1.54555
-0.779356
-0.0559065
0.567936
1.08595
1.54185
1.98001
2.41425
2.83787
3.23932
3.60884
3.93993
4.22915
4.4756
4.68035
4.84598
4.97605
5.07466
5.14605
5.19425
5.22276
5.23447
5.23157
5.21568
5.18806
5.14977
5.10186
5.04536
4.98135
4.91086
4.83482
4.75405
4.66926
4.58099
4.48971
4.39577
4.29944
4.20093
4.10042
3.99804
3.89389
3.78806
3.68064
3.57169
3.46127
3.34945
3.23628
3.12181
3.0061
2.88917
2.77108
2.65186
2.53154
2.41014
2.28769
2.16419
2.03967
1.9141
1.78751
1.65987
1.53119
1.40146
1.27064
1.1388
1.00582
0.872034
0.736892
0.601839
0.46444
0.330518
0.189802
0.0636871
-2.03904
-2.1583
-2.4073
-2.54633
-2.50488
-2.3724
-2.2093
-2.04606
-1.9183
-1.86218
-1.90066
-2.03881
-2.26547
-2.55782
-2.88713
-3.22398
-3.5417
-3.81797
-4.03493
-4.17869
-4.23841
-4.20542
-4.07266
-3.83458
-3.48745
-3.03023
-2.46698
-1.81078
-1.08765
-0.343943
0.354015
0.949357
1.43478
1.85502
2.25646
2.65506
3.04599
3.41876
3.76391
4.07477
4.3474
4.5803
4.77385
4.92993
5.05143
5.14191
5.2052
5.24512
5.26517
5.26842
5.25735
5.23392
5.19963
5.15574
5.10333
5.04338
4.97685
4.90462
4.82747
4.7461
4.66109
4.5729
4.48192
4.38843
4.29268
4.19483
4.09502
3.99336
3.88994
3.78483
3.67811
3.56982
3.46003
3.34879
3.23616
3.12218
3.0069
2.89036
2.77261
2.65368
2.5336
2.41241
2.29013
2.16677
2.04236
1.91688
1.79036
1.66279
1.53417
1.40449
1.27374
1.14197
1.00906
0.875363
0.740277
0.605289
0.467807
0.33381
0.192421
0.0657988
-1.9182
-2.04408
-2.1805
-2.28434
-2.29027
-2.21975
-2.11169
-1.99489
-1.90061
-1.86036
-1.89539
-2.01209
-2.20305
-2.45045
-2.73056
-3.01797
-3.28871
-3.52198
-3.70056
-3.81068
-3.84145
-3.78417
-3.63183
-3.37898
-3.02221
-2.56155
-2.00264
-1.35904
-0.655371
0.0645031
0.736484
1.30444
1.76107
2.15077
2.52033
2.8874
3.24897
3.59564
3.91834
4.21032
4.4673
4.68728
4.87005
5.01687
5.13003
5.21255
5.26787
5.29957
5.31113
5.30578
5.28628
5.25495
5.2136
5.16368
5.10636
5.04259
4.97323
4.899
4.82056
4.73844
4.6531
4.56492
4.47419
4.38113
4.28594
4.18874
4.08963
3.98871
3.88603
3.78166
3.67564
3.56803
3.45888
3.34824
3.23615
3.12266
3.00782
2.89168
2.77427
2.65563
2.53581
2.41482
2.29271
2.16949
2.04519
1.9198
1.79336
1.66585
1.53728
1.40766
1.27697
1.14527
1.01243
0.878806
0.743771
0.608826
0.471257
0.337118
0.195033
0.067824
-1.81093
-1.9376
-2.05517
-2.15407
-2.17683
-2.12583
-2.03757
-1.94241
-1.86656
-1.83509
-1.86554
-1.96374
-2.12411
-2.33229
-2.56841
-2.81058
-3.03748
-3.23004
-3.37201
-3.45005
-3.45336
-3.37325
-3.20284
-2.93717
-2.57369
-2.11326
-1.5619
-0.932903
-0.24973
0.445789
1.09157
1.63278
2.06276
2.42494
2.76567
3.104
3.43865
3.7613
4.06327
4.33779
4.5803
4.78835
4.96123
5.0996
5.20521
5.28056
5.32868
5.35291
5.35667
5.34329
5.3158
5.27685
5.22855
5.17261
5.11029
5.04258
4.97025
4.8939
4.81403
4.73107
4.64534
4.55711
4.46659
4.37394
4.27928
4.18271
4.0843
3.9841
3.88215
3.7785
3.67319
3.56625
3.45773
3.34767
3.23612
3.12311
3.00871
2.89295
2.77587
2.65752
2.53795
2.41717
2.29522
2.17214
2.04795
1.92265
1.79628
1.66884
1.54032
1.41076
1.28013
1.14849
1.01571
0.882155
0.747159
0.612229
0.474553
0.340215
0.197402
0.0695422
-1.71529
-1.83378
-1.93464
-2.01271
-2.0349
-2.0012
-1.9381
-1.86944
-1.81522
-1.79503
-1.82354
-1.90634
-2.03968
-2.21225
-2.40775
-2.60752
-2.79285
-2.94646
-3.05325
-3.10047
-3.07766
-2.97636
-2.79003
-2.51408
-2.14641
-1.68834
-1.14617
-0.532941
0.128917
0.799603
1.41949
1.93568
2.34201
2.68011
2.99524
3.30762
3.61769
3.91822
4.20102
4.45931
4.68835
4.88531
5.04901
5.17958
5.27825
5.34704
5.38858
5.40593
5.40243
5.38147
5.34631
5.29991
5.24472
5.18268
5.11525
5.04342
4.96794
4.88931
4.80789
4.72396
4.63775
4.5494
4.45904
4.36677
4.27263
4.17668
4.07895
3.97946
3.87824
3.77531
3.6707
3.56442
3.45653
3.34705
3.23603
3.12351
3.00954
2.89416
2.77742
2.65936
2.54002
2.41945
2.29768
2.17473
2.05065
1.92544
1.79915
1.67177
1.54331
1.41381
1.28323
1.15165
1.01893
0.885431
0.750466
0.615528
0.477731
0.343141
0.199591
0.0710062
-1.62626
-1.73247
-1.81982
-1.88482
-1.90969
-1.89204
-1.84876
-1.79875
-1.75881
-1.74504
-1.76966
-1.83772
-1.94661
-2.08727
-2.24619
-2.40744
-2.5546
-2.67213
-2.7461
-2.76455
-2.71748
-2.5968
-2.39628
-2.11174
-1.74149
-1.28726
-0.755535
-0.159061
0.480699
1.12601
1.72031
2.21334
2.59918
2.91682
3.20974
3.49908
3.78692
4.06723
4.33233
4.57558
4.79209
4.97872
5.13387
5.25723
5.34952
5.41229
5.4478
5.45882
5.44855
5.42043
5.3779
5.32421
5.26216
5.19396
5.12126
5.04515
4.96633
4.88522
4.80209
4.71709
4.63029
4.54175
4.4515
4.35955
4.26591
4.17056
4.0735
3.97473
3.87423
3.77202
3.6681
3.5625
3.45523
3.34634
3.23585
3.12382
3.01028
2.89528
2.77887
2.6611
2.54201
2.42164
2.30004
2.17724
2.05327
1.92816
1.80194
1.67463
1.54623
1.41679
1.28626
1.15475
1.02209
0.888634
0.753693
0.618728
0.480801
0.345911
0.201644
0.0722428
-1.54217
-1.6357
-1.71204
-1.7679
-1.79329
-1.78576
-1.75656
-1.72063
-1.69184
-1.68301
-1.70397
-1.75904
-1.84635
-1.95867
-2.08476
-2.21109
-2.32331
-2.40756
-2.45113
-2.44288
-2.37341
-2.23505
-2.02197
-1.73038
-1.35901
-0.909947
-0.389791
0.189046
0.80602
1.42553
1.99457
2.46614
2.83438
3.13495
3.40898
3.67813
3.9461
4.20803
4.45689
4.68625
4.89113
5.06816
5.21539
5.3321
5.41855
5.47586
5.50591
5.51116
5.49466
5.45984
5.41031
5.34956
5.28074
5.20636
5.12828
5.04771
4.96538
4.88163
4.79663
4.71041
4.62292
4.5341
4.4439
4.35225
4.25906
4.1643
4.0679
3.96983
3.87005
3.76856
3.66534
3.5604
3.45377
3.34545
3.23551
3.12396
3.01085
2.89624
2.78018
2.6627
2.54386
2.4237
2.30227
2.17962
2.05577
1.93076
1.80462
1.67738
1.54905
1.41967
1.28921
1.15775
1.02515
0.891738
0.756819
0.621807
0.483749
0.348513
0.203572
0.0732502
-1.46185
-1.54353
-1.6102
-1.65874
-1.68337
-1.68249
-1.66373
-1.6385
-1.6179
-1.61209
-1.62894
-1.67202
-1.73998
-1.82694
-1.92358
-2.01834
-2.09879
-2.15257
-2.16819
-2.13539
-2.04542
-1.89112
-1.66711
-1.37
-0.998925
-0.556265
-0.0486961
0.511732
1.1054
1.69889
2.24317
2.69488
3.04805
3.3346
3.59284
3.84459
4.09494
4.3403
4.57433
4.79089
4.98501
5.15314
5.29305
5.40364
5.48478
5.53718
5.56233
5.56241
5.54026
5.49927
5.44316
5.37567
5.30026
5.21974
5.13623
5.05108
4.96506
4.87851
4.79148
4.7039
4.61561
4.52643
4.43621
4.34479
4.25203
4.15783
4.06207
3.96469
3.86563
3.76485
3.66233
3.55806
3.45206
3.34434
3.23493
3.12387
3.01121
2.89699
2.78126
2.66408
2.5455
2.42556
2.30432
2.18182
2.0581
1.93319
1.80715
1.67999
1.55173
1.42241
1.29202
1.16063
1.02809
0.894715
0.759816
0.624744
0.486558
0.350934
0.205382
0.0740241
-1.38452
-1.45542
-1.51337
-1.55564
-1.5788
-1.58202
-1.57054
-1.55291
-1.53786
-1.53343
-1.54577
-1.57777
-1.62833
-1.69264
-1.76288
-1.82923
-1.8809
-1.90697
-1.89709
-1.84193
-1.73343
-1.56498
-1.33167
-1.03055
-0.661134
-0.226055
0.268004
0.809387
1.37943
1.947
2.46723
2.9006
3.2409
3.51611
3.76141
3.99836
4.23328
4.46379
4.68434
4.88915
5.07333
5.23322
5.36636
5.47134
5.54766
5.59567
5.61648
5.61198
5.58479
5.53821
5.47604
5.40221
5.32045
5.23392
5.14498
5.05518
4.96535
4.87584
4.78663
4.69755
4.60834
4.5187
4.42839
4.33715
4.24477
4.15109
4.05596
3.95926
3.86091
3.76084
3.65901
3.55541
3.45004
3.34291
3.23404
3.12348
3.01127
2.89745
2.78207
2.6652
2.54688
2.42717
2.30613
2.18379
2.0602
1.93542
1.80947
1.6824
1.55423
1.42499
1.29467
1.16335
1.03087
0.897537
0.76266
0.627516
0.489211
0.353162
0.207085
0.0745624
-1.30956
-1.37074
-1.42077
-1.45742
-1.47858
-1.48391
-1.4771
-1.46448
-1.45281
-1.44835
-1.45584
-1.47749
-1.51233
-1.55635
-1.60298
-1.64385
-1.6696
-1.67063
-1.63771
-1.5624
-1.43735
-1.25656
-1.01562
-0.711993
-0.345549
0.0808603
0.560608
1.08248
1.62881
2.17084
2.66794
3.08442
3.41376
3.67995
3.91485
4.13942
4.36097
4.57828
4.78664
4.98068
5.15569
5.30795
5.43484
5.53467
5.60664
5.65075
5.66776
5.65927
5.62766
5.57613
5.50847
5.42878
5.34104
5.2487
5.15441
5.05993
4.9662
4.87359
4.78207
4.69136
4.6011
4.5109
4.4204
4.32928
4.23724
4.14405
4.04951
3.95348
3.85582
3.75645
3.65532
3.55238
3.44765
3.34111
3.23279
3.12273
3.01097
2.89756
2.78254
2.66599
2.54795
2.42848
2.30763
2.18547
2.06204
1.93739
1.81155
1.68458
1.5565
1.42735
1.29711
1.16587
1.03346
0.900172
0.765323
0.6301
0.491691
0.355188
0.208687
0.0748635
-1.23653
-1.28896
-1.33176
-1.36318
-1.3819
-1.38782
-1.38359
-1.37385
-1.36377
-1.35809
-1.36042
-1.37233
-1.39291
-1.41875
-1.4443
-1.46239
-1.46494
-1.44353
-1.38999
-1.29674
-1.15716
-0.965859
-0.71892
-0.414253
-0.0520328
0.364724
0.829501
1.33157
1.85435
2.37148
2.84654
3.24751
3.56753
3.82668
4.05341
4.26779
4.47788
4.68356
4.88094
5.06516
5.23171
5.37691
5.498
5.5931
5.66114
5.7018
5.71554
5.70364
5.66826
5.61243
5.53993
5.45494
5.36166
5.26382
5.16435
5.06523
4.96756
4.87176
4.77779
4.68532
4.59389
4.50302
4.41226
4.32117
4.22941
4.13666
4.04269
3.94729
3.85031
3.75163
3.65118
3.54891
3.44481
3.33886
3.2311
3.12155
3.01025
2.89725
2.78261
2.66638
2.54863
2.42941
2.30879
2.18682
2.06355
1.93904
1.81334
1.68649
1.55851
1.42946
1.29931
1.16815
1.03583
0.902589
0.767775
0.632473
0.493981
0.357
0.210193
0.0749275
-1.16507
-1.20963
-1.2458
-1.27227
-1.28817
-1.29351
-1.29022
-1.28165
-1.27166
-1.2638
-1.2607
-1.26341
-1.27102
-1.28057
-1.28732
-1.28515
-1.26707
-1.22574
-1.15393
-1.04492
-0.892817
-0.692815
-0.441505
-0.1372
0.219637
0.625881
1.07519
1.55737
2.05696
2.55005
3.00427
3.39104
3.70313
3.95691
4.17741
4.38357
4.58396
4.77945
4.96699
5.14226
5.30102
5.43967
5.55538
5.64613
5.7106
5.74823
5.75918
5.74444
5.70594
5.64651
5.56985
5.48021
5.38193
5.279
5.1746
5.07096
4.96936
4.87032
4.7738
4.67944
4.58673
4.49508
4.40394
4.31282
4.22126
4.12891
4.03546
3.94066
3.84433
3.74633
3.64655
3.54494
3.44147
3.33612
3.22891
3.11987
3.00904
2.89647
2.78221
2.66632
2.54887
2.42992
2.30953
2.18776
2.06468
1.94033
1.81478
1.68806
1.5602
1.43127
1.30123
1.17017
1.03793
0.904752
0.769987
0.634606
0.49606
0.358587
0.211605
0.0747548
-1.09497
-1.13241
-1.16247
-1.18419
-1.19697
-1.20086
-1.19721
-1.18844
-1.17735
-1.16653
-1.15782
-1.15183
-1.14761
-1.14257
-1.13263
-1.11253
-1.07623
-1.01736
-0.929575
-0.806952
-0.64428
-0.437345
-0.183221
0.119398
0.469803
0.864815
1.29831
1.76069
2.23767
2.70774
3.14236
3.51612
3.82146
4.07127
4.2872
4.48687
4.67916
4.86581
5.04458
5.21171
5.3633
5.49586
5.60656
5.69327
5.75452
5.78948
5.79808
5.78105
5.74005
5.67773
5.59766
5.50407
5.40143
5.2939
5.18492
5.07697
4.97152
4.86923
4.77009
4.67376
4.57964
4.4871
4.39549
4.30423
4.21281
4.12079
4.0278
3.93357
3.83786
3.74051
3.64139
3.54043
3.43758
3.33282
3.22617
3.11764
3.00729
2.89515
2.78128
2.66575
2.54861
2.42994
2.3098
2.18826
2.06538
1.94121
1.81582
1.68924
1.56153
1.43273
1.30282
1.17187
1.03974
0.906626
0.771923
0.636473
0.497905
0.359937
0.21292
0.0743488
-1.02609
-1.05706
-1.08145
-1.09859
-1.10803
-1.10978
-1.10479
-1.09475
-1.08164
-1.06727
-1.05286
-1.03865
-1.02365
-1.00557
-0.980844
-0.944964
-0.892717
-0.818567
-0.716992
-0.582808
-0.411454
-0.199278
0.0561884
0.355903
0.698953
1.08216
1.49966
1.94249
2.39758
2.84573
3.26199
3.62384
3.9234
4.17038
4.38316
4.57787
4.76351
4.94254
5.11352
5.27328
5.41825
5.54514
5.65117
5.73412
5.79241
5.82503
5.83169
5.81287
5.76999
5.70548
5.62276
5.526
5.41969
5.30815
5.19504
5.08307
4.97394
4.86844
4.76666
4.66827
4.57265
4.4791
4.38692
4.29543
4.20406
4.11229
4.01972
3.92601
3.83088
3.73415
3.63566
3.53533
3.43309
3.32891
3.22281
3.11481
3.00493
2.89323
2.77977
2.6646
2.54779
2.42942
2.30955
2.18824
2.06558
1.94161
1.8164
1.69
1.56245
1.43379
1.30402
1.1732
1.0412
0.908169
0.773548
0.638043
0.499492
0.361036
0.214133
0.0737138
-0.958366
-0.983413
-1.00254
-1.01524
-1.02117
-1.02029
-1.01322
-1.0011
-0.985267
-0.966927
-0.946805
-0.924859
-0.900062
-0.870331
-0.832583
-0.782907
-0.716812
-0.62951
-0.516212
-0.372414
-0.194167
0.0216592
0.277104
0.572817
0.907726
1.27869
1.68017
2.10384
2.53784
2.96523
3.36431
3.7152
4.00977
4.25485
4.46567
4.65678
4.83705
5.0096
5.17371
5.32678
5.46566
5.58726
5.68888
5.76831
5.82387
5.85442
5.85949
5.83935
5.79517
5.72917
5.64458
5.54543
5.43622
5.32135
5.20465
5.08905
4.97648
4.86788
4.76349
4.66299
4.56579
4.47115
4.37828
4.28647
4.19505
4.10346
4.01123
3.91797
3.82338
3.72723
3.62934
3.52961
3.42796
3.32436
3.21881
3.11132
3.00192
2.89066
2.77761
2.66282
2.54635
2.42829
2.30871
2.18766
2.06523
1.94148
1.81648
1.69027
1.5629
1.43441
1.3048
1.17413
1.04227
0.909341
0.774823
0.639283
0.500793
0.361867
0.215233
0.0728584
-0.891768
-0.911374
-0.925563
-0.933969
-0.936289
-0.93242
-0.922725
-0.907931
-0.888889
-0.866322
-0.840575
-0.81138
-0.777691
-0.737612
-0.688441
-0.626792
-0.548791
-0.45031
-0.327216
-0.175626
0.00784862
0.225855
0.480043
0.770791
1.09691
1.45534
1.84087
2.24588
2.65967
3.06742
3.45042
3.79115
4.08133
4.32523
4.5351
4.72378
4.89987
5.06698
5.22505
5.3721
5.50535
5.62199
5.71945
5.79556
5.84857
5.87729
5.88107
5.86001
5.81508
5.74825
5.66255
5.56184
5.45054
5.33307
5.2134
5.09465
4.97896
4.86747
4.76053
4.65794
4.5591
4.46326
4.36962
4.27737
4.18582
4.09431
4.00235
3.90948
3.81536
3.71974
3.62242
3.52326
3.42218
3.31913
3.21411
3.10713
2.99821
2.8874
2.77476
2.66036
2.54425
2.42651
2.30723
2.18646
2.06429
1.94078
1.81599
1.68999
1.56282
1.43453
1.30511
1.1746
1.0429
0.910097
0.775708
0.640159
0.501778
0.362415
0.216207
0.071793
-0.826309
-0.840886
-0.850436
-0.854682
-0.85334
-0.846244
-0.833556
-0.815685
-0.793108
-0.766188
-0.734976
-0.699036
-0.657315
-0.608082
-0.548956
-0.476999
-0.388873
-0.281027
-0.149914
0.00779012
0.194965
0.413818
0.665651
0.950609
1.26742
1.61315
1.98294
2.36984
2.76432
3.15351
3.52137
3.85256
4.13878
4.38203
4.5918
4.77909
4.95207
5.11469
5.26753
5.40915
5.53722
5.64922
5.74273
5.81566
5.86629
5.89334
5.89609
5.87447
5.82927
5.76223
5.67615
5.57469
5.46213
5.34286
5.22091
5.09958
4.98117
4.86705
4.75772
4.65307
4.55258
4.4555
4.36098
4.26821
4.17641
4.08491
3.99311
3.90055
3.80685
3.7117
3.61489
3.51626
3.41572
3.31321
3.2087
3.10221
2.99377
2.88341
2.77119
2.65717
2.54142
2.42403
2.30506
2.18458
2.06269
1.93943
1.81489
1.68913
1.56218
1.4341
1.30488
1.17457
1.04305
0.910395
0.776162
0.640635
0.502415
0.362663
0.217037
0.070533
-0.762021
-0.771925
-0.777101
-0.777325
-0.772318
-0.761854
-0.745938
-0.724738
-0.698451
-0.667165
-0.630715
-0.588545
-0.539609
-0.482323
-0.414582
-0.333835
-0.237205
-0.121648
0.0158655
0.178161
0.367658
0.586171
0.834693
1.11317
1.4203
1.75326
2.10759
2.47699
2.85304
3.22465
3.57818
3.90027
4.18275
4.42572
4.63604
4.82288
4.99374
5.15279
5.30114
5.43792
5.56124
5.66888
5.75863
5.82852
5.87686
5.90239
5.9043
5.88243
5.83738
5.7707
5.68492
5.5835
5.47051
5.35026
5.22679
5.1035
4.98288
4.86647
4.75496
4.64836
4.54624
4.44787
4.35242
4.25904
4.1669
4.07529
3.98358
3.89124
3.79787
3.70312
3.60677
3.50863
3.40858
3.30657
3.20256
3.09655
2.98856
2.87864
2.76684
2.65322
2.53784
2.4208
2.30215
2.18199
2.06038
1.93741
1.81313
1.68762
1.56092
1.43307
1.30408
1.17398
1.04267
0.910188
0.776141
0.640676
0.502671
0.362591
0.217701
0.069096
-0.698946
-0.704493
-0.705534
-0.70188
-0.693246
-0.679352
-0.660084
-0.635429
-0.605372
-0.569802
-0.528395
-0.480516
-0.42514
-0.360816
-0.285682
-0.197519
-0.0938503
0.0279249
0.170382
0.335901
0.526497
0.743632
0.988031
1.25948
1.55665
1.87689
2.2161
2.56864
2.9271
3.282
3.62184
3.93508
4.21384
4.45667
4.66806
4.85526
5.02494
5.1813
5.32592
5.45844
5.57742
5.68099
5.76716
5.83412
5.88027
5.90437
5.90559
5.8837
5.83916
5.77333
5.68849
5.58783
5.47523
5.35482
5.23061
5.10605
4.98378
4.86551
4.7521
4.64373
4.54005
4.44041
4.34397
4.24989
4.15733
4.06552
3.97379
3.88159
3.78846
3.69405
3.59808
3.50036
3.40077
3.29922
3.19567
3.09011
2.98257
2.87308
2.7617
2.64847
2.53347
2.41678
2.29848
2.17863
2.05733
1.93465
1.81066
1.68542
1.55899
1.43139
1.30265
1.17279
1.04172
0.909433
0.775606
0.640245
0.502513
0.362181
0.218175
0.0675055
-0.637137
-0.638605
-0.635733
-0.628351
-0.616161
-0.598842
-0.576187
-0.548047
-0.514256
-0.474555
-0.428514
-0.375448
-0.314366
-0.243942
-0.162524
-0.068183
0.0412089
0.167868
0.313969
0.481505
0.672128
0.886995
1.1266
1.3906
1.67766
1.9853
2.30979
2.64609
2.98775
3.32671
3.65334
3.9578
4.23264
4.47526
4.68803
4.87629
5.04568
5.20025
5.34189
5.47075
5.58584
5.68562
5.76841
5.83254
5.87657
5.89931
5.89996
5.87823
5.83448
5.7699
5.68654
5.58733
5.47587
5.35611
5.23196
5.10686
4.98356
4.86392
4.74898
4.63907
4.53396
4.43308
4.33565
4.24083
4.14775
4.05565
3.96381
3.87165
3.77868
3.68451
3.58886
3.4915
3.3923
3.29116
3.18804
3.08291
2.9758
2.86672
2.75574
2.6429
2.52828
2.41195
2.29399
2.17448
2.0535
1.93113
1.80744
1.6825
1.55634
1.42903
1.30056
1.17096
1.04014
0.90809
0.774516
0.639308
0.501907
0.361416
0.218434
0.0657877
-0.576646
-0.574288
-0.567713
-0.556758
-0.541114
-0.520427
-0.494418
-0.462842
-0.425424
-0.381804
-0.331477
-0.273741
-0.207646
-0.131981
-0.0452833
0.0541246
0.168068
0.298426
0.447028
0.615523
0.805251
1.0171
1.25136
1.5076
1.7845
2.07974
2.38995
2.71065
3.03624
3.35991
3.67368
3.96923
4.23975
4.48184
4.69607
4.88594
5.05588
5.20956
5.34905
5.47491
5.58659
5.68293
5.76254
5.82397
5.86594
5.88737
5.88751
5.86606
5.82332
5.76032
5.6789
5.58172
5.47209
5.35375
5.23044
5.10555
4.98189
4.86143
4.74538
4.63422
4.52787
4.42585
4.32745
4.23185
4.13821
4.04573
3.95369
3.86147
3.76856
3.67455
3.57913
3.48207
3.3832
3.28242
3.17967
3.07494
2.96822
2.85955
2.74895
2.6365
2.52225
2.40629
2.28868
2.16951
2.04886
1.92682
1.80344
1.6788
1.55295
1.42594
1.29776
1.16844
1.03791
0.90612
0.772835
0.637833
0.500825
0.360279
0.218451
0.0639743
-0.517532
-0.511582
-0.501502
-0.487138
-0.468166
-0.444206
-0.414932
-0.380028
-0.339144
-0.291853
-0.23761
-0.175708
-0.105248
-0.0251301
0.0659422
0.169425
0.286881
0.419898
0.570001
0.738543
0.92659
1.1348
1.36331
1.61159
1.87835
2.16145
2.45785
2.76358
3.07379
3.38275
3.68388
3.97026
4.23583
4.47679
4.6923
4.88414
5.05539
5.20909
5.34731
5.47091
5.57976
5.67307
5.74977
5.80867
5.84866
5.86882
5.86849
5.8474
5.80582
5.74464
5.66551
5.57084
5.46366
5.34743
5.22569
5.10176
4.97841
4.85773
4.74105
4.62901
4.52166
4.41864
4.31934
4.22298
4.12873
4.0358
3.94347
3.8511
3.75816
3.66422
3.56895
3.47209
3.37349
3.27301
3.1706
3.06622
2.95987
2.85156
2.74134
2.62926
2.51538
2.39977
2.28252
2.1637
2.04339
1.92168
1.79863
1.67432
1.54879
1.42208
1.29422
1.16521
1.03499
0.903492
0.770532
0.635793
0.499238
0.358757
0.2182
0.0620997
-0.459856
-0.450532
-0.437143
-0.419539
-0.397383
-0.37028
-0.33787
-0.299791
-0.255642
-0.204957
-0.147171
-0.0815907
-0.0073734
0.0764796
0.171113
0.27779
0.397843
0.532607
0.683346
0.851156
1.03687
1.24095
1.46338
1.70359
1.96033
2.23161
2.51469
2.80607
3.10156
3.39632
3.68497
3.96183
4.22167
4.46062
4.6769
4.87077
5.04393
5.19856
5.33648
5.45869
5.56541
5.65621
5.73036
5.78694
5.82509
5.84405
5.84328
5.82259
5.78223
5.72303
5.64645
5.55467
5.45043
5.33691
5.21743
5.09515
4.9728
4.85251
4.73572
4.6232
4.51515
4.41135
4.31125
4.21416
4.11929
4.02588
3.93319
3.84059
3.74753
3.65356
3.55835
3.46162
3.36321
3.26297
3.16084
3.05677
2.95074
2.84278
2.73292
2.62119
2.50767
2.39242
2.27551
2.15704
2.03708
1.9157
1.793
1.66902
1.54382
1.41745
1.28992
1.16124
1.03135
0.900181
0.767584
0.633166
0.497126
0.356841
0.217657
0.0602032
-0.40369
-0.3912
-0.374695
-0.354025
-0.328847
-0.298756
-0.26337
-0.222299
-0.175114
-0.121329
-0.0603751
0.00841534
0.0858265
0.17276
0.270227
0.379317
0.501164
0.636885
0.787517
0.953935
1.13677
1.33633
1.55248
1.7846
2.03148
2.2913
2.56159
2.83925
3.12066
3.40173
3.67803
3.94498
4.19819
4.43404
4.6502
4.84579
5.0212
5.17757
5.3162
5.43803
5.54348
5.63247
5.70456
5.75917
5.79568
5.81354
5.81238
5.7921
5.75299
5.69583
5.62197
5.53333
5.43241
5.3221
5.20545
5.08546
4.96476
4.84547
4.72911
4.61656
4.50816
4.40381
4.30307
4.20534
4.10988
4.01596
3.92286
3.82995
3.73668
3.6426
3.54736
3.45069
3.35239
3.25233
3.15042
3.04661
2.94088
2.83323
2.72369
2.61231
2.49913
2.38422
2.26766
2.14954
2.02992
1.9089
1.78654
1.6629
1.53806
1.41203
1.28485
1.15652
1.02698
0.896173
0.763976
0.62994
0.494473
0.354524
0.216802
0.0583255
-0.349118
-0.333666
-0.314235
-0.290682
-0.262657
-0.229752
-0.191575
-0.147721
-0.0977482
-0.0411647
0.0225863
0.0941408
0.174223
0.263643
0.36329
0.474103
0.597042
0.733036
0.882927
1.0474
1.22693
1.42166
1.6314
1.85547
2.09274
2.34151
2.59955
2.86413
3.1321
3.39999
3.66414
3.92084
4.16651
4.398
4.61282
4.80938
4.98696
5.14565
5.28597
5.40854
5.51378
5.60184
5.67258
5.72572
5.76092
5.77786
5.77639
5.75655
5.71869
5.66359
5.59248
5.50713
5.40977
5.30303
5.18969
5.07253
4.95406
4.83635
4.72096
4.60884
4.50047
4.39585
4.29468
4.19642
4.10043
4.006
3.91246
3.81919
3.72565
3.63138
3.53603
3.43932
3.34107
3.24112
3.13937
3.03578
2.9303
2.82293
2.7137
2.60263
2.48978
2.37521
2.25899
2.14121
2.02194
1.90126
1.77926
1.65598
1.53149
1.40582
1.279
1.15104
1.02188
0.891464
0.759703
0.626112
0.491277
0.351809
0.21562
0.0565107
-0.296244
-0.27803
-0.255868
-0.229622
-0.198938
-0.16341
-0.122646
-0.0762354
-0.0237358
0.0353381
0.101523
0.175418
0.257685
0.349051
0.450294
0.562221
0.685641
0.821319
0.969933
1.13201
1.30788
1.49758
1.70084
1.91698
2.14491
2.38307
2.62945
2.88161
3.13682
3.39208
3.64434
3.89059
4.12795
4.35379
4.56581
4.76211
4.94128
5.10242
5.2452
5.36962
5.47588
5.56414
5.63447
5.68687
5.72128
5.73765
5.73605
5.71671
5.68008
5.62699
5.55861
5.47657
5.38289
5.27993
5.17023
5.05633
4.94057
4.82497
4.71104
4.59982
4.49185
4.38728
4.2859
4.18727
4.09083
3.99594
3.90196
3.80829
3.71441
3.61988
3.52435
3.42755
3.32927
3.22936
3.12773
3.02431
2.91904
2.81193
2.70297
2.5922
2.47966
2.36541
2.24952
2.13208
2.01316
1.89283
1.77118
1.64826
1.52414
1.39884
1.2724
1.14482
1.01606
0.886064
0.754775
0.621688
0.487542
0.348704
0.214099
0.0548023
-0.245198
-0.224423
-0.199731
-0.170989
-0.137847
-0.099904
-0.0567725
-0.00804679
0.0467081
0.107962
0.176227
0.252058
0.33606
0.42888
0.531196
0.6437
0.767068
0.901928
1.04881
1.20813
1.38007
1.5646
1.76139
1.96977
2.18868
2.41671
2.65202
2.89246
3.1356
3.37886
3.61964
3.85543
4.08391
4.30297
4.51066
4.70516
4.88474
5.04788
5.19341
5.3206
5.42913
5.51893
5.59009
5.64278
5.67719
5.69354
5.69214
5.67345
5.63809
5.58695
5.5212
5.44239
5.35236
5.25325
5.14736
5.037
4.92433
4.81123
4.6992
4.58929
4.48212
4.37791
4.27656
4.17774
4.08097
3.98568
3.89127
3.79719
3.70294
3.60809
3.51232
3.41536
3.317
3.21709
3.11552
3.01222
2.90714
2.80025
2.69154
2.58105
2.46881
2.35487
2.23931
2.1222
2.00361
1.88364
1.76234
1.63979
1.51603
1.39112
1.26506
1.13788
1.00955
0.879998
0.749215
0.616693
0.483287
0.345229
0.212239
0.0532439
-0.19614
-0.173014
-0.145999
-0.114972
-0.0795854
-0.0394497
0.00581411
0.0566008
0.113331
0.176455
0.246451
0.323836
0.409154
0.502979
0.605902
0.71851
0.841367
0.974981
1.11977
1.27602
1.44385
1.62314
1.81353
2.01435
2.22461
2.44301
2.66788
2.8973
3.12913
3.36109
3.59093
3.8165
4.03588
4.24735
4.44936
4.64038
4.81876
4.98274
5.13064
5.261
5.37281
5.46553
5.53899
5.59333
5.62886
5.64605
5.64546
5.62776
5.5938
5.54458
5.48135
5.4056
5.31907
5.22373
5.12165
5.01492
4.90554
4.79524
4.68544
4.57718
4.47112
4.36756
4.26649
4.16767
4.0707
3.97509
3.88029
3.78581
3.69116
3.59597
3.49992
3.40274
3.30425
3.20429
3.10276
2.99955
2.89463
2.78793
2.67946
2.56923
2.45727
2.34364
2.22839
2.11161
1.99336
1.87374
1.7528
1.63061
1.50724
1.38271
1.25705
1.13028
1.00239
0.873311
0.743066
0.611163
0.478546
0.34141
0.210046
0.0518756
-0.149272
-0.124013
-0.094896
-0.0618065
-0.0244048
0.0176862
0.0648329
0.117415
0.175834
0.240516
0.311907
0.390479
0.476723
0.571147
0.674259
0.786559
0.908512
1.04053
1.18292
1.3359
1.49948
1.67352
1.85763
2.05116
2.25317
2.46247
2.67755
2.89669
3.11799
3.33942
3.55899
3.77482
3.98522
4.18875
4.38416
4.57024
4.74566
4.90882
5.05788
5.19099
5.3065
5.40321
5.48045
5.53804
5.57622
5.5955
5.59666
5.5806
5.54837
5.50117
5.44037
5.36748
5.28421
5.1924
5.09395
4.99079
4.88471
4.77731
4.66992
4.56354
4.45883
4.35615
4.25557
4.15692
4.05988
3.96403
3.86891
3.77404
3.679
3.58345
3.48707
3.38965
3.291
3.19097
3.08944
2.98632
2.88153
2.77502
2.66678
2.5568
2.44512
2.33178
2.21684
2.10038
1.98247
1.8632
1.74262
1.6208
1.49781
1.37367
1.24843
1.12208
0.994647
0.866067
0.736388
0.605155
0.47337
0.337289
0.207538
0.0507335
-0.104838
-0.0776796
-0.0466958
-0.0117823
0.0273895
0.0711837
0.119951
0.174052
0.233869
0.2998
0.372258
0.451673
0.538485
0.633138
0.736074
0.847713
0.968437
1.09857
1.23835
1.3879
1.54719
1.71604
1.89405
2.08059
2.27479
2.47555
2.68151
2.89113
3.10271
3.31443
3.52452
3.73127
3.93314
4.12885
4.3173
4.49753
4.66852
4.82904
4.97751
5.11206
5.23071
5.33173
5.4138
5.47619
5.51873
5.54179
5.5461
5.53273
5.50293
5.45811
5.3998
5.32962
5.24932
5.16068
5.06554
4.96566
4.86268
4.75809
4.65309
4.54864
4.4454
4.34372
4.24375
4.14539
4.04839
3.95239
3.85698
3.76175
3.66634
3.57041
3.47371
3.37603
3.27721
3.17709
3.07556
2.97252
2.86787
2.76155
2.65354
2.54381
2.43241
2.31936
2.20473
2.0886
1.97103
1.8521
1.73189
1.61045
1.48784
1.36411
1.23928
1.11337
0.986411
0.85835
0.729265
0.598745
0.467827
0.332917
0.204741
0.0498458
-0.0631305
-0.0343208
-0.00172196
0.0347611
0.0754441
0.120676
0.170791
0.226131
0.287055
0.353933
0.427146
0.507082
0.594136
0.688698
0.791145
0.901831
1.02107
1.14911
1.28612
1.43218
1.58721
1.751
1.92314
2.10305
2.28992
2.48273
2.68027
2.88114
3.08382
3.28669
3.48814
3.6866
3.88065
4.06905
4.25076
4.42491
4.59068
4.74717
4.89321
5.0273
5.14759
5.25213
5.33912
5.40722
5.45565
5.48428
5.49357
5.48448
5.45832
5.41666
5.36122
5.29379
5.21622
5.13039
5.03808
4.94101
4.84073
4.7386
4.63575
4.53308
4.4312
4.33051
4.23116
4.13312
4.03619
3.94007
3.8444
3.74884
3.65304
3.55674
3.45971
3.36178
3.26279
3.1626
3.0611
2.95815
2.85366
2.74755
2.63977
2.53032
2.4192
2.30645
2.19214
2.07633
1.95911
1.84054
1.7207
1.59965
1.47745
1.35413
1.22973
1.10427
0.977794
0.850273
0.721803
0.592032
0.462007
0.328364
0.201697
0.0492317
-0.0244721
0.00572251
0.0396698
0.0774555
0.11938
0.165777
0.216964
0.273264
0.335011
0.402549
0.476228
0.5564
0.643414
0.737612
0.839319
0.948831
1.0664
1.19222
1.32641
1.46899
1.61986
1.77879
1.94538
2.11907
2.29913
2.48462
2.67444
2.86735
3.06197
3.25685
3.45052
3.64153
3.82856
4.01039
4.18598
4.35445
4.51501
4.66691
4.80932
4.94116
5.06106
5.16733
5.2581
5.33163
5.38658
5.42215
5.43824
5.43536
5.41462
5.37752
5.32588
5.26166
5.1869
5.1036
5.01367
4.91883
4.82062
4.72037
4.61916
4.51784
4.417
4.31704
4.21814
4.1203
4.02336
3.92707
3.83112
3.73519
3.639
3.54232
3.44496
3.34679
3.24766
3.14744
3.04599
2.94318
2.83889
2.73303
2.62552
2.51636
2.40555
2.29312
2.17915
2.06369
1.94683
1.82864
1.70919
1.58854
1.46676
1.34386
1.2199
1.09491
0.968937
0.841974
0.714137
0.585142
0.456023
0.323717
0.198463
0.0488982
0.0107891
0.0420983
0.0771223
0.115942
0.158839
0.206134
0.258126
0.315119
0.377427
0.445368
0.51926
0.599424
0.68617
0.779798
0.880585
0.988779
1.10458
1.22815
1.35954
1.49875
1.64565
1.80001
1.96143
2.12939
2.30321
2.48203
2.66488
2.85061
3.03799
3.22572
3.41246
3.59687
3.77769
3.95375
4.124
4.28751
4.44345
4.59107
4.72962
4.85831
4.97618
5.08205
5.17448
5.25184
5.31251
5.3552
5.37912
5.38413
5.37078
5.3402
5.29402
5.23421
5.16292
5.08234
4.99453
4.90138
4.80454
4.70541
4.60509
4.50441
4.404
4.30426
4.20538
4.10741
4.01022
3.91358
3.8172
3.72081
3.62415
3.52704
3.42935
3.33095
3.23172
3.13151
3.03019
2.92759
2.82356
2.718
2.61082
2.50199
2.39152
2.27945
2.16585
2.05077
1.9343
1.81652
1.69749
1.57727
1.45592
1.33348
1.20998
1.08548
0.960016
0.833624
0.706433
0.578227
0.450016
0.319081
0.195111
0.0488384
0.0424531
0.0745794
0.110397
0.149979
0.193586
0.241521
0.29407
0.35152
0.414161
0.482287
0.556193
0.636166
0.722484
0.81541
0.915181
1.022
1.13604
1.25741
1.38613
1.52217
1.66539
1.81555
1.97226
2.13504
2.30324
2.4761
2.65271
2.83206
3.01302
3.19441
3.37501
3.55359
3.72896
3.89999
4.06563
4.22494
4.37703
4.52109
4.65636
4.78207
4.89743
5.0016
5.09361
5.17233
5.2365
5.2848
5.31603
5.32944
5.32483
5.30267
5.26404
5.2106
5.14436
5.06752
4.98228
4.89074
4.7948
4.69605
4.59573
4.49478
4.39389
4.29353
4.19397
4.09528
3.99736
3.89999
3.8029
3.70581
3.60851
3.51087
3.41279
3.31415
3.21486
3.11475
3.01363
2.91133
2.80765
2.70246
2.59567
2.48723
2.37717
2.26551
2.15232
2.03767
1.92164
1.80432
1.68575
1.566
1.44514
1.32318
1.20017
1.07616
0.951238
0.825431
0.698893
0.571476
0.444156
0.314587
0.191739
0.0490292
0.0701365
0.102885
0.13929
0.179432
0.223548
0.271927
0.324846
0.382573
0.445381
0.513544
0.587332
0.667007
0.752818
0.844995
0.943745
1.04924
1.16161
1.28092
1.4072
1.54037
1.68028
1.82668
1.97921
2.1374
2.30066
2.46826
2.6394
2.81313
2.98844
3.16426
3.33945
3.51288
3.68345
3.85006
4.0117
4.16741
4.31628
4.45748
4.59019
4.71362
4.827
4.92952
5.0204
5.09884
5.16399
5.215
5.25099
5.27112
5.27477
5.26168
5.2322
5.18729
5.12839
5.05736
4.97628
4.88736
4.79269
4.69413
4.59317
4.49102
4.38859
4.28656
4.18533
4.08507
3.98569
3.88697
3.78863
3.69043
3.59218
3.49379
3.3952
3.29632
3.197
3.09706
2.99626
2.89436
2.79112
2.6864
2.58007
2.47211
2.36251
2.25134
2.13864
2.0245
1.909
1.7922
1.67416
1.55496
1.43463
1.3132
1.19071
1.06723
0.942859
0.817647
0.691759
0.565113
0.438645
0.310394
0.188475
0.0494307
0.0946051
0.127557
0.164199
0.204599
0.248961
0.297556
0.350648
0.408488
0.471329
0.539424
0.613021
0.692357
0.777656
0.86912
0.966925
1.07121
1.18209
1.29959
1.42371
1.55437
1.69139
1.83453
1.98343
2.13764
2.2966
2.45965
2.62602
2.79486
2.96523
3.13615
3.30657
3.47546
3.64175
3.80443
3.9625
4.11503
4.26112
4.39991
4.53058
4.65232
4.76435
4.86587
4.9561
5.03427
5.09964
5.15155
5.18947
5.21296
5.22167
5.21539
5.19411
5.15816
5.1082
5.04536
4.97117
4.88744
4.79608
4.69895
4.59781
4.49425
4.38965
4.28505
4.18114
4.07825
3.97637
3.87532
3.77488
3.67486
3.57515
3.47569
3.37645
3.2773
3.17803
3.07837
2.978
2.8766
2.7739
2.66972
2.56394
2.45653
2.34751
2.23693
2.12485
2.01135
1.89649
1.78034
1.66294
1.54437
1.42466
1.30382
1.18189
1.05898
0.935177
0.810567
0.685317
0.559405
0.433724
0.306689
0.185484
0.0499859
0.114903
0.148327
0.185396
0.226206
0.270918
0.319792
0.373096
0.431073
0.493966
0.562014
0.635451
0.714498
0.799357
0.890211
0.987212
1.09048
1.20009
1.31607
1.43838
1.56692
1.70152
1.84192
1.98777
2.13863
2.29397
2.45315
2.61547
2.78013
2.94626
3.11294
3.27922
3.4441
3.60661
3.76578
3.92066
4.07034
4.21393
4.3506
4.47952
4.59989
4.71094
4.81188
4.90194
4.98034
5.04632
5.09918
5.13838
5.16353
5.17441
5.17103
5.15371
5.12296
5.07936
5.0237
4.9569
4.88008
4.79459
4.7019
4.60359
4.50124
4.39629
4.29002
4.1834
4.0771
3.97149
3.86674
3.76292
3.66006
3.55816
3.4572
3.35708
3.25755
3.15829
3.05887
2.95888
2.85793
2.75575
2.65212
2.54696
2.44023
2.33195
2.22216
2.11092
1.99827
1.88426
1.76895
1.65236
1.53455
1.41557
1.2954
1.17409
1.05178
0.928581
0.804572
0.679925
0.554673
0.429674
0.303687
0.182988
0.0506174
0.131728
0.164685
0.201432
0.242057
0.286664
0.335478
0.388748
0.446697
0.50954
0.577491
0.650762
0.729547
0.814026
0.904357
1.00067
1.10305
1.21156
1.3262
1.44692
1.57361
1.70607
1.84404
1.9872
2.1351
2.28724
2.44302
2.60178
2.76276
2.92515
3.08811
3.25073
3.41209
3.57128
3.72736
3.87944
4.02663
4.16807
4.30294
4.43042
4.54975
4.66013
4.76082
4.85106
4.93008
4.99713
5.0516
5.09298
5.12076
5.1345
5.13414
5.11999
5.09242
5.05202
4.99961
4.93621
4.86301
4.7813
4.69246
4.59785
4.49879
4.39646
4.29187
4.18584
4.079
3.97184
3.8648
3.75828
3.65263
3.54814
3.44494
3.34296
3.24197
3.14159
3.04137
2.94087
2.8397
2.73757
2.6343
2.52974
2.42383
2.31654
2.20785
2.09774
1.98622
1.87331
1.75901
1.64336
1.5264
1.40819
1.28871
1.16805
1.04636
0.923753
0.800271
0.676106
0.551352
0.426851
0.301647
0.181287
0.051182
0.146465
0.180098
0.217468
0.258612
0.303644
0.352815
0.406389
0.464599
0.527664
0.595798
0.66921
0.748091
0.832611
0.922916
1.01912
1.1213
1.22949
1.34368
1.46379
1.58968
1.72115
1.85791
1.99962
2.14583
2.29604
2.44965
2.606
2.76438
2.92399
3.08404
3.24366
3.402
3.55818
3.71134
3.86062
4.0052
4.14426
4.27702
4.40271
4.52058
4.62991
4.72994
4.81993
4.89904
4.96609
5.02031
5.06168
5.08996
5.10491
5.10642
5.09447
5.06933
5.03153
4.9818
4.92101
4.85019
4.77043
4.68293
4.58891
4.48962
4.38629
4.28013
4.17228
4.06379
3.95553
3.84817
3.74209
3.63743
3.53415
3.43202
3.33077
3.23008
3.12965
3.02919
2.92846
2.82725
2.72536
2.62264
2.51892
2.41405
2.3079
2.20036
2.09136
1.98083
1.86877
1.75519
1.64013
1.52363
1.40576
1.2865
1.16595
1.0444
0.921947
0.798621
0.674607
0.55003
0.425722
0.300885
0.180725
0.051266
0.147346
0.181818
0.219991
0.26198
0.307895
0.357942
0.412356
0.471349
0.535117
0.603852
0.677739
0.756947
0.841625
0.931894
1.02785
1.12955
1.237
1.35019
1.46902
1.59334
1.72296
1.8576
1.99692
2.14051
2.28789
2.43851
2.59175
2.74696
2.90341
3.06035
3.21699
3.37253
3.52614
3.677
3.82431
3.96724
4.10502
4.23687
4.36203
4.47978
4.58942
4.69029
4.7818
4.8634
4.93481
4.99479
5.04128
5.07339
5.09123
5.09507
5.08522
5.06207
5.02621
4.97838
4.91945
4.85042
4.7724
4.68658
4.59418
4.49639
4.39439
4.28926
4.18197
4.07334
3.96408
3.85474
3.74577
3.63754
3.53035
3.42441
3.31986
3.21675
3.11494
3.01422
2.9142
2.81442
2.7144
2.61366
2.51181
2.40853
2.30362
2.19698
2.08857
1.97841
1.86656
1.75309
1.6381
1.52168
1.40395
1.28513
1.1653
1.04421
0.921838
0.798436
0.674353
0.549813
0.425716
0.301265
0.182223
0.0512222
-3.19047
-3.18389
-3.18866
-3.22043
-3.25792
-3.27675
-3.27413
-3.26051
-3.24388
-3.23101
-3.22184
-3.21114
-3.21092
-3.25328
-3.38965
-3.65379
-4.04253
-4.5151
-5.01239
-5.47634
-5.86131
-6.13719
-6.2898
-6.32144
-6.24672
-6.07725
-5.80456
-5.40465
-4.86106
-4.16135
-3.28781
-2.22019
-0.927703
0.617254
2.37801
4.18901
5.79384
7.00018
7.82226
8.35457
8.63277
8.70166
8.62247
8.44736
8.21506
7.95323
7.681
7.411
7.15107
6.90558
6.67647
6.46405
6.26757
6.08564
5.91658
5.75857
5.60983
5.4687
5.33368
5.20347
5.07696
4.95321
4.83146
4.71109
4.5916
4.4726
4.35379
4.23494
4.11586
3.99642
3.87652
3.75608
3.63504
3.51336
3.39101
3.26798
3.14424
3.01979
2.89463
2.76874
2.64214
2.5148
2.38672
2.2579
2.12832
1.99796
1.86681
1.73484
1.60204
1.46839
1.33387
1.19847
1.06219
0.925033
0.786946
0.647999
0.507562
0.366745
0.219384
0.0841678
-3.22611
-3.24447
-3.29099
-3.33951
-3.37186
-3.37912
-3.35732
-3.30706
-3.24844
-3.20406
-3.18273
-3.18935
-3.21976
-3.32845
-3.5993
-4.0547
-4.64169
-5.26671
-5.84097
-6.30594
-6.63668
-6.83311
-6.90829
-6.87706
-6.74723
-6.52037
-6.20404
-5.81109
-5.33243
-4.73985
-4.00627
-3.09796
-1.9619
-0.540098
1.15586
2.96187
4.61974
5.94437
6.86554
7.41914
7.7185
7.84227
7.8397
7.75072
7.60587
7.42747
7.23161
7.02953
6.82874
6.63395
6.44778
6.27138
6.10488
5.94775
5.79908
5.65776
5.52266
5.39263
5.26665
5.14381
5.02332
4.90452
4.78687
4.66993
4.55333
4.43682
4.32016
4.20319
4.0858
3.96788
3.84936
3.73019
3.61033
3.48976
3.36846
3.24642
3.12364
3.0001
2.87581
2.75078
2.62499
2.49844
2.37114
2.24306
2.1142
1.98454
1.85406
1.72274
1.59056
1.4575
1.32356
1.18871
1.05295
0.916313
0.778752
0.640355
0.500652
0.360646
0.215556
0.0808517
-3.3017
-3.35443
-3.41242
-3.45568
-3.47743
-3.47208
-3.43676
-3.37776
-3.3169
-3.27744
-3.27891
-3.37277
-3.60501
-3.98181
-4.47335
-5.02021
-5.55591
-6.02813
-6.40775
-6.68582
-6.86593
-6.95761
-6.97195
-6.9179
-6.79929
-6.61512
-6.36384
-6.04399
-5.64677
-5.1543
-4.541
-3.76328
-2.74899
-1.42214
0.209672
1.99813
3.6845
5.04519
6.00809
6.62691
6.99402
7.18054
7.23833
7.20842
7.1216
6.99967
6.85769
6.70583
6.55081
6.39687
6.24652
6.10105
5.96089
5.82594
5.69573
5.56964
5.44699
5.32708
5.2093
5.09307
4.97793
4.86348
4.74937
4.63534
4.52119
4.40674
4.29186
4.17644
4.06042
3.94373
3.82633
3.70819
3.58928
3.46961
3.34915
3.22791
3.10588
2.98308
2.85949
2.73512
2.60998
2.48406
2.35735
2.22985
2.10153
1.97239
1.8424
1.71155
1.57981
1.44717
1.31361
1.17913
1.04374
0.907457
0.770287
0.632363
0.493346
0.354349
0.211374
0.0781393
-3.34862
-3.41423
-3.45668
-3.4891
-3.50471
-3.49917
-3.47037
-3.4268
-3.38875
-3.3818
-3.44704
-3.64659
-4.00418
-4.47749
-4.99761
-5.50474
-5.96055
-6.34542
-6.65169
-6.87839
-7.02834
-7.10655
-7.11908
-7.07186
-6.96926
-6.81349
-6.60472
-6.33915
-6.00651
-5.58856
-5.05663
-4.36145
-3.4245
-2.16348
-0.573776
1.19041
2.86379
4.24511
5.27269
5.97473
6.41476
6.65932
6.76574
6.77946
6.73371
6.65129
6.54735
6.4317
6.31059
6.18787
6.06574
5.94536
5.82716
5.71112
5.597
5.48443
5.373
5.26236
5.15217
5.04216
4.93209
4.8218
4.71114
4.59999
4.48826
4.37587
4.26278
4.14893
4.0343
3.91887
3.8026
3.68551
3.56757
3.4488
3.32919
3.20875
3.08749
2.96541
2.84252
2.71883
2.59433
2.46903
2.34292
2.21599
2.08823
1.95961
1.83013
1.69976
1.56848
1.43628
1.30313
1.16905
1.03405
0.898168
0.761434
0.624044
0.48576
0.347862
0.206802
0.075776
-3.31505
-3.37861
-3.42155
-3.45845
-3.47772
-3.47397
-3.44604
-3.40454
-3.37172
-3.3848
-3.49874
-3.75827
-4.15599
-4.63816
-5.14312
-5.62414
-6.05286
-6.41448
-6.70305
-6.91849
-7.06439
-7.14626
-7.17018
-7.14189
-7.06548
-6.94283
-6.77307
-6.5512
-6.26657
-5.90028
-5.41905
-4.76627
-3.85849
-2.61888
-1.07208
0.603249
2.18794
3.53844
4.5875
5.33554
5.83089
6.13378
6.29783
6.36588
6.36981
6.33214
6.26825
6.18839
6.09923
6.00492
5.90795
5.80966
5.71066
5.61114
5.51106
5.41029
5.30869
5.20616
5.10264
4.99808
4.89249
4.78588
4.67826
4.56965
4.46005
4.34949
4.23798
4.1255
4.01209
3.89773
3.78245
3.66625
3.54913
3.43112
3.31222
3.19245
3.07183
2.95035
2.82804
2.7049
2.58094
2.45615
2.33053
2.20407
2.07677
1.94859
1.81953
1.68957
1.55867
1.42683
1.29404
1.1603
1.02563
0.89009
0.75373
0.616817
0.479163
0.342264
0.202784
0.0738347
-3.19859
-3.27494
-3.33326
-3.37727
-3.39872
-3.39018
-3.35111
-3.29382
-3.24619
-3.25787
-3.38952
-3.67251
-4.08363
-4.56712
-5.06753
-5.54401
-5.97064
-6.3332
-6.62635
-6.85054
-7.00967
-7.1091
-7.15461
-7.15091
-7.10128
-7.00696
-6.86603
-6.67235
-6.41367
-6.06747
-5.59413
-4.93064
-3.99533
-2.74382
-1.25726
0.299074
1.78314
3.07284
4.08964
4.83273
5.34598
5.68168
5.88648
5.99787
6.04423
6.04622
6.01847
5.9711
5.9109
5.84228
5.76793
5.68942
5.60756
5.52273
5.43511
5.34479
5.25188
5.15653
5.05889
4.95917
4.85755
4.7542
4.64929
4.54295
4.43527
4.32635
4.21625
4.10501
3.99269
3.8793
3.7649
3.64949
3.5331
3.41577
3.2975
3.17832
3.05826
2.93731
2.81551
2.69286
2.56936
2.44502
2.31984
2.1938
2.0669
1.93911
1.81043
1.68082
1.55027
1.41876
1.28628
1.15285
1.01847
0.883235
0.747193
0.610695
0.473545
0.337509
0.199225
0.0719785
-3.03327
-3.13698
-3.21339
-3.26176
-3.28019
-3.25723
-3.19334
-3.10507
-3.02924
-3.02572
-3.15637
-3.44416
-3.85931
-4.34629
-4.85186
-5.33648
-5.77478
-6.15261
-6.46405
-6.70897
-6.89062
-7.0138
-7.08341
-7.10322
-7.07575
-7.00111
-6.87596
-6.69212
-6.43376
-6.07266
-5.56351
-4.84115
-3.84372
-2.5918
-1.19678
0.243038
1.6207
2.81089
3.75394
4.4591
4.9644
5.31277
5.54253
5.68485
5.76393
5.79802
5.80046
5.78079
5.74563
5.69937
5.64483
5.58367
5.51684
5.44489
5.36817
5.28698
5.20165
5.11255
5.02005
4.92455
4.82642
4.72596
4.62346
4.51915
4.4132
4.30577
4.19695
4.08685
3.97553
3.86305
3.74945
3.63478
3.51907
3.40236
3.28468
3.16605
3.04649
2.92604
2.8047
2.68249
2.55942
2.43549
2.31071
2.18505
2.05852
1.93109
1.80275
1.67347
1.54323
1.41202
1.27983
1.14667
1.01255
0.87759
0.741812
0.605663
0.468881
0.333556
0.196095
0.0701211
-2.87423
-3.00231
-3.09459
-3.14138
-3.14817
-3.09995
-2.99996
-2.87223
-2.76415
-2.7426
-2.86506
-3.14661
-3.55782
-4.0458
-4.55903
-5.05778
-5.51517
-5.91531
-6.25096
-6.52088
-6.72732
-6.87423
-6.96525
-7.00336
-6.98991
-6.9234
-6.79827
-6.60282
-6.31583
-5.90366
-5.31819
-4.50341
-3.45147
-2.24362
-0.947539
0.383151
1.62931
2.69113
3.54006
4.1905
4.67304
5.02073
5.26347
5.42628
5.5293
5.58817
5.61475
5.61778
5.60347
5.57609
5.53838
5.49204
5.43808
5.37715
5.30974
5.23635
5.15748
5.07371
4.98561
4.89375
4.79863
4.70071
4.60034
4.49785
4.39348
4.2874
4.17979
4.07075
3.96037
3.84874
3.73591
3.62194
3.50687
3.39076
3.27362
3.15551
3.03644
2.91645
2.79554
2.67375
2.55108
2.42753
2.30311
2.1778
2.05161
1.92451
1.79647
1.6675
1.53755
1.40661
1.27468
1.14176
1.00787
0.873142
0.737571
0.601706
0.465157
0.330389
0.193409
0.068294
-2.7758
-2.91502
-3.01672
-3.05302
-3.03832
-2.95639
-2.81581
-2.6497
-2.5141
-2.47598
-2.58393
-2.85114
-3.25135
-3.73508
-4.25223
-4.76227
-5.23647
-5.65705
-6.01495
-6.30728
-6.5351
-6.70077
-6.80672
-6.85473
-6.84441
-6.77191
-6.62815
-6.39617
-6.04905
-5.55061
-4.85772
-3.95195
-2.89812
-1.7657
-0.563318
0.637212
1.72847
2.65543
3.4088
4.00143
4.45542
4.79491
5.04254
5.21804
5.33783
5.41517
5.46042
5.48145
5.48399
5.47203
5.4482
5.41413
5.37086
5.31908
5.2594
5.19247
5.11896
5.03964
4.95523
4.86644
4.77391
4.67818
4.57971
4.47885
4.3759
4.27108
4.16458
4.05654
3.94706
3.83624
3.72415
3.61085
3.49641
3.38086
3.26426
3.14664
3.02804
2.90848
2.78799
2.66658
2.54428
2.42108
2.297
2.17201
2.04612
1.91931
1.79157
1.66286
1.53316
1.40247
1.27076
1.13807
1.00437
0.86984
0.734422
0.598779
0.462338
0.327982
0.19118
0.0665611
-2.75753
-2.91305
-3.01258
-3.02911
-2.98402
-2.86352
-2.68442
-2.48771
-2.33254
-2.27876
-2.36882
-2.61577
-2.99602
-3.46518
-3.9758
-4.48732
-4.96957
-5.4027
-5.77543
-6.08315
-6.32492
-6.50113
-6.61283
-6.65988
-6.63929
-6.54357
-6.3585
-6.06128
-5.62245
-5.01069
-4.20721
-3.25995
-2.25781
-1.20564
-0.116017
0.928211
1.86424
2.66786
3.335
3.8735
4.29795
4.62543
4.87276
5.05527
5.18625
5.27681
5.33597
5.37075
5.38638
5.38657
5.37375
5.34947
5.31473
5.27025
5.21675
5.15498
5.08577
5.01003
4.92864
4.8424
4.75205
4.65821
4.56139
4.46198
4.36033
4.25667
4.15121
4.04411
3.93548
3.82544
3.71406
3.60142
3.48757
3.37258
3.2565
3.13935
3.02119
2.90205
2.78194
2.6609
2.53894
2.41607
2.29229
2.1676
2.04198
1.91544
1.78794
1.65946
1.53
1.39952
1.26801
1.1355
1.00197
0.867602
0.732289
0.596815
0.460374
0.326301
0.189413
0.0649973
-2.82662
-3.00252
-3.08507
-3.07306
-2.98974
-2.82857
-2.61524
-2.39565
-2.22592
-2.15849
-2.23123
-2.45465
-2.80886
-3.25499
-3.74912
-4.25163
-4.7315
-5.16697
-5.54502
-5.85873
-6.1045
-6.28093
-6.38685
-6.41924
-6.37128
-6.23056
-5.97759
-5.58717
-5.03531
-4.30819
-3.43502
-2.51108
-1.58012
-0.622471
0.325152
1.21175
2.01158
2.71082
3.304
3.79422
4.19043
4.50428
4.74805
4.93349
5.0713
5.17078
5.23975
5.2845
5.30979
5.31902
5.31446
5.29755
5.26923
5.23026
5.1814
5.12353
5.05761
4.98465
4.90562
4.82143
4.73288
4.64063
4.54523
4.44712
4.34663
4.24403
4.13955
4.03333
3.92552
3.81622
3.70553
3.59352
3.48026
3.36581
3.25022
3.13353
3.0158
2.89704
2.77731
2.65661
2.53496
2.41239
2.28888
2.16445
2.03908
1.91276
1.78548
1.65722
1.52794
1.39765
1.26631
1.13396
1.00057
0.866336
0.73109
0.595738
0.459212
0.325314
0.188114
0.0636779
-2.96428
-3.14152
-3.19261
-3.14337
-3.01811
-2.81922
-2.5777
-2.34025
-2.15867
-2.08067
-2.13907
-2.34217
-2.67245
-3.09507
-3.56923
-4.05665
-4.52612
-4.95531
-5.32925
-5.63814
-5.8764
-6.04036
-6.12575
-6.12573
-6.02913
-5.81943
-5.47571
-4.9782
-4.31754
-3.51011
-2.63072
-1.76391
-0.912559
-0.0751803
0.725082
1.47519
2.16332
2.77647
3.30723
3.75532
4.12552
4.42535
4.66351
4.8489
4.9901
5.09493
5.1702
5.22154
5.25332
5.26868
5.26974
5.25784
5.23388
5.19865
5.15297
5.09779
5.03417
4.96319
4.88592
4.80331
4.7162
4.62526
4.53108
4.43408
4.33464
4.23301
4.12943
4.02405
3.91701
3.80844
3.69841
3.58701
3.47432
3.36039
3.24528
3.12904
3.01172
2.89334
2.77395
2.65357
2.53222
2.40992
2.28666
2.16246
2.03731
1.91119
1.7841
1.65601
1.5269
1.39676
1.26557
1.13336
1.00007
0.865949
0.730741
0.595475
0.458804
0.32499
0.187292
0.0626761
-3.08322
-3.25171
-3.25893
-3.17116
-3.01729
-2.79716
-2.54021
-2.29247
-2.1038
-2.019
-2.06778
-2.25666
-2.56878
-2.97137
-3.42575
-3.89515
-4.34898
-4.76381
-5.12279
-5.41476
-5.63201
-5.76796
-5.81503
-5.76299
-5.59812
-5.30389
-4.86443
-4.27203
-3.53695
-2.70536
-1.86144
-1.05782
-0.301338
0.408101
1.08052
1.72049
2.3183
2.86069
3.33912
3.75086
4.09757
4.3836
4.61485
4.79799
4.93988
5.0471
5.12564
5.18059
5.21598
5.23475
5.23891
5.22974
5.20816
5.17496
5.13102
5.07736
5.01509
4.94537
4.86928
4.78779
4.70176
4.61187
4.5187
4.42268
4.32416
4.22342
4.12067
4.01608
3.90979
3.8019
3.69252
3.58173
3.46959
3.35618
3.24154
3.12574
3.00881
2.8908
2.77174
2.65166
2.53058
2.40852
2.2855
2.1615
2.03653
1.91059
1.78366
1.65571
1.52675
1.39674
1.26567
1.13357
1.00038
0.866348
0.731157
0.595952
0.459098
0.325299
0.186955
0.0620482
-3.07082
-3.21697
-3.18401
-3.0987
-2.95441
-2.74244
-2.492
-2.24837
-2.06115
-1.97475
-2.01775
-2.19573
-2.49207
-2.8752
-3.30785
-3.75427
-4.1842
-4.57398
-4.90593
-5.16737
-5.34846
-5.44033
-5.43339
-5.31643
-5.07684
-4.70269
-4.1871
-3.53589
-2.776
-1.9614
-1.16091
-0.424996
0.231049
0.828919
1.39929
1.95149
2.47629
2.96073
3.39552
3.77616
4.1019
4.37469
4.59827
4.77753
4.91797
5.02517
5.10441
5.16034
5.19672
5.21637
5.22124
5.21263
5.19148
5.15865
5.11507
5.0618
5
4.93082
4.85536
4.77457
4.6893
4.60021
4.50785
4.41266
4.31496
4.21503
4.11306
4.00922
3.90364
3.79643
3.68768
3.57748
3.4659
3.35299
3.23883
3.12345
3.00692
2.88926
2.77052
2.65073
2.52991
2.40808
2.28526
2.16144
2.03664
1.91085
1.78405
1.65623
1.52738
1.39748
1.26651
1.13451
1.00139
0.867445
0.732261
0.5971
0.460045
0.32621
0.187112
0.0618404
-2.9578
-2.82319
-2.87477
-2.9407
-2.86504
-2.68111
-2.44901
-2.21731
-2.03609
-1.95038
-1.98788
-2.15329
-2.43021
-2.78826
-3.19163
-3.60581
-4.00127
-4.35444
-4.64724
-4.86598
-4.99974
-5.0389
-4.97404
-4.79562
-4.49485
-4.0662
-3.51173
-2.84534
-2.09403
-1.30516
-0.547595
0.121031
0.6921
1.2035
1.69495
2.17801
2.64443
3.08177
3.4803
3.83419
4.14098
4.40081
4.61583
4.78956
4.92639
5.03107
5.10831
5.16239
5.19689
5.21459
5.21748
5.20695
5.18405
5.14973
5.10498
5.05089
4.98859
4.91921
4.8438
4.76329
4.67844
4.58991
4.4982
4.4037
4.30673
4.20754
4.10632
4.00321
3.89834
3.79181
3.68371
3.57412
3.4631
3.35072
3.23704
3.12211
3.00597
2.88867
2.77025
2.65074
2.53017
2.40856
2.28593
2.16228
2.03763
1.91196
1.78528
1.65756
1.52881
1.399
1.26811
1.1362
1.00315
0.86928
0.734106
0.598988
0.461735
0.327846
0.187919
0.0622362
)
;

boundaryField
{
    outlet
    {
        type            fixedValue;
        value           uniform 0;
    }
    inlet
    {
        type            zeroGradient;
    }
    lowerWall
    {
        type            zeroGradient;
    }
    upperWall
    {
        type            zeroGradient;
    }
    frontAndBack
    {
        type            empty;
    }
}


// ************************************************************************* //
