/*--------------------------------*- C++ -*----------------------------------*\
| =========                 |                                                 |
| \\      /  F ield         | OpenFOAM: The Open Source CFD Toolbox           |
|  \\    /   O peration     | Version:  4.1                                   |
|   \\  /    A nd           | Web:      www.OpenFOAM.org                      |
|    \\/     M anipulation  |                                                 |
\*---------------------------------------------------------------------------*/
FoamFile
{
    version     2.0;
    format      ascii;
    class       volScalarField;
    location    "1000";
    object      p;
}
// * * * * * * * * * * * * * * * * * * * * * * * * * * * * * * * * * * * * * //

dimensions      [0 2 -2 0 0 0 0];

internalField   nonuniform List<scalar> 
6820
(
-6.51698
-6.74382
-6.82073
-6.83276
-6.85212
-6.87419
-6.89075
-6.9036
-6.91475
-6.92431
-6.93219
-6.93849
-6.94333
-6.94673
-6.94863
-6.94897
-6.94765
-6.94452
-6.93937
-6.93195
-6.92192
-6.90883
-6.89208
-6.87085
-6.84399
-6.8098
-6.76553
-6.70718
-6.62519
-6.51068
-6.30106
-6.04853
-4.99367
-6.58896
-6.72998
-6.79359
-6.81394
-6.83774
-6.86171
-6.87967
-6.89353
-6.90532
-6.91536
-6.92362
-6.93024
-6.93536
-6.93898
-6.94108
-6.94159
-6.9404
-6.93739
-6.93235
-6.92502
-6.91508
-6.9021
-6.88551
-6.86454
-6.83813
-6.80484
-6.76245
-6.70821
-6.63619
-6.5448
-6.41263
-6.28971
-6.20269
-6.64637
-6.7344
-6.79453
-6.81952
-6.84192
-6.86416
-6.88165
-6.89535
-6.907
-6.91694
-6.92517
-6.9318
-6.93694
-6.94061
-6.94278
-6.9434
-6.94235
-6.93952
-6.93471
-6.92768
-6.91814
-6.90569
-6.88981
-6.86986
-6.84493
-6.81391
-6.77519
-6.72713
-6.66688
-6.59632
-6.51179
-6.45951
-6.44543
-6.68512
-6.74351
-6.79772
-6.82411
-6.84498
-6.86583
-6.88297
-6.89656
-6.90807
-6.91792
-6.92612
-6.93275
-6.93792
-6.94165
-6.94392
-6.94467
-6.94381
-6.94121
-6.93671
-6.93009
-6.92109
-6.90936
-6.89448
-6.87592
-6.85301
-6.825
-6.79096
-6.7503
-6.70247
-6.651
-6.59898
-6.57539
-6.5849
-6.71627
-6.75609
-6.80198
-6.82823
-6.84813
-6.86773
-6.88441
-6.89783
-6.9092
-6.91896
-6.92713
-6.93379
-6.93903
-6.94288
-6.9453
-6.94625
-6.94565
-6.94339
-6.93933
-6.93328
-6.92501
-6.91425
-6.90069
-6.88393
-6.86356
-6.83919
-6.81052
-6.77778
-6.74187
-6.70687
-6.6781
-6.67401
-6.70323
-6.7424
-6.7699
-6.80766
-6.83293
-6.85196
-6.87027
-6.88632
-6.89951
-6.91071
-6.92036
-6.9285
-6.9352
-6.94053
-6.94451
-6.94713
-6.94834
-6.94808
-6.94625
-6.94273
-6.93737
-6.93002
-6.92045
-6.90846
-6.89383
-6.87636
-6.856
-6.83292
-6.80792
-6.78268
-6.76114
-6.74876
-6.75727
-6.79384
-6.76456
-6.78386
-6.81458
-6.8382
-6.85629
-6.87335
-6.88868
-6.90156
-6.91256
-6.92209
-6.9302
-6.93695
-6.94238
-6.94653
-6.94939
-6.95091
-6.95105
-6.94973
-6.94686
-6.94233
-6.93603
-6.92784
-6.91763
-6.90534
-6.89098
-6.87475
-6.85716
-6.83933
-6.8232
-6.81225
-6.81114
-6.82718
-6.86524
-6.78367
-6.79753
-6.8224
-6.84394
-6.861
-6.87689
-6.89145
-6.90396
-6.91475
-6.92414
-6.93223
-6.93903
-6.94459
-6.94894
-6.95207
-6.95396
-6.95456
-6.95383
-6.9517
-6.94811
-6.943
-6.9363
-6.92802
-6.9182
-6.90702
-6.89486
-6.88243
-6.87097
-6.86237
-6.85955
-6.8661
-6.88656
-6.92398
-6.80045
-6.81066
-6.83079
-6.85009
-6.86606
-6.88086
-6.89462
-6.90672
-6.91727
-6.92653
-6.93459
-6.94146
-6.94716
-6.95174
-6.95518
-6.95748
-6.9586
-6.95853
-6.95722
-6.95466
-6.95082
-6.94573
-6.93945
-6.93214
-6.92409
-6.9158
-6.90805
-6.90208
-6.89958
-6.90286
-6.91458
-6.93752
-6.97347
-6.81541
-6.82313
-6.83949
-6.85658
-6.87141
-6.8852
-6.89818
-6.90983
-6.92013
-6.92926
-6.93729
-6.94423
-6.9501
-6.95493
-6.95872
-6.96147
-6.96317
-6.96381
-6.96338
-6.96191
-6.95941
-6.95597
-6.95172
-6.94689
-6.94183
-6.9371
-6.93351
-6.93216
-6.93451
-6.94232
-6.95747
-6.98165
-7.01583
-6.82891
-6.83491
-6.84829
-6.86333
-6.87701
-6.88985
-6.90208
-6.91327
-6.92331
-6.93231
-6.94032
-6.94734
-6.9534
-6.95851
-6.96268
-6.96592
-6.96823
-6.96963
-6.97014
-6.9698
-6.96868
-6.9669
-6.96465
-6.96219
-6.95993
-6.95843
-6.95843
-6.96091
-6.96705
-6.97816
-6.99554
-7.0202
-7.05257
-6.84124
-6.84601
-6.85706
-6.87025
-6.88281
-6.89477
-6.90629
-6.91702
-6.9268
-6.93568
-6.94367
-6.9508
-6.95706
-6.96247
-6.96705
-6.97081
-6.97377
-6.97596
-6.97743
-6.97825
-6.97851
-6.97837
-6.97805
-6.97783
-6.97813
-6.97947
-6.98254
-6.98814
-6.99721
-7.0107
-7.02948
-7.05412
-7.08477
-6.85258
-6.85647
-6.8657
-6.87727
-6.88877
-6.89991
-6.91077
-6.92106
-6.93059
-6.93935
-6.94735
-6.95458
-6.96106
-6.9668
-6.97181
-6.97611
-6.97975
-6.98276
-6.98521
-6.98718
-6.98881
-6.99026
-6.99176
-6.99361
-6.99621
-7.00004
-7.00568
-7.01379
-7.0251
-7.04026
-7.05986
-7.08419
-7.11323
-6.8631
-6.86633
-6.87414
-6.88432
-6.89483
-6.90523
-6.91549
-6.92536
-6.93465
-6.94331
-6.95132
-6.95869
-6.9654
-6.97148
-6.97694
-6.98181
-6.98613
-6.98997
-6.99339
-6.99651
-6.99946
-7.00242
-7.00562
-7.00936
-7.014
-7.01996
-7.02774
-7.03785
-7.05083
-7.06715
-7.08717
-7.11101
-7.13858
-6.87289
-6.87563
-6.88233
-6.89134
-6.90096
-6.91068
-6.92039
-6.92989
-6.93896
-6.94753
-6.95558
-6.96309
-6.97005
-6.97648
-6.9824
-6.98785
-6.99287
-6.99753
-7.00192
-7.00615
-7.01036
-7.01474
-7.01951
-7.02494
-7.03136
-7.03914
-7.04866
-7.06034
-7.07456
-7.09165
-7.11181
-7.13507
-7.1613
-6.88205
-6.88441
-6.89024
-6.89827
-6.9071
-6.91621
-6.92545
-6.93461
-6.94349
-6.95199
-6.96009
-6.96776
-6.97499
-6.98179
-6.98818
-6.99421
-6.99993
-7.0054
-7.01072
-7.01601
-7.02142
-7.02711
-7.0333
-7.04023
-7.0482
-7.05749
-7.06843
-7.08132
-7.09645
-7.11401
-7.13412
-7.15676
-7.18176
-6.89064
-6.89271
-6.89784
-6.90508
-6.91323
-6.9218
-6.93062
-6.93948
-6.9482
-6.95667
-6.96483
-6.97268
-6.98018
-6.98736
-6.99423
-7.00084
-7.00724
-7.0135
-7.01972
-7.02602
-7.03254
-7.03943
-7.04689
-7.05515
-7.06442
-7.07498
-7.08705
-7.10087
-7.11663
-7.13446
-7.1544
-7.17639
-7.20028
-6.8987
-6.90054
-6.90513
-6.91171
-6.91928
-6.9274
-6.93586
-6.94447
-6.95306
-6.96152
-6.96977
-6.9778
-6.9856
-6.99315
-7.0005
-7.00768
-7.01475
-7.02178
-7.02886
-7.0361
-7.04363
-7.05161
-7.06021
-7.0696
-7.07999
-7.09158
-7.10455
-7.11906
-7.13525
-7.15318
-7.17287
-7.19422
-7.21711
-6.90625
-6.90792
-6.91209
-6.91814
-6.92524
-6.93296
-6.94113
-6.94955
-6.95804
-6.96651
-6.97487
-6.98311
-6.9912
-6.99914
-7.00696
-7.0147
-7.02241
-7.03017
-7.03805
-7.04616
-7.05463
-7.06358
-7.07317
-7.08354
-7.09487
-7.10729
-7.12096
-7.13598
-7.15244
-7.17036
-7.18973
-7.21046
-7.23243
-6.91332
-6.91486
-6.9187
-6.92433
-6.93104
-6.93845
-6.94638
-6.95465
-6.96309
-6.9716
-6.98009
-6.98855
-6.99694
-7.00527
-7.01356
-7.02184
-7.03017
-7.03861
-7.04724
-7.05615
-7.06546
-7.07528
-7.08573
-7.09693
-7.10903
-7.12212
-7.13632
-7.1517
-7.1683
-7.18614
-7.20517
-7.2253
-7.24643
-6.91992
-6.92135
-6.92494
-6.93025
-6.93666
-6.94383
-6.95158
-6.95975
-6.96817
-6.97675
-6.9854
-6.99408
-7.00278
-7.01149
-7.02024
-7.02904
-7.03795
-7.04704
-7.05636
-7.066
-7.07606
-7.08664
-7.09783
-7.10974
-7.12246
-7.13609
-7.15068
-7.1663
-7.18296
-7.20064
-7.21931
-7.23887
-7.25924
-6.92603
-6.92739
-6.93079
-6.93586
-6.94204
-6.94904
-6.95667
-6.96479
-6.97324
-6.98191
-6.99073
-6.99966
-7.00867
-7.01776
-7.02695
-7.03625
-7.04572
-7.0554
-7.06535
-7.07566
-7.08638
-7.09762
-7.10944
-7.12193
-7.13517
-7.14921
-7.16409
-7.17985
-7.19649
-7.21399
-7.23228
-7.25131
-7.27098
-6.93164
-6.93295
-6.93622
-6.94113
-6.94716
-6.95404
-6.96162
-6.96973
-6.97824
-6.98704
-6.99605
-7.00524
-7.01457
-7.02403
-7.03365
-7.04343
-7.05341
-7.06364
-7.07417
-7.08506
-7.09637
-7.10818
-7.12054
-7.13351
-7.14715
-7.1615
-7.17659
-7.19242
-7.20899
-7.22626
-7.2442
-7.26272
-7.28175
-6.93673
-6.93801
-6.9412
-6.94601
-6.95196
-6.95879
-6.96636
-6.97452
-6.98313
-6.99209
-7.00131
-7.01077
-7.02042
-7.03025
-7.04027
-7.0505
-7.06097
-7.0717
-7.08275
-7.09417
-7.106
-7.11829
-7.1311
-7.14446
-7.15843
-7.17301
-7.18822
-7.20407
-7.22052
-7.23756
-7.25514
-7.27318
-7.29162
-6.94126
-6.94252
-6.94568
-6.95046
-6.95638
-6.96323
-6.97085
-6.97911
-6.98786
-6.997
-7.00646
-7.0162
-7.02617
-7.03636
-7.04678
-7.05744
-7.06835
-7.07955
-7.09107
-7.10294
-7.11522
-7.12793
-7.14111
-7.15479
-7.169
-7.18374
-7.19902
-7.21484
-7.23116
-7.24796
-7.26518
-7.28277
-7.30067
-6.94518
-6.94645
-6.94962
-6.95441
-6.96039
-6.96731
-6.97504
-6.98344
-6.99237
-7.00173
-7.01145
-7.02147
-7.03177
-7.04232
-7.05312
-7.06418
-7.0755
-7.08712
-7.09906
-7.11134
-7.124
-7.13706
-7.15055
-7.16449
-7.17888
-7.19373
-7.20904
-7.22479
-7.24096
-7.25751
-7.27439
-7.29156
-7.30897
-6.94843
-6.94972
-6.95294
-6.95782
-6.96391
-6.97097
-6.97887
-6.98746
-6.99661
-7.00623
-7.01622
-7.02655
-7.03718
-7.04808
-7.05924
-7.07068
-7.08239
-7.09439
-7.1067
-7.11934
-7.13233
-7.14569
-7.15942
-7.17356
-7.18808
-7.203
-7.2183
-7.23397
-7.24997
-7.26627
-7.28283
-7.29961
-7.31656
-6.95093
-6.95226
-6.95558
-6.96062
-6.96689
-6.97415
-6.98228
-6.99111
-7.00054
-7.01043
-7.02073
-7.03138
-7.04234
-7.05358
-7.0651
-7.07689
-7.08895
-7.1013
-7.11395
-7.1269
-7.14018
-7.15378
-7.16772
-7.18201
-7.19663
-7.21158
-7.22684
-7.2424
-7.25823
-7.27429
-7.29055
-7.30696
-7.32349
-6.95258
-6.95398
-6.95746
-6.96272
-6.96925
-6.9768
-6.98521
-6.99435
-7.00409
-7.01431
-7.02493
-7.03591
-7.04721
-7.05879
-7.07065
-7.08278
-7.09517
-7.10784
-7.12078
-7.13401
-7.14752
-7.16133
-7.17544
-7.18984
-7.20452
-7.21948
-7.23469
-7.25013
-7.26578
-7.28161
-7.29758
-7.31366
-7.3298
-6.95326
-6.95475
-6.95845
-6.96403
-6.97092
-6.97883
-6.98761
-6.99712
-7.00722
-7.01779
-7.02877
-7.0401
-7.05174
-7.06367
-7.07585
-7.0883
-7.101
-7.11396
-7.12717
-7.14063
-7.15436
-7.16834
-7.18258
-7.19706
-7.21178
-7.22672
-7.24187
-7.2572
-7.27268
-7.28828
-7.30399
-7.31975
-7.33554
-6.95281
-6.95443
-6.95844
-6.96445
-6.97181
-6.98018
-6.98941
-6.99936
-7.00988
-7.02086
-7.03222
-7.04392
-7.05591
-7.06817
-7.08068
-7.09343
-7.10642
-7.11964
-7.13308
-7.14676
-7.16066
-7.17479
-7.18912
-7.20367
-7.2184
-7.23331
-7.24838
-7.26359
-7.2789
-7.2943
-7.30975
-7.32523
-7.3407
-6.95103
-6.95283
-6.95728
-6.96387
-6.97184
-6.98079
-6.99057
-7.00103
-7.01203
-7.02346
-7.03523
-7.04731
-7.05966
-7.07226
-7.08509
-7.09813
-7.11139
-7.12485
-7.13852
-7.15238
-7.16644
-7.18069
-7.19511
-7.20971
-7.22445
-7.23933
-7.25432
-7.26941
-7.28457
-7.29977
-7.315
-7.33021
-7.3454
-6.94766
-6.94971
-6.95478
-6.96218
-6.97094
-6.9806
-6.99104
-7.00212
-7.01368
-7.0256
-7.03783
-7.05031
-7.06303
-7.07595
-7.08908
-7.10239
-7.11588
-7.12956
-7.14341
-7.15743
-7.17161
-7.18595
-7.20043
-7.21505
-7.22978
-7.24461
-7.25952
-7.27449
-7.2895
-7.30452
-7.31954
-7.33452
-7.34945
-6.94231
-6.94475
-6.95073
-6.95927
-6.96905
-6.97955
-6.99075
-7.00252
-7.01469
-7.02715
-7.03985
-7.05277
-7.06588
-7.07916
-7.09261
-7.10621
-7.11997
-7.13387
-7.14791
-7.1621
-7.17641
-7.19084
-7.20539
-7.22003
-7.23476
-7.24956
-7.2644
-7.27927
-7.29415
-7.30901
-7.32384
-7.33861
-7.35329
-6.93447
-6.93751
-6.94486
-6.955
-6.96613
-6.97778
-6.98998
-7.00261
-7.01546
-7.02847
-7.04162
-7.05491
-7.06833
-7.08188
-7.09555
-7.10935
-7.12327
-7.13732
-7.15149
-7.16577
-7.18016
-7.19464
-7.20922
-7.22386
-7.23857
-7.25331
-7.26808
-7.28285
-7.29761
-7.31233
-7.32701
-7.34161
-7.35613
-6.92331
-6.92746
-6.93714
-6.94931
-6.96168
-6.97437
-6.98769
-7.00138
-7.01514
-7.02892
-7.04276
-7.05665
-7.07059
-7.08458
-7.09863
-7.11275
-7.12694
-7.14121
-7.15555
-7.16997
-7.18446
-7.19902
-7.21363
-7.22829
-7.24297
-7.25767
-7.27237
-7.28705
-7.30169
-7.31628
-7.33078
-7.34519
-7.35947
-6.9074
-6.91318
-6.9278
-6.94416
-6.95867
-6.97257
-6.98677
-7.00102
-7.01509
-7.02905
-7.04302
-7.05702
-7.07106
-7.08515
-7.0993
-7.11352
-7.12782
-7.14219
-7.15664
-7.17116
-7.18573
-7.20036
-7.21502
-7.22972
-7.24442
-7.25912
-7.27381
-7.28846
-7.30306
-7.31759
-7.33204
-7.34639
-7.36065
-6.88592
-6.89262
-6.91111
-6.93082
-6.94856
-6.96594
-6.98323
-6.99985
-7.01573
-7.03112
-7.04619
-7.06101
-7.07564
-7.09015
-7.10458
-7.11899
-7.1334
-7.14783
-7.16228
-7.17677
-7.19128
-7.20583
-7.2204
-7.23499
-7.24957
-7.26413
-7.27867
-7.29316
-7.30759
-7.32193
-7.33616
-7.35027
-7.36421
-6.85285
-6.88779
-6.91683
-6.93242
-6.94587
-6.9616
-6.97783
-6.99333
-7.00841
-7.02347
-7.03851
-7.05349
-7.06839
-7.08326
-7.09811
-7.11296
-7.1278
-7.14265
-7.1575
-7.17236
-7.18723
-7.2021
-7.21696
-7.2318
-7.24662
-7.2614
-7.27612
-7.29078
-7.30536
-7.31985
-7.33424
-7.34852
-7.3627
-6.7116
-6.81897
-6.89248
-6.92433
-6.94698
-6.97068
-6.9923
-7.0105
-7.02668
-7.042
-7.05679
-7.07116
-7.08526
-7.09923
-7.11317
-7.12711
-7.14109
-7.15512
-7.16921
-7.18337
-7.19759
-7.21186
-7.22616
-7.24049
-7.25483
-7.26915
-7.28346
-7.29771
-7.31191
-7.32603
-7.34004
-7.35395
-7.36772
-6.15445
-6.20924
-7.09184
-7.56664
-7.62096
-7.64288
-7.69191
-7.73225
-7.7645
-7.79678
-7.82983
-7.86292
-7.89621
-7.92988
-7.96389
-7.99813
-8.03251
-8.0669
-8.10118
-8.13522
-8.16887
-8.20202
-8.23453
-8.26628
-8.29714
-8.32702
-8.35579
-8.38336
-8.40962
-8.43448
-8.45784
-8.47963
-8.49975
-8.51811
-8.53463
-8.54922
-8.56179
-8.57225
-8.58051
-8.58646
-8.58999
-8.59099
-8.58934
-8.58489
-8.5775
-8.56701
-8.55324
-8.53601
-8.51511
-8.49032
-8.46141
-8.42813
-8.39022
-8.34741
-8.29943
-8.246
-8.18683
-8.12164
-8.05016
-7.9721
-7.88719
-7.79514
-7.69569
-7.58856
-7.47349
-7.35025
-7.21864
-7.07849
-6.92969
-6.7722
-6.60603
-6.43128
-6.24812
-6.05678
-5.85762
-5.65104
-5.43754
-5.21769
-4.99212
-4.76152
-4.52663
-4.28822
-4.04709
-3.80403
-3.55983
-3.31528
-3.07111
-2.828
-2.58657
-2.34735
-2.11079
-1.87725
-1.64687
-1.41997
-1.19601
-0.975813
-0.756553
-0.542235
-0.322375
-0.111048
-6.7247
-6.88249
-7.22123
-7.48987
-7.56332
-7.60604
-7.66222
-7.70883
-7.7458
-7.78107
-7.81626
-7.85096
-7.88543
-7.91997
-7.95462
-7.98933
-8.02404
-8.05867
-8.0931
-8.12722
-8.16092
-8.19407
-8.22655
-8.25825
-8.28906
-8.31885
-8.34754
-8.37501
-8.40117
-8.42593
-8.44919
-8.47086
-8.49086
-8.5091
-8.5255
-8.53996
-8.5524
-8.56272
-8.57083
-8.57662
-8.57998
-8.5808
-8.57896
-8.57431
-8.5667
-8.55599
-8.54198
-8.5245
-8.50333
-8.47827
-8.44908
-8.41552
-8.37732
-8.33422
-8.28595
-8.23223
-8.17278
-8.10733
-8.03559
-7.95728
-7.87215
-7.7799
-7.68027
-7.573
-7.45784
-7.33455
-7.20294
-7.06286
-6.91421
-6.75694
-6.59108
-6.41672
-6.23403
-6.04326
-5.84476
-5.63892
-5.42623
-5.20727
-4.98264
-4.75305
-4.51919
-4.28185
-4.04179
-3.79981
-3.55667
-3.31315
-3.06995
-2.82776
-2.58717
-2.34871
-2.1128
-1.87979
-1.64981
-1.42317
-1.19925
-0.979088
-0.759113
-0.545365
-0.321258
-0.118948
-6.73428
-6.91742
-7.14789
-7.39774
-7.51737
-7.57812
-7.6369
-7.68779
-7.72895
-7.76678
-7.80374
-7.8398
-7.87525
-7.91048
-7.94561
-7.98065
-8.01557
-8.05031
-8.08479
-8.1189
-8.15255
-8.18563
-8.21801
-8.2496
-8.28028
-8.30994
-8.33849
-8.36582
-8.39184
-8.41645
-8.43957
-8.46109
-8.48095
-8.49904
-8.51528
-8.52959
-8.54187
-8.55202
-8.55996
-8.56557
-8.56874
-8.56937
-8.56731
-8.56244
-8.5546
-8.54364
-8.52938
-8.51163
-8.49019
-8.46484
-8.43536
-8.40149
-8.36299
-8.31959
-8.27102
-8.21701
-8.15728
-8.09155
-8.01956
-7.94102
-7.85567
-7.76323
-7.66345
-7.55606
-7.44082
-7.31751
-7.18595
-7.04598
-6.89752
-6.74053
-6.57502
-6.40111
-6.21896
-6.02882
-5.83103
-5.62599
-5.41419
-5.19617
-4.97256
-4.74402
-4.51127
-4.27504
-4.03611
-3.79524
-3.5532
-3.31073
-3.06854
-2.82729
-2.58755
-2.34985
-2.11458
-1.88209
-1.6525
-1.42611
-1.20221
-0.982053
-0.761349
-0.548153
-0.31979
-0.126534
-6.76495
-6.9469
-7.14631
-7.35822
-7.48285
-7.55172
-7.61287
-7.66746
-7.7125
-7.75282
-7.79142
-7.82873
-7.86507
-7.90091
-7.93644
-7.97173
-8.00679
-8.04157
-8.07602
-8.11006
-8.1436
-8.17653
-8.20876
-8.24018
-8.27069
-8.30017
-8.32854
-8.35569
-8.38152
-8.40596
-8.42889
-8.45024
-8.46992
-8.48783
-8.5039
-8.51802
-8.53012
-8.54008
-8.54783
-8.55323
-8.5562
-8.55661
-8.55432
-8.54921
-8.54112
-8.5299
-8.51536
-8.49733
-8.4756
-8.44995
-8.42016
-8.38598
-8.34717
-8.30346
-8.25459
-8.20029
-8.14027
-8.07428
-8.00204
-7.92327
-7.83772
-7.74512
-7.6452
-7.53772
-7.42244
-7.29915
-7.16767
-7.02787
-6.87964
-6.72297
-6.55789
-6.38448
-6.20293
-6.01349
-5.81648
-5.61231
-5.40145
-5.18445
-4.96191
-4.73449
-4.50288
-4.26782
-4.03006
-3.79035
-3.54944
-3.30805
-3.06689
-2.82658
-2.5877
-2.35075
-2.11611
-1.88413
-1.6549
-1.42873
-1.20482
-0.984643
-0.763195
-0.550507
-0.317972
-0.133582
-6.82778
-6.98838
-7.15764
-7.32983
-7.44974
-7.52605
-7.59042
-7.64765
-7.69583
-7.73848
-7.77866
-7.81717
-7.85439
-7.89082
-7.92674
-7.96226
-7.99741
-8.0322
-8.06659
-8.10052
-8.13391
-8.16666
-8.1987
-8.22991
-8.26019
-8.28946
-8.3176
-8.34454
-8.37016
-8.39438
-8.41711
-8.43825
-8.45772
-8.47544
-8.4913
-8.50522
-8.51711
-8.52686
-8.53439
-8.53958
-8.54231
-8.54248
-8.53995
-8.53458
-8.52623
-8.51473
-8.4999
-8.48157
-8.45953
-8.43357
-8.40347
-8.36897
-8.32984
-8.28582
-8.23664
-8.18204
-8.12175
-8.0555
-7.98302
-7.90404
-7.8183
-7.72555
-7.62552
-7.51798
-7.40269
-7.27946
-7.14811
-7.00851
-6.86058
-6.70429
-6.53968
-6.36684
-6.18596
-5.99727
-5.80111
-5.59787
-5.38802
-5.1721
-4.95069
-4.72444
-4.49403
-4.26019
-4.02364
-3.78513
-3.54538
-3.30511
-3.06499
-2.82564
-2.58762
-2.35142
-2.11742
-1.88594
-1.65705
-1.43109
-1.20715
-0.986919
-0.764732
-0.552494
-0.31597
-0.14006
-6.88778
-7.02261
-7.16655
-7.31063
-7.42368
-7.50387
-7.57011
-7.62871
-7.67915
-7.72382
-7.76543
-7.80502
-7.84308
-7.88007
-7.91636
-7.95208
-7.98732
-8.0221
-8.05641
-8.0902
-8.1234
-8.15595
-8.18776
-8.21873
-8.24877
-8.27778
-8.30568
-8.33236
-8.35774
-8.38172
-8.40421
-8.42512
-8.44436
-8.46185
-8.47748
-8.49118
-8.50284
-8.51236
-8.51965
-8.5246
-8.52709
-8.527
-8.52421
-8.51857
-8.50993
-8.49813
-8.48301
-8.46437
-8.44201
-8.41573
-8.38529
-8.35047
-8.31102
-8.26668
-8.2172
-8.16231
-8.10174
-8.03524
-7.96252
-7.88335
-7.79744
-7.70456
-7.60445
-7.49688
-7.38163
-7.25849
-7.12731
-6.98797
-6.84038
-6.68452
-6.52043
-6.34822
-6.16806
-5.9802
-5.78495
-5.5827
-5.37392
-5.15913
-4.93891
-4.71389
-4.48474
-4.25216
-4.01687
-3.77959
-3.54103
-3.3019
-3.06284
-2.82446
-2.58732
-2.35187
-2.11849
-1.88751
-1.65895
-1.43317
-1.2092
-0.988892
-0.765987
-0.554128
-0.313888
-0.145901
-6.94129
-7.05397
-7.1775
-7.30082
-7.40498
-7.4852
-7.55198
-7.61111
-7.66299
-7.70921
-7.75199
-7.79249
-7.83126
-7.86876
-7.90536
-7.94126
-7.97656
-8.0113
-8.0455
-8.07913
-8.11213
-8.14445
-8.176
-8.2067
-8.23646
-8.2652
-8.29281
-8.31922
-8.34432
-8.36803
-8.39026
-8.41091
-8.42989
-8.44713
-8.46251
-8.47595
-8.48736
-8.49664
-8.50367
-8.50836
-8.51058
-8.51022
-8.50714
-8.50121
-8.49227
-8.48017
-8.46473
-8.44577
-8.42308
-8.39647
-8.3657
-8.33055
-8.29077
-8.24612
-8.19633
-8.14114
-8.08031
-8.01356
-7.94063
-7.86127
-7.77522
-7.68223
-7.58207
-7.4745
-7.35931
-7.23631
-7.10534
-6.9663
-6.8191
-6.66373
-6.50022
-6.3287
-6.14932
-5.96233
-5.76805
-5.56685
-5.3592
-5.1456
-4.92662
-4.70287
-4.47502
-4.24375
-4.00975
-3.77373
-3.5364
-3.29842
-3.06044
-2.82305
-2.58678
-2.35209
-2.11934
-1.88883
-1.66059
-1.43499
-1.21098
-0.990568
-0.766979
-0.55542
-0.311805
-0.151046
-6.98861
-7.08371
-7.19018
-7.29707
-7.39193
-7.46992
-7.53624
-7.59526
-7.64781
-7.69503
-7.73868
-7.77987
-7.81919
-7.85709
-7.89394
-7.92996
-7.96528
-7.99996
-8.03402
-8.06745
-8.10022
-8.13228
-8.16354
-8.19394
-8.2234
-8.25182
-8.27913
-8.30523
-8.33003
-8.35344
-8.37538
-8.39574
-8.41444
-8.43139
-8.44649
-8.45966
-8.4708
-8.47979
-8.48655
-8.49095
-8.49289
-8.49223
-8.48886
-8.48262
-8.47337
-8.46094
-8.44517
-8.42587
-8.40285
-8.37589
-8.34479
-8.3093
-8.26919
-8.22421
-8.17412
-8.11865
-8.05755
-7.99056
-7.91743
-7.8379
-7.75172
-7.65866
-7.55846
-7.45092
-7.33583
-7.21301
-7.0823
-6.94359
-6.79683
-6.64199
-6.47912
-6.30833
-6.12979
-5.94373
-5.75047
-5.55038
-5.3439
-5.13153
-4.91384
-4.69142
-4.46491
-4.23497
-4.0023
-3.76758
-3.53148
-3.29468
-3.05779
-2.8214
-2.58601
-2.35208
-2.11994
-1.88991
-1.66199
-1.43654
-1.21249
-0.991959
-0.767733
-0.556385
-0.309789
-0.155455
-7.03007
-7.11148
-7.20371
-7.29733
-7.38348
-7.45798
-7.52295
-7.58125
-7.63383
-7.68156
-7.72574
-7.76739
-7.80709
-7.84527
-7.88229
-7.91837
-7.95366
-7.98823
-8.02212
-8.05533
-8.08784
-8.1196
-8.15055
-8.18062
-8.20974
-8.23783
-8.2648
-8.29056
-8.31502
-8.33811
-8.35972
-8.37976
-8.39815
-8.41479
-8.42959
-8.44246
-8.45329
-8.46198
-8.46844
-8.47254
-8.47416
-8.47319
-8.4695
-8.46293
-8.45335
-8.44058
-8.42447
-8.40482
-8.38145
-8.35414
-8.32268
-8.28685
-8.2464
-8.20111
-8.15071
-8.09496
-8.0336
-7.96638
-7.89306
-7.81337
-7.72709
-7.63396
-7.53376
-7.42628
-7.31132
-7.1887
-7.05828
-6.91996
-6.77368
-6.61942
-6.45723
-6.28722
-6.10955
-5.92447
-5.73228
-5.53333
-5.32808
-5.11699
-4.90063
-4.67956
-4.45442
-4.22586
-3.99454
-3.76113
-3.5263
-3.29069
-3.0549
-2.81951
-2.58501
-2.35183
-2.12031
-1.89075
-1.66313
-1.43784
-1.21374
-0.993079
-0.768271
-0.557044
-0.307899
-0.159115
-7.06637
-7.13715
-7.21767
-7.3004
-7.37868
-7.44904
-7.51195
-7.56906
-7.62117
-7.66895
-7.71335
-7.75524
-7.79514
-7.83348
-7.87057
-7.90664
-7.94184
-7.97626
-8.00995
-8.04291
-8.07513
-8.10657
-8.13718
-8.1669
-8.19566
-8.22338
-8.24998
-8.27537
-8.29947
-8.3222
-8.34345
-8.36315
-8.3812
-8.39751
-8.41198
-8.42451
-8.43502
-8.44338
-8.44951
-8.45328
-8.45457
-8.45327
-8.44923
-8.44232
-8.43238
-8.41926
-8.40279
-8.38278
-8.35904
-8.33137
-8.29955
-8.26337
-8.22259
-8.17696
-8.12626
-8.07023
-8.00862
-7.94118
-7.86767
-7.78784
-7.70146
-7.60829
-7.50811
-7.40071
-7.28591
-7.16353
-7.03343
-6.89553
-6.74976
-6.59612
-6.43465
-6.26545
-6.08871
-5.90465
-5.71356
-5.5158
-5.3118
-5.10203
-4.88702
-4.66735
-4.44361
-4.21644
-3.9865
-3.75442
-3.52087
-3.28646
-3.05178
-2.81739
-2.58378
-2.35136
-2.12045
-1.89134
-1.66403
-1.43889
-1.21474
-0.993942
-0.768617
-0.55742
-0.306176
-0.162029
-7.09832
-7.16077
-7.23173
-7.30539
-7.37666
-7.44267
-7.50306
-7.5586
-7.60985
-7.6573
-7.70163
-7.74352
-7.78347
-7.82183
-7.85889
-7.89489
-7.92995
-7.96418
-7.99763
-8.03031
-8.06221
-8.09332
-8.12357
-8.15291
-8.18129
-8.20862
-8.23482
-8.25983
-8.28354
-8.30588
-8.32676
-8.34609
-8.36377
-8.37971
-8.39382
-8.406
-8.41615
-8.42417
-8.42994
-8.43336
-8.4343
-8.43263
-8.42823
-8.42096
-8.41065
-8.39716
-8.38031
-8.35992
-8.33581
-8.30776
-8.27558
-8.23904
-8.19791
-8.15196
-8.10095
-8.04463
-7.98277
-7.91511
-7.84143
-7.76147
-7.675
-7.58181
-7.48166
-7.37437
-7.25975
-7.13763
-7.00789
-6.87043
-6.72521
-6.57221
-6.41149
-6.24315
-6.06736
-5.88434
-5.69439
-5.49785
-5.29514
-5.08671
-4.87309
-4.65482
-4.43251
-4.20675
-3.9782
-3.74747
-3.5152
-3.282
-3.04844
-2.81506
-2.58232
-2.35066
-2.12036
-1.89171
-1.6647
-1.43969
-1.21551
-0.994566
-0.768793
-0.55754
-0.304651
-0.164222
-7.12661
-7.18245
-7.24558
-7.31167
-7.37675
-7.43845
-7.49605
-7.54974
-7.59983
-7.64663
-7.69063
-7.73233
-7.77215
-7.8104
-7.84735
-7.88319
-7.91807
-7.95207
-7.98525
-8.01762
-8.04919
-8.07993
-8.10981
-8.13876
-8.16674
-8.19366
-8.21946
-8.24405
-8.26736
-8.2893
-8.30977
-8.3287
-8.346
-8.36156
-8.37529
-8.38709
-8.39686
-8.40451
-8.4099
-8.41294
-8.41351
-8.41146
-8.40668
-8.39902
-8.38833
-8.37445
-8.35721
-8.33643
-8.31193
-8.2835
-8.25094
-8.21403
-8.17255
-8.12627
-8.07495
-8.01835
-7.95624
-7.88837
-7.81451
-7.73443
-7.64789
-7.55468
-7.45459
-7.34742
-7.23299
-7.11116
-6.98179
-6.8448
-6.70015
-6.54782
-6.38788
-6.22042
-6.0456
-5.86366
-5.67487
-5.47957
-5.27816
-5.0711
-4.85888
-4.64204
-4.42115
-4.19683
-3.96967
-3.74029
-3.50931
-3.27732
-3.04488
-2.8125
-2.58066
-2.34974
-2.12004
-1.89185
-1.66514
-1.44027
-1.21607
-0.994966
-0.768819
-0.557431
-0.303338
-0.165736
-7.15182
-7.20232
-7.25904
-7.31876
-7.37839
-7.43598
-7.49069
-7.54235
-7.59104
-7.63695
-7.68038
-7.7217
-7.76125
-7.79927
-7.83601
-7.87163
-7.90626
-7.93999
-7.97286
-8.00491
-8.03612
-8.06649
-8.09597
-8.12452
-8.15208
-8.17859
-8.20396
-8.22813
-8.25102
-8.27254
-8.2926
-8.31112
-8.32801
-8.34316
-8.35649
-8.3679
-8.37728
-8.38453
-8.38954
-8.39218
-8.39235
-8.38991
-8.38474
-8.37668
-8.36558
-8.3513
-8.33366
-8.31248
-8.28757
-8.25875
-8.22581
-8.18853
-8.14669
-8.10007
-8.04843
-7.99155
-7.92919
-7.86111
-7.78708
-7.70688
-7.62028
-7.52706
-7.42703
-7.32
-7.20579
-7.08425
-6.95528
-6.81878
-6.67471
-6.52307
-6.36392
-6.19736
-6.02354
-5.84269
-5.65507
-5.46102
-5.26094
-5.05525
-4.84444
-4.62903
-4.40959
-4.1867
-3.96094
-3.73292
-3.50323
-3.27245
-3.04112
-2.80975
-2.57878
-2.3486
-2.11951
-1.89177
-1.66535
-1.44062
-1.21641
-0.99516
-0.768712
-0.557119
-0.302242
-0.166625
-7.17442
-7.22055
-7.27198
-7.32632
-7.38116
-7.43493
-7.48674
-7.53626
-7.5834
-7.62822
-7.67089
-7.71167
-7.7508
-7.78849
-7.82492
-7.86024
-7.89457
-7.92799
-7.96052
-7.99222
-8.02306
-8.05304
-8.08211
-8.11025
-8.13738
-8.16346
-8.1884
-8.21214
-8.2346
-8.25569
-8.27532
-8.29342
-8.30988
-8.32462
-8.33754
-8.34854
-8.35751
-8.36436
-8.36895
-8.3712
-8.37096
-8.36811
-8.36252
-8.35405
-8.34254
-8.32785
-8.30979
-8.2882
-8.26289
-8.23367
-8.20033
-8.16267
-8.12047
-8.07351
-8.02156
-7.9644
-7.90178
-7.8335
-7.7593
-7.67899
-7.59233
-7.49911
-7.39915
-7.29226
-7.17828
-7.05705
-6.92848
-6.79248
-6.64901
-6.49808
-6.33974
-6.17408
-6.00127
-5.82151
-5.63508
-5.44229
-5.24353
-5.03922
-4.82983
-4.61586
-4.39786
-4.17639
-3.95204
-3.72537
-3.49697
-3.26739
-3.03717
-2.8068
-2.5767
-2.34726
-2.11877
-1.89147
-1.66535
-1.44076
-1.21656
-0.995163
-0.768487
-0.556633
-0.301353
-0.166958
-7.19479
-7.23729
-7.28431
-7.33409
-7.38474
-7.43497
-7.48398
-7.53133
-7.57681
-7.6204
-7.66216
-7.70225
-7.74083
-7.77808
-7.81412
-7.84908
-7.88305
-7.9161
-7.94828
-7.97959
-8.01004
-8.03961
-8.06827
-8.09598
-8.12268
-8.14832
-8.17283
-8.19613
-8.21814
-8.23879
-8.258
-8.27566
-8.2917
-8.30601
-8.31851
-8.32909
-8.33764
-8.34407
-8.34825
-8.35008
-8.34942
-8.34615
-8.34015
-8.33125
-8.31933
-8.30421
-8.28573
-8.26372
-8.238
-8.20837
-8.17464
-8.1366
-8.09404
-8.04674
-7.99447
-7.93702
-7.87416
-7.80566
-7.73131
-7.65088
-7.56417
-7.47096
-7.37108
-7.26434
-7.15058
-7.02968
-6.90152
-6.76603
-6.62317
-6.47295
-6.31542
-6.15067
-5.97887
-5.80022
-5.61497
-5.42345
-5.22601
-5.02307
-4.81509
-4.60256
-4.386
-4.16595
-3.94299
-3.71767
-3.49055
-3.26217
-3.03305
-2.80366
-2.57443
-2.34572
-2.11782
-1.89097
-1.66515
-1.4407
-1.21652
-0.994991
-0.768157
-0.555997
-0.300658
-0.166807
-7.21323
-7.25267
-7.296
-7.34188
-7.38886
-7.43587
-7.4822
-7.52739
-7.57116
-7.61342
-7.65415
-7.69343
-7.73137
-7.76807
-7.80364
-7.83817
-7.87173
-7.90438
-7.93615
-7.96706
-7.99709
-8.02624
-8.05448
-8.08175
-8.10802
-8.13321
-8.15727
-8.18013
-8.2017
-8.22191
-8.24067
-8.2579
-8.2735
-8.28738
-8.29945
-8.3096
-8.31773
-8.32373
-8.32749
-8.3289
-8.32782
-8.32413
-8.31769
-8.30837
-8.29602
-8.28048
-8.26158
-8.23915
-8.21301
-8.18298
-8.14885
-8.11043
-8.0675
-8.01986
-7.96728
-7.90954
-7.84643
-7.77773
-7.70322
-7.62268
-7.53592
-7.44273
-7.34293
-7.23634
-7.12283
-7.00225
-6.87451
-6.73953
-6.59728
-6.44777
-6.29105
-6.12722
-5.95643
-5.77887
-5.59481
-5.40454
-5.20843
-5.00686
-4.80028
-4.58917
-4.37403
-4.1554
-3.93382
-3.70983
-3.48398
-3.25679
-3.02876
-2.80035
-2.57197
-2.34399
-2.11668
-1.89027
-1.66475
-1.44045
-1.21631
-0.994658
-0.767733
-0.555236
-0.300133
-0.166251
-7.22999
-7.26683
-7.30703
-7.34957
-7.39331
-7.43741
-7.48122
-7.5243
-7.56635
-7.60721
-7.64683
-7.68521
-7.7224
-7.75848
-7.7935
-7.82753
-7.86064
-7.89285
-7.92418
-7.95466
-7.98426
-8.01297
-8.04077
-8.0676
-8.09341
-8.11816
-8.14177
-8.16418
-8.1853
-8.20506
-8.22338
-8.24017
-8.25533
-8.26878
-8.28042
-8.29014
-8.29784
-8.30341
-8.30674
-8.30771
-8.30621
-8.30209
-8.29523
-8.28548
-8.2727
-8.25673
-8.2374
-8.21455
-8.188
-8.15756
-8.12304
-8.08423
-8.04095
-7.99296
-7.94007
-7.88206
-7.8187
-7.7498
-7.67513
-7.59449
-7.50768
-7.41451
-7.31479
-7.20837
-7.0951
-6.97485
-6.84753
-6.71306
-6.57143
-6.42263
-6.26672
-6.1038
-5.93401
-5.75755
-5.57466
-5.38564
-5.19083
-4.99062
-4.78543
-4.57573
-4.362
-4.14477
-3.92455
-3.70188
-3.47728
-3.25126
-3.02431
-2.79687
-2.56934
-2.34208
-2.11534
-1.88937
-1.66416
-1.44002
-1.21594
-0.994178
-0.767223
-0.554371
-0.299751
-0.165365
-7.24527
-7.27987
-7.3174
-7.35706
-7.39796
-7.43941
-7.48087
-7.52193
-7.56227
-7.60172
-7.64016
-7.67756
-7.71394
-7.74932
-7.78373
-7.81721
-7.84981
-7.88153
-7.9124
-7.94242
-7.97157
-7.99983
-8.02717
-8.05354
-8.07891
-8.1032
-8.12636
-8.14831
-8.16898
-8.18829
-8.20617
-8.22251
-8.23723
-8.25024
-8.26144
-8.27073
-8.27799
-8.28314
-8.28604
-8.28658
-8.28465
-8.2801
-8.27281
-8.26263
-8.24942
-8.23302
-8.21327
-8.19
-8.16304
-8.13219
-8.09728
-8.0581
-8.01445
-7.96614
-7.91294
-7.85465
-7.79105
-7.72195
-7.64713
-7.56639
-7.47954
-7.38639
-7.28677
-7.18051
-7.06748
-6.94756
-6.82066
-6.68671
-6.54569
-6.3976
-6.2425
-6.08048
-5.91168
-5.7363
-5.55458
-5.36679
-5.17327
-4.97439
-4.77058
-4.56227
-4.34994
-4.13408
-3.91521
-3.69384
-3.47048
-3.24561
-3.01972
-2.79323
-2.56654
-2.33999
-2.11383
-1.88829
-1.66339
-1.43941
-1.21541
-0.993562
-0.766633
-0.553422
-0.299484
-0.164225
-7.25923
-7.2919
-7.32712
-7.36427
-7.40267
-7.44174
-7.48103
-7.52016
-7.55883
-7.59685
-7.63408
-7.67047
-7.70597
-7.74059
-7.77433
-7.80721
-7.83926
-7.87046
-7.90083
-7.93037
-7.95904
-7.98683
-8.01371
-8.03962
-8.06453
-8.08836
-8.11106
-8.13255
-8.15277
-8.17163
-8.18906
-8.20495
-8.21923
-8.2318
-8.24256
-8.25141
-8.25825
-8.26296
-8.26543
-8.26555
-8.26318
-8.25821
-8.25049
-8.23988
-8.22624
-8.20942
-8.18925
-8.16556
-8.13819
-8.10695
-8.07164
-8.03209
-7.98809
-7.93945
-7.88594
-7.82738
-7.76356
-7.69426
-7.6193
-7.53847
-7.45158
-7.35845
-7.25892
-7.15284
-7.04005
-6.92047
-6.79398
-6.66054
-6.52013
-6.37274
-6.21844
-6.05731
-5.8895
-5.71519
-5.53461
-5.34803
-5.15578
-4.95823
-4.75576
-4.54882
-4.33786
-4.12336
-3.90582
-3.68572
-3.46357
-3.23985
-3.015
-2.78945
-2.56358
-2.33773
-2.11214
-1.88704
-1.66244
-1.43864
-1.21473
-0.99282
-0.765966
-0.552404
-0.299303
-0.1629
-7.27202
-7.303
-7.33621
-7.37118
-7.40735
-7.44428
-7.48156
-7.51888
-7.55594
-7.59255
-7.62856
-7.66389
-7.69848
-7.73229
-7.76532
-7.79756
-7.82901
-7.85966
-7.88951
-7.91853
-7.94672
-7.97403
-8.00043
-8.02587
-8.0503
-8.07367
-8.09591
-8.11694
-8.13671
-8.15511
-8.17209
-8.18754
-8.20137
-8.2135
-8.22383
-8.23224
-8.23864
-8.24292
-8.24497
-8.24465
-8.24186
-8.23645
-8.22831
-8.21728
-8.20322
-8.18597
-8.16538
-8.14129
-8.11351
-8.08187
-8.04619
-8.00627
-7.96193
-7.91295
-7.85916
-7.80033
-7.73628
-7.6668
-7.59169
-7.51077
-7.42385
-7.33076
-7.23133
-7.12541
-7.01288
-6.89362
-6.76755
-6.63462
-6.49481
-6.34812
-6.1946
-6.03435
-5.86751
-5.69425
-5.51479
-5.32941
-5.13842
-4.94216
-4.74102
-4.53542
-4.3258
-4.11263
-3.89639
-3.67755
-3.45659
-3.23398
-3.01015
-2.78553
-2.56047
-2.3353
-2.11028
-1.88561
-1.66133
-1.43771
-1.21392
-0.991963
-0.765227
-0.551332
-0.299178
-0.161452
-7.28375
-7.31323
-7.34469
-7.37775
-7.41195
-7.44693
-7.48238
-7.51799
-7.55351
-7.58874
-7.62354
-7.6578
-7.69144
-7.72442
-7.7567
-7.78826
-7.81909
-7.84915
-7.87845
-7.90695
-7.93462
-7.96144
-7.98735
-8.01231
-8.03627
-8.05917
-8.08094
-8.10151
-8.12082
-8.13877
-8.1553
-8.1703
-8.18369
-8.19538
-8.20527
-8.21325
-8.21922
-8.22307
-8.22468
-8.22394
-8.22072
-8.21489
-8.20632
-8.19487
-8.18039
-8.16273
-8.14173
-8.11723
-8.08905
-8.05703
-8.02097
-7.98069
-7.93601
-7.88672
-7.83264
-7.77356
-7.70928
-7.63962
-7.56438
-7.48338
-7.39643
-7.30337
-7.20404
-7.0983
-6.98601
-6.86708
-6.74143
-6.60901
-6.46978
-6.32378
-6.17104
-6.01166
-5.84576
-5.67353
-5.49518
-5.31097
-5.1212
-4.92621
-4.72637
-4.52208
-4.31378
-4.10192
-3.88695
-3.66933
-3.44954
-3.22802
-3.0052
-2.78148
-2.55721
-2.33273
-2.10826
-1.88402
-1.66006
-1.43664
-1.21297
-0.990997
-0.764417
-0.550215
-0.299083
-0.159935
-7.29451
-7.32268
-7.35259
-7.38395
-7.4164
-7.44964
-7.48339
-7.51742
-7.55147
-7.58537
-7.61898
-7.65216
-7.68485
-7.71697
-7.74847
-7.77933
-7.8095
-7.83896
-7.86769
-7.89564
-7.92279
-7.94909
-7.9745
-7.99898
-8.02246
-8.04488
-8.06619
-8.0863
-8.10515
-8.12265
-8.13872
-8.15328
-8.16623
-8.17748
-8.18693
-8.19448
-8.20002
-8.20344
-8.20463
-8.20346
-8.19982
-8.19357
-8.18458
-8.17272
-8.15782
-8.13975
-8.11834
-8.09344
-8.06488
-8.03247
-7.99605
-7.95542
-7.9104
-7.86081
-7.80645
-7.74712
-7.68263
-7.6128
-7.53743
-7.45635
-7.36938
-7.27636
-7.17713
-7.07156
-6.95952
-6.84092
-6.71568
-6.58375
-6.44511
-6.29978
-6.1478
-5.98927
-5.82431
-5.65309
-5.47582
-5.29275
-5.10418
-4.91042
-4.71185
-4.50885
-4.30184
-4.09124
-3.87751
-3.6611
-3.44245
-3.22199
-3.00015
-2.77731
-2.55383
-2.33001
-2.10608
-1.88228
-1.65863
-1.43542
-1.2119
-0.989931
-0.763537
-0.549062
-0.298994
-0.158395
-7.3044
-7.33139
-7.35993
-7.38979
-7.42067
-7.45233
-7.48454
-7.51709
-7.54976
-7.58238
-7.61482
-7.64695
-7.67867
-7.70992
-7.74064
-7.77076
-7.80027
-7.8291
-7.85724
-7.88463
-7.91124
-7.93702
-7.96193
-7.98591
-8.00891
-8.03086
-8.05169
-8.07134
-8.08973
-8.10678
-8.1224
-8.13652
-8.14903
-8.15984
-8.16886
-8.17598
-8.1811
-8.18409
-8.18486
-8.18327
-8.17921
-8.17255
-8.16314
-8.15086
-8.13556
-8.11709
-8.09528
-8.06999
-8.04104
-8.00826
-7.97148
-7.93051
-7.88517
-7.83528
-7.78064
-7.72107
-7.65638
-7.58638
-7.5109
-7.42974
-7.34276
-7.24977
-7.15065
-7.04525
-6.93346
-6.81519
-6.69035
-6.55891
-6.42084
-6.27617
-6.12494
-5.96724
-5.80318
-5.63295
-5.45674
-5.27478
-5.08738
-4.89483
-4.6975
-4.49575
-4.28998
-4.08063
-3.86811
-3.65286
-3.43532
-3.2159
-2.99502
-2.77305
-2.55032
-2.32715
-2.10377
-1.88039
-1.65707
-1.43406
-1.2107
-0.98877
-0.762589
-0.547879
-0.298889
-0.156871
-7.31348
-7.33941
-7.36674
-7.39526
-7.42474
-7.45497
-7.48576
-7.51694
-7.54831
-7.57972
-7.61103
-7.64212
-7.6729
-7.70327
-7.73319
-7.76258
-7.7914
-7.81959
-7.84713
-7.87395
-7.90001
-7.92526
-7.94966
-7.97315
-7.99565
-8.01713
-8.03749
-8.05668
-8.07461
-8.09121
-8.10639
-8.12006
-8.13214
-8.14252
-8.15111
-8.1578
-8.16249
-8.16507
-8.16542
-8.16342
-8.15895
-8.15187
-8.14206
-8.12938
-8.11367
-8.0948
-8.07261
-8.04693
-8.01761
-7.98447
-7.94733
-7.90603
-7.86038
-7.8102
-7.7553
-7.6955
-7.63061
-7.56045
-7.48485
-7.40363
-7.31663
-7.22369
-7.12467
-7.01945
-6.9079
-6.78995
-6.66551
-6.53454
-6.39704
-6.25301
-6.10251
-5.94561
-5.78245
-5.61317
-5.43798
-5.25712
-5.07085
-4.87947
-4.68334
-4.4828
-4.27825
-4.0701
-3.85876
-3.64464
-3.42818
-3.20977
-2.98982
-2.76869
-2.54671
-2.32417
-2.10132
-1.87837
-1.65536
-1.43258
-1.2094
-0.987521
-0.761573
-0.546669
-0.298751
-0.155395
-7.32181
-7.3468
-7.37303
-7.40036
-7.42857
-7.45751
-7.48702
-7.51693
-7.54709
-7.57734
-7.60757
-7.63765
-7.6675
-7.69701
-7.72613
-7.75478
-7.7829
-7.81045
-7.83738
-7.86362
-7.88912
-7.91385
-7.93773
-7.96071
-7.98273
-8.00373
-8.02363
-8.04235
-8.05983
-8.07598
-8.09072
-8.10396
-8.1156
-8.12556
-8.13372
-8.14
-8.14427
-8.14643
-8.14637
-8.14396
-8.13908
-8.13161
-8.1214
-8.10831
-8.09222
-8.07296
-8.05038
-8.02433
-7.99464
-7.96115
-7.92368
-7.88205
-7.8361
-7.78564
-7.73048
-7.67046
-7.60538
-7.53507
-7.45936
-7.37808
-7.29107
-7.19817
-7.09926
-6.99421
-6.88291
-6.76526
-6.64121
-6.51072
-6.37376
-6.23036
-6.08056
-5.92445
-5.76215
-5.5938
-5.41961
-5.2398
-5.05462
-4.86438
-4.66941
-4.47005
-4.26668
-4.05969
-3.84948
-3.63647
-3.42105
-3.20362
-2.98457
-2.76426
-2.543
-2.32108
-2.09875
-1.87621
-1.65354
-1.43098
-1.20799
-0.986188
-0.760489
-0.545436
-0.298561
-0.153992
-7.32945
-7.35359
-7.37884
-7.4051
-7.43217
-7.45994
-7.48827
-7.51701
-7.54604
-7.57521
-7.6044
-7.63352
-7.66245
-7.69112
-7.71945
-7.74736
-7.7748
-7.8017
-7.82801
-7.85366
-7.87862
-7.9028
-7.92617
-7.94865
-7.97019
-7.99071
-8.01014
-8.02841
-8.04544
-8.06115
-8.07545
-8.08826
-8.09948
-8.10901
-8.11676
-8.12262
-8.12648
-8.12824
-8.12778
-8.12497
-8.11969
-8.11182
-8.10122
-8.08775
-8.07127
-8.05163
-8.02868
-8.00227
-7.97222
-7.93838
-7.90058
-7.85865
-7.8124
-7.76167
-7.70627
-7.64602
-7.58076
-7.51031
-7.4345
-7.35316
-7.26614
-7.1733
-7.07449
-6.96961
-6.85854
-6.7412
-6.61753
-6.48749
-6.35107
-6.20827
-6.05916
-5.90381
-5.74234
-5.57489
-5.40166
-5.22286
-5.03875
-4.84961
-4.65575
-4.45753
-4.25529
-4.04942
-3.84031
-3.62836
-3.41395
-3.19747
-2.97929
-2.75976
-2.5392
-2.3179
-2.09607
-1.87395
-1.65159
-1.42928
-1.20648
-0.984778
-0.759339
-0.544181
-0.298307
-0.152685
-7.33645
-7.35981
-7.38419
-7.40947
-7.43553
-7.46224
-7.48949
-7.51716
-7.54513
-7.57328
-7.6015
-7.62969
-7.65775
-7.6856
-7.71315
-7.74034
-7.76709
-7.79334
-7.81904
-7.84412
-7.86851
-7.89217
-7.91502
-7.93701
-7.95806
-7.97811
-7.99708
-8.0149
-8.03149
-8.04676
-8.06063
-8.07302
-8.08382
-8.09294
-8.10028
-8.10573
-8.1092
-8.11056
-8.1097
-8.1065
-8.10083
-8.09257
-8.08159
-8.06774
-8.05089
-8.03088
-8.00757
-7.98081
-7.95042
-7.91625
-7.87813
-7.83589
-7.78936
-7.73837
-7.68273
-7.62228
-7.55685
-7.48626
-7.41035
-7.32896
-7.24193
-7.14914
-7.05044
-6.94572
-6.83488
-6.71784
-6.59454
-6.46494
-6.32902
-6.18682
-6.03837
-5.88375
-5.72308
-5.5565
-5.38419
-5.20637
-5.02327
-4.83518
-4.64241
-4.44527
-4.24413
-4.03934
-3.83128
-3.62035
-3.40691
-3.19134
-2.974
-2.75523
-2.53535
-2.31463
-2.0933
-1.87158
-1.64955
-1.42747
-1.20488
-0.983295
-0.758124
-0.542903
-0.297975
-0.151491
-7.34284
-7.3655
-7.38909
-7.41351
-7.43864
-7.46438
-7.49066
-7.51734
-7.54434
-7.57154
-7.59885
-7.62616
-7.65338
-7.68043
-7.70723
-7.73371
-7.75979
-7.78541
-7.8105
-7.835
-7.85885
-7.88198
-7.90432
-7.92582
-7.94639
-7.96598
-7.9845
-8.00187
-8.01803
-8.03287
-8.04632
-8.05829
-8.06869
-8.0774
-8.08434
-8.0894
-8.09248
-8.09345
-8.0922
-8.08862
-8.08258
-8.07395
-8.06259
-8.04838
-8.03116
-8.0108
-7.98714
-7.96004
-7.92932
-7.89483
-7.8564
-7.81387
-7.76707
-7.71583
-7.65997
-7.59932
-7.53372
-7.463
-7.38699
-7.30555
-7.21853
-7.12578
-7.02718
-6.92263
-6.81201
-6.69526
-6.57231
-6.44313
-6.30771
-6.16607
-6.01825
-5.86434
-5.70443
-5.53868
-5.36725
-5.19036
-5.00824
-4.82116
-4.62942
-4.43332
-4.23322
-4.02947
-3.82242
-3.61246
-3.39995
-3.18525
-2.96872
-2.75069
-2.53145
-2.3113
-2.09045
-1.86912
-1.64741
-1.42558
-1.2032
-0.981747
-0.756846
-0.541605
-0.297556
-0.150426
-7.34866
-7.37069
-7.39356
-7.4172
-7.4415
-7.46638
-7.49175
-7.51754
-7.54365
-7.56997
-7.59641
-7.62289
-7.64932
-7.67561
-7.70168
-7.72747
-7.7529
-7.7779
-7.8024
-7.82634
-7.84965
-7.87226
-7.89411
-7.91512
-7.93523
-7.95436
-7.97244
-7.98938
-8.00511
-8.01954
-8.03258
-8.04415
-8.05414
-8.06247
-8.06902
-8.0737
-8.07639
-8.07699
-8.07537
-8.07142
-8.06501
-8.05602
-8.04431
-8.02974
-8.01218
-7.99147
-7.96748
-7.94004
-7.909
-7.87421
-7.83549
-7.79268
-7.74562
-7.69414
-7.63806
-7.57722
-7.51147
-7.44062
-7.36453
-7.28304
-7.19602
-7.10331
-7.00482
-6.90041
-6.79001
-6.67353
-6.55092
-6.42214
-6.2872
-6.14609
-5.99888
-5.84564
-5.68646
-5.5215
-5.35092
-5.17491
-4.99372
-4.8076
-4.61684
-4.42173
-4.22263
-4.01985
-3.81377
-3.60473
-3.39311
-3.17924
-2.96348
-2.74615
-2.52754
-2.30792
-2.08754
-1.86659
-1.64519
-1.42361
-1.20145
-0.980141
-0.755511
-0.540285
-0.297041
-0.1495
-7.35395
-7.37541
-7.39764
-7.42057
-7.44412
-7.46821
-7.49278
-7.51775
-7.54303
-7.56854
-7.59419
-7.61989
-7.64556
-7.67114
-7.69652
-7.72165
-7.74645
-7.77085
-7.79478
-7.81817
-7.84096
-7.86306
-7.88443
-7.90497
-7.92462
-7.94331
-7.96096
-7.97748
-7.9928
-8.00683
-8.01948
-8.03065
-8.04026
-8.04821
-8.05439
-8.0587
-8.06102
-8.06126
-8.05928
-8.05498
-8.04822
-8.03888
-8.02682
-8.01191
-7.99402
-7.97298
-7.94867
-7.92092
-7.88958
-7.85449
-7.81549
-7.77241
-7.7251
-7.67339
-7.61711
-7.5561
-7.49019
-7.41922
-7.34305
-7.26152
-7.17449
-7.08183
-6.98343
-6.87917
-6.76897
-6.65275
-6.53047
-6.40207
-6.26757
-6.12698
-5.98034
-5.82773
-5.66925
-5.50503
-5.33524
-5.16008
-4.97977
-4.79455
-4.60472
-4.41055
-4.21238
-4.01054
-3.80536
-3.59721
-3.38642
-3.17334
-2.95831
-2.74164
-2.52363
-2.30453
-2.08459
-1.86401
-1.64292
-1.42158
-1.19964
-0.978487
-0.754125
-0.538949
-0.296429
-0.14872
-7.35871
-7.37965
-7.4013
-7.42361
-7.44648
-7.46987
-7.49372
-7.51794
-7.54247
-7.56723
-7.59214
-7.61713
-7.64211
-7.667
-7.69174
-7.71624
-7.74045
-7.76427
-7.78765
-7.81052
-7.8328
-7.85442
-7.87531
-7.8954
-7.91462
-7.93288
-7.95012
-7.96624
-7.98116
-7.9948
-8.00707
-8.01787
-8.02711
-8.0347
-8.04052
-8.04447
-8.04645
-8.04634
-8.04402
-8.03938
-8.03228
-8.02261
-8.01022
-7.99499
-7.97678
-7.95543
-7.93081
-7.90276
-7.87113
-7.83576
-7.7965
-7.75317
-7.70563
-7.6537
-7.59722
-7.53604
-7.46999
-7.39891
-7.32266
-7.24109
-7.15406
-7.06145
-6.96313
-6.85901
-6.749
-6.63303
-6.51104
-6.38301
-6.24893
-6.10882
-5.96272
-5.8107
-5.65287
-5.48935
-5.32031
-5.14594
-4.96645
-4.78209
-4.59312
-4.39984
-4.20255
-4.00158
-3.79726
-3.58993
-3.37993
-3.1676
-2.95325
-2.73721
-2.51975
-2.30115
-2.08163
-1.86141
-1.64062
-1.41951
-1.19779
-0.976801
-0.752699
-0.5376
-0.295722
-0.148085
-7.36303
-7.38351
-7.40464
-7.42638
-7.44866
-7.47141
-7.4946
-7.51815
-7.542
-7.56608
-7.59032
-7.61464
-7.63897
-7.66323
-7.68736
-7.71128
-7.73491
-7.7582
-7.78106
-7.80342
-7.82522
-7.84638
-7.86682
-7.88648
-7.90528
-7.92314
-7.93998
-7.95571
-7.97026
-7.98353
-7.99544
-8.00588
-8.01478
-8.02202
-8.0275
-8.03112
-8.03276
-8.03232
-8.02968
-8.02471
-8.0173
-8.00731
-7.99462
-7.97908
-7.96057
-7.93893
-7.91402
-7.88568
-7.85378
-7.81815
-7.77863
-7.73507
-7.68731
-7.63517
-7.57851
-7.51717
-7.45098
-7.3798
-7.30348
-7.22187
-7.13484
-7.04226
-6.94403
-6.84004
-6.73021
-6.61446
-6.49276
-6.36506
-6.23137
-6.09171
-5.94611
-5.79464
-5.63742
-5.47455
-5.30621
-5.13257
-4.95385
-4.77028
-4.58212
-4.38966
-4.19319
-3.99304
-3.78951
-3.58295
-3.37369
-3.16205
-2.94835
-2.73289
-2.51596
-2.29782
-2.0787
-1.85882
-1.63831
-1.41744
-1.19593
-0.975102
-0.751252
-0.536247
-0.294934
-0.147584
-7.36677
-7.38685
-7.40753
-7.42877
-7.45052
-7.47272
-7.49532
-7.51828
-7.54153
-7.565
-7.58863
-7.61235
-7.63609
-7.65978
-7.68335
-7.70673
-7.72984
-7.75262
-7.775
-7.79689
-7.81824
-7.83897
-7.85899
-7.87825
-7.89665
-7.91413
-7.93059
-7.94597
-7.96016
-7.97309
-7.98465
-7.99477
-8.00333
-8.01025
-8.01541
-8.01871
-8.02005
-8.0193
-8.01636
-8.01109
-8.00338
-7.9931
-7.98011
-7.96429
-7.94549
-7.92358
-7.89839
-7.8698
-7.83764
-7.80177
-7.76202
-7.71823
-7.67026
-7.61794
-7.56111
-7.49962
-7.43331
-7.36203
-7.28563
-7.20398
-7.11695
-7.02441
-6.92626
-6.82239
-6.71272
-6.59718
-6.47574
-6.34835
-6.21502
-6.07576
-5.93062
-5.77967
-5.623
-5.46074
-5.29304
-5.12008
-4.94206
-4.75922
-4.57181
-4.3801
-4.18439
-3.98498
-3.78219
-3.57634
-3.36776
-3.15675
-2.94365
-2.72873
-2.51229
-2.29458
-2.07583
-1.85627
-1.63603
-1.41538
-1.19408
-0.973416
-0.749807
-0.534906
-0.294091
-0.14719
-7.37029
-7.38999
-7.41026
-7.43106
-7.45232
-7.47402
-7.4961
-7.51852
-7.54122
-7.56414
-7.58722
-7.61039
-7.6336
-7.65676
-7.67981
-7.70269
-7.72532
-7.74764
-7.76956
-7.79102
-7.81195
-7.83227
-7.85191
-7.87078
-7.88882
-7.90594
-7.92206
-7.9371
-7.95096
-7.96357
-7.97482
-7.98462
-7.99288
-7.9995
-8.00437
-8.00738
-8.00842
-8.00739
-8.00417
-7.99862
-7.99064
-7.98008
-7.96683
-7.95075
-7.93169
-7.90952
-7.88409
-7.85525
-7.82286
-7.78676
-7.74679
-7.7028
-7.65464
-7.60215
-7.54516
-7.48353
-7.4171
-7.34573
-7.26927
-7.18759
-7.10056
-7.00805
-6.90996
-6.8062
-6.69668
-6.58133
-6.46012
-6.33302
-6.20001
-6.06113
-5.91641
-5.76592
-5.60975
-5.44804
-5.28092
-5.10857
-4.93119
-4.74901
-4.56228
-4.37126
-4.17623
-3.97751
-3.77538
-3.57018
-3.36221
-3.15179
-2.93922
-2.7248
-2.5088
-2.29149
-2.07308
-1.85381
-1.63382
-1.41339
-1.19228
-0.971779
-0.748399
-0.533597
-0.293235
-0.146854
-7.37294
-7.39236
-7.4123
-7.43274
-7.45362
-7.4749
-7.49655
-7.51852
-7.54077
-7.56322
-7.58584
-7.60854
-7.63128
-7.65399
-7.6766
-7.69904
-7.72125
-7.74315
-7.76468
-7.78576
-7.80631
-7.82627
-7.84556
-7.86409
-7.8818
-7.8986
-7.91441
-7.92914
-7.94271
-7.95502
-7.96599
-7.97551
-7.9835
-7.98984
-7.99444
-7.99719
-7.99798
-7.99669
-7.9932
-7.98741
-7.97917
-7.96838
-7.95488
-7.93856
-7.91926
-7.89686
-7.8712
-7.84215
-7.80955
-7.77324
-7.73308
-7.68891
-7.64058
-7.58792
-7.5308
-7.46904
-7.40251
-7.33106
-7.25455
-7.17283
-7.08579
-6.99331
-6.89529
-6.79162
-6.68223
-6.56706
-6.44606
-6.31921
-6.18649
-6.04794
-5.9036
-5.75352
-5.59781
-5.43658
-5.26998
-5.09817
-4.92137
-4.73978
-4.55365
-4.36324
-4.16883
-3.97071
-3.76918
-3.56455
-3.35713
-3.14723
-2.93515
-2.72117
-2.50557
-2.28861
-2.07052
-1.85152
-1.63176
-1.41152
-1.1906
-0.970239
-0.747076
-0.532352
-0.292437
-0.146499
-7.37595
-7.39505
-7.41467
-7.43474
-7.45525
-7.47614
-7.49738
-7.51894
-7.54075
-7.56278
-7.58496
-7.60724
-7.62956
-7.65185
-7.67405
-7.69609
-7.71791
-7.73944
-7.7606
-7.78132
-7.80154
-7.82117
-7.84014
-7.85837
-7.87578
-7.89229
-7.90782
-7.92228
-7.93558
-7.94763
-7.95834
-7.96762
-7.97536
-7.98146
-7.98583
-7.98835
-7.9889
-7.98739
-7.98368
-7.97766
-7.96921
-7.9582
-7.94449
-7.92796
-7.90846
-7.88586
-7.86001
-7.83077
-7.79798
-7.7615
-7.72117
-7.67684
-7.62836
-7.57557
-7.51832
-7.45646
-7.38984
-7.31832
-7.24175
-7.16001
-7.07297
-6.98052
-6.88254
-6.77896
-6.66968
-6.55466
-6.43384
-6.30721
-6.17475
-6.03648
-5.89246
-5.74274
-5.58742
-5.4266
-5.26045
-5.08912
-4.91281
-4.73173
-4.54612
-4.35624
-4.16235
-3.96476
-3.76374
-3.55961
-3.35266
-3.14321
-2.93154
-2.71795
-2.5027
-2.28605
-2.06823
-1.84946
-1.6299
-1.40984
-1.18908
-0.968844
-0.745887
-0.531198
-0.291769
-0.145989
-7.37718
-7.39616
-7.41558
-7.43544
-7.45572
-7.47636
-7.49734
-7.51862
-7.54014
-7.56187
-7.58375
-7.60572
-7.62773
-7.64971
-7.67161
-7.69335
-7.71488
-7.73611
-7.75699
-7.77744
-7.79739
-7.81675
-7.83547
-7.85345
-7.87062
-7.88689
-7.90219
-7.91642
-7.9295
-7.94133
-7.95183
-7.9609
-7.96843
-7.97433
-7.97849
-7.9808
-7.98116
-7.97945
-7.97555
-7.96934
-7.9607
-7.9495
-7.93561
-7.91889
-7.89922
-7.87644
-7.85042
-7.821
-7.78805
-7.75142
-7.71094
-7.66647
-7.61786
-7.56495
-7.5076
-7.44564
-7.37894
-7.30736
-7.23075
-7.14898
-7.06194
-6.9695
-6.87157
-6.76805
-6.65887
-6.54397
-6.42331
-6.29685
-6.16461
-6.02659
-5.88284
-5.73342
-5.57842
-5.41797
-5.25219
-5.08126
-4.90537
-4.72472
-4.53956
-4.35012
-4.15669
-3.95954
-3.75896
-3.55525
-3.34872
-3.13965
-2.92834
-2.71508
-2.50013
-2.28375
-2.06617
-1.84761
-1.62824
-1.40834
-1.18773
-0.967615
-0.744865
-0.530157
-0.291336
-0.145131
-7.38025
-7.39893
-7.41809
-7.43766
-7.45763
-7.47795
-7.49861
-7.51956
-7.54076
-7.56216
-7.58371
-7.60536
-7.62705
-7.64872
-7.67031
-7.69176
-7.713
-7.73396
-7.75458
-7.77478
-7.79448
-7.81362
-7.83211
-7.84988
-7.86685
-7.88293
-7.89804
-7.91209
-7.92499
-7.93666
-7.947
-7.95591
-7.96329
-7.96904
-7.97306
-7.97524
-7.97546
-7.97361
-7.96958
-7.96325
-7.95448
-7.94316
-7.92915
-7.91232
-7.89253
-7.86964
-7.84351
-7.814
-7.78095
-7.74423
-7.70366
-7.65912
-7.61043
-7.55746
-7.50005
-7.43805
-7.37132
-7.29971
-7.22309
-7.14133
-7.05431
-6.96191
-6.86404
-6.7606
-6.65151
-6.53673
-6.4162
-6.28991
-6.15784
-6.02002
-5.87649
-5.72732
-5.57259
-5.41241
-5.24693
-5.07631
-4.90074
-4.72042
-4.53559
-4.34649
-4.1534
-3.95657
-3.75632
-3.55292
-3.34668
-3.13789
-2.92684
-2.71381
-2.49907
-2.28287
-2.06544
-1.84702
-1.62776
-1.40795
-1.18744
-0.967362
-0.744772
-0.52991
-0.291919
-0.144197
-7.37911
-7.39781
-7.41695
-7.43653
-7.45649
-7.4768
-7.49742
-7.51832
-7.53946
-7.56078
-7.58225
-7.60381
-7.6254
-7.64697
-7.66845
-7.68978
-7.7109
-7.73174
-7.75223
-7.77229
-7.79187
-7.81087
-7.82922
-7.84685
-7.86368
-7.87962
-7.89459
-7.90849
-7.92125
-7.93277
-7.94296
-7.95172
-7.95895
-7.96455
-7.96842
-7.97044
-7.97051
-7.9685
-7.96432
-7.95782
-7.9489
-7.93741
-7.92324
-7.90625
-7.8863
-7.86324
-7.83695
-7.80728
-7.77407
-7.73718
-7.69646
-7.65176
-7.60292
-7.5498
-7.49224
-7.4301
-7.36324
-7.29151
-7.21477
-7.1329
-7.04579
-6.9533
-6.85536
-6.75186
-6.64273
-6.52792
-6.40739
-6.2811
-6.14906
-6.01129
-5.86783
-5.71875
-5.56412
-5.40407
-5.23874
-5.06828
-4.89289
-4.71277
-4.52814
-4.33926
-4.14639
-3.9498
-3.74978
-3.54662
-3.34061
-3.13205
-2.92123
-2.70841
-2.49387
-2.27787
-2.06062
-1.84237
-1.62327
-1.4036
-1.18324
-0.963257
-0.740916
-0.525814
-0.289072
-0.139068
-7.38356
-7.40191
-7.42075
-7.44001
-7.45964
-7.47962
-7.49994
-7.52054
-7.54139
-7.56244
-7.58365
-7.60496
-7.62632
-7.64767
-7.66896
-7.69011
-7.71107
-7.73177
-7.75213
-7.77209
-7.79157
-7.81049
-7.82879
-7.84637
-7.86316
-7.87908
-7.89404
-7.90795
-7.92072
-7.93226
-7.94248
-7.95128
-7.95856
-7.96422
-7.96815
-7.97024
-7.97039
-7.96847
-7.96438
-7.95799
-7.94917
-7.93781
-7.92376
-7.9069
-7.88709
-7.86419
-7.83805
-7.80854
-7.77551
-7.73881
-7.69828
-7.65378
-7.60516
-7.55227
-7.49495
-7.43306
-7.36645
-7.29499
-7.21854
-7.13697
-7.05016
-6.95799
-6.86038
-6.75722
-6.64844
-6.53399
-6.41382
-6.28791
-6.15626
-6.01887
-5.8758
-5.72709
-5.57285
-5.41319
-5.24823
-5.07814
-4.90309
-4.72331
-4.53901
-4.35043
-4.15784
-3.96151
-3.76172
-3.55876
-3.35294
-3.14453
-2.93382
-2.7211
-2.50664
-2.29068
-2.07346
-1.85521
-1.6361
-1.41641
-1.19602
-0.975993
-0.753619
-0.538262
-0.301617
-0.146202
-7.66776
-7.6951
-7.70401
-7.71097
-7.72112
-7.73413
-7.7496
-7.76749
-7.78774
-7.81025
-7.83487
-7.86144
-7.88978
-7.91967
-7.95091
-7.98327
-8.01653
-8.05045
-8.08481
-8.1194
-8.15401
-8.18844
-8.22249
-8.25599
-8.28877
-8.32069
-8.35158
-8.38133
-8.40979
-8.43687
-8.46245
-8.48642
-8.50869
-8.52917
-8.54777
-8.56439
-8.57895
-8.59135
-8.60151
-8.60931
-8.61467
-8.61747
-8.61758
-8.61488
-8.60923
-8.60047
-8.58844
-8.57294
-8.55378
-8.53075
-8.5036
-8.47209
-8.43596
-8.39493
-8.34871
-8.297
-8.23953
-8.176
-8.10612
-8.02965
-7.94648
-7.85656
-7.75942
-7.65414
-7.54028
-7.41781
-7.28653
-7.14624
-6.99677
-6.838
-6.66989
-6.49247
-6.30584
-6.11023
-5.90594
-5.69337
-5.47304
-5.24555
-5.01158
-4.7719
-4.52735
-4.2788
-4.02719
-3.77346
-3.51859
-3.26354
-3.00922
-2.75654
-2.50629
-2.2592
-2.01591
-1.77697
-1.54286
-1.314
-1.09061
-0.872716
-0.661341
-0.456377
-0.251563
-0.0384886
-7.6294
-7.66271
-7.66906
-7.67473
-7.68444
-7.69727
-7.71282
-7.73106
-7.7519
-7.77522
-7.80083
-7.82854
-7.85813
-7.88936
-7.92199
-7.95577
-7.99044
-8.02575
-8.06147
-8.09736
-8.13321
-8.1688
-8.20395
-8.23849
-8.27223
-8.30503
-8.33675
-8.36726
-8.39644
-8.42417
-8.45036
-8.4749
-8.49772
-8.51871
-8.53779
-8.55488
-8.56989
-8.58274
-8.59335
-8.60161
-8.60742
-8.6107
-8.61131
-8.60913
-8.60404
-8.59587
-8.58447
-8.56966
-8.55124
-8.529
-8.50271
-8.47212
-8.43697
-8.39699
-8.35189
-8.30138
-8.24515
-8.18291
-8.11434
-8.03909
-7.95676
-7.86685
-7.76918
-7.66391
-7.5508
-7.42928
-7.29901
-7.15976
-7.01132
-6.85356
-6.68643
-6.50995
-6.32421
-6.12944
-5.92593
-5.71408
-5.4944
-5.26749
-5.03403
-4.79479
-4.5506
-4.30234
-4.05095
-3.79738
-3.5426
-3.28757
-3.03324
-2.7805
-2.53017
-2.28297
-2.03956
-1.80049
-1.56624
-1.33724
-1.11387
-0.896138
-0.684905
-0.477413
-0.282213
-0.0635854
-7.6516
-7.69124
-7.69868
-7.70573
-7.71705
-7.7314
-7.74838
-7.76792
-7.78989
-7.81411
-7.8404
-7.86854
-7.89831
-7.92948
-7.96183
-7.99512
-8.02913
-8.06363
-8.09841
-8.13327
-8.16802
-8.20246
-8.23642
-8.26975
-8.30228
-8.33389
-8.36444
-8.3938
-8.42187
-8.44854
-8.47371
-8.49728
-8.51917
-8.53928
-8.55753
-8.57384
-8.58812
-8.60029
-8.61025
-8.61791
-8.62317
-8.62593
-8.62606
-8.62345
-8.61794
-8.6094
-8.59764
-8.5825
-8.56377
-8.54123
-8.51465
-8.48377
-8.44833
-8.40805
-8.36264
-8.3118
-8.25524
-8.19267
-8.1238
-8.04833
-7.96594
-7.87625
-7.77895
-7.67385
-7.56067
-7.43903
-7.30863
-7.16922
-7.0206
-6.86264
-6.69528
-6.51853
-6.33252
-6.13743
-5.93359
-5.72139
-5.50136
-5.2741
-5.0403
-4.80073
-4.55623
-4.3077
-4.05606
-3.80228
-3.54733
-3.29219
-3.03781
-2.78508
-2.53482
-2.28776
-2.04454
-1.80571
-1.57174
-1.34297
-1.11998
-0.902569
-0.692378
-0.48341
-0.294976
-0.0654537
-7.68316
-7.72536
-7.73188
-7.73923
-7.75108
-7.76587
-7.78319
-7.80292
-7.8249
-7.84896
-7.87489
-7.90251
-7.9316
-7.96198
-7.99343
-8.02574
-8.05871
-8.09214
-8.12582
-8.15957
-8.19321
-8.22656
-8.25945
-8.29174
-8.32327
-8.35391
-8.38352
-8.412
-8.43923
-8.4651
-8.48952
-8.51238
-8.53361
-8.5531
-8.57079
-8.58657
-8.60037
-8.61209
-8.62165
-8.62896
-8.63391
-8.63639
-8.63629
-8.63348
-8.62782
-8.61916
-8.60732
-8.59213
-8.57338
-8.55085
-8.52431
-8.49349
-8.45812
-8.41792
-8.37259
-8.32183
-8.26533
-8.20281
-8.13395
-8.05848
-7.97611
-7.88655
-7.78949
-7.68462
-7.57159
-7.45006
-7.31974
-7.18037
-7.03176
-6.87376
-6.70632
-6.52946
-6.34329
-6.14801
-5.94394
-5.7315
-5.5112
-5.28366
-5.04957
-4.80972
-4.56496
-4.31618
-4.06432
-3.81035
-3.55522
-3.29992
-3.0454
-2.79257
-2.54225
-2.29516
-2.05194
-1.81316
-1.57928
-1.35067
-1.12792
-0.910529
-0.700944
-0.49088
-0.306832
-0.0633337
-7.72366
-7.76868
-7.77386
-7.78088
-7.7923
-7.80643
-7.82292
-7.84168
-7.86257
-7.88543
-7.91009
-7.93639
-7.96414
-7.99317
-8.02329
-8.05429
-8.08597
-8.11815
-8.15062
-8.18321
-8.21572
-8.24799
-8.27986
-8.31116
-8.34175
-8.3715
-8.40027
-8.42795
-8.45442
-8.47958
-8.50333
-8.52557
-8.5462
-8.56515
-8.58232
-8.59764
-8.611
-8.62233
-8.63152
-8.6385
-8.64316
-8.64538
-8.64504
-8.64203
-8.6362
-8.6274
-8.61545
-8.60016
-8.58135
-8.55877
-8.5322
-8.50136
-8.46599
-8.42579
-8.38046
-8.32969
-8.27319
-8.21065
-8.1418
-8.06635
-7.98402
-7.89451
-7.79752
-7.69271
-7.57971
-7.4582
-7.32787
-7.18847
-7.03981
-6.88175
-6.71423
-6.53728
-6.35101
-6.15563
-5.95147
-5.73895
-5.51858
-5.29097
-5.05683
-4.81694
-4.57216
-4.32338
-4.07155
-3.81763
-3.56258
-3.30738
-3.053
-2.80034
-2.5502
-2.30333
-2.06034
-1.8218
-1.58817
-1.35979
-1.13727
-0.919865
-0.710635
-0.499488
-0.318349
-0.061058
-7.77415
-7.82192
-7.82431
-7.82945
-7.83869
-7.85035
-7.86429
-7.8805
-7.89889
-7.91935
-7.94176
-7.96595
-7.99175
-8.01898
-8.04743
-8.07689
-8.10717
-8.13805
-8.16933
-8.2008
-8.23229
-8.2636
-8.29458
-8.32506
-8.35488
-8.38391
-8.41202
-8.43907
-8.46496
-8.48958
-8.51282
-8.53459
-8.55479
-8.57333
-8.59013
-8.60509
-8.61813
-8.62916
-8.63809
-8.64482
-8.64925
-8.65128
-8.65077
-8.6476
-8.64163
-8.6327
-8.62065
-8.60527
-8.58638
-8.56374
-8.53711
-8.50622
-8.4708
-8.43055
-8.38517
-8.33436
-8.27781
-8.21524
-8.14637
-8.07092
-7.98859
-7.89908
-7.80209
-7.69726
-7.58424
-7.46269
-7.33232
-7.19288
-7.04418
-6.88607
-6.71851
-6.54153
-6.35523
-6.15984
-5.95567
-5.74314
-5.52279
-5.29523
-5.06119
-4.82143
-4.57682
-4.32826
-4.07669
-3.82307
-3.56836
-3.31353
-3.05955
-2.80729
-2.55757
-2.31109
-2.06849
-1.83029
-1.59698
-1.36884
-1.14646
-0.92897
-0.719749
-0.507484
-0.327614
-0.059296
-7.83313
-7.88367
-7.88038
-7.88098
-7.88541
-7.89227
-7.90169
-7.91377
-7.92846
-7.94566
-7.9652
-7.98691
-8.01057
-8.03594
-8.06278
-8.09086
-8.11992
-8.14973
-8.18006
-8.2107
-8.24143
-8.27208
-8.30245
-8.33238
-8.36171
-8.39029
-8.41798
-8.44466
-8.4702
-8.4945
-8.51744
-8.53893
-8.55888
-8.57719
-8.59378
-8.60856
-8.62143
-8.6323
-8.64108
-8.64768
-8.65199
-8.6539
-8.65328
-8.65002
-8.64396
-8.63495
-8.62282
-8.60738
-8.58842
-8.56571
-8.53902
-8.50807
-8.47258
-8.43227
-8.38683
-8.33596
-8.27935
-8.21672
-8.14778
-8.07224
-7.98982
-7.90021
-7.8031
-7.69815
-7.585
-7.46332
-7.33282
-7.19326
-7.04444
-6.88624
-6.71861
-6.54158
-6.35528
-6.15992
-5.95583
-5.74344
-5.52328
-5.29598
-5.06225
-4.82286
-4.57868
-4.33059
-4.07954
-3.82648
-3.57237
-3.31817
-3.06481
-2.81316
-2.56402
-2.31808
-2.07597
-1.8382
-1.60522
-1.37728
-1.15495
-0.937265
-0.727688
-0.514356
-0.334151
-0.0589188
-7.90177
-7.95479
-7.94063
-7.93272
-7.92896
-7.92841
-7.93144
-7.93815
-7.9484
-7.96197
-7.97856
-7.99788
-8.0196
-8.04341
-8.06898
-8.09603
-8.12425
-8.15338
-8.18316
-8.21336
-8.24373
-8.27407
-8.30419
-8.3339
-8.36303
-8.39145
-8.41899
-8.44554
-8.47096
-8.49515
-8.518
-8.5394
-8.55927
-8.5775
-8.594
-8.6087
-8.62149
-8.63229
-8.641
-8.64753
-8.65177
-8.65361
-8.65293
-8.64959
-8.64346
-8.63438
-8.62216
-8.60663
-8.58758
-8.56477
-8.53797
-8.5069
-8.4713
-8.43086
-8.38528
-8.33427
-8.27753
-8.21475
-8.14567
-8.06998
-7.98739
-7.89761
-7.8003
-7.69515
-7.5818
-7.45993
-7.32926
-7.18955
-7.04061
-6.88233
-6.71466
-6.53764
-6.35141
-6.15619
-5.95232
-5.74022
-5.52042
-5.29356
-5.06034
-4.82154
-4.578
-4.33061
-4.08031
-3.82804
-3.57474
-3.32135
-3.06879
-2.81791
-2.56948
-2.3242
-2.08265
-1.84533
-1.61267
-1.3849
-1.1625
-0.94453
-0.73427
-0.520008
-0.338024
-0.0603133
-7.98542
-8.03785
-8.00369
-7.98167
-7.96572
-7.95519
-7.95042
-7.95116
-7.95689
-7.96706
-7.98116
-7.99866
-8.01909
-8.04199
-8.06693
-8.09354
-8.12147
-8.15041
-8.18007
-8.21018
-8.24051
-8.27084
-8.30097
-8.3307
-8.35987
-8.38832
-8.4159
-8.44249
-8.46796
-8.49218
-8.51506
-8.5365
-8.55639
-8.57464
-8.59116
-8.60587
-8.61866
-8.62946
-8.63817
-8.64468
-8.64889
-8.6507
-8.64997
-8.64658
-8.64038
-8.63122
-8.61891
-8.60327
-8.5841
-8.56116
-8.5342
-8.50298
-8.4672
-8.42658
-8.38081
-8.32961
-8.27267
-8.20969
-8.14039
-8.06448
-7.98167
-7.89164
-7.79409
-7.68868
-7.57509
-7.453
-7.32213
-7.18226
-7.03321
-6.87486
-6.7072
-6.53026
-6.34419
-6.14921
-5.94567
-5.73399
-5.51471
-5.28845
-5.05591
-4.81787
-4.57516
-4.32866
-4.07929
-3.82797
-3.57564
-3.32322
-3.07159
-2.82159
-2.57397
-2.3294
-2.08846
-1.85161
-1.61925
-1.3916
-1.16904
-0.950716
-0.739514
-0.524518
-0.33953
-0.0634473
-8.09607
-8.13551
-8.06632
-8.02307
-7.99081
-7.96832
-7.95529
-7.95054
-7.95271
-7.96065
-7.97341
-7.99015
-8.01018
-8.03293
-8.0579
-8.08466
-8.1128
-8.142
-8.17194
-8.20235
-8.23297
-8.26358
-8.29398
-8.32396
-8.35336
-8.38203
-8.40981
-8.43658
-8.46221
-8.48658
-8.50959
-8.53114
-8.55113
-8.56947
-8.58606
-8.60082
-8.61366
-8.62449
-8.63321
-8.63972
-8.64392
-8.64569
-8.64491
-8.64145
-8.63517
-8.6259
-8.61348
-8.5977
-8.57836
-8.55524
-8.5281
-8.49666
-8.46066
-8.4198
-8.37379
-8.32234
-8.26514
-8.2019
-8.13233
-8.05615
-7.97305
-7.88274
-7.7849
-7.6792
-7.56535
-7.44302
-7.31195
-7.17193
-7.02279
-6.86443
-6.69683
-6.52004
-6.3342
-6.13956
-5.93646
-5.72533
-5.50669
-5.28117
-5.04945
-4.81232
-4.57058
-4.32511
-4.0768
-3.82657
-3.57532
-3.32396
-3.07336
-2.82431
-2.57756
-2.33374
-2.09341
-1.85703
-1.62495
-1.39739
-1.17461
-0.955902
-0.743576
-0.528076
-0.339105
-0.0680817
-8.25724
-8.2472
-8.12041
-8.048
-7.99662
-7.96225
-7.94272
-7.93476
-7.93549
-7.94304
-7.95603
-7.97335
-7.99414
-8.01771
-8.04352
-8.07109
-8.1
-8.12992
-8.16052
-8.19152
-8.22269
-8.25379
-8.28463
-8.31501
-8.34477
-8.37375
-8.40182
-8.42883
-8.45468
-8.47924
-8.50242
-8.52412
-8.54423
-8.56266
-8.57934
-8.59416
-8.60705
-8.6179
-8.62662
-8.63311
-8.63728
-8.63899
-8.63814
-8.63459
-8.62819
-8.61879
-8.6062
-8.59025
-8.57071
-8.54737
-8.51998
-8.48829
-8.45201
-8.41087
-8.36457
-8.31282
-8.25532
-8.19178
-8.1219
-8.0454
-7.96199
-7.87136
-7.77321
-7.66723
-7.5531
-7.43054
-7.2993
-7.15916
-7.00997
-6.85164
-6.68415
-6.50758
-6.32207
-6.12786
-5.92529
-5.7148
-5.49691
-5.27223
-5.04145
-4.80533
-4.56467
-4.32032
-4.07317
-3.8241
-3.57402
-3.32379
-3.07425
-2.8262
-2.58034
-2.3373
-2.0976
-1.86168
-1.62987
-1.40237
-1.17933
-0.96024
-0.746683
-0.530918
-0.337241
-0.0739013
-8.5106
-8.36295
-8.14775
-8.04006
-7.97257
-7.93096
-7.90993
-7.90305
-7.90574
-7.91559
-7.93092
-7.95043
-7.9732
-7.99854
-8.02591
-8.05484
-8.08495
-8.1159
-8.1474
-8.1792
-8.21106
-8.24276
-8.27411
-8.30494
-8.33509
-8.36441
-8.39277
-8.42004
-8.4461
-8.47085
-8.49419
-8.51601
-8.53622
-8.55474
-8.57147
-8.58633
-8.59922
-8.61007
-8.61877
-8.62522
-8.62931
-8.63095
-8.62999
-8.62631
-8.61976
-8.61018
-8.5974
-8.58123
-8.56145
-8.53785
-8.51019
-8.4782
-8.44161
-8.40015
-8.35353
-8.30144
-8.24361
-8.17973
-8.10952
-8.03269
-7.94895
-7.858
-7.75955
-7.65328
-7.5389
-7.41613
-7.28474
-7.14452
-6.99533
-6.83708
-6.66978
-6.49349
-6.30836
-6.11466
-5.9127
-5.70293
-5.48587
-5.26212
-5.03235
-4.79731
-4.5578
-4.31464
-4.06869
-3.82084
-3.57196
-3.32289
-3.07445
-2.82741
-2.58245
-2.34018
-2.10111
-1.86566
-1.6341
-1.40667
-1.18337
-0.963925
-0.749096
-0.533291
-0.334433
-0.0805923
-8.92708
-8.441
-8.10979
-7.98236
-7.90933
-7.87015
-7.85743
-7.85816
-7.86682
-7.88179
-7.90146
-7.92452
-7.9502
-7.97796
-8.00733
-8.03793
-8.06943
-8.10155
-8.13403
-8.16666
-8.1992
-8.23149
-8.26333
-8.29458
-8.32508
-8.3547
-8.3833
-8.41077
-8.437
-8.46188
-8.48532
-8.50722
-8.52749
-8.54604
-8.56278
-8.57764
-8.59051
-8.60131
-8.60994
-8.61631
-8.62031
-8.62182
-8.62072
-8.61688
-8.61015
-8.60036
-8.58736
-8.57093
-8.55089
-8.527
-8.49903
-8.46672
-8.42981
-8.38801
-8.34103
-8.2886
-8.23042
-8.1662
-8.09565
-8.01848
-7.93442
-7.84316
-7.74441
-7.63788
-7.52327
-7.40034
-7.26883
-7.12857
-6.97943
-6.82132
-6.65425
-6.4783
-6.29363
-6.10048
-5.8992
-5.69021
-5.47403
-5.25125
-5.02254
-4.78863
-4.55029
-4.30835
-4.06364
-3.81702
-3.56934
-3.32144
-3.0741
-2.82808
-2.58402
-2.34253
-2.10408
-1.86909
-1.63779
-1.41044
-1.18689
-0.967141
-0.751056
-0.535409
-0.331119
-0.0878568
-9.70644
-8.22586
-7.90624
-7.88016
-7.81528
-7.78641
-7.79347
-7.80807
-7.82547
-7.84719
-7.87222
-7.89938
-7.92824
-7.95852
-7.98992
-8.02214
-8.05495
-8.08813
-8.12148
-8.15481
-8.18793
-8.22068
-8.25291
-8.28446
-8.31521
-8.34502
-8.37377
-8.40137
-8.42768
-8.45263
-8.47611
-8.49802
-8.51829
-8.53682
-8.55353
-8.56833
-8.58114
-8.59186
-8.60039
-8.60664
-8.6105
-8.61186
-8.61059
-8.60655
-8.59961
-8.5896
-8.57634
-8.55965
-8.53932
-8.51513
-8.48684
-8.4542
-8.41694
-8.37479
-8.32747
-8.27468
-8.21615
-8.15159
-8.0807
-8.00322
-7.91884
-7.82729
-7.72828
-7.62151
-7.50672
-7.38365
-7.25208
-7.11183
-6.96277
-6.80485
-6.63806
-6.46249
-6.27832
-6.08577
-5.8852
-5.67703
-5.46176
-5.23998
-5.01234
-4.77957
-4.54242
-4.30169
-4.05821
-3.81282
-3.56634
-3.31959
-3.07334
-2.8283
-2.58514
-2.34441
-2.10658
-1.87204
-1.64102
-1.41375
-1.18999
-0.969994
-0.752707
-0.537376
-0.327604
-0.0953771
-10.2538
-7.32606
-7.40188
-7.71319
-7.70618
-7.69896
-7.73169
-7.76244
-7.78895
-7.81721
-7.84721
-7.87803
-7.90963
-7.94202
-7.97505
-8.00855
-8.04236
-8.07633
-8.1103
-8.14411
-8.17761
-8.21065
-8.2431
-8.27482
-8.30569
-8.33558
-8.36439
-8.39201
-8.41833
-8.44326
-8.46671
-8.48859
-8.5088
-8.52726
-8.54389
-8.5586
-8.5713
-8.58189
-8.59029
-8.5964
-8.6001
-8.60128
-8.59981
-8.59557
-8.5884
-8.57814
-8.56462
-8.54765
-8.52703
-8.50253
-8.47391
-8.44094
-8.40334
-8.36085
-8.31318
-8.26005
-8.20119
-8.13629
-8.06509
-7.9873
-7.90264
-7.81083
-7.71158
-7.60462
-7.48967
-7.3665
-7.2349
-7.09469
-6.94576
-6.78805
-6.62158
-6.44643
-6.26277
-6.07085
-5.87101
-5.66366
-5.44931
-5.22853
-5.00196
-4.77032
-4.53434
-4.29481
-4.05254
-3.80835
-3.56305
-3.31743
-3.07224
-2.82818
-2.58589
-2.34592
-2.10871
-1.87465
-1.64392
-1.41679
-1.19286
-0.972696
-0.754309
-0.53943
-0.32431
-0.103073
)
;

boundaryField
{
    outlet
    {
        type            fixedValue;
        value           uniform 0;
    }
    inlet
    {
        type            zeroGradient;
    }
    lowerWall
    {
        type            zeroGradient;
    }
    upperWall
    {
        type            zeroGradient;
    }
    frontAndBack
    {
        type            empty;
    }
}


// ************************************************************************* //
