/*--------------------------------*- C++ -*----------------------------------*\
| =========                 |                                                 |
| \\      /  F ield         | OpenFOAM: The Open Source CFD Toolbox           |
|  \\    /   O peration     | Version:  4.1                                   |
|   \\  /    A nd           | Web:      www.OpenFOAM.org                      |
|    \\/     M anipulation  |                                                 |
\*---------------------------------------------------------------------------*/
FoamFile
{
    version     2.0;
    format      ascii;
    class       volScalarField;
    location    "1300";
    object      p;
}
// * * * * * * * * * * * * * * * * * * * * * * * * * * * * * * * * * * * * * //

dimensions      [0 2 -2 0 0 0 0];

internalField   nonuniform List<scalar> 
6820
(
-7.89273
-8.69247
-9.15297
-9.29781
-9.37637
-9.45068
-9.51052
-9.55611
-9.59482
-9.63031
-9.66311
-9.69344
-9.72178
-9.74854
-9.77397
-9.79826
-9.82158
-9.84411
-9.866
-9.8874
-9.90846
-9.92933
-9.95015
-9.97109
-9.9923
-10.014
-10.0363
-10.0596
-10.0839
-10.1102
-10.1369
-10.1707
-10.1859
-9.56644
-9.73222
-9.71781
-9.63825
-9.59599
-9.59275
-9.60281
-9.61638
-9.63368
-9.65447
-9.67717
-9.70055
-9.72412
-9.74762
-9.77086
-9.7937
-9.81609
-9.83805
-9.85962
-9.88087
-9.90189
-9.92277
-9.94364
-9.96463
-9.98587
-10.0075
-10.0298
-10.053
-10.0771
-10.103
-10.1307
-10.164
-10.2054
-9.54486
-9.3568
-9.3382
-9.37267
-9.41448
-9.46274
-9.50926
-9.54976
-9.58627
-9.62064
-9.65306
-9.68346
-9.71207
-9.73918
-9.76498
-9.78963
-9.81329
-9.8361
-9.85823
-9.87983
-9.90102
-9.92197
-9.94281
-9.96368
-9.98473
-10.0061
-10.0281
-10.0508
-10.0744
-10.0995
-10.1263
-10.1571
-10.1888
-9.46273
-9.36035
-9.40978
-9.47043
-9.50386
-9.53437
-9.56591
-9.59473
-9.62153
-9.64779
-9.67361
-9.6987
-9.72306
-9.74675
-9.76983
-9.79231
-9.81424
-9.83571
-9.85677
-9.87752
-9.89806
-9.91846
-9.93885
-9.95934
-9.98003
-10.0011
-10.0226
-10.0447
-10.0677
-10.0917
-10.1169
-10.1439
-10.1705
-9.4552
-9.41531
-9.44749
-9.48523
-9.50743
-9.53231
-9.56148
-9.58981
-9.61674
-9.64326
-9.66942
-9.69491
-9.71964
-9.74366
-9.76701
-9.78972
-9.81184
-9.83343
-9.85457
-9.87536
-9.89588
-9.91623
-9.93651
-9.95682
-9.97727
-9.99796
-10.019
-10.0406
-10.0627
-10.0855
-10.109
-10.1331
-10.1565
-9.46439
-9.44429
-9.46022
-9.48998
-9.51391
-9.53931
-9.56762
-9.5953
-9.62166
-9.64748
-9.67288
-9.69764
-9.72168
-9.74506
-9.76781
-9.78996
-9.81158
-9.83271
-9.85343
-9.87382
-9.89397
-9.91395
-9.93386
-9.95377
-9.97378
-9.99397
-10.0144
-10.0352
-10.0564
-10.0779
-10.0996
-10.1214
-10.1423
-9.47382
-9.46265
-9.47377
-9.50006
-9.52404
-9.54797
-9.5741
-9.60027
-9.62558
-9.65043
-9.67495
-9.69895
-9.72234
-9.74515
-9.76741
-9.78913
-9.81036
-9.83114
-9.85155
-9.87165
-9.8915
-9.91118
-9.93077
-9.95032
-9.96991
-9.9896
-10.0094
-10.0294
-10.0496
-10.0699
-10.0901
-10.11
-10.1288
-9.48392
-9.47884
-9.48849
-9.51095
-9.53336
-9.55572
-9.58003
-9.60487
-9.62921
-9.65319
-9.6769
-9.70019
-9.72297
-9.74523
-9.76699
-9.78827
-9.8091
-9.82951
-9.84957
-9.86932
-9.88883
-9.90815
-9.92735
-9.94648
-9.96559
-9.98471
-10.0039
-10.0231
-10.0423
-10.0614
-10.0802
-10.0984
-10.1156
-9.4948
-9.49346
-9.50225
-9.52136
-9.54211
-9.56323
-9.58601
-9.60955
-9.63288
-9.65597
-9.67886
-9.70142
-9.72355
-9.74523
-9.76647
-9.78728
-9.80767
-9.82768
-9.84735
-9.86672
-9.88586
-9.90479
-9.92357
-9.94224
-9.96083
-9.97936
-9.99783
-10.0162
-10.0345
-10.0525
-10.07
-10.0869
-10.1028
-9.50597
-9.50667
-9.51494
-9.53153
-9.55069
-9.57063
-9.592
-9.61425
-9.63656
-9.65874
-9.6808
-9.70262
-9.72409
-9.74518
-9.76588
-9.78619
-9.80612
-9.8257
-9.84496
-9.86393
-9.88265
-9.90115
-9.91948
-9.93765
-9.95569
-9.9736
-9.99137
-10.009
-10.0263
-10.0433
-10.0597
-10.0754
-10.0902
-9.51706
-9.51883
-9.52675
-9.54144
-9.55906
-9.57782
-9.59789
-9.61891
-9.6402
-9.6615
-9.68273
-9.7038
-9.7246
-9.74509
-9.76523
-9.78502
-9.80448
-9.8236
-9.84242
-9.86095
-9.87923
-9.89728
-9.91513
-9.93278
-9.95024
-9.96752
-9.98457
-10.0014
-10.0178
-10.0339
-10.0493
-10.064
-10.0778
-9.52787
-9.53016
-9.53775
-9.55096
-9.56716
-9.58477
-9.60366
-9.62352
-9.64381
-9.66422
-9.68464
-9.70497
-9.72509
-9.74496
-9.76453
-9.78379
-9.80275
-9.8214
-9.83975
-9.85782
-9.87564
-9.8932
-9.91054
-9.92765
-9.94452
-9.96115
-9.97751
-9.99354
-10.0092
-10.0243
-10.0389
-10.0527
-10.0657
-9.53827
-9.54077
-9.54803
-9.56005
-9.57496
-9.59146
-9.60925
-9.62803
-9.64735
-9.66688
-9.6865
-9.70609
-9.72553
-9.74478
-9.76377
-9.78249
-9.80093
-9.81908
-9.83695
-9.85454
-9.87187
-9.88893
-9.90574
-9.92229
-9.93857
-9.95456
-9.97023
-9.98553
-10.0004
-10.0147
-10.0285
-10.0415
-10.0538
-9.54819
-9.55072
-9.55761
-9.56866
-9.58243
-9.59788
-9.61464
-9.6324
-9.65077
-9.66946
-9.68829
-9.70714
-9.72591
-9.74453
-9.76294
-9.78111
-9.79902
-9.81666
-9.83403
-9.85112
-9.86794
-9.88449
-9.90076
-9.91674
-9.93243
-9.94778
-9.96278
-9.97737
-9.9915
-10.0051
-10.0181
-10.0304
-10.042
-9.55756
-9.56004
-9.56656
-9.57676
-9.58952
-9.60399
-9.61979
-9.63659
-9.65407
-9.67192
-9.68998
-9.70811
-9.72621
-9.7442
-9.76202
-9.77963
-9.79701
-9.81413
-9.83098
-9.84756
-9.86387
-9.87988
-9.89561
-9.91102
-9.92611
-9.94084
-9.95519
-9.9691
-9.98254
-9.99544
-10.0078
-10.0194
-10.0304
-9.56636
-9.56873
-9.57488
-9.58436
-9.59622
-9.60978
-9.62467
-9.64058
-9.65719
-9.67424
-9.69155
-9.70897
-9.72641
-9.74378
-9.76101
-9.77805
-9.79488
-9.81147
-9.82781
-9.84387
-9.85964
-9.87513
-9.8903
-9.90514
-9.91964
-9.93376
-9.94748
-9.96075
-9.97353
-9.98579
-9.99747
-10.0085
-10.0189
-9.57457
-9.57682
-9.58259
-9.59143
-9.60248
-9.6152
-9.62925
-9.64431
-9.66011
-9.67639
-9.69297
-9.70971
-9.72649
-9.74324
-9.75988
-9.77636
-9.79264
-9.8087
-9.8245
-9.84004
-9.85528
-9.87023
-9.88485
-9.89913
-9.91305
-9.92657
-9.93968
-9.95234
-9.96451
-9.97615
-9.98724
-9.99774
-10.0076
-9.58215
-9.58428
-9.5897
-9.59796
-9.60829
-9.62024
-9.6335
-9.64778
-9.6628
-9.67834
-9.69422
-9.71028
-9.72643
-9.74257
-9.75863
-9.77455
-9.79028
-9.8058
-9.82107
-9.83608
-9.85079
-9.8652
-9.87927
-9.89299
-9.90634
-9.91929
-9.93182
-9.94388
-9.95547
-9.96654
-9.97707
-9.98705
-9.99645
-9.58911
-9.59112
-9.5962
-9.60394
-9.61362
-9.62486
-9.63739
-9.65093
-9.66523
-9.68007
-9.69526
-9.71068
-9.72621
-9.74175
-9.75723
-9.77259
-9.78779
-9.80277
-9.81751
-9.83199
-9.84618
-9.86005
-9.87358
-9.88676
-9.89955
-9.91194
-9.9239
-9.93541
-9.94644
-9.95697
-9.96698
-9.97645
-9.98539
-9.59543
-9.59732
-9.60209
-9.60935
-9.61845
-9.62905
-9.6409
-9.65376
-9.66737
-9.68154
-9.69609
-9.71089
-9.72581
-9.74077
-9.75569
-9.7705
-9.78515
-9.79961
-9.81383
-9.82778
-9.84144
-9.85479
-9.86779
-9.88043
-9.89268
-9.90453
-9.91595
-9.92692
-9.93742
-9.94744
-9.95695
-9.96596
-9.97444
-9.60109
-9.60286
-9.60735
-9.61418
-9.62275
-9.63276
-9.64399
-9.65621
-9.66919
-9.68273
-9.69667
-9.71086
-9.72521
-9.73961
-9.75398
-9.76825
-9.78238
-9.79631
-9.81002
-9.82345
-9.8366
-9.84943
-9.86191
-9.87403
-9.88576
-9.89709
-9.90799
-9.91844
-9.92844
-9.93796
-9.94701
-9.95556
-9.96362
-9.60607
-9.60775
-9.61198
-9.61841
-9.62651
-9.63598
-9.64664
-9.65827
-9.67066
-9.68361
-9.69697
-9.7106
-9.72439
-9.73825
-9.75209
-9.76584
-9.77945
-9.79288
-9.80608
-9.81901
-9.83166
-9.84398
-9.85596
-9.86757
-9.8788
-9.88962
-9.90002
-9.90999
-9.9195
-9.92856
-9.93715
-9.94527
-9.95292
-9.61037
-9.61196
-9.61595
-9.62203
-9.62969
-9.63867
-9.64881
-9.65991
-9.67175
-9.68415
-9.69697
-9.71007
-9.72334
-9.73668
-9.75001
-9.76326
-9.77638
-9.78931
-9.80202
-9.81447
-9.82662
-9.83845
-9.84994
-9.86107
-9.87181
-9.88215
-9.89207
-9.90157
-9.91062
-9.91923
-9.92739
-9.9351
-9.94236
-9.61396
-9.61547
-9.61924
-9.62499
-9.63227
-9.64081
-9.65049
-9.66109
-9.67243
-9.68433
-9.69665
-9.70925
-9.72203
-9.73488
-9.74773
-9.7605
-9.77314
-9.7856
-9.79784
-9.80981
-9.8215
-9.83286
-9.84388
-9.85453
-9.86481
-9.87469
-9.88415
-9.8932
-9.90181
-9.91
-9.91774
-9.92506
-9.93193
-9.61683
-9.61825
-9.62183
-9.62729
-9.63421
-9.64237
-9.65162
-9.66179
-9.67268
-9.68413
-9.69598
-9.70813
-9.72045
-9.73284
-9.74524
-9.75756
-9.76975
-9.78176
-9.79354
-9.80507
-9.8163
-9.82721
-9.83778
-9.84799
-9.85782
-9.86725
-9.87628
-9.8849
-9.8931
-9.90087
-9.90823
-9.91515
-9.92166
-9.61894
-9.6203
-9.62369
-9.62889
-9.6355
-9.64331
-9.65219
-9.66197
-9.67246
-9.6835
-9.69495
-9.70668
-9.71858
-9.73056
-9.74253
-9.75443
-9.7662
-9.77778
-9.78914
-9.80023
-9.81104
-9.82152
-9.83166
-9.84144
-9.85085
-9.85986
-9.86848
-9.87669
-9.88449
-9.89187
-9.89885
-9.90541
-9.91156
-9.62028
-9.62157
-9.62479
-9.62975
-9.63608
-9.64359
-9.65216
-9.66161
-9.67175
-9.68244
-9.69352
-9.70488
-9.71641
-9.72801
-9.7396
-9.75111
-9.76248
-9.77367
-9.78463
-9.79533
-9.80573
-9.81581
-9.82555
-9.83492
-9.84393
-9.85255
-9.86077
-9.8686
-9.87602
-9.88303
-9.88965
-9.89586
-9.90167
-9.62082
-9.62204
-9.6251
-9.62983
-9.63592
-9.64318
-9.65148
-9.66065
-9.67051
-9.6809
-9.69168
-9.70273
-9.71393
-9.72519
-9.73643
-9.74759
-9.75861
-9.76943
-9.78002
-9.79034
-9.80037
-9.81007
-9.81942
-9.82842
-9.83705
-9.84529
-9.85315
-9.86061
-9.86767
-9.87433
-9.8806
-9.88648
-9.89197
-9.62053
-9.62168
-9.62457
-9.62908
-9.63495
-9.64202
-9.65012
-9.65908
-9.66872
-9.67887
-9.68941
-9.70019
-9.71112
-9.7221
-9.73305
-9.7439
-9.7546
-9.7651
-9.77536
-9.78535
-9.79503
-9.80439
-9.8134
-9.82205
-9.83033
-9.83823
-9.84574
-9.85286
-9.85958
-9.86592
-9.87186
-9.87742
-9.88259
-9.6194
-9.62047
-9.62316
-9.62744
-9.63312
-9.64004
-9.64801
-9.65684
-9.66633
-9.67632
-9.68668
-9.69726
-9.70796
-9.7187
-9.72939
-9.73996
-9.75038
-9.76058
-9.77053
-9.78019
-9.78956
-9.79859
-9.80727
-9.8156
-9.82355
-9.83112
-9.83831
-9.84511
-9.85152
-9.85755
-9.86319
-9.86845
-9.87334
-9.61741
-9.61836
-9.62079
-9.62481
-9.63034
-9.63719
-9.64511
-9.65387
-9.6633
-9.67324
-9.68352
-9.694
-9.70459
-9.71518
-9.7257
-9.73608
-9.74628
-9.75626
-9.76596
-9.77538
-9.78447
-9.79323
-9.80163
-9.80966
-9.81732
-9.8246
-9.8315
-9.838
-9.84412
-9.84986
-9.85521
-9.86018
-9.86477
-9.61458
-9.61534
-9.61737
-9.62106
-9.6265
-9.6334
-9.64136
-9.65014
-9.65956
-9.66944
-9.67963
-9.68999
-9.70042
-9.71083
-9.72116
-9.73133
-9.74131
-9.75105
-9.76052
-9.76969
-9.77853
-9.78704
-9.79518
-9.80296
-9.81037
-9.81739
-9.82403
-9.83028
-9.83615
-9.84164
-9.84675
-9.85149
-9.85588
-9.611
-9.61142
-9.61277
-9.61599
-9.62139
-9.62846
-9.63668
-9.64581
-9.65562
-9.66586
-9.67633
-9.6869
-9.69746
-9.70794
-9.71826
-9.72838
-9.73826
-9.74786
-9.75715
-9.76612
-9.77474
-9.783
-9.79089
-9.79841
-9.80554
-9.81229
-9.81865
-9.82462
-9.83021
-9.83541
-9.84023
-9.84467
-9.84872
-9.60691
-9.60655
-9.60669
-9.60953
-9.61513
-9.62218
-9.6301
-9.63889
-9.64846
-9.65852
-9.66884
-9.67929
-9.68978
-9.7002
-9.71047
-9.72056
-9.73039
-9.73995
-9.7492
-9.75812
-9.76669
-9.77489
-9.78271
-9.79015
-9.7972
-9.80386
-9.81013
-9.81601
-9.8215
-9.82661
-9.83135
-9.83573
-9.83977
-9.60298
-9.60078
-9.59799
-9.60039
-9.60796
-9.6176
-9.62785
-9.63856
-9.64958
-9.66066
-9.67163
-9.68245
-9.69307
-9.70345
-9.71356
-9.72337
-9.73288
-9.74205
-9.75088
-9.75936
-9.76747
-9.77522
-9.78258
-9.78956
-9.79616
-9.80238
-9.80821
-9.81365
-9.81871
-9.8234
-9.8277
-9.83161
-9.83512
-9.60043
-9.59533
-9.58784
-9.58562
-9.58831
-9.59397
-9.60217
-9.61236
-9.6236
-9.63525
-9.64708
-9.65893
-9.67066
-9.68215
-9.69333
-9.70418
-9.71465
-9.72472
-9.73439
-9.74363
-9.75244
-9.76082
-9.76877
-9.77629
-9.78337
-9.79003
-9.79626
-9.80207
-9.80747
-9.81248
-9.8171
-9.82136
-9.82529
-9.60086
-9.58097
-9.58381
-9.60363
-9.62042
-9.63138
-9.64126
-9.65171
-9.66204
-9.67187
-9.68139
-9.69075
-9.69992
-9.7089
-9.71765
-9.72618
-9.73447
-9.74249
-9.75024
-9.7577
-9.76485
-9.77169
-9.7782
-9.78437
-9.7902
-9.79568
-9.80082
-9.8056
-9.81004
-9.81412
-9.81784
-9.82119
-9.82415
-9.63833
-9.51508
-9.452
-9.45567
-9.47806
-9.49981
-9.52114
-9.5429
-9.56405
-9.58393
-9.60254
-9.62
-9.63636
-9.65171
-9.66611
-9.67965
-9.69238
-9.70436
-9.71563
-9.72623
-9.7362
-9.74555
-9.75433
-9.76253
-9.7702
-9.77734
-9.78398
-9.79012
-9.79579
-9.801
-9.80578
-9.81014
-9.8141
-9.79823
-9.81139
-9.77008
-9.72792
-9.70395
-9.69343
-9.68893
-9.68698
-9.68712
-9.68932
-9.69315
-9.69805
-9.70367
-9.70979
-9.71627
-9.72295
-9.72973
-9.73652
-9.74324
-9.74985
-9.75628
-9.76252
-9.76852
-9.77426
-9.77973
-9.7849
-9.78977
-9.79433
-9.79857
-9.80249
-9.80609
-9.80937
-9.81231
-8.63397
-8.93431
-9.19934
-9.32527
-9.39025
-9.44635
-9.49588
-9.53424
-9.56393
-9.58883
-9.61067
-9.62995
-9.6471
-9.6626
-9.67679
-9.68987
-9.70201
-9.71329
-9.72383
-9.73367
-9.74288
-9.75149
-9.75954
-9.76704
-9.77403
-9.78052
-9.78653
-9.79208
-9.79717
-9.80183
-9.80607
-9.80989
-9.81331
-10.2739
-10.1758
-10.2256
-10.2801
-10.3047
-10.32
-10.3311
-10.3358
-10.335
-10.3311
-10.3262
-10.3222
-10.321
-10.3238
-10.3319
-10.3459
-10.3661
-10.3923
-10.424
-10.4602
-10.4999
-10.5418
-10.5848
-10.6275
-10.6688
-10.7075
-10.7427
-10.7733
-10.7985
-10.8173
-10.8289
-10.8324
-10.8272
-10.8124
-10.7874
-10.7513
-10.7036
-10.6436
-10.5708
-10.4847
-10.385
-10.2714
-10.1436
-10.0016
-9.84535
-9.67489
-9.49044
-9.2923
-9.08091
-8.85679
-8.62065
-8.37326
-8.11556
-7.84858
-7.57344
-7.29136
-7.00363
-6.7116
-6.41663
-6.12013
-5.82348
-5.52804
-5.23513
-4.94601
-4.66185
-4.38374
-4.11267
-3.8495
-3.59498
-3.34974
-3.11427
-2.88895
-2.67405
-2.46972
-2.27602
-2.09293
-1.92033
-1.75804
-1.60579
-1.46327
-1.33013
-1.20596
-1.09035
-0.982846
-0.883015
-0.790404
-0.70457
-0.625078
-0.551503
-0.483438
-0.420473
-0.36224
-0.308287
-0.258372
-0.211659
-0.168719
-0.126313
-0.090652
-0.043512
-0.0296333
-10.2706
-10.2651
-10.2933
-10.3129
-10.3087
-10.2989
-10.2912
-10.2843
-10.2777
-10.2726
-10.2695
-10.2694
-10.2729
-10.2809
-10.2938
-10.3121
-10.3356
-10.3641
-10.397
-10.4336
-10.473
-10.5141
-10.5559
-10.5973
-10.6372
-10.6746
-10.7085
-10.7378
-10.7617
-10.7793
-10.7897
-10.7921
-10.7858
-10.7701
-10.7441
-10.7072
-10.6589
-10.5984
-10.5253
-10.4391
-10.3395
-10.2262
-10.0989
-9.95759
-9.80225
-9.63295
-9.4499
-9.25338
-9.04383
-8.82178
-8.58791
-8.34298
-8.08791
-7.8237
-7.55146
-7.27238
-6.98771
-6.69876
-6.40688
-6.11343
-5.81975
-5.52719
-5.23702
-4.95049
-4.66874
-4.39284
-4.12376
-3.86236
-3.60937
-3.36543
-3.13103
-2.90657
-2.6923
-2.4884
-2.29495
-2.11192
-1.93922
-1.77668
-1.62405
-1.48105
-1.34732
-1.22249
-1.10614
-0.997861
-0.897206
-0.803742
-0.717033
-0.636652
-0.562178
-0.493206
-0.42933
-0.370181
-0.315303
-0.264459
-0.216782
-0.172927
-0.129382
-0.0931857
-0.0435697
-0.033093
-10.2289
-10.235
-10.2402
-10.253
-10.2604
-10.2645
-10.2686
-10.271
-10.2707
-10.2684
-10.2656
-10.2636
-10.2639
-10.2678
-10.2764
-10.2904
-10.3101
-10.3353
-10.3657
-10.4006
-10.4387
-10.4791
-10.5204
-10.5614
-10.6008
-10.6376
-10.6705
-10.6988
-10.7216
-10.7379
-10.7471
-10.7484
-10.741
-10.7242
-10.6973
-10.6598
-10.6108
-10.55
-10.4766
-10.3905
-10.291
-10.1781
-10.0515
-9.91103
-9.7568
-9.58886
-9.4074
-9.21272
-9.00524
-8.78548
-8.55411
-8.31188
-8.05967
-7.79847
-7.52935
-7.25348
-6.97207
-6.6864
-6.39777
-6.10752
-5.81696
-5.5274
-5.24009
-4.95623
-4.67697
-4.40334
-4.13631
-3.87671
-3.6253
-3.38268
-3.14937
-2.92576
-2.71212
-2.50864
-2.3154
-2.1324
-1.95957
-1.79674
-1.64369
-1.50014
-1.36577
-1.24021
-1.12308
-1.01394
-0.912397
-0.818011
-0.730357
-0.649017
-0.573574
-0.503628
-0.438773
-0.378642
-0.322774
-0.270937
-0.22224
-0.177397
-0.132698
-0.0958112
-0.0439221
-0.0362167
-10.2019
-10.2187
-10.2299
-10.2471
-10.2595
-10.2646
-10.2661
-10.2656
-10.2632
-10.26
-10.2575
-10.2568
-10.2588
-10.2644
-10.2742
-10.2884
-10.3072
-10.3304
-10.3577
-10.3886
-10.4221
-10.4576
-10.4941
-10.5305
-10.5659
-10.5991
-10.6293
-10.6553
-10.6762
-10.6912
-10.6992
-10.6994
-10.6912
-10.6737
-10.6462
-10.608
-10.5587
-10.4976
-10.4243
-10.3382
-10.2392
-10.1268
-10.001
-9.86167
-9.70876
-9.54238
-9.36273
-9.17009
-8.96489
-8.74764
-8.51897
-8.27964
-8.03049
-7.77248
-7.50666
-7.23416
-6.95616
-6.67391
-6.38868
-6.10176
-5.81443
-5.52797
-5.24362
-4.96254
-4.68585
-4.41458
-4.14967
-3.89197
-3.64219
-3.40096
-3.16879
-2.94608
-2.73311
-2.53008
-2.33708
-2.15412
-1.98115
-1.81803
-1.66454
-1.52043
-1.38538
-1.25906
-1.14107
-1.03104
-0.92855
-0.833183
-0.744525
-0.662162
-0.585688
-0.514704
-0.448806
-0.387628
-0.330709
-0.277814
-0.228042
-0.182141
-0.136264
-0.0985461
-0.0445803
-0.0389653
-10.1824
-10.2017
-10.2141
-10.2274
-10.2372
-10.2417
-10.2439
-10.2452
-10.2456
-10.2454
-10.2456
-10.247
-10.2505
-10.2567
-10.2664
-10.2801
-10.2978
-10.3196
-10.3452
-10.3741
-10.4055
-10.4387
-10.4725
-10.5062
-10.5385
-10.5686
-10.5954
-10.6181
-10.6358
-10.6477
-10.6529
-10.6507
-10.6404
-10.6211
-10.5922
-10.5531
-10.5031
-10.4416
-10.3681
-10.2822
-10.1836
-10.072
-9.94714
-9.80899
-9.65755
-9.49289
-9.3152
-9.12478
-8.92201
-8.70742
-8.48161
-8.24532
-7.99937
-7.74469
-7.48231
-7.21331
-6.93886
-6.66015
-6.37844
-6.09497
-5.81101
-5.52779
-5.24652
-4.96835
-4.69436
-4.42559
-4.16294
-3.90724
-3.65923
-3.41951
-3.1886
-2.96689
-2.75468
-2.55218
-2.35949
-2.17665
-2.0036
-1.84022
-1.68631
-1.54165
-1.40594
-1.27884
-1.16
-1.04905
-0.945574
-0.849188
-0.75948
-0.676048
-0.598489
-0.526411
-0.459414
-0.397131
-0.339101
-0.285089
-0.234187
-0.187161
-0.140086
-0.101394
-0.0455798
-0.0412676
-10.1647
-10.1841
-10.1977
-10.2102
-10.2205
-10.2271
-10.2313
-10.2341
-10.2357
-10.2365
-10.2375
-10.2395
-10.2434
-10.2498
-10.2593
-10.2724
-10.2891
-10.3093
-10.3329
-10.3594
-10.388
-10.4181
-10.4487
-10.4791
-10.5081
-10.5351
-10.5589
-10.5788
-10.5939
-10.6033
-10.6063
-10.6019
-10.5896
-10.5686
-10.5382
-10.4977
-10.4466
-10.3843
-10.3104
-10.2243
-10.1259
-10.0147
-9.89061
-9.75354
-9.60348
-9.44049
-9.26475
-9.07654
-8.87625
-8.66436
-8.44147
-8.2083
-7.96563
-7.71439
-7.45554
-7.19016
-6.91937
-6.64434
-6.36627
-6.0864
-5.80594
-5.5261
-5.24806
-4.97295
-4.70183
-4.43569
-4.17544
-3.9219
-3.67579
-3.43771
-3.20818
-2.98759
-2.77627
-2.57441
-2.38214
-2.1995
-2.02645
-1.86289
-1.70864
-1.56348
-1.42714
-1.2993
-1.17963
-1.06776
-0.963309
-0.865892
-0.775114
-0.690583
-0.611905
-0.538694
-0.470553
-0.407117
-0.347927
-0.292743
-0.240663
-0.19245
-0.144157
-0.104355
-0.0469464
-0.0430624
-10.1489
-10.1677
-10.1819
-10.1942
-10.2045
-10.2118
-10.2167
-10.2202
-10.2227
-10.2247
-10.2268
-10.2299
-10.2345
-10.2414
-10.2509
-10.2635
-10.2792
-10.298
-10.3197
-10.3439
-10.3699
-10.3972
-10.4248
-10.4521
-10.478
-10.5018
-10.5225
-10.5394
-10.5515
-10.5581
-10.5585
-10.5518
-10.5373
-10.5143
-10.4822
-10.4404
-10.3882
-10.3251
-10.2507
-10.1644
-10.0661
-9.9553
-9.83196
-9.69593
-9.5472
-9.38584
-9.21202
-9.02602
-8.82819
-8.61902
-8.39909
-8.16907
-7.92975
-7.682
-7.42677
-7.1651
-6.89807
-6.62682
-6.35252
-6.07635
-5.79952
-5.52318
-5.24849
-4.97655
-4.7084
-4.44501
-4.18726
-3.93598
-3.69186
-3.45551
-3.22744
-3.00807
-2.7977
-2.59656
-2.40477
-2.2224
-2.04942
-1.88574
-1.73121
-1.58561
-1.4487
-1.32017
-1.1997
-1.08694
-0.981539
-0.883106
-0.791266
-0.705633
-0.625825
-0.55146
-0.482147
-0.417525
-0.357137
-0.30074
-0.247441
-0.197986
-0.148461
-0.107423
-0.048686
-0.044315
-10.134
-10.1519
-10.1663
-10.1785
-10.1888
-10.1966
-10.2024
-10.2068
-10.2102
-10.2132
-10.2163
-10.2202
-10.2254
-10.2324
-10.2418
-10.2538
-10.2685
-10.2859
-10.3057
-10.3277
-10.3513
-10.3758
-10.4006
-10.4248
-10.4477
-10.4684
-10.4861
-10.5
-10.5092
-10.5131
-10.5109
-10.5018
-10.4851
-10.4602
-10.4263
-10.383
-10.3296
-10.2656
-10.1905
-10.104
-10.0056
-9.89516
-9.77247
-9.63741
-9.48997
-9.33021
-9.1583
-8.9745
-8.77915
-8.57272
-8.35577
-8.12895
-7.89302
-7.64882
-7.39727
-7.13937
-6.87617
-6.60877
-6.3383
-6.06591
-5.79276
-5.51999
-5.24871
-4.97999
-4.71485
-4.45424
-4.19904
-3.95004
-3.70794
-3.47335
-3.24677
-3.02862
-2.81923
-2.61882
-2.42753
-2.24545
-2.07255
-1.90877
-1.75396
-1.60794
-1.47047
-1.34127
-1.22003
-1.10642
-1.00008
-0.900647
-0.807758
-0.721035
-0.640101
-0.564581
-0.494089
-0.428265
-0.366658
-0.30902
-0.254473
-0.203735
-0.152966
-0.110587
-0.0507794
-0.0450263
-10.1198
-10.1368
-10.1511
-10.1632
-10.1735
-10.1818
-10.1882
-10.1933
-10.1976
-10.2014
-10.2052
-10.2097
-10.2153
-10.2225
-10.2317
-10.243
-10.2567
-10.2727
-10.2909
-10.3107
-10.3319
-10.3538
-10.3758
-10.3971
-10.417
-10.4348
-10.4495
-10.4605
-10.467
-10.4683
-10.4635
-10.4521
-10.4332
-10.4064
-10.3709
-10.3261
-10.2715
-10.2065
-10.1308
-10.044
-9.94561
-9.8355
-9.71344
-9.57934
-9.43318
-9.27501
-9.105
-8.92338
-8.73051
-8.52682
-8.31285
-8.08923
-7.8567
-7.61605
-7.36819
-7.11406
-6.85469
-6.59113
-6.32449
-6.05588
-5.78641
-5.51719
-5.24931
-4.9838
-4.72167
-4.46385
-4.21118
-3.96446
-3.72437
-3.49153
-3.26644
-3.04951
-2.84109
-2.6414
-2.45061
-2.2688
-2.09598
-1.93209
-1.777
-1.63056
-1.49252
-1.36264
-1.24062
-1.12614
-1.01886
-0.918429
-0.824491
-0.736677
-0.654616
-0.57794
-0.506265
-0.439233
-0.376397
-0.317504
-0.261691
-0.209644
-0.157627
-0.113825
-0.0531771
-0.0452384
-10.106
-10.1223
-10.1363
-10.1482
-10.1585
-10.1671
-10.174
-10.1797
-10.1847
-10.1892
-10.1937
-10.1986
-10.2045
-10.2117
-10.2206
-10.2314
-10.2441
-10.2587
-10.2751
-10.293
-10.3118
-10.3312
-10.3505
-10.369
-10.3861
-10.4009
-10.4128
-10.4211
-10.4248
-10.4235
-10.4163
-10.4026
-10.3817
-10.353
-10.3158
-10.2696
-10.2139
-10.1481
-10.0718
-9.98466
-9.88633
-9.77655
-9.65515
-9.52203
-9.37715
-9.22058
-9.05247
-8.87304
-8.68264
-8.48168
-8.27067
-8.05024
-7.82108
-7.58396
-7.33975
-7.08936
-6.83379
-6.57405
-6.3112
-6.04633
-5.78051
-5.51482
-5.25031
-4.98799
-4.72885
-4.47378
-4.22364
-3.97919
-3.74111
-3.51001
-3.2864
-3.0707
-2.86325
-2.66429
-2.474
-2.29247
-2.11973
-1.95572
-1.80036
-1.65348
-1.51488
-1.38431
-1.26149
-1.14613
-1.0379
-0.936462
-0.841459
-0.752538
-0.669336
-0.591489
-0.518618
-0.450365
-0.386287
-0.326124
-0.269033
-0.215656
-0.16239
-0.117104
-0.0557984
-0.0450354
-10.0927
-10.1082
-10.1218
-10.1336
-10.1438
-10.1526
-10.1599
-10.1661
-10.1716
-10.1766
-10.1816
-10.1869
-10.193
-10.2002
-10.2087
-10.2188
-10.2305
-10.2438
-10.2586
-10.2744
-10.2911
-10.3081
-10.3248
-10.3406
-10.3549
-10.3669
-10.3761
-10.3815
-10.3827
-10.3789
-10.3693
-10.3534
-10.3304
-10.2999
-10.2611
-10.2136
-10.1567
-10.0901
-10.0133
-9.92592
-9.82765
-9.71824
-9.59752
-9.46538
-9.3218
-9.16683
-9.00061
-8.82337
-8.63542
-8.43717
-8.22912
-8.01184
-7.78602
-7.55239
-7.3118
-7.06512
-6.8133
-6.55734
-6.29825
-6.03708
-5.77488
-5.51268
-5.25152
-4.99237
-4.73619
-4.48387
-4.23624
-3.99405
-3.75798
-3.52863
-3.3065
-3.09203
-2.88556
-2.68734
-2.49756
-2.31632
-2.14367
-1.97957
-1.82394
-1.67664
-1.53747
-1.40622
-1.28262
-1.16638
-1.0572
-0.954734
-0.858657
-0.768618
-0.684259
-0.605224
-0.531138
-0.461646
-0.396306
-0.334854
-0.276469
-0.221742
-0.167223
-0.120403
-0.0585514
-0.0445397
-10.0797
-10.0945
-10.1076
-10.1192
-10.1294
-10.1383
-10.1459
-10.1525
-10.1583
-10.1638
-10.1691
-10.1747
-10.1809
-10.1879
-10.196
-10.2054
-10.2161
-10.2281
-10.2412
-10.2552
-10.2698
-10.2844
-10.2986
-10.3118
-10.3234
-10.3328
-10.3392
-10.3421
-10.3407
-10.3344
-10.3225
-10.3044
-10.2795
-10.2472
-10.2068
-10.158
-10.1001
-10.0327
-9.95535
-9.86774
-9.76954
-9.66051
-9.54047
-9.40933
-9.26704
-9.11367
-8.94934
-8.77426
-8.58875
-8.39318
-8.18804
-7.97389
-7.75137
-7.52121
-7.28419
-7.04118
-6.79308
-6.54086
-6.28549
-6.02799
-5.76936
-5.51063
-5.25279
-4.99679
-4.74356
-4.49397
-4.24884
-4.00891
-3.77485
-3.54724
-3.32661
-3.11338
-2.9079
-2.71043
-2.52117
-2.34025
-2.1677
-2.00352
-1.84763
-1.69992
-1.56021
-1.42829
-1.30391
-1.1868
-1.07667
-0.973188
-0.876037
-0.784877
-0.699357
-0.619126
-0.543815
-0.473069
-0.406453
-0.343695
-0.283999
-0.2279
-0.172121
-0.123726
-0.0613635
-0.043901
-10.067
-10.0811
-10.0938
-10.1051
-10.1152
-10.1241
-10.1319
-10.1387
-10.1449
-10.1506
-10.1562
-10.1619
-10.1681
-10.1749
-10.1826
-10.1912
-10.2009
-10.2116
-10.2232
-10.2354
-10.2478
-10.2602
-10.272
-10.2827
-10.2917
-10.2985
-10.3023
-10.3026
-10.2987
-10.29
-10.2759
-10.2557
-10.2289
-10.1948
-10.153
-10.1029
-10.0439
-9.97575
-9.89793
-9.81011
-9.712
-9.60335
-9.484
-9.35384
-9.21284
-9.06105
-8.89858
-8.72566
-8.54255
-8.34964
-8.14739
-7.93633
-7.71707
-7.49032
-7.25684
-7.01746
-6.77304
-6.52451
-6.27282
-6.01895
-5.76388
-5.50859
-5.25403
-5.00116
-4.75087
-4.504
-4.26137
-4.02369
-3.79163
-3.56578
-3.34665
-3.13467
-2.93018
-2.73348
-2.54476
-2.36416
-2.19173
-2.02748
-1.87136
-1.72325
-1.58301
-1.45043
-1.32528
-1.20731
-1.09624
-0.991749
-0.893531
-0.801253
-0.714573
-0.633146
-0.556607
-0.484602
-0.416703
-0.35263
-0.291613
-0.23413
-0.177084
-0.127086
-0.0641865
-0.0432642
-10.0546
-10.068
-10.0802
-10.0913
-10.1012
-10.11
-10.1179
-10.1249
-10.1313
-10.1372
-10.1429
-10.1487
-10.1547
-10.1613
-10.1684
-10.1763
-10.185
-10.1945
-10.2045
-10.2149
-10.2254
-10.2356
-10.2451
-10.2534
-10.2599
-10.2641
-10.2654
-10.2632
-10.257
-10.2459
-10.2296
-10.2074
-10.1787
-10.1429
-10.0996
-10.0482
-9.9883
-9.91938
-9.84108
-9.75307
-9.65505
-9.54678
-9.42811
-9.29893
-9.15921
-9.00898
-8.84836
-8.67755
-8.49683
-8.30654
-8.10713
-7.89912
-7.68309
-7.45971
-7.22973
-6.99392
-6.75313
-6.50826
-6.26021
-6.00994
-5.75838
-5.50649
-5.25521
-5.00544
-4.75806
-4.51391
-4.27376
-4.03833
-3.80828
-3.58419
-3.36656
-3.15583
-2.95237
-2.75644
-2.56827
-2.388
-2.21571
-2.05141
-1.89506
-1.74657
-1.60581
-1.47258
-1.34668
-1.22786
-1.11585
-1.01036
-0.911081
-0.817689
-0.729852
-0.64723
-0.569462
-0.496198
-0.427014
-0.361624
-0.299283
-0.24041
-0.182093
-0.130483
-0.0669799
-0.042732
-10.0424
-10.0551
-10.0669
-10.0776
-10.0873
-10.0961
-10.104
-10.111
-10.1175
-10.1235
-10.1293
-10.135
-10.1408
-10.147
-10.1536
-10.1608
-10.1685
-10.1766
-10.1852
-10.1939
-10.2025
-10.2106
-10.2179
-10.2238
-10.2279
-10.2297
-10.2286
-10.224
-10.2154
-10.2021
-10.1837
-10.1595
-10.1289
-10.0915
-10.0468
-9.99418
-9.93326
-9.86362
-9.78486
-9.69665
-9.59873
-9.49085
-9.37285
-9.24464
-9.10617
-8.95748
-8.79868
-8.62997
-8.45158
-8.26388
-8.06728
-7.86227
-7.64942
-7.42937
-7.20283
-6.97055
-6.73335
-6.49209
-6.24764
-6.00092
-5.75285
-5.50433
-5.25629
-5.0096
-4.76512
-4.52366
-4.28599
-4.0528
-3.82476
-3.60242
-3.38631
-3.17685
-2.9744
-2.77927
-2.59166
-2.41174
-2.2396
-2.07526
-1.9187
-1.76985
-1.62857
-1.49472
-1.36807
-1.24841
-1.13548
-1.02899
-0.928649
-0.834146
-0.745155
-0.661339
-0.582343
-0.507819
-0.437349
-0.370639
-0.306973
-0.24671
-0.187117
-0.1339
-0.0697039
-0.0423548
-10.0303
-10.0425
-10.0538
-10.0642
-10.0737
-10.0823
-10.0901
-10.0971
-10.1036
-10.1096
-10.1153
-10.1209
-10.1265
-10.1322
-10.1383
-10.1446
-10.1513
-10.1582
-10.1653
-10.1724
-10.1791
-10.1852
-10.1904
-10.1941
-10.1959
-10.1953
-10.1918
-10.1849
-10.174
-10.1586
-10.1381
-10.1119
-10.0796
-10.0407
-9.99451
-9.94072
-9.87886
-9.8085
-9.7293
-9.64092
-9.54309
-9.43559
-9.31826
-9.19099
-9.05376
-8.90659
-8.74959
-8.58293
-8.40685
-8.22169
-8.02785
-7.8258
-7.61608
-7.39931
-7.17616
-6.94736
-6.7137
-6.476
-6.2351
-5.9919
-5.74726
-5.50209
-5.25725
-5.01362
-4.77201
-4.53323
-4.29802
-4.06708
-3.84103
-3.62046
-3.40586
-3.19767
-2.99626
-2.80193
-2.6149
-2.43534
-2.26336
-2.099
-1.94225
-1.79304
-1.65127
-1.51679
-1.38942
-1.26892
-1.15507
-1.0476
-0.946205
-0.850596
-0.760453
-0.675444
-0.595221
-0.519437
-0.44768
-0.379651
-0.314659
-0.253006
-0.192129
-0.137318
-0.0723294
-0.0421449
-10.0185
-10.0301
-10.0409
-10.0509
-10.0601
-10.0685
-10.0762
-10.0831
-10.0895
-10.0954
-10.101
-10.1064
-10.1117
-10.117
-10.1224
-10.1279
-10.1336
-10.1393
-10.145
-10.1504
-10.1554
-10.1596
-10.1626
-10.1642
-10.1638
-10.161
-10.1552
-10.1461
-10.133
-10.1155
-10.0929
-10.0649
-10.0309
-9.99036
-9.94286
-9.88792
-9.82513
-9.75409
-9.67446
-9.58591
-9.48818
-9.38105
-9.26438
-9.13805
-9.00204
-8.85636
-8.70112
-8.53647
-8.36267
-8.18001
-7.98888
-7.78973
-7.58309
-7.36954
-7.14973
-6.92436
-6.69419
-6.45999
-6.2226
-5.98286
-5.74162
-5.49975
-5.25809
-5.01748
-4.77873
-4.5426
-4.30985
-4.08113
-3.85708
-3.63826
-3.42518
-3.21827
-3.0179
-2.82438
-2.63794
-2.45877
-2.28697
-2.1226
-1.96566
-1.81612
-1.67387
-1.53878
-1.41069
-1.28938
-1.17462
-1.06616
-0.963722
-0.867013
-0.775722
-0.689524
-0.608075
-0.531032
-0.457989
-0.388641
-0.322321
-0.259281
-0.197112
-0.140726
-0.0748444
-0.0420954
-10.0067
-10.0178
-10.0282
-10.0378
-10.0467
-10.0549
-10.0623
-10.0691
-10.0754
-10.0811
-10.0865
-10.0916
-10.0965
-10.1013
-10.106
-10.1107
-10.1154
-10.1199
-10.1242
-10.1281
-10.1313
-10.1337
-10.1348
-10.1342
-10.1317
-10.1267
-10.1188
-10.1075
-10.0923
-10.0727
-10.0483
-10.0184
-9.98274
-9.94071
-9.89189
-9.83584
-9.77215
-9.70045
-9.6204
-9.53169
-9.43406
-9.32731
-9.21128
-9.08587
-8.95105
-8.80684
-8.65332
-8.49066
-8.31908
-8.13887
-7.9504
-7.75411
-7.55049
-7.3401
-7.12357
-6.90157
-6.67482
-6.44408
-6.21014
-5.97382
-5.73593
-5.49731
-5.25879
-5.02117
-4.78524
-4.55176
-4.32143
-4.09493
-3.87287
-3.65581
-3.44425
-3.23862
-3.0393
-2.8466
-2.66076
-2.48198
-2.31037
-2.14601
-1.98891
-1.83905
-1.69633
-1.56065
-1.43185
-1.30973
-1.19408
-1.08465
-0.981174
-0.883372
-0.790938
-0.703556
-0.620885
-0.542586
-0.468258
-0.397593
-0.329947
-0.265524
-0.202054
-0.144115
-0.0772507
-0.0421896
-9.99518
-10.0057
-10.0156
-10.0249
-10.0334
-10.0413
-10.0485
-10.0551
-10.0611
-10.0666
-10.0717
-10.0765
-10.0809
-10.0852
-10.0892
-10.0931
-10.0967
-10.1001
-10.1031
-10.1055
-10.1071
-10.1076
-10.1068
-10.1043
-10.0997
-10.0926
-10.0826
-10.0692
-10.052
-10.0304
-10.0041
-9.97254
-9.93524
-9.89176
-9.84166
-9.78454
-9.71999
-9.64765
-9.56719
-9.47832
-9.3808
-9.27442
-9.15902
-9.03451
-8.90086
-8.75808
-8.60625
-8.44553
-8.27613
-8.09832
-7.91246
-7.71897
-7.51831
-7.31103
-7.09771
-6.87902
-6.65564
-6.42829
-6.19774
-5.96478
-5.73019
-5.49479
-5.25936
-5.0247
-4.79156
-4.56068
-4.33277
-4.10847
-3.88838
-3.67307
-3.46302
-3.25868
-3.06042
-2.86855
-2.68332
-2.50494
-2.33354
-2.1692
-2.01196
-1.86178
-1.71862
-1.58236
-1.45287
-1.32995
-1.21342
-1.10303
-0.998531
-0.899645
-0.806078
-0.717517
-0.633631
-0.55408
-0.478473
-0.406495
-0.337525
-0.271724
-0.206946
-0.14748
-0.0795576
-0.0424052
-9.98375
-9.9938
-10.0032
-10.0121
-10.0202
-10.0278
-10.0347
-10.041
-10.0468
-10.052
-10.0568
-10.0611
-10.0651
-10.0688
-10.0721
-10.0751
-10.0778
-10.08
-10.0817
-10.0826
-10.0826
-10.0814
-10.0788
-10.0744
-10.0678
-10.0587
-10.0467
-10.0313
-10.0121
-9.9887
-9.96058
-9.92732
-9.88846
-9.84358
-9.79225
-9.73409
-9.6687
-9.59574
-9.5149
-9.42589
-9.32847
-9.22244
-9.10767
-8.98405
-8.85153
-8.71015
-8.55998
-8.40115
-8.23388
-8.05842
-7.87511
-7.68435
-7.48659
-7.28235
-7.07219
-6.85674
-6.63665
-6.41264
-6.18542
-5.95576
-5.72441
-5.49217
-5.25979
-5.02804
-4.79766
-4.56937
-4.34384
-4.12171
-3.90359
-3.69002
-3.48149
-3.27843
-3.08122
-2.89018
-2.70558
-2.52761
-2.35643
-2.19213
-2.03475
-1.88429
-1.7407
-1.60388
-1.4737
-1.35001
-1.23261
-1.12127
-1.01576
-0.915803
-0.821112
-0.731383
-0.646288
-0.565494
-0.488613
-0.415329
-0.345041
-0.277871
-0.211782
-0.150814
-0.081776
-0.0427172
-9.97246
-9.98201
-9.991
-9.9994
-10.0072
-10.0144
-10.021
-10.027
-10.0324
-10.0373
-10.0417
-10.0456
-10.0491
-10.0521
-10.0547
-10.0569
-10.0585
-10.0596
-10.06
-10.0595
-10.058
-10.0552
-10.0508
-10.0445
-10.0361
-10.0251
-10.0111
-9.99385
-9.9728
-9.94756
-9.91771
-9.88282
-9.84247
-9.79624
-9.74373
-9.68456
-9.61837
-9.54482
-9.46361
-9.37446
-9.27714
-9.17147
-9.0573
-8.93454
-8.80314
-8.66313
-8.51456
-8.35759
-8.19239
-8.01922
-7.83841
-7.65031
-7.45539
-7.25411
-7.04704
-6.83475
-6.6179
-6.39714
-6.17319
-5.94677
-5.71861
-5.48947
-5.26009
-5.03121
-4.80354
-4.57779
-4.35462
-4.13466
-3.91848
-3.70663
-3.4996
-3.29782
-3.10167
-2.91148
-2.7275
-2.54996
-2.37901
-2.21476
-2.05726
-1.90653
-1.76252
-1.62515
-1.49432
-1.36987
-1.25161
-1.13935
-1.03283
-0.931815
-0.836012
-0.745126
-0.658834
-0.576806
-0.498661
-0.42408
-0.35248
-0.283952
-0.216553
-0.15411
-0.0839155
-0.0431005
-9.96131
-9.97038
-9.97891
-9.98688
-9.99428
-10.0011
-10.0073
-10.013
-10.0181
-10.0226
-10.0265
-10.0299
-10.0329
-10.0353
-10.0371
-10.0384
-10.0391
-10.0391
-10.0382
-10.0364
-10.0334
-10.029
-10.0229
-10.0149
-10.0047
-9.99183
-9.97604
-9.95692
-9.93407
-9.90709
-9.87559
-9.83914
-9.79735
-9.74982
-9.69618
-9.63604
-9.56908
-9.49496
-9.41339
-9.32411
-9.2269
-9.12158
-9.008
-8.88607
-8.75576
-8.61707
-8.47008
-8.3149
-8.15173
-7.98079
-7.8024
-7.61691
-7.42475
-7.22637
-7.0223
-6.81311
-6.59941
-6.38184
-6.16108
-5.93783
-5.71279
-5.4867
-5.26026
-5.0342
-4.8092
-4.58596
-4.36511
-4.14727
-3.93302
-3.72289
-3.51735
-3.31684
-3.12175
-2.93239
-2.74905
-2.57194
-2.40124
-2.23705
-2.07945
-1.92845
-1.78404
-1.64615
-1.51467
-1.38948
-1.27039
-1.1572
-1.04971
-0.947646
-0.850746
-0.758716
-0.67124
-0.587991
-0.508593
-0.432728
-0.359827
-0.289954
-0.221249
-0.157359
-0.0859831
-0.0435317
-9.95031
-9.95889
-9.96697
-9.97451
-9.9815
-9.98794
-9.99379
-9.99904
-10.0037
-10.0078
-10.0113
-10.0142
-10.0165
-10.0183
-10.0194
-10.0198
-10.0196
-10.0184
-10.0164
-10.0132
-10.0088
-10.0029
-9.9952
-9.98554
-9.97357
-9.95899
-9.94144
-9.92057
-9.89601
-9.86737
-9.83428
-9.79634
-9.75318
-9.70441
-9.64967
-9.58862
-9.52091
-9.44624
-9.36433
-9.27493
-9.17783
-9.07284
-8.95984
-8.83873
-8.70947
-8.57207
-8.4266
-8.27317
-8.11196
-7.9432
-7.76716
-7.58421
-7.39473
-7.19917
-6.99803
-6.79185
-6.58123
-6.36677
-6.14913
-5.92897
-5.70698
-5.48387
-5.26031
-5.03701
-4.81464
-4.59386
-4.37529
-4.15955
-3.9472
-3.73875
-3.53469
-3.33545
-3.1414
-2.95289
-2.77018
-2.59351
-2.42306
-2.25895
-2.10125
-1.95002
-1.80522
-1.66682
-1.53472
-1.4088
-1.28889
-1.17481
-1.06635
-0.963262
-0.865282
-0.772124
-0.68348
-0.599024
-0.518389
-0.441253
-0.367064
-0.295863
-0.225859
-0.160551
-0.0879824
-0.04399
-9.93946
-9.94758
-9.9552
-9.9623
-9.96888
-9.9749
-9.98034
-9.98519
-9.98943
-9.99306
-9.99608
-9.99846
-10.0002
-10.0013
-10.0016
-10.0012
-9.99996
-9.99779
-9.99456
-9.99013
-9.98433
-9.97695
-9.96776
-9.95651
-9.94291
-9.92666
-9.90743
-9.8849
-9.8587
-9.82848
-9.79388
-9.75452
-9.71004
-9.66008
-9.6043
-9.54236
-9.47395
-9.39876
-9.31653
-9.22702
-9.13002
-9.02536
-8.91291
-8.79259
-8.66435
-8.52821
-8.38421
-8.23248
-8.07317
-7.90651
-7.73276
-7.55226
-7.36538
-7.17256
-6.97427
-6.77102
-6.56339
-6.35196
-6.13735
-5.92021
-5.7012
-5.48099
-5.26025
-5.03965
-4.81985
-4.60148
-4.38516
-4.17148
-3.96099
-3.75421
-3.55161
-3.35361
-3.16061
-2.97293
-2.79086
-2.61463
-2.44444
-2.28041
-2.12264
-1.97118
-1.82601
-1.68712
-1.55441
-1.42778
-1.30708
-1.19213
-1.08272
-0.978624
-0.879583
-0.785317
-0.695522
-0.609878
-0.528022
-0.449634
-0.374174
-0.301662
-0.230372
-0.163675
-0.0899141
-0.0444584
-9.92878
-9.93644
-9.94362
-9.95028
-9.95643
-9.96203
-9.96705
-9.97147
-9.97526
-9.97842
-9.98093
-9.98275
-9.98387
-9.98426
-9.98385
-9.9826
-9.98042
-9.97722
-9.97286
-9.96721
-9.9601
-9.95134
-9.94069
-9.92792
-9.91276
-9.89492
-9.87411
-9.84999
-9.82224
-9.79052
-9.75447
-9.71376
-9.66803
-9.61694
-9.56016
-9.49738
-9.42829
-9.3526
-9.27007
-9.18045
-9.08356
-8.97922
-8.86731
-8.74775
-8.6205
-8.48557
-8.34299
-8.1929
-8.03543
-7.87079
-7.69926
-7.52113
-7.33678
-7.14661
-6.95107
-6.75067
-6.54593
-6.33744
-6.12578
-5.91158
-5.69546
-5.47809
-5.26009
-5.04213
-4.82483
-4.60882
-4.39469
-4.18303
-3.97438
-3.76923
-3.56806
-3.3713
-3.17933
-2.99248
-2.81104
-2.63526
-2.46533
-2.3014
-2.14356
-1.99188
-1.84637
-1.707
-1.57371
-1.44639
-1.32491
-1.20911
-1.09877
-0.993693
-0.893613
-0.79826
-0.707336
-0.620525
-0.537469
-0.457849
-0.381136
-0.307336
-0.234774
-0.166719
-0.0917755
-0.0449235
-9.91828
-9.92549
-9.93223
-9.93847
-9.94418
-9.94935
-9.95394
-9.95791
-9.96125
-9.96392
-9.9659
-9.96716
-9.96767
-9.96736
-9.96621
-9.96412
-9.96103
-9.95682
-9.95138
-9.94456
-9.9362
-9.92611
-9.91407
-9.89986
-9.88322
-9.86389
-9.84156
-9.81594
-9.78672
-9.75357
-9.71615
-9.67415
-9.62723
-9.57507
-9.51735
-9.45377
-9.38404
-9.30788
-9.22505
-9.13534
-9.03855
-8.93452
-8.82314
-8.70431
-8.57801
-8.44423
-8.30303
-8.15451
-7.99881
-7.83614
-7.66674
-7.4909
-7.30898
-7.12137
-6.9285
-6.73084
-6.52891
-6.32326
-6.11446
-5.9031
-5.6898
-5.47517
-5.25985
-5.04445
-4.82959
-4.61588
-4.4039
-4.19421
-3.98734
-3.7838
-3.58404
-3.38849
-3.19753
-3.0115
-2.83069
-2.65535
-2.48569
-2.32185
-2.16396
-2.01208
-1.86624
-1.72641
-1.59256
-1.46457
-1.34234
-1.22571
-1.11447
-1.00843
-0.907334
-0.810918
-0.718889
-0.630935
-0.546703
-0.465875
-0.387931
-0.312867
-0.239053
-0.169672
-0.0935607
-0.0453758
-9.908
-9.91478
-9.92109
-9.92689
-9.93218
-9.93692
-9.94106
-9.94459
-9.94745
-9.94963
-9.95108
-9.95177
-9.95165
-9.95067
-9.94876
-9.94586
-9.94188
-9.9367
-9.93022
-9.92228
-9.91272
-9.90137
-9.88802
-9.87244
-9.85441
-9.83365
-9.80989
-9.78286
-9.75224
-9.71774
-9.67903
-9.63582
-9.58777
-9.53459
-9.47598
-9.41163
-9.34129
-9.26469
-9.18159
-9.09179
-8.9951
-8.89137
-8.78048
-8.66236
-8.53697
-8.40431
-8.26443
-8.11742
-7.96342
-7.80263
-7.63527
-7.46164
-7.28206
-7.09691
-6.9066
-6.7116
-6.51238
-6.30947
-6.10343
-5.89483
-5.68424
-5.47227
-5.25953
-5.04662
-4.83413
-4.62266
-4.41276
-4.20499
-3.99987
-3.79789
-3.59951
-3.40514
-3.21517
-3.02995
-2.84976
-2.67486
-2.50547
-2.34174
-2.1838
-2.03173
-1.88557
-1.74531
-1.6109
-1.48228
-1.35932
-1.24188
-1.12977
-1.02279
-0.920706
-0.823255
-0.730148
-0.641078
-0.555697
-0.473687
-0.39454
-0.318238
-0.243195
-0.172522
-0.09526
-0.0458107
-9.89793
-9.9043
-9.91019
-9.91557
-9.92044
-9.92474
-9.92845
-9.93152
-9.93391
-9.93559
-9.93651
-9.93663
-9.93589
-9.93424
-9.93161
-9.92791
-9.92307
-9.91696
-9.90948
-9.90047
-9.88978
-9.87723
-9.86263
-9.84577
-9.82641
-9.80432
-9.77922
-9.75085
-9.71892
-9.68314
-9.64322
-9.59885
-9.54975
-9.49561
-9.43615
-9.37109
-9.30017
-9.22315
-9.13979
-9.04991
-8.95331
-8.84987
-8.73946
-8.62201
-8.49749
-8.36589
-8.22727
-8.0817
-7.92934
-7.77034
-7.60495
-7.43343
-7.25609
-7.07331
-6.88546
-6.693
-6.49638
-6.29612
-6.09273
-5.88678
-5.67881
-5.46942
-5.25918
-5.04867
-4.83847
-4.62916
-4.42129
-4.21538
-4.01196
-3.81149
-3.61445
-3.42124
-3.23224
-3.0478
-2.86821
-2.69375
-2.52462
-2.361
-2.20303
-2.05078
-1.90431
-1.76363
-1.6287
-1.49946
-1.3758
-1.25757
-1.14462
-1.03673
-0.933691
-0.835233
-0.741078
-0.650923
-0.564423
-0.481263
-0.40094
-0.323432
-0.247183
-0.175256
-0.0968595
-0.0462293
-9.88819
-9.89415
-9.89963
-9.9046
-9.90905
-9.91293
-9.9162
-9.91881
-9.92073
-9.92191
-9.9223
-9.92185
-9.92051
-9.9182
-9.91486
-9.9104
-9.90472
-9.89772
-9.88928
-9.87925
-9.86749
-9.85382
-9.83804
-9.81997
-9.79937
-9.77602
-9.74966
-9.72003
-9.68687
-9.64989
-9.60883
-9.56338
-9.51328
-9.45824
-9.39798
-9.33225
-9.26079
-9.18337
-9.09977
-9.00981
-8.91331
-8.81014
-8.70018
-8.58338
-8.45968
-8.32909
-8.19166
-8.04748
-7.89666
-7.73938
-7.57586
-7.40635
-7.23116
-7.05063
-6.86514
-6.67511
-6.48099
-6.28326
-6.08242
-5.87901
-5.67356
-5.46664
-5.2588
-5.05061
-4.84263
-4.6354
-4.42948
-4.22537
-4.02359
-3.8246
-3.62885
-3.43675
-3.24869
-3.06502
-2.88602
-2.71198
-2.54311
-2.3796
-2.22159
-2.06918
-1.92242
-1.78134
-1.6459
-1.51606
-1.39172
-1.27275
-1.15897
-1.05021
-0.946245
-0.846815
-0.751646
-0.660439
-0.572855
-0.488578
-0.407113
-0.328433
-0.251005
-0.177863
-0.09834
-0.0466409
-9.87863
-9.88421
-9.88931
-9.8939
-9.89795
-9.90142
-9.90427
-9.90645
-9.90791
-9.90861
-9.90848
-9.90749
-9.90555
-9.90261
-9.89859
-9.89339
-9.88693
-9.87908
-9.86974
-9.85875
-9.84598
-9.83124
-9.81437
-9.79516
-9.7734
-9.74887
-9.72133
-9.69053
-9.65622
-9.61813
-9.57599
-9.52954
-9.4785
-9.42261
-9.36161
-9.29525
-9.22328
-9.14549
-9.06167
-8.97163
-8.87522
-8.7723
-8.66278
-8.54657
-8.42366
-8.29403
-8.15773
-8.01485
-7.8655
-7.70984
-7.5481
-7.3805
-7.20735
-7.02897
-6.84572
-6.65801
-6.46627
-6.27095
-6.07255
-5.87158
-5.66854
-5.46399
-5.25845
-5.05249
-4.84663
-4.64141
-4.43736
-4.23498
-4.03478
-3.8372
-3.6427
-3.45168
-3.26452
-3.08158
-2.90315
-2.72952
-2.5609
-2.39749
-2.23945
-2.08688
-1.93984
-1.79837
-1.66245
-1.53204
-1.40705
-1.28735
-1.17279
-1.06319
-0.958329
-0.857962
-0.761816
-0.669596
-0.580964
-0.49561
-0.41304
-0.333225
-0.254645
-0.180334
-0.0996759
-0.0470673
-9.86969
-9.87489
-9.8796
-9.88379
-9.88744
-9.8905
-9.89292
-9.89466
-9.89567
-9.89588
-9.89525
-9.89371
-9.8912
-9.88765
-9.88296
-9.87706
-9.86984
-9.86119
-9.85099
-9.8391
-9.82538
-9.80965
-9.79175
-9.77149
-9.74865
-9.72302
-9.69438
-9.66249
-9.62711
-9.58798
-9.54485
-9.49746
-9.44555
-9.38887
-9.32718
-9.26022
-9.18778
-9.10964
-9.02561
-8.93551
-8.83918
-8.7365
-8.62738
-8.51174
-8.38956
-8.26083
-8.1256
-7.98394
-7.83597
-7.68185
-7.52178
-7.356
-7.18477
-7.00843
-6.82731
-6.64179
-6.45231
-6.25929
-6.06321
-5.86455
-5.66382
-5.46152
-5.25819
-5.05434
-4.85051
-4.64721
-4.44495
-4.24423
-4.04553
-3.84931
-3.656
-3.46601
-3.27971
-3.09747
-2.91958
-2.74633
-2.57795
-2.41464
-2.25656
-2.10383
-1.95653
-1.81468
-1.6783
-1.54734
-1.42172
-1.30133
-1.18603
-1.07562
-0.969903
-0.868639
-0.771556
-0.678364
-0.588729
-0.502339
-0.418706
-0.337799
-0.258097
-0.182666
-0.100836
-0.0475504
-9.86061
-9.86552
-9.86992
-9.87379
-9.8771
-9.87981
-9.88186
-9.88322
-9.88381
-9.88359
-9.8825
-9.88047
-9.87743
-9.8733
-9.86801
-9.86145
-9.85353
-9.84414
-9.83315
-9.82043
-9.80582
-9.78918
-9.77033
-9.74909
-9.72525
-9.69862
-9.66897
-9.63607
-9.5997
-9.55961
-9.51556
-9.4673
-9.41459
-9.35718
-9.29484
-9.22734
-9.15446
-9.076
-8.99177
-8.9016
-8.80535
-8.7029
-8.59415
-8.47904
-8.35754
-8.22965
-8.09541
-7.9549
-7.80823
-7.65556
-7.49706
-7.33297
-7.16356
-6.98913
-6.81002
-6.62658
-6.43923
-6.24839
-6.0545
-5.85804
-5.65948
-5.45933
-5.25808
-5.05625
-4.85434
-4.65286
-4.45231
-4.25316
-4.05589
-3.86094
-3.66876
-3.47974
-3.29426
-3.11267
-2.93529
-2.76239
-2.59423
-2.431
-2.27289
-2.12
-1.97243
-1.83023
-1.69341
-1.56192
-1.43571
-1.31466
-1.19864
-1.08746
-0.980934
-0.878816
-0.780843
-0.686725
-0.596133
-0.508757
-0.424107
-0.342156
-0.261361
-0.184866
-0.101788
-0.0481651
-9.85298
-9.85749
-9.86151
-9.86499
-9.8679
-9.8702
-9.87185
-9.87277
-9.87293
-9.87225
-9.87068
-9.86814
-9.86457
-9.85989
-9.854
-9.84681
-9.83823
-9.82813
-9.8164
-9.80289
-9.78747
-9.76998
-9.75026
-9.72811
-9.70336
-9.6758
-9.64522
-9.6114
-9.57413
-9.53316
-9.48826
-9.43921
-9.38576
-9.32769
-9.26476
-9.19675
-9.12347
-9.04471
-8.9603
-8.87008
-8.7739
-8.67165
-8.56325
-8.44863
-8.32777
-8.20066
-8.06735
-7.92792
-7.78245
-7.63112
-7.47409
-7.3116
-7.14388
-6.97125
-6.79401
-6.61252
-6.42717
-6.23837
-6.04655
-5.85215
-5.65564
-5.4575
-5.25822
-5.05829
-4.8582
-4.65843
-4.45947
-4.2618
-4.06587
-3.87213
-3.681
-3.49288
-3.30816
-3.12718
-2.95026
-2.77768
-2.60971
-2.44655
-2.28839
-2.13534
-1.98752
-1.84498
-1.70773
-1.57575
-1.44897
-1.3273
-1.2106
-1.0987
-0.991409
-0.888486
-0.789672
-0.694681
-0.603186
-0.514878
-0.429264
-0.346325
-0.264472
-0.186973
-0.102513
-0.0490457
-9.84413
-9.84851
-9.85235
-9.85563
-9.85834
-9.86041
-9.86179
-9.86244
-9.86228
-9.86127
-9.85933
-9.8564
-9.8524
-9.84725
-9.84086
-9.83313
-9.82397
-9.81326
-9.80087
-9.78668
-9.77053
-9.75229
-9.73178
-9.70882
-9.68325
-9.65485
-9.62344
-9.58879
-9.5507
-9.50894
-9.46328
-9.41351
-9.35939
-9.30071
-9.23724
-9.16878
-9.09513
-9.01611
-8.93153
-8.84125
-8.74514
-8.64308
-8.53499
-8.42083
-8.30054
-8.17416
-8.0417
-7.90324
-7.7589
-7.6088
-7.45313
-7.2921
-7.12596
-6.95498
-6.77949
-6.59981
-6.41632
-6.22942
-6.03951
-5.84703
-5.65243
-5.45618
-5.25873
-5.06056
-4.86216
-4.66399
-4.46652
-4.27022
-4.07553
-3.8829
-3.69274
-3.50546
-3.32143
-3.141
-2.96449
-2.79221
-2.6244
-2.46129
-2.30307
-2.14987
-2.0018
-1.85893
-1.72128
-1.58883
-1.46153
-1.33927
-1.22195
-1.10938
-1.00137
-0.897695
-0.798097
-0.702291
-0.609953
-0.520775
-0.434259
-0.350394
-0.267523
-0.189084
-0.103034
-0.0504246
-9.83872
-9.8426
-9.84599
-9.84883
-9.85108
-9.85271
-9.85365
-9.85386
-9.85326
-9.8518
-9.8494
-9.846
-9.84151
-9.83586
-9.82894
-9.82067
-9.81093
-9.79962
-9.78661
-9.77177
-9.75495
-9.73601
-9.71479
-9.69111
-9.66479
-9.63565
-9.60349
-9.56811
-9.5293
-9.48683
-9.44051
-9.3901
-9.3354
-9.27619
-9.21225
-9.1434
-9.06944
-8.99018
-8.90547
-8.81516
-8.71912
-8.61725
-8.50946
-8.39571
-8.27597
-8.15024
-8.01856
-7.88101
-7.73768
-7.58872
-7.43429
-7.2746
-7.1099
-6.94044
-6.76654
-6.58852
-6.40674
-6.22158
-6.03344
-5.84274
-5.6499
-5.45538
-5.25963
-5.0631
-4.86627
-4.66958
-4.4735
-4.27847
-4.08494
-3.89335
-3.7041
-3.51759
-3.3342
-3.15429
-2.97818
-2.80617
-2.63851
-2.47545
-2.31718
-2.16384
-2.01554
-1.87237
-1.73434
-1.60146
-1.47366
-1.35086
-1.23294
-1.11973
-1.01104
-0.906656
-0.806311
-0.709729
-0.616588
-0.526582
-0.439207
-0.354463
-0.270608
-0.19127
-0.103329
-0.0524667
-9.82954
-9.83362
-9.83709
-9.84
-9.84229
-9.84392
-9.84482
-9.84495
-9.84424
-9.84263
-9.84005
-9.83643
-9.83168
-9.82573
-9.81849
-9.80985
-9.79971
-9.78796
-9.77447
-9.75912
-9.74177
-9.72227
-9.70045
-9.67617
-9.64923
-9.61945
-9.58665
-9.55063
-9.51119
-9.46812
-9.4212
-9.37024
-9.31501
-9.25533
-9.19097
-9.12176
-9.04751
-8.96804
-8.88319
-8.79284
-8.69685
-8.59512
-8.48759
-8.37419
-8.25491
-8.12976
-7.99877
-7.86201
-7.71958
-7.57162
-7.4183
-7.25982
-7.09641
-6.92833
-6.75588
-6.57937
-6.39916
-6.2156
-6.02909
-5.84002
-5.64883
-5.45592
-5.26175
-5.06676
-4.87139
-4.67608
-4.48129
-4.28745
-4.09499
-3.90435
-3.71592
-3.5301
-3.34728
-3.1678
-2.992
-2.82018
-2.65261
-2.48953
-2.33114
-2.1776
-2.02903
-1.88551
-1.74707
-1.61371
-1.48539
-1.36203
-1.2435
-1.12964
-1.02028
-0.915181
-0.814094
-0.716744
-0.622812
-0.531994
-0.443785
-0.358192
-0.273402
-0.193208
-0.103173
-0.0545289
-9.82714
-9.83047
-9.83332
-9.83558
-9.83726
-9.83831
-9.83867
-9.83827
-9.83706
-9.83496
-9.83191
-9.82782
-9.82262
-9.81622
-9.80852
-9.79943
-9.78883
-9.77661
-9.76265
-9.74682
-9.72898
-9.70898
-9.68666
-9.66186
-9.6344
-9.60412
-9.57081
-9.53429
-9.49436
-9.45081
-9.40345
-9.35207
-9.29647
-9.23644
-9.17179
-9.10234
-9.0279
-8.94831
-8.86342
-8.77309
-8.67721
-8.57568
-8.46842
-8.3554
-8.23659
-8.11201
-7.98168
-7.84569
-7.70413
-7.55713
-7.40488
-7.24755
-7.08538
-6.91863
-6.74757
-6.57253
-6.39383
-6.21183
-6.02691
-5.83944
-5.64984
-5.45851
-5.26588
-5.07237
-4.87841
-4.68443
-4.49085
-4.29811
-4.10663
-3.91682
-3.72908
-3.54381
-3.36139
-3.18216
-3.00648
-2.83465
-2.66695
-2.50362
-2.34489
-2.19093
-2.04186
-1.89778
-1.75874
-1.62474
-1.49574
-1.37169
-1.25245
-1.13788
-1.0278
-0.921983
-0.820182
-0.722119
-0.627484
-0.535974
-0.447078
-0.360803
-0.275337
-0.194461
-0.103238
-0.0549819
-9.81829
-9.82234
-9.82574
-9.82852
-9.83066
-9.8321
-9.83279
-9.83265
-9.83164
-9.82969
-9.82673
-9.82269
-9.81749
-9.81103
-9.80324
-9.794
-9.78322
-9.77079
-9.75657
-9.74045
-9.72229
-9.70194
-9.67925
-9.65405
-9.62619
-9.59548
-9.56175
-9.5248
-9.48444
-9.44047
-9.39271
-9.34095
-9.28498
-9.22463
-9.1597
-9.09001
-9.01539
-8.93567
-8.85071
-8.76038
-8.66456
-8.56317
-8.45613
-8.34341
-8.22497
-8.10084
-7.97106
-7.83568
-7.69481
-7.54859
-7.39716
-7.24073
-7.07952
-6.91376
-6.74375
-6.56977
-6.39216
-6.21126
-6.02741
-5.84101
-5.65244
-5.4621
-5.2704
-5.07775
-4.88456
-4.69128
-4.49831
-4.30607
-4.11499
-3.92549
-3.73797
-3.55283
-3.37046
-3.19121
-3.01545
-2.8435
-2.67563
-2.51212
-2.35318
-2.19899
-2.04968
-1.90536
-1.76608
-1.63182
-1.50257
-1.37824
-1.25872
-1.14385
-1.03345
-0.927293
-0.825129
-0.726676
-0.631623
-0.539672
-0.450328
-0.363573
-0.277738
-0.196217
-0.105898
-0.0531479
-9.81546
-9.81865
-9.8213
-9.82339
-9.82491
-9.82579
-9.82598
-9.8254
-9.82399
-9.82167
-9.81838
-9.81404
-9.80855
-9.80183
-9.79379
-9.78431
-9.7733
-9.76063
-9.74619
-9.72984
-9.71144
-9.69086
-9.66792
-9.64248
-9.61436
-9.58339
-9.54939
-9.51216
-9.47153
-9.42729
-9.37925
-9.32721
-9.27099
-9.21038
-9.1452
-9.07528
-9.00045
-8.92054
-8.83543
-8.74497
-8.64907
-8.54764
-8.44061
-8.32795
-8.20964
-8.0857
-7.95617
-7.82113
-7.68068
-7.53496
-7.38414
-7.22839
-7.06796
-6.90308
-6.73403
-6.56111
-6.38462
-6.20491
-6.02233
-5.83724
-5.65
-5.461
-5.27064
-5.0793
-4.88737
-4.69528
-4.50341
-4.31218
-4.12199
-3.93325
-3.74636
-3.56172
-3.37971
-3.20072
-3.02508
-2.85315
-2.68522
-2.52155
-2.36239
-2.20793
-2.0583
-1.91361
-1.77393
-1.63926
-1.50957
-1.38479
-1.26481
-1.14948
-1.03861
-0.931994
-0.829372
-0.730474
-0.634988
-0.542612
-0.452877
-0.365725
-0.279737
-0.197626
-0.109561
-0.0493862
-9.81682
-9.82035
-9.82331
-9.82564
-9.82731
-9.82829
-9.82851
-9.82791
-9.82644
-9.82402
-9.82059
-9.81606
-9.81035
-9.80338
-9.79505
-9.78527
-9.77392
-9.76089
-9.74607
-9.72932
-9.7105
-9.68949
-9.66611
-9.64022
-9.61166
-9.58024
-9.5458
-9.50815
-9.46711
-9.42249
-9.3741
-9.32174
-9.26523
-9.20439
-9.13904
-9.06899
-8.99409
-8.9142
-8.82916
-8.73885
-8.64318
-8.54206
-8.43542
-8.32323
-8.20548
-8.08218
-7.95338
-7.81914
-7.67957
-7.53479
-7.38497
-7.23029
-7.07096
-6.90722
-6.73934
-6.5676
-6.3923
-6.21375
-6.0323
-5.8483
-5.66208
-5.47403
-5.28452
-5.09393
-4.90264
-4.71104
-4.51954
-4.32852
-4.1384
-3.94957
-3.76245
-3.57744
-3.39494
-3.21534
-3.039
-2.86628
-2.69749
-2.53294
-2.37287
-2.21749
-2.06697
-1.92142
-1.78092
-1.64548
-1.51508
-1.38965
-1.26907
-1.1532
-1.04184
-0.934784
-0.831766
-0.732505
-0.636689
-0.544021
-0.454025
-0.36666
-0.280571
-0.198453
-0.111856
-0.0455868
-10.5082
-10.508
-10.51
-10.5138
-10.518
-10.5218
-10.5247
-10.5268
-10.5285
-10.5301
-10.5318
-10.5337
-10.536
-10.5391
-10.5433
-10.5493
-10.5585
-10.5722
-10.5918
-10.6183
-10.6524
-10.6936
-10.7412
-10.7933
-10.8478
-10.9026
-10.9553
-11.0039
-11.0466
-11.0818
-11.1084
-11.1251
-11.1312
-11.1258
-11.1082
-11.0775
-11.0333
-10.9749
-10.9017
-10.8133
-10.7097
-10.5911
-10.4573
-10.3062
-10.1371
-9.95125
-9.74902
-9.53091
-9.29742
-9.04915
-8.78688
-8.5115
-8.22409
-7.92584
-7.61808
-7.30228
-6.97999
-6.65284
-6.32251
-5.99074
-5.65925
-5.32975
-5.00391
-4.68333
-4.3695
-4.06381
-3.76752
-3.48174
-3.2074
-2.94527
-2.69605
-2.46018
-2.23692
-2.02589
-1.82813
-1.64409
-1.47348
-1.31581
-1.17053
-1.03704
-0.914687
-0.802826
-0.700787
-0.607906
-0.523532
-0.447031
-0.377803
-0.315278
-0.258932
-0.208287
-0.162918
-0.122461
-0.0866303
-0.0551967
-0.0281623
-0.00531039
0.0117836
0.0260564
0.0207178
0.0436878
-10.5115
-10.5127
-10.5154
-10.5189
-10.5225
-10.5253
-10.5272
-10.5279
-10.5276
-10.5269
-10.5261
-10.5258
-10.5264
-10.5282
-10.5314
-10.5365
-10.5449
-10.5588
-10.58
-10.6098
-10.6484
-10.6952
-10.7482
-10.8052
-10.8635
-10.9207
-10.9745
-11.0233
-11.0655
-11.0999
-11.1257
-11.1421
-11.1482
-11.1434
-11.127
-11.0982
-11.0564
-11.0008
-10.9308
-10.8457
-10.7449
-10.6273
-10.4924
-10.3415
-10.1757
-9.99423
-9.79701
-9.58416
-9.35602
-9.11311
-8.85614
-8.58596
-8.30357
-8.01012
-7.70692
-7.39535
-7.07693
-6.75325
-6.42596
-6.09675
-5.76732
-5.43935
-5.11449
-4.79431
-4.48028
-4.1738
-3.87615
-3.58844
-3.31159
-3.04634
-2.7933
-2.55291
-2.3268
-2.11554
-1.91755
-1.73248
-1.56028
-1.40059
-1.25294
-1.11683
-0.991685
-0.876903
-0.771866
-0.675951
-0.588541
-0.509032
-0.436847
-0.371437
-0.312293
-0.258952
-0.211001
-0.168082
-0.129914
-0.0962682
-0.067141
-0.0422558
-0.0231218
-0.00611131
-0.00752941
0.0296659
-10.5107
-10.5138
-10.5169
-10.5198
-10.5221
-10.5235
-10.524
-10.5238
-10.5229
-10.5218
-10.5208
-10.5203
-10.521
-10.5239
-10.5303
-10.5413
-10.558
-10.5814
-10.612
-10.6496
-10.6934
-10.7421
-10.7939
-10.8471
-10.8999
-10.9505
-10.9978
-11.0403
-11.0771
-11.107
-11.1294
-11.1432
-11.1476
-11.1419
-11.1252
-11.0966
-11.0555
-11.0011
-10.9328
-10.8498
-10.7518
-10.638
-10.5079
-10.3616
-10.1996
-10.0218
-9.82813
-9.61888
-9.39439
-9.15517
-8.90188
-8.63538
-8.35662
-8.06676
-7.76704
-7.45885
-7.14368
-6.82309
-6.4987
-6.17218
-5.84523
-5.51952
-5.1967
-4.87839
-4.5661
-4.26119
-3.96487
-3.67825
-3.40228
-3.13779
-2.88542
-2.64561
-2.41879
-2.20494
-2.00374
-1.81536
-1.63979
-1.47674
-1.32578
-1.1864
-1.05805
-0.940142
-0.832055
-0.733172
-0.642883
-0.560589
-0.485716
-0.417721
-0.356097
-0.300381
-0.250159
-0.20507
-0.164825
-0.129173
-0.0980811
-0.0711293
-0.0497646
-0.0292037
-0.0265034
0.0248442
-10.5028
-10.5077
-10.5119
-10.5149
-10.5169
-10.518
-10.5184
-10.5182
-10.5177
-10.5173
-10.5175
-10.5188
-10.5221
-10.5285
-10.5391
-10.555
-10.5768
-10.6048
-10.6391
-10.6791
-10.7238
-10.7719
-10.8222
-10.8732
-10.9235
-10.9718
-11.0168
-11.0575
-11.0929
-11.1219
-11.1436
-11.1571
-11.1615
-11.156
-11.1397
-11.1117
-11.0712
-11.0174
-10.9496
-10.8672
-10.7696
-10.6564
-10.5274
-10.3824
-10.2216
-10.0449
-9.85236
-9.6442
-9.42079
-9.18263
-8.93039
-8.66491
-8.38717
-8.0983
-7.79955
-7.49232
-7.17807
-6.85839
-6.53491
-6.20931
-5.88325
-5.55839
-5.23637
-4.91873
-4.60693
-4.30238
-4.00637
-3.71999
-3.44421
-3.17983
-2.9275
-2.68764
-2.46046
-2.24599
-2.04423
-1.85527
-1.67904
-1.51522
-1.3634
-1.22309
-1.09374
-0.97477
-0.865578
-0.765554
-0.674093
-0.590606
-0.514525
-0.445314
-0.382472
-0.325538
-0.274099
-0.227792
-0.186315
-0.149392
-0.116945
-0.0884268
-0.0651542
-0.0416434
-0.035195
0.0248139
-10.4897
-10.4968
-10.5033
-10.5072
-10.5095
-10.5109
-10.5118
-10.5122
-10.5126
-10.5132
-10.5147
-10.5178
-10.5232
-10.5321
-10.5454
-10.5639
-10.5883
-10.6186
-10.6547
-10.6959
-10.7412
-10.7896
-10.8397
-10.8902
-10.9398
-10.9873
-11.0316
-11.0717
-11.1066
-11.1352
-11.1567
-11.1701
-11.1744
-11.1689
-11.1526
-11.1247
-11.0842
-11.0304
-10.9627
-10.8803
-10.7828
-10.6698
-10.541
-10.3964
-10.2359
-10.0594
-9.86704
-9.65909
-9.43588
-9.19793
-8.94595
-8.68076
-8.40335
-8.11484
-7.81648
-7.50967
-7.19588
-6.87667
-6.55367
-6.22854
-5.90296
-5.5786
-5.25709
-4.93999
-4.62877
-4.32481
-4.02937
-3.74353
-3.46825
-3.20432
-2.95234
-2.71276
-2.48582
-2.2716
-2.07012
-1.88136
-1.7052
-1.54131
-1.38931
-1.2487
-1.11896
-0.9995
-0.889742
-0.789079
-0.696918
-0.612678
-0.535797
-0.465748
-0.402033
-0.344196
-0.291824
-0.244547
-0.202054
-0.164041
-0.130384
-0.100436
-0.0754057
-0.0494149
-0.0398951
0.0243462
-10.4761
-10.4855
-10.4947
-10.4998
-10.5027
-10.5046
-10.5061
-10.5073
-10.5084
-10.5099
-10.5123
-10.5163
-10.5229
-10.533
-10.5476
-10.5675
-10.5932
-10.6247
-10.6618
-10.7036
-10.7494
-10.798
-10.8481
-10.8985
-10.948
-10.9954
-11.0396
-11.0796
-11.1144
-11.1429
-11.1643
-11.1776
-11.1819
-11.1762
-11.1596
-11.1314
-11.0906
-11.0365
-10.9684
-10.8857
-10.7879
-10.6746
-10.5457
-10.4009
-10.2402
-10.0635
-9.87108
-9.66305
-9.43982
-9.20191
-8.95002
-8.68498
-8.40778
-8.11955
-7.82157
-7.51521
-7.20194
-6.88335
-6.56104
-6.23668
-5.91195
-5.58849
-5.26793
-4.95181
-4.64161
-4.33868
-4.04425
-3.75941
-3.48508
-3.22203
-2.97087
-2.732
-2.5057
-2.29206
-2.09109
-1.90273
-1.72682
-1.56306
-1.41106
-1.27034
-1.14037
-1.02058
-0.910404
-0.809238
-0.7165
-0.631618
-0.55404
-0.483243
-0.418737
-0.360067
-0.30682
-0.258623
-0.21515
-0.176076
-0.141229
-0.109905
-0.0831922
-0.055142
-0.0428624
0.0224198
-10.4657
-10.477
-10.4887
-10.4947
-10.4981
-10.5006
-10.5025
-10.5042
-10.5057
-10.5075
-10.5101
-10.5143
-10.521
-10.5312
-10.546
-10.5661
-10.592
-10.6237
-10.6608
-10.7028
-10.7486
-10.7972
-10.8474
-10.8979
-10.9475
-10.995
-11.0393
-11.0794
-11.1141
-11.1426
-11.1638
-11.1768
-11.1807
-11.1746
-11.1575
-11.1287
-11.0873
-11.0326
-10.964
-10.8807
-10.7824
-10.6687
-10.5393
-10.3941
-10.2331
-10.0562
-9.86355
-9.6554
-9.43214
-9.19432
-8.94261
-8.67788
-8.4011
-8.11342
-7.8161
-7.51051
-7.19815
-6.88055
-6.55936
-6.2362
-5.91275
-5.59065
-5.27151
-4.95684
-4.64811
-4.34665
-4.05367
-3.77024
-3.49726
-3.23548
-2.98548
-2.74767
-2.52231
-2.30949
-2.10923
-1.92144
-1.74596
-1.58248
-1.43062
-1.28989
-1.15979
-1.03977
-0.929239
-0.827632
-0.734369
-0.648889
-0.570649
-0.499133
-0.433856
-0.374369
-0.320258
-0.271145
-0.22669
-0.186555
-0.150518
-0.117865
-0.0895068
-0.0597921
-0.0447109
0.0191136
-10.4598
-10.4734
-10.4867
-10.4929
-10.4966
-10.4993
-10.5015
-10.5031
-10.5045
-10.5058
-10.5077
-10.511
-10.5168
-10.526
-10.5398
-10.559
-10.584
-10.6149
-10.6515
-10.693
-10.7386
-10.7871
-10.8373
-10.8878
-10.9375
-10.985
-11.0293
-11.0692
-11.1037
-11.1318
-11.1525
-11.165
-11.1683
-11.1615
-11.1437
-11.1142
-11.0721
-11.0168
-10.9475
-10.8636
-10.7648
-10.6506
-10.5208
-10.3753
-10.2141
-10.037
-9.84438
-9.63633
-9.4133
-9.17583
-8.92463
-8.66054
-8.38456
-8.09782
-7.80158
-7.49721
-7.1862
-6.87009
-6.55049
-6.22903
-5.90736
-5.5871
-5.26985
-4.9571
-4.65029
-4.35073
-4.0596
-3.77795
-3.50665
-3.24645
-2.99791
-2.76141
-2.53721
-2.32541
-2.12601
-1.93893
-1.76398
-1.60086
-1.4492
-1.30852
-1.17833
-1.05809
-0.947226
-0.845185
-0.751399
-0.665316
-0.586405
-0.514158
-0.448097
-0.387775
-0.33278
-0.282731
-0.237275
-0.196067
-0.158828
-0.12489
-0.0948939
-0.0638669
-0.0457414
0.0146594
-10.4597
-10.4756
-10.4891
-10.4948
-10.4982
-10.5008
-10.5027
-10.5038
-10.5042
-10.5041
-10.5041
-10.5053
-10.5087
-10.5156
-10.5272
-10.5444
-10.5677
-10.5973
-10.6329
-10.6738
-10.7189
-10.7671
-10.817
-10.8673
-10.9167
-10.9639
-11.0078
-11.0473
-11.0813
-11.1088
-11.129
-11.1408
-11.1433
-11.1358
-11.1174
-11.0872
-11.0445
-10.9886
-10.9187
-10.8344
-10.7351
-10.6207
-10.4907
-10.3452
-10.184
-10.0071
-9.81469
-9.60707
-9.38462
-9.14789
-8.89759
-8.63456
-8.35981
-8.07447
-7.77978
-7.47713
-7.16797
-6.85384
-6.53633
-6.21707
-5.89766
-5.57973
-5.26482
-4.95443
-4.64994
-4.35265
-4.06372
-3.78416
-3.51484
-3.25645
-3.00956
-2.77455
-2.55165
-2.34098
-2.14252
-1.9562
-1.78181
-1.61908
-1.46762
-1.32698
-1.19668
-1.07619
-0.964972
-0.862462
-0.768115
-0.681391
-0.60177
-0.528754
-0.46187
-0.400678
-0.344765
-0.29375
-0.247264
-0.204966
-0.16651
-0.131325
-0.0996842
-0.0676426
-0.0461573
0.00934257
-10.4664
-10.4836
-10.4958
-10.5002
-10.5029
-10.505
-10.506
-10.5055
-10.5036
-10.5006
-10.4974
-10.4952
-10.4952
-10.499
-10.5079
-10.5229
-10.5444
-10.5725
-10.607
-10.6469
-10.6912
-10.7387
-10.788
-10.8376
-10.8864
-10.9329
-10.9761
-11.0148
-11.0481
-11.0749
-11.0942
-11.1053
-11.1072
-11.099
-11.08
-11.0492
-11.0059
-10.9495
-10.8793
-10.7946
-10.6953
-10.5807
-10.4509
-10.3055
-10.1446
-9.96816
-9.77639
-9.56954
-9.34804
-9.11244
-8.86344
-8.60191
-8.32883
-8.04533
-7.75267
-7.45219
-7.14536
-6.83368
-6.51873
-6.20211
-5.88541
-5.57021
-5.25805
-4.95036
-4.64854
-4.35382
-4.06735
-3.79011
-3.52294
-3.26654
-3.02143
-2.78799
-2.56647
-2.35695
-2.15945
-1.97388
-1.80003
-1.63764
-1.48633
-1.34569
-1.21522
-1.09443
-0.982788
-0.879749
-0.784782
-0.697361
-0.616977
-0.543141
-0.475388
-0.413283
-0.356413
-0.304398
-0.256856
-0.213452
-0.173768
-0.137372
-0.104077
-0.0712576
-0.0461186
0.00346605
-10.4805
-10.4971
-10.5062
-10.5086
-10.5103
-10.5109
-10.5096
-10.5064
-10.5012
-10.4947
-10.4878
-10.482
-10.4787
-10.4796
-10.4859
-10.4986
-10.5182
-10.5448
-10.5778
-10.6165
-10.6596
-10.7059
-10.754
-10.8026
-10.8502
-10.8956
-10.9377
-10.9754
-11.0077
-11.0335
-11.052
-11.0622
-11.0632
-11.0543
-11.0346
-11.0032
-10.9594
-10.9025
-10.832
-10.7472
-10.6478
-10.5334
-10.4037
-10.2588
-10.0984
-9.92271
-9.73183
-9.52606
-9.30583
-9.07169
-8.82437
-8.5647
-8.29369
-8.01244
-7.7222
-7.42431
-7.1202
-6.81138
-6.49938
-6.18577
-5.87213
-5.56
-5.25087
-4.94618
-4.64725
-4.35531
-4.07147
-3.79668
-3.53178
-3.27743
-3.03415
-2.80231
-2.58214
-2.37376
-2.17717
-1.99228
-1.81891
-1.65679
-1.50556
-1.36483
-1.23412
-1.11294
-1.0008
-0.897158
-0.801504
-0.713322
-0.632117
-0.557408
-0.48874
-0.425681
-0.367818
-0.314774
-0.266152
-0.221632
-0.180717
-0.143143
-0.108197
-0.0747715
-0.0457697
-0.00268007
-10.5017
-10.5154
-10.5187
-10.5181
-10.5179
-10.5164
-10.5127
-10.5062
-10.4972
-10.4867
-10.4759
-10.4664
-10.46
-10.4581
-10.4622
-10.4731
-10.4912
-10.5164
-10.5481
-10.5855
-10.6273
-10.6723
-10.719
-10.7661
-10.8124
-10.8564
-10.8972
-10.9335
-10.9645
-10.989
-11.0063
-11.0154
-11.0154
-11.0055
-10.9849
-10.9527
-10.9083
-10.851
-10.7801
-10.6951
-10.5957
-10.4814
-10.3521
-10.2077
-10.048
-9.87321
-9.68342
-9.47896
-9.26025
-9.02786
-8.78249
-8.525
-8.25636
-7.97768
-7.69019
-7.39521
-7.09415
-6.78848
-6.47972
-6.16941
-5.85908
-5.55024
-5.24436
-4.94282
-4.64693
-4.35788
-4.07675
-3.80447
-3.54186
-3.28955
-3.04807
-2.81778
-2.59892
-2.3916
-2.19584
-2.01154
-1.83854
-1.67659
-1.52534
-1.38442
-1.25337
-1.13173
-1.019
-0.914688
-0.818278
-0.729275
-0.647194
-0.571565
-0.501939
-0.437891
-0.379007
-0.324913
-0.275198
-0.229558
-0.187417
-0.148696
-0.112122
-0.0782006
-0.0452467
-0.00883539
-10.5335
-10.5351
-10.5288
-10.5275
-10.526
-10.5206
-10.5113
-10.4989
-10.4843
-10.4688
-10.4541
-10.4419
-10.4336
-10.4307
-10.4342
-10.4447
-10.4623
-10.487
-10.5181
-10.5547
-10.5955
-10.6393
-10.6848
-10.7306
-10.7754
-10.8179
-10.8572
-10.892
-10.9214
-10.9445
-10.9603
-10.9679
-10.9666
-10.9555
-10.9338
-10.9007
-10.8556
-10.7976
-10.7263
-10.641
-10.5415
-10.4274
-10.2985
-10.1546
-9.99569
-9.82189
-9.63333
-9.43034
-9.21333
-8.98288
-8.73968
-8.48458
-8.21855
-7.94268
-7.65817
-7.36633
-7.06854
-6.76624
-6.46092
-6.15407
-5.84721
-5.5418
-5.23926
-4.94096
-4.64815
-4.36202
-4.08359
-3.8138
-3.55342
-3.30309
-3.06333
-2.8345
-2.61684
-2.41047
-2.21541
-2.03159
-1.85885
-1.69696
-1.54559
-1.40438
-1.2729
-1.15071
-1.03732
-0.932264
-0.835037
-0.74516
-0.662157
-0.58557
-0.514955
-0.449892
-0.38997
-0.334814
-0.284002
-0.237247
-0.193898
-0.154058
-0.115899
-0.081537
-0.0446741
-0.0147775
-10.5538
-10.5575
-10.5432
-10.5362
-10.5221
-10.5033
-10.483
-10.463
-10.4446
-10.4282
-10.4142
-10.4036
-10.3972
-10.396
-10.4009
-10.4125
-10.4309
-10.456
-10.4871
-10.5234
-10.5636
-10.6066
-10.6511
-10.6957
-10.7392
-10.7803
-10.8181
-10.8513
-10.8792
-10.9007
-10.915
-10.9211
-10.9184
-10.906
-10.8831
-10.849
-10.8029
-10.7442
-10.6723
-10.5868
-10.4872
-10.3732
-10.2446
-10.1013
-9.94324
-9.7705
-9.58328
-9.38186
-9.16668
-8.9383
-8.69743
-8.44488
-8.18161
-7.9087
-7.62733
-7.33877
-7.04438
-6.74557
-6.44378
-6.14049
-5.83714
-5.53519
-5.23601
-4.94093
-4.65118
-4.3679
-4.09211
-3.82471
-3.56646
-3.31801
-3.07985
-2.85235
-2.63575
-2.4302
-2.23572
-2.05226
-1.87966
-1.71772
-1.56612
-1.42453
-1.29254
-1.16973
-1.05562
-0.94976
-0.851669
-0.760878
-0.676922
-0.599351
-0.527728
-0.461638
-0.40067
-0.344452
-0.29255
-0.244695
-0.200164
-0.159236
-0.119555
-0.0847623
-0.0441552
-0.0203301
-10.6145
-10.5021
-10.4909
-10.4857
-10.4647
-10.4438
-10.4266
-10.4108
-10.3959
-10.3821
-10.3704
-10.3618
-10.3573
-10.3581
-10.3647
-10.3778
-10.3973
-10.4231
-10.4545
-10.4908
-10.5307
-10.5732
-10.6169
-10.6605
-10.7029
-10.7428
-10.7792
-10.811
-10.8374
-10.8575
-10.8703
-10.8751
-10.871
-10.8573
-10.8332
-10.798
-10.751
-10.6916
-10.6192
-10.5334
-10.4337
-10.3199
-10.1917
-10.049
-9.89182
-9.72023
-9.5344
-9.33464
-9.12138
-8.89517
-8.65671
-8.4068
-8.14639
-7.87653
-7.59836
-7.31315
-7.02221
-6.72691
-6.42868
-6.12892
-5.82908
-5.53054
-5.23466
-4.94272
-4.65592
-4.37539
-4.10211
-3.83697
-3.58072
-3.334
-3.09729
-2.87099
-2.65533
-2.45047
-2.25645
-2.07322
-1.90067
-1.73858
-1.58668
-1.44464
-1.31207
-1.18857
-1.0737
-0.967006
-0.868023
-0.776296
-0.691372
-0.612808
-0.540174
-0.473058
-0.411052
-0.353784
-0.300811
-0.251879
-0.206201
-0.164218
-0.123092
-0.0878599
-0.0437482
-0.0253866
)
;

boundaryField
{
    outlet
    {
        type            fixedValue;
        value           uniform 0;
    }
    inlet
    {
        type            zeroGradient;
    }
    lowerWall
    {
        type            zeroGradient;
    }
    upperWall
    {
        type            zeroGradient;
    }
    frontAndBack
    {
        type            empty;
    }
}


// ************************************************************************* //
