/*--------------------------------*- C++ -*----------------------------------*\
| =========                 |                                                 |
| \\      /  F ield         | OpenFOAM: The Open Source CFD Toolbox           |
|  \\    /   O peration     | Version:  4.1                                   |
|   \\  /    A nd           | Web:      www.OpenFOAM.org                      |
|    \\/     M anipulation  |                                                 |
\*---------------------------------------------------------------------------*/
FoamFile
{
    version     2.0;
    format      ascii;
    class       volScalarField;
    location    "1700";
    object      p;
}
// * * * * * * * * * * * * * * * * * * * * * * * * * * * * * * * * * * * * * //

dimensions      [0 2 -2 0 0 0 0];

internalField   nonuniform List<scalar> 
6820
(
-8.24327
-8.50083
-8.59845
-8.61917
-8.65241
-8.69774
-8.73937
-8.77556
-8.80929
-8.84143
-8.87151
-8.89943
-8.92542
-8.94976
-8.97263
-8.99418
-9.01459
-9.03399
-9.05254
-9.07034
-9.0875
-9.10412
-9.12028
-9.13605
-9.1515
-9.1667
-9.18171
-9.19657
-9.21139
-9.22602
-9.24142
-9.25528
-9.28541
-8.35606
-8.52211
-8.60084
-8.62173
-8.64867
-8.68394
-8.71557
-8.74251
-8.76783
-8.79259
-8.81649
-8.83939
-8.86147
-8.88287
-8.90364
-8.92383
-8.94347
-8.96263
-8.98133
-8.99963
-9.01756
-9.03516
-9.05246
-9.0695
-9.08632
-9.10295
-9.11942
-9.13578
-9.15208
-9.16831
-9.1847
-9.20122
-9.21793
-8.41232
-8.51702
-8.59505
-8.62697
-8.65518
-8.6884
-8.71886
-8.74519
-8.76984
-8.79378
-8.8168
-8.83879
-8.85988
-8.88021
-8.89985
-8.91885
-8.93726
-8.95514
-8.97256
-8.98955
-9.00618
-9.02247
-9.03847
-9.05422
-9.06977
-9.08514
-9.10038
-9.11551
-9.13061
-9.14564
-9.16082
-9.17571
-9.19124
-8.4621
-8.5371
-8.60975
-8.64492
-8.6724
-8.70398
-8.73402
-8.76037
-8.78478
-8.80821
-8.83059
-8.85185
-8.87215
-8.89164
-8.91043
-8.92858
-8.94616
-8.96325
-8.9799
-8.99616
-9.01208
-9.0277
-9.04307
-9.05821
-9.07317
-9.08798
-9.10268
-9.11729
-9.13186
-9.14641
-9.161
-9.17558
-9.19023
-8.50359
-8.55482
-8.61504
-8.6499
-8.67715
-8.70741
-8.73667
-8.7627
-8.78686
-8.81007
-8.83235
-8.85364
-8.87405
-8.89373
-8.91274
-8.93114
-8.94898
-8.96632
-8.98322
-8.99971
-9.01583
-9.03163
-9.04715
-9.06241
-9.07747
-9.09234
-9.10706
-9.12167
-9.13621
-9.15069
-9.16519
-9.1797
-9.1943
-8.53838
-8.57423
-8.62508
-8.66037
-8.68803
-8.71709
-8.74545
-8.77118
-8.79514
-8.81815
-8.84023
-8.86133
-8.88154
-8.901
-8.91977
-8.93791
-8.95548
-8.97254
-8.98915
-9.00535
-9.02118
-9.03669
-9.05191
-9.06689
-9.08165
-9.09624
-9.11067
-9.12499
-9.13923
-9.15342
-9.1676
-9.18183
-9.19616
-8.56822
-8.59378
-8.63568
-8.66886
-8.69534
-8.72244
-8.74935
-8.77429
-8.79767
-8.82014
-8.84177
-8.86253
-8.88249
-8.90176
-8.92041
-8.93847
-8.95601
-8.97308
-8.98971
-9.00596
-9.02185
-9.03742
-9.0527
-9.06774
-9.08255
-9.09716
-9.11162
-9.12593
-9.14015
-9.15428
-9.16837
-9.18247
-9.19662
-8.59416
-8.61274
-8.64716
-8.67801
-8.70374
-8.72962
-8.75554
-8.77995
-8.80297
-8.82512
-8.84649
-8.86706
-8.88687
-8.906
-8.92452
-8.94246
-8.95988
-8.97681
-8.99331
-9.00941
-9.02514
-9.04055
-9.05565
-9.0705
-9.08511
-9.09951
-9.11373
-9.12779
-9.14173
-9.15557
-9.16934
-9.18306
-9.19675
-8.61701
-8.63085
-8.65915
-8.68725
-8.71171
-8.73602
-8.76049
-8.78391
-8.80619
-8.82769
-8.84851
-8.86862
-8.88805
-8.90685
-8.92509
-8.9428
-8.96002
-8.97679
-8.99314
-9.00912
-9.02475
-9.04006
-9.05508
-9.06984
-9.08437
-9.09868
-9.1128
-9.12676
-9.14056
-9.15424
-9.16781
-9.18128
-9.19468
-8.63739
-8.64793
-8.67128
-8.69659
-8.71968
-8.74262
-8.76587
-8.78849
-8.8102
-8.83124
-8.85168
-8.87149
-8.89067
-8.90929
-8.92736
-8.94493
-8.96203
-8.97869
-8.99493
-9.0108
-9.02632
-9.04151
-9.0564
-9.07101
-9.08538
-9.09951
-9.11344
-9.12717
-9.14072
-9.15411
-9.16735
-9.18045
-9.19337
-8.65572
-8.66392
-8.68334
-8.70598
-8.72758
-8.74915
-8.77112
-8.79274
-8.81369
-8.83407
-8.85393
-8.87325
-8.89202
-8.91026
-8.92801
-8.94529
-8.96213
-8.97855
-8.99458
-9.01024
-9.02557
-9.04058
-9.05529
-9.06973
-9.08392
-9.09787
-9.1116
-9.12512
-9.13845
-9.15159
-9.16455
-9.17732
-9.18991
-8.67233
-8.67885
-8.69513
-8.71531
-8.73538
-8.75563
-8.77638
-8.79705
-8.81728
-8.83706
-8.85643
-8.87534
-8.89377
-8.91173
-8.92925
-8.94632
-8.96298
-8.97924
-8.99512
-9.01065
-9.02584
-9.04071
-9.05528
-9.06957
-9.0836
-9.09737
-9.11091
-9.12421
-9.1373
-9.15016
-9.16281
-9.17522
-9.18738
-8.68747
-8.69273
-8.70652
-8.72449
-8.74306
-8.76204
-8.78161
-8.80132
-8.82077
-8.83989
-8.85869
-8.8771
-8.8951
-8.91268
-8.92985
-8.94662
-8.96299
-8.97899
-8.99462
-9.00991
-9.02487
-9.03952
-9.05387
-9.06794
-9.08174
-9.09527
-9.10856
-9.1216
-9.13441
-9.14697
-9.1593
-9.17137
-9.18317
-8.7013
-8.7056
-8.71741
-8.73343
-8.75057
-8.76833
-8.78679
-8.80554
-8.82422
-8.8427
-8.86093
-8.87887
-8.89646
-8.91369
-8.93055
-8.94705
-8.96319
-8.97897
-8.9944
-9.0095
-9.02428
-9.03875
-9.05292
-9.06681
-9.08041
-9.09375
-9.10682
-9.11963
-9.13219
-9.14448
-9.1565
-9.16824
-9.17967
-8.71396
-8.71752
-8.72772
-8.74206
-8.75785
-8.77446
-8.79186
-8.8097
-8.82761
-8.84543
-8.86309
-8.88052
-8.89768
-8.91452
-8.93103
-8.9472
-8.96304
-8.97855
-8.99372
-9.00857
-9.0231
-9.03733
-9.05125
-9.06489
-9.07824
-9.09132
-9.10412
-9.11665
-9.12891
-9.14088
-9.15258
-9.16398
-9.17506
-8.72554
-8.72852
-8.73743
-8.75032
-8.76486
-8.7804
-8.7968
-8.81376
-8.83092
-8.84809
-8.86518
-8.88212
-8.89884
-8.91529
-8.93146
-8.94732
-8.96288
-8.97812
-8.99304
-9.00766
-9.02197
-9.03598
-9.04969
-9.06311
-9.07624
-9.08908
-9.10165
-9.11393
-9.12592
-9.13762
-9.14902
-9.16011
-9.17086
-8.73613
-8.73863
-8.74648
-8.75813
-8.77155
-8.78608
-8.80157
-8.81769
-8.83412
-8.85066
-8.86719
-8.88363
-8.89991
-8.91597
-8.93177
-8.94731
-8.96256
-8.97751
-8.99216
-9.00651
-9.02057
-9.03432
-9.04777
-9.06094
-9.0738
-9.08638
-9.09867
-9.11066
-9.12236
-9.13375
-9.14484
-9.15561
-9.16604
-8.74576
-8.74789
-8.75486
-8.76545
-8.77787
-8.79148
-8.80611
-8.82145
-8.83719
-8.85312
-8.8691
-8.88506
-8.90089
-8.91656
-8.93201
-8.94721
-8.96216
-8.97682
-8.99121
-9.0053
-9.0191
-9.03261
-9.04582
-9.05873
-9.07136
-9.08368
-9.09571
-9.10745
-9.11887
-9.12999
-9.14079
-9.15127
-9.16141
-8.75448
-8.75629
-8.76255
-8.77223
-8.78376
-8.79655
-8.81039
-8.825
-8.84009
-8.85543
-8.87089
-8.88637
-8.90178
-8.91705
-8.93214
-8.94702
-8.96165
-8.97603
-8.99013
-9.00395
-9.01749
-9.03073
-9.04368
-9.05634
-9.0687
-9.08075
-9.09251
-9.10396
-9.1151
-9.12593
-9.13644
-9.14662
-9.15647
-8.76231
-8.76386
-8.76953
-8.77844
-8.7892
-8.80123
-8.81436
-8.82831
-8.84279
-8.85758
-8.87254
-8.88756
-8.90255
-8.91745
-8.93218
-8.94673
-8.96106
-8.97514
-8.98896
-9.00251
-9.01578
-9.02877
-9.04146
-9.05386
-9.06596
-9.07776
-9.08926
-9.10045
-9.11132
-9.12188
-9.13211
-9.14202
-9.15159
-8.76925
-8.77059
-8.77577
-8.78404
-8.79412
-8.8055
-8.81799
-8.83133
-8.84525
-8.85952
-8.87402
-8.8886
-8.9032
-8.91772
-8.93212
-8.94634
-8.96036
-8.97415
-8.9877
-9.00097
-9.01398
-9.0267
-9.03914
-9.05127
-9.06311
-9.07465
-9.08588
-9.0968
-9.1074
-9.11769
-9.12766
-9.1373
-9.1466
-8.77531
-8.77648
-8.78125
-8.78899
-8.7985
-8.8093
-8.82123
-8.83403
-8.84744
-8.86124
-8.87529
-8.88948
-8.90369
-8.91786
-8.93193
-8.94584
-8.95956
-8.97307
-8.98633
-8.99934
-9.01208
-9.02455
-9.03672
-9.0486
-9.06018
-9.07146
-9.08243
-9.09309
-9.10344
-9.11347
-9.12317
-9.13256
-9.1416
-8.78047
-8.7815
-8.78595
-8.79325
-8.80228
-8.81259
-8.82403
-8.83636
-8.84932
-8.8627
-8.87635
-8.89016
-8.90402
-8.91785
-8.9316
-8.94521
-8.95865
-8.97187
-8.98487
-8.99762
-9.0101
-9.0223
-9.03422
-9.04585
-9.05718
-9.06821
-9.07893
-9.08933
-9.09943
-9.1092
-9.11866
-9.1278
-9.1366
-8.7847
-8.78563
-8.78982
-8.79678
-8.80542
-8.81533
-8.82636
-8.83829
-8.85085
-8.86385
-8.87714
-8.89061
-8.90415
-8.91767
-8.93112
-8.94445
-8.9576
-8.97056
-8.98329
-8.99578
-9.00801
-9.01996
-9.03163
-9.043
-9.05408
-9.06486
-9.07533
-9.08548
-9.09533
-9.10486
-9.11407
-9.12296
-9.13153
-8.78798
-8.78883
-8.79283
-8.79953
-8.80788
-8.81747
-8.82817
-8.83975
-8.85199
-8.86466
-8.87764
-8.8908
-8.90405
-8.91729
-8.93046
-8.94352
-8.95641
-8.96912
-8.9816
-8.99384
-9.00582
-9.01753
-9.02896
-9.0401
-9.05094
-9.06148
-9.07171
-9.08164
-9.09125
-9.10055
-9.10953
-9.1182
-9.12655
-8.79024
-8.79104
-8.79492
-8.80144
-8.80957
-8.81893
-8.82938
-8.8407
-8.85267
-8.86508
-8.87779
-8.89069
-8.90367
-8.91665
-8.92957
-8.94238
-8.95502
-8.96748
-8.97972
-8.99171
-9.00345
-9.01492
-9.02611
-9.037
-9.0476
-9.0579
-9.06789
-9.07758
-9.08695
-9.09601
-9.10477
-9.11321
-9.12134
-8.7914
-8.79219
-8.796
-8.80242
-8.81043
-8.81965
-8.82992
-8.84106
-8.85283
-8.86503
-8.87753
-8.8902
-8.90296
-8.91572
-8.92842
-8.941
-8.95343
-8.96566
-8.97768
-8.98946
-9.00098
-9.01223
-9.0232
-9.03388
-9.04427
-9.05436
-9.06414
-9.07361
-9.08278
-9.09164
-9.10019
-9.10843
-9.11635
-8.79141
-8.79221
-8.79603
-8.80244
-8.81043
-8.8196
-8.8298
-8.84083
-8.85247
-8.86453
-8.87686
-8.88936
-8.90193
-8.9145
-8.92699
-8.93936
-8.95157
-8.96358
-8.97537
-8.98693
-8.99822
-9.00924
-9.01998
-9.03043
-9.04059
-9.05044
-9.05999
-9.06923
-9.07817
-9.08681
-9.09514
-9.10317
-9.1109
-8.79016
-8.79101
-8.79492
-8.80145
-8.80953
-8.81876
-8.82898
-8.84
-8.8516
-8.86358
-8.87582
-8.88821
-8.90065
-8.91307
-8.9254
-8.93761
-8.94966
-8.9615
-8.97312
-8.9845
-8.99561
-9.00645
-9.01701
-9.02728
-9.03725
-9.04692
-9.05629
-9.06536
-9.07412
-9.08257
-9.09072
-9.09857
-9.1061
-8.78753
-8.78848
-8.79259
-8.79935
-8.80767
-8.81708
-8.82743
-8.83854
-8.85017
-8.86215
-8.87433
-8.88663
-8.89895
-8.91123
-8.92341
-8.93545
-8.9473
-8.95895
-8.97036
-8.98153
-8.99243
-9.00305
-9.01339
-9.02344
-9.03319
-9.04264
-9.05179
-9.06064
-9.06918
-9.07743
-9.08538
-9.09304
-9.10041
-8.78333
-8.78445
-8.78889
-8.79607
-8.80477
-8.81451
-8.82512
-8.83644
-8.84823
-8.86031
-8.87256
-8.88488
-8.8972
-8.90944
-8.92156
-8.93352
-8.94528
-8.95682
-8.96812
-8.97916
-8.98993
-9.00041
-9.01061
-9.02051
-9.03011
-9.03941
-9.04841
-9.0571
-9.06549
-9.07358
-9.08136
-9.08884
-9.096
-8.77734
-8.77871
-8.78367
-8.79149
-8.80079
-8.811
-8.82199
-8.83359
-8.84558
-8.85776
-8.87004
-8.88235
-8.8946
-8.90675
-8.91875
-8.93056
-8.94217
-8.95353
-8.96465
-8.9755
-8.98608
-8.99637
-9.00636
-9.01606
-9.02546
-9.03456
-9.04336
-9.05185
-9.06005
-9.06795
-9.07557
-9.0829
-9.08996
-8.76922
-8.77097
-8.77674
-8.78552
-8.79566
-8.80658
-8.8182
-8.83035
-8.84278
-8.85531
-8.86785
-8.88033
-8.89271
-8.90493
-8.91695
-8.92876
-8.94032
-8.95164
-8.96268
-8.97344
-8.98391
-8.99409
-9.00397
-9.01354
-9.02281
-9.03178
-9.04044
-9.04879
-9.05684
-9.06459
-9.07204
-9.07917
-9.08599
-8.75851
-8.76086
-8.7679
-8.77805
-8.78923
-8.80086
-8.81304
-8.82562
-8.83834
-8.85106
-8.86371
-8.87625
-8.88862
-8.90081
-8.91276
-8.92448
-8.93593
-8.94711
-8.95801
-8.96862
-8.97894
-8.98895
-8.99867
-9.00808
-9.01718
-9.02598
-9.03448
-9.04267
-9.05057
-9.05818
-9.0655
-9.07255
-9.07934
-8.74451
-8.74782
-8.75689
-8.76924
-8.78217
-8.79522
-8.80861
-8.82215
-8.83558
-8.84879
-8.86179
-8.87457
-8.88709
-8.89935
-8.91133
-8.92303
-8.93444
-8.94555
-8.95636
-8.96687
-8.97707
-8.98695
-8.99653
-9.0058
-9.01476
-9.0234
-9.03174
-9.03977
-9.0475
-9.05492
-9.06205
-9.06886
-9.07536
-8.72611
-8.7312
-8.74329
-8.75779
-8.77175
-8.78561
-8.7999
-8.81421
-8.82816
-8.84176
-8.85505
-8.86803
-8.88069
-8.89301
-8.905
-8.91667
-8.92802
-8.93906
-8.94977
-8.96017
-8.97026
-8.98003
-8.98949
-8.99864
-9.00748
-9.01602
-9.02425
-9.03218
-9.03982
-9.04716
-9.05422
-9.06101
-9.06754
-8.70119
-8.71034
-8.72973
-8.74947
-8.76591
-8.7813
-8.79682
-8.81194
-8.82631
-8.84011
-8.85349
-8.86649
-8.87909
-8.89132
-8.9032
-8.91474
-8.92593
-8.9368
-8.94734
-8.95755
-8.96743
-8.977
-8.98625
-8.99518
-9.0038
-9.01211
-9.02011
-9.02781
-9.03522
-9.04232
-9.04914
-9.05566
-9.06189
-8.66625
-8.6799
-8.70553
-8.72879
-8.74775
-8.76577
-8.7834
-8.79985
-8.81507
-8.82944
-8.84321
-8.85641
-8.86909
-8.88131
-8.89313
-8.90459
-8.91569
-8.92645
-8.93689
-8.94701
-8.95682
-8.96632
-8.97551
-8.9844
-8.99299
-9.00128
-9.00927
-9.01696
-9.02436
-9.03147
-9.03827
-9.04476
-9.05091
-8.61885
-8.66651
-8.70589
-8.72616
-8.74243
-8.76078
-8.77875
-8.79469
-8.80925
-8.82317
-8.83661
-8.84949
-8.86186
-8.8738
-8.88535
-8.89653
-8.90737
-8.91788
-8.92807
-8.93795
-8.94752
-8.9568
-8.96578
-8.97447
-8.98288
-8.991
-8.99884
-9.00642
-9.01373
-9.02081
-9.02767
-9.03437
-9.04093
-8.48453
-8.6067
-8.68136
-8.70558
-8.7219
-8.74292
-8.7634
-8.7806
-8.79593
-8.81075
-8.82527
-8.83938
-8.8531
-8.86651
-8.87966
-8.89254
-8.90514
-8.91745
-8.92947
-8.94118
-8.95259
-8.96368
-8.97444
-8.98487
-8.99497
-9.00472
-9.01414
-9.02321
-9.03193
-9.0403
-9.04832
-9.05597
-9.06337
-9.33287
-9.48888
-9.70607
-9.8102
-9.92101
-10.0276
-10.1096
-10.1728
-10.2217
-10.2573
-10.2817
-10.2964
-10.3033
-10.3042
-10.3008
-10.2955
-10.2894
-10.2804
-10.2755
-10.2789
-10.2914
-10.3123
-10.3401
-10.373
-10.4092
-10.447
-10.4853
-10.5229
-10.5591
-10.5931
-10.6239
-10.6507
-10.6727
-10.6895
-10.7006
-10.7057
-10.7047
-10.6973
-10.6834
-10.6627
-10.6352
-10.6005
-10.5585
-10.509
-10.4519
-10.387
-10.314
-10.2329
-10.1435
-10.0455
-9.93864
-9.82281
-9.69775
-9.56328
-9.41925
-9.26556
-9.10214
-8.92899
-8.74616
-8.55377
-8.35201
-8.14114
-7.92149
-7.69349
-7.45764
-7.21453
-6.96483
-6.70926
-6.4486
-6.18364
-5.91523
-5.64422
-5.37151
-5.09803
-4.82477
-4.55277
-4.28314
-4.01703
-3.75567
-3.50024
-3.25175
-3.01085
-2.77794
-2.55334
-2.33737
-2.13031
-1.93236
-1.74365
-1.56418
-1.39391
-1.2325
-1.07983
-0.934792
-0.797857
-0.665116
-0.541373
-0.41066
-0.302198
-0.144504
-0.0949715
-9.24823
-9.30085
-9.39289
-9.43884
-9.49235
-9.56036
-9.62715
-9.6906
-9.75082
-9.80551
-9.85328
-9.89386
-9.92744
-9.9546
-9.97656
-9.99557
-10.0141
-10.0289
-10.0446
-10.0654
-10.0928
-10.1266
-10.1657
-10.2086
-10.2536
-10.2993
-10.3445
-10.3882
-10.4297
-10.4681
-10.5027
-10.5327
-10.5575
-10.5765
-10.5894
-10.596
-10.5961
-10.5896
-10.5764
-10.5562
-10.529
-10.4945
-10.4526
-10.4033
-10.3462
-10.2813
-10.2085
-10.1275
-10.0382
-9.94036
-9.83384
-9.71839
-9.59383
-9.45998
-9.31671
-9.16393
-9.00158
-8.82968
-8.64827
-8.45749
-8.25752
-8.04863
-7.83116
-7.60551
-7.3722
-7.13181
-6.88498
-6.63243
-6.3749
-6.1132
-5.84813
-5.58054
-5.31129
-5.04132
-4.77158
-4.50308
-4.2369
-3.97415
-3.71603
-3.46363
-3.21795
-2.97962
-2.74907
-2.52662
-2.31259
-2.10726
-1.91083
-1.72344
-1.54508
-1.37572
-1.21504
-1.06295
-0.918336
-0.781728
-0.649251
-0.525875
-0.395741
-0.288576
-0.133525
-0.0881347
-9.20967
-9.23103
-9.27548
-9.30292
-9.32632
-9.35919
-9.3948
-9.42966
-9.46447
-9.49873
-9.53167
-9.56291
-9.59227
-9.61982
-9.64624
-9.67304
-9.70162
-9.73129
-9.76241
-9.79771
-9.83857
-9.88485
-9.93554
-9.98924
-10.0444
-10.0995
-10.1535
-10.2052
-10.2539
-10.2988
-10.3391
-10.3743
-10.4036
-10.4267
-10.4432
-10.453
-10.4559
-10.4518
-10.4406
-10.4223
-10.3966
-10.3636
-10.3231
-10.2749
-10.219
-10.1553
-10.0835
-10.0036
-9.91543
-9.81878
-9.71348
-9.59934
-9.47619
-9.34386
-9.20224
-9.05124
-8.89082
-8.72099
-8.54182
-8.35344
-8.15603
-7.94987
-7.73528
-7.51268
-7.28257
-7.04551
-6.80214
-6.55316
-6.29929
-6.04131
-5.78002
-5.51624
-5.25082
-4.98466
-4.7187
-4.45394
-4.1914
-3.93218
-3.6774
-3.42814
-3.18532
-2.94961
-2.72142
-2.50111
-2.289
-2.08536
-1.89039
-1.70423
-1.5269
-1.35837
-1.19833
-1.04671
-0.902434
-0.76606
-0.633791
-0.5107
-0.381199
-0.275186
-0.123173
-0.0811631
-9.20754
-9.23058
-9.26685
-9.29493
-9.31387
-9.33458
-9.35517
-9.37256
-9.38772
-9.40158
-9.41424
-9.42596
-9.43726
-9.44877
-9.46145
-9.4767
-9.49594
-9.51984
-9.54768
-9.58101
-9.62089
-9.66711
-9.71866
-9.77408
-9.83181
-9.89027
-9.94811
-10.0041
-10.0573
-10.1068
-10.1518
-10.1914
-10.225
-10.2523
-10.2727
-10.2862
-10.2925
-10.2916
-10.2834
-10.2678
-10.2448
-10.2141
-10.1759
-10.1299
-10.076
-10.0143
-9.94454
-9.86663
-9.78044
-9.6858
-9.58256
-9.47054
-9.34957
-9.21952
-9.08029
-8.93179
-8.77399
-8.60691
-8.43063
-8.24527
-8.05104
-7.84818
-7.63704
-7.41803
-7.19162
-6.95837
-6.7189
-6.47389
-6.22404
-5.97012
-5.71291
-5.45319
-5.19182
-4.92967
-4.66766
-4.40674
-4.14794
-3.8923
-3.6409
-3.39478
-3.15483
-2.9217
-2.69584
-2.4776
-2.26732
-2.06527
-1.87166
-1.68663
-1.51021
-1.34238
-1.18286
-1.03158
-0.887524
-0.751266
-0.619125
-0.496208
-0.36737
-0.26231
-0.113676
-0.0742035
-9.21189
-9.23394
-9.26166
-9.28525
-9.30211
-9.31906
-9.33623
-9.35105
-9.36342
-9.37385
-9.38225
-9.38871
-9.39367
-9.39784
-9.40222
-9.40822
-9.41736
-9.43065
-9.44845
-9.47185
-9.50179
-9.53826
-9.58054
-9.62752
-9.67785
-9.73016
-9.7831
-9.83547
-9.88616
-9.93414
-9.97846
-10.0182
-10.0527
-10.0812
-10.1034
-10.1188
-10.1273
-10.1286
-10.1227
-10.1094
-10.0887
-10.0604
-10.0244
-9.98061
-9.92903
-9.86952
-9.80199
-9.72633
-9.64241
-9.55008
-9.44921
-9.33962
-9.22117
-9.09374
-8.95724
-8.81158
-8.65675
-8.49278
-8.31973
-8.13774
-7.947
-7.74778
-7.54039
-7.32523
-7.10279
-6.87358
-6.63823
-6.39738
-6.15172
-5.902
-5.64897
-5.39342
-5.13616
-4.87806
-4.62
-4.36294
-4.10785
-3.85574
-3.60767
-3.36461
-3.12744
-2.8968
-2.67315
-2.45687
-2.24829
-2.0477
-1.85529
-1.67124
-1.49557
-1.32829
-1.16913
-1.01805
-0.874067
-0.737783
-0.605664
-0.482788
-0.354601
-0.250285
-0.105223
-0.0675166
-9.21327
-9.23383
-9.25743
-9.2798
-9.29802
-9.31514
-9.33173
-9.34602
-9.35757
-9.36675
-9.37368
-9.37851
-9.38169
-9.38386
-9.38591
-9.389
-9.39438
-9.40302
-9.41564
-9.43292
-9.45564
-9.48393
-9.51735
-9.55508
-9.59611
-9.63931
-9.6836
-9.72794
-9.77133
-9.81283
-9.85155
-9.88663
-9.91728
-9.94286
-9.96283
-9.97676
-9.98433
-9.98527
-9.97938
-9.96646
-9.94635
-9.9189
-9.88398
-9.84148
-9.79129
-9.73331
-9.66741
-9.5935
-9.51143
-9.42107
-9.32228
-9.2149
-9.09879
-8.97384
-8.83995
-8.69705
-8.54514
-8.38422
-8.21437
-8.03572
-7.84847
-7.65286
-7.4492
-7.2379
-7.01939
-6.7942
-6.56293
-6.32619
-6.08467
-5.83908
-5.59016
-5.33869
-5.08545
-4.83129
-4.57709
-4.32376
-4.07224
-3.82354
-3.57864
-3.3385
-3.10396
-2.87565
-2.65406
-2.43957
-2.23253
-2.03321
-1.84184
-1.65859
-1.4835
-1.31658
-1.15761
-1.00655
-0.862481
-0.726011
-0.593788
-0.470803
-0.343218
-0.239415
-0.0979993
-0.0613123
-9.21331
-9.23306
-9.25436
-9.27498
-9.29261
-9.30854
-9.32356
-9.33675
-9.34769
-9.35658
-9.36359
-9.36882
-9.37261
-9.37548
-9.37816
-9.38158
-9.38675
-9.39456
-9.4057
-9.4207
-9.44018
-9.46428
-9.49265
-9.52462
-9.55934
-9.59589
-9.63331
-9.6707
-9.7072
-9.742
-9.77429
-9.80333
-9.82842
-9.84897
-9.86446
-9.87448
-9.87868
-9.87679
-9.86855
-9.85375
-9.83217
-9.80365
-9.76802
-9.72512
-9.67483
-9.61701
-9.55152
-9.47824
-9.39702
-9.30771
-9.21017
-9.10424
-8.98978
-8.86667
-8.73481
-8.59415
-8.44465
-8.28633
-8.11927
-7.94357
-7.75944
-7.5671
-7.36685
-7.15908
-6.94422
-6.72277
-6.4953
-6.26241
-6.02477
-5.78307
-5.53803
-5.29039
-5.04095
-4.79052
-4.53994
-4.29012
-4.04197
-3.79646
-3.55453
-3.3171
-3.08499
-2.85882
-2.6391
-2.42621
-2.2205
-2.02227
-1.83175
-1.6491
-1.47439
-1.30766
-1.14869
-0.997464
-0.853136
-0.716309
-0.583841
-0.460585
-0.333519
-0.229989
-0.0921595
-0.0558073
-9.21271
-9.23142
-9.25093
-9.26989
-9.28696
-9.30253
-9.31713
-9.33024
-9.34141
-9.35067
-9.35815
-9.36398
-9.36843
-9.37199
-9.37533
-9.37923
-9.38458
-9.39214
-9.40256
-9.41637
-9.43399
-9.45554
-9.48074
-9.50902
-9.53965
-9.5718
-9.60462
-9.63727
-9.66896
-9.6989
-9.72638
-9.7507
-9.77123
-9.78741
-9.79878
-9.80493
-9.80556
-9.80038
-9.78915
-9.77165
-9.74769
-9.71709
-9.67967
-9.63529
-9.58379
-9.52502
-9.45886
-9.38515
-9.30376
-9.21451
-9.11727
-9.01189
-8.89821
-8.77612
-8.64551
-8.50633
-8.35854
-8.20215
-8.03723
-7.86389
-7.68229
-7.49267
-7.29532
-7.09059
-6.8789
-6.66074
-6.43665
-6.20722
-5.97308
-5.7349
-5.49339
-5.24927
-5.00331
-4.7563
-4.50907
-4.26249
-4.01745
-3.77487
-3.53567
-3.30073
-3.07083
-2.84661
-2.62855
-2.41706
-2.21249
-2.01516
-1.82528
-1.64305
-1.46853
-1.30179
-1.14263
-0.991066
-0.846307
-0.708954
-0.576094
-0.4524
-0.325742
-0.222238
-0.0878152
-0.051175
-9.21025
-9.22816
-9.24645
-9.26428
-9.28077
-9.29592
-9.30995
-9.32258
-9.3335
-9.34272
-9.35038
-9.35663
-9.36174
-9.36614
-9.3704
-9.37517
-9.38118
-9.38911
-9.39949
-9.41282
-9.42939
-9.44931
-9.47236
-9.49804
-9.52572
-9.55467
-9.58412
-9.6133
-9.64146
-9.66788
-9.69186
-9.71274
-9.72994
-9.74291
-9.7512
-9.75443
-9.75228
-9.74447
-9.73076
-9.71094
-9.68482
-9.65223
-9.61299
-9.56696
-9.514
-9.45396
-9.38671
-9.3121
-9.23001
-9.14027
-9.04275
-8.93729
-8.82376
-8.70205
-8.57205
-8.43372
-8.287
-8.13192
-7.96853
-7.79693
-7.6173
-7.42984
-7.23484
-7.03263
-6.82362
-6.60827
-6.38711
-6.1607
-5.92965
-5.69461
-5.45626
-5.21532
-4.97252
-4.72863
-4.48446
-4.24085
-3.99865
-3.75877
-3.52207
-3.28939
-3.0615
-2.83902
-2.62243
-2.41216
-2.20856
-2.01193
-1.82253
-1.64053
-1.46604
-1.29911
-1.13959
-0.987515
-0.842163
-0.704124
-0.570728
-0.446435
-0.320052
-0.216332
-0.0850251
-0.0475465
-9.20819
-9.22525
-9.24245
-9.25926
-9.275
-9.2896
-9.30314
-9.31548
-9.32641
-9.33588
-9.34399
-9.35087
-9.35677
-9.36204
-9.36716
-9.3727
-9.37929
-9.38749
-9.3978
-9.41062
-9.42622
-9.44468
-9.46583
-9.48924
-9.51436
-9.54054
-9.56708
-9.59329
-9.61846
-9.64191
-9.66298
-9.68105
-9.69556
-9.70597
-9.71185
-9.71281
-9.70852
-9.6987
-9.68312
-9.66154
-9.63378
-9.59966
-9.55901
-9.51168
-9.45753
-9.39643
-9.32823
-9.25281
-9.17003
-9.07974
-8.98182
-8.87613
-8.76255
-8.64096
-8.51129
-8.37347
-8.22748
-8.07334
-7.91109
-7.74085
-7.56278
-7.37707
-7.18402
-6.98393
-6.77721
-6.56429
-6.34569
-6.12194
-5.89364
-5.66142
-5.42594
-5.18787
-4.94795
-4.70692
-4.46557
-4.22469
-3.98513
-3.74773
-3.51333
-3.28274
-3.05669
-2.83578
-2.62052
-2.41131
-2.20852
-2.01246
-1.82338
-1.64147
-1.46685
-1.29959
-1.13957
-0.986833
-0.840747
-0.70188
-0.567816
-0.442775
-0.316522
-0.212351
-0.0837832
-0.044988
-9.20435
-9.22074
-9.23712
-9.25311
-9.26825
-9.2824
-9.29561
-9.30772
-9.31858
-9.32817
-9.33654
-9.34384
-9.35028
-9.3562
-9.362
-9.36819
-9.37529
-9.38378
-9.39409
-9.40657
-9.42144
-9.43875
-9.45835
-9.47986
-9.50281
-9.52663
-9.55068
-9.57432
-9.5969
-9.61779
-9.63635
-9.652
-9.6642
-9.67245
-9.6763
-9.67537
-9.66933
-9.65789
-9.64081
-9.61785
-9.58882
-9.55353
-9.51182
-9.46352
-9.40849
-9.3466
-9.27771
-9.20168
-9.1184
-9.02772
-8.92953
-8.82368
-8.71008
-8.58863
-8.45924
-8.32188
-8.17651
-8.02318
-7.86192
-7.69286
-7.51615
-7.332
-7.14066
-6.94247
-6.7378
-6.52708
-6.3108
-6.08949
-5.86371
-5.63409
-5.40125
-5.16587
-4.92864
-4.69029
-4.45157
-4.21326
-3.97617
-3.7411
-3.50886
-3.28023
-3.05589
-2.83645
-2.62239
-2.41414
-2.21206
-2.01645
-1.82758
-1.64565
-1.47078
-1.30307
-1.14243
-0.988921
-0.841984
-0.702172
-0.567325
-0.441404
-0.315131
-0.210291
-0.0840195
-0.0434993
-9.20118
-9.21689
-9.23251
-9.24776
-9.26233
-9.27601
-9.28882
-9.30068
-9.31145
-9.32111
-9.32972
-9.33743
-9.34441
-9.35095
-9.3574
-9.36418
-9.37173
-9.38046
-9.39073
-9.40284
-9.41699
-9.43318
-9.45131
-9.47104
-9.49195
-9.51353
-9.53523
-9.55645
-9.5766
-9.59506
-9.61126
-9.62465
-9.63469
-9.64091
-9.64287
-9.6402
-9.63257
-9.61967
-9.60126
-9.5771
-9.54698
-9.51071
-9.46812
-9.41905
-9.36334
-9.30086
-9.23147
-9.15504
-9.07144
-8.98054
-8.88222
-8.77636
-8.66287
-8.54164
-8.41262
-8.27577
-8.13107
-7.97855
-7.81828
-7.65037
-7.47497
-7.29229
-7.10261
-6.90621
-6.70349
-6.49486
-6.28078
-6.06178
-5.83841
-5.61126
-5.38096
-5.14814
-4.91348
-4.6777
-4.44152
-4.20568
-3.97096
-3.73813
-3.50797
-3.28121
-3.05851
-2.84047
-2.62755
-2.42018
-2.21873
-2.0235
-1.83477
-1.65273
-1.47754
-1.3093
-1.14796
-0.993581
-0.845704
-0.704854
-0.569128
-0.442216
-0.315772
-0.210061
-0.0856037
-0.0430126
-9.19661
-9.21174
-9.22673
-9.24137
-9.25542
-9.26873
-9.28121
-9.29283
-9.30354
-9.31329
-9.32212
-9.33014
-9.33754
-9.34456
-9.3515
-9.35871
-9.36657
-9.37543
-9.3856
-9.39733
-9.41077
-9.42595
-9.44275
-9.46087
-9.47993
-9.49949
-9.51904
-9.53806
-9.55597
-9.57222
-9.58626
-9.59757
-9.60564
-9.61
-9.61025
-9.60599
-9.59691
-9.5827
-9.5631
-9.53787
-9.50679
-9.46968
-9.42635
-9.37663
-9.32038
-9.25744
-9.18768
-9.11097
-9.02717
-8.93617
-8.83785
-8.73209
-8.61881
-8.49791
-8.36935
-8.23308
-8.08911
-7.93746
-7.77821
-7.61147
-7.4374
-7.25621
-7.06816
-6.87355
-6.67275
-6.46616
-6.25425
-6.03752
-5.81651
-5.59179
-5.36396
-5.13365
-4.90152
-4.66826
-4.43456
-4.20114
-3.96874
-3.73811
-3.50999
-3.28505
-3.06396
-2.84727
-2.63547
-2.42895
-2.22809
-2.0332
-1.84455
-1.66237
-1.4868
-1.31797
-1.15586
-1.00055
-0.851672
-0.709716
-0.573031
-0.445036
-0.318272
-0.211502
-0.0883619
-0.0434057
-9.19258
-9.20716
-9.22157
-9.23565
-9.24921
-9.26211
-9.27426
-9.28563
-9.29622
-9.306
-9.31498
-9.32326
-9.331
-9.33841
-9.34575
-9.35331
-9.36141
-9.37035
-9.38038
-9.39171
-9.40446
-9.41866
-9.43418
-9.45076
-9.46806
-9.48569
-9.5032
-9.5201
-9.53586
-9.54998
-9.56193
-9.57121
-9.57736
-9.57992
-9.57848
-9.57268
-9.56218
-9.54669
-9.52593
-9.49967
-9.46768
-9.42977
-9.38574
-9.33544
-9.27869
-9.21536
-9.1453
-9.06838
-8.98448
-8.89346
-8.79521
-8.68964
-8.57665
-8.45616
-8.32813
-8.19252
-8.04934
-7.89862
-7.74045
-7.57493
-7.40223
-7.22255
-7.03615
-6.84334
-6.64447
-6.43994
-6.23019
-6.01572
-5.79706
-5.57475
-5.34939
-5.12158
-4.89197
-4.66121
-4.42997
-4.19896
-3.96888
-3.74043
-3.51432
-3.29121
-3.07172
-2.85638
-2.64567
-2.44
-2.23972
-2.04515
-1.85657
-1.6742
-1.49822
-1.32876
-1.16584
-1.00957
-0.859632
-0.716517
-0.578807
-0.449648
-0.322419
-0.214418
-0.0920971
-0.0445217
-9.18761
-9.20169
-9.21559
-9.22916
-9.24229
-9.25483
-9.26671
-9.27788
-9.28833
-9.2981
-9.30719
-9.31567
-9.32368
-9.33139
-9.33902
-9.34683
-9.35507
-9.36399
-9.37382
-9.38471
-9.39675
-9.40998
-9.42427
-9.43939
-9.45504
-9.47086
-9.48645
-9.50135
-9.5151
-9.52721
-9.53719
-9.54458
-9.54891
-9.54976
-9.54674
-9.53948
-9.52764
-9.51094
-9.4891
-9.46188
-9.42904
-9.39039
-9.34574
-9.29491
-9.23773
-9.17407
-9.10377
-9.02671
-8.94274
-8.85177
-8.75366
-8.64833
-8.53569
-8.41567
-8.28822
-8.15332
-8.01098
-7.86125
-7.70419
-7.53994
-7.36864
-7.19051
-7.0058
-6.81481
-6.61789
-6.41543
-6.20786
-5.99567
-5.77936
-5.55948
-5.3366
-5.11131
-4.88422
-4.65597
-4.42721
-4.19861
-3.97085
-3.74459
-3.52051
-3.29923
-3.08135
-2.86738
-2.65777
-2.45295
-2.25325
-2.059
-1.87047
-1.68791
-1.5115
-1.34139
-1.17764
-1.02036
-0.869333
-0.725017
-0.586224
-0.455832
-0.327987
-0.218595
-0.0966109
-0.0461933
-9.18298
-9.1966
-9.21003
-9.22315
-9.23586
-9.24807
-9.25968
-9.27066
-9.28098
-9.29068
-9.2998
-9.30841
-9.3166
-9.32451
-9.33235
-9.34031
-9.3486
-9.35744
-9.36701
-9.37743
-9.38879
-9.40106
-9.41416
-9.42788
-9.44195
-9.45604
-9.46979
-9.48279
-9.49459
-9.50476
-9.51283
-9.51836
-9.52091
-9.52009
-9.5155
-9.50679
-9.49362
-9.47572
-9.45279
-9.42461
-9.39092
-9.35154
-9.30626
-9.2549
-9.19731
-9.13333
-9.06281
-8.98562
-8.90163
-8.81072
-8.71279
-8.60774
-8.49549
-8.37597
-8.24915
-8.115
-7.97354
-7.82483
-7.66893
-7.50596
-7.3361
-7.15955
-6.97655
-6.78741
-6.59246
-6.39209
-6.18673
-5.97684
-5.76291
-5.54548
-5.32509
-5.10233
-4.87778
-4.65207
-4.42581
-4.19965
-3.97422
-3.75018
-3.52815
-3.30873
-3.09248
-2.87989
-2.67142
-2.46746
-2.26836
-2.07444
-1.88598
-1.70322
-1.52637
-1.3556
-1.191
-1.0327
-0.880548
-0.734999
-0.595065
-0.463376
-0.334765
-0.223832
-0.101724
-0.0482683
-9.17781
-9.19099
-9.20398
-9.21668
-9.22901
-9.24088
-9.25224
-9.26303
-9.27323
-9.28286
-9.29196
-9.30063
-9.30893
-9.31698
-9.32493
-9.33296
-9.34123
-9.34992
-9.35918
-9.3691
-9.37974
-9.39106
-9.403
-9.41537
-9.42793
-9.44038
-9.45238
-9.46357
-9.47352
-9.48183
-9.48808
-9.49183
-9.49269
-9.49025
-9.48415
-9.47404
-9.4596
-9.44053
-9.41657
-9.38745
-9.35295
-9.31287
-9.26699
-9.21515
-9.15717
-9.0929
-9.02218
-8.9449
-8.86091
-8.7701
-8.67237
-8.56763
-8.45579
-8.33681
-8.21064
-8.07727
-7.93672
-7.78904
-7.63432
-7.47268
-7.30427
-7.12931
-6.94805
-6.76077
-6.56782
-6.36956
-6.16641
-5.95884
-5.74731
-5.53235
-5.31448
-5.09427
-4.8723
-4.64914
-4.42541
-4.20171
-3.97865
-3.75685
-3.5369
-3.31937
-3.10479
-2.89363
-2.68633
-2.48326
-2.28479
-2.09121
-1.90283
-1.71989
-1.5426
-1.37117
-1.2057
-1.04637
-0.893078
-0.746269
-0.605144
-0.4721
-0.342571
-0.229961
-0.107292
-0.0506334
-9.17281
-9.18559
-9.19817
-9.21049
-9.22247
-9.23404
-9.24514
-9.25574
-9.26582
-9.27537
-9.28444
-9.29309
-9.30141
-9.30952
-9.31752
-9.32554
-9.33371
-9.34218
-9.35107
-9.36045
-9.37035
-9.38074
-9.39156
-9.40265
-9.41376
-9.42465
-9.43499
-9.44443
-9.45261
-9.45914
-9.46361
-9.46564
-9.46483
-9.46082
-9.45323
-9.44173
-9.42601
-9.40578
-9.38077
-9.35071
-9.3154
-9.27459
-9.22811
-9.17577
-9.11739
-9.05282
-8.98191
-8.90452
-8.82053
-8.72983
-8.63231
-8.52788
-8.41647
-8.29803
-8.17252
-8.03995
-7.90032
-7.7537
-7.60017
-7.43985
-7.27292
-7.09957
-6.92005
-6.73464
-6.54369
-6.34755
-6.14664
-5.94139
-5.73228
-5.5198
-5.30448
-5.08685
-4.86746
-4.64689
-4.42571
-4.2045
-3.98385
-3.76432
-3.54649
-3.33088
-3.118
-2.9083
-2.7022
-2.50007
-2.30225
-2.10906
-1.92077
-1.73766
-1.55996
-1.38787
-1.22155
-1.06117
-0.906729
-0.758644
-0.616282
-0.481832
-0.351242
-0.236837
-0.113201
-0.0532157
-9.16754
-9.17993
-9.19214
-9.20408
-9.21572
-9.22699
-9.23784
-9.24824
-9.25816
-9.26762
-9.27663
-9.28523
-9.29352
-9.30159
-9.30954
-9.31748
-9.3255
-9.33371
-9.34219
-9.351
-9.36015
-9.36965
-9.3794
-9.38925
-9.39898
-9.40837
-9.41711
-9.4249
-9.43137
-9.43619
-9.43896
-9.43932
-9.43691
-9.43136
-9.42232
-9.40948
-9.39252
-9.37115
-9.34511
-9.31414
-9.27801
-9.23651
-9.18944
-9.1366
-9.07784
-9.01298
-8.94188
-8.86441
-8.78043
-8.68984
-8.59254
-8.48843
-8.37746
-8.25957
-8.13474
-8.00296
-7.86426
-7.71869
-7.56635
-7.40737
-7.2419
-7.07016
-6.89239
-6.70886
-6.51991
-6.3259
-6.12722
-5.92431
-5.71762
-5.50764
-5.29486
-5.07982
-4.86305
-4.64508
-4.42648
-4.20779
-3.98956
-3.77234
-3.55665
-3.343
-3.13186
-2.92367
-2.71881
-2.51764
-2.32051
-2.12772
-1.93956
-1.75631
-1.5782
-1.40547
-1.2383
-1.07689
-0.921289
-0.771919
-0.628283
-0.492391
-0.360606
-0.244314
-0.119343
-0.0559648
-9.16235
-9.17438
-9.18623
-9.19783
-9.20915
-9.22014
-9.23074
-9.24094
-9.2507
-9.26004
-9.26896
-9.2775
-9.28571
-9.29368
-9.3015
-9.30927
-9.31705
-9.32494
-9.33297
-9.34121
-9.34966
-9.35829
-9.36701
-9.37567
-9.38409
-9.39204
-9.39926
-9.40545
-9.41029
-9.41346
-9.41459
-9.41334
-9.40936
-9.40231
-9.39186
-9.37768
-9.35949
-9.33699
-9.30992
-9.27802
-9.24108
-9.19887
-9.15119
-9.09785
-9.03868
-8.97352
-8.90222
-8.82465
-8.74067
-8.65019
-8.55309
-8.44931
-8.33876
-8.22142
-8.09725
-7.96626
-7.82848
-7.68397
-7.53282
-7.37516
-7.21116
-7.04101
-6.86497
-6.68332
-6.49637
-6.30447
-6.10802
-5.90744
-5.70318
-5.49569
-5.28548
-5.07304
-4.85889
-4.64355
-4.42754
-4.21139
-3.99561
-3.78072
-3.56721
-3.35555
-3.14618
-2.93952
-2.73593
-2.53576
-2.33934
-2.14698
-1.95897
-1.77558
-1.59709
-1.42373
-1.25571
-1.09328
-0.936521
-0.785864
-0.640926
-0.503561
-0.370465
-0.252221
-0.125599
-0.0588291
-9.15705
-9.16873
-9.18024
-9.19152
-9.20253
-9.21323
-9.22359
-9.23356
-9.24315
-9.25234
-9.26114
-9.26958
-9.27769
-9.28554
-9.29319
-9.30072
-9.3082
-9.31571
-9.32328
-9.33094
-9.33869
-9.34647
-9.35418
-9.3617
-9.36885
-9.37543
-9.38119
-9.38585
-9.38913
-9.39071
-9.39026
-9.38745
-9.38196
-9.37345
-9.36162
-9.34614
-9.32673
-9.30312
-9.27503
-9.24223
-9.20448
-9.16156
-9.11327
-9.05943
-8.99987
-8.9344
-8.8629
-8.78523
-8.70125
-8.61087
-8.51398
-8.4105
-8.30038
-8.18358
-8.06007
-7.92986
-7.79299
-7.64952
-7.49955
-7.3432
-7.18064
-7.01209
-6.83777
-6.65797
-6.473
-6.28321
-6.08898
-5.89072
-5.68887
-5.48389
-5.27623
-5.0664
-4.85488
-4.64217
-4.42877
-4.21517
-4.00186
-3.78932
-3.57801
-3.36837
-3.1608
-2.9557
-2.7534
-2.55426
-2.35857
-2.16666
-1.9788
-1.7953
-1.61642
-1.44243
-1.27357
-1.11011
-0.952192
-0.800239
-0.653971
-0.515109
-0.380601
-0.260361
-0.131829
-0.0617376
-9.15177
-9.16312
-9.17431
-9.18528
-9.19599
-9.20642
-9.21653
-9.22628
-9.23568
-9.2447
-9.25336
-9.26167
-9.26966
-9.27736
-9.28484
-9.29214
-9.29931
-9.30642
-9.3135
-9.32057
-9.3276
-9.33451
-9.34123
-9.34764
-9.35357
-9.35882
-9.36318
-9.36638
-9.36815
-9.3682
-9.36623
-9.36192
-9.35495
-9.34503
-9.33184
-9.31509
-9.29449
-9.26977
-9.24068
-9.20697
-9.1684
-9.12477
-9.07587
-9.02152
-8.96153
-8.89576
-8.82404
-8.74625
-8.66225
-8.57195
-8.47526
-8.37208
-8.26237
-8.14609
-8.02322
-7.89378
-7.75781
-7.61536
-7.46654
-7.31148
-7.15035
-6.98336
-6.81074
-6.63277
-6.44976
-6.26206
-6.07003
-5.87409
-5.67464
-5.47214
-5.26705
-5.05982
-4.85093
-4.64086
-4.43008
-4.21905
-4.00823
-3.79806
-3.58897
-3.38137
-3.17562
-2.9721
-2.77112
-2.57301
-2.37808
-2.18661
-1.99892
-1.81529
-1.63602
-1.46139
-1.29168
-1.12719
-0.968086
-0.814823
-0.66719
-0.526803
-0.390792
-0.268527
-0.137888
-0.0645993
-9.14648
-9.15753
-9.16841
-9.17907
-9.1895
-9.19966
-9.20952
-9.21905
-9.22823
-9.23707
-9.24556
-9.2537
-9.26153
-9.26905
-9.27632
-9.28337
-9.29023
-9.29694
-9.30353
-9.30998
-9.31627
-9.32234
-9.3281
-9.33343
-9.33818
-9.34216
-9.34517
-9.34697
-9.3473
-9.34588
-9.34244
-9.33668
-9.32829
-9.31699
-9.30249
-9.28449
-9.26272
-9.23692
-9.20683
-9.17221
-9.13284
-9.0885
-9.03899
-8.98412
-8.92371
-8.85761
-8.78567
-8.70775
-8.62373
-8.53351
-8.43699
-8.33409
-8.22478
-8.10901
-7.98677
-7.85807
-7.72296
-7.58152
-7.43383
-7.28003
-7.12031
-6.95485
-6.7839
-6.60774
-6.42667
-6.24102
-6.05117
-5.85752
-5.66046
-5.46043
-5.25788
-5.05325
-4.847
-4.63957
-4.43141
-4.22297
-4.01465
-3.80687
-3.60002
-3.39448
-3.19058
-2.98865
-2.78901
-2.59194
-2.39776
-2.20675
-2.01921
-1.83544
-1.65576
-1.48048
-1.3099
-1.14434
-0.984026
-0.829424
-0.680385
-0.538436
-0.400839
-0.276526
-0.143647
-0.0673187
-9.14115
-9.1519
-9.16248
-9.17285
-9.183
-9.19289
-9.2025
-9.21179
-9.22076
-9.22939
-9.23768
-9.24563
-9.25326
-9.26057
-9.2676
-9.27436
-9.28088
-9.28718
-9.29326
-9.29911
-9.30469
-9.30994
-9.31477
-9.31907
-9.32269
-9.32546
-9.32719
-9.32765
-9.32659
-9.32378
-9.31893
-9.31177
-9.30202
-9.28939
-9.27361
-9.2544
-9.23149
-9.20462
-9.17355
-9.13805
-9.09787
-9.05282
-9.00269
-8.9473
-8.88647
-8.82004
-8.74786
-8.6698
-8.58574
-8.49557
-8.39921
-8.29659
-8.18765
-8.07236
-7.95072
-7.82275
-7.68849
-7.54801
-7.40143
-7.24887
-7.09051
-6.92656
-6.75725
-6.58286
-6.40369
-6.22008
-6.03238
-5.84098
-5.64629
-5.44872
-5.24871
-5.04667
-4.84305
-4.63826
-4.43274
-4.22689
-4.02109
-3.81572
-3.61113
-3.40766
-3.20562
-3.00531
-2.80701
-2.61101
-2.41758
-2.22701
-2.0396
-1.85568
-1.67556
-1.49959
-1.3281
-1.16143
-0.999875
-0.843893
-0.693397
-0.54984
-0.410581
-0.2842
-0.149008
-0.0698132
-9.13591
-9.14636
-9.15666
-9.16676
-9.17663
-9.18626
-9.19562
-9.20467
-9.21341
-9.22182
-9.22989
-9.23762
-9.24502
-9.2521
-9.25885
-9.2653
-9.27146
-9.27733
-9.2829
-9.28814
-9.29303
-9.29748
-9.30142
-9.30473
-9.30727
-9.30888
-9.30938
-9.30856
-9.30619
-9.30204
-9.29584
-9.28734
-9.27626
-9.26235
-9.24533
-9.22494
-9.20092
-9.17301
-9.14098
-9.10459
-9.06362
-9.01786
-8.96711
-8.91119
-8.84993
-8.78315
-8.71072
-8.63251
-8.54839
-8.45826
-8.36204
-8.25966
-8.15107
-8.03625
-7.91519
-7.7879
-7.65446
-7.51492
-7.3694
-7.21804
-7.06101
-6.89852
-6.73081
-6.55816
-6.38085
-6.19923
-6.01365
-5.82449
-5.63214
-5.437
-5.2395
-5.04005
-4.83905
-4.63692
-4.43404
-4.23079
-4.02752
-3.82458
-3.62228
-3.42091
-3.22075
-3.02207
-2.82513
-2.63018
-2.4375
-2.24736
-2.06007
-1.87595
-1.69536
-1.51866
-1.3462
-1.17839
-1.01553
-0.858113
-0.7061
-0.560884
-0.419892
-0.291424
-0.153903
-0.0720197
-9.13047
-9.14064
-9.15066
-9.16048
-9.17008
-9.17945
-9.18854
-9.19735
-9.20585
-9.21402
-9.22186
-9.22936
-9.23651
-9.24332
-9.24979
-9.25591
-9.26169
-9.26711
-9.27217
-9.27682
-9.28103
-9.28471
-9.28779
-9.29016
-9.29167
-9.29219
-9.29153
-9.2895
-9.28588
-9.28045
-9.27297
-9.26319
-9.25086
-9.23572
-9.21751
-9.19598
-9.17088
-9.14196
-9.10899
-9.07174
-9.02999
-8.98354
-8.93218
-8.87573
-8.81403
-8.74691
-8.67423
-8.59585
-8.51166
-8.42156
-8.32546
-8.22331
-8.11504
-8.00066
-7.88014
-7.75352
-7.62086
-7.48222
-7.33773
-7.18753
-7.03179
-6.87073
-6.70458
-6.53361
-6.35813
-6.17847
-5.99497
-5.80801
-5.61797
-5.42525
-5.23025
-5.03337
-4.83499
-4.63551
-4.43528
-4.23465
-4.03394
-3.83344
-3.63344
-3.4342
-3.23595
-3.03892
-2.84334
-2.64946
-2.45751
-2.26778
-2.08058
-1.89624
-1.71512
-1.53763
-1.36415
-1.19512
-1.0309
-0.871992
-0.718397
-0.571466
-0.428679
-0.29811
-0.158293
-0.0738997
-9.12522
-9.13513
-9.14489
-9.15445
-9.16379
-9.1729
-9.18175
-9.19031
-9.19857
-9.2065
-9.2141
-9.22135
-9.22825
-9.23477
-9.24093
-9.24671
-9.25209
-9.25706
-9.2616
-9.26567
-9.2692
-9.27214
-9.27439
-9.27585
-9.27639
-9.27585
-9.27408
-9.2709
-9.26609
-9.25944
-9.25074
-9.23973
-9.22619
-9.20986
-9.19051
-9.16788
-9.14173
-9.11182
-9.07793
-9.03983
-8.99731
-8.95015
-8.89818
-8.8412
-8.77905
-8.71157
-8.63862
-8.56005
-8.47577
-8.38567
-8.28967
-8.18771
-8.07974
-7.96575
-7.84575
-7.71975
-7.58782
-7.45004
-7.30654
-7.15744
-7.00294
-6.84325
-6.6786
-6.50928
-6.33557
-6.15781
-5.97635
-5.79155
-5.60378
-5.41345
-5.22093
-5.02661
-4.83085
-4.63402
-4.43645
-4.23846
-4.04032
-3.8423
-3.64464
-3.44755
-3.25122
-3.05586
-2.86167
-2.66884
-2.47763
-2.28829
-2.10113
-1.91652
-1.73482
-1.55647
-1.3819
-1.21158
-1.04592
-0.885453
-0.730207
-0.581499
-0.436859
-0.304177
-0.162134
-0.0754093
-9.11958
-9.12923
-9.13872
-9.14803
-9.15712
-9.16598
-9.17457
-9.18289
-9.1909
-9.19859
-9.20594
-9.21293
-9.21956
-9.22579
-9.23163
-9.23705
-9.24204
-9.24656
-9.25059
-9.25408
-9.25697
-9.2592
-9.26066
-9.26126
-9.26086
-9.25934
-9.25653
-9.25226
-9.24633
-9.23854
-9.22867
-9.21651
-9.20183
-9.18438
-9.16393
-9.14024
-9.11309
-9.08224
-9.04746
-9.00854
-8.96527
-8.91744
-8.86487
-8.80737
-8.74478
-8.67693
-8.6037
-8.52495
-8.44056
-8.35045
-8.25453
-8.15274
-8.04505
-7.93143
-7.8119
-7.68649
-7.55526
-7.4183
-7.27573
-7.1277
-6.97439
-6.81602
-6.65283
-6.48509
-6.31311
-6.13721
-5.95774
-5.77506
-5.58954
-5.40156
-5.21151
-5.01973
-4.82659
-4.63242
-4.43753
-4.2422
-4.04666
-3.85115
-3.65586
-3.46095
-3.26659
-3.07293
-2.88012
-2.68836
-2.49786
-2.30889
-2.12174
-1.93679
-1.75444
-1.57516
-1.39942
-1.22774
-1.06055
-0.898447
-0.741479
-0.590934
-0.444394
-0.309596
-0.165426
-0.076558
-9.1145
-9.12391
-9.13316
-9.14222
-9.15106
-9.15967
-9.16803
-9.1761
-9.18386
-9.19129
-9.19838
-9.2051
-9.21144
-9.21737
-9.22287
-9.22793
-9.2325
-9.23657
-9.24009
-9.24301
-9.24527
-9.24679
-9.24749
-9.24726
-9.24597
-9.24351
-9.2397
-9.23438
-9.22738
-9.2185
-9.20753
-9.19426
-9.17847
-9.15994
-9.13844
-9.11373
-9.0856
-9.05382
-9.01817
-8.97844
-8.93443
-8.88592
-8.83274
-8.77471
-8.71167
-8.64345
-8.56992
-8.49095
-8.40643
-8.31627
-8.22039
-8.11874
-8.01127
-7.89798
-7.77888
-7.654
-7.52341
-7.38721
-7.24551
-7.09847
-6.94629
-6.78917
-6.62736
-6.46114
-6.29082
-6.11671
-5.93918
-5.75857
-5.57525
-5.3896
-5.20197
-5.01273
-4.82221
-4.6307
-4.43851
-4.24586
-4.05296
-3.86
-3.66712
-3.47444
-3.28208
-3.09014
-2.89874
-2.70805
-2.51825
-2.3296
-2.14242
-1.95707
-1.77399
-1.59368
-1.41667
-1.24352
-1.07472
-0.910885
-0.75211
-0.599661
-0.451166
-0.314239
-0.168044
-0.0772263
-9.10869
-9.11787
-9.12688
-9.1357
-9.14431
-9.15268
-9.1608
-9.16862
-9.17615
-9.18333
-9.19017
-9.19662
-9.20268
-9.2083
-9.21348
-9.21817
-9.22235
-9.22598
-9.229
-9.23138
-9.23304
-9.2339
-9.23388
-9.23288
-9.23076
-9.22741
-9.22268
-9.21639
-9.20839
-9.19849
-9.18649
-9.17218
-9.15536
-9.13581
-9.11332
-9.08765
-9.0586
-9.02594
-8.98946
-8.94896
-8.90423
-8.85507
-8.80131
-8.74277
-8.67928
-8.61069
-8.53686
-8.45767
-8.37301
-8.28279
-8.18694
-8.08539
-7.97813
-7.86514
-7.74642
-7.62204
-7.49205
-7.35656
-7.21568
-7.06959
-6.91847
-6.76254
-6.60206
-6.4373
-6.26858
-6.09622
-5.92057
-5.74198
-5.56083
-5.37747
-5.19226
-5.00555
-4.81764
-4.62882
-4.43935
-4.24942
-4.05922
-3.86886
-3.67845
-3.48805
-3.29773
-3.10755
-2.91759
-2.72797
-2.53887
-2.35052
-2.16324
-1.97742
-1.79353
-1.61211
-1.43372
-1.259
-1.0885
-0.922854
-0.762208
-0.607803
-0.457319
-0.318263
-0.170147
-0.0775819
-9.10398
-9.11292
-9.1217
-9.13028
-9.13865
-9.14678
-9.15465
-9.16222
-9.16949
-9.17641
-9.18298
-9.18914
-9.1949
-9.2002
-9.20503
-9.20935
-9.21312
-9.21629
-9.21882
-9.22066
-9.22172
-9.22194
-9.22122
-9.21946
-9.21654
-9.21234
-9.20671
-9.19951
-9.19055
-9.17967
-9.16668
-9.15138
-9.13357
-9.11304
-9.08958
-9.06299
-9.03303
-8.99952
-8.96223
-8.92096
-8.87552
-8.82571
-8.77136
-8.71229
-8.64834
-8.57935
-8.5052
-8.42576
-8.34093
-8.25061
-8.15473
-8.05324
-7.94612
-7.83336
-7.71498
-7.59101
-7.46155
-7.32668
-7.18654
-7.0413
-6.89116
-6.73634
-6.57709
-6.41371
-6.2465
-6.0758
-5.90196
-5.72533
-5.54628
-5.36518
-5.18236
-4.99815
-4.81286
-4.62675
-4.44002
-4.25287
-4.0654
-3.8777
-3.68982
-3.50177
-3.31355
-3.12517
-2.93667
-2.74813
-2.5597
-2.3716
-2.18416
-1.99778
-1.81296
-1.63028
-1.45038
-1.27395
-1.10161
-0.934032
-0.771411
-0.614968
-0.462432
-0.321216
-0.171239
-0.0771647
-9.0979
-9.10665
-9.11522
-9.12359
-9.13175
-9.13967
-9.14732
-9.15468
-9.16171
-9.1684
-9.17471
-9.18062
-9.1861
-9.19111
-9.19561
-9.19958
-9.20297
-9.20573
-9.20781
-9.20914
-9.20966
-9.20928
-9.20792
-9.20547
-9.20182
-9.19684
-9.1904
-9.18235
-9.17252
-9.16074
-9.14684
-9.13062
-9.1119
-9.09046
-9.06612
-9.03865
-9.00786
-8.97355
-8.93549
-8.89351
-8.8474
-8.79697
-8.74206
-8.68248
-8.61809
-8.54872
-8.47425
-8.39456
-8.30955
-8.21911
-8.1232
-8.02176
-7.91476
-7.8022
-7.6841
-7.56052
-7.43153
-7.29725
-7.1578
-7.01336
-6.86413
-6.71035
-6.55228
-6.39021
-6.22446
-6.05536
-5.88327
-5.70856
-5.53159
-5.35271
-5.17227
-4.99058
-4.80793
-4.62455
-4.44064
-4.25632
-4.07167
-3.88673
-3.70148
-3.51586
-3.32983
-3.14334
-2.95635
-2.76893
-2.58118
-2.39332
-2.20568
-2.01867
-1.83284
-1.64882
-1.46731
-1.28907
-1.1148
-0.945225
-0.780574
-0.622055
-0.467424
-0.324019
-0.172158
-0.0766992
-9.09356
-9.10207
-9.11042
-9.11856
-9.12648
-9.13415
-9.14155
-9.14866
-9.15543
-9.16185
-9.16789
-9.17351
-9.17868
-9.18337
-9.18753
-9.19113
-9.19412
-9.19644
-9.19805
-9.19888
-9.19885
-9.19788
-9.19589
-9.19277
-9.18841
-9.18268
-9.17546
-9.16659
-9.15592
-9.14329
-9.12852
-9.11143
-9.09183
-9.06952
-9.04432
-9.01602
-8.98442
-8.94932
-8.91052
-8.86783
-8.82106
-8.77002
-8.71453
-8.65444
-8.58958
-8.5198
-8.44498
-8.365
-8.27976
-8.18916
-8.09315
-7.99168
-7.88472
-7.77228
-7.65439
-7.5311
-7.40249
-7.26867
-7.12979
-6.98604
-6.83761
-6.68474
-6.52772
-6.36684
-6.20243
-6.03482
-5.86439
-5.6915
-5.51652
-5.33981
-5.16171
-4.98252
-4.80251
-4.62189
-4.44083
-4.25941
-4.07767
-3.89557
-3.71303
-3.52994
-3.34617
-3.16161
-2.97617
-2.78986
-2.60274
-2.41504
-2.22706
-2.03927
-1.85224
-1.66666
-1.48332
-1.30308
-1.1267
-0.954995
-0.788228
-0.627588
-0.470829
-0.325195
-0.171385
-0.0747835
-9.08697
-9.09534
-9.10351
-9.11147
-9.11921
-9.1267
-9.13391
-9.14081
-9.14738
-9.15359
-9.1594
-9.16478
-9.16969
-9.1741
-9.17797
-9.18125
-9.1839
-9.18585
-9.18705
-9.18743
-9.18693
-9.18544
-9.1829
-9.17918
-9.17419
-9.1678
-9.15988
-9.15029
-9.13887
-9.12547
-9.10992
-9.09204
-9.07166
-9.04857
-9.02259
-8.99353
-8.9612
-8.92538
-8.8859
-8.84256
-8.79517
-8.74356
-8.68755
-8.62697
-8.56168
-8.49153
-8.41638
-8.33613
-8.25067
-8.15992
-8.06381
-7.96232
-7.8554
-7.74308
-7.62537
-7.50235
-7.37409
-7.24072
-7.10239
-6.95928
-6.81161
-6.65963
-6.50363
-6.3439
-6.18079
-6.01465
-5.84586
-5.67478
-5.5018
-5.32728
-5.15155
-4.97492
-4.79764
-4.61989
-4.44181
-4.26345
-4.08478
-3.90571
-3.72609
-3.54572
-3.36441
-3.18196
-2.99823
-2.81315
-2.62678
-2.43928
-2.25101
-2.06242
-1.87414
-1.68692
-1.50164
-1.31925
-1.14063
-0.966669
-0.797675
-0.634828
-0.475833
-0.327838
-0.171666
-0.0736659
-9.08256
-9.09068
-9.09865
-9.10639
-9.11389
-9.12115
-9.12811
-9.13477
-9.14109
-9.14703
-9.15257
-9.15766
-9.16228
-9.16638
-9.16992
-9.17286
-9.17513
-9.17669
-9.17747
-9.1774
-9.17641
-9.17442
-9.17133
-9.16704
-9.16144
-9.15442
-9.14583
-9.13556
-9.12343
-9.10932
-9.09303
-9.07441
-9.05328
-9.02946
-9.00275
-8.97297
-8.93993
-8.90343
-8.86329
-8.81931
-8.77132
-8.71914
-8.6626
-8.60152
-8.53577
-8.4652
-8.38968
-8.3091
-8.22335
-8.13237
-8.03608
-7.93445
-7.82746
-7.71512
-7.59746
-7.47455
-7.34649
-7.21339
-7.07542
-6.93278
-6.78567
-6.63438
-6.47919
-6.32042
-6.15842
-5.99356
-5.82623
-5.65681
-5.48569
-5.31325
-5.13981
-4.96568
-4.79109
-4.61623
-4.44117
-4.26592
-4.0904
-3.91445
-3.73783
-3.56028
-3.38148
-3.20118
-3.01914
-2.83524
-2.6495
-2.46208
-2.27333
-2.08376
-1.89404
-1.70501
-1.51766
-1.33309
-1.15226
-0.976155
-0.805111
-0.64028
-0.479246
-0.328994
-0.169956
-0.0710313
-9.07486
-9.08287
-9.09065
-9.09822
-9.10556
-9.11265
-9.11946
-9.12595
-9.13209
-9.13785
-9.1432
-9.14809
-9.1525
-9.15637
-9.15967
-9.16234
-9.16432
-9.16557
-9.16602
-9.16559
-9.16421
-9.1618
-9.15826
-9.15349
-9.14739
-9.13983
-9.1307
-9.11984
-9.10712
-9.09239
-9.07548
-9.05624
-9.03447
-9.01001
-8.98268
-8.95228
-8.91864
-8.88155
-8.84085
-8.79634
-8.74784
-8.69519
-8.6382
-8.57672
-8.51061
-8.43971
-8.36391
-8.28309
-8.19716
-8.10604
-8.00967
-7.90801
-7.80105
-7.68881
-7.57131
-7.44864
-7.32089
-7.18819
-7.05071
-6.90865
-6.76225
-6.61178
-6.45754
-6.29988
-6.13914
-5.97573
-5.81004
-5.64247
-5.47343
-5.30329
-5.1324
-4.96105
-4.78948
-4.61783
-4.44617
-4.27444
-4.10252
-3.93015
-3.75702
-3.58276
-3.40696
-3.22925
-3.0493
-2.86693
-2.68208
-2.49489
-2.30572
-2.11511
-1.92375
-1.73256
-1.54273
-1.3555
-1.17206
-0.993506
-0.820255
-0.653433
-0.490381
-0.337922
-0.174372
-0.0746454
-9.06882
-9.07671
-9.08438
-9.09176
-9.09888
-9.10575
-9.11233
-9.11859
-9.1245
-9.13002
-9.13513
-9.13978
-9.14393
-9.14754
-9.15057
-9.15296
-9.15465
-9.15559
-9.15571
-9.15493
-9.15319
-9.15039
-9.14645
-9.14126
-9.13471
-9.12669
-9.11706
-9.1057
-9.09247
-9.07721
-9.05976
-9.03996
-9.01765
-8.99264
-8.96475
-8.93381
-8.89962
-8.86201
-8.82079
-8.77577
-8.72679
-8.67366
-8.61622
-8.55431
-8.48778
-8.4165
-8.34033
-8.25917
-8.17293
-8.08152
-7.98488
-7.883
-7.77584
-7.66344
-7.54583
-7.42309
-7.29532
-7.16267
-7.0253
-6.88344
-6.73733
-6.58725
-6.43354
-6.27653
-6.11663
-5.95424
-5.78977
-5.62366
-5.45633
-5.28818
-5.11956
-4.9508
-4.7821
-4.61362
-4.44539
-4.27731
-4.10918
-3.94069
-3.77142
-3.6009
-3.42862
-3.25409
-3.0769
-2.89677
-2.7136
-2.52753
-2.33892
-2.14836
-1.95654
-1.76447
-1.57343
-1.3848
-1.19985
-1.01987
-0.845348
-0.677429
-0.513154
-0.359127
-0.189163
-0.0873244
-9.05769
-9.0654
-9.07294
-9.08026
-9.08734
-9.09415
-9.10067
-9.10687
-9.11271
-9.11816
-9.12319
-9.12776
-9.13182
-9.13533
-9.13824
-9.14051
-9.14206
-9.14285
-9.14281
-9.14185
-9.13992
-9.13691
-9.13274
-9.1273
-9.12049
-9.1122
-9.10229
-9.09063
-9.07709
-9.06152
-9.04376
-9.02365
-9.00103
-8.97571
-8.94753
-8.91631
-8.88187
-8.84402
-8.80258
-8.75739
-8.70825
-8.655
-8.59747
-8.53552
-8.46899
-8.39775
-8.32166
-8.24064
-8.15458
-8.0634
-7.96706
-7.86553
-7.75879
-7.64687
-7.52981
-7.4077
-7.28065
-7.14881
-7.01235
-6.87152
-6.72657
-6.5778
-6.42556
-6.27022
-6.11221
-5.95194
-5.78989
-5.62652
-5.46227
-5.29759
-5.13286
-4.96842
-4.80449
-4.6412
-4.47856
-4.31642
-4.15448
-3.99231
-3.82934
-3.66492
-3.49834
-3.32893
-3.15608
-2.97935
-2.79854
-2.61371
-2.42524
-2.23373
-2.03999
-1.84528
-1.65136
-1.45981
-1.27193
-1.08903
-0.911616
-0.740891
-0.573717
-0.416761
-0.238842
-0.122231
-9.04862
-9.05632
-9.06368
-9.07098
-9.07816
-9.08509
-9.09176
-9.09812
-9.10415
-9.10981
-9.11506
-9.11987
-9.12418
-9.12795
-9.13114
-9.13368
-9.13552
-9.13659
-9.13684
-9.13617
-9.13452
-9.1318
-9.12791
-9.12275
-9.11621
-9.10818
-9.09853
-9.08713
-9.07384
-9.0585
-9.04098
-9.0211
-8.9987
-8.9736
-8.94564
-8.91463
-8.88039
-8.84275
-8.80151
-8.75651
-8.70757
-8.65451
-8.59718
-8.53542
-8.46908
-8.39802
-8.32213
-8.2413
-8.15543
-8.06446
-7.96834
-7.86704
-7.76055
-7.64891
-7.53217
-7.41043
-7.2838
-7.15247
-7.01662
-6.87652
-6.73245
-6.58475
-6.4338
-6.28003
-6.12388
-5.96586
-5.80648
-5.64625
-5.48569
-5.32528
-5.16547
-5.00659
-4.84889
-4.69248
-4.53731
-4.38315
-4.22957
-4.07599
-3.92165
-3.76569
-3.60717
-3.44521
-3.27896
-3.10779
-2.93131
-2.74949
-2.5626
-2.37084
-2.17476
-1.97574
-1.77568
-1.57679
-1.38109
-1.1902
-1.00487
-0.826498
-0.652619
-0.489135
-0.313168
-0.15917
-9.07163
-9.08116
-9.09031
-9.09907
-9.10758
-9.11583
-9.12376
-9.13132
-9.13849
-9.14524
-9.15151
-9.15727
-9.16248
-9.16708
-9.17103
-9.17427
-9.17673
-9.17836
-9.17908
-9.17881
-9.17749
-9.17501
-9.17129
-9.16622
-9.1597
-9.1516
-9.1418
-9.13018
-9.11659
-9.10088
-9.08291
-9.06251
-9.03952
-9.01377
-8.98509
-8.95329
-8.9182
-8.87965
-8.83744
-8.79141
-8.74137
-8.68717
-8.62862
-8.56558
-8.4979
-8.42545
-8.34809
-8.26572
-8.17825
-8.08561
-7.98773
-7.8846
-7.77621
-7.66258
-7.54377
-7.41987
-7.29101
-7.15734
-7.01907
-6.87646
-6.72979
-6.5794
-6.42567
-6.26902
-6.10991
-5.94882
-5.78627
-5.62276
-5.4588
-5.29485
-5.13134
-4.96857
-4.80678
-4.64604
-4.48625
-4.32718
-4.16837
-4.00922
-3.84898
-3.68681
-3.52182
-3.35317
-3.1801
-3.00209
-2.81887
-2.63046
-2.43761
-2.24108
-2.0413
-1.83946
-1.63752
-1.43771
-1.24202
-1.05205
-0.868496
-0.692644
-0.522669
-0.362672
-0.207302
-0.0496789
-9.5039
-9.51322
-9.52718
-9.54042
-9.55303
-9.56504
-9.57555
-9.58388
-9.59008
-9.59402
-9.59581
-9.59603
-9.59516
-9.59354
-9.59161
-9.58979
-9.58832
-9.58717
-9.58608
-9.58466
-9.58249
-9.58039
-9.58047
-9.58448
-9.59416
-9.61328
-9.64518
-9.69124
-9.74989
-9.81698
-9.88711
-9.955
-10.0164
-10.0685
-10.1098
-10.1397
-10.1584
-10.1665
-10.1645
-10.1529
-10.1322
-10.1027
-10.0649
-10.0188
-9.964
-9.89992
-9.82717
-9.74634
-9.65739
-9.56023
-9.45468
-9.34049
-9.21742
-9.08525
-8.94375
-8.79278
-8.63219
-8.4619
-8.28189
-8.0922
-7.8929
-7.68414
-7.46616
-7.23926
-7.00387
-6.76053
-6.50986
-6.25255
-5.98943
-5.72148
-5.44926
-5.17267
-4.89264
-4.61107
-4.32946
-4.0491
-3.77113
-3.49538
-3.22129
-2.95512
-2.70135
-2.45643
-2.21715
-1.98661
-1.76572
-1.55544
-1.3564
-1.16893
-0.993184
-0.829147
-0.676713
-0.535669
-0.405898
-0.287063
-0.179961
-0.0834616
-0.00521364
0.0655249
0.0689786
0.126801
-9.51331
-9.52884
-9.5438
-9.55786
-9.5707
-9.58179
-9.59138
-9.59896
-9.60519
-9.61024
-9.61363
-9.6142
-9.61222
-9.60876
-9.6049
-9.60163
-9.5997
-9.59928
-9.59985
-9.60054
-9.60023
-9.60097
-9.60576
-9.61224
-9.62533
-9.65263
-9.69855
-9.76251
-9.83917
-9.92102
-10.0009
-10.0735
-10.1357
-10.186
-10.2242
-10.2505
-10.2658
-10.2708
-10.2662
-10.2524
-10.2297
-10.1982
-10.1578
-10.1081
-10.0498
-9.98493
-9.91376
-9.8354
-9.74975
-9.65667
-9.55574
-9.44645
-9.32844
-9.20142
-9.06511
-8.91932
-8.76388
-8.59871
-8.42374
-8.23898
-8.0445
-7.84043
-7.62694
-7.40433
-7.17299
-6.93338
-6.68608
-6.43175
-6.17114
-5.90511
-5.6349
-5.36173
-5.08562
-4.80706
-4.5274
-4.24766
-3.96847
-3.68964
-3.41139
-3.13973
-2.88486
-2.64259
-2.40717
-2.17822
-1.95827
-1.74822
-1.54868
-1.36006
-1.18257
-1.01625
-0.861075
-0.716852
-0.583525
-0.460673
-0.349178
-0.247228
-0.162435
-0.0808826
-0.0543064
0.0405673
-9.51709
-9.53682
-9.55337
-9.56703
-9.57946
-9.59084
-9.60013
-9.60698
-9.61252
-9.61654
-9.61927
-9.6204
-9.62014
-9.61888
-9.6173
-9.61609
-9.6158
-9.61675
-9.61898
-9.62235
-9.6267
-9.63368
-9.64653
-9.66811
-9.70204
-9.7495
-9.80832
-9.87382
-9.94075
-10.0049
-10.0635
-10.1156
-10.1607
-10.1988
-10.2299
-10.2539
-10.2705
-10.2796
-10.2807
-10.2738
-10.2587
-10.2355
-10.204
-10.1641
-10.1158
-10.0595
-9.99563
-9.92395
-9.84415
-9.75596
-9.65925
-9.55389
-9.43963
-9.31626
-9.18357
-9.04135
-8.88947
-8.72781
-8.55632
-8.37501
-8.18394
-7.98322
-7.773
-7.55357
-7.32532
-7.08874
-6.84442
-6.59308
-6.33549
-6.07248
-5.80486
-5.53325
-5.25821
-4.98088
-4.70246
-4.42386
-4.14569
-3.86813
-3.59218
-3.32174
-3.06525
-2.81879
-2.5797
-2.34808
-2.12548
-1.9126
-1.71006
-1.51828
-1.33748
-1.16772
-1.00895
-0.861012
-0.723788
-0.596846
-0.480762
-0.37363
-0.281293
-0.189811
-0.13916
-0.0184194
-9.51049
-9.53348
-9.55464
-9.56984
-9.58385
-9.59609
-9.60689
-9.61517
-9.62171
-9.62667
-9.62999
-9.63152
-9.63151
-9.63044
-9.62896
-9.62771
-9.62717
-9.62763
-9.6293
-9.63287
-9.64001
-9.65375
-9.67742
-9.71303
-9.76014
-9.81622
-9.87769
-9.94129
-10.0049
-10.0671
-10.1267
-10.1823
-10.232
-10.2746
-10.3092
-10.3353
-10.3531
-10.3625
-10.3637
-10.3569
-10.3421
-10.3193
-10.2885
-10.2499
-10.2035
-10.1494
-10.0875
-10.0178
-9.94051
-9.8552
-9.76159
-9.65933
-9.54812
-9.42771
-9.29787
-9.15841
-9.00916
-8.85001
-8.68091
-8.50185
-8.31291
-8.11417
-7.90573
-7.6879
-7.46108
-7.22574
-6.98249
-6.73205
-6.47526
-6.21294
-5.94589
-5.67479
-5.40013
-5.12294
-4.84434
-4.56512
-4.28589
-4.00722
-3.73067
-3.46047
-3.2026
-2.95445
-2.71375
-2.48047
-2.25595
-2.04101
-1.83629
-1.64219
-1.45896
-1.28664
-1.12517
-0.974386
-0.834077
-0.703803
-0.58366
-0.471874
-0.371691
-0.27114
-0.195643
-0.0576927
-9.49956
-9.52741
-9.55368
-9.5706
-9.58635
-9.59937
-9.61109
-9.6205
-9.62805
-9.63349
-9.63716
-9.63916
-9.63967
-9.63893
-9.63733
-9.63528
-9.63328
-9.63202
-9.63271
-9.63735
-9.64886
-9.6703
-9.70342
-9.74768
-9.80055
-9.85876
-9.91953
-9.98114
-10.0426
-10.1028
-10.1603
-10.2137
-10.2616
-10.3031
-10.3377
-10.3652
-10.3856
-10.3987
-10.4046
-10.4029
-10.3936
-10.3764
-10.3513
-10.3182
-10.277
-10.228
-10.1709
-10.1056
-10.0321
-9.95021
-9.85975
-9.76037
-9.65185
-9.53397
-9.40651
-9.26929
-9.12215
-8.96497
-8.7977
-8.62033
-8.43295
-8.23567
-8.02853
-7.81182
-7.58597
-7.35147
-7.10892
-6.85902
-6.60256
-6.34034
-6.07306
-5.80138
-5.52598
-5.24794
-4.96834
-4.68802
-4.40782
-4.12861
-3.85225
-3.58192
-3.32196
-3.07097
-2.82761
-2.59212
-2.36553
-2.14854
-1.94169
-1.74539
-1.55985
-1.38513
-1.22113
-1.06769
-0.924462
-0.791048
-0.66695
-0.550787
-0.442801
-0.334644
-0.235914
-0.0899559
-9.4896
-9.52229
-9.55361
-9.57236
-9.58995
-9.60396
-9.61695
-9.62745
-9.63624
-9.64274
-9.64697
-9.649
-9.64906
-9.64733
-9.64413
-9.63998
-9.63569
-9.63269
-9.63319
-9.6402
-9.65687
-9.68539
-9.72583
-9.77603
-9.83271
-9.89292
-9.95485
-10.0178
-10.0812
-10.144
-10.2048
-10.2616
-10.3128
-10.3574
-10.395
-10.4253
-10.4483
-10.4639
-10.4721
-10.4728
-10.4656
-10.4507
-10.4278
-10.397
-10.358
-10.3109
-10.2557
-10.1924
-10.1209
-10.0411
-9.9526
-9.85507
-9.74824
-9.63191
-9.50585
-9.36987
-9.22382
-9.06756
-8.90104
-8.72426
-8.53728
-8.34021
-8.13317
-7.9164
-7.69034
-7.45546
-7.21236
-6.96176
-6.70443
-6.44117
-6.17273
-5.89982
-5.62317
-5.34377
-5.06266
-4.78076
-4.49899
-4.21848
-3.94115
-3.66988
-3.40807
-3.1551
-2.91007
-2.67311
-2.44505
-2.22655
-2.01814
-1.82022
-1.63298
-1.45648
-1.29058
-1.13512
-0.989616
-0.853709
-0.726291
-0.606514
-0.491624
-0.377737
-0.259082
-0.112549
-9.48326
-9.52097
-9.55603
-9.57631
-9.59555
-9.61076
-9.62509
-9.637
-9.6471
-9.65476
-9.65988
-9.66218
-9.66185
-9.65896
-9.65385
-9.64733
-9.64085
-9.63661
-9.63764
-9.64732
-9.66851
-9.7024
-9.74782
-9.80184
-9.86108
-9.92298
-9.98624
-10.0505
-10.1152
-10.1794
-10.2411
-10.2988
-10.351
-10.3968
-10.4359
-10.4682
-10.4937
-10.5123
-10.5237
-10.5278
-10.5241
-10.5125
-10.4929
-10.465
-10.4289
-10.3845
-10.3317
-10.2706
-10.2009
-10.1226
-10.0354
-9.93896
-9.83306
-9.71746
-9.59195
-9.45635
-9.3105
-9.15429
-8.98764
-8.81058
-8.62315
-8.42546
-8.21768
-8.00005
-7.773
-7.53703
-7.29273
-7.04081
-6.78205
-6.51722
-6.24708
-5.97237
-5.69391
-5.41268
-5.12976
-4.84614
-4.56287
-4.28126
-4.00322
-3.73122
-3.46791
-3.21319
-2.96653
-2.72819
-2.49888
-2.2792
-2.06964
-1.87055
-1.6821
-1.50433
-1.33706
-1.1801
-1.03286
-0.895019
-0.764885
-0.642247
-0.521557
-0.403816
-0.268985
-0.127691
-9.48188
-9.52457
-9.56193
-9.58404
-9.60509
-9.622
-9.63805
-9.65163
-9.66327
-9.67219
-9.67826
-9.68097
-9.68028
-9.67637
-9.66959
-9.66141
-9.65363
-9.64907
-9.65117
-9.66334
-9.68797
-9.72555
-9.77426
-9.83096
-9.89247
-9.95649
-10.0218
-10.088
-10.1548
-10.2209
-10.2848
-10.3448
-10.3994
-10.4478
-10.4896
-10.5245
-10.5524
-10.5732
-10.5866
-10.5924
-10.5904
-10.58
-10.5614
-10.5343
-10.4988
-10.4549
-10.4026
-10.3419
-10.2725
-10.1944
-10.1072
-10.0107
-9.90447
-9.78844
-9.66234
-9.52599
-9.37923
-9.22196
-9.0541
-8.87568
-8.68676
-8.48745
-8.27793
-8.05849
-7.82954
-7.5916
-7.34528
-7.0913
-6.83043
-6.56346
-6.29119
-6.01442
-5.73399
-5.45092
-5.16625
-4.88104
-4.59645
-4.31385
-4.03511
-3.76244
-3.49808
-3.24226
-2.99474
-2.75578
-2.52597
-2.30585
-2.09586
-1.89632
-1.70737
-1.52901
-1.36106
-1.2033
-1.055
-0.915926
-0.783852
-0.659257
-0.534125
-0.414355
-0.267399
-0.135536
-9.48499
-9.53148
-9.57068
-9.59511
-9.61864
-9.63831
-9.65737
-9.67406
-9.68876
-9.70049
-9.70898
-9.71357
-9.71386
-9.71011
-9.70294
-9.69386
-9.68549
-9.68105
-9.6842
-9.69818
-9.72494
-9.76461
-9.81515
-9.8734
-9.9364
-10.002
-10.0689
-10.1365
-10.2045
-10.2715
-10.3361
-10.3967
-10.452
-10.5011
-10.5436
-10.5792
-10.6078
-10.6292
-10.6433
-10.6496
-10.6479
-10.638
-10.6199
-10.5933
-10.5582
-10.5145
-10.4623
-10.4013
-10.3315
-10.2526
-10.1645
-10.0668
-9.95936
-9.84188
-9.71419
-9.5761
-9.42747
-9.26819
-9.09824
-8.9176
-8.72637
-8.52468
-8.31274
-8.09086
-7.85946
-7.61909
-7.37039
-7.11406
-6.8509
-6.58173
-6.30734
-6.02859
-5.74635
-5.46165
-5.17557
-4.88922
-4.60381
-4.32077
-4.0419
-3.7692
-3.50456
-3.24842
-3.00074
-2.76178
-2.53209
-2.31215
-2.10236
-1.90299
-1.71415
-1.53583
-1.36778
-1.20979
-1.06102
-0.921299
-0.787963
-0.662192
-0.533872
-0.413572
-0.258139
-0.138087
-9.49166
-9.54286
-9.58348
-9.61045
-9.63631
-9.65902
-9.68152
-9.70204
-9.7208
-9.73666
-9.74923
-9.75762
-9.76122
-9.75936
-9.75272
-9.74497
-9.73795
-9.73495
-9.73974
-9.75534
-9.78339
-9.824
-9.87528
-9.93421
-9.99792
-10.0643
-10.132
-10.2002
-10.2684
-10.3352
-10.3995
-10.4598
-10.5149
-10.564
-10.6064
-10.6419
-10.6703
-10.6913
-10.7045
-10.7098
-10.7069
-10.6956
-10.6759
-10.6476
-10.6107
-10.5652
-10.5111
-10.4481
-10.3762
-10.2952
-10.2048
-10.1048
-9.99491
-9.87492
-9.74462
-9.60385
-9.45245
-9.29035
-9.11752
-8.93397
-8.73981
-8.53521
-8.3204
-8.09571
-7.86161
-7.61865
-7.36748
-7.10884
-6.84352
-6.57236
-6.29618
-6.01588
-5.73235
-5.44664
-5.15984
-4.87308
-4.58762
-4.30487
-4.02657
-3.75452
-3.4904
-3.23478
-2.98774
-2.74959
-2.52078
-2.30175
-2.09284
-1.89429
-1.70617
-1.52845
-1.36084
-1.20314
-1.05441
-0.91457
-0.780579
-0.654316
-0.523942
-0.404289
-0.24356
-0.136358
-9.49519
-9.55042
-9.59571
-9.62835
-9.65926
-9.68781
-9.71678
-9.74424
-9.77005
-9.79301
-9.81273
-9.82825
-9.83841
-9.84272
-9.84011
-9.83372
-9.82775
-9.82595
-9.83182
-9.84837
-9.87696
-9.91728
-9.96758
-10.0252
-10.0876
-10.1526
-10.2189
-10.2856
-10.3517
-10.4163
-10.478
-10.5355
-10.5876
-10.6337
-10.6731
-10.7055
-10.7305
-10.748
-10.7578
-10.7598
-10.7538
-10.7396
-10.7171
-10.6861
-10.6466
-10.5984
-10.5415
-10.4758
-10.401
-10.317
-10.2236
-10.1205
-10.0074
-9.88417
-9.75061
-9.60654
-9.45186
-9.28648
-9.11041
-8.92369
-8.72645
-8.51887
-8.30123
-8.07388
-7.8373
-7.59206
-7.33884
-7.07837
-6.81146
-6.53896
-6.26173
-5.98064
-5.69666
-5.4108
-5.12418
-4.83794
-4.55333
-4.27177
-3.99487
-3.72432
-3.46161
-3.20735
-2.96174
-2.72507
-2.49776
-2.2802
-2.07269
-1.87543
-1.68847
-1.51176
-1.34498
-1.18793
-1.03959
-0.9
-0.765803
-0.639545
-0.508011
-0.389801
-0.226302
-0.131836
-9.49726
-9.56881
-9.61848
-9.65571
-9.69183
-9.72718
-9.76377
-9.79932
-9.83326
-9.86423
-9.89194
-9.9155
-9.934
-9.94599
-9.95011
-9.94665
-9.94393
-9.94426
-9.95172
-9.96917
-9.9977
-10.0369
-10.085
-10.1397
-10.1988
-10.2602
-10.3227
-10.3851
-10.4466
-10.5061
-10.5627
-10.615
-10.662
-10.7028
-10.7369
-10.764
-10.7839
-10.7965
-10.8016
-10.799
-10.7886
-10.77
-10.7432
-10.7081
-10.6644
-10.6122
-10.5513
-10.4816
-10.403
-10.3151
-10.2179
-10.111
-9.99418
-9.86731
-9.73017
-9.58262
-9.42455
-9.25592
-9.07673
-8.88706
-8.68705
-8.4769
-8.2569
-8.02744
-7.78901
-7.54218
-7.28765
-7.02616
-6.75853
-6.4856
-6.20824
-5.92737
-5.64393
-5.35894
-5.07351
-4.78877
-4.50597
-4.22647
-3.9518
-3.68351
-3.42294
-3.17075
-2.92719
-2.69256
-2.46726
-2.25161
-2.04589
-1.85027
-1.66476
-1.48932
-1.32362
-1.16744
-1.01974
-0.880622
-0.74653
-0.620613
-0.488598
-0.372302
-0.207974
-0.125413
-9.47754
-9.56806
-9.64413
-9.70154
-9.75326
-9.80329
-9.85351
-9.90137
-9.94597
-9.98596
-10.0214
-10.0519
-10.0768
-10.0946
-10.105
-10.1056
-10.1029
-10.1019
-10.1074
-10.1221
-10.147
-10.1815
-10.224
-10.2723
-10.3245
-10.3789
-10.4341
-10.489
-10.5427
-10.5943
-10.6426
-10.6867
-10.7255
-10.7585
-10.7851
-10.805
-10.8182
-10.8243
-10.8233
-10.8149
-10.7989
-10.7751
-10.7433
-10.7033
-10.6551
-10.5985
-10.5334
-10.4596
-10.3769
-10.2852
-10.1841
-10.0736
-9.95328
-9.82303
-9.68267
-9.53207
-9.37114
-9.19985
-9.01821
-8.8263
-8.62429
-8.41239
-8.1909
-7.96024
-7.72089
-7.47347
-7.21864
-6.95717
-6.68987
-6.41758
-6.14119
-5.8616
-5.57974
-5.29664
-5.01337
-4.73105
-4.45089
-4.1742
-3.90244
-3.63702
-3.37918
-3.12958
-2.88853
-2.65633
-2.43333
-2.21985
-2.01612
-1.8223
-1.63839
-1.46434
-1.29981
-1.14459
-0.997616
-0.85909
-0.725285
-0.599893
-0.467869
-0.353683
-0.189929
-0.117978
-9.48476
-9.64772
-9.74438
-9.8046
-9.87067
-9.93405
-9.99219
-10.0456
-10.0938
-10.1359
-10.1714
-10.2013
-10.2259
-10.244
-10.2549
-10.259
-10.2547
-10.2507
-10.2522
-10.2622
-10.2813
-10.3091
-10.3441
-10.3843
-10.428
-10.4736
-10.5199
-10.5659
-10.6107
-10.6534
-10.6929
-10.7284
-10.7591
-10.7843
-10.8035
-10.8164
-10.8228
-10.8226
-10.8155
-10.8013
-10.7798
-10.7507
-10.7139
-10.6693
-10.6166
-10.5557
-10.4865
-10.4089
-10.3226
-10.2274
-10.1231
-10.0096
-9.88651
-9.75369
-9.61098
-9.45824
-9.29538
-9.12238
-8.93926
-8.74613
-8.54313
-8.33051
-8.1086
-7.8778
-7.63863
-7.39168
-7.13765
-6.87729
-6.61139
-6.3408
-6.06638
-5.78903
-5.50967
-5.2293
-4.94897
-4.66976
-4.39286
-4.11953
-3.85112
-3.58896
-3.33419
-3.08748
-2.84916
-2.61955
-2.39897
-2.18774
-1.98605
-1.79405
-1.61175
-1.43908
-1.27569
-1.12143
-0.975176
-0.837247
-0.703803
-0.578997
-0.447265
-0.335184
-0.172958
-0.110108
-9.44186
-9.67844
-9.91091
-9.99532
-10.0874
-10.1745
-10.2393
-10.2885
-10.3262
-10.3537
-10.3729
-10.386
-10.3927
-10.3938
-10.3898
-10.3833
-10.3705
-10.3572
-10.3494
-10.3507
-10.3615
-10.3811
-10.4079
-10.44
-10.4757
-10.5134
-10.5519
-10.59
-10.6271
-10.6622
-10.6944
-10.7228
-10.7467
-10.7653
-10.7782
-10.7851
-10.7858
-10.7802
-10.7679
-10.7489
-10.7229
-10.6897
-10.6491
-10.6009
-10.5449
-10.4811
-10.4092
-10.329
-10.2404
-10.1431
-10.037
-9.92167
-9.79702
-9.66282
-9.5189
-9.36515
-9.20148
-9.02789
-8.8444
-8.65114
-8.44827
-8.23606
-8.01483
-7.78501
-7.54711
-7.30172
-7.04953
-6.79127
-6.52773
-6.25974
-5.98815
-5.71382
-5.43768
-5.16068
-4.88385
-4.60826
-4.33502
-4.06537
-3.80057
-3.54187
-3.29035
-3.04665
-2.81115
-2.58416
-2.36602
-2.15699
-1.95729
-1.76706
-1.58628
-1.4149
-1.25259
-1.0992
-0.953619
-0.816239
-0.683173
-0.558937
-0.427697
-0.317558
-0.157543
-0.102195
)
;

boundaryField
{
    outlet
    {
        type            fixedValue;
        value           uniform 0;
    }
    inlet
    {
        type            zeroGradient;
    }
    lowerWall
    {
        type            zeroGradient;
    }
    upperWall
    {
        type            zeroGradient;
    }
    frontAndBack
    {
        type            empty;
    }
}


// ************************************************************************* //
