101	3.13909e-08
102	7.33789e-07
103	8.85217e-07
104	7.03095e-07
105	2.0314e-08
106	6.48629e-07
107	8.32478e-07
108	8.07086e-07
109	7.09946e-07
110	8.56207e-07
111	8.23463e-07
112	7.19017e-07
113	7.25978e-07
114	9.77455e-07
115	8.87757e-07
116	7.18229e-07
117	8.94737e-07
118	9.25825e-07
119	8.43806e-07
120	8.13528e-07
121	6.31927e-07
122	8.5768e-07
123	8.38523e-07
124	7.6064e-07
125	8.34188e-07
126	8.41129e-07
127	1.84714e-08
128	2.33077e-08
129	9.674e-07
130	8.50528e-07
131	2.3279e-08
132	8.81536e-07
133	5.93081e-07
134	8.54523e-07
135	9.01056e-07
136	7.20171e-07
137	7.68609e-07
138	8.61248e-07
139	7.23172e-07
140	9.40265e-07
141	2.3431e-08
142	7.53364e-07
143	8.35547e-07
144	7.77384e-07
145	6.80177e-07
146	7.10907e-07
147	6.89911e-07
148	7.78647e-07
149	2.05059e-08
150	9.5144e-07
151	2.15489e-08
152	8.94605e-07
153	9.33374e-07
154	8.51119e-07
155	7.84845e-07
156	7.94186e-07
157	9.09593e-07
158	6.73364e-07
159	8.30428e-07
160	8.2006e-07
161	7.72921e-07
162	6.29649e-07
163	8.42586e-07
164	7.22427e-07
165	6.64718e-07
166	7.48027e-07
167	2.02845e-07
168	2.0433e-07
169	8.70654e-07
170	5.80451e-08
