101	0.344518
102	0.351543
103	0.360576
104	0.350738
105	0.338389
106	0.348568
107	0.348929
108	0.35163
109	0.354606
110	0.346184
111	0.35528
112	0.349615
113	0.359683
114	0.353749
115	0.356808
116	0.365161
117	0.371132
118	0.370481
119	0.353171
120	0.341292
121	0.348657
122	0.342205
123	0.356635
124	0.355715
125	0.369429
126	0.371038
127	0.374655
128	0.367817
129	0.36683
130	0.35543
131	0.337686
132	0.322524
133	0.318023
134	0.302114
135	0.309664
136	0.304762
137	0.32719
138	0.33349
139	0.34865
140	0.351285
141	0.354333
142	0.339636
143	0.345196
144	0.336231
145	0.352297
146	0.345154
147	0.355405
148	0.369473
149	0.365396
150	0.373287
151	0.361724
152	0.371508
153	0.371348
154	0.365703
155	0.363512
156	0.359128
157	0.368961
158	0.370116
159	0.377252
160	0.368965
161	0.364045
162	0.360974
163	0.367852
164	0.362015
165	0.378361
166	0.382771
167	0.454044
168	0.838896
169	0.353275
170	0.800673
